0 0 0 0 0 0 0 0 0 0 0 0 0 -1.5732 -1.23006 0.972843 0.577034 0.715461 0.799164 -0.0812605 0.951342 -0.312967 0.443737 -0.101196 0.484566 0.264217 -0.696371 -1.1738 0.659098 0.447989 0.959513 0.458255 -0.574564 1.13522 0.935402 1.63759 1.5139 0.23833 1.04751 
-1.5732 -1.23006 0.972843 0.577034 0.715461 0.799164 -0.0812605 0.951342 -0.312967 0.443737 -0.101196 0.484566 0.264217 -0.696371 -1.1738 0.659098 0.447989 0.959513 0.458255 -0.574564 1.13522 0.935402 1.63759 1.5139 0.23833 1.04751 2.36232 1.25723 -1.80752 -1.86056 -0.957425 -2.19657 -1.03149 -0.556192 1.84851 1.34597 2.43765 -0.495175 0.922087 
-0.696371 -1.1738 0.659098 0.447989 0.959513 0.458255 -0.574564 1.13522 0.935402 1.63759 1.5139 0.23833 1.04751 0.78912 0.0271701 -0.83468 -1.28353 -0.241964 -1.39741 -1.11275 0.39515 1.53554 1.78971 2.33646 -0.0106084 1.1863 0.656973 1.25765 -0.662523 -0.258597 -1.17966 -0.716144 0.610877 -1.38203 0.436138 -1.55858 -2.41681 1.0884 -1.06873 
-0.784082 -1.20289 0.138164 -0.706494 0.473497 -0.598242 -1.19401 1.34649 1.22258 2.23345 2.23526 0.473958 1.45052 -0.0393979 0.0838458 -0.00342578 0.189392 -0.220146 -0.257889 0.0363127 -0.24681 1.37154 0.07901 -0.902907 1.32673 -0.021224 -0.802969 -0.346654 1.00251 2.5497 0.435954 1.4956 1.97347 -1.1954 -1.49166 -2.55126 -2.50901 1.17072 -1.31154 
-0.735769 -1.08995 0.655672 0.637381 0.739366 0.200366 -0.538252 0.888406 2.30694 1.7166 0.610996 1.56506 1.02629 -0.0138484 -0.319484 0.167829 1.26617 0.193991 0.0981934 0.860718 -0.800254 0.043879 -0.761551 -0.172557 1.16012 -0.125241 -0.0347006 -0.180382 -0.492943 -0.744214 0.284118 -0.687388 0.0708632 0.00856362 -3.77208 -0.926048 1.11446 -2.68905 -0.339022 
-0.79793 -1.52237 0.305993 0.559677 0.667488 -0.500048 -0.333295 0.546237 1.26645 1.4719 2.0627 1.63407 1.32528 -0.0740984 -0.0965366 -0.496369 -0.554822 0.0639711 -0.945277 0.107176 -0.238246 -2.40054 -0.847038 0.21155 -1.36233 -0.360246 0.0396026 0.754146 -0.443769 -1.44403 0.15257 0.977045 -0.783781 1.75618 -1.21852 0.203132 -1.18635 -2.55846 -0.770315 
-0.809867 -1.18649 0.159303 0.0825589 0.803338 -0.74491 -0.431076 0.65016 -0.0935958 0.869566 0.822546 0.202726 0.66604 0.0257542 0.434662 -0.27594 -0.177861 0.34656 1.07524 0.0769373 0.95593 -1.17465 -0.558419 -1.3589 -1.39834 -0.895556 0.0967916 0.100979 0.191828 -0.164192 -0.347554 1.98045 0.937261 1.26981 3.72028 1.34148 1.60087 1.72808 0.434498 
-0.772176 -1.08771 0.0300526 0.381816 1.01405 0.575191 -0.256357 1.50217 0.0918089 0.913478 0.7038 0.235729 0.429725 0.0226932 0.00444266 -0.304541 -0.719014 -0.283583 1.03518 1.04444 1.03156 1.31974 0.494444 1.81242 0.365753 0.0742517 -0.0136897 -0.560169 0.261677 -0.0626016 -0.644292 -1.51879 -0.0547513 -1.08644 2.0354 -0.0969508 1.05643 1.65173 0.905967 
-0.787174 -1.18205 -0.145238 -0.636455 0.519755 0.290268 0.613361 1.68172 1.22614 1.36401 2.63497 0.56848 0.740292 0.0120645 -0.125508 -0.0142634 -0.240463 -0.297731 -0.443547 0.0221861 -0.130507 0.860752 -0.65537 -0.30247 0.25339 0.0104113 -0.0284325 0.012591 0.715775 1.52708 0.246633 -1.36146 -1.71336 -1.03306 -0.912473 -0.637314 -3.06688 -0.478924 0.240579 
-0.760112 -1.21321 0.0157893 0.141353 0.716317 0.131643 -0.234171 1.37166 0.952561 0.258109 0.40133 0.489119 0.440136 -0.00573927 0.0170337 0.411234 0.808063 -0.0369499 -0.326278 -0.668924 -0.00149497 0.407267 -0.14287 -1.25445 -0.113171 0.314831 -0.0122607 0.243313 0.283421 -0.0364701 0.109071 -0.255944 -0.20715 -0.497691 -0.804692 1.23378 0.806375 0.299555 0.385293 
-0.792913 -1.16501 0.265996 0.171608 0.482805 -0.0360105 -0.0555631 1.68023 1.63341 1.22114 1.38051 0.455309 1.05512 -0.000196145 0.117805 0.269158 -0.276933 -0.18866 -0.699491 -0.184964 -0.628198 0.0560605 0.578414 0.503904 0.552944 0.395704 0.0154576 0.0703211 -0.544068 -1.3292 -0.0669249 -0.127815 0.714696 -0.362607 -0.118066 1.0466 1.48289 1.6364 0.126448 
-0.760308 -1.09541 0.284947 -0.135579 0.527657 -0.567848 -0.419135 0.743463 1.00862 0.836523 0.905234 1.04206 0.83584 0.00971833 0.0873548 -0.132834 -0.521137 -0.103875 -0.454093 0.0457725 -0.364102 0.289201 0.90373 0.228435 1.52323 0.441279 -0.00259119 -0.207428 -0.508815 -0.496554 0.125588 0.511094 -0.116504 1.06369 0.685342 0.0449391 0.34553 0.174243 0.480671 
-0.783195 -1.07766 0.133162 -0.349529 0.37893 -0.490104 -0.0097906 1.31612 1.92261 2.12487 1.60895 1.97854 1.4964 -0.00278733 -0.089623 -0.239657 -0.773487 -0.0630719 -0.188397 -0.301468 0.435489 0.741403 0.623353 0.849434 0.727187 0.876375 0.0376273 -0.0788901 0.337596 1.50868 0.531501 1.06887 -0.378793 -0.247547 -2.80291 -3.20215 -1.9009 -2.62453 -1.88457 
-0.763095 -1.18503 0.0452908 -0.909066 0.464585 -0.756245 -0.720603 1.17895 1.75002 1.45988 1.75467 1.76925 1.71221 0.0473456 0.00846465 0.204761 0.987546 0.427626 0.614775 -0.33302 -0.611649 -2.5137 -2.29842 -1.67246 -1.1013 -1.44329 0.154349 0.546538 0.775891 2.58797 0.782603 0.772379 0.301989 -0.915739 -3.34596 -1.71208 -1.89327 -2.72535 -2.28809 
-0.735849 -1.0692 0.337923 0.638017 0.806556 0.124671 -0.342811 0.704474 -0.591092 -0.173555 -0.0635131 0.877245 0.0531151 0.151562 0.456915 0.536234 1.81448 0.719531 0.583982 0.000520756 -0.48025 -2.60456 -1.08873 -1.04383 -1.99816 -1.41171 -0.0118244 0.234879 0.0198321 -0.448859 -0.0979388 -0.344237 0.128108 0.325915 2.99677 3.19769 2.53391 -0.0138332 2.14433 
-0.611533 -0.728118 0.581525 0.905414 1.18412 -0.172263 -0.720082 0.698701 -0.854531 0.371146 0.710836 -0.228915 0.3005 0.0355212 0.243343 0.224593 0.538686 0.329687 0.270538 -0.204912 -0.285734 0.483063 0.899265 0.861448 -1.11513 0.701039 -0.0860802 0.0186152 -0.10498 -1.70367 -1.64243 -1.36822 -0.254682 -0.324517 2.50418 0.455988 0.460398 2.3541 2.20728 
-0.700328 -0.825852 0.562517 1.1767 1.13624 0.395209 -0.547723 0.41874 -0.108029 0.725711 0.797935 -0.237883 0.754154 0.0654817 0.47553 0.431254 0.110808 -0.922898 -0.78424 -0.254162 -0.804768 -0.10038 -0.632742 -0.583435 0.355937 0.795563 0.180021 0.31722 0.297607 -0.670028 -1.28817 -1.85885 -0.674617 -0.425304 -1.76134 -1.36915 -0.810686 2.63775 -0.759493 
-0.546051 -0.252588 1.01278 1.01622 0.261218 -0.956503 -0.974244 -0.106067 -0.954911 -0.261596 0.127401 0.127022 1.09606 0.215543 0.560564 0.5222 -0.131341 -0.958483 -1.58831 -0.87953 -0.711039 -1.27827 -0.469885 0.0507619 1.52263 -0.0584539 -0.153251 -0.979168 -1.08985 -0.0806495 1.65441 1.90905 0.628071 0.874306 0.607048 1.20534 1.56496 0.894668 -0.539605 
-0.484785 -0.265289 1.08472 1.04536 0.177761 -1.1931 -1.42725 -0.292299 -1.3863 0.255825 0.848696 1.28474 0.695701 -0.0877694 -0.503638 -0.658592 0.0301588 0.73151 1.12481 0.373909 0.0695387 0.506668 0.572602 0.981527 1.2506 0.255958 -0.253077 -0.605042 -0.822908 -0.304898 1.26888 1.37589 1.25145 1.48342 2.67579 0.770163 -0.924706 -2.73621 0.584448 
-0.633821 -0.756226 0.354187 1.04638 0.992729 0.16831 -0.600334 -0.036528 -0.448243 0.311007 1.10893 1.37763 1.35202 -0.0375349 -0.0444783 -0.300708 -0.436239 0.310401 -0.212418 0.371924 0.772378 1.39752 0.300278 -0.873945 -1.21358 0.525994 0.799411 1.86527 1.6111 -0.688681 -2.2076 -2.5153 -1.82164 -0.829952 1.2138 -0.591741 -0.486066 -2.04466 -0.744373 
-0.52232 -0.309767 0.784009 0.609123 0.488162 -1.40552 -1.05533 0.480079 0.0112158 0.556103 -0.025248 0.0711585 1.22169 0.711641 1.36163 0.952509 -0.658522 -1.47609 -1.39048 -1.44773 -0.760413 1.72047 -0.0191387 0.495461 -0.794057 -0.488415 0.713892 1.25199 1.08579 0.625228 -1.03807 -0.510643 -1.25148 -1.62441 -1.77002 -0.680354 1.10637 -0.0173288 -1.41689 
0.0778205 0.605408 1.3067 0.387859 -0.483358 -1.22217 -2.04807 -0.796941 1.27223 0.291868 1.60439 0.583569 0.863606 0.676357 1.20752 0.78508 0.188989 -0.727665 -0.723061 -0.87956 -0.852036 -0.372507 -0.380076 0.232429 -1.23091 -0.890897 -0.372672 -0.695705 -0.737789 0.299591 1.23182 0.234202 1.30451 1.07883 -1.33426 -0.640382 -1.15 0.22825 0.530761 
0.154037 0.897749 1.56909 0.798111 -0.239503 -2.12858 -1.93489 -0.371957 -0.361291 0.176028 0.207181 -1.15975 0.330798 0.33897 0.665928 0.21472 -0.358931 -0.24427 -1.15628 -0.143226 0.318414 0.386215 -0.659521 -0.654544 -0.565807 0.0423459 -0.270881 -0.423055 -1.29559 -2.19261 0.330677 0.339506 1.39783 0.806835 0.324529 0.197459 -0.166679 2.23318 1.35064 
0.41679 1.27134 1.52142 0.0289275 -0.727628 -2.37845 -2.19129 -0.478528 1.65844 -0.367653 0.949845 0.0177621 0.905952 0.405476 0.784461 -0.510508 -2.00362 -0.396988 -0.383554 0.518266 -0.0452007 -0.0479779 -0.182617 0.0657506 1.00227 0.459745 -0.0443369 -0.195325 -0.947444 -1.86932 0.0164596 1.41373 1.33052 -0.30341 -2.14606 1.53222 -0.494465 0.533614 0.367413 
0.559513 1.68221 1.05858 -1.20551 -0.63649 -2.51213 -1.41662 -0.417158 -0.409269 -0.00658873 0.272932 -0.157488 0.790543 0.294633 0.470604 -0.732724 -2.22825 -0.22781 0.257444 1.18729 0.0150037 -1.75985 0.872701 -1.14901 -0.0321935 0.409758 -0.138446 -0.604519 -0.0586394 1.60449 -0.152089 0.356908 0.583276 0.677274 0.82858 0.966366 -0.972788 -0.739529 1.15399 
0.711423 1.74194 0.788692 -2.19933 -0.955438 -2.12101 -1.004 -0.463524 -0.101406 0.505048 -0.199164 -0.0144314 1.31571 0.26703 0.179943 -0.569147 -0.399128 -0.549077 -0.0266466 1.10154 0.632073 0.780602 0.78375 -0.907038 0.262738 1.61374 0.100676 -0.646186 0.065986 2.33883 -0.0526151 -0.148691 0.799978 0.104444 1.39165 -0.267296 0.792988 -0.323753 0.0894779 
0.826542 1.86215 0.489434 -1.60463 -1.18557 -2.53878 -0.315082 0.214915 0.371333 0.777161 -0.634106 0.10525 2.40428 0.395309 -0.175582 -0.666738 0.110575 -0.280425 0.108753 1.98727 0.119448 -0.368198 0.605405 -0.356021 -0.355946 0.499236 0.252214 -0.848343 -0.559136 1.32766 0.13053 0.113589 1.01247 -1.70147 -2.55792 -0.908155 0.594904 -0.490653 -3.56668 
1.10673 1.56636 0.121955 -2.08875 -1.23586 -2.01226 0.983269 -0.344076 -0.469604 1.11045 -0.555185 -0.370377 1.81495 0.519244 -0.668401 -1.12828 0.928531 -0.418546 0.0869428 2.11401 -1.06939 -1.77732 -0.124405 -0.312133 -0.227914 -1.95294 -0.134675 -0.0870103 -0.634097 1.67419 -0.022844 0.23524 -1.37428 -0.98626 -0.574728 -0.617721 0.239041 -0.361344 -1.97146 
1.34579 1.19375 -0.638849 -0.676102 -1.60411 -2.45184 1.79893 -0.854477 -1.40599 0.652756 -0.946239 -0.122664 0.451342 0.260634 -0.262592 -1.30083 1.78477 -0.303269 0.343994 0.612992 -0.866812 -0.942926 -0.0123156 -0.11698 -0.71729 -1.47223 -0.393944 0.600978 0.600925 -0.307215 0.449967 1.92982 -1.95052 0.703595 2.25266 0.588312 0.535451 0.948748 1.66842 
1.36737 1.30377 -1.17888 -0.303985 -1.53913 -1.66826 1.59626 -1.21089 -1.41253 1.09814 -0.672166 -1.08767 0.34272 0.1253 -0.0674229 -0.527358 0.621316 0.0314211 2.01676 0.163492 -0.365798 0.475337 0.463907 0.223318 0.720834 -0.284517 -0.0725687 -0.0772892 0.955576 -1.39412 0.244933 0.856582 -0.475061 0.464698 1.42388 -0.546272 0.150399 1.50464 1.02473 
1.47109 1.12633 -1.16621 -0.0547857 -1.57269 -0.43508 1.96242 -1.22028 -0.93065 1.11666 -0.722921 0.59817 0.166825 0.188065 -0.339882 -0.345259 0.390646 -0.058336 1.20058 0.13793 -0.402114 0.480958 -0.558588 0.0334187 0.787347 -0.447495 0.0108795 -0.23435 0.0547663 -0.176616 -0.249759 -1.64106 -0.410444 0.161718 -0.711518 -1.49602 0.229116 -0.929717 -0.604735 
1.55543 0.963884 -1.52414 0.0866615 -1.59747 -0.467688 1.73419 -1.613 -0.931571 0.53955 -0.638747 -0.30032 -0.104775 0.13618 -0.301773 -0.472592 0.4447 -0.218338 0.375695 -0.246953 -0.204079 -0.236181 -1.03212 0.452433 -0.208883 -0.889252 -0.0847875 0.133915 0.112481 0.292715 -0.231821 -0.0721322 -0.0399584 0.49064 -0.605548 0.0346397 0.468561 -0.180303 0.0101292 
1.60727 0.824557 -1.6388 0.389914 -1.79103 -0.0593845 1.71547 -1.42435 -1.16683 0.0845447 -0.270488 0.389286 -0.722428 0.103278 -0.205966 -0.232778 0.683361 -0.290157 1.12844 0.097972 0.0885263 -0.12459 -0.523948 0.501979 0.607045 -0.437366 0.0788832 -0.419996 0.774067 -1.18853 0.472856 -0.213403 0.410138 -0.322924 0.882359 0.617205 -1.11247 -0.0331396 1.30426 
1.65871 0.757917 -1.75692 0.770022 -1.88763 0.660755 1.83216 -1.52447 -1.05616 0.0156018 -0.136768 0.306725 -0.54214 0.215063 -0.721769 0.301476 -0.74383 0.254519 0.162292 0.163185 -0.527003 0.646178 -0.414913 -0.660038 -0.242023 0.415011 -0.00849934 -0.152942 0.131347 -1.01528 0.388319 -1.12825 -0.297066 -0.280977 1.22199 -0.234333 -1.12971 -0.925909 0.827458 
1.82233 0.102788 -1.33732 -0.353915 -1.53651 0.102907 1.87866 -1.95136 -0.520652 -0.330368 -0.930526 0.147263 -0.307416 0.0947783 -0.358909 -0.101432 -0.331918 0.0981613 0.000196866 -0.199094 -0.192451 1.0974 -0.758281 -0.627731 -0.318864 0.390093 -0.334806 1.26062 -0.934551 1.81462 -0.591569 0.644034 -0.515798 0.603451 -0.0508749 -0.0918058 0.756362 0.187337 -0.608323 
1.75349 0.399009 -1.85835 0.438105 -1.78947 0.660952 1.63307 -1.71693 0.0412377 -0.742679 -0.764499 -0.0121384 -0.152048 -0.119743 0.538855 -0.633075 1.07079 -0.33705 0.806325 -0.352613 0.0764478 0.595303 -0.506719 0.0963239 -0.0546857 -0.193311 -0.0850683 0.43545 0.204658 0.207297 0.186017 0.126383 0.233473 0.26784 -0.555609 0.788987 0.696025 1.11997 -0.224435 
1.70259 0.641643 -1.9704 0.716879 -1.87356 0.909232 1.52604 -1.87491 0.0746513 -0.837087 -0.834202 0.0925775 -0.500727 0.00970999 0.0765414 0.103227 -0.124621 0.284179 0.126579 0.0343787 0.0753891 0.54179 0.030706 0.0682942 0.801104 0.165657 0.213184 -0.856658 0.875457 -1.66652 0.967224 -1.38669 0.687361 0.289496 -0.63446 0.366009 -0.388487 1.08129 -0.0525151 
1.7632 0.47555 -1.75512 0.313484 -1.50529 0.787531 1.66745 -1.64154 0.583028 -0.711973 -0.696204 0.788965 0.0136092 0.0934415 -0.317803 0.242382 -0.595722 0.630174 -0.58036 0.334748 0.365944 -0.0391565 -0.140709 -0.292163 1.0266 -0.245826 -0.0641675 -0.0844233 -0.20416 -0.132472 -0.279243 -0.374426 -0.0993591 -0.0955816 -1.64484 -0.31038 -0.551581 -1.28435 -1.66842 
1.79603 0.32384 -1.72802 0.121157 -1.24339 0.328873 1.86079 -1.50897 0.0354948 -0.977797 -1.12637 1.11918 -0.746554 -0.0544575 -0.00788189 -0.100933 -0.257092 0.00493542 -0.247847 -0.0649804 -0.0201925 -1.10305 -0.279674 -0.483287 -0.483247 -1.50277 -0.194844 0.705936 -0.2218 0.876825 -1.13693 2.09412 -0.760262 -0.478173 -0.123095 0.779816 0.406472 -1.88769 0.60078 
1.70874 0.467668 -1.85606 0.0563916 -1.50035 0.539684 1.60247 -1.66173 -0.520018 -0.991648 -1.17949 0.305718 -1.48916 -0.101402 0.388133 0.0205813 0.281104 -0.506751 1.51376 -0.425514 -0.112229 -0.162252 0.639106 0.114309 -0.861093 0.354954 0.0118672 0.130001 0.102616 0.393093 -0.271059 1.12512 -0.232095 0.00599273 1.67249 0.312837 0.641692 0.693502 2.09053 
1.69462 0.711974 -1.70744 0.402261 -1.75014 1.84263 1.43528 -1.62119 -0.126757 -0.338691 -1.01206 0.258087 -0.3916 -0.0425903 0.122119 0.00168274 0.136001 -0.266124 0.877275 -0.297076 -0.0141997 0.569449 0.0331622 0.158405 0.210255 0.587761 0.0682552 -0.488448 -0.336249 -0.422477 0.645025 -2.42143 0.295925 0.15793 0.620059 -1.46507 -0.214327 1.71456 -0.369592 
1.66615 0.589787 -1.85437 0.192392 -1.76647 1.41696 1.30539 -1.67593 0.0494307 -0.958486 -1.02109 0.515973 -0.901396 -0.0331473 -0.100314 -0.315668 -0.141373 0.138274 -0.907676 -0.129589 0.0457005 0.457807 -0.825961 -0.100018 0.853467 -0.0146387 -0.0749481 -0.0440757 -0.15202 -0.484398 0.331205 -1.39198 0.0194605 -0.214273 -0.773216 -0.671765 -1.3481 -0.0168719 -0.831625 
1.66148 0.61166 -2.0231 0.260888 -1.61186 0.934954 1.30569 -1.57549 0.33105 -1.16465 -1.11207 1.11155 -0.406239 -0.117538 0.0780434 -0.150337 -0.348397 0.0650811 -0.514706 -0.277615 -0.228473 -0.203767 -0.638603 -1.18969 0.193383 -0.243864 -0.0294828 0.210297 0.778865 -0.255704 0.137423 1.05837 0.208595 0.289725 -0.561179 0.801542 0.560627 0.171212 -0.24848 
1.54861 0.667831 -2.00471 -0.156005 -1.70139 0.902254 1.02778 -1.9044 -0.154337 -1.59709 -2.21078 0.709356 -1.14526 -0.0626301 0.109982 0.463197 -0.397077 0.275698 0.150698 0.0790067 0.335425 -0.103372 -0.0244186 0.460609 1.02468 -0.263119 0.0466141 0.173539 0.711792 -0.299654 0.438058 0.332082 0.031542 0.908342 0.467733 0.929512 2.4316 1.35968 0.0689323 
1.59885 0.721642 -1.55991 -0.136189 -1.33617 1.08565 1.3847 -1.24007 0.227678 -1.18907 -0.651465 2.13623 -0.669358 -0.0709243 0.251583 0.561455 -0.648051 0.503139 -0.182624 -0.246073 0.679868 0.263966 0.290909 1.24191 1.55306 -0.174932 -0.235634 0.290838 -0.00532299 -1.70205 0.547783 -1.23063 -1.02325 0.0704818 -0.58113 -0.361941 -0.538313 -2.14172 -0.810777 
1.47769 0.919413 -1.44325 -0.804056 -1.19826 0.71963 0.781703 -1.22453 0.109629 -1.30618 -0.968869 2.26242 -1.32019 -0.298264 0.40082 0.457874 -2.09913 0.823481 -1.07993 -0.94424 0.405907 -0.684503 -0.386359 -0.0777041 -1.11704 -1.0739 -0.266755 0.428423 -0.00628914 -0.975062 0.70925 -0.314909 -0.634802 0.775882 -1.32305 -0.352935 0.256035 -3.24328 0.366022 
1.30058 1.12246 -1.10203 -2.23532 -0.512685 0.00572147 0.440456 -0.834162 -0.456825 -1.57543 -0.72917 1.01919 -1.74325 -0.337679 0.680006 0.555166 -1.62311 1.21239 -0.497533 -0.880875 1.45575 -1.05909 -0.0620262 1.49794 -1.69022 0.19109 0.0142164 0.152187 -0.160364 1.81043 -0.319734 0.884958 0.279821 0.639098 -0.325728 0.572679 1.33919 0.159504 0.836917 
1.14001 1.59942 -0.888088 -2.42717 0.0141336 0.222096 -0.0991717 0.231217 -0.949457 -1.36821 0.529074 0.572202 -1.1291 -0.284048 0.553008 0.29751 -0.288694 0.503747 -0.194973 -0.664419 1.04501 -1.01023 0.186319 1.26148 -0.95754 -0.236979 0.0641667 -0.619714 -0.214173 1.62754 -1.17534 0.469903 0.863979 -1.25162 0.508374 0.159857 -1.50762 1.15327 -0.534321 
1.01654 1.67547 -0.804523 -2.52401 -0.00893739 -0.189251 -0.223963 0.210843 -1.46706 -1.38911 0.532314 0.0616496 -1.98023 -0.273513 0.0602916 0.340993 0.00442188 0.037052 -0.0276304 -0.0168964 0.204128 -0.550712 0.0978309 -0.00967527 -0.536946 -0.343231 0.0612208 -0.478395 0.0414342 0.32416 -0.299554 1.12214 0.764257 -0.490335 0.897381 -0.363462 -2.13205 0.66271 1.26263 
0.866495 1.65971 -0.547095 -2.42275 0.0511856 0.194466 -0.116068 0.435344 -1.50017 -1.27038 0.519398 0.0352557 -1.47233 -0.222827 0.0746128 0.338944 0.0354661 0.204194 0.927163 0.0998374 0.554671 -0.112849 -0.177143 -0.870563 -0.29483 1.02565 0.147379 -0.0561431 -0.130716 0.341278 0.400421 1.21891 -0.100977 -0.55682 1.25065 -0.164671 -1.69134 -0.397547 0.751412 
0.793709 1.75008 -0.465578 -2.48854 0.195256 0.737912 -0.124126 0.765514 -1.5799 -1.56625 -0.338249 -0.23318 -0.954579 -0.126133 0.00414858 0.210277 0.3457 0.437473 1.19128 -0.117873 -0.352693 0.699934 -0.0668398 -1.70102 -0.934494 0.408181 -0.103893 -0.658225 0.179587 1.29899 0.0770629 -0.0523 -0.218219 -1.46446 1.61801 0.281287 1.11654 -1.19428 -1.51297 
0.740361 1.66386 -0.336818 -2.07705 0.488658 1.38575 -0.233941 0.0826515 -0.800235 -1.33722 -1.18162 -0.899238 -1.06415 -0.326719 -0.583612 0.518532 1.33446 0.281256 0.874863 -0.118381 -0.909788 1.50516 0.104144 0.24598 -1.48911 -0.487321 -0.523847 -1.15107 0.546354 1.35768 -0.444313 -1.26693 -0.0314606 0.114459 -1.68557 0.0871623 2.21145 1.31348 -0.47566 
0.46699 1.16647 0.0529533 -1.15408 0.476513 1.61278 -0.242507 -0.144275 -0.0747465 -1.46211 -0.0922688 -1.72229 -1.4419 -0.64998 -1.14692 0.75663 1.70338 -0.00684061 -0.075652 -0.149334 -0.238234 -0.985637 0.0203225 0.510434 0.378983 -0.0674782 -0.138215 -0.0843507 -0.106191 -0.18682 0.0377404 -1.07721 -0.275584 0.815334 -2.7827 -0.507617 -0.574247 2.14437 1.3244 
0.0903807 0.516939 0.419812 -0.373672 0.481818 1.3101 -0.383275 -0.155583 -1.78587 -1.31689 -0.671185 -0.520255 -1.13163 -0.464934 -0.667963 0.41234 1.14764 0.318997 -0.202342 -0.393965 -0.0944547 -1.27755 -0.403473 -0.328267 0.655258 0.83708 0.578831 1.18336 -0.378649 -1.58846 -0.0198867 -0.205575 0.255257 0.560155 1.60824 -0.280322 -0.296664 -0.00702719 -0.616889 
0.00205606 0.498508 0.465293 -0.0064455 0.795509 1.41043 -0.636472 -0.238729 -1.35229 -1.86558 -0.420535 -1.06703 -0.60482 -0.0711493 0.0364351 0.377982 0.114919 -0.0267273 -0.281227 0.105924 0.321921 0.622604 -0.259999 0.21377 0.371956 -0.684367 0.443183 0.712155 -0.158849 -1.23989 -0.594647 -0.0564327 0.408561 0.209722 1.95081 1.3611 1.00843 -0.158473 -1.99104 
0.0192314 0.553374 0.797794 -0.258753 0.45509 1.02887 -0.277351 0.166339 -1.16327 -1.57689 -0.457415 -0.148299 -1.816 -0.0217505 0.0441921 0.253492 -0.0922486 -0.27565 -0.258775 0.0145956 0.115267 0.673267 0.957623 0.680165 0.496785 -1.15396 -0.0839399 -0.195806 -0.305848 0.464085 0.2014 0.137463 0.102254 -0.3685 -1.09305 0.468318 -0.759695 -1.05494 1.34937 
-0.0196945 0.5427 0.718785 -0.0986941 0.519859 1.15166 -0.621877 -0.123462 -0.679026 -0.907958 0.25963 -0.570249 -1.75878 -0.155089 -0.159371 0.0721338 0.579004 0.174672 -0.143763 0.208178 -0.0465786 -0.47045 0.208318 -0.545926 -0.68298 0.665 -0.263764 -0.449904 0.12289 1.68508 0.628554 -1.09446 -0.208396 0.168526 -0.612085 -1.44741 -2.6687 -2.4598 1.48156 
-0.135858 0.394003 0.869927 0.320251 0.629763 0.885105 -0.0691727 0.11976 -1.63372 -1.36857 -1.00334 -0.831279 -1.151 -0.285515 -0.405712 0.376382 1.59283 0.352904 -1.35324 -0.1938 0.283793 0.0611822 -0.489783 -1.98853 -1.96302 0.327599 0.0510962 -0.0927933 0.126422 -0.0900154 0.0339804 -0.867384 -1.41176 -0.444132 -0.139915 0.631032 2.01653 0.304791 -0.311923 
-0.305209 0.136988 1.09517 1.49414 0.872763 -0.201581 -0.815677 0.160331 -0.617844 -1.39774 -1.7289 -2.53327 -1.43118 -0.103993 -0.252164 0.198556 0.488988 0.208653 -1.01115 -1.20358 -0.490711 -0.610365 0.83935 1.4706 -0.378189 0.353077 0.147735 0.163791 -0.51598 -2.07602 -0.159169 2.00449 0.44638 0.158152 0.875808 1.5652 3.48921 3.82468 0.285711 
-0.239851 0.141839 1.06848 0.80924 0.838416 -0.126042 -1.27275 -0.370951 -2.24408 -0.529224 0.467259 -1.20947 -0.797919 -0.13778 -0.241921 -0.139598 -0.483189 0.193735 0.651253 0.25258 0.441945 0.93699 1.07542 1.50067 1.86166 0.61331 -0.216592 -0.355735 -0.268583 0.204283 -0.164304 1.06592 1.76998 0.874646 2.4181 -0.651994 -3.63026 -0.726268 -0.0417979 
-0.44299 -0.104932 0.955569 1.01095 1.0665 0.449672 -0.563097 0.602275 0.319146 -0.32232 -0.22823 -0.67161 -0.81787 -0.320585 -0.607899 -0.0700269 0.693272 0.0443484 0.0547754 0.566405 0.383936 1.80773 0.187356 -2.15966 -1.10446 0.311279 -0.0906906 -0.250573 0.0929573 0.603663 -0.425328 -0.760229 -0.320336 -0.375986 -1.88963 -1.43689 -2.69089 -3.13205 -0.637709 
-0.560436 -0.46606 0.998456 1.50251 0.882764 -0.0712666 -0.706346 0.0129848 -0.436352 -0.341868 -1.6924 -2.31392 -0.48664 -0.228471 -0.492494 -0.0466411 0.120474 -0.231593 -0.108976 -0.0677568 0.0659584 -0.952641 -0.361464 -1.19022 -1.27039 -0.0243992 0.219066 0.444977 -0.161111 -1.0129 0.106165 0.743251 0.251359 0.134929 -1.16841 0.258066 2.19972 2.55366 -0.477124 
-0.67146 -0.597426 0.908928 1.13142 0.834905 0.340696 -0.630854 0.668234 -0.633495 -0.683784 -1.41845 -1.942 -0.842269 -0.101518 -0.162922 -0.231138 -0.319628 0.150514 0.798027 0.817764 0.518865 0.639325 0.445422 0.0400563 1.4492 -0.165844 0.0843197 0.228056 -0.147044 -0.545293 0.127961 0.424407 1.11313 0.0403259 0.816253 0.173389 0.655646 0.743073 -0.588974 
-0.661954 -0.628983 0.767318 1.18288 1.03328 0.72676 0.111418 0.53185 0.202973 0.103554 -1.65234 -0.864723 -0.652484 -0.144151 -0.264437 -0.193685 -0.42482 -0.103632 0.315432 1.04538 0.106284 -0.136388 -0.188075 -0.534572 -0.527318 -0.613373 -0.0520797 -0.100024 0.37002 0.854386 0.074781 -1.07486 -1.27822 -0.323079 -0.0208421 0.357507 1.64717 -1.90869 0.347584 
-0.815611 -0.861863 0.715243 0.706605 0.731273 0.656127 0.414522 0.774518 -0.769883 -0.871859 -1.95302 -2.46932 -1.45564 -0.153598 -0.262946 0.138882 0.534758 0.225295 -0.276829 -0.460455 0.195786 0.618483 0.80293 1.68723 -0.459488 0.18174 0.194346 0.26449 0.171532 0.993862 0.47366 -0.849914 -1.54127 0.400254 2.62667 1.84829 1.60303 2.26905 1.93065 
-0.815552 -0.891929 0.9062 1.71764 1.25857 0.449931 -0.349038 0.727636 0.821455 0.906484 0.0348864 -1.32421 -0.470745 0.0501952 5.24959e-005 -0.0221533 0.569042 0.370027 -0.534482 -0.495896 0.506538 2.49028 1.66022 1.06845 1.74173 1.31727 0.0602466 0.22526 -0.532178 -1.58318 -0.578965 0.430206 0.957089 0.228218 -0.542595 -0.813035 -1.5354 -0.415926 -0.541698 
-0.765416 -0.861811 0.69309 1.27565 1.1013 0.121645 -0.0813737 1.28106 1.7204 0.788361 -0.884565 -0.72759 -0.13837 -0.0933514 -0.0376861 -0.393297 -1.04842 -0.35367 0.153377 0.496633 0.424004 0.0758871 -0.0101057 0.151828 -0.875414 -0.359958 -0.140577 -0.285986 -0.169774 -1.09817 -0.610602 1.53665 0.369359 -0.868559 -2.44107 -1.83962 0.702244 -1.93639 -2.00148 
-0.908903 -0.929615 0.512903 0.66922 0.904903 0.603308 0.147596 1.15164 0.897343 0.896378 0.186715 -2.19963 -0.830703 -0.0903815 -0.285933 -0.191927 -0.529126 -0.240575 1.00217 -0.126537 -0.362021 0.049213 -0.179397 1.7707 -0.194663 -0.684212 0.38441 -0.0817409 0.381314 0.833016 -0.0525021 -0.126393 -0.782369 -0.229172 0.285675 -0.13863 -0.0125307 2.69601 2.36712 
-0.855797 -1.14774 0.501162 0.746521 0.860725 1.12381 -0.207911 0.919035 1.76961 0.608964 0.886133 -0.922253 -0.822582 0.291059 -0.119427 -0.0119828 -0.215405 -0.406172 0.0269835 -0.285736 0.194833 0.361563 -0.148735 0.139298 1.82059 2.00716 0.267236 0.523326 0.346155 0.359162 -0.0540857 -2.17225 -0.510766 0.124194 -1.37829 0.427383 -2.01031 1.12494 2.25623 
-0.617844 -1.04904 0.50092 0.453815 0.498731 0.630291 -0.13814 1.34647 1.25891 0.747643 0.326013 -0.379033 1.17646 0.176854 0.237392 0.154228 -0.169964 -0.294661 -1.17008 -0.637303 -0.237826 -1.32908 0.247986 -0.239614 0.930279 1.57202 -0.393593 0.0471292 0.190648 0.289884 0.438265 -0.222617 0.00702397 -0.762136 -0.926945 -0.0543349 0.89619 -1.24122 -2.45357 
-0.678943 -0.910351 0.65539 0.576557 0.566065 -0.0462702 -0.845213 0.681209 0.440533 0.856951 0.64652 0.00802567 0.749439 -0.102534 -0.0722978 0.178665 0.0744786 0.032093 -0.195634 -0.278712 -0.567303 -0.565383 -0.20307 1.03549 0.579373 -0.446407 -0.261514 -0.446186 -0.670909 -0.810251 0.192893 1.0505 0.741189 0.458544 1.04739 -1.29598 -0.53556 -1.31782 -1.81059 
-0.720378 -1.12134 0.679585 0.528294 0.530824 0.434658 -0.416851 0.779169 0.693522 0.544573 1.3615 0.200341 0.730051 -0.0846597 -0.208794 -0.516681 -0.980215 -0.101768 -0.119586 0.103886 0.220718 -0.281683 -1.04799 -0.775173 -0.387542 -0.238566 0.0279338 0.2136 -0.682986 -0.62437 -0.0516078 -0.569106 0.607946 0.518971 0.34132 0.440822 -2.30308 -1.09747 0.49221 
-0.763603 -1.11915 0.138709 -0.403658 0.464297 -0.165856 -0.741327 0.901927 0.15885 -0.191038 -0.128653 -0.379516 0.510873 -0.0746 0.141302 -0.504321 -0.549891 -0.0195149 -0.764739 0.329234 -0.0483328 -0.224063 0.237752 -1.2676 -0.518099 0.0458031 0.0376474 0.341451 0.465487 1.37916 0.409759 0.0901351 0.470359 -0.603706 1.47751 1.9511 1.29167 -0.237817 0.114416 
-0.794978 -0.980038 0.175264 -0.0215977 0.511309 -0.330082 -0.0876173 0.730837 0.469459 0.782324 0.0939058 -0.317759 0.775854 -0.0470123 0.132657 -0.0511935 0.398944 0.307992 -0.029451 0.574245 -0.382988 1.19582 0.903113 0.5165 -0.625359 -0.124149 0.0332864 -0.342306 0.450411 0.797177 0.529037 1.43831 -0.588814 -0.122124 0.440389 -0.46313 2.22292 0.60158 -0.911393 