-0.8565 -0.596932 0.729731 -0.419613 0.717737 0.440197 0.886365 0.589084 0.192758 0.452066 -0.256224 0.0625684 -0.418651 -0.0134665 -0.0333807 0.0635255 0.515864 -0.168762 0.441795 0.211629 0.264518 2.37845 1.68152 -0.151765 -0.709029 0.52749 0.047504 0.344702 -0.411269 0.0359122 -0.117356 -1.25795 0.0940297 0.493636 0.452962 -1.82911 -0.723779 0.959722 1.04171 
-0.857075 -0.59339 0.739504 -0.0968509 0.787252 1.04555 1.03249 0.711597 1.02226 0.896529 -0.0118387 0.15822 0.804842 0.0417774 0.169551 -0.212249 -0.180016 -0.0232503 -0.602083 0.106788 0.397517 -0.0700574 -0.654059 -0.679094 0.406089 0.96653 -0.0262032 0.104039 -0.258774 -1.04746 0.118798 -2.23157 0.0598333 0.147798 -3.72825 -3.28007 -0.50208 1.06968 -1.52452 
-0.814723 -0.42738 0.517482 -0.599629 0.694486 -0.161886 0.993153 0.986601 0.1227 -0.201993 -0.935318 0.468657 0.54788 -0.0396697 0.0706585 -0.195249 -0.531594 -0.049964 -1.78977 0.271462 0.412316 -1.3498 -1.59855 -0.653845 0.360655 -0.997027 -0.200249 -0.66519 0.0544675 -0.305532 -0.1266 0.407841 -0.64636 -0.771818 0.350412 0.016058 1.50042 -0.105031 -1.84945 
-0.896745 -0.522731 0.544255 -0.628445 0.737288 -0.744222 1.30395 1.12391 -0.327539 -0.70202 -0.665684 0.518874 -0.192185 -0.158471 -0.495638 -0.157781 -0.485548 -0.14985 -0.194242 -0.539572 -0.374301 0.280354 -0.638001 0.821328 0.301057 -0.88292 -0.0177502 -0.346517 0.027815 0.52606 0.0300431 3.16482 -0.555565 -0.914052 2.40444 2.0773 1.58491 0.222325 1.38583 
-0.973194 -0.923019 0.359701 -1.08518 0.544636 -0.356128 0.453581 0.6123 0.403055 -0.839994 -0.11399 0.769714 -0.33504 -0.0574199 -0.275858 -0.167434 -0.00553459 -0.0199209 1.37505 -0.284103 -0.501736 1.05464 0.478754 0.931065 0.58298 0.388804 0.306828 0.820281 0.20661 1.15891 0.477329 1.76783 1.2235 0.862206 0.184812 1.051 -1.71038 -0.863237 -0.100627 
-0.954165 -0.798589 0.376821 -0.63398 0.717368 0.630827 1.01985 0.622177 0.7271 -0.223266 0.265381 1.10185 0.196619 0.148357 0.324642 0.0488292 0.673357 0.327479 1.57359 0.683928 0.487906 0.465166 0.413001 -0.88905 -0.56218 -0.983547 0.135615 0.37414 0.341463 0.135341 0.17509 -0.757741 0.582049 0.392218 -2.52618 -1.08107 -1.36157 -1.80313 -0.810779 
-0.824837 -0.598376 0.40853 -0.411821 0.872115 1.21746 1.13751 1.10021 0.868221 -0.426993 -1.00304 0.207534 -1.31859 0.0781948 0.0982819 0.174029 0.129807 0.155169 0.617308 0.297946 -0.109518 -1.47154 -0.602314 -0.430501 -1.22015 -0.421975 -0.186592 -0.209631 0.143547 -0.715097 -0.413696 -1.46775 -0.265891 -0.799763 -2.52605 -1.14175 1.42201 0.890221 2.91402 
-0.87597 -0.700307 0.55085 -0.504173 0.872537 1.24814 1.31779 0.51266 -0.744441 -0.82558 -0.165119 -0.118299 -0.225356 -0.0382346 0.115012 0.192376 -0.0417398 -0.0862172 0.10584 0.418037 -0.311857 -2.06089 -0.728744 0.532959 0.328041 1.93048 -0.0178381 0.162729 -0.348054 0.0604018 -0.0924748 -0.378162 -0.421562 0.659368 2.79391 0.774414 0.611191 1.50521 0.526813 
-0.863072 -0.483364 0.600906 -0.45356 0.785898 1.3233 1.55555 0.788349 -1.19267 -1.15574 -0.470081 0.535576 0.61189 0.0603567 0.26101 -0.174025 0.190209 0.0626942 0.239146 -0.123615 0.549851 1.32237 0.172099 0.180691 0.285055 0.104838 0.108697 0.058238 -0.279749 -0.176604 -0.0634086 -1.68228 -1.59158 0.349885 3.26936 1.16005 -0.151633 0.0683945 -2.13992 
-0.815613 -0.439297 0.376825 -0.313965 0.935231 1.48728 1.19418 1.06251 0.577928 -0.653481 0.0155712 0.166756 -0.120518 0.0704622 0.17325 -0.0873734 -0.218344 -0.149626 -1.57644 -1.17354 0.0380276 1.20848 0.431309 0.381326 0.396436 -0.209445 -0.143248 -0.286998 0.262985 -0.333005 -0.202017 -1.96317 -0.378664 -0.839975 -1.09861 0.701692 -1.1869 -0.0943856 0.0690308 
-0.79261 -0.310115 0.513533 -0.671904 0.636272 -0.253138 0.382005 0.826376 0.0158123 -0.724429 -0.0887548 0.932011 0.402444 -0.0828918 -0.0259873 0.0889595 -0.142797 -0.139323 -1.72402 -0.502279 -0.290124 0.223761 0.873792 -1.00621 0.190669 0.173869 -0.151547 -0.39761 0.0996299 0.279507 0.341392 2.64021 1.7525 0.246954 -0.980388 -1.08022 -1.53419 -0.668308 -0.388623 
-0.898505 -0.465284 0.465784 -0.456761 0.795908 -0.236738 0.691899 0.772386 0.801689 0.220311 -0.990635 0.357426 0.0533508 -0.0810848 -0.22436 0.0122565 0.0611627 0.191766 1.06377 0.578961 0.284982 0.228089 -0.648908 -1.15286 -0.271872 -0.598068 0.102552 0.128027 -0.0233334 -0.0535063 0.311517 3.79132 0.743507 0.194862 0.116845 -1.79266 0.807041 0.211348 -0.295651 
-0.873694 -0.534475 0.52579 -0.610742 0.828038 0.810633 0.960966 1.11136 0.243902 -1.37334 -1.24161 0.660139 -0.195624 0.0196598 0.10204 0.0656261 -0.196303 0.172194 2.0673 0.241228 -0.095262 0.340606 -0.918865 -0.199165 0.402018 -0.121782 0.137858 0.299835 -0.006324 -0.0486937 -0.141673 -1.19144 -0.350327 -0.90094 -1.22078 1.51537 2.12987 0.778115 0.900566 
-0.878845 -0.363244 0.53141 -0.653064 0.968102 1.83056 0.933127 0.677124 1.14229 -0.698554 -1.1898 0.759444 -0.0684313 0.056773 0.0754748 0.00593255 0.012469 0.0500929 -0.127674 0.228634 -0.615958 -0.992692 0.866463 0.977011 0.506242 0.302498 0.0162021 -0.180001 -0.0782225 0.218581 -0.253977 -3.27396 -0.456703 -0.0500685 -1.45154 1.08428 0.701304 -0.778374 1.31457 
-0.816921 -0.459 0.531722 -0.598273 0.878131 0.682959 1.1896 0.4954 -0.74879 -0.506874 -0.264604 1.16638 0.106874 0.0358619 -0.0779605 -0.0125964 0.0222781 -0.0817828 -1.20666 -0.215475 -0.145331 -1.11094 0.165419 0.502139 -0.376357 1.19279 -0.124249 -0.293262 -0.0591977 -0.253606 -0.596514 -0.448363 -0.939561 0.539942 0.865157 -1.7277 -1.97477 -1.76587 -0.366666 
-0.842983 -0.441205 0.518814 -0.630786 0.886319 0.623903 0.717651 0.531793 0.0313595 -0.533134 -0.68766 0.383087 1.12435 -0.0674755 -0.217787 -0.0532652 -0.241137 -0.546421 -0.576037 -0.710927 -0.0760165 -0.127535 -0.861234 -0.997755 -1.25962 -0.0641686 -0.0626294 0.0466467 -0.237526 -0.489021 -0.185613 -0.166234 -0.0285574 0.291863 1.23487 1.20499 1.19737 1.02956 -3.00748 
-0.884397 -0.676787 0.478457 -0.83941 0.33171 0.106923 0.478673 0.419383 -0.876325 -1.36811 -1.26236 -0.093241 0.0427053 -0.0267675 -0.0313138 -0.250122 -0.466743 -0.267396 -1.37289 -0.244032 0.146532 0.123936 1.37041 1.69951 0.653201 -1.8147 0.160558 0.476872 0.135362 0.308969 1.13645 0.660265 0.819148 0.428432 1.11872 1.64838 1.93643 2.02865 -0.425498 
-0.869751 -0.472518 0.268692 -1.09753 0.618923 -0.748991 0.473619 0.678326 0.155295 0.837276 1.01185 1.03629 -0.690343 0.0930827 0.259085 0.0820971 0.0678318 0.590034 0.0842288 0.108221 0.352416 0.991189 0.78715 0.938671 0.769029 -0.489666 0.0449928 0.133162 0.677238 1.1817 0.444457 2.56435 0.596145 -0.171645 0.0134216 -2.71733 -3.21488 -0.913951 2.80447 
-0.791314 -0.417701 0.560554 -0.771578 0.921744 0.191151 0.586893 0.771799 0.114864 -0.580958 -0.323688 0.675788 -0.446961 0.0182253 0.101848 0.427116 0.714955 0.177062 1.19146 0.352112 -0.0251124 0.137357 -1.34692 -1.51537 -0.26075 0.989768 -0.0950743 -0.0713662 0.0770313 0.239403 -0.725768 0.543712 -0.05894 -0.318088 -0.486148 0.30849 -0.640521 -0.511003 1.67404 
-0.851525 -0.37067 0.695808 -0.382574 0.795985 0.442471 0.825731 0.653213 0.292652 -0.50964 -0.503523 0.775538 0.299425 -0.00199163 0.187719 0.159128 0.307235 -0.135735 0.627941 0.0492808 0.0343284 0.505041 1.09564 0.298151 0.258026 1.18437 -0.036374 -0.125621 -0.369576 -0.526193 -0.23195 -1.14933 0.0497418 0.288001 -0.0397889 0.408019 1.96649 0.0728017 -1.09368 
-0.793306 -0.229982 0.719682 -0.464343 0.786009 0.819092 0.636174 0.806128 0.619905 0.514681 -0.0255369 0.933814 0.73741 -0.0181487 -0.0237721 0.0575396 0.188762 -0.0548885 0.0421349 0.401854 0.262889 0.0975683 -0.938898 0.451113 -0.187948 -0.103909 -0.0695683 -0.583429 -0.51146 -0.390613 -0.196189 -2.32543 0.110723 -0.485978 -2.78027 -3.60231 -1.29431 -0.96793 -2.04028 
-0.869674 -0.394442 0.753347 -0.193812 0.741097 0.484606 1.22759 0.916102 0.390221 -1.44854 -0.0524101 0.58759 0.195516 -0.07156 -0.39571 -0.352331 -0.0833785 -0.331924 -1.69749 0.160004 -0.45165 -2.27523 -2.50667 -0.996164 -0.709904 -0.855904 0.00316361 -0.250246 -0.404047 -0.697013 0.0681211 0.0104429 -0.874744 -0.54168 -0.331343 1.58585 -1.58527 -0.162954 -0.253591 
-0.864866 -0.625692 0.367351 -0.547722 0.454085 -0.878396 0.796179 0.354478 -1.65532 -1.99199 -1.0217 0.22391 -0.118494 -0.0149851 -0.274018 -0.346508 -0.508251 0.0132327 0.0525778 -0.47289 -0.278792 -0.233775 0.646949 -1.13415 -0.350902 -0.357499 0.118023 -0.0963922 0.310735 0.122949 0.599848 3.93408 -0.404148 0.708419 3.58193 2.40865 0.968666 -0.325776 0.436642 
-0.884659 -0.66846 0.40684 -0.702062 0.754329 0.537183 0.754695 0.637311 0.156446 -0.801589 -1.18656 0.236688 -0.161984 0.0464626 -0.492102 -0.0415964 0.0395703 0.267924 2.23659 -0.244144 0.25677 1.3067 -0.0980225 -0.0274978 -1.03568 -0.419262 0.208533 -0.300745 0.802759 0.590332 -0.143274 1.08986 0.0972464 0.536125 -0.795613 0.691851 2.8196 0.677158 2.43686 
-0.818403 -1.11779 0.325755 -0.508151 0.722009 1.35819 0.552035 0.611247 -0.348627 -2.09002 -1.0492 -0.81177 -0.537756 0.193548 -0.574764 0.456252 0.0820811 -0.130041 1.14244 -0.375643 0.257334 -1.02939 1.3388 1.68545 0.326256 2.07936 0.0854913 0.361399 0.83283 -0.826199 -0.233587 -1.68897 -0.252494 0.173393 -1.98756 2.40275 1.2994 2.66413 1.79189 
-0.691111 -1.24322 0.863091 -0.619981 0.624288 1.67962 0.379052 0.894644 -0.872943 0.537212 0.498889 0.562944 1.91737 0.131954 -0.130703 0.791234 -0.786629 0.0343374 0.547621 -0.496637 0.430163 -0.680866 2.30473 1.2719 1.62845 1.37263 -0.207392 0.319018 0.0577085 -0.422874 0.0738578 -1.72815 0.516913 -0.0610566 1.80434 -1.94808 -2.35186 0.969592 -2.84969 
-0.686449 -1.2485 1.11699 -1.29478 0.756346 1.90581 0.0553975 1.04141 -1.02949 0.214715 0.222701 0.816675 0.834875 -0.0138438 -0.255745 0.51396 -0.340793 -0.0561835 -0.585717 0.14127 0.196277 0.774954 -0.609277 -0.666411 1.29585 -0.770335 -0.0551858 -0.132406 -0.4651 0.758187 0.0126713 -2.26529 0.702331 -0.170091 1.53879 -2.85635 -0.458303 -0.778152 -1.1014 
-0.704955 -1.49897 1.37705 -0.960774 0.568104 1.0939 0.520322 1.09092 -0.0979886 -0.072065 -0.167522 1.85879 1.14704 0.0767681 -0.263109 0.326133 -0.0284413 0.0470087 -1.71766 0.205694 0.260071 0.857925 -0.551616 0.813596 0.850293 0.271233 0.0336325 0.105641 -0.533809 -0.527358 0.126014 -0.843793 -0.37237 0.0582458 -0.799556 0.818085 0.887356 -1.46481 0.0229589 
-0.609681 -1.51161 1.44312 -1.32322 0.803355 0.18815 0.261091 1.30148 -0.171567 -0.336901 1.0363 1.66697 1.10611 0.0197887 -0.150104 -0.0198485 -0.868151 0.0698304 -1.42951 -0.231101 0.254523 -0.0246023 0.208809 0.220945 -0.168962 -0.747376 -0.0958312 0.267869 -0.41688 -0.132962 -0.454017 1.609 -0.391025 -0.596076 -2.18878 1.88723 -1.6702 -1.28335 -1.69413 
-0.685166 -1.64907 1.3572 -1.82893 0.637935 -0.335606 0.289221 1.34544 -0.122591 0.136744 0.0534227 1.68983 0.399661 -0.0190631 0.00476034 -0.0907467 -0.161404 -0.407009 -0.108669 -0.185331 -0.336005 -1.33085 1.33562 -0.856607 -0.43306 -1.4229 0.0128571 0.51018 -0.235714 1.28703 0.433352 1.85328 0.70523 -0.497114 -0.629372 0.57883 -1.84998 -1.45775 -0.201404 
-0.628744 -1.50685 1.35238 -1.48462 0.396346 0.0794812 0.0757607 0.965477 -1.50242 0.998714 0.179691 1.23391 -0.316792 0.0326458 0.360076 -0.255563 0.418882 0.503182 0.423766 0.474129 -0.242592 -0.653974 0.787639 -1.62903 -1.62671 -0.94878 0.0612231 0.116739 -0.181929 0.936921 1.06946 0.900128 0.997984 0.149376 2.47825 -0.772669 -0.55637 -0.567032 2.99442 
-0.65252 -1.289 1.10164 -1.41004 1.14112 0.0881597 0.76335 1.10285 -0.776565 0.924382 -1.57561 0.0631216 -0.549119 0.0421601 0.121499 -0.272676 0.775517 0.662456 0.791459 0.812653 -0.186629 1.1474 0.562947 -1.41298 -1.00009 1.57152 0.145147 -0.524574 0.0805684 0.589041 -1.09655 0.245555 -1.00098 -0.221036 1.13077 -0.554934 2.26504 3.23623 3.0606 
-0.586584 -1.38535 1.0797 -0.709108 1.0588 0.87094 0.888414 0.778848 -0.355025 1.56166 -1.23329 0.233817 1.25473 0.177793 -0.164498 -0.174994 1.00792 -0.593363 0.669321 -0.526853 -0.463628 0.476795 0.232705 0.636008 1.60952 2.11182 0.0718292 0.0872339 0.463906 -0.537181 -1.15892 -0.62276 -0.943009 0.376274 -1.71701 -1.40016 0.967527 1.93833 -2.61231 
-0.474728 -1.4535 0.926647 -0.40212 0.547754 0.75748 0.236497 0.639224 -0.29977 1.15709 -0.939601 1.67264 1.5627 0.113989 0.208733 0.19123 0.238336 -0.49646 0.168699 -0.130356 0.189646 -0.569619 -0.837213 -0.44545 0.93824 -1.04079 0.813394 2.9546 0.276247 -1.36005 0.450964 -1.6678 -1.79665 -1.34025 1.03666 -2.26399 -0.0477132 -2.94456 -4.81481 
-0.472595 -1.17661 1.27093 -0.470772 0.562342 1.03964 0.758058 0.968494 -0.924644 0.724447 -1.67874 1.17206 0.213932 0.991186 2.79011 0.101253 -0.352129 -0.142399 -0.99848 -2.3235 -1.80388 1.51345 -2.03129 0.588295 -1.33504 -2.70298 1.51297 2.32384 -2.08993 1.62082 -0.724996 -2.6173 -2.0606 -2.70786 1.88565 -0.419618 2.61239 -2.20458 1.30118 
0.516459 1.33661 1.0279 -0.754249 0.405354 -0.241 -2.087 -1.16465 1.21368 -0.8742 -0.351305 0.337608 -1.14028 1.62696 2.53258 -1.8987 1.85916 -1.22146 -2.4486 -2.19096 -2.51822 1.31603 -1.25683 2.16694 -1.26634 0.260384 -0.0958413 -3.20186 -2.6617 2.48055 -2.04215 -0.280313 2.22843 1.41737 -3.08492 1.72154 -0.387775 -0.0281009 4.7845 
1.15436 1.35596 -0.627774 1.38838 -0.659114 -1.40896 -1.4329 -1.54972 0.391388 -0.532384 0.488202 -0.0942834 0.474316 0.895345 -0.411753 -2.56045 2.12842 -2.18455 -1.27879 -0.0950714 -0.38651 -1.57146 -0.309742 0.20052 -1.36314 2.08151 -1.27071 -3.08094 0.930956 -1.60517 0.213455 3.12161 1.83359 3.14065 -0.755713 1.49084 -2.19991 0.27265 1.3107 
1.4118 0.924857 -1.53255 1.37417 -1.7792 -1.51979 -2.18207 -1.55116 -0.357779 -1.18394 -0.150785 -1.02553 0.941233 0.356247 -0.548367 -0.967746 0.253988 -1.008 0.673012 -0.357365 0.622436 0.560318 0.234011 -0.0329667 -0.99369 1.57109 -0.733814 -0.099331 2.57955 -1.9524 2.47081 1.26094 0.914787 0.857937 2.66945 0.943516 -0.223595 1.30799 -1.97085 
1.51061 0.807597 -1.59552 1.64237 -1.66712 -0.735945 -1.79027 -0.927286 0.951706 -0.298373 0.455236 -1.08797 2.0454 0.161531 -0.511084 0.0190991 0.176016 0.286263 -0.0178496 0.819715 0.471427 1.09799 0.633774 -0.0230754 -0.0551522 0.110664 -0.274205 0.236742 0.952655 -0.119985 1.27108 -0.987374 1.18056 -0.59878 -0.225882 -0.206866 -0.360762 1.17842 -2.27016 
1.57334 0.413773 -1.51345 1.55019 -1.49293 -1.53764 -1.36236 -1.07974 0.740207 -0.550168 -0.173861 -1.08068 1.0519 0.0820424 -0.311625 -0.0150906 0.134003 0.263082 -0.314362 0.823193 0.0236558 0.334436 0.0271447 -0.393729 0.184727 -0.699071 -0.158888 0.900953 -0.338496 0.242347 -0.531934 1.235 -0.660741 -0.0603861 -0.646408 -0.123031 -0.195427 0.183942 0.136255 
1.59265 0.495972 -1.61061 1.77637 -1.40403 -1.05031 -0.967072 -0.90363 1.28614 -0.271228 0.0615063 -0.903247 1.34633 0.00264358 0.389869 -0.319397 0.418363 -0.245671 1.21715 0.158975 0.411041 0.451578 0.510742 -0.218503 0.12879 0.246918 -0.108875 0.744858 -0.163104 -0.322714 -0.550698 0.854267 -1.10551 0.0603748 -0.82908 -0.169607 0.487787 -1.06008 0.332398 
1.57598 0.803641 -1.83285 1.96855 -1.7386 -0.320493 -1.20338 -0.668695 1.19179 -0.0394256 -0.392364 -0.951892 1.29882 -0.0268327 0.433233 -0.178195 -0.188711 -0.287616 0.539906 -0.282316 0.0840306 -0.494644 -0.142462 0.0940573 -0.875351 -0.366672 -0.0173714 -0.165766 0.54934 -0.89627 0.350387 -1.12718 -0.40724 -0.404379 -0.771109 -0.128078 2.00415 -0.87824 -1.02352 
1.56582 0.929205 -1.78881 1.58766 -1.69165 -0.510401 -1.24939 -0.819599 0.791498 -0.413691 0.155564 -1.7786 0.979661 -0.0147278 0.224102 0.229943 -0.477907 0.104716 0.08997 -0.248265 0.00666149 -0.319531 0.382664 1.78565 -0.74945 -0.7766 -0.13407 -0.436525 0.910797 -0.596328 0.625008 -0.94616 0.519285 -0.364326 0.816112 1.40398 1.42937 1.2106 -2.11941 
1.56125 1.02774 -1.60291 1.49064 -1.63389 -0.230523 -1.45165 -0.662034 0.872255 0.343239 1.39329 -1.70134 0.522215 -0.160903 -0.00329219 0.732603 -0.785038 0.337392 -0.406255 0.236969 -0.280295 0.321468 1.26151 1.52343 0.335248 -2.48608 -0.688325 0.0725119 0.46416 0.200652 0.451089 -0.64582 0.496731 -0.513077 -1.57452 -0.775681 -3.16151 1.54207 -2.11499 
1.40492 0.925913 -1.0562 0.802625 -1.35426 -0.916655 -1.01242 -1.09989 1.11297 0.847824 1.67899 -1.44335 -1.50642 -0.703053 0.296614 0.694103 -0.277255 0.555805 -0.55585 0.248465 -0.506416 -1.89405 -0.393016 -1.37586 0.792621 -2.89159 -0.796462 0.318173 0.09232 1.52836 0.876057 0.330367 -0.236981 0.36171 -1.38915 -2.63488 -4.25977 0.372895 1.79536 
0.858198 1.32436 -0.908802 1.21339 -1.07808 -0.786373 -1.20318 -1.16845 -1.02179 -0.0497775 0.0174277 -0.908721 -2.36937 -0.957365 0.314881 0.824923 0.743325 1.21345 -0.0758879 -1.17663e-005 0.0814147 -1.06768 -1.37337 -2.73634 0.708143 -0.690718 -0.258536 -1.03362 0.182226 -0.502521 0.501711 0.631172 0.479911 0.740949 1.26462 -0.476906 -0.00575177 -0.727219 2.48445 
0.447551 1.24079 -0.231279 1.54595 -0.14081 -0.992543 -1.01243 -1.01848 0.0452869 -0.525543 -1.05734 -0.735207 -2.19714 -0.96159 -0.737008 0.876329 -0.779777 1.05752 0.0753223 0.728377 0.234533 -0.629433 -0.869922 -1.38161 0.065402 -0.407136 0.392715 0.0358543 -0.174937 -3.50292 -0.968819 1.16843 0.419057 -0.0501868 -1.34073 0.869846 5.80186 0.988691 1.23459 
-0.103392 0.587349 -0.0324729 0.43361 -0.0205673 -0.711051 -0.474806 -0.933917 -1.65123 -0.9197 -1.36418 -0.843318 -2.77651 -0.564649 0.350735 0.649986 -2.75959 0.244629 1.09254 0.419045 0.0312279 -2.40841 -0.50352 3.06552 1.69683 0.543872 1.94767 1.59016 -1.32177 0.408577 -1.4861 -1.29463 -0.00263326 -1.18489 -1.43856 3.47941 5.74764 1.64428 1.95544 
-0.117099 1.59153 0.418707 -1.21364 0.103819 0.100002 -0.593386 -0.987252 -2.36312 -1.02906 2.00818 0.961627 -1.65326 0.986085 0.853148 -0.445436 -0.3712 -0.428582 -1.21931 0.725743 -0.950356 -2.068 2.60948 4.36603 1.70968 1.5483 2.0244 -0.680229 -2.24352 4.60649 -1.51245 -2.85553 -0.387651 -0.928067 3.54636 3.50314 -2.54116 -3.3303 -0.216317 
0.882693 1.4405 -0.477909 0.0624101 -0.449149 -1.93036 0.250937 -1.88427 -3.71922 1.68979 3.00185 0.866365 -1.22821 1.45975 -0.329494 -1.59354 1.84689 -1.26782 -1.76298 0.0313938 -0.896839 1.13795 2.99962 0.524362 -1.63347 0.327555 -0.473472 -1.36556 -0.753371 1.1261 -0.891454 1.19355 -2.21599 1.09111 5.1935 -3.0425 -5.59222 -4.02447 -1.30751 
1.34265 1.26203 -1.17483 0.633247 -1.164 -1.66298 -0.561992 -1.88409 -1.22517 1.97056 2.53254 -0.671842 -1.32571 0.512613 -0.512416 -1.19881 0.754901 -1.32004 -0.0257583 -1.49025 0.140756 3.1255 -0.43302 -1.22619 -2.31479 0.240786 -1.34559 -0.080097 1.14401 -1.47289 0.855372 1.70152 -0.312397 1.20769 0.6032 -3.31938 -1.98627 0.868226 0.844341 
1.39531 0.928082 -1.67672 0.817311 -1.76918 -1.95612 -1.23931 -1.74352 -0.593719 1.25677 1.77566 -1.44843 -0.987423 0.114158 -0.409591 -0.449529 0.374004 -0.412444 -0.0614638 -0.281003 0.310848 1.74115 -0.319764 -1.4619 -0.765243 1.1719 -0.4604 0.585245 1.26053 -0.188114 1.57686 0.592482 1.76823 0.453074 -1.31456 0.569267 0.339872 2.53569 1.75258 
1.45681 0.852444 -1.62436 1.00725 -1.57644 -1.72444 -0.842995 -1.57324 0.515987 1.65079 1.07063 -1.43708 -0.153814 0.0522122 0.0728288 0.0617185 0.566787 0.256827 0.566724 0.277987 0.59383 1.81094 0.136247 -0.886319 0.220897 1.99337 -0.238896 0.524856 0.299724 -0.25313 0.0453749 0.0943485 -0.31443 -0.152008 -1.65135 -0.189281 0.575743 0.541222 -1.83283 
1.44752 1.00091 -1.615 1.3841 -1.51236 -1.38939 -0.961322 -1.14969 1.21722 1.39301 0.889339 -1.22753 1.00595 -0.124738 0.115265 -0.149805 0.120874 -0.36707 0.0328846 -0.595433 0.15884 0.0898015 -0.509045 -0.886161 -0.224021 -0.660934 -0.183373 0.057085 -0.00618821 -0.198005 -0.134309 0.0668442 -0.391173 -0.649298 -1.24003 0.169383 1.36096 0.221022 -2.42765 
1.33207 0.967709 -1.77417 1.12812 -1.94351 -1.69156 -1.43843 -1.4144 0.605789 1.14175 0.184473 -1.66111 -0.814747 -0.131161 0.129914 0.0555303 0.368782 0.122518 0.633568 -0.113185 -0.0554686 0.570914 0.30563 0.474638 0.441919 -0.434278 0.159112 0.0311178 0.929739 0.191692 1.1175 1.20594 0.805313 0.455262 0.802241 1.76209 2.24231 0.423028 2.28121 
1.31636 1.13082 -1.55947 1.75288 -1.38984 -0.755824 -1.07451 -1.20516 1.78814 1.69864 1.36398 -0.785609 0.571669 0.0343743 0.146383 0.779933 0.312565 0.750434 1.23883 0.20988 0.614102 0.892043 1.25304 1.35615 0.199007 1.62027 -0.00755139 0.0517017 0.517882 -0.972009 0.00818863 0.504882 0.231516 0.436909 -1.59182 -0.453841 -1.96276 -1.30238 -0.399646 
1.36645 1.11409 -0.994233 1.44069 -1.19308 -0.452731 -1.22855 -0.800301 1.49783 2.39479 1.54062 -1.4621 0.805524 -0.138712 0.181616 0.573412 -0.603228 0.130707 1.13845 0.118331 0.38144 -1.0209 -0.148211 -1.48812 -0.860464 -0.833924 -0.32988 0.183773 -0.74309 -0.953752 -0.565121 0.203351 0.0899261 -0.679515 -2.03105 -2.82726 -3.45627 -0.170396 -3.46879 
1.17764 1.31244 -0.986055 1.14965 -1.25913 0.382626 -0.956176 -0.823715 0.767235 1.55043 -0.124141 -1.64607 -0.262255 -0.295506 0.330156 0.0368429 -0.641186 0.185313 1.44218 0.299806 -0.0654126 -1.13901 -1.57422 -2.10012 0.0286107 -1.84852 -0.0873654 -0.0897986 0.212689 -0.182928 1.08013 -1.40229 0.592023 -0.440776 1.04031 -0.951794 1.62668 1.2042 0.436439 
1.07094 1.44425 -0.95739 0.799503 -1.00776 0.989449 -0.928742 -0.865714 0.358821 0.820568 -0.559496 -1.43349 -1.043 -0.226078 0.091817 0.786101 -0.786155 1.21084 -0.263839 0.710354 -0.059336 0.0194046 -1.10001 0.138558 0.343732 -0.397485 -0.11761 0.177969 0.883662 0.0936822 0.827028 -1.15401 -0.144723 0.0598891 0.386295 0.629921 4.18246 0.720257 2.16861 