-0.932153 -0.706884 0.677838 -1.13273 0.030952 1.09921 1.1438 1.00195 0.193734 1.12589 0.796179 -0.261766 0.597013 0.110098 0.128231 -0.0310218 -0.201768 0.513125 0.326675 0.514916 -0.247369 -0.470752 0.445407 0.0504041 -0.0114002 -0.854132 -0.0502486 -0.112958 0.393733 0.515409 -0.474345 -0.156902 -0.939278 0.0335862 0.662391 -2.07616 -0.504473 -1.07366 -0.527445 
-0.852559 -0.644547 0.752301 -1.06077 -0.0542219 1.12193 0.965076 0.887868 0.361758 1.20317 0.460067 -0.750201 0.594881 -0.0172742 0.0462343 0.214028 0.354698 0.247478 0.00322378 -0.578644 -0.130462 0.0174693 -1.58131 -0.31538 -0.432572 -0.179748 -0.231377 -0.216697 -0.00369764 0.153022 -0.519018 -0.503164 -0.757299 0.271079 1.48038 0.00481717 1.36375 1.15299 1.01068 
-0.949427 -0.660649 0.891866 -0.778028 0.27843 1.10243 0.565156 0.871486 0.211204 -0.455419 0.480799 -0.694338 0.417264 -0.121279 -0.0884661 -0.0347194 -0.0487461 -0.00589382 -0.176489 -0.242383 0.0237099 1.00963 0.450225 1.41416 1.14159 0.156548 0.0252926 -0.472443 -0.346122 -0.353924 -0.161456 0.162221 1.50542 0.369452 0.555472 2.58229 0.823872 1.11962 -1.03421 
-0.973838 -0.733013 0.717582 -1.10951 -0.0601158 0.945445 0.722693 0.911578 1.37139 1.6534 1.87422 0.391389 0.75143 0.00801835 -0.426209 -0.132094 0.00077485 0.0860222 0.165444 0.926771 0.23899 0.572941 1.00098 0.508492 0.687044 -1.21396 0.133743 -0.0484325 -0.0870179 -0.203199 -0.696954 0.285739 0.366805 -0.573028 -2.44859 -2.36275 -2.62972 -2.03534 -1.41425 
-0.941408 -1.08686 0.759772 -0.777253 0.364453 1.26788 1.49193 1.11048 0.784144 0.545562 0.989291 -0.00729405 -0.796694 0.0124636 -0.136899 -0.121737 -0.251945 -0.702848 0.10925 0.124423 -0.549318 -1.43896 -1.91253 -1.21556 -0.893751 -1.2577 -0.012654 0.846806 0.183129 -0.0108247 -0.14382 0.0572646 -1.29886 -0.295234 -0.20541 -1.79564 -1.5414 -1.47499 1.02752 
-0.961375 -0.869911 0.595845 -1.36146 -0.762964 1.0547 0.847116 0.36226 -0.0675762 -0.259127 0.658663 -0.502362 -0.506274 -0.00463567 0.420597 0.0510346 -0.0100499 -0.0577976 0.222709 -0.372086 -0.0562434 0.367531 -0.794661 -1.03291 -0.787943 -0.186444 -0.0438048 0.353867 0.419131 0.759672 1.65303 -0.286086 -0.560977 1.43033 2.37098 2.76495 0.816743 1.16925 2.20926 
-0.946044 -0.666261 0.810806 -0.787303 0.306655 1.49059 1.11984 1.05423 1.15168 -0.2491 -0.0436155 -0.795237 -0.983138 -0.0313412 0.216968 0.297394 0.507727 0.950182 -0.176836 -0.436554 0.881009 0.932013 0.852419 -0.398818 0.275495 0.951558 -0.00499281 -0.878533 -0.349602 -0.108355 -0.400432 -0.816244 0.355825 -0.104064 -0.588388 1.14955 1.44845 2.05258 1.75558 
-0.992716 -0.652943 0.893238 -0.853729 0.187219 0.87786 0.410562 1.24327 0.864437 0.593292 0.259845 -0.226867 0.445284 -0.00962848 -0.457936 -0.298568 -0.118405 -0.458229 -0.593535 -0.0162612 -0.160307 -0.220857 0.35489 0.415545 1.26464 1.56914 0.263474 -0.687932 -0.810937 -0.265834 -1.04983 0.0893514 0.201149 -1.00404 -0.51346 -0.0716842 -0.0853321 0.232922 -0.620732 
-0.955673 -1.1242 0.512238 -0.905707 -0.151574 0.897052 1.10358 0.893926 0.930819 0.10579 0.371929 0.469398 0.585999 0.232132 -0.470964 -0.513544 0.241893 -0.0996497 -0.0874842 -0.235405 -0.123029 0.418554 0.780735 -0.48415 0.508418 0.330825 -0.0106022 0.919995 0.427382 0.0914207 0.214039 0.339436 -1.22529 0.242183 0.356883 0.157905 -1.01555 -2.1313 -1.4493 
-0.760584 -1.12391 0.379695 -0.611836 0.0875688 0.790375 0.175156 1.12024 1.28299 1.37403 -0.224305 0.281551 0.776109 -0.0202307 0.462059 0.128814 -0.0269838 -0.244191 -0.254098 -1.24155 0.0818765 0.136026 0.512795 -0.600001 -0.866667 0.119841 -0.432908 0.658059 0.715335 -0.311214 -0.222206 -0.130247 1.08567 -0.141603 -0.869304 -1.32229 1.1917 -1.20461 -0.235925 
-0.975903 -0.662137 0.641052 -0.932691 -0.395765 0.642954 -0.137973 0.975802 1.06684 0.618584 -0.228072 -0.39727 0.70584 -0.200775 0.187095 0.201791 -0.0693211 -0.321856 -0.217731 0.850269 -0.264632 -0.45075 -0.541556 0.707548 -0.696188 0.0949004 0.24133 -0.417186 -0.0538715 0.976052 -0.306048 0.206399 2.45658 -0.453321 -0.125416 1.1333 1.28056 1.49024 0.623157 
-0.961359 -0.936812 0.581486 -0.681157 -0.234287 0.572644 1.02542 0.855608 0.832241 0.832471 0.483244 -0.414637 0.871009 0.221099 0.0448731 0.0749424 0.949068 -0.550238 -0.0476995 1.21503 -0.371445 0.0106099 1.6461 0.680559 0.623575 0.742998 0.443488 -0.317363 -0.361773 0.319235 -0.0737075 0.747389 -0.844602 0.266322 1.36521 2.05042 0.146957 1.16038 -0.171302 
-0.754804 -0.617264 0.715995 0.0163771 -0.946003 0.595254 1.07706 0.604357 1.07745 2.26468 0.452487 0.226305 1.44884 0.242713 -0.130268 -0.159982 0.249914 -0.395563 0.529658 0.0056666 0.00168922 0.914462 1.50887 0.854505 0.464194 -0.0764018 -0.185247 -0.823258 -0.141793 -1.50954 0.295646 0.269642 -1.6344 0.20509 0.189499 -2.5637 -1.30178 -1.24048 -2.3295 
-0.718647 -1.06708 0.421504 -0.431243 -0.62985 1.1023 1.03109 0.857297 1.7467 2.34134 1.33775 0.0495566 0.794608 0.0358526 -0.778385 -0.0668503 -0.560468 -0.254592 0.221943 -0.419367 -0.166355 0.200109 -0.917603 -0.621225 -0.616909 -1.58651 -0.125267 -0.126731 0.643758 0.0376656 -0.316763 -0.944096 0.280603 0.0252954 -1.79911 -2.68486 -2.21129 -1.15128 0.187425 
-0.718951 -1.39565 0.649144 -0.544091 -1.2006 0.817197 0.657691 0.438002 1.27756 1.34708 -0.168738 -0.390604 -0.137668 0.117445 -0.256999 0.483776 0.28758 -0.712326 -0.414438 0.28627 0.0269846 -0.884645 -1.17599 -1.35678 -0.687091 0.111023 0.0386075 0.642988 0.220579 0.766877 0.0937371 -0.396321 1.69212 0.806822 -0.954184 2.12153 0.98329 0.960836 3.508 
-0.601201 -1.32408 0.90528 -0.143663 -1.34218 0.687864 1.31736 0.884281 0.862058 1.16534 -0.0190323 -0.637534 0.90563 0.0744601 -0.135396 0.153729 0.206409 -0.160855 -0.174378 1.27275 0.640467 -0.754075 1.20393 0.362065 0.343927 1.92149 -0.147752 -0.0179768 -0.62754 -0.641378 0.969912 0.118569 -0.312192 0.28456 -0.4025 1.75074 1.93346 0.892669 0.701871 
-0.644491 -1.53104 0.802873 -0.337682 -1.36145 0.642819 1.93045 1.07847 0.523489 2.551 0.193327 -0.046677 1.78382 -0.0303069 -0.274976 -0.143764 -0.353799 0.257586 -0.295869 -0.0259221 0.311544 -1.28714 0.57475 0.576683 0.205578 0.812894 -0.0821031 0.37708 -0.273586 -0.688879 1.15381 -0.177947 -3.28347 -1.5777 -0.112179 -2.79084 0.0395309 -0.912212 -2.64558 
-0.631508 -1.59905 0.761516 -0.497462 -1.08459 0.391995 1.29144 1.19583 -0.425087 1.74009 0.55765 -0.431956 1.71852 -0.00764303 0.241684 -0.119857 -0.48247 0.992958 -0.352326 -2.01072 -0.937234 -0.866254 -1.58691 0.401596 -0.568285 -0.724088 -0.156087 0.887258 0.0202071 -0.0781691 -0.0844239 0.232928 -1.06329 -1.49398 2.17181 -1.69494 -0.54298 -0.602626 -0.899424 
-0.652134 -1.28936 0.683016 -0.820152 -0.368492 0.290493 -0.0802699 0.141236 -0.342765 0.964088 0.594924 -0.614962 1.05974 -0.186394 0.612283 -0.123557 -0.431968 0.173162 -0.0629409 -1.08922 -1.18243 0.884666 -1.12019 0.0337026 -0.397048 -0.0865308 -0.0976639 0.338525 -0.211964 0.593591 -0.293009 0.428786 2.38751 1.55514 1.96335 0.59412 -0.90016 1.03576 2.36068 
-0.817902 -0.986771 0.637959 -0.929429 -0.911428 0.329054 0.202223 0.0133915 0.459578 0.619908 0.591353 -0.829004 1.63199 -0.105307 0.580209 -0.331821 0.111121 0.699949 0.0764603 0.376794 0.617905 1.0971 -0.992795 -0.498564 0.467471 1.6366 0.277154 -0.29632 -0.465092 0.677478 1.52942 0.0215656 0.893883 1.88217 -0.766613 0.125662 0.137387 1.46511 1.48059 
-0.757441 -0.709152 0.351195 -0.709031 0.331457 0.366953 0.296524 0.759141 0.754331 -0.0287073 0.09636 -0.147491 2.69633 0.0907606 0.315962 -0.588648 0.24551 1.70258 -0.0413753 -0.195333 0.699736 0.118053 -0.994524 0.171089 1.06806 1.39406 0.514316 0.572762 1.15984 0.0155067 -0.484628 -0.0778603 -1.7729 -1.3453 -1.08815 -0.8366 0.56873 -1.46653 -5.47689 
-0.727142 -0.670809 0.0493106 -0.683919 0.791157 0.287679 0.00689006 0.713127 0.577631 -0.374616 0.762442 0.239053 3.02606 0.409009 1.15297 0.828017 0.126628 0.215321 -0.00140009 -1.3961 -0.727392 0.00894374 -1.8294 0.0701662 -0.999058 -3.8403 1.14969 1.70068 0.745551 -0.135154 -1.2781 0.0237623 -3.18585 -2.11485 -0.489342 0.754868 -0.117221 -2.31501 -6.43844 
-0.348432 0.443819 1.17921 -0.582403 0.546778 0.365553 -1.09958 0.0317484 0.763275 -1.8581 0.166526 -1.14655 -1.14397 1.24045 2.01665 0.156902 0.110356 0.424482 -0.017613 -3.38119 -1.41511 -0.371289 -0.239657 0.0538681 -1.24696 -5.04438 0.707889 0.467982 -3.42709 -0.458228 0.924074 -0.879777 -0.288207 -0.4965 -2.20281 2.39502 0.390038 0.6771 3.64027 
0.513309 1.34584 0.206213 -0.573564 1.21564 0.270066 -3.37429 -0.701982 0.206342 -0.614273 0.81631 -1.0079 -2.01832 1.1169 1.62095 -2.59908 -0.3316 1.13939 -0.881177 -1.68431 -1.22389 -2.19387 0.565625 0.460204 -0.321958 -0.200025 -0.83316 -1.27574 -1.93021 -0.176592 1.15395 -0.66791 4.94175 1.08672 -1.18022 -0.065018 -0.211666 0.57879 6.45156 
0.768466 2.06477 -1.41986 -0.914004 1.68617 -0.515624 -2.78389 -1.19214 -1.43059 -1.29248 0.62673 -1.46851 -1.34399 0.407291 0.740904 -1.77331 -0.0662366 1.57843 -0.685523 1.56056 -0.328387 -1.55151 -0.304675 -0.157798 -0.668168 1.40718 -0.949232 -1.61949 2.00052 0.849999 -0.334486 0.842264 2.29836 1.24547 1.74869 -0.563288 -0.768328 -0.168583 0.559293 
0.9206 2.08674 -1.5671 -0.6398 2.79407 -0.415457 -1.81373 -1.03037 -1.34517 -0.918948 0.658512 -1.67607 -0.611135 0.167666 0.00146551 -0.598554 0.518399 0.804908 -0.0389139 0.614049 0.0215811 -0.445178 0.00233674 -0.308124 -0.490541 0.359269 -0.24789 -1.10876 1.67646 0.268957 -1.4664 0.58133 -1.38207 0.459354 1.40302 0.0803396 0.0032749 0.40721 -0.96534 
0.936132 2.06624 -2.01842 -0.395605 2.49108 -0.554538 -2.16984 -1.17056 -1.87577 -1.29014 0.318606 -1.95905 -0.984723 0.159401 -0.367853 -0.0968508 0.202721 0.112038 -0.104192 0.178495 0.130967 -0.148488 -0.224335 -0.154523 -0.260958 0.441845 0.0668728 -0.906922 1.06265 -0.644826 -0.921994 -0.0975268 -0.709102 -0.0606157 0.792488 -0.274298 0.2629 0.434395 0.225471 
1.08 1.71889 -1.66395 -0.43708 2.90611 -0.519649 -1.63524 -0.899402 -1.49366 -1.14328 0.503989 -1.93703 -0.16929 0.234539 -0.905457 0.464093 -0.126428 -0.117086 -0.136441 -0.0950531 -0.0390346 0.34731 -0.271961 -0.0452238 -0.0561457 0.58474 -0.150621 0.502644 -0.375077 0.209513 -0.786928 -0.237252 -0.0840842 -0.356509 0.319332 0.403802 -0.380632 0.547741 -0.297833 
1.17067 1.16078 -1.55432 -0.522033 2.37399 -0.690979 -2.2649 -1.2096 -1.52846 -1.5621 0.273382 -2.01519 -0.399983 0.00877942 0.134791 -0.471928 0.412234 -0.67489 -0.341444 0.0944107 -0.225542 0.170844 0.179467 -0.535155 0.286783 0.144012 -0.164739 0.965692 -0.397075 0.57562 -0.149056 0.0858372 0.730384 0.169935 0.141762 0.989144 -0.318137 0.577794 0.467571 
1.08878 1.85368 -2.13588 -0.0248456 2.23122 -0.861094 -1.54082 -1.12494 -1.32281 -0.963816 -0.0311656 -1.65025 -0.0252786 0.0698004 0.0602349 0.0670179 0.449192 -0.266142 -0.0506035 0.635331 0.130901 0.489072 0.717183 -0.363361 0.521649 1.05231 0.14731 -0.822436 1.0098 -0.0572788 0.135347 0.285813 -0.106093 -0.165748 0.476877 0.761603 -0.0100537 0.370643 0.62194 
1.24047 1.22102 -1.48731 -0.0728409 2.10785 -0.741582 -1.62956 -1.0787 -1.03939 -0.844919 -0.0899785 -1.49354 0.652328 0.15609 -0.687644 0.53787 0.354955 -0.539543 -0.0556313 -0.0116822 -0.39129 0.647721 0.94107 -0.545209 0.657426 0.765952 -0.0325791 -0.225458 -0.174749 0.17718 -0.415083 -0.240347 -0.561135 -0.669186 0.121183 0.665513 -0.465358 0.60936 -1.22289 
1.24487 1.16603 -1.59801 0.33011 1.69168 -0.916725 -1.55251 -1.51623 -0.67509 -0.0227454 -0.576374 -0.992821 0.740673 0.0372213 -0.165223 -0.107731 0.626372 -0.681225 -0.29095 0.0741953 -0.538285 0.610255 1.3827 -0.828719 1.13101 -0.170583 -0.155827 0.62499 -0.713877 0.207457 -0.284634 0.0105675 0.0456895 0.155585 -0.422822 -0.13634 -0.778397 1.35408 -1.76687 
1.27769 1.05579 -1.59504 0.553531 1.42663 -1.03253 -1.55537 -1.61698 -0.429131 0.537776 -0.918697 -0.362536 0.481745 0.000262704 -0.0626545 -0.176006 0.562412 -0.824177 -0.0450638 0.0340073 -0.235705 0.224899 0.80473 -1.32361 2.01151 -1.00092 -0.0595723 0.0952173 0.0945531 -0.261214 -0.462838 0.22591 0.330286 0.308919 -0.550086 -1.89578 0.21341 0.358458 0.39394 
1.24513 1.10338 -1.77401 0.892521 0.867501 -0.961789 -1.5185 -1.75194 -0.450192 0.781985 -1.89998 1.01869 -0.260248 -0.022351 -0.0700061 -0.013178 0.365158 -1.14406 -0.0650402 0.404481 -0.229366 0.0601688 -0.513086 -0.615309 1.48947 0.223357 -0.00289976 0.155006 0.331541 -0.364468 0.0766697 -0.035004 1.03152 0.423271 -0.219792 -1.73461 1.4159 -1.06859 2.15931 
1.25534 0.985787 -1.60822 0.918689 0.282564 -1.09757 -1.15089 -1.84635 -0.368962 0.0246897 -1.53401 1.12693 0.705102 -0.00263706 0.0923514 0.155534 0.197944 -0.747508 -0.0800678 1.06553 0.187567 0.00510693 -0.929883 0.0922902 0.942916 1.15839 0.12516 -0.538648 0.642516 -0.721517 0.863305 -0.0883102 -0.442612 0.660865 -0.618213 0.324695 0.171457 -1.08002 -0.178962 
1.2425 1.19573 -1.61848 1.09047 0.119993 -1.04186 -0.452968 -1.56437 -0.445085 -0.147898 -1.80769 1.9616 0.898139 0.102809 -0.608654 0.629338 -0.356359 -0.280759 -0.15335 -0.0381313 0.431499 -0.558044 -0.188391 -0.443851 0.409447 0.0443951 0.102468 -0.716495 0.41783 -0.538122 0.994308 -0.246374 -1.33974 0.0855012 -0.815039 1.95729 -0.510333 -0.473622 -2.37168 
1.35815 0.377132 -0.978877 0.56233 0.00180497 -1.25092 -1.18902 -1.41485 -0.927006 -0.163701 -1.97786 1.53638 0.749497 0.0998313 -0.624143 0.573364 -0.340178 0.2468 -0.326442 -0.274205 0.273068 -0.809932 1.0274 -0.418042 0.469294 -1.2133 -0.036038 0.322015 -0.331788 0.435234 0.522413 0.186771 0.200311 -0.213887 0.198678 0.250869 1.02204 -0.182706 -0.1848 
1.34233 0.571587 -1.04511 0.750287 0.366793 -1.3683 -0.727173 -1.2913 -1.25502 0.879505 -2.22573 2.4309 -0.315157 0.0667712 -0.286639 0.297551 0.0788746 0.241655 0.0334203 0.16218 0.217612 -0.359366 0.0624787 0.578186 0.226741 -0.140405 -0.0705888 0.223408 -0.505587 0.503058 -0.424342 0.381961 0.138973 -0.355913 0.496272 -1.92524 0.65159 -0.357529 1.08693 
1.42492 0.0904927 -0.681326 0.641204 0.24346 -1.2175 -1.02684 -1.19724 -1.28637 -0.101222 -1.39967 1.76312 0.609092 0.0292426 -0.400735 0.0677774 0.16288 -0.177542 0.0555194 -0.135232 -0.082845 -0.31366 -0.897832 0.233548 0.111765 -0.126364 -0.105608 0.321572 -0.546182 0.34302 -0.190059 -0.152254 0.243442 -0.261641 0.224151 -0.0937137 -1.27291 0.676285 -1.41094 
1.37157 0.170852 -0.977336 0.913167 0.189251 -1.31278 -0.862405 -1.37415 -1.56868 -0.0183271 -1.99218 2.54266 -0.441521 -0.0388364 0.0349328 -0.248631 0.421895 0.0515954 -0.118833 0.405622 -0.0440295 -0.135215 -0.031235 -0.694724 0.903026 -1.55134 0.0348761 0.166144 0.123517 0.0213765 0.456172 -0.00282386 0.393299 0.393611 0.40414 -0.031536 -0.187381 -0.352134 -0.595286 
1.38609 0.125425 -0.929958 1.0631 0.295055 -1.33634 -0.621218 -1.24127 -1.42159 -0.132457 -2.0944 2.66614 -0.94225 0.0641187 -0.234591 0.191294 0.184256 0.27863 0.0526955 0.258067 0.310766 0.0904804 -0.929368 0.0461672 -0.240369 -0.72165 0.0849265 -0.175255 0.430677 -0.214776 0.185445 0.31346 -0.222005 0.352584 0.201069 -0.579295 0.915134 -1.48617 1.59574 
1.43569 -0.0637394 -0.786042 1.09742 0.467881 -1.26008 -0.604337 -1.06338 -1.4782 -0.947696 -1.94602 2.30229 -1.16317 0.04609 -0.140322 0.182046 0.207119 0.237041 0.194627 0.183616 0.308554 0.0658534 -0.61053 0.220411 -0.583141 0.0443926 -0.0901419 0.201591 -0.22778 -0.298611 -0.593418 -0.0814448 -0.356543 -0.371149 -0.175404 1.00155 0.0671881 -0.619373 0.682856 
1.43218 -0.0148966 -0.747912 1.27022 0.532096 -1.14171 -0.437601 -0.932712 -1.35573 -0.742987 -1.87398 2.083 -0.897858 -0.0260232 -0.0330005 -0.0364855 -0.114355 -0.314788 -0.0287493 -0.0984754 -0.0603825 -0.0849231 0.0721838 0.113355 -0.859742 -0.0387936 -0.134681 0.272915 -0.252501 -0.302924 -0.440767 -0.0918486 -0.171233 -0.399868 -0.209237 1.20944 -0.333212 0.111203 -0.72884 
1.40966 -0.0967399 -0.822527 0.983068 0.153093 -1.28883 -0.702813 -1.12376 -1.56312 -0.875512 -1.83266 1.44255 -1.20196 -0.0885912 0.132593 -0.0704554 -0.0958044 -0.203726 0.102778 0.0123833 -0.091314 -0.143384 0.598909 -0.112801 -0.471938 -0.684447 -0.0627082 0.233234 0.175201 0.161221 0.66643 0.0348363 0.416763 0.0547211 0.0185255 1.29458 -0.112883 0.629307 -0.862709 
1.34358 0.117696 -0.818367 1.17441 0.32837 -1.03893 -0.425218 -1.02403 -1.49912 -0.144078 -1.98679 1.61107 -1.58231 -0.0887314 0.200233 0.138715 0.0468658 0.351642 0.00608694 0.318287 -0.0056614 -0.0663975 1.36677 0.000472121 -0.230435 -0.901503 0.0455268 -0.173015 0.0620442 0.0364689 -0.330322 -0.264891 0.117313 0.0556537 -0.133712 -0.320668 0.191047 -0.0162599 0.0983321 
1.32093 0.103493 -0.683812 1.02993 0.504735 -1.28275 -0.384525 -1.12943 -1.62952 0.491257 -1.83219 1.21211 -2.10347 -0.0430643 -0.0404223 -0.0084112 -0.0593355 -0.534048 -0.162113 0.129696 -0.0356602 -0.277096 0.278241 0.0782459 -0.488198 -0.586115 0.0382578 -0.147988 -0.514729 0.0657928 -1.68767 -0.0120034 -0.155988 -0.164745 0.0561329 -3.04758 0.0516328 -0.336775 1.02073 
1.30052 0.0772738 -0.826778 1.11508 -0.205678 -1.20104 -0.295521 -1.05969 -1.77621 0.134163 -1.90854 1.12287 -2.16842 -0.0504736 0.0522449 -0.376014 0.112659 -1.33603 -0.0059165 0.1623 -0.170407 -0.0102646 -1.68081 0.052105 -0.56721 0.119224 -0.0665083 0.63647 -0.341215 0.690242 0.373992 0.327615 0.483338 -0.0831283 0.969726 -0.77182 0.795269 0.345295 1.30725 
1.27046 0.155738 -1.05983 1.14259 -0.831297 -1.28866 -0.222226 -1.29983 -1.63978 -1.18955 -1.78008 0.644905 -1.98424 -0.109573 0.596048 -0.349626 0.630906 -0.160056 0.165502 0.613034 -0.118788 0.69263 -0.493579 0.873515 -0.142903 0.721138 -0.00167867 0.0868282 0.581415 0.052379 1.698 -0.0346407 0.0491294 0.285853 0.399296 1.84415 0.944161 0.299843 1.33835 
1.19095 0.673322 -1.1764 1.74599 -0.365734 -1.03554 0.317513 -1.17847 -1.08358 -0.359415 -1.03503 0.979965 -1.44728 -0.0521522 0.139073 0.205402 0.165038 0.361968 -0.0405572 0.211429 0.115446 0.389031 0.163342 0.996266 -0.267367 1.45757 0.12412 -0.756212 0.708168 -1.00772 -0.411334 -0.508993 -0.814491 0.591992 -0.277109 -0.832288 -0.345206 -0.55093 0.234109 
1.21831 0.294811 -0.854424 1.30763 -0.469329 -1.32922 -0.0107969 -1.18439 -1.25075 -1.02621 -0.783818 0.377537 -0.52667 0.0145478 -0.160164 0.358542 -0.376812 -0.57139 -0.343492 -0.201457 0.473204 0.415521 -1.32587 0.528308 -0.693833 0.955247 -0.0151167 0.157232 -0.414489 -0.0762233 -1.56424 -0.234923 -0.173873 0.049915 0.312296 -0.688388 -1.39504 0.126545 -2.01252 
1.2055 0.513158 -0.817862 1.36917 -0.937124 -1.37903 0.116056 -0.705271 -0.668063 -1.68528 -0.506717 0.286133 -0.492035 -0.0672689 0.296305 -0.209087 0.0888142 -1.20227 -0.27548 0.0375554 0.165361 0.701327 -0.525046 -0.398776 -0.140822 -0.554944 -0.120574 0.539824 -0.594668 0.743515 0.0654281 0.153861 0.0135138 -0.438427 0.350062 2.51266 -0.898893 0.717681 -1.17662 
1.15104 0.591116 -1.06351 1.39644 -1.6716 -1.6047 0.0267585 -1.01902 -0.549423 -1.55126 -1.18259 0.236716 -1.08161 -0.106027 0.37966 -0.236126 0.366703 -0.505962 -0.189631 -0.187943 0.0347774 0.765583 1.1868 -0.370585 0.0238486 -0.221369 -0.0308211 0.0243961 0.154694 0.279465 1.29795 0.560749 0.0694417 0.0196226 -0.445089 1.15035 1.30808 0.245379 0.627667 
1.09947 0.892817 -1.05399 1.73588 -1.44309 -1.56867 -0.0718868 -0.670493 0.0975203 -0.498484 -0.877302 0.309981 -0.713403 -0.09809 0.320701 -0.0543931 0.368279 0.0956713 0.285269 0.106997 0.184984 0.256238 0.625307 0.909301 0.104557 0.0727231 -0.0063049 -0.352011 0.0784943 -0.32076 0.245515 0.642507 0.458689 -0.536887 -1.33973 -0.561593 1.11975 0.281435 -0.0237124 
1.05295 0.911817 -1.1179 1.76472 -1.57593 -1.31943 0.133756 -0.83404 -0.293185 -0.925951 -0.273294 0.341273 -1.00889 -0.112332 0.027649 -0.157631 0.0459428 -0.260447 0.452876 0.270746 -0.50211 -0.574152 0.625205 0.749167 0.305283 -0.245081 -0.00657676 -0.163967 0.0887999 -0.280231 0.335634 -0.0443523 0.0126334 -0.511034 -0.281423 0.208069 -0.251672 0.333297 0.379343 
0.987137 0.920467 -1.21162 1.78182 -1.70353 -1.11579 0.198859 -1.1726 -0.476632 0.12672 -0.128134 0.615265 -0.958484 -0.104667 0.156734 0.0344068 0.0880483 0.431305 0.240917 0.11963 -0.326049 -0.0251842 0.833376 0.657629 0.437854 0.452066 0.0329253 0.217186 0.383976 -0.146848 0.329816 -0.343723 -0.249366 0.942148 0.572048 -1.47741 -0.470124 -0.437143 0.529846 
0.948282 1.06855 -1.0835 1.85277 -1.14463 -1.07851 0.253386 -1.16009 -0.318369 -0.0925746 0.384335 0.779127 -0.556825 -0.0794062 0.244835 0.226344 -0.100906 0.0693691 0.109153 0.02138 0.440038 -0.00210435 -0.852202 0.279043 -0.13186 0.284765 -0.00722208 -0.162824 0.657145 -0.200728 -0.307669 -0.307777 0.306346 0.798927 0.00115315 -1.27832 -0.884565 -0.636938 0.216056 
0.907731 1.1653 -0.985274 1.68091 -1.63416 -1.00664 0.220239 -0.732565 -0.478736 -0.725481 0.150909 0.483405 -0.673719 -0.111889 -0.00609032 0.691551 -0.112679 0.123636 -0.0668607 0.425977 0.472877 -0.0240311 -0.44494 -0.226936 -0.199085 0.668122 -0.0961438 -0.466853 0.386478 0.0996461 0.384539 -0.289767 -0.468015 -0.357456 0.108226 0.262684 -0.526686 -0.528042 0.105434 
0.836393 1.06246 -0.391946 1.74009 -1.02099 -1.14538 0.679363 -0.687212 -0.3424 -0.537515 0.157398 0.580042 0.111297 -0.17555 -0.222017 0.612823 -0.00125952 0.453909 -0.180614 -0.446635 0.0825823 0.106121 -0.589517 -0.247642 -0.659901 0.390199 -0.0342091 -0.124026 -0.300744 0.335139 -0.135768 0.10032 -1.77668 -0.291656 0.196511 -0.104073 0.0931798 -0.355746 -0.348564 
0.732181 0.943285 -0.372452 1.67965 -1.18026 -1.18725 -0.226395 -0.649982 -0.372615 -1.315 -0.0967338 -0.176496 -0.28352 -0.146098 -0.130117 0.390807 0.22246 -0.0121322 0.0334588 -1.35071 0.181221 0.17248 -0.549013 -0.133757 -0.554831 0.319558 -0.00530903 0.437553 -0.315141 0.277247 0.20707 -0.0748863 0.0411562 0.266456 0.267461 0.760705 0.606553 0.826344 0.77749 
0.690295 0.932344 -0.00113903 1.96255 -1.03312 -1.11192 -0.671343 -0.505991 -0.169921 -1.08653 0.0236417 0.0252113 0.430855 -0.180859 0.215535 0.297682 0.275988 0.660979 -0.2555 -0.405479 0.349038 0.373582 0.171188 0.358911 0.166443 1.16769 -0.118646 0.508678 -0.80181 -0.748698 -0.342257 0.191276 1.85914 -0.30386 -0.758728 0.192213 0.0667463 1.14715 -0.938926 
0.551322 1.15882 -0.0747698 1.95564 -0.519277 -1.44275 -0.631874 -0.300944 0.000967312 -1.14381 0.262177 -0.0100536 0.884169 -0.264744 0.378561 -0.411003 -0.526238 -0.354389 0.224735 0.508435 -0.122639 -0.586248 -0.3568 -0.0670102 0.592319 -0.619368 -0.107108 0.0175299 0.0593398 -0.931649 -1.1629 0.784707 1.25684 0.211052 -1.09205 0.089887 0.221892 0.419063 -1.30448 
0.425551 1.3109 -0.412142 1.43631 -1.38751 -0.887181 -0.162907 -0.62863 -0.756169 -1.44333 -0.0433685 0.617531 -0.188513 -0.287967 0.233065 0.357021 -0.655661 -0.501925 0.529207 0.851365 0.56009 -0.718465 0.261075 0.580803 0.585506 -0.13679 -0.121505 0.0576626 1.82406 -0.234436 1.15091 -0.128236 -0.711502 1.24767 0.0692572 1.16676 1.28925 -1.53569 0.267256 
0.263356 1.39188 0.282252 1.29998 -1.0212 -0.913543 0.219491 0.259146 -0.717497 -0.882735 0.84298 0.575452 0.74738 -0.386249 0.436224 1.41306 -0.760673 0.796516 0.0964995 -0.203066 1.12503 -0.516991 0.809962 1.22224 -0.94337 -0.352111 -0.161739 0.301818 1.26648 -0.894635 0.534376 0.870979 -1.34532 -0.891525 1.10101 -1.13652 -0.13718 -1.61658 -0.522374 
0.039302 1.74713 1.00092 0.675641 -0.590996 -0.790682 -0.365974 0.4964 -1.27316 -0.633366 1.17887 -0.32584 -0.540624 -0.449706 0.534883 1.62351 -1.5503 0.0324503 1.40019 -0.493957 -0.331435 0.382542 -0.875443 0.443623 -1.03107 -0.659164 -0.0646178 -0.945719 -0.377626 -0.239011 -1.48128 1.41944 0.340345 -1.55221 1.57092 -1.8994 -0.686186 1.17613 0.380716 
-0.18635 1.92677 1.90576 -0.250315 -0.988752 0.486643 -0.274466 -0.0722885 -0.334955 -1.75818 1.2866 -0.455622 0.088216 -0.450867 -0.509495 1.03543 -0.999684 -0.684764 1.51593 0.137278 -0.427184 1.05393 -1.08944 0.536056 0.232761 0.0286046 -0.13724 -2.35945 -2.27831 1.41168 1.40974 -1.08598 0.534099 1.07568 0.468984 2.43715 -0.43007 1.85974 0.683658 
-0.411565 1.23763 2.03635 -0.324043 -1.27576 0.725253 -0.228695 0.0692165 -0.21923 -1.7228 1.71493 -0.093079 -0.51202 -0.586946 -1.82457 -0.654809 -0.138612 1.44219 0.314209 0.0401421 0.744241 0.851527 1.56171 0.0135523 0.828662 0.0244941 -0.0113942 -1.23135 -2.13953 1.08416 2.67946 -1.03907 0.268866 1.15584 0.0517889 3.43395 -1.74475 -0.641963 0.587935 
-0.773296 0.102203 1.25095 -0.388926 0.453436 0.800852 -0.234324 0.671953 0.516572 -0.196467 1.30015 0.37304 0.11271 -0.462261 -1.74084 -1.1041 0.0844741 1.9947 0.476869 0.406144 0.728651 1.10572 2.34451 -1.2087 -0.409202 0.61654 0.390936 1.43905 0.578831 -0.0438768 -1.84457 -0.130827 1.1836 -0.55517 -0.381207 -0.211989 -0.735159 -1.49491 0.247899 
-0.873826 -0.503209 0.932256 -0.239569 0.71894 1.20212 0.177449 0.797868 0.886488 0.621712 0.506234 -0.502281 0.10452 -0.19601 -0.385514 -0.0759775 -0.182488 -0.402386 0.183382 1.22374 0.189071 0.470319 1.34972 -0.721607 -0.666247 0.272393 0.344954 1.38148 0.924393 -0.497854 -1.81123 -0.709938 -0.583076 -0.299508 -0.622873 -3.06539 1.08666 0.609919 -0.311739 
-0.969306 -0.283311 1.17497 -0.571415 0.0510507 0.984234 0.989416 0.861024 0.986891 1.15325 0.578548 -0.293207 0.385104 -0.117307 -0.359367 -0.179704 -0.41338 0.183473 -0.233069 -0.176931 0.429143 0.482846 -0.72088 -0.122041 0.200717 0.304801 0.195405 0.154887 -0.268639 -0.172548 0.510515 -0.0448755 -0.871162 0.501334 0.111982 -1.37555 1.53594 1.25228 -0.514972 
-0.991133 -0.862575 0.752551 -0.652949 0.902413 0.969052 0.000517847 1.22701 1.36933 -0.0991686 0.384193 -0.301564 0.409321 -0.000605536 -0.230627 -0.344617 -0.355036 0.108129 0.138506 0.352577 0.690405 0.582302 -0.025826 0.814331 0.586035 -0.242578 0.0514244 0.289532 -0.0274676 0.0561203 -0.789045 0.00539523 1.11166 -0.923092 -1.66677 1.71596 0.129071 -1.33383 -1.816 
-0.969912 -0.513938 0.830355 -0.926451 0.15918 1.12274 1.34199 1.55143 1.56919 1.12743 1.39288 0.292828 0.142525 -0.065883 -0.0698342 -0.207172 -0.35726 -0.605572 -0.227674 0.93473 -0.493949 -1.18392 0.995078 0.0070297 -1.13312 -1.5112 -0.030564 -0.335116 0.195432 0.436378 0.395743 -0.65399 -1.87247 -1.49168 -1.31863 -0.840211 -1.50136 -0.997846 0.27468 
-1.05702 -0.93241 0.545379 -1.01021 0.296842 0.741378 0.935247 0.733062 0.185413 0.895909 0.391222 -1.43468 -1.10188 -0.0311695 -0.565743 -0.149185 0.081342 0.503872 -0.515484 -1.51989 -0.801279 -0.736333 -0.866037 -0.687029 -0.411811 0.0321021 0.164347 0.282974 0.469677 0.568408 0.473461 0.376871 -1.44061 0.596561 2.19311 -0.78782 0.419618 2.05994 3.34188 
-1.00108 -1.07968 0.68117 -0.845109 0.663051 0.607257 -0.1779 0.75015 0.83286 0.261392 0.70585 -0.118983 0.174627 0.0984643 0.21314 0.262505 0.211148 -0.132111 0.149196 -0.505878 0.102613 1.00919 0.207258 0.426648 0.926826 1.83068 0.0519977 0.920495 0.104271 0.059726 -0.769221 1.14044 2.52105 0.904733 1.16161 1.63459 1.02725 0.364381 -0.147881 
-0.958552 -0.71927 0.807884 -0.79906 0.164731 0.890574 0.429369 0.835675 1.1946 1.10317 0.81787 -0.507855 0.728795 0.0208282 0.354753 -0.0449139 0.141068 -0.265349 0.624958 1.00115 0.103453 0.42528 0.768555 0.340221 -0.0474299 -0.115779 -0.0968683 -0.218873 -0.558643 -0.451362 0.00774948 -0.187229 0.139947 -0.471026 -1.77111 -2.208 -1.11051 -1.39417 -2.90904 
-0.980253 -0.724928 0.636256 -0.704041 0.397702 1.23221 0.823253 0.853604 1.25814 1.02995 1.04607 -0.166413 0.0588482 0.00159597 -0.00573271 -0.296137 -0.240214 -0.124362 -0.038033 -0.365931 -0.368413 -0.761926 -2.00074 -0.683861 -0.467343 -1.07837 -0.032623 -0.503902 0.178748 -0.321834 -0.410376 -1.10537 -1.16782 -0.124647 -0.301796 -1.06253 -0.983888 0.74134 0.3895 
-0.956956 -0.725002 0.511747 -1.03927 0.0403692 0.852541 0.0634384 0.467261 0.432676 -0.897577 0.134009 -0.975198 -0.349572 -0.0117948 -0.14915 0.133835 -0.180766 -0.675725 -0.480417 -0.166668 -0.0211932 0.123484 -0.293977 -0.643667 0.69391 0.27372 -0.109296 -0.145104 0.80361 0.229267 -0.46422 0.49197 1.53048 0.903497 0.845055 2.11476 0.44984 0.711199 1.35835 
-0.992048 -0.874078 0.770091 -0.884807 -0.278023 0.751797 0.656585 0.83241 1.38162 0.735969 0.402404 0.527497 0.332569 -0.1077 -0.150837 0.507472 -0.0109466 -0.588582 0.453937 1.16455 0.535084 0.0831288 0.11402 -0.234021 0.243856 0.279981 0.00530417 0.0984619 -0.247629 0.19843 0.116014 0.441975 -0.273437 0.0757222 -0.472318 0.204045 1.33915 -2.04242 -1.64022 
-1.06466 -0.875839 1.01922 -1.05022 -0.548213 1.30648 1.22799 1.00234 0.515804 -0.783556 -0.100012 -0.731342 -0.0695913 -0.00649063 -0.0506878 -0.113795 0.017663 -0.559711 -0.0384425 -0.440104 0.0545289 -0.348835 -0.0899324 0.695484 -1.34851 -1.3665 0.193038 0.330834 -0.726335 0.0162322 0.872475 -0.815699 -1.43984 -0.600339 0.204511 0.797995 0.99193 0.0121118 -0.164484 
-0.998539 -0.924766 0.656296 -0.867144 -0.837734 0.713354 0.216481 0.886939 1.03279 0.646037 1.09789 -0.82101 -1.03393 0.0853381 0.179997 -0.218863 0.00528554 0.283894 -0.361763 -0.275291 -0.065255 0.28764 0.912016 0.757909 0.255968 0.115496 -0.040363 -0.012375 0.448885 0.0499969 1.2522 0.390056 1.17301 -0.271284 0.511249 0.594128 -0.786507 1.64874 3.5486 
-0.979318 -0.695842 0.800356 -1.04493 -0.264319 0.944715 0.9527 0.93709 0.803445 0.12846 0.657896 -0.475375 0.045905 -0.0468537 -0.0630628 0.33509 0.06766 0.692487 0.351614 0.732908 -0.216755 0.162414 0.504195 -0.0910231 0.300233 2.1821 -0.0768889 -0.151505 0.404503 0.270384 -0.0124295 0.237971 0.258281 0.232304 -0.399851 -1.37824 -1.04321 0.0475655 0.678681 
-1.04539 -0.987829 0.991386 -0.799484 -0.145247 1.06497 0.949389 0.670184 1.1952 1.15023 1.00686 -0.520776 1.14817 0.00844918 0.0284917 0.18564 0.27567 0.271464 -0.123792 -0.0170104 0.167049 -0.11221 -0.466227 -0.285302 0.303533 0.794177 0.109307 0.137895 -0.707332 -0.0131876 0.0870312 -0.257571 -0.876909 0.418159 -1.10279 -2.05053 -0.667367 0.000584957 -2.26834 
-0.970869 -0.66735 0.985996 -0.769265 0.00714514 0.820923 0.93569 1.10414 0.691234 -0.337768 0.372594 -0.171842 0.840082 0.0624534 0.0748325 -0.372241 0.0544724 0.779518 0.0940425 -0.144001 0.201404 -0.940376 -1.54634 -0.75839 0.300818 -0.086239 -0.0585932 -0.143876 -0.311315 -0.213227 0.48432 0.465712 -0.174564 -0.515278 0.237826 1.77031 1.22478 -0.112697 -2.15209 
-0.982939 -0.912996 0.619145 -0.745012 0.634271 1.15901 0.805388 0.871588 0.254828 -0.396107 0.248475 -0.219958 1.06193 -0.050144 -0.115385 -0.125675 0.0624427 0.755784 0.34192 -0.191575 -0.348229 0.125616 1.30408 0.939481 0.190836 -1.35792 -0.120475 -0.208124 0.170582 -0.452365 -1.50684 -0.207302 -0.00762958 -0.282355 2.07614 2.97907 1.07382 0.176474 -0.283287 
-1.02101 -0.782735 0.860321 -0.706823 0.762929 1.16284 0.744115 0.755911 0.81685 0.966316 1.31207 0.0189944 -0.517836 -0.0580214 -0.133291 -0.20166 -0.397893 -0.727319 -0.11326 -0.151631 -0.0809515 1.13576 1.43273 0.315431 0.477292 -0.369526 0.0587947 0.17266 0.0652547 -0.187904 -1.24931 -0.443561 -0.377393 0.498451 0.252624 -2.4558 -2.2401 -0.80568 1.65241 
-1.04096 -1.04629 0.417485 -1.1429 -0.093048 1.04575 0.653757 0.790636 1.39059 1.03663 0.563905 0.257334 0.692403 0.00865064 0.0572749 -0.0604202 -0.125461 -0.493523 -0.101641 -0.568968 0.150222 0.37824 -1.15172 -1.30062 -0.614844 0.294491 0.154908 0.533144 0.623635 0.850846 1.19808 0.225624 0.339357 0.444288 -1.85718 -2.24194 -0.0223101 -1.34189 -0.866979 
-1.01236 -0.72546 0.799901 -0.832284 0.269406 1.0612 0.175147 0.906133 1.19509 -0.1854 0.0114591 -0.59585 -0.223345 0.0968861 0.399852 0.421975 0.452954 0.470765 0.112364 0.187726 0.363336 -0.721415 -0.809207 0.293121 -0.8646 -1.23651 0.00540032 -0.0945544 0.142017 0.0586804 -0.0886407 -0.221672 1.06268 0.153124 -1.21794 0.264898 1.19173 0.632282 0.807314 
-0.944074 -0.646435 0.83946 -0.689951 0.377717 1.15811 0.841483 1.15397 0.669176 0.227418 0.857026 -0.607266 -0.544103 0.014051 -0.0372796 0.081597 -0.0667811 -0.582164 -0.323313 0.493717 0.303346 -0.839705 -0.886818 -0.108886 0.0174379 1.1018 -0.149403 -0.737098 -0.45381 -0.427454 -0.708337 -0.30354 -0.0814985 -0.161546 1.39349 1.78467 -0.764764 1.25447 0.0623718 