-0.876589 -0.913196 0.531103 -0.430327 0.29927 0.232955 -0.869155 0.489676 0.716157 -0.568289 0.31267 -1.5304 -2.15338 0.0422689 0.0807198 0.21448 0.208329 0.150185 -0.472416 -0.635526 0.315324 0.531343 0.0692511 0.0524092 0.0262592 1.27239 0.00199771 -0.113984 -0.314936 0.467024 0.367987 0.135129 2.58525 0.706767 -0.325412 0.124797 0.118948 2.48856 4.27051 
-0.82719 -0.825409 0.729945 -0.108286 0.555318 0.0514634 -0.951765 0.473306 0.596384 -0.351244 0.414181 -0.0125736 0.883259 0.019243 -0.0400036 -0.033117 0.322498 0.0460499 0.085314 1.2427 0.361402 -0.239657 0.393004 0.369978 1.75177 2.33541 -0.0727879 -0.22285 -0.633943 -0.45742 -0.449748 0.891205 1.55247 -0.0358248 -0.58944 0.100482 0.338595 0.517694 -2.42107 
-0.857346 -0.953199 0.497986 -0.107829 0.34532 0.318269 0.373544 0.851078 0.476499 -0.175285 0.682649 0.221369 0.182032 -0.0305191 -0.14213 -0.419463 -0.249091 -0.299563 0.41879 0.916944 0.279499 -0.0580969 0.169733 0.391005 0.543953 -1.14867 0.0404755 0.166617 -0.0678591 -0.818004 -0.387417 -0.371751 -1.84512 -0.380377 0.529708 -0.320413 -0.0308859 -2.71592 -1.44705 
-0.857709 -0.96754 0.310483 -0.357377 0.255755 0.470253 -0.0348207 0.752806 0.538287 -0.181511 0.805185 0.531379 -0.265414 0.0597185 0.126613 -0.100976 -0.495506 -0.341367 -0.286437 -0.602423 -0.0189745 0.290051 0.0725915 0.339092 -0.964149 0.888361 0.138274 0.216621 0.686913 0.68045 0.29513 -1.17131 -1.24629 -0.121513 0.0391685 -0.826846 -0.225895 -1.08475 1.87765 
-0.797627 -0.826586 0.39701 -0.603336 0.00395286 0.031833 -0.228879 0.832103 0.76655 -0.102694 1.02174 -0.74278 1.07039 0.107755 0.0744907 0.267451 0.431359 -0.00443281 -0.752521 -0.329348 0.157986 -0.0189284 -0.657113 0.165109 -0.540796 0.728975 -0.0529865 -0.157258 0.229002 1.04394 0.997733 0.798487 0.760484 0.059324 -0.383846 -0.43233 -0.986177 2.8318 -0.821869 
-0.749953 -0.893049 0.577933 0.0739821 0.251322 -0.282268 -0.364169 0.910792 0.519359 -0.838623 0.970294 -0.00941714 0.463561 0.00673206 -0.0306454 0.128026 0.548432 0.656365 0.51205 0.158061 0.0403495 -0.0937951 -0.359738 -0.647084 1.86765 0.0664912 -0.0747277 -0.124753 -0.289975 -0.313903 0.469739 1.74899 0.342287 -0.560393 0.274258 1.40303 -0.759991 -0.010103 -1.99032 
-0.790895 -0.857232 0.525036 -0.0549039 0.660318 0.543883 -0.0708186 0.872453 0.672755 -0.462432 0.374656 1.12487 1.13688 0.0330277 -0.0502623 -0.0225241 0.117455 0.465306 0.996469 0.0129394 -0.402407 0.25533 0.745919 -0.594882 -0.550899 -1.26134 0.0173269 0.0035975 -0.20355 -0.658941 -0.802126 -0.154451 -0.359903 -0.37648 -0.0990224 0.0882747 0.0637861 -3.62834 -0.506397 
-0.716926 -0.943311 0.555409 0.191437 0.716628 0.7142 -0.351229 0.508385 0.774688 -0.0927045 0.375413 -0.560316 -0.797779 0.0240589 -0.0270479 -0.0755238 -0.110509 -0.145761 0.357599 -0.201843 -0.33613 -0.192818 -0.271463 -0.583298 -1.76069 -0.439906 -0.0835416 0.197729 -0.44759 -1.05948 -0.932361 -1.62724 0.0490995 0.330059 -0.666606 -1.15896 0.7802 1.21464 2.55025 
-0.766836 -0.88428 0.449512 -0.165413 0.514557 0.901482 -0.272661 0.536323 0.479938 -0.733895 -0.208642 -0.635816 0.696977 -0.0505139 0.147467 -0.470115 -0.942028 -0.467055 -0.630776 0.0620389 -0.072348 -0.411276 -0.413043 0.185318 0.663742 1.28891 -0.0529504 0.240288 0.137434 -0.19681 0.401476 -1.13825 -0.058358 0.573897 0.544193 1.52427 1.50128 2.60793 1.92646 
-0.767439 -0.795844 0.0852946 -0.750591 0.249574 0.0834239 -0.28919 0.436037 0.363412 -0.505747 0.560731 0.103426 0.491134 -0.0288915 0.213241 0.0619101 -0.30732 0.255715 -0.780648 -0.260201 0.237767 0.351375 1.25281 0.917982 0.847242 1.48655 -0.00643437 -0.16721 1.05213 1.85766 0.543898 1.16077 0.588278 0.442504 0.622481 1.07295 0.0645117 -0.736983 -2.58114 
-0.795728 -0.671039 0.511422 -0.472733 0.770272 0.120834 -0.532862 0.77409 0.831313 0.518915 0.70934 0.211426 2.18353 -0.0569482 -0.0197437 0.582018 0.91563 0.0768431 0.529995 0.650317 0.370156 0.211205 0.659903 0.24983 -0.073241 -1.29223 0.0141201 -0.275963 0.271391 1.14602 -0.636527 1.70659 1.35717 -0.0994388 -0.471353 -1.7945 -0.891006 -2.07261 -4.58433 
-0.824388 -0.815588 0.667313 0.165039 0.326417 0.613419 0.361127 0.806193 0.574616 0.154156 0.810561 0.0301849 -0.801094 -0.0147714 -0.0627224 0.333301 0.838705 -0.380812 0.925938 1.09697 0.138329 -0.119977 -0.541686 0.0269758 -1.22537 -3.09778 0.0590096 -0.130261 -0.782521 -1.21797 0.275045 -0.315026 -1.80165 -0.525125 -0.199294 -1.13203 -0.28882 -0.387131 1.09565 
-0.810499 -0.733762 0.844723 0.365972 0.389461 1.04677 0.564105 0.912419 0.711336 -0.0227709 0.736316 -1.01395 -0.914251 0.0020614 -0.150004 -0.200502 -0.302343 0.351888 0.21497 -1.15133 -0.154969 0.0119109 -0.472132 -0.03899 -0.460372 -0.196573 0.0547513 -0.0200286 -0.603321 -1.61107 0.276502 -1.99316 -2.69436 -0.777058 0.302171 0.701619 -0.0169063 2.71409 4.19319 
-0.822326 -0.965593 0.466811 -0.137304 0.678305 0.828389 -0.790204 0.651224 0.586527 -0.317976 0.771571 -0.430187 -0.997667 0.0399799 -0.0827511 -0.27002 -0.772363 -0.10431 -1.06722 -1.59739 -0.638729 0.182194 0.159934 0.0100696 1.48872 1.09541 -0.0265344 0.142556 0.236019 0.209611 -1.13144 -0.909097 2.36824 -0.0280109 -0.326305 0.207374 -0.208414 1.36619 1.60492 
-0.770519 -0.816513 0.574703 -0.406391 0.285151 -0.0204463 -1.03329 0.27369 0.89353 0.137163 0.746385 0.474773 0.181157 -0.024473 -0.00744833 0.0355172 -0.0927317 -0.779551 -0.694128 1.21691 -0.18298 -0.314394 -0.264757 -0.247404 0.905814 1.40835 -0.110591 -0.013994 0.213648 0.998185 0.188012 1.32394 2.09753 0.898662 -0.481329 -0.536801 0.072295 -0.761126 -0.367863 
-0.846799 -0.973041 0.502328 -0.230036 -0.101246 0.134261 0.426707 0.468244 0.272134 -0.582733 0.524167 0.475627 0.410683 -0.0706113 -0.0967451 -0.0563724 0.225823 0.0837022 0.25672 0.500135 0.259933 -0.299135 -0.376867 0.0823646 0.727592 0.727545 0.0192536 0.17537 0.42467 0.58734 1.4512 0.348504 -2.88074 0.411859 0.706729 0.679735 0.470735 -0.168125 -0.961223 
-0.841131 -0.913258 0.518331 -0.180568 0.368853 0.236273 -0.533153 0.533624 0.594394 -0.239705 0.82875 1.20236 0.908703 -0.0052194 0.167922 0.460187 0.494609 0.671647 -0.345624 -1.66383 0.228879 0.392335 0.414977 0.223331 0.737689 0.447127 0.105246 0.236525 0.194429 -0.37833 0.00353283 0.0517023 0.434551 0.114741 0.807035 0.706961 -0.214902 -0.307042 0.352391 
-0.852019 -0.805119 0.962515 0.264573 0.570401 -0.211363 -1.23712 0.697123 0.664469 -0.167756 0.747498 1.21332 0.85781 0.0346344 0.13978 0.138057 -0.152508 0.0872351 0.308422 0.934687 0.374675 0.5079 0.330094 -0.132538 0.42055 1.07994 0.059947 -0.315008 -0.974676 -0.491639 -0.734123 0.598132 3.67675 0.289432 -0.163647 -0.439433 -0.129106 -1.05193 0.0135935 
-0.806496 -0.773478 0.656388 -0.333076 0.456088 0.544695 0.401534 0.908298 1.10229 0.0903889 0.696212 1.62292 1.98864 0.0547276 -0.147086 -0.514488 0.00296962 -0.062476 0.252508 2.01293 0.518311 0.228688 -0.0244553 0.0942246 -0.314241 0.46072 0.102602 0.0642339 0.26065 2.00731 0.389791 -0.218788 -2.19562 -0.99103 -1.23004 -1.33159 0.178404 -2.69829 -3.56707 
-0.797291 -0.952205 0.448027 0.267542 0.507925 0.0411449 0.775807 1.21543 0.893157 -0.192211 0.841723 0.899075 1.31853 0.137237 0.204013 0.398707 1.8548 0.477026 0.0896342 -1.26094 -0.616355 -0.722136 -1.0015 0.045866 -2.27774 -2.48714 0.680662 2.15296 2.37041 1.47581 -1.00235 -0.548062 -5.16081 -3.12281 -0.334815 -1.67131 0.0645139 -0.400711 -3.81574 
-0.66926 -0.569465 1.05509 1.52172 0.933114 0.634329 -0.859404 0.291943 0.380158 -0.911107 0.742078 -0.654823 -0.498497 0.735389 2.00588 1.85592 1.47878 -1.06483 -0.295554 -3.14789 -2.6045 -0.106127 -1.69577 0.158738 -0.714952 -3.35502 0.692254 2.20104 0.49635 -4.02803 -2.76522 -2.3162 -0.923305 -0.816128 0.0810926 -0.925434 -0.5135 3.27713 1.28967 
-0.061902 1.05367 2.30395 1.74633 -0.556904 -0.254409 -2.37208 -1.38907 0.78703 -1.88798 1.00046 0.184123 -2.03649 0.82949 2.40506 0.895057 -2.17323 -2.28819 -2.22657 -2.18424 -1.43248 -0.641044 -1.92693 -0.467634 0.999394 -1.19746 -0.250838 -1.16701 -2.58531 -3.91189 0.125715 0.151576 4.05559 2.37556 -0.134956 1.80558 -1.16916 0.927826 4.59942 
0.160231 1.83559 1.95015 -0.651507 -1.35508 -1.59224 -3.04365 -1.14054 -0.260886 -2.83804 0.274444 0.344571 -1.69596 0.484551 0.838862 -0.729389 -2.4331 -0.939114 -0.143978 0.907701 -0.228941 -0.241083 0.109817 -1.01042 0.212874 1.24439 -0.304759 -2.80234 -1.7749 2.62282 1.72242 2.86681 4.70696 -0.214917 1.11653 3.91271 -0.408241 -1.43674 2.79799 
0.422649 1.89253 1.57456 -0.686778 -1.49602 -0.398387 -1.46438 -1.61801 0.545947 -1.77816 -0.00996122 0.396997 -0.792096 0.524732 -0.397282 -0.879845 0.44959 -0.565769 0.640236 2.52272 -1.6474 0.475483 1.98578 -0.875875 -0.43735 1.60052 -0.0729434 -1.02258 -0.510948 3.93277 -0.202629 -0.356046 0.94726 -0.916418 0.276198 1.50925 0.100974 0.146406 0.300323 
0.684962 1.43831 1.07031 -0.201917 -1.92085 -0.952005 -0.52093 -2.78794 0.214597 -0.852255 -0.601431 -0.0927789 -0.0954365 0.411607 -0.183713 -1.24034 1.49966 -1.14174 -0.500023 1.85496 -1.14536 0.0351149 1.61906 -0.909448 0.35928 1.54472 -0.172137 0.493548 -0.683367 0.639319 -0.126559 -2.08084 -1.26467 2.21218 -0.499562 -1.97902 0.776774 1.40298 -1.44755 
0.834256 1.70882 0.334224 0.812886 -2.63776 -0.89841 0.390583 -2.76337 0.581062 -0.159095 -0.919409 0.756277 0.752621 0.352595 0.0962663 -1.56321 1.08891 -0.692329 -1.4406 1.25805 0.564782 -0.0240794 0.00676469 -0.0991015 0.965632 0.152972 -0.0419725 -0.0677112 0.128516 -1.87347 0.869755 -0.877309 -0.589546 1.75212 -0.471742 -1.9789 1.12186 -0.207455 -2.29303 
1.03756 1.53458 -0.492905 0.886992 -2.61317 -2.39261 0.737115 -2.22316 0.190518 -0.84549 -0.700532 0.872853 0.0575354 0.369635 -0.251424 -1.11182 -0.373806 -0.271988 -1.37733 1.26541 0.606761 -0.436627 -0.359831 0.21241 0.151826 -0.748313 -0.123378 -0.0457848 0.842467 -1.41061 0.327277 2.39825 -0.037705 0.0876754 -0.142455 0.267205 0.0859921 -1.17622 -0.591549 
1.20389 1.4574 -0.777597 0.43908 -2.90975 -2.27574 1.656 -2.15661 0.144435 -0.518926 -0.706999 0.908103 0.0043078 0.229218 0.0504815 -0.720744 -0.321705 -0.365052 0.95765 1.22034 0.652457 -0.166534 0.27397 -0.0131094 -0.210592 -0.438577 -0.205397 0.241691 0.660019 -0.323481 0.952377 2.23771 -0.359641 -0.267902 0.234306 0.659517 -0.687466 -0.753913 0.0123177 
1.26678 1.58506 -1.21365 0.565287 -2.97823 -1.43496 1.95746 -1.5707 0.0239837 -0.57152 -0.713642 0.662261 -0.381042 0.164238 -0.00973251 -0.451802 -0.697287 0.680389 0.860375 0.905774 0.33886 -0.202321 0.299687 -0.475056 -0.602088 -0.735996 -0.0170236 -0.768242 0.838574 -1.86623 1.05477 -0.665611 -1.0576 -1.04885 -0.381149 -0.442508 -0.667412 -1.16035 -0.0205437 
1.36813 1.44766 -1.2294 -0.258207 -2.22936 -1.41537 2.56177 -1.81775 -0.057886 -0.219239 -1.18206 0.306015 -0.731688 0.212194 -0.717761 0.11783 -2.18793 0.689719 0.292039 0.162739 -0.396393 -0.547683 -0.168538 -0.680522 -1.37094 -0.459121 0.0168931 -0.485618 0.38964 -0.54245 -0.178072 0.0219599 -1.3246 0.216294 -0.874563 -0.0373918 -0.103595 0.647593 0.862342 
1.47897 0.867296 -1.09582 -1.62265 -2.28851 -1.14292 2.12019 -1.96709 -0.523699 -0.740058 -1.39416 -0.708681 -0.840162 0.181131 -0.49535 -0.0621616 -1.23974 0.502317 0.882335 -0.41883 0.555154 -1.07688 0.262295 -0.578651 0.0455048 0.126347 -0.030741 0.661481 -0.374803 2.16214 0.374583 0.892886 0.0717516 1.18123 -0.480596 1.6463 0.271573 2.96924 0.585391 
1.54926 0.952314 -1.29156 -1.49794 -1.72704 -0.533032 2.14294 -1.26259 -1.13477 0.0430555 -1.76071 0.35152 -0.605341 0.181453 -0.0562803 -0.256973 -0.0257945 1.0643 1.18493 0.234491 0.784837 -1.02828 1.47777 -0.408949 1.5983 0.12627 -0.0535096 0.159625 -0.148962 0.665921 -0.0834037 -0.101543 0.196827 -0.517523 0.176201 0.54833 0.419476 -0.0528504 -0.613846 
1.66042 0.811016 -1.35279 -1.64844 -1.2242 0.0420087 2.35468 -1.18226 -1.55198 0.737707 -1.80311 0.889621 -0.713892 0.127622 -0.335725 -0.211124 -0.573816 0.418913 0.780792 -0.222002 0.0376306 -0.900683 0.810625 -0.159175 -0.00734554 -0.487499 -0.169264 0.0204571 0.0303399 -0.0930888 -1.03215 -0.442666 -1.12224 -0.297421 0.349616 -0.745066 0.469877 -2.03883 -0.667146 
1.67688 0.616588 -1.50268 -2.07176 -1.30813 0.247759 1.92094 -1.22496 -2.03545 0.85368 -1.91988 0.344174 -1.09284 0.0121892 -0.0358232 -0.226633 -0.118883 0.0321541 0.742259 -0.88775 0.487417 -0.678663 0.7327 0.060928 -0.440525 -0.540875 -0.161125 0.541099 -0.161962 1.65238 -0.485464 0.333302 -0.853572 0.948854 0.428153 0.0136391 0.0694962 0.630921 0.133705 
1.67261 0.775193 -1.57943 -1.76733 -1.19205 0.784267 1.46693 -0.69484 -2.23064 1.47041 -1.74218 0.449096 -1.25477 -0.0335036 0.205373 -0.373085 1.07856 -0.0665511 1.11409 -1.07557 0.986485 -0.472531 0.824264 -0.0896787 0.623575 -0.353794 -0.0357309 -0.163688 -0.0797593 0.650704 0.0350967 -0.945807 0.466294 -0.831804 0.579481 -1.13706 -0.2721 0.579759 -0.0688178 
1.64338 0.821962 -1.87577 -0.993196 -1.37468 1.36185 0.845365 -0.238477 -2.50798 1.67794 -2.00956 0.96775 -1.44663 -0.0235417 -0.199512 -0.306393 0.531821 0.0672507 -0.203549 -0.421456 -0.344387 -0.0991823 -0.404361 -0.211172 0.139234 -0.609693 0.0792553 -0.550726 0.52644 -1.42945 0.943547 -2.22975 1.46805 -1.65783 0.616549 -1.3194 0.585395 -1.24045 0.137215 
1.64907 0.575681 -1.88582 -1.2355 -1.1248 0.580719 1.04548 -1.03923 -2.32982 1.06605 -1.95336 0.58833 -1.86446 0.0457518 -0.345353 0.153355 -0.350891 0.876996 -1.11565 0.39248 -0.671343 0.144018 -0.495136 0.495717 -0.616878 -0.216579 0.0750221 0.195098 0.302772 -0.458174 0.816798 -0.292677 0.398269 0.753946 0.189404 0.783668 0.915024 -0.317652 0.960966 
1.68913 0.476609 -1.72241 -1.34409 -0.497687 0.246201 1.23785 -0.90982 -2.36397 1.18281 -1.51384 0.350872 -1.66321 0.0514804 -0.00441405 -0.00362036 0.0736468 0.884049 -0.496226 -0.0231872 0.409559 0.0902218 0.379306 0.703852 -0.178418 0.351273 -0.0591987 0.371734 -0.267021 0.286146 -0.673273 0.807754 -1.43914 1.35656 -0.065464 0.462716 -0.677567 0.138456 0.649239 
1.70055 0.571267 -1.88944 -1.16186 -0.24075 0.0844927 1.02229 -0.629667 -2.2396 1.44535 -1.2495 0.409912 -1.51319 -0.013447 0.0263809 -0.113666 -0.0647446 0.203723 -0.307898 -1.04666 0.685222 0.078554 -0.0324201 -0.18185 -0.478421 0.432659 -0.109526 0.01635 0.0576525 -0.0762042 -0.829476 0.0532797 -1.16311 0.167526 -0.0436529 -0.368428 -1.23383 -0.913084 0.766237 
1.67568 0.50299 -1.83608 -1.40883 -0.293963 -0.0616973 0.19119 -0.224598 -2.28541 1.15039 -1.69569 -0.12755 -1.23055 -0.0580457 0.011936 0.0540321 -0.00255734 0.0545735 -0.442946 -1.18629 0.577085 0.0465688 0.0108786 -0.529981 -1.0915 1.11751 -0.017114 0.0178977 0.166493 0.671042 0.318319 0.356298 0.208929 -0.678913 0.574883 0.528549 0.269882 -0.346265 1.11183 
1.6425 0.583203 -1.83541 -1.16442 -0.186177 -0.358454 -0.164001 -0.052582 -2.19303 1.45623 -1.77949 -0.68159 -0.395676 -0.030561 0.0442786 0.0528266 0.606297 0.522042 0.0483998 -0.837727 0.00630864 0.653437 0.496129 0.0880318 -0.824687 1.54449 0.0212179 0.0762835 -0.0196097 0.412298 0.225976 0.943389 0.732445 -0.326951 0.67458 0.938942 0.115586 1.40245 -0.417466 
1.64512 0.547268 -1.78325 -0.802534 0.228079 -0.0132975 -0.646537 -0.218289 -1.63197 1.64652 -1.60766 -0.952237 0.313934 -0.0368278 0.0882195 0.0344225 0.40974 0.28055 0.500442 -0.453847 0.250134 0.721149 0.949821 -0.414395 0.310948 0.700045 -0.137054 0.0986331 0.0101517 -0.552926 -0.718166 -0.179029 0.0741938 -0.0142131 -0.613324 0.491626 -1.01572 1.1314 -2.39033 
1.60568 0.671423 -1.80099 -0.754675 0.0943727 0.141989 -0.617848 0.197552 -1.47188 2.40605 -2.19388 -0.370642 0.304369 -0.167615 0.142912 0.0629783 0.0533709 -0.196124 -0.130629 -0.763533 -0.00790443 0.040113 0.987755 -0.927692 0.306718 -0.845843 -0.122728 -0.193411 0.537776 -0.657396 0.457731 -1.44762 -0.0447829 -1.09291 -0.313644 -0.911165 0.995659 -0.843338 -1.22828 
1.47751 0.69018 -1.72028 -0.749163 0.0319551 -0.143926 -1.41007 -0.226193 -1.59186 2.63427 -2.53535 -0.645519 -0.531909 -0.159556 -0.105192 0.572198 -0.247656 0.73828 -0.94718 -0.49863 -0.842771 0.407505 0.0386558 0.581264 -0.532389 -0.528239 -0.0689107 0.264438 0.454536 0.641923 0.668231 -0.737909 0.731046 0.108933 0.615861 -0.544675 2.17346 -0.204715 -0.273069 
1.44612 0.566231 -1.22879 -1.00233 0.832653 -0.805191 -1.11648 -0.645219 -1.06438 2.44471 -1.61262 -0.903031 -0.22387 -0.236526 0.40735 0.517515 0.695294 0.472107 -0.868538 -0.0324871 0.101029 0.655974 0.443081 1.24577 0.102003 -1.11891 -0.277777 0.917319 -0.441395 1.45857 -1.08951 -0.176864 0.656657 0.929321 0.304005 -1.54617 0.677348 -0.785514 -0.243105 
1.24098 1.09753 -1.20276 -0.0538696 0.504062 -1.01246 -1.44256 -0.125165 -0.935888 3.07735 -1.28958 -0.543515 -1.65082 -0.437333 0.812127 0.130803 1.21092 -0.351225 -1.12404 0.158027 0.0865502 0.71151 -1.50751 1.25861 -1.3179 -0.771344 -0.195693 0.122856 -0.415786 1.59749 -0.676351 -0.320953 1.02912 -0.241579 -0.0286016 -3.59338 0.0949343 -2.13515 2.35707 
1.00879 1.37836 -1.09798 0.208586 0.481428 -1.92924 -0.958451 -0.558668 -0.352869 0.937195 -0.354004 -2.22093 -0.995214 -0.432219 0.530206 0.101729 2.29278 -0.204243 -1.18949 0.99663 -0.14055 0.627372 -3.1503 1.3407 -2.03315 1.23816 0.140288 -0.612794 0.150256 1.07137 0.731251 0.751864 0.42641 -0.279031 -0.922599 0.478483 -1.01688 1.29579 2.5365 
0.808763 1.62774 -1.10103 2.23891 0.299819 -2.20196 -0.445927 -0.265715 -0.308516 -0.0729466 0.0511218 -2.57666 -0.412661 -0.297045 0.199333 0.281058 2.28228 0.380026 -0.372179 0.584437 -0.192481 -0.21109 -1.02903 0.24173 -0.0221179 1.76516 0.32567 -0.701405 0.537722 -1.89244 0.589033 1.47859 -1.0189 -0.596445 -0.824085 3.32955 -0.62057 2.48342 -0.63582 
0.711743 1.57769 -0.816926 2.49087 0.861454 -2.30141 -0.374014 -0.751149 -0.563959 -0.0918334 -0.112274 -2.24305 0.769943 -0.106548 -0.171199 0.63945 0.400345 0.38479 0.289101 -0.0222657 -0.736995 -0.196713 0.179251 0.720135 0.450269 0.602341 0.1524 -0.379645 -0.0857401 -1.90247 -0.792967 -0.145599 -1.07443 0.106255 0.343584 0.75917 -0.539254 -0.88676 -2.23832 
0.702214 1.45654 -0.461582 2.63926 0.684609 -1.91285 -0.468192 -1.00271 -0.505229 0.106305 0.771257 -2.12639 0.18968 -0.144645 -0.180312 0.195318 0.379811 -0.412941 -0.517779 -0.489992 -0.0862258 0.132494 -0.269859 -0.297524 -0.908878 -0.473165 -0.0993398 0.0754831 -0.463933 -0.371669 -0.417767 -0.398306 0.177607 1.03203 -0.176422 -0.353115 -1.44809 0.150829 1.58036 
0.567097 1.39738 -0.621608 2.87068 0.448513 -2.81919 -0.864006 -0.837375 -0.431465 -0.361692 -0.409798 -3.15193 0.296778 -0.205888 -0.0957155 0.175518 0.0286764 -0.0329768 -0.109205 0.155341 0.295032 -0.373135 -0.173864 -0.727957 0.601098 2.1827 -0.0887452 0.129988 0.213717 -0.784747 0.655989 2.07585 0.899013 -0.298047 -0.52872 1.27941 1.12118 2.15979 1.4517 
0.496326 1.36082 -0.286065 2.66793 0.651633 -2.02206 -0.312851 -0.707678 -0.878364 -0.0675588 0.0432996 -1.5253 2.37238 -0.233391 -0.0503242 0.409035 -0.404936 0.243048 1.55807 0.40902 -0.384273 -0.396226 1.00955 0.823655 1.25091 0.978532 -0.15612 0.132137 0.962753 -1.93818 -0.287106 2.49735 -0.970543 -0.256692 1.04015 -0.850366 1.27783 -0.607143 -4.7839 
0.333707 1.34705 -0.212573 2.46575 0.691561 -1.26112 -0.454985 -1.22165 -0.82769 0.647863 0.413858 -1.90102 1.27531 -0.362008 0.0364216 1.13827 -1.90951 -0.320083 2.38815 -0.815201 0.03834 0.667017 -1.02423 0.549872 -0.00604544 -2.6012 -0.214346 -0.25008 1.28364 -1.80692 -0.815416 0.750513 -0.184876 1.92937 1.47903 -3.44823 -1.26394 -0.12083 -2.60739 
0.134319 1.39724 0.852206 0.758427 0.33155 0.366088 -1.12805 -0.669338 -0.211347 -1.09179 0.593172 -1.53134 -0.228824 -0.447737 -0.300404 1.69268 -2.21186 -0.572368 2.30858 0.224144 1.54509 1.0828 -2.43868 -0.440281 1.13008 -1.62886 -0.0930074 -0.986821 -0.559874 1.56681 0.139471 -1.73035 2.71045 1.46681 -0.260165 0.962304 -1.20839 1.9126 3.66879 
-0.11403 1.04665 1.4801 0.253891 0.119193 1.04746 -0.230841 0.323445 0.255114 -1.79082 -0.0264234 -0.770944 -0.35355 -0.455015 -0.950399 0.578396 -0.342697 -0.180612 0.6578 1.89525 1.50515 0.406852 -0.0619257 -0.658521 1.90656 1.06759 -0.0673329 -1.08838 -2.28296 2.91357 1.4046 -2.04937 0.290099 -0.980966 -0.813108 4.21105 1.00277 -0.748698 3.13889 
-0.320696 0.446844 1.4306 0.41573 0.150938 1.02389 0.7672 0.835815 0.195505 -1.15371 -0.0653496 0.375216 0.838766 -0.515069 -1.38878 -0.59028 0.701712 0.832235 0.259208 0.514243 0.564127 0.269696 1.77237 0.562492 0.38138 1.51002 0.0619239 -0.0110568 -1.28302 0.415049 0.832864 -0.60795 -1.79965 -1.11381 0.0743142 1.17212 1.37854 -1.17362 -1.34688 
-0.629099 -0.342131 0.889825 0.955603 0.951428 1.30667 0.283403 0.887572 0.52481 -0.018442 0.536068 -0.389563 1.15648 -0.393091 -0.961456 -0.70462 0.0723516 0.652253 0.0498499 0.0956015 0.391342 0.481166 1.11019 0.720017 0.732934 -0.279291 0.418428 1.13132 0.269636 -1.54197 -1.19702 0.201338 -0.598736 -0.602452 0.464424 -0.56344 0.0542416 0.300414 -2.32432 
-0.713788 -0.514612 0.725983 0.488082 0.803191 1.07374 0.862801 1.22716 0.676672 -0.0435219 0.654667 1.10815 0.559475 -0.0966412 -0.257465 -0.320644 -0.840258 -0.364789 0.460546 -0.0844928 -0.0383256 0.734121 1.20893 0.616733 0.681794 -0.814295 0.28602 0.741473 0.61585 -0.598553 -0.416582 0.132847 -0.696831 -0.822204 -0.0869502 -0.0915987 -0.756133 -1.73576 1.66353 
-0.72574 -0.599596 0.569181 0.115345 0.586639 1.76721 0.19891 0.849246 1.25893 1.19049 1.1528 0.292231 0.34218 -0.107071 -0.219983 -0.0887694 -0.526201 0.23567 0.182697 -0.60123 -0.430862 0.394216 1.01859 -0.0361162 -1.00282 1.38424 0.0654629 0.0431842 0.120622 0.757824 0.57585 -1.42798 1.043 0.127162 -1.56579 -2.61492 -1.3983 -0.346389 0.906715 
-0.820859 -0.734595 0.637214 -0.0381199 1.03886 1.25643 0.261572 0.796295 1.07089 0.975072 0.618551 0.105327 1.94372 -0.0311783 -0.214281 -0.200022 -0.0824338 0.211062 -0.967436 0.958509 0.0888359 -0.831665 -1.40599 -0.781568 0.335405 0.0924199 0.149151 0.147865 -0.0792913 0.795523 -0.41717 -1.33372 0.503227 0.388279 -0.580043 -2.65728 -0.150235 1.21182 -2.88618 
-0.756918 -0.813877 0.369159 0.032911 0.797701 0.799776 1.15742 0.938082 0.427266 -0.215493 0.371234 0.627636 0.4346 0.0420797 -0.0721179 -0.168061 0.269321 -0.181499 -1.15102 -0.0980033 -0.0425831 -0.185827 -1.63869 -0.186351 0.208997 -1.50194 0.0237611 0.398926 0.533019 -0.259852 -0.251717 0.5452 -2.59793 -0.242924 1.27008 1.41144 0.90229 0.969493 1.32393 
-0.778779 -0.806713 0.469153 0.231201 0.857361 0.105413 0.163568 0.753712 0.885061 -0.66362 0.4322 0.314324 0.441778 -0.00741719 0.184646 0.332998 -0.342286 -0.0406552 -0.422236 -1.63942 -0.154089 0.438413 0.00545391 0.120722 1.3049 1.41635 -0.0851378 0.0255563 -0.0983997 -1.23256 -0.635888 1.35696 -0.729868 0.0264384 -0.019964 2.59177 0.510173 -0.206146 1.37038 
-0.764336 -0.629231 0.702157 -0.309375 0.757046 0.37754 -0.482003 0.783994 0.865679 -0.210039 0.491957 1.93253 1.85095 -0.0430582 -0.0465616 -0.26646 -0.963236 -0.817387 0.205943 -0.827872 -0.0161448 -0.205791 0.953081 0.323822 0.00285147 -0.131559 -0.0758386 -0.349148 -0.488621 1.04652 -0.177064 0.502508 2.10052 0.0791369 -0.451518 0.311211 0.271635 -2.45268 -2.45254 
-0.821837 -0.853275 0.202693 -0.732034 0.0399742 0.311357 -0.664303 0.737567 0.679271 0.289461 0.756022 0.317176 0.310219 -0.0832558 -0.164503 -0.155623 0.704235 -0.217719 0.0802722 0.461099 -0.0749517 -0.0131052 0.316665 0.392357 -1.14778 -1.03619 0.0951375 0.143787 0.634482 1.97411 1.5647 -0.227533 1.60648 -0.182857 -0.265056 -1.41736 -0.500273 -0.161578 -0.431072 
-0.847591 -0.793733 0.546533 0.39486 0.539326 0.457812 -0.0209045 0.709042 0.852574 0.106626 0.884314 0.784755 0.814752 0.0520794 0.0972251 0.368022 1.01088 0.747316 -0.0215892 0.778607 -0.199002 -0.470847 -0.464277 -0.176451 -0.158727 -0.562631 0.127728 0.206313 0.0109147 -0.856234 0.439831 -0.207545 -0.695063 0.0416175 0.0358691 -0.23589 -0.072914 1.5863 1.30888 
-0.769758 -0.75605 0.570714 0.278843 0.78729 0.289768 0.114304 0.538565 0.208424 -0.174815 0.57957 0.158449 -0.252412 0.0444725 0.0418099 -0.144709 -0.151999 0.222112 -0.127273 -0.233964 -0.0333342 0.0227638 0.0807752 0.319443 0.438519 0.272689 -0.143603 -0.366004 -0.853893 -1.61115 -0.68186 0.0436035 -1.10602 0.810912 1.09002 0.508077 0.2601 0.183006 1.47309 
-0.803119 -0.751924 0.401824 0.242861 0.761438 0.330539 -0.254869 0.675708 0.875337 0.187401 1.20376 1.22327 1.08744 -0.0915235 -0.268779 -0.485872 -0.600269 0.0654564 0.0220143 -0.327411 0.611911 0.619178 0.0438002 0.0836491 0.0242787 0.910456 -0.0490962 -0.119348 0.0718127 0.575738 0.166957 0.857458 0.53719 0.710679 0.215974 -0.133069 -0.671462 -1.77865 -1.03438 
-0.861282 -1.02483 0.0848427 -0.321425 0.852747 0.311782 -0.213107 1.15048 0.827602 -0.131015 0.66322 0.182727 0.658043 -0.00462372 -0.0775381 -0.072896 0.423739 0.389069 0.730185 0.303226 0.677345 0.238738 -0.0522934 -0.352019 -1.34013 -0.761695 0.172494 0.525512 0.963365 1.01391 0.0900546 1.18713 1.01206 -1.37573 -1.39718 -0.261569 0.0604401 -0.00435196 -1.11269 
-0.807743 -0.829462 0.328928 0.6666 1.15051 1.06072 0.0483577 1.35305 1.11408 0.135108 0.851738 -0.116857 0.325746 0.0809701 0.256733 0.477493 0.413643 0.155511 1.20915 0.684646 -0.76382 -0.777999 -0.217768 0.144089 0.0199267 -0.202239 0.0654479 0.280205 0.331919 -0.988724 -0.903692 -0.687717 0.0148396 -1.10432 -0.731032 -1.31417 0.013131 2.38403 0.717741 
-0.780312 -0.768095 0.562336 0.0922174 1.00826 1.52093 0.471539 0.386656 0.0496036 -0.348784 0.807309 0.202654 0.455804 0.0608241 0.202667 0.259023 -0.564986 -0.514623 0.0424677 0.318066 -0.426971 -0.492294 -1.36646 -0.338888 1.0439 -0.0439535 -0.108996 -0.387591 -0.504269 -0.60709 -0.71823 -1.92467 -1.43957 1.23237 1.28749 -0.274389 -0.302932 -0.172927 -0.176035 
-0.746918 -0.626794 0.587952 0.101614 0.635883 1.10319 0.366424 0.926081 0.621782 -1.23135 0.512851 0.927041 0.281792 -0.0280259 -0.130858 -0.0267757 -0.193447 -0.562719 -0.715527 -0.754922 0.468545 0.509489 -0.492158 -0.158842 -0.153 -0.378274 -0.0315908 -0.280831 -0.384217 0.636122 0.247391 -0.859218 -1.32739 -0.199554 0.429637 2.11652 0.479706 -1.92723 -1.01235 
-0.808337 -0.898953 0.53556 -0.10123 0.445539 0.8054 -0.283383 0.8552 0.559093 -0.840942 0.648466 0.0496541 0.0775309 0.0292334 -0.0781636 -0.125194 0.0711367 -0.267232 -0.81675 -1.00933 -0.626525 -0.0626569 0.750062 0.140818 -0.883337 -1.0563 0.0100038 0.0277518 -0.318852 0.45598 0.70322 0.461912 1.18912 -0.464501 -0.366739 0.967289 0.277158 1.73366 1.68464 
-0.717685 -0.704958 0.462758 0.172751 0.368651 0.286442 -0.642904 0.299556 0.559125 -0.481292 0.653669 0.0437034 -0.77451 -0.018022 -0.103106 -0.345627 0.262532 0.140501 -0.253615 0.434196 0.00404358 0.14275 0.475131 0.118315 1.58066 1.30636 -0.191819 -0.3896 -0.10871 -0.614965 0.428344 1.06211 0.789078 0.674921 0.244876 -0.45608 0.0614639 2.5968 2.48494 
-0.826359 -1.00206 0.189933 0.161302 0.586039 0.551785 0.150813 0.859244 0.701843 -0.36581 0.766782 1.63032 1.38389 -0.162585 -0.467764 -0.233904 -0.543828 0.161112 0.24536 -0.22025 0.0483955 0.182219 0.293983 0.202282 1.71347 1.42864 0.000927006 0.0091165 0.501625 -0.441361 -0.588979 0.0763494 -1.08263 -0.490908 -0.696857 -0.370611 0.0676115 -1.6882 -2.34387 
-0.88027 -1.17272 0.228854 -0.371077 0.529763 0.531802 -0.863153 0.347952 0.741344 -0.18731 0.855951 1.75717 0.654131 -0.017095 -0.0939895 0.155998 -0.178829 -0.448479 -0.177266 -0.648437 -0.486865 -0.554107 0.10452 0.185927 -0.107537 -1.0375 0.261068 0.796684 0.290631 0.872514 -0.892122 -0.585532 1.48919 0.223846 -0.609044 -0.533195 -0.194874 -3.31938 -2.54901 
-0.843454 -1.09605 0.345931 -0.0175265 0.13756 0.374519 -0.497624 0.372379 0.147736 -0.26129 0.952708 1.52278 0.346392 0.0984829 0.32892 0.0567272 0.328687 -0.73101 -0.340172 1.26894 0.272241 -0.426825 -0.239212 0.00740832 -1.60592 -1.12037 0.0427588 0.263388 -0.243193 -0.00598852 0.47639 0.667779 0.784981 0.563484 1.26468 -0.330031 -0.320358 -1.85082 -0.660928 
-0.781787 -0.843801 0.285581 -0.0423904 -0.201247 0.191631 0.405783 0.620193 0.31452 -0.426522 0.86336 0.151251 -0.466235 0.0256638 0.169398 -0.0871951 -0.184817 0.0279118 0.490513 0.136544 0.0766193 0.710574 -0.225511 -0.134431 -1.95835 -1.69843 -0.103326 -0.369688 -0.0117758 -0.378264 1.01303 0.834805 -0.899685 0.168154 0.741322 0.728896 -0.118287 1.2929 1.14375 