-0.982954 -0.74788 0.724533 -1.26659 -0.172056 0.645683 -0.041976 0.69027 0.586936 -1.26899 0.513795 -1.16742 -0.740936 0.0457587 -0.0481707 -0.221489 0.31939 0.889288 -0.13169 -0.642326 -0.460283 -0.177249 -1.02449 -0.505528 -0.43197 -0.493323 -0.0859474 -0.166714 -0.0551639 0.667394 0.727475 0.624752 0.601267 0.0149872 -0.178622 2.20623 0.536754 1.37979 1.45112 
-1.00579 -0.822069 0.568258 -0.828751 0.796647 0.838149 0.278452 0.704108 0.982811 -1.03455 0.153594 -0.552287 -0.491193 -0.0419159 0.0253076 0.119572 0.248816 -0.0943333 0.241839 0.336649 -0.251245 -0.354463 1.63817 0.391985 0.698338 1.12262 -0.0160173 0.290503 0.487172 -0.477528 -1.19296 0.135126 0.752085 0.916345 0.230878 2.4703 0.744434 0.8929 1.74344 
-1.02487 -0.722572 0.844104 -1.01777 -0.266389 0.887522 0.294673 0.439024 0.232473 0.369181 0.90578 -0.469085 0.381688 0.0297413 0.242333 0.265684 -0.158138 -0.30367 0.00343624 0.109759 0.456062 0.0536287 1.44582 0.238906 0.46093 1.25012 0.096791 0.0779351 -0.200464 -0.0547366 0.430322 -0.354379 0.020147 0.927159 0.900442 -3.33206 -0.547276 -0.41746 -0.96173 
-0.976049 -0.579736 0.833942 -0.986889 0.492977 0.841585 0.388211 1.16017 1.03644 0.411272 0.3925 -0.0913565 0.758925 0.0548751 0.103243 -0.0808922 0.194079 0.335989 -0.11254 0.356796 0.675914 0.545978 -1.69389 -0.155291 0.280877 0.160894 -0.100859 -0.359709 -0.227131 0.0936323 0.193415 0.0814838 0.124405 -0.197992 0.167527 -2.14224 0.160789 -0.606146 -1.8637 
-0.969995 -0.619329 0.763212 -0.823692 0.0696003 0.774982 0.65147 1.11494 0.778451 -1.32471 0.750488 -0.188207 0.542581 -0.0711178 -0.117376 0.0385524 -0.0645055 -0.110255 0.0849201 0.234164 0.25807 0.221156 -0.696419 0.399695 -0.145216 -0.613586 -0.128213 -0.363563 -0.0248444 -0.482968 0.599789 0.194844 -0.794485 -0.63019 -0.350405 3.17344 0.196787 -0.762898 -0.258672 
-1.04717 -0.697113 0.872494 -1.05139 0.382722 0.926505 0.622375 1.41824 1.2576 -0.285148 0.792195 -0.236572 0.145339 -0.0733374 -0.26032 -0.105737 -0.288888 0.935778 0.082304 -0.437689 0.0457244 0.195573 1.47956 0.041496 -0.48202 -0.0977785 0.138283 0.0594274 -0.274664 -0.0140563 0.110649 -0.153452 -0.219355 -0.43341 -0.792651 1.38978 0.00421029 0.105283 0.0930933 
-1.04333 -0.87965 0.657475 -1.11258 1.00538 0.857286 0.213781 1.16066 0.974025 0.154849 0.791984 -0.670227 0.444803 0.0671655 -0.0579489 -0.236111 -0.0785617 0.000394156 -0.0685317 0.0148089 -0.17534 -0.571495 0.69336 0.403905 -0.0399329 -0.520493 0.141644 0.648621 0.303208 0.328119 -1.20406 0.0348024 0.552417 -0.166529 0.162244 -0.140292 -0.507654 0.66146 -0.290935 
-0.980001 -0.755062 0.636383 -1.12996 0.383116 0.857973 0.637184 1.2429 0.686101 0.408212 1.1961 -0.276505 -0.375154 0.0683068 0.3883 0.197472 0.0392308 -0.268284 0.117106 0.114729 -0.120804 0.357817 1.33926 -0.466158 0.17944 -0.388714 -0.0795215 0.0604584 0.55631 0.231487 -0.0100415 0.360275 0.269423 -0.129018 0.988485 -1.84686 -1.07071 -0.227925 0.970795 
-0.975026 -0.49135 0.854947 -1.07335 0.737095 0.974392 0.32851 1.03986 1.33184 1.49411 0.325826 -0.490788 0.0560889 -0.0123561 0.00250948 0.320199 0.152925 -0.00964737 0.291743 0.284232 -0.304358 0.41699 -1.1535 -0.666804 -0.267858 0.450302 -0.0756002 -0.812412 -0.461671 0.0208055 0.104507 -0.250517 -0.169025 0.276963 -0.751669 -3.16755 0.615402 0.129526 0.113653 
-0.992358 -0.752552 0.956581 -0.977031 0.373469 1.14972 0.921416 0.938543 1.10309 -0.745284 0.529295 -0.544364 0.0751484 -0.00729335 -0.424112 -0.264199 0.0600363 -0.163777 -0.133411 -0.0542967 0.156159 -0.393852 -1.82829 0.149244 0.308966 -0.275061 0.0294294 0.0317637 -0.724257 -0.437571 -0.16497 -0.623653 -1.05921 0.249709 -0.427746 0.944466 0.910039 0.989751 -1.30523 
-0.982319 -0.915461 0.590748 -1.01331 0.573317 0.840981 0.274213 1.19602 0.937989 -0.334177 0.47507 -0.181822 -0.218972 0.0170734 0.0342732 -0.404058 -0.284646 -0.174617 -0.33191 -0.774981 -0.0546489 -0.0107563 -0.209031 0.243235 0.721893 -0.854926 0.0457356 0.79708 0.246569 0.0350786 0.157639 0.0892172 -0.0238565 -0.575055 0.860026 4.3845 -0.0369742 -0.271947 0.821856 
-0.975284 -0.718279 0.552523 -1.26168 0.198852 0.817806 0.146435 0.883894 1.09233 -0.954315 0.77253 0.177529 -0.779777 0.0384422 0.372968 -0.0176303 0.0951149 -0.0061387 -0.0441938 -0.0781532 -0.418896 0.466174 2.55621 0.11227 0.0370183 0.546795 0.0785201 0.0981343 0.402298 0.872881 1.51059 0.340457 1.10097 -0.188819 0.242807 1.72415 -1.00623 -1.20796 2.69103 
-0.943877 -0.542493 0.573117 -0.918198 0.567179 0.796787 0.19606 0.777121 1.40416 2.22203 0.58734 -0.144804 0.327822 0.0955935 0.132407 -0.00176049 0.588235 1.33597 0.00854634 0.325988 -0.243468 0.232051 1.51511 -0.762999 -0.486068 1.83611 0.0977368 -0.67126 -0.205595 0.218478 -0.187831 0.192062 1.47118 0.318691 -0.595676 -3.36323 -1.41964 -0.81575 0.125323 
-0.879691 -0.585871 0.550763 -0.673442 1.53482 0.826353 0.472423 0.640426 1.32439 0.560799 0.00953115 -0.308539 1.05633 0.136179 -0.298291 -0.223225 0.313593 -0.19397 0.147869 1.39303 -0.100206 -0.129502 -0.807025 -1.30737 -0.778732 0.672118 -0.00570067 -0.716697 -0.0686656 -0.0101341 -3.27153 -0.0150302 0.21363 0.137344 -0.312017 -0.399401 0.56218 0.348687 -1.28116 
-0.807698 -0.840784 0.349892 -0.604605 0.373209 0.944656 1.58909 0.676916 1.27466 1.41501 -0.720031 -0.923535 0.99994 0.0898928 -0.58429 -0.0704261 0.578101 -1.93556 -0.00648385 0.539618 -0.106125 -0.0799657 1.11571 -0.200819 -0.137381 0.554947 -0.0773113 -0.0834133 0.0297969 0.162523 -0.291606 -0.0663348 -1.68087 0.0387256 -0.0776515 0.657609 2.90803 0.989317 -0.610518 
-0.789798 -1.17016 0.480337 -0.0953403 -0.400735 0.819869 1.01204 0.534301 1.24442 1.67651 -0.191288 -0.445919 1.61128 0.0588678 -0.381705 -0.193429 0.476116 -0.485576 0.0815338 -0.287843 -0.06148 -0.207154 -0.149416 1.60066 0.210586 0.0616001 -0.0895292 0.520051 0.171591 -0.474718 2.40939 -0.115468 0.285219 0.701385 0.118701 -2.09419 1.19843 -0.394183 -0.95152 
-0.74883 -1.22249 0.156463 -0.128489 -0.112367 1.02619 1.30125 0.615436 1.06751 1.26559 0.880625 -0.71295 1.06154 0.000363597 -0.0642387 0.101165 0.103383 0.473833 -0.121952 0.824836 0.59526 0.0387352 -0.97848 0.997609 -0.531564 -0.396573 -0.0571179 0.643972 0.413298 -0.507042 0.0228292 -0.533691 1.18871 0.602179 -0.353916 -0.149978 -1.54458 -0.553823 0.883144 
-0.789434 -1.2344 0.581502 0.00804247 0.0730973 0.697917 1.83688 1.12956 1.28316 0.698033 0.806322 -0.977483 1.2147 0.00174988 0.262267 0.21987 -0.0309263 -0.462747 -0.452157 0.900868 0.540699 -0.561069 -0.299394 0.0560798 -0.343238 0.944744 0.0504052 0.192737 -0.512342 -0.340783 -0.669541 -0.00780675 -1.03096 -0.967146 -1.55751 0.984629 -1.49853 0.993184 0.699792 
-0.74708 -0.960222 0.376333 -0.159415 -0.575114 0.574033 2.20212 1.15613 0.506438 0.966195 0.936705 -1.05619 2.00628 0.0507688 0.128499 -0.411176 -0.2374 -0.195708 -0.129759 -0.20612 -0.371886 -1.51877 0.00614928 -0.500918 0.461619 0.303219 0.0677006 -0.704904 -0.518962 -0.0132144 -0.100353 0.377679 -1.06788 -1.06197 0.167231 0.596184 -0.37609 0.174782 -1.90228 
-0.738665 -1.1059 0.170326 -0.229357 -0.122611 0.568158 1.63076 0.757676 -0.235617 0.704182 0.305404 -0.515864 1.51792 0.0694505 -0.442637 -0.299093 -0.0441407 -0.563099 -0.0744778 -0.167009 -0.521267 -0.393838 0.29679 -0.320011 -0.168456 -0.957533 0.180959 -0.4099 0.17572 0.640756 0.665505 -0.556237 -0.97992 0.173336 2.0363 1.82029 1.11089 -0.371837 -0.490893 
-0.677629 -1.40286 0.0772404 -0.203556 -1.13821 0.499555 2.03511 0.634868 0.1126 1.26299 0.616694 -1.22464 1.04875 0.231728 -0.281401 -0.235456 0.403356 0.469797 -0.685996 -1.18604 -0.19855 0.517531 1.82644 0.609969 0.0897826 -0.187674 0.149012 0.503134 0.0733016 -0.0125324 1.98921 -0.106283 -1.28241 0.344831 0.335031 0.524152 1.07559 0.672139 0.76093 
-0.506938 -1.3873 -0.0651303 0.173999 0.347187 -0.117838 0.444716 0.559125 0.281913 2.53063 0.915373 -0.426081 1.33025 0.218463 0.0604969 -0.225791 -0.0566731 1.42611 -0.180761 -1.44942 -0.176435 -0.058807 0.820942 0.755579 0.503683 -0.196603 0.138892 1.78437 1.20327 -0.340582 -0.302143 1.21983 0.604928 -0.951622 -1.39348 -3.55279 -1.15902 -1.8236 -2.25857 
-0.459167 -1.34236 -0.148551 -0.260229 0.287895 0.318794 0.585683 0.458432 0.0537931 2.08393 1.37227 -0.720961 0.852148 0.370619 1.50297 0.967812 0.0627741 0.167654 0.533831 -0.581113 -1.15017 -0.875951 -1.72634 -0.549051 -1.73382 -2.44624 0.650499 2.88469 0.224058 -0.227136 -0.840951 0.21418 -1.02581 -1.16977 -0.548456 -3.33666 -2.24542 -1.31111 -1.28083 
-0.136319 0.115665 0.902682 0.236773 0.514841 0.415993 -0.136397 -0.591048 -0.594037 0.804283 0.366322 -2.1599 -1.11599 0.868962 2.94519 -0.00173324 -0.283809 0.585157 0.0334189 -2.47524 -1.3462 -0.607263 -2.51572 -1.48984 -0.80743 -1.47744 0.438224 0.466308 -2.8592 -0.709942 0.615735 -1.01646 -0.976616 0.801901 0.722461 0.950573 0.628349 2.3536 3.73393 
0.409795 1.60283 -0.150284 -0.544038 0.873053 0.352213 -1.88955 -0.887769 -0.55347 -0.431796 -0.117568 -1.52839 -0.625289 0.808844 1.96928 -1.89139 -0.647168 0.783389 -0.482634 -1.55773 -0.348272 -0.153489 -0.77577 0.0792979 0.619777 1.28769 -0.547682 -2.51577 -1.38205 0.302297 -0.618099 -0.503219 2.46426 1.04914 0.54125 0.968493 1.66174 0.605823 1.78935 
0.672525 2.08494 -0.988704 -0.410395 1.29823 -0.0666406 -1.69413 -0.93932 -0.747527 0.0285122 0.44562 -1.54013 0.171703 0.32128 0.429417 -1.38378 0.0184876 -0.0329421 -0.4698 -0.0109782 -0.297059 -0.0660132 -1.54723 0.171896 -0.201607 0.311915 -0.669869 -2.28 1.31666 0.214719 -0.165079 0.254835 0.921895 -0.0992467 -0.361968 -1.01741 -0.729378 -0.941447 -1.96723 
0.731075 2.03225 -1.53406 -0.525551 0.840111 -0.117587 -1.90053 -1.18483 -0.619483 -1.97903 0.0543278 -1.73 -0.313374 0.138975 -0.310722 -0.574731 -0.432449 0.618311 -0.227799 -0.635833 -0.447519 -0.515457 -1.79318 -0.65008 -0.321669 -0.679538 -0.176259 -0.487901 1.43464 -0.110109 1.94292 0.429347 0.280751 0.286829 -0.267276 3.29354 -0.155596 0.483207 0.435266 
0.8115 1.77422 -1.56343 -0.842844 1.91654 -0.294439 -2.32996 -1.38684 -1.26298 -1.76466 -0.20446 -1.86179 -0.507835 0.145021 -0.0584836 0.0508568 -0.0916209 1.90998 -0.0404528 0.269773 -0.0102296 -0.333289 1.74631 0.0163 0.2816 0.747181 -0.0405194 0.560125 0.335718 1.09187 -0.305706 0.378159 1.40197 0.440517 0.865179 3.3888 0.904769 0.67626 1.70486 
0.876095 1.97376 -1.48321 -0.617172 2.75009 -0.15804 -1.63076 -1.19506 -0.952772 -0.232711 0.0706278 -1.4484 0.433806 0.0984551 0.249403 -0.239012 0.659424 0.312605 0.150361 0.766139 -0.00700199 0.349721 1.59562 0.25469 0.354591 1.02532 0.0142618 -0.221572 -0.471446 0.715514 -2.35675 -0.0905996 -0.235421 -0.474825 0.355665 -1.98069 -0.292207 -0.193973 -0.586272 
0.909955 2.02362 -1.80245 -0.18342 2.22915 -0.144079 -1.56382 -1.39384 -0.913263 -0.169043 0.0502299 -1.5072 0.517488 0.159282 -0.280055 -0.420589 0.623893 -0.446769 -0.131052 0.0343524 -0.485054 0.022376 -0.234378 -0.275907 0.0876278 0.160908 0.0554025 -0.100312 -0.556417 0.237588 -0.910207 -0.537995 -0.487149 -0.309217 0.129301 -1.26534 -0.444967 0.286984 -0.771728 
1.03538 1.69371 -1.9038 0.006721 2.30332 -0.289093 -1.59641 -1.68011 -0.930396 -0.46709 -0.205279 -1.36077 0.594715 0.153858 0.149091 -0.795429 0.897012 -0.597602 -0.387635 0.27899 -0.316219 0.479022 0.330281 -0.190277 0.641575 0.253594 -0.0404869 0.0643812 0.202018 -0.373047 -0.754965 -0.681603 -0.377526 0.301701 0.402947 1.45647 -0.00644565 0.481738 -0.423504 
1.06381 2.17271 -2.59788 0.713592 1.63154 -0.531713 -1.28483 -1.71006 -0.434241 0.161238 -0.140047 -0.865629 0.771082 0.118795 -0.215674 -0.218571 0.250845 -1.20173 -0.812656 -0.343174 -0.183353 0.425323 1.2221 -0.282353 0.569366 -0.262596 -0.0577595 -0.828421 1.4829 -1.12169 -0.49692 -0.125551 -0.29225 0.27952 -0.367028 0.588779 -0.153264 0.0198388 0.495799 
1.15417 1.47803 -2.12237 0.257566 1.10159 -1.10175 -1.93958 -1.86346 -0.505073 0.755006 -0.487632 -0.791404 0.332119 0.0960982 -0.67933 0.687475 -0.224677 -1.09452 -0.513186 -0.0132602 -0.0366994 0.111994 0.91906 -0.343541 0.661414 0.749393 -0.0730417 0.0611733 0.662859 0.141085 0.203809 0.864988 1.0167 0.274668 0.248122 -0.53199 -0.00619327 0.591223 1.99408 
1.15991 1.49338 -1.9104 0.488915 0.537021 -1.0449 -1.29809 -1.74676 -0.322246 1.0803 -0.483588 -0.204215 1.52047 0.0457538 -0.154501 0.444288 0.39193 -0.997925 0.0523325 0.67353 0.0913156 0.673445 0.690105 -0.288546 1.16059 1.73149 -0.0482806 0.298063 -0.588988 0.669882 0.243727 0.272785 -0.272299 -0.0925628 0.202241 -1.16987 -0.102686 0.3354 -1.05655 
1.19993 1.32353 -1.67808 0.649497 0.103663 -1.04942 -1.26605 -1.77215 0.168373 1.44511 -0.776178 0.369186 2.06361 0.0478175 -0.381267 0.0984875 0.445205 -0.850795 -0.240401 -0.285559 -0.129262 0.314235 -0.250808 -0.446227 0.996814 -0.307157 0.0765106 -0.549711 0.0756704 -0.0927654 1.10957 -0.238546 -0.922822 0.288106 -1.30867 -0.725531 -0.097079 0.070564 -3.21433 
1.20773 1.11212 -1.81191 0.934121 -0.313775 -1.2853 -1.58365 -1.87602 -0.008011 0.82949 -0.929815 0.792599 1.21332 0.122264 -0.704212 0.519958 0.299165 0.111647 -0.186213 -0.249292 0.379422 -0.635228 -0.0354256 -0.385625 1.23115 -1.48284 0.112595 -0.3212 0.584836 -0.401626 1.83867 0.202917 0.147775 0.689528 -1.18314 1.29053 -0.104965 0.387184 -1.1142 
1.32219 0.619321 -1.15812 0.948661 0.215311 -1.23563 -1.51534 -1.39273 -0.466856 1.40969 -1.1618 1.60034 0.580761 0.160413 -0.702467 0.683323 0.0435792 0.987874 -0.0374839 -0.137784 0.560266 -0.868902 1.03972 -0.551192 1.384 -1.42136 -0.0336214 0.354681 -0.560274 -0.405973 -0.28967 0.0428809 0.165837 -0.101126 -0.143533 -0.560447 0.08808 -0.721265 0.30577 
1.36814 0.40965 -1.12859 0.9777 0.6741 -1.32278 -1.72143 -1.31576 -0.876913 1.86921 -1.48101 2.1766 -0.20804 0.088643 -0.34953 -0.0403158 -0.106808 -0.178023 -0.143332 -0.0834549 0.278296 -0.778761 -0.595873 -0.297545 0.509889 -1.17707 -0.113942 0.562123 -0.703764 -0.112387 -1.37506 -0.02628 0.471483 -0.328034 0.481753 -1.91272 0.631089 -1.24724 0.915229 
1.41083 0.26979 -1.19844 0.841854 0.0372879 -1.37896 -1.5988 -1.11443 -1.24562 0.813813 -1.45935 2.11023 -0.596314 0.046471 -0.140344 -0.0204408 -0.0688078 -0.387182 -0.0637639 0.333699 0.232231 -0.387149 -0.873001 0.0798973 0.136759 -0.506128 -0.0243171 -0.0547351 0.426726 -0.0553182 0.244461 0.098516 0.0566891 -0.185968 0.660601 0.166752 0.517759 -0.802485 0.94447 
1.41461 0.269306 -1.14903 0.908892 0.286918 -1.38655 -1.38774 -1.08352 -1.26406 0.996213 -1.40111 2.31335 -0.714168 0.0643259 -0.404266 0.38641 -0.162126 0.066438 -0.0448162 -0.0267658 0.0923287 -0.118161 -0.429121 0.220214 -0.292596 -0.232604 -0.0181707 -0.132143 0.19893 0.157914 0.144383 0.0513647 -0.331036 -0.143035 0.230922 0.36504 -0.0803332 -0.116104 0.0443472 
1.47516 -0.134475 -0.812027 0.679728 0.103726 -1.42378 -1.62556 -1.0221 -1.36378 0.384692 -1.23913 1.81763 -0.828918 0.0283003 -0.272486 0.178489 0.089106 -0.242798 -0.0123991 0.00266282 0.0891965 -0.156227 -0.50796 -0.000435884 0.0206545 -0.461781 -0.0702355 0.451002 -0.485477 0.606393 -0.128682 0.0980027 0.748678 -0.0588361 0.312286 -0.123943 -0.311163 0.936633 -0.435042 
1.44291 -0.00318019 -0.970542 0.997998 0.0441196 -1.39895 -1.38507 -0.994328 -1.42029 0.488253 -1.40155 2.33401 -1.17595 -0.00590957 0.046736 -0.0990668 0.444267 -0.0622439 0.0531865 0.721912 0.0334926 0.194125 -0.553064 -0.090949 0.644036 -0.667647 -0.0151352 -0.0197124 -0.0734878 0.0747789 0.178773 0.0727058 0.201214 -0.199099 0.035923 -0.464428 -0.203374 -0.235056 -0.0324064 
1.46925 -0.0877392 -0.911094 1.12399 0.0414821 -1.37059 -0.90365 -0.988609 -1.16965 -0.168372 -1.33008 2.46167 -1.49656 0.0131651 -0.292199 0.105001 0.163885 -0.0640254 0.0603067 0.203877 -0.109903 -0.120304 -0.972389 -0.203809 -0.214401 -0.494188 -0.0332216 -0.0287863 0.162227 -0.235093 0.539158 0.149553 -0.357968 -0.127975 -0.43132 0.762916 -0.111339 -1.00503 1.17682 
1.45608 -0.295379 -0.865541 1.16188 -0.0199058 -1.33864 -1.1812 -1.10423 -1.54059 -0.484136 -1.60535 2.11961 -1.67014 -0.0391312 0.0179497 0.0631601 0.209175 0.476914 0.20274 0.363944 -0.0944827 -0.237195 0.209853 -0.202288 -0.36099 0.509178 -0.0581737 0.218938 -0.107272 -0.365356 0.0133352 -0.023463 0.0448454 -0.00491902 -0.292581 0.901959 -0.172365 -0.454787 1.29426 
1.43012 -0.0697895 -0.847934 1.33317 0.518396 -1.16785 -0.539706 -1.08309 -1.40685 0.0414809 -1.53237 2.10068 -0.987386 -0.0450085 -0.0732605 -0.00227077 -0.201471 -0.0506902 0.0368436 0.248722 -0.114822 -0.412884 -0.0704303 -0.376174 -0.669188 0.800071 0.00493609 -0.0393739 -0.0377137 -0.467138 -1.10263 -0.14469 -0.135086 0.114577 0.15428 0.0805813 -0.37884 -0.176227 -1.0048 
1.41107 -0.368639 -0.867812 0.960412 -0.0705959 -1.3018 -0.932474 -1.21905 -1.95348 -0.554566 -1.98153 1.45042 -0.870065 -0.0341951 -0.0214242 0.0254464 -0.257963 -0.625721 0.0580498 0.228858 0.0200947 -0.0829144 0.290434 -0.581128 -0.537217 -0.495617 0.00548621 0.257778 0.0417724 0.254379 0.0377383 0.0665021 0.214241 0.19997 0.660999 0.696193 0.417708 0.458917 -1.73252 
1.39592 -0.0912137 -0.822487 1.07521 -0.107325 -1.1098 -0.310848 -1.063 -1.48976 0.331915 -2.1135 1.56346 -1.483 -0.0395223 0.184517 0.0395017 0.0529079 -0.0129518 0.103346 0.462963 0.0851476 0.248115 0.625763 0.0415333 -0.210271 -0.932449 -0.00384502 -0.0588585 -0.00884974 0.174403 0.819597 -0.121942 -0.100839 -0.0417763 -0.375621 -0.809978 0.89466 -0.12232 0.637598 
1.37155 -0.184122 -0.82831 1.01332 -0.0835478 -1.19845 -0.469511 -1.13391 -1.70536 0.071197 -1.94 1.24015 -1.80251 -0.0380401 -0.0802827 0.0165966 -0.0835603 0.193876 -0.0638927 0.128019 -0.0216816 -0.458535 -0.519544 0.313532 -0.659537 0.14198 0.0162982 -0.110871 -0.162128 0.0303936 -0.612636 -0.0322903 -0.107802 -0.116891 -0.583094 -1.04762 -0.384158 -0.0288309 1.07554 
1.35788 -0.171496 -0.805891 0.991646 0.0865514 -1.17369 -0.182829 -1.08468 -1.9483 -0.187629 -1.79997 0.903924 -1.34102 -0.0232241 0.0736461 -0.122626 0.0833015 -0.625587 0.0710554 0.355161 -0.0317432 -0.334979 -0.421858 -0.342625 -0.239102 0.143093 0.0306664 0.165007 0.130384 0.37755 -0.698746 0.411655 0.350879 0.0116214 0.738514 1.1546 -0.368969 1.14981 -0.463893 
1.34832 -0.110476 -0.950936 1.09662 -0.709135 -1.1274 -0.11435 -1.16565 -2.04034 -0.350661 -2.28262 1.00105 -1.65942 -0.00737369 0.0847246 0.14698 0.29399 -0.50487 0.347763 0.478898 -0.0100602 0.279978 0.635059 -0.0554369 0.490269 -0.321913 -0.0330282 -0.0944018 0.33493 -0.0888703 0.766868 0.0126325 -0.128473 0.0633978 0.434612 0.987454 0.45828 0.338957 -0.241187 
1.35051 -0.0867717 -0.65891 1.28564 -0.418318 -0.825931 0.296069 -1.09474 -1.66832 0.447429 -1.8554 1.39419 -1.66294 -0.0562523 -0.0207557 0.212303 -0.00556887 0.141281 0.0836879 0.226688 0.0316547 0.099633 0.565596 0.115655 0.0998552 -0.098094 -0.0851307 0.0363677 -0.276151 -0.368941 -0.350205 -0.834175 -0.922489 0.336163 -0.295005 -1.03647 -0.450669 -0.671173 -0.247898 
1.29207 -0.131232 -0.738633 1.09105 -0.567854 -1.04371 0.112337 -1.13399 -1.94071 0.214935 -2.16697 1.1009 -1.75752 -0.0925044 0.121092 -0.12917 -0.0749517 -0.855075 -0.486412 -0.443591 0.326103 -0.015027 -0.401416 -0.506106 -0.180904 -0.569811 0.0373402 0.0603836 -0.0685983 -0.0429651 -1.63943 -0.555785 -0.7052 0.433784 0.647741 -1.85106 -0.117877 -0.582931 0.19159 
1.25801 0.0343206 -0.78808 1.21068 -1.27339 -1.31234 -0.147522 -0.768636 -1.68335 0.0460133 -2.36151 1.21329 -2.23275 -0.0189121 0.0396279 0.143705 -0.048534 -1.49815 -0.472097 -0.478513 0.465438 0.747374 -1.28546 -0.00222184 -0.483076 0.0934964 0.0897027 0.237896 0.24137 0.161741 0.730108 0.396958 0.645447 0.0020749 1.32916 1.7712 0.74944 -0.039686 1.0822 
1.27316 -0.0916039 -0.594928 1.04252 -2.06601 -1.5158 -0.366175 -0.668556 -1.19333 -1.07053 -2.16919 0.617827 -1.66402 -0.00280176 0.358988 0.112199 0.0867894 -0.124967 -0.0894543 0.201856 0.328178 1.31413 1.36979 0.243334 -0.22059 0.512388 -0.0748788 0.662275 -0.394585 0.380603 1.50295 0.85634 1.04344 -0.234066 -0.150701 3.53744 1.27708 0.675578 -0.211809 
1.2552 0.393309 -0.675881 1.29747 -1.39836 -1.4018 0.0543333 -0.440458 -0.369212 1.4158 -2.11817 0.9927 -1.72036 -0.0937909 0.701903 -0.250881 0.332069 0.00479516 0.384243 0.564929 0.231372 0.596672 2.25198 1.27486 0.192502 -0.118313 -0.214229 -0.0809698 -0.639076 0.285565 -0.538497 0.223248 -0.62923 -0.87866 -1.68173 -1.55331 0.997229 0.183654 -1.09402 
1.17937 0.610299 -0.845809 1.37459 -2.06121 -1.13156 0.198753 -0.437183 -0.596661 1.18146 -0.894325 0.810329 -1.78233 -0.21703 0.278018 -0.526876 0.372355 -0.663464 0.133794 -0.427374 -0.550482 -0.367594 -0.183525 1.24056 -0.036935 -0.581631 -0.0729233 -0.557118 0.135099 0.16065 0.550338 -0.285492 -0.898767 -0.817408 -0.250434 -2.65144 0.0676516 -0.266839 0.750664 
1.03817 0.671327 -1.20276 1.66983 -2.06182 -1.268 -0.373041 -0.990941 -0.736806 1.23228 -0.877612 0.955765 -2.30199 -0.166714 0.144785 -0.115782 0.492718 0.555134 0.098751 -0.333838 -0.586035 0.346238 -0.399454 1.34251 -0.0743371 0.632351 0.17434 -0.288719 0.949312 -0.368855 0.881465 -0.0122998 1.03475 0.728273 0.750524 -1.95436 -0.222691 -0.610406 2.04466 
1.01265 0.755084 -0.96159 1.86731 -1.50608 -1.03281 -0.135084 -1.02322 -0.250423 0.782003 0.448189 0.735992 -1.14998 -0.0426902 -0.0107003 0.422436 0.00349934 0.218001 0.121494 0.60738 0.177791 0.382929 -2.13789 1.01787 -0.647341 1.46303 0.0495816 0.0397451 0.315415 -0.465525 -0.997371 -0.0580227 0.882028 0.687893 -0.467231 -1.00991 -1.59507 -0.323976 -0.0710484 
0.995484 0.660627 -0.780322 1.67333 -1.84382 -1.14651 0.234339 -0.81315 -0.353877 -0.905612 0.140261 0.308423 -0.838961 -0.117133 0.18453 0.199634 0.0271933 -0.442237 0.0407282 0.54819 0.101858 -0.120993 -1.40936 -0.252552 -0.398314 0.561302 -0.16228 0.423675 -0.442243 0.241615 -0.686798 0.0366823 -0.946896 -0.131909 -0.632968 2.17665 -0.972678 0.568743 -1.11538 
0.89552 0.939614 -0.761957 1.8945 -1.94831 -0.992082 0.413106 -0.92136 -0.371416 -0.62736 0.195637 0.337678 -0.58868 -0.20497 0.412974 -0.0198067 0.245114 -0.468797 0.158176 -0.339517 0.0458817 -0.250039 0.0387559 0.0451947 -0.0785984 0.347653 -0.0151402 -0.0753326 0.183968 -0.189409 0.624179 -0.285286 -1.16841 0.157597 0.16293 1.24298 0.236167 0.119472 0.250928 
0.790514 1.0736 -0.800128 1.91844 -2.31262 -0.988334 -0.105178 -0.767268 -0.603916 -0.866856 0.185456 0.229825 -0.491308 -0.132273 0.109197 0.383601 -0.162215 0.181942 -0.244558 -0.620215 0.259455 0.0419374 -0.166384 -0.0163849 -0.278841 0.81223 0.0846754 -0.5942 0.719248 -0.557689 1.29696 -0.349204 0.108397 0.123326 0.43612 -0.184226 0.329747 0.222706 0.8399 
0.763247 1.04881 -0.378355 1.73228 -1.76637 -1.23664 -0.207109 -0.661905 -0.329478 -0.793744 0.179252 0.0588369 0.22355 -0.120295 -0.181225 0.699442 -0.312575 0.828159 -0.191027 -0.231119 0.169207 0.186081 -0.14547 0.374942 0.144107 1.18755 -0.125728 -0.121091 -0.19847 0.0520264 -0.944179 0.478431 0.319795 -0.411584 0.056376 -0.110215 0.0237232 0.5998 -0.253202 
0.670219 0.892376 -0.100687 1.60587 -1.48446 -1.17936 -0.336298 -0.598061 -0.417835 -1.01233 0.560398 0.373932 0.696245 -0.258 -0.0118936 0.185131 -0.110189 -0.762237 0.233873 -0.30042 -0.152129 0.0983133 -0.276599 0.00733829 0.320959 0.559028 -0.119429 0.283334 -0.324564 0.434776 -1.31355 0.183354 0.257313 -0.0203606 -0.135443 -1.09832 -0.136249 0.359283 -0.810637 
0.505247 1.03692 -0.193224 1.62209 -2.52861 -1.00277 -0.50753 -0.814034 -0.231165 -1.07034 0.18659 0.379795 0.782578 -0.239724 0.102108 0.374877 0.122202 -0.485393 -0.00767376 0.0261937 0.148847 0.0506384 -1.24379 0.238693 0.50339 0.376916 0.112703 0.288826 0.509813 -0.0268614 2.8783 -0.366101 0.679349 0.799134 -0.691236 0.0230205 1.21061 -0.1529 -0.468453 
0.430495 0.994484 0.274191 1.72807 -1.96985 -1.18704 -0.310104 -0.449215 -0.367196 -2.25611 0.799091 0.877323 1.07316 -0.145298 0.276933 0.694945 -0.13705 2.11606 -0.132229 0.378929 0.647006 -0.592923 -0.253579 1.21795 0.168058 0.0905753 0.0939752 0.351188 -0.395419 -0.736077 2.70861 -0.206171 -0.328957 0.514421 -0.464775 2.23357 -0.164803 -1.50209 -0.935632 
0.359949 1.31385 0.501721 1.48504 -0.412547 -1.135 -0.128601 -0.167028 -0.824088 -1.32392 1.40454 0.547853 0.873153 -0.145749 0.453296 -0.0205413 -0.613876 2.22322 -0.213845 -0.302763 0.663268 -0.414137 0.989786 0.07389 -0.998697 -0.558717 -0.0217694 -0.00137247 -0.786672 -0.546845 -2.1777 0.148112 -0.4715 0.31345 0.662238 1.03003 -1.7773 -1.27658 -0.157277 
0.284747 1.44778 0.253649 1.11419 0.253363 -1.40088 -0.612868 0.214053 -0.781333 -1.26633 0.872981 -0.121375 0.514444 -0.167067 0.27556 -0.0917279 -0.683896 -0.0616391 0.0158834 -0.0925714 0.960456 0.0693147 0.776452 -0.559349 -1.10852 -0.0667018 -0.121384 -0.323444 0.970554 -0.102933 -2.97445 0.764721 0.920256 -0.594396 0.274378 -0.615109 -0.100356 0.926127 0.783602 
0.192882 1.58941 0.409993 0.801148 -0.474186 -1.11911 -0.221172 0.793428 -0.754773 -0.54747 0.845189 -0.560669 0.806451 -0.267133 0.129852 0.950013 -0.716809 -0.751229 0.550875 0.617492 0.0688717 -0.139759 0.374677 -0.0264659 -0.0725709 0.224886 -0.26875 0.211795 1.66945 -0.735078 -0.0191327 1.25702 0.0246926 -1.44508 0.122735 -1.98689 0.438921 1.33633 -0.00419677 
0.0176137 1.57763 1.20366 0.397384 -0.497866 -0.850005 0.00462461 0.282925 -0.921092 -0.89165 0.846515 -0.193946 0.73933 -0.435817 0.487355 1.57772 -1.41897 -0.0807718 1.2729 -0.0678788 -0.484619 0.192049 -1.21044 -0.120428 0.227807 -0.0708986 0.0504786 -0.336834 0.0281372 -0.276606 0.189957 0.977985 -1.34292 0.023161 1.78195 -1.58762 -0.0472298 -0.0480828 -1.87929 
-0.242935 2.07677 1.98771 -0.617825 -0.554958 0.15379 -0.289051 0.308808 -0.562724 -1.75791 0.724761 -0.332862 0.735553 -0.216654 -0.206982 0.97815 -0.993415 -0.561272 1.52886 -0.725425 0.0920327 1.64219 -1.21294 -0.0736957 -0.120654 -1.6544 0.166188 -1.86986 -1.71007 1.56878 -0.687243 -0.875966 0.803854 0.984161 0.830864 1.02909 0.204927 -0.790719 -1.43886 
-0.199041 1.37065 2.18181 -0.596031 -1.05914 0.678856 -0.7208 0.374958 0.721102 -2.10459 0.772819 -0.314599 -0.91507 -0.26963 -1.38251 -0.132349 0.149811 -0.768015 0.396937 0.735976 0.499541 1.02291 -0.181355 0.0844998 -0.562913 -1.50975 -0.395423 -1.01319 -1.64317 0.84416 1.36419 -1.92287 1.14095 0.387008 -2.50762 2.46542 0.20777 0.0680542 3.02335 
-0.512564 0.694259 1.85536 -0.468015 -1.32297 0.550726 0.446925 0.80835 0.460189 -1.93927 0.809261 -0.895775 -0.774202 -0.612077 -1.22018 -0.665022 -0.149255 0.802914 -0.394006 0.415524 0.479041 -0.865428 1.25248 0.134074 -0.0525994 1.36895 -0.108562 0.508283 -0.404912 -0.417027 2.80244 -0.0518537 -0.498873 -0.457235 -1.41892 1.33076 -0.255391 1.01 2.76714 
-0.811118 0.150475 1.51679 -0.745286 -0.256225 0.28485 -0.305276 0.853999 -0.144326 -0.852106 0.906894 -0.367199 0.45388 -0.378192 -0.874223 -0.53726 -0.267216 2.03443 0.345083 0.237102 0.0423068 -0.396007 1.14941 -0.170892 0.447084 1.25738 0.45694 0.645288 0.378603 -0.0105982 0.0776584 1.11808 1.24724 -0.338042 1.46846 -0.64083 -0.337509 0.210089 -2.13895 
-0.890756 -0.179964 1.3181 -0.735231 0.711457 0.895809 0.684027 0.850657 0.0641822 -0.789859 0.638369 -0.448691 0.483181 -0.155137 -0.574889 -0.286419 -0.159853 0.880572 0.724071 1.66277 0.140999 0.603028 0.611653 -0.203435 0.15749 -0.770001 0.265497 0.34116 0.230854 0.217729 -2.64752 -0.270022 0.272775 0.154743 0.595546 -1.68003 0.676203 -0.342209 -1.42368 
-0.966255 -0.424414 1.23037 -0.905139 0.624347 1.00892 1.35749 0.994997 0.458702 -0.240452 0.703459 -0.209709 -0.316121 -0.112695 -0.533063 -0.306406 -0.0494871 -0.613089 0.0750609 0.509877 0.19705 0.199539 -0.530623 0.505312 0.104875 -0.166298 0.137729 0.459408 -0.0991502 0.0170824 -1.25217 -0.920684 -2.53307 -0.42483 -0.308249 -0.848637 0.0640597 -0.16551 1.30324 
-1.00345 -0.713027 1.0117 -0.784718 0.0983683 0.97087 1.1939 1.04771 0.263721 -1.32048 1.14368 -0.343816 0.316883 -0.0174083 -0.115481 -0.385569 -0.142771 -0.371597 -0.196612 -0.8703 -0.283831 0.294779 -0.236984 -0.139375 -0.00801977 0.533238 0.112919 0.531603 0.340813 -0.196353 0.343735 -0.00625058 -0.7501 -0.24557 0.509905 1.55785 -0.125356 0.290678 -0.355495 
-0.983664 -0.539895 0.844803 -1.04791 0.25275 0.812308 0.487191 0.711166 0.753481 -0.477436 0.564083 -0.217729 0.217118 0.000223774 -0.0014599 0.0344067 -0.24584 -0.269354 0.0688103 -0.240223 -0.0485199 0.709444 1.02723 0.379956 0.395553 -0.521793 0.0625167 0.0159938 0.300355 0.288626 0.62956 0.15037 0.0904481 0.0856995 -0.125527 -0.136183 -0.44264 0.0517324 -1.3489 
-1.00323 -0.714487 1.0461 -1.03056 -0.170986 1.03968 0.953681 0.999187 0.973166 -0.293254 1.52364 0.0517366 -0.20491 0.0451083 -0.0994871 -0.085214 0.145856 0.257963 -0.0462427 -0.779851 -0.198132 0.169252 -0.373167 -0.582015 0.0437126 -0.815664 0.0922185 0.234689 -0.111252 0.204662 0.616443 -0.374365 -0.350671 -0.434729 -0.909104 -0.832416 -1.66949 -0.796671 1.7393 
-0.938555 -0.639382 0.759589 -0.902054 0.510713 0.766066 -0.29266 0.513035 0.922734 -0.850603 -0.0179315 -0.174016 -0.598546 0.0924423 0.233229 -0.0768452 -0.0411781 0.347089 -0.305555 -0.590895 -0.483249 -0.199659 0.194812 -1.28953 -0.401117 1.21751 -0.0971065 0.0314643 -0.0132285 -0.564665 -1.24652 0.0606363 2.1948 0.766611 0.147619 1.49556 1.32093 0.0309403 1.55678 
-0.910786 -0.481258 0.969258 -1.07174 0.176103 0.734125 0.362786 0.515938 0.773506 -0.0984425 0.234107 -0.349381 1.0126 -0.0519982 -0.0680229 -0.0984425 -0.418809 -0.988561 0.0143936 1.41495 0.56848 0.316871 1.12239 0.738915 0.0746529 0.741118 -0.191737 -0.851559 -0.0502461 0.487832 -0.836957 1.01259 0.985942 0.404831 1.03005 1.18496 1.70878 0.921462 -1.83229 
-0.990553 -0.707405 0.661146 -1.32086 -0.477848 0.780459 1.12229 1.08151 1.2396 0.271786 0.720983 -0.0993633 0.142571 -0.0992942 -0.61833 -0.127091 0.446654 -0.489868 0.707036 0.395048 -0.0784179 0.830394 1.37977 0.419253 0.520345 -0.61478 0.0897221 -0.24368 0.21656 1.16659 2.39689 0.507225 -1.69645 -1.11429 -0.817894 -1.83681 -0.605286 -0.136471 -0.518178 
-1.01008 -1.09959 0.842167 -0.625082 -0.313766 1.44116 0.757834 0.43752 1.6039 1.28133 0.65336 0.170964 0.397816 0.0377239 -0.311703 0.118117 0.747781 1.40833 0.521619 -0.281503 -0.545814 -0.501022 -0.714417 0.133629 -0.0618184 0.222939 0.146782 0.842649 0.0833906 -0.618205 1.55459 -0.985712 -0.756507 0.609202 -1.05684 -2.68543 -0.693195 -1.44499 -0.846987 
-0.95283 -1.01911 0.779264 -0.573081 0.93048 1.30208 0.840784 0.5357 0.738582 -0.442631 0.854612 -0.161182 0.365511 0.0474873 0.22432 -0.0437006 -0.171551 1.06472 -0.278676 -0.36146 0.530784 -0.226443 -1.30565 -0.273941 -0.924642 -1.46177 -0.0933662 0.462217 -0.273675 -0.939164 -1.07907 -0.573648 0.344778 0.929685 0.205952 1.51143 -0.716213 -0.0943261 0.0184807 
-0.962593 -0.875268 0.798466 -0.796632 0.750952 1.16249 0.396375 0.968304 1.37746 -0.0243272 0.379419 -0.753678 -1.06395 -0.0556422 0.150514 -0.155557 -0.191382 0.329264 -0.0520293 0.0632757 0.383871 -0.29507 0.797018 -0.582585 -0.156144 0.24142 -0.185074 -0.244277 0.105538 0.00525194 -1.39446 -0.0763766 0.354396 -0.662943 -0.247192 1.20377 0.2894 1.16574 2.00653 
-1.00847 -0.868594 0.623707 -0.764464 1.25974 1.25005 0.90406 0.919571 0.443512 0.354388 0.272027 -0.317326 0.606931 -0.137586 -0.0199568 0.0618373 -0.166299 -0.32974 -0.355052 -0.00706372 -0.132159 -0.473634 -0.101881 0.0154583 0.241103 0.544758 0.0579321 -0.187089 0.0999693 -0.00661571 -2.10708 -0.180989 0.32018 -0.254195 0.659292 -1.15182 1.45802 0.910321 0.333355 
-1.10018 -0.895225 0.860303 -0.962931 0.421212 0.807433 0.389311 0.836146 0.903823 -0.126208 0.394877 -0.512575 -0.519193 0.00228986 -0.0365747 -0.0555878 -0.197998 -1.77782 -0.233018 0.383455 0.129676 0.364222 -0.354803 0.875433 0.754176 0.574776 0.248297 0.171564 -0.363967 0.370705 0.496264 0.601158 0.314372 -0.195766 0.745843 0.773161 0.77508 0.250511 1.11987 
-1.00618 -0.905168 0.568119 -0.962462 -0.518077 1.01703 1.28752 1.04925 0.807734 -0.000415452 1.14746 0.43685 1.18171 0.110711 0.151607 -0.30213 0.204406 0.166525 0.246105 0.307308 -0.327924 0.272208 0.67128 0.790538 0.491614 1.66463 0.0387636 0.228821 0.148471 0.305075 2.59131 0.100231 -0.955007 -0.462924 -0.0775127 0.906534 -1.1159 -1.31953 -1.29864 
-0.989468 -0.743618 0.558173 -0.758524 0.587737 1.05354 0.696619 0.508221 1.17603 0.545072 1.18542 -0.0209613 1.14544 0.0410534 0.192246 0.0928833 0.107077 0.813493 -0.132788 -0.571551 -0.333247 0.286709 0.551731 -0.240471 -0.56535 -0.723863 -0.127096 -0.198291 0.530004 -0.500925 -0.485807 -0.247484 -0.248771 1.07078 -0.69141 -2.13379 -1.7117 -1.21802 -2.31955 
-0.965128 -0.712922 0.661002 -0.855385 0.295416 0.884243 0.715964 0.716 1.09444 0.551315 0.906989 -0.128499 0.457843 -0.0163852 -0.0466834 0.227874 -0.296519 -0.319282 -0.0013791 0.058537 0.74286 -0.419202 -1.46251 -0.921161 -0.726406 -0.654924 -0.0625828 -0.474954 -0.4088 -0.12342 -1.27436 0.228556 0.503375 0.905076 -0.217769 -1.93249 -1.0397 0.190658 2.09086 
-1.00585 -0.790301 0.786048 -1.05504 0.268455 1.05216 0.755156 1.25108 0.756829 -0.917437 0.264254 -0.747367 0.490514 -0.0215294 -0.282708 -0.315917 -0.0163426 -0.460865 0.0957682 -0.0681767 0.571828 0.0689403 -1.38076 -1.28017 -0.374692 1.36699 0.0187461 -0.187661 -0.572888 0.267094 0.909441 0.0537302 -0.0725192 -0.769306 0.848844 3.00974 0.905451 1.11503 0.391518 
-0.986658 -0.99563 0.345085 -0.871727 -0.165449 0.980011 0.647787 1.28783 1.16338 -0.829447 -0.373181 -0.503192 1.82484 0.00236088 -0.234344 -0.345014 -0.0294252 0.59016 0.0523511 -0.0139822 -0.0264461 0.429643 1.54723 -0.0157106 0.388629 -0.263405 0.0952735 0.441305 0.792875 -0.00262005 1.17549 0.244411 1.18338 -0.633626 -0.0933266 2.25667 2.04648 0.543323 -2.76398 
-1.00349 -1.02465 0.441034 -1.08447 0.858615 1.10451 0.741174 1.22463 1.18647 0.629792 0.248544 -0.358737 0.227109 0.0737441 0.158597 0.476958 -0.0189627 0.714625 0.340179 1.1152 -0.0617976 -0.0243863 0.875905 0.766305 0.168631 -1.39698 0.107042 0.334939 0.584764 0.283606 -2.19305 -0.0570969 -0.574172 -0.484026 -1.20586 -2.20146 0.323948 -0.806458 0.19415 
-0.912914 -0.837033 0.822043 -0.89069 0.549176 1.32019 1.76299 1.22603 1.139 0.0464578 0.393124 -0.334561 0.427854 0.109402 0.100595 0.239751 0.254181 -1.60289 -0.00474583 -0.588154 -0.510472 -0.776215 -0.654234 0.308237 -0.417829 -0.0692555 -0.0952976 -0.1122 -0.602384 -0.124823 -0.904097 -0.216004 -1.40101 -0.363441 -0.456579 -1.09092 -0.592819 -0.7225 1.9124 
-0.89409 -0.92405 0.680785 -0.830287 -0.744273 1.09976 0.15302 0.714163 0.410257 -0.0244419 0.556781 -0.776566 0.157853 -0.0215534 0.0463969 -0.125426 -0.143786 -0.189471 0.124174 -0.285814 -0.425238 -0.480965 -0.215018 0.173486 -0.55387 0.515417 -0.242173 -0.0395475 -0.264445 -0.589829 2.845 -0.0366751 0.863975 0.662916 1.70477 1.28265 -0.609339 1.12968 -0.0214382 