-1.47283 0.416179 0.388555 -0.324905 0.779918 0.573597 2.25766 0.2004 -0.0681015 1.0441 -0.0346282 0.594524 0.0822612 0.0583466 0.137579 0.0290495 -0.219724 -0.393201 -0.0189054 -0.122628 0.340437 0.146834 -1.17208 -1.30761 -0.0887225 0.464725 -0.0380299 0.10067 -0.336581 -1.47767 -0.942098 -0.365585 -1.57477 -0.545016 0.541407 0.41747 0.18644 -1.23513 -2.35962 
-1.45072 0.497249 0.121249 -0.753045 0.514722 0.555425 1.69556 0.337084 0.322145 -0.436491 -1.58324 -0.81343 -0.0801632 0.0034038 0.0479335 -0.109611 -0.701884 -0.887908 -0.23507 -0.801548 -0.449031 -0.219572 -0.221359 -0.403859 -0.688818 -0.781426 0.0111287 -0.128098 -0.260908 -0.156434 -0.553059 -0.385169 -0.853055 -0.885593 -0.415066 2.10702 2.76699 2.24905 -0.7179 
-1.46942 0.464113 0.278944 -1.02679 -0.10799 0.338526 1.45612 -0.248631 -0.287673 0.822738 -0.438487 -0.0942935 -0.699165 0.0694754 0.00948088 -0.231859 -0.376159 -0.94626 -0.404075 -0.975683 -0.545157 -0.268232 0.934945 1.45938 2.16033 -0.253175 0.0329871 -0.0791642 -0.0776234 1.00245 1.41521 0.105331 0.507719 0.708076 1.26688 0.625037 1.90861 2.15439 2.40165 
-1.38124 0.50673 -0.11061 -1.1292 -0.431538 0.15135 0.719873 -0.208073 0.0539127 0.498454 -0.123865 1.3469 -0.333339 0.0363909 -0.0312307 -0.187235 0.300568 0.527299 -0.12974 -0.293828 0.259045 1.04731 0.403678 1.50475 1.46557 1.62023 -0.0507104 -0.04644 0.42027 1.07395 2.22773 0.928681 1.50291 0.90485 1.87409 -1.40335 -2.60089 -3.00856 1.28153 
-1.43303 0.432882 0.0917096 -0.726221 0.419309 0.208787 1.16229 0.0104133 0.759635 1.22642 1.06626 1.37127 0.921062 0.018765 -0.0369591 0.188411 0.697794 1.28147 0.524606 0.527224 0.359693 1.60586 -0.468403 -1.14152 -0.848225 1.02836 0.162913 -0.265526 -0.0198606 0.09886 -0.504407 0.872553 -0.0393056 0.517141 -0.291429 -1.7981 -3.23215 -2.99182 -2.44809 
-1.36248 0.469771 0.0778013 -0.43141 0.849932 0.675956 1.2471 0.15162 1.65977 0.0300514 -1.26538 0.498677 0.69502 0.199304 -0.296757 -0.207095 0.399428 0.0228926 0.742813 -0.333134 0.776186 0.75588 -1.39442 -1.7274 -1.52625 -0.827866 0.36265 -0.328243 -0.0973519 -0.537153 -2.89252 -0.204497 -2.0248 -0.608187 -3.13594 1.04758 3.45658 0.273223 -1.89323 
-1.23373 0.136125 -0.115386 -0.326793 0.442201 0.9516 0.829155 0.786599 1.51551 -0.168003 -0.66114 -0.154976 0.0931969 0.381415 -0.365202 0.0910594 0.160641 -1.61105 0.320109 -1.49757 -0.248495 -1.53008 0.579173 2.31506 -0.575002 -0.864874 0.313426 -0.135677 0.201544 0.0230035 -1.16371 -0.753652 -1.19357 -1.28934 -1.43331 1.21451 3.45537 2.24154 1.81712 
-0.981061 0.104569 0.168861 -0.270769 -0.761121 0.996064 -0.250474 -0.0968748 0.129695 0.609225 1.04968 -0.0763249 -0.169854 0.51273 -0.432434 -0.0055514 0.422431 -1.14081 -0.0108395 -1.52671 -0.513156 -0.677432 -0.179907 1.72797 0.715292 0.989251 0.338171 -0.283641 0.10941 0.254398 1.84248 -0.771214 0.989846 1.17565 3.11639 -0.60453 -2.7828 1.03881 0.0829971 
-0.720996 -0.296309 -0.120937 0.095638 -0.698612 0.94076 -0.697552 0.273444 0.838082 -0.347911 1.06683 0.560316 1.08245 0.719586 -0.648843 0.200469 0.415039 0.23143 -0.451105 -0.507726 0.92716 1.58631 -0.025357 -0.467737 0.463811 -0.781877 0.0271046 -0.534616 0.105455 -0.581883 1.05407 -0.381603 2.46225 0.727108 1.28287 0.491917 -3.1844 -1.87647 -2.81948 
-0.261474 -0.544274 0.36933 0.14427 -0.52969 0.544959 -0.7582 0.830285 1.716 0.583868 0.581941 0.387486 -0.951731 0.539835 -0.967049 0.0999036 -0.159451 -0.0867398 -0.392442 0.935538 0.213952 0.605437 0.31201 -1.45643 -1.16118 -1.83022 -0.465246 -0.0725954 0.244964 -0.465923 0.757863 0.481017 1.00126 -1.071 -3.77159 -0.459007 0.386243 -0.457997 0.601544 
-0.181161 -1.26336 -0.0210334 -0.0638134 -0.785352 0.548318 0.237986 0.487396 1.44352 -0.0359009 -0.389594 -0.600865 -0.747776 0.254341 -0.721438 0.445433 -0.0508834 0.989294 0.0299118 0.493536 -0.14384 -2.18529 -0.484364 -0.0814945 0.00581406 -0.180333 -0.0352143 0.765773 -0.260781 -0.0846171 2.17121 0.497371 -1.56983 -0.00423387 -1.1135 0.194223 1.78003 0.577153 2.96555 
-0.00713355 -1.26571 0.814763 0.0933868 0.459603 0.574871 -0.264664 0.686446 -0.469282 0.0995038 0.500447 0.393301 -1.13206 0.504621 -0.201277 -0.160877 -0.244068 2.08447 0.104929 -0.634292 0.209719 -0.508065 0.506233 0.323605 -0.584027 1.13532 -0.150671 0.371594 -0.913249 -0.878834 -0.127159 0.214949 -0.625957 -0.669171 2.80103 0.0196779 -2.19442 -1.95294 1.08276 
0.323459 -1.46463 -0.18191 -0.307882 1.29912 0.653247 -0.396306 0.697115 0.935455 0.470332 -0.0659886 -1.18489 0.387548 0.10367 -0.349845 -0.467816 -0.929718 0.862135 0.244861 -0.132421 -0.813011 0.615739 -0.464686 -2.27591 -1.94713 0.902426 -0.887235 0.165307 0.914813 0.00978553 -1.96084 -0.224447 0.903373 -0.0766722 0.111164 -0.878067 -0.381711 0.263684 -0.567707 
0.0965366 -1.61556 0.346946 -0.836331 1.32174 0.819732 -0.397084 -0.126565 0.146457 -0.365182 -1.77547 -1.55383 -0.229638 -0.382614 -0.0359694 0.753936 -0.234283 0.123639 -0.119518 0.269081 0.133046 -0.396901 -0.371835 -0.0581057 -0.320343 0.567617 0.111911 0.841559 0.195781 0.323675 -0.871639 -0.199182 -0.97196 1.18843 0.680939 2.33161 4.4845 1.43759 0.585561 
-0.0591547 -1.5006 0.572026 -0.542165 1.42276 0.533729 -0.127224 0.830161 0.538554 0.0984976 -0.124094 -1.50523 0.955165 0.215581 0.491715 -0.272035 -0.606043 -0.00950374 0.0456788 -1.10438 0.375419 1.29668 1.86692 2.20859 -0.509538 1.48799 1.18647 0.986472 -0.747024 -0.499318 -1.52995 0.246495 -0.848919 -2.02747 -1.28288 1.11308 0.778403 0.1073 -0.480239 
0.312118 -1.12384 0.0749113 -1.44237 1.31223 0.865411 -1.50146 0.248853 1.44313 1.50174 0.433118 -2.06336 1.25835 0.80386 0.950503 0.00691213 -0.733601 -1.40631 0.126978 -0.579838 -1.89443 -1.67978 0.741241 0.720298 -0.213042 0.0873777 0.430663 0.177649 0.875636 0.407104 -1.9859 -0.45491 2.16429 -1.23082 -4.37722 -3.73 -2.81037 1.96407 -2.0177 
0.744705 -0.550101 0.578938 -1.27577 0.0164527 0.660707 -0.707062 -1.06427 -1.14123 0.839738 0.596204 -1.71828 1.04254 0.646244 0.669364 0.603601 -0.198939 -1.9954 -0.409231 1.05991 -0.855403 -3.08054 -1.86308 -0.601788 1.45453 -0.529714 -0.697228 -1.10984 -0.0414046 0.593926 0.756285 -0.255472 1.21324 2.99167 1.69193 -2.09953 -1.07944 0.724027 0.684089 
0.958362 -0.454478 0.678513 -1.64131 -0.683166 0.45618 -0.441552 -0.60655 -1.63741 -0.361347 -0.168669 -0.608831 0.728635 0.106632 -0.15934 -0.0344924 -0.139675 -0.650023 -0.128494 0.633401 1.09725 0.0121422 -1.35829 -0.35914 0.510984 0.771467 -0.762057 -1.04241 -0.711526 1.52195 3.20971 0.476002 -0.885589 1.04984 2.87599 0.955274 1.13801 -1.56666 0.229607 
0.851337 -0.709442 0.544445 -1.41544 -0.63357 0.532213 -0.0736614 0.032981 -1.12909 -0.518548 0.237064 -1.20729 1.81401 -0.115813 -0.373044 -0.107925 1.32301 1.21431 0.0667709 0.174324 0.194441 -0.204557 -0.90781 0.536223 -0.112125 -0.300108 -0.0359424 -0.0581687 -0.179344 0.980118 1.84878 0.159649 -1.327 -2.14156 -0.676758 0.699153 1.39902 0.719201 -0.680421 
0.842549 -0.827522 0.570588 -0.318303 0.531148 0.522951 -0.267228 -0.412109 -1.84197 -1.26916 0.367553 -0.720956 0.428527 0.0706893 -0.217509 -0.213836 0.840443 1.19875 0.0311548 -0.6936 -1.04431 -0.664616 -0.659133 1.03988 1.23019 0.0910462 0.0684009 0.0173514 -0.349971 -1.99579 -1.31333 0.118116 -0.284647 -0.0805197 2.20432 2.06569 -0.337119 1.18621 -0.366043 
0.922026 -0.92695 0.330609 -0.574997 0.565183 0.563367 -0.767261 -1.01133 -1.7937 -1.17768 1.27694 0.022893 1.90506 -0.0474121 -0.355693 -0.457896 -0.672783 -0.0990167 0.184887 -0.110324 0.113921 1.99976 1.15788 0.199103 1.07409 -0.66615 -0.284731 -0.161321 -0.202435 -1.2123 -0.676682 -0.0799556 0.744021 2.05102 3.48667 2.88736 -3.89264 -2.78433 -0.789124 
0.795137 -1.18322 0.112692 -0.991086 0.432131 0.707838 -0.377552 -0.298188 0.157795 -0.111273 0.566656 0.353133 -0.237623 -0.214042 -0.37883 -0.416272 -0.371859 0.522072 -0.0488008 0.0504211 1.00671 2.82205 2.22822 -2.85277 -1.55415 -0.698078 0.33912 1.58085 1.18211 1.37405 -0.438407 -0.823109 -1.01528 -0.326955 -3.21675 -1.07547 -2.03128 -3.16258 1.37576 
0.707985 -1.30578 -0.0856629 -0.946857 1.08726 0.514567 -0.71684 -0.00462357 1.02835 1.05054 -1.57582 -1.53126 1.20698 0.291708 1.22516 0.724213 0.701269 -0.537423 -0.638222 -1.1256 -0.213034 -1.21699 0.0824139 -1.83218 -2.08849 0.709612 0.986627 2.61473 0.1616 0.710674 -1.6008 -1.32986 -1.91908 -2.75711 -6.01217 -1.89036 3.65265 1.73815 0.0043562 
1.08685 0.0419448 0.836905 -0.289817 -0.105293 0.0696155 -1.50316 -0.511222 -1.05919 -0.0288595 -1.26552 -1.73536 0.471989 0.772585 2.2359 -0.254672 0.338815 -1.07873 -1.37866 -1.86866 -1.7504 -3.19012 0.337859 0.799889 0.183999 -0.693722 0.185853 0.00699175 -3.44029 0.666001 -0.369447 -0.588448 0.459519 -1.11261 1.57948 3.0237 3.06322 3.08052 -0.840344 
1.48057 0.930124 -0.340335 -0.608042 0.00852948 -0.864092 -2.5855 -1.75502 -2.16177 1.3884 -0.775935 -1.34726 0.513256 0.477561 1.23215 -2.71607 1.36727 -0.90687 -1.22667 -0.666084 -1.32565 0.362495 3.10612 1.23104 0.992023 -0.130733 -0.593142 -1.84099 -1.4641 1.40245 0.410799 0.564699 4.3342 1.47127 5.78989 0.138589 0.637923 1.81539 1.21296 
1.56441 1.2741 -1.87917 1.07745 -1.01216 -1.15705 -2.16924 -1.83687 -0.696696 3.07726 -0.0344808 -0.743339 0.341256 0.179443 0.394919 -1.71877 1.74126 -0.667927 -0.81396 2.46554 -0.279129 2.59977 0.476448 1.43781 1.99939 0.519242 -0.309404 -1.21171 2.49626 -1.31439 1.32939 0.592201 3.32915 1.57455 0.668604 -5.82548 -1.38215 0.411013 0.461694 
1.66001 1.32504 -2.0591 1.13322 -0.659397 -1.67805 -0.119962 -2.03415 0.437994 1.86485 0.661877 0.652132 1.0325 0.168157 0.0204458 -0.219813 0.0528791 0.422516 -0.63447 2.66307 0.248908 1.0311 -2.71936 -0.151114 1.40304 0.330961 -0.162468 -0.203274 1.23428 -1.3271 -0.389567 0.686623 -1.44556 1.24341 -2.2602 -1.5374 -2.29485 -1.06058 -1.13518 
1.73256 1.29454 -2.09898 1.13033 -0.589647 -1.79152 0.49383 -1.58796 0.334403 0.357895 -0.185595 0.659697 0.672217 0.0169752 0.191645 -0.484489 0.414163 -1.05749 -0.127336 1.01997 0.96428 0.339564 -1.06095 -0.857038 0.93881 -0.615935 -0.100413 0.0853596 -0.221447 -0.177612 -1.46378 0.363584 -2.48061 0.0191111 -0.560215 2.75862 -1.2892 -0.658534 -1.27369 
1.67699 1.51669 -2.54359 1.54738 -1.71689 -1.80539 0.900011 -1.06987 0.777559 0.803899 -0.195161 1.59094 0.416563 0.067744 0.105805 -0.44126 -0.124733 -1.04127 -0.270886 0.182463 0.268019 0.470884 0.0392611 -1.44032 0.744502 -0.942726 0.142929 -0.202488 0.926313 -0.337902 1.86992 -0.0711629 -1.51155 -0.819371 -0.964989 1.26755 -0.451462 -0.657863 -0.826445 
1.80031 1.40035 -2.54024 1.0056 -1.63091 -2.06241 0.676292 -1.31994 0.805288 0.397156 -1.62591 1.4042 -0.270509 0.159904 -0.010843 0.441824 0.076261 0.81243 -0.198499 -0.491576 0.144909 -0.625424 0.206597 -1.3085 0.280947 -1.44238 -0.208004 -0.262463 0.997687 0.944034 1.33233 -0.0959928 -1.18876 -1.25004 -2.46209 -2.29291 0.787942 -1.37863 -0.044102 
1.83689 1.50584 -2.10177 1.62365 -0.904461 -2.00389 0.408435 -0.924963 0.152134 1.0105 -1.50366 1.87189 -1.02582 -0.14026 -0.156657 0.556427 0.819301 0.291059 -0.366878 -1.00629 -0.982016 -1.99121 -2.25365 -0.652374 -0.634124 -0.986828 -0.427723 -0.388154 -0.0810593 0.245811 0.152099 0.125696 0.103696 -1.69826 -1.05977 -3.19885 1.35695 -1.85109 0.328754 
1.66005 1.24369 -1.98381 1.8249 -1.33985 -2.42929 -0.330002 -2.30196 -1.18592 -1.85649 -2.27828 0.770074 -1.25734 -0.267819 -0.398997 0.360765 0.322072 0.964529 -0.0728036 -0.38788 -1.55335 -1.6852 -2.99225 0.0484474 -1.57015 -1.11363 -0.210277 0.328938 -0.0375944 -0.557075 0.543812 0.99387 1.84607 1.52093 1.96185 2.36859 1.89624 0.0607304 -0.0344354 
1.56907 1.10685 -1.74101 1.94572 0.0600677 -2.07669 0.0205548 -2.47831 -1.53306 -1.98175 -1.45521 0.301742 -2.13944 -0.350537 0.172281 0.518833 0.262226 0.834871 0.626991 0.839771 0.538913 -0.0293586 0.114946 1.24386 -0.573394 -1.02126 -0.54039 1.12599 0.225368 0.317498 -2.5543 0.528097 1.28246 3.19837 1.9787 4.26728 0.754955 1.06401 0.781181 
1.30951 1.41597 -1.46498 2.08713 -0.504984 -1.8023 0.50977 -1.76304 -1.21528 -1.74154 -1.03442 0.19668 -2.2786 -0.808209 0.726996 0.586132 0.63957 -1.58978 0.455294 0.894582 1.64502 0.2935 1.27503 0.803403 -0.50614 -0.332445 -0.626849 0.128038 0.406425 -0.281447 -2.15065 -0.535717 -0.843483 -0.122758 0.510194 0.308335 -2.03635 0.00931727 0.750557 
0.760865 1.83384 -1.15487 2.58529 -1.52971 -1.6214 0.915137 -0.833293 -1.23956 -0.706726 -0.651811 -0.204398 -2.47189 -0.977386 0.300318 0.925258 -0.0192206 -1.31578 0.0912742 -0.00371209 0.416155 0.480835 0.423281 -0.792486 -0.564077 -0.270706 0.142251 -0.85773 0.0713215 -1.14851 2.84208 0.0348585 -0.374014 -1.12836 0.0658689 -1.51394 -1.42594 2.32878 2.78637 
0.332124 1.71629 -0.539723 2.06791 -1.82077 -1.71102 0.506058 -1.34689 -0.734445 -1.31826 -1.82691 -0.367396 -2.5493 -0.665958 -0.130735 0.657454 -0.508941 1.25231 0.490152 0.520568 0.516661 0.359369 -0.238908 -0.622542 1.82264 2.45392 0.451608 -0.56018 -0.764261 -0.959081 2.70188 0.310163 0.577134 0.508499 -0.578932 0.00739481 2.10251 2.60511 3.68234 
0.0949074 1.70311 -0.497419 2.07635 -0.277399 -1.13125 1.4357 -0.316632 -0.880195 -0.945634 -1.27435 1.61824 -0.0179632 -0.525778 -0.259861 0.160998 -0.978302 1.38609 0.401438 0.573422 0.924654 -0.0980964 0.430676 1.31002 2.04104 3.41163 -0.0981999 -0.4331 -0.31137 -0.784804 0.0196584 -0.177482 -1.30044 0.076726 -0.217007 -0.419153 0.269201 -3.9492 -2.81264 
-0.193654 1.45643 -0.378726 1.0896 -0.434675 -1.30959 1.07948 -0.422235 -0.832541 -0.887587 -0.516885 1.67364 0.86233 -0.764158 -0.563835 0.346084 -1.29375 1.27197 0.31267 -0.779872 0.593387 0.142362 -0.658061 -0.35334 -2.12656 -0.358716 -0.229177 -0.264448 0.451192 -0.0788978 0.89697 0.789266 -1.41724 -0.269202 1.86033 1.45523 -0.225862 -2.77958 -4.8342 
-0.66925 1.13927 -0.151335 0.782601 0.994567 -0.818575 0.655833 0.276754 -0.737833 -1.6037 -1.62769 -0.508321 -0.376679 -0.754955 -0.52431 0.612189 -1.0572 2.28306 1.1907 -0.843819 0.655451 1.76223 1.88591 1.08416 -0.738547 -1.42257 0.924356 0.432154 -0.668268 0.962807 0.338556 -0.192122 -0.952138 -1.57156 0.293244 2.37562 3.41051 3.64107 0.943518 
-0.948609 0.932119 0.233464 0.0324045 1.84839 -0.118882 0.235661 0.233217 0.929691 0.998323 0.567274 0.935093 -0.560238 0.160198 -0.131681 -0.322184 -0.330938 1.61052 0.120549 -1.73201 -0.978174 0.435606 1.71756 3.05717 1.51451 0.584802 1.47595 -0.0449628 -0.803042 1.53673 -2.8869 -1.68383 -1.51137 -0.823281 -4.66573 -4.1947 -2.25373 -0.319524 1.78593 
-0.509052 1.00759 -0.473519 0.451663 2.60509 -0.698026 -1.07618 -0.70142 -0.302226 0.113859 1.42948 1.00619 0.208123 0.720994 -0.569272 -0.190852 0.479535 -0.603835 -0.493124 -2.35519 -0.16783 -2.90349 -2.30879 -1.16957 -1.05807 0.363358 0.49098 -1.23193 1.03311 0.247928 -3.18492 0.545416 1.62072 3.32597 -0.412141 -3.10194 -3.85254 -1.23282 0.589772 
-0.227615 0.362846 0.0426114 0.51194 1.24455 -0.612006 -2.11952 0.0653868 -1.9738 -1.31046 -0.602293 -0.122977 -0.19688 0.651179 -1.36361 0.710923 -0.0830097 -1.5744 0.665965 -0.111287 2.34779 0.0234652 -1.38439 -0.795368 0.281684 1.17457 -0.383036 -0.532512 0.218142 -1.03905 -0.347318 0.628545 2.21544 1.06868 3.65296 1.7861 2.29483 1.89915 -0.115153 
0.142127 -0.356017 0.237404 0.368654 1.03069 -0.0320615 -1.18746 1.64637 -0.278761 -1.27053 0.634108 1.28787 1.3827 0.337958 -1.10178 0.0272899 -0.559511 -0.951153 0.135421 -0.139745 0.90085 0.749466 -0.522684 1.12526 0.841084 0.248205 -0.617276 0.360602 -0.940174 0.0563044 2.6815 -0.150042 1.15778 -3.20832 0.548691 2.93725 1.45427 -1.84206 -2.21383 
0.110342 -0.738938 0.0699013 -0.047571 0.293399 -0.476585 -2.25927 0.966237 -1.22434 -1.83315 0.522966 0.718107 0.0513249 0.0339023 -1.00301 -0.229251 -0.0267054 1.1071 0.515923 1.04649 -0.860524 0.572156 1.55286 0.658902 -1.56038 -1.03926 -0.223276 0.309783 -0.0772898 0.844825 1.79104 0.80149 2.40651 -1.05657 0.0959235 2.03281 -0.0794556 -0.911615 0.133028 
0.176029 -1.35903 0.00815361 0.341948 2.13779 0.483862 -0.140975 0.785849 0.293395 0.282334 1.29301 -0.272504 0.343437 0.114681 -0.792001 -0.0499999 0.285314 0.839884 0.936912 2.26676 -0.155717 0.84539 1.51013 1.0458 -0.0705311 0.381233 -0.115879 1.03678 0.629973 -0.104386 -3.33045 -0.777947 -0.426817 1.31983 -1.43374 -2.11058 -0.418861 2.76373 0.965125 
0.225024 -1.53094 0.0199014 0.237743 1.13328 0.460327 0.00749208 0.810521 -0.378946 -0.32302 1.56877 0.647576 0.432557 -0.0819763 0.0337705 0.400722 -0.131091 -2.22335 -0.262024 0.619673 0.459309 -0.861583 -0.557719 0.240041 1.20335 -0.0741353 -0.375163 1.05178 0.400755 -0.466739 -1.88699 -0.982646 -1.99332 1.07219 -1.11094 -1.70366 -2.19471 -0.394007 -1.39552 
0.094053 -1.32526 0.408876 0.210857 -0.0855642 0.221838 0.478697 1.24516 -0.568188 -0.275385 1.53305 0.930848 0.269302 -0.260482 0.259784 0.350755 -0.181426 -1.04711 -0.0457342 0.273445 0.916471 -0.265546 -0.193533 -1.1489 -0.464538 -1.01428 -0.218331 0.156216 -0.346035 -0.0526758 2.77753 0.495182 -1.01775 -0.302427 1.71516 1.73703 -1.30083 -2.03376 -0.463215 
-0.0354583 -1.27116 0.370656 0.0563167 0.0861737 0.414593 0.280937 1.72699 -0.644492 -0.516553 0.419868 0.183038 -0.581726 -0.300308 0.189986 0.0546873 -0.183767 0.554176 0.233159 -0.39808 0.156882 0.853577 1.17931 -1.06079 -0.830413 -0.53735 0.375715 0.104818 -0.198695 -0.658046 1.36255 -0.161768 -1.89291 -1.83718 0.925352 0.755936 1.14619 0.888811 3.1472 
-0.206255 -1.13527 0.463563 0.0270898 0.468611 0.454996 0.0806169 1.40204 0.285389 0.903927 0.472265 0.100435 -0.268048 0.115233 0.364602 0.15206 -0.839472 0.31544 -0.207502 -1.61946 -0.920713 0.659806 0.562403 -0.00271144 0.424273 2.13292 0.632498 0.757105 0.223215 -0.545523 -2.28197 -0.681031 -0.473599 -1.03843 -1.04843 -2.12058 0.887013 2.68551 1.66274 
0.0797744 -0.906554 0.522716 -0.783156 0.401614 0.207091 -1.33853 0.806279 0.0153138 0.0458492 0.417156 0.607311 1.55119 0.33219 0.947092 0.277903 -0.72929 -1.72779 -0.447873 -0.87168 -0.881546 -0.194856 -0.941271 -0.173772 1.85509 1.12539 -0.409106 0.16462 0.695439 0.967114 -1.70937 0.463004 2.35459 0.848473 0.0424551 -0.598368 -0.0108835 -0.281609 -3.34983 
0.125936 -0.188177 0.741466 -0.7022 -1.25918 0.00712345 -0.791063 0.520494 0.0905326 -0.0373442 0.298493 1.95553 0.857343 -0.293873 0.529222 0.847498 0.127642 -1.39393 0.255502 0.735124 -0.0722402 0.702261 -0.0359652 -0.0135949 0.142664 -1.21691 -0.98313 -1.34553 0.699868 0.705685 1.51482 1.51988 1.7076 1.54237 1.3685 1.50862 0.26259 -5.32413 -3.72812 
-0.214099 -0.377332 1.37021 -0.655514 -0.992314 0.462592 -0.603402 0.734038 0.717575 0.00988399 0.403561 0.749975 0.33428 -0.65094 -0.398436 0.97777 -0.0236044 -0.212971 1.072 0.835918 0.660821 1.17364 0.567347 0.0888183 -3.46904 -2.60273 -0.19885 -0.808213 -0.556752 -0.0666629 2.34654 0.556938 0.1402 0.393896 -1.25726 -0.693281 -0.39097 -0.998316 -0.012788 
-0.525004 -0.586614 1.71924 -0.725804 -1.47215 1.07913 0.0448553 1.18132 1.26417 0.530002 0.387311 -1.51351 -1.74538 -0.492723 -0.278992 0.290747 0.0609791 0.952615 0.81244 0.875323 0.321656 -0.555004 -0.729246 -0.404565 -0.855652 -1.2297 0.280838 0.49984 -1.15116 -0.31393 0.701709 -1.3278 0.0281885 -0.373001 -1.268 0.00434601 0.785267 4.05299 3.90779 
-0.706822 -0.656324 1.66096 -0.594535 -0.0396993 1.27503 0.271921 1.05569 0.162571 -0.719363 -0.00100327 -0.105677 -0.89542 -0.370101 0.101404 -0.17339 -0.337535 0.488738 -0.255796 0.864106 0.28782 -0.0943622 0.571693 0.874086 0.58395 1.30507 0.267742 0.411989 -0.446206 -0.635448 -1.05726 -1.32957 -0.68504 -0.184157 1.27008 1.74959 2.55745 -0.417058 1.96887 
-0.895105 -0.48521 1.54585 -1.06334 -0.983412 0.823332 0.908962 1.46914 1.16981 1.10169 1.2614 -0.92956 -0.440319 -0.224981 0.132998 -0.155459 -0.574469 -0.104645 -0.517132 0.190283 0.137499 0.715079 1.02034 2.15288 -1.27271 0.739168 0.330631 0.183632 -0.305371 0.528731 0.88561 0.398881 -1.84304 -1.21358 -1.32444 -1.6774 -1.60308 0.549898 0.747382 
-0.931803 -0.523326 1.5055 -1.169 -0.144344 0.757901 0.462204 1.19319 0.87765 0.30098 2.15188 -1.37839 -0.156252 -0.0394704 0.285036 -0.478761 0.191196 1.37435 0.143084 -0.978932 -0.925757 -1.4188 -1.10571 -0.728998 1.13385 2.05245 0.152472 0.288821 -0.0550069 2.13339 -0.149428 0.835315 -0.512297 -0.501677 -0.135871 -1.51573 -2.87468 2.98606 -0.480142 
-0.934576 -0.200174 1.06709 -0.872144 0.390937 0.966416 -0.0699706 0.543378 -0.248992 -0.00401072 0.532399 0.204289 1.61213 -0.0725096 0.421818 -0.210466 1.55892 -0.254073 0.318184 -0.322014 -0.364178 0.579208 -0.495385 -0.721802 1.71335 0.259027 0.0114413 -0.270927 0.367898 0.38085 -3.09578 0.126395 0.767602 1.08787 3.19959 -0.213005 0.546121 -1.67984 -3.61438 
-1.00431 -0.101508 1.29504 0.389914 -0.398417 1.07608 0.14019 0.829016 1.45686 -0.194406 1.43008 0.334966 0.102775 -0.0280291 0.0141089 -0.110863 0.572046 -1.72143 0.269479 -0.21133 0.162115 1.78078 -1.31871 -0.182877 -0.545995 -1.56193 0.0778752 -0.507277 -0.602096 -2.37332 -1.1061 -0.697027 0.708601 0.389619 -1.25475 -0.0400371 -1.15934 -3.34629 -0.878724 
-0.962605 -0.186065 0.956223 -0.300098 -1.3305 1.2359 -0.281301 0.705493 1.53179 -1.32272 0.349523 -0.341706 0.0501988 0.00536565 -0.0854586 -0.812562 -0.814402 -1.36017 -0.378843 0.386587 0.0254416 -0.675539 -0.535423 -1.88114 -1.63293 -0.619698 -0.0810715 0.255739 -0.194088 0.00428505 2.88224 -0.905934 0.864497 -0.311499 -2.68753 2.55973 0.988723 0.337401 1.77637 