-0.797812 -0.690847 0.666063 0.271649 0.724917 0.29975 0.762445 0.59129 0.0756752 0.162543 -0.0887663 2.36654 0.918148 0.242321 0.103754 -0.608226 -1.01987 0.196202 -0.0499852 0.603943 1.02782 -0.240388 0.0919628 0.504979 -1.20362 0.617145 0.628505 0.340002 -0.805384 -0.394975 -0.829029 -0.0128359 -1.18858 -0.271801 -0.421229 0.237707 1.09957 -3.57504 -0.927917 
-0.854519 -0.842823 0.528917 0.181494 0.897781 0.511109 0.90984 0.961151 -0.6757 0.980946 0.0745564 0.887323 1.22952 -0.169308 -0.350844 -0.139321 -0.123326 -0.104112 0.286914 -0.426136 0.319489 -0.345553 0.40025 1.01081 -1.20849 -0.00976934 -0.273581 -0.117522 0.526391 1.12613 -0.303411 0.719837 -0.822308 -1.24022 1.23811 0.191801 0.273464 0.889831 -0.398707 
-0.96712 -1.04169 0.526742 0.148323 0.620805 0.586665 0.336308 0.910779 -0.269878 0.562792 0.92204 1.15805 0.908379 -0.0312597 -0.0137681 -0.0818351 0.106267 -0.10721 0.669852 -0.218364 -0.212401 0.99772 0.283764 0.778443 -0.313789 0.218438 0.303153 0.474625 0.164706 -0.0731931 -0.123765 -0.291851 0.639296 -0.811635 0.433295 -0.379258 -1.45734 0.847102 0.8239 
-0.885779 -0.856591 0.447082 0.287761 0.790572 1.18096 0.691475 0.748749 0.32202 1.26471 0.852999 0.573534 1.44796 0.133846 0.123781 0.0253852 -0.196519 -0.227877 -0.0049367 0.21316 -0.492145 0.0877415 0.0209918 -0.446534 -0.36139 0.814131 0.0452415 0.0455504 0.176546 0.214578 0.0238847 -0.744052 0.287951 -0.262124 -1.19752 0.730651 -0.637981 0.0914108 -1.7112 
-0.833274 -0.91791 0.552128 -0.0481963 0.392928 0.581728 0.549468 0.418634 -0.182137 0.583784 0.475506 0.796662 1.72251 0.0139817 0.0317823 0.0947112 0.320845 -0.0833248 -0.0742007 0.0695865 -0.474525 -0.199796 1.01441 0.140462 -0.222378 -1.49276 -0.170908 -0.0854741 -0.335864 0.119872 0.239163 -0.388492 -0.595644 0.452292 -0.681695 -0.0344332 0.908214 0.0686441 -1.46357 
-0.871797 -0.824808 0.541793 0.608606 0.707247 1.10676 0.761062 0.274224 0.122224 2.27912 0.993461 0.351156 -0.0447988 -0.0370625 0.0383068 -0.310479 -0.0766477 0.0112859 -0.393428 -0.382485 -0.0398536 -0.593953 -0.0134414 0.461681 -0.292746 -0.649439 0.0222459 0.0899066 -0.0422032 -0.816728 0.178862 0.216823 -0.311835 1.03356 0.792253 -4.08425 -2.04944 -0.285034 1.92414 
-0.870337 -0.879603 0.241648 -0.124844 0.404214 0.188299 0.166983 0.37878 -0.77609 0.570343 0.937186 0.503915 1.07307 0.0362276 0.121689 0.0525079 -0.495883 0.0955373 0.142623 -0.242248 0.559036 0.592458 -3.06984 -1.90898 -0.507412 0.431382 0.0749384 0.259867 0.714028 0.269263 0.00706735 0.20052 0.534928 0.863249 2.31757 -0.0758843 -1.0795 -0.566855 -0.210932 
-0.83557 -0.70312 0.594301 0.112723 0.802784 1.24938 0.518814 0.833259 0.714682 -0.790713 -0.915522 -0.156256 0.386583 0.0378759 0.298174 0.403549 0.192616 0.0183533 -0.192909 0.152443 0.823395 1.72362 -0.0893257 -0.617819 -0.859601 -0.860371 -0.091887 -0.315255 -0.565917 0.0841882 -0.366395 -1.19643 -0.0439874 -0.754703 -0.859161 3.94239 0.892427 0.414149 0.0192063 
-0.832461 -0.581429 0.645197 0.0677716 0.422567 -0.00460915 0.319427 1.20218 0.947526 0.481017 0.319367 -0.355686 0.212699 -0.0556594 -0.193567 -0.513409 -0.411695 -0.270858 -1.05381 -0.286236 -0.195668 -0.266703 0.872548 -1.01656 -0.0932622 0.450588 -0.172236 -0.62367 -0.532685 0.304472 0.539146 0.833328 -0.162089 -1.31747 -2.20453 -0.860313 -0.681233 1.54016 2.30952 
-0.891229 -0.896686 0.0808919 -0.298973 0.531926 0.195577 0.232578 0.637592 0.447978 0.0818356 -1.93208 -0.249518 0.837172 -0.13436 -0.325497 -0.129136 0.497088 0.557499 0.640419 -0.00964548 -0.494072 -0.48091 -0.949639 -1.29905 0.680564 1.44915 0.178601 0.649587 1.36138 1.48487 0.809543 1.07033 0.0771028 0.649314 0.643459 -2.15863 1.62223 -0.564734 -1.51594 
-0.966821 -0.906926 0.516061 0.564859 0.980066 0.63581 0.309781 0.708104 0.466616 -0.468622 -0.979685 0.324878 1.66185 0.122942 0.456021 0.847966 1.07317 0.538685 0.0165292 -0.209133 0.453646 0.376755 -1.28608 0.605678 -0.657996 -1.06535 0.346189 0.868937 0.709813 -0.574238 -0.940705 -0.735518 -0.326668 0.321284 -0.71252 -0.939354 -0.615558 -2.43743 -2.73924 
-0.768287 -0.440665 0.928858 0.774198 1.07061 0.212106 0.0234451 1.09124 0.824734 -1.20424 -1.3264 -0.907514 -0.22818 0.211829 0.543441 0.580677 -0.0771508 -0.383206 -0.0950989 -0.336314 -0.172788 -1.19343 -1.88899 -1.91461 -1.75687 -1.29009 0.0446626 -0.326324 -0.770242 -0.987084 -1.10892 0.219237 0.245333 -1.40509 -2.47708 0.621251 0.514183 0.550211 0.867661 
-0.754991 -0.363485 1.09674 0.487708 0.59686 0.540711 -0.0265325 0.535316 -0.726813 -2.35761 -2.89429 -1.43199 0.371763 0.167604 0.129696 0.0777241 0.0860866 -0.570237 0.235766 0.0362004 -0.951442 -2.10032 -0.664826 1.11986 -0.107785 -0.197691 -0.0186718 -0.382745 -0.435844 0.327128 0.509221 -0.212488 0.184725 0.132577 0.927871 3.3842 3.1728 2.39152 0.859895 
-0.600683 -0.310969 1.00658 0.860285 0.500374 0.447872 0.0596455 0.139796 -1.27559 -1.86907 -0.206539 -1.0153 -0.425871 0.193157 0.160696 0.144833 0.249977 0.126015 -0.307587 -0.151589 -0.0402107 -0.265558 1.49521 1.25819 0.634646 -0.430192 -0.00332425 -0.243501 0.435671 -0.387654 0.672932 -0.148733 -0.556239 1.4565 2.29877 2.5536 -1.40636 0.60844 1.67603 
-0.561834 -0.202789 1.24157 0.737686 0.722875 0.233124 -0.178121 0.495105 -0.992371 -0.862402 -1.6361 -0.797347 -0.058429 0.16428 -0.113805 0.513395 -0.301567 0.102695 0.0870334 -0.520038 0.505059 0.198441 1.88878 -0.286496 0.500655 1.47834 -0.0460805 -0.670144 0.321552 -0.636007 -0.579182 0.7869 -1.01134 -0.646928 -0.971874 -1.5128 -0.0106587 -0.2097 1.06141 
-0.436403 -0.424774 1.51998 0.558718 0.603069 0.534906 -0.460393 0.644855 -1.07715 0.0197078 -0.493036 -0.514644 1.05247 0.147077 -0.509448 0.466384 -0.386029 -0.453167 0.479313 -1.16293 -0.687138 -1.23743 -0.017586 1.24754 0.424946 0.631215 -0.049 -0.278088 -0.655193 -0.260257 -0.399498 0.673028 -0.461683 -1.64647 -1.08793 -3.50146 -0.550355 -0.334157 -2.4293 
-0.414757 -0.712238 1.70795 0.351656 0.269708 0.712437 -1.34105 -0.192033 -2.2298 -0.879988 -0.388566 -0.372401 0.572786 0.11528 -0.391893 -0.141799 -0.561824 -0.296803 0.760061 -0.981722 -1.14141 -0.889491 -1.61269 -0.836851 0.166498 -0.950959 0.0747078 0.299542 -0.436918 0.587891 0.588939 0.0838285 1.27429 1.09693 2.7404 1.0419 -1.41845 -0.802521 -0.348724 
-0.321123 -0.816667 1.37818 -0.00310654 0.306266 1.29497 -1.44211 -0.496559 -1.96664 -1.59298 -1.32989 -0.348146 0.101509 0.221785 -0.209906 0.029466 0.201862 0.135772 0.563141 0.111362 0.409791 1.50297 1.02431 -0.17092 -0.377575 0.282491 0.0770722 0.409701 -0.0965664 0.979781 -0.157631 -2.11113 0.83706 2.07843 1.66265 2.65242 0.423426 -0.544883 1.35494 
-0.192972 -0.922144 1.73742 0.553518 0.405479 1.27558 -1.22969 0.217758 -0.726832 0.144326 -0.559485 -0.749976 0.855276 0.192352 0.0178078 -0.238365 0.417957 -0.454434 -1.35107 -0.144662 0.937015 0.773161 1.03973 -0.413425 -0.378386 0.403984 0.206459 0.767946 -1.34052 -0.0704807 -0.53371 -2.94765 -0.659847 -1.12648 -1.1516 -0.291716 -0.799868 0.144209 0.0600483 
-0.12877 -0.798859 1.13981 0.414851 -0.148168 -0.0561047 -1.58678 0.440457 -1.19348 -0.553252 -1.74331 -0.726532 0.505493 0.428244 0.55804 -1.31105 0.131381 -0.397939 -2.38451 -0.548484 -0.716686 0.351368 0.732598 -0.970787 -0.233366 0.342539 0.78313 0.833969 -1.32508 0.993474 0.17112 -0.426708 -0.050042 -2.68179 1.28764 -0.87552 0.55598 0.227286 -0.265319 
0.235272 -0.364104 0.426368 0.684899 0.00754081 -1.10893 -1.77817 -0.498928 -0.375464 0.876925 -1.53027 -0.983342 1.19782 0.975482 0.851776 -1.56345 1.41143 -0.283314 -1.77778 -0.194704 -1.74477 2.0608 0.164208 0.142555 -0.1511 0.138665 0.648267 0.0289506 -0.191158 1.34997 -0.518313 1.69811 0.518935 -0.551327 1.35262 -2.6892 2.50239 0.986581 -0.873773 
0.846712 0.0529173 -0.423633 1.82628 -0.431482 -1.83388 -1.78148 -1.30431 0.867323 -0.389044 -1.60076 -0.877631 0.644158 1.07651 0.586991 -1.50221 1.48136 -0.916251 -0.686401 -0.0295496 -1.26801 1.70399 -1.9566 1.5316 0.753215 -0.531234 -0.367977 -0.724218 0.589447 -0.751392 -0.629042 1.57373 -0.173714 1.35036 -0.834183 0.0721828 2.51609 0.319609 -0.369277 
1.31178 0.222887 -1.07584 2.16625 -0.90871 -1.79533 -1.80772 -1.76694 1.32853 -1.07968 0.00132685 -0.230127 0.666581 0.607505 0.127558 -0.973998 0.660039 -0.912356 -0.204054 -0.368418 -0.394406 1.22662 0.236391 2.65865 0.168509 -0.230612 -0.770145 -0.688269 1.03126 -1.43366 0.337957 0.5106 0.337108 1.35858 -0.583742 3.48763 -0.801634 -1.34628 -0.110812 
1.45422 0.180475 -1.39763 2.48632 -1.34384 -2.03794 -2.1499 -1.69872 2.09394 -0.152653 1.05789 -0.709122 0.413547 0.306366 -0.101278 -0.47095 0.0476989 -0.578294 -0.175802 0.307559 0.0905696 1.12025 1.53103 0.729965 -0.593064 -0.642046 -0.406916 -0.119967 0.64015 -0.951062 0.596184 0.443592 1.27757 0.52189 -0.885971 1.7672 -3.35596 -0.386914 -0.648591 
1.61815 0.121609 -1.54679 2.21395 -1.487 -1.97114 -1.50016 -1.67637 2.44878 0.451349 0.731292 -0.823191 0.0245354 0.200589 0.00759065 -0.333849 -0.291023 -0.316172 0.239538 0.909148 0.127484 0.340648 2.00359 -0.697311 -0.218405 -0.879202 -0.294006 0.0673795 0.119415 -0.67063 0.140087 0.631784 -0.265704 -0.0364154 -2.18374 -0.769998 -1.69975 -0.269261 -0.0779497 
1.65481 0.188066 -1.73148 2.1953 -1.66001 -1.7984 -1.24075 -1.57124 2.43459 1.85094 0.360581 -0.927527 -0.465655 0.0123595 -0.0338984 -0.351535 -0.622931 -0.438207 0.455983 0.0418541 0.0541542 -1.06349 0.761029 -0.969786 -0.862325 -0.719996 -0.113508 -0.248534 0.52903 -0.808168 0.592797 0.206365 -0.332976 -0.108015 -0.812404 -2.27931 0.899464 -0.624258 0.657887 
1.63051 0.0877107 -1.89833 1.59102 -1.92521 -1.51515 -1.45831 -1.62222 1.38529 1.21238 -0.238494 -1.68552 -0.69546 0.0870811 -0.240943 0.195182 -1.09919 0.276625 0.445903 0.576172 0.0194692 -0.471756 -0.275713 0.202153 -0.842663 -0.221316 0.0874101 0.196059 0.374971 0.223069 0.577695 0.184124 0.872444 -0.0742354 1.46419 -1.22385 2.22466 0.427135 0.328256 
1.74189 -0.0528774 -1.5363 1.09611 -1.38339 -1.3525 -0.664579 -1.55177 1.96283 1.57523 0.562735 -1.77019 -0.686971 0.0997696 0.162161 0.0234362 -0.399863 0.139488 0.640107 0.914298 -0.0200812 0.400705 -0.462818 1.25487 -0.43519 -0.391739 -0.172678 0.685708 -0.772751 0.768003 -1.18555 0.621805 -1.04266 0.0693861 -0.533895 -1.87915 -0.275093 0.338451 -0.897584 
1.73028 0.249871 -1.87489 1.19116 -1.78572 -0.875046 -0.54401 -1.6423 1.786 0.749561 1.01638 -2.12071 -1.0872 -0.0855972 0.444765 -0.577569 -0.331188 -0.908926 1.06771 -0.466491 0.0888553 -1.00565 -2.15487 -0.0729396 -0.504212 -1.1189 -0.151646 -0.0285151 -0.062567 -0.377209 -0.621499 0.408507 -1.15551 0.475884 -1.48902 -0.544021 -0.441722 0.927354 -0.525879 
1.65629 0.391887 -2.11387 0.764918 -2.29231 -0.28479 -1.13107 -1.46291 0.957182 -0.579641 0.489795 -2.2744 -1.80587 -0.0518764 0.133645 -0.0391308 -0.777072 -0.482011 1.04861 -0.241216 0.455803 -1.08831 -1.00684 0.813152 0.492164 -0.917618 0.0899621 -0.322768 0.967308 -0.459104 0.90011 -0.808849 1.81986 -0.0012195 -0.104739 2.41473 1.44433 1.42398 0.662152 
1.6784 0.383517 -1.91402 0.414088 -2.26773 0.173567 -0.785226 -1.1865 0.697686 -0.257278 1.82953 -1.62854 -2.00482 0.00436493 0.121997 0.389739 -0.790291 -0.00881601 0.258858 1.35337 0.0876358 -1.11039 0.259868 1.37139 0.919773 -0.456747 0.0722768 -0.153768 0.479106 -0.350913 0.570761 -2.04747 1.85759 -0.748801 -0.591009 0.503459 -1.47221 0.158642 0.961012 
1.66066 0.513884 -1.72413 -0.0253729 -2.30113 -0.0259314 0.222298 -1.37528 -0.153208 -0.319773 1.86118 -1.35463 -2.26262 0.0204004 -0.0201227 0.439976 -1.12798 0.0887498 -0.998852 1.61637 -0.292998 -1.67932 -0.50338 -0.659054 0.650806 0.0433938 -0.102136 0.110809 -0.53359 0.459934 -0.14815 -1.53921 -0.651802 -0.0253929 -0.726279 -1.49424 -1.82661 -0.679289 1.37247 
1.6988 0.363394 -1.47405 -0.713897 -2.17898 -0.825284 0.831149 -1.47949 -0.981635 -0.760658 1.17048 -0.977735 -1.96142 -0.0977714 0.232806 -0.143851 -0.330357 -0.156966 -1.28035 0.701565 0.0622429 -1.83667 -1.23437 -0.455226 0.240484 0.915723 -0.18781 0.692714 -0.486069 1.49646 0.414162 0.210956 -0.642976 0.580753 1.10002 1.41394 0.647436 0.304357 1.38416 
1.56288 0.74669 -1.86798 -0.35573 -2.45809 -1.30628 0.923863 -1.31303 -1.98988 -1.55415 1.40596 -1.11414 -1.34689 -0.16741 0.672591 -0.0460936 0.368479 0.502912 -0.787896 0.973399 0.287755 -0.579303 0.910557 -0.0116182 0.955164 1.42755 0.0464928 0.0424627 0.686084 0.223091 0.959206 0.939004 0.368167 -0.209682 1.73906 4.21984 -0.119572 0.603701 -0.234012 
1.53139 1.03599 -1.52014 -0.345418 -1.67607 -1.61318 1.80455 -1.19174 -1.56094 0.149899 1.15886 -0.0225712 -0.53387 -0.0512786 0.275269 0.542233 -0.107266 0.802239 -0.341346 1.06973 -0.147439 -0.0976133 2.98547 -0.574798 0.844185 0.681712 0.0239673 -0.450498 -0.0441802 0.078934 -0.278294 0.399175 -1.50291 -0.399691 0.787632 -0.568131 -0.140063 -0.120611 -2.56171 
1.51161 1.02196 -1.32575 -0.462996 -1.65585 -1.64763 1.9936 -1.46047 -2.08749 1.43132 0.831157 -0.269959 -0.665182 -0.143442 0.222093 -0.0902738 0.447413 0.224618 -0.388721 -0.529512 -0.111936 0.208328 0.342427 -0.151681 0.834553 -1.13416 -0.130138 -0.0859027 -0.847568 0.301216 -0.00935479 -0.434604 -2.72694 -0.0771952 1.44903 -4.69279 0.170215 0.59476 -2.04543 
1.38795 1.25808 -1.61041 0.101996 -1.45145 -2.0019 1.27504 -1.30367 -1.35261 0.492326 1.00718 0.811982 -1.66803 -0.181417 0.189366 -0.305335 0.19395 0.792884 -0.77595 -1.65721 -0.224634 1.35142 -1.70732 -0.404583 1.43894 -1.36372 -0.0417751 -0.0253333 0.513979 -1.09822 1.23084 0.444926 -1.60088 -0.0413313 1.47993 0.415472 -0.654928 -0.331634 1.66415 
1.33019 1.21132 -1.63108 -0.269046 -0.86297 -2.42358 0.336383 -1.68511 -0.73607 -0.276002 0.426574 1.16899 -2.0289 -0.185217 0.19676 0.423705 -0.650811 1.45546 0.0562053 -2.13039 -0.153267 1.68825 0.757899 -0.806609 0.502919 0.529989 -0.0888044 0.337414 1.01563 -1.15964 0.711329 2.00962 -0.367336 0.53165 -0.836256 2.31915 0.615058 -1.26487 2.53238 
1.20273 1.45484 -1.18671 -0.548816 0.00400381 -1.9457 -0.855354 -1.45694 0.335644 1.25022 0.20057 1.3149 -1.13804 -0.270221 0.52678 0.710298 -0.965689 1.50421 1.23367 -2.02455 0.307016 0.515166 0.611828 0.210475 0.174075 1.16866 0.0366638 0.272496 0.0878781 -0.735544 -1.08954 1.37034 1.35978 0.309142 -1.66882 -2.90892 1.24867 -0.675898 0.418927 
1.05997 1.7381 -0.920784 -1.23473 0.641244 -1.18991 -1.68817 -1.37809 -0.220904 0.335827 0.637049 1.34306 -0.860237 -0.148554 0.469256 0.511583 -1.38636 0.365918 1.42655 -0.77061 0.155875 0.0194371 -2.15103 0.442064 -0.17298 0.948916 0.16812 -0.246585 -0.515473 0.534062 -1.56563 -0.433308 2.15478 -0.0822569 -0.862267 -1.92929 -0.67228 0.307516 0.0871517 
1.05418 1.92409 -0.675125 -1.93517 0.369922 -0.51915 -1.62596 -1.30107 0.355081 -0.900801 0.642634 1.14192 -0.189123 -0.102102 0.280195 0.194824 -0.431627 -0.0614139 0.800361 0.130227 0.224759 -0.347102 -1.31746 -0.461804 0.481591 1.25581 0.0973631 -0.505677 -0.384073 1.50922 -0.0775198 -1.34406 0.96886 0.250666 -0.212725 1.81692 -0.848856 0.819679 -0.391129 
0.957865 2.0183 -0.72596 -1.66636 0.57983 -0.389548 -1.55794 -1.15333 -0.568006 -0.981633 0.175245 1.82465 0.395577 -0.0511905 -0.0364211 0.127511 0.122862 0.288398 0.0824815 0.19825 0.40654 -0.193288 -0.334103 -0.406792 0.6467 0.557786 0.0600908 -0.329537 -0.114186 0.330322 0.0927769 -1.04541 -0.423805 0.285322 1.17375 1.52205 -0.262973 -1.08512 -1.74533 
1.00299 1.88767 -0.547615 -1.81231 0.65832 -0.436669 -1.42771 -0.894525 0.161793 -1.2349 0.235841 1.78862 0.368664 -0.042011 -0.049342 0.0806388 -0.101305 0.031363 -0.245047 -0.293579 0.510082 0.826652 0.204594 -0.724778 -0.603529 -0.489515 -0.08664 0.0218046 -0.274287 0.320533 -0.0628507 -0.14488 -0.465617 -0.140019 0.101526 1.21003 1.05869 -1.474 -1.44127 
0.915854 1.96896 -0.645321 -1.76767 0.611193 -0.634595 -1.85152 -0.64325 0.258646 -0.777039 -0.549533 1.22112 -0.0939381 -0.13783 -0.0146165 -0.146776 0.443395 0.225547 -0.0623987 -0.267367 0.266521 -0.0917618 0.875926 0.651898 -0.827296 -0.883488 -0.0613901 -0.191779 -0.206427 0.593951 0.178445 -0.14379 1.24133 0.0516639 -1.53183 -0.867251 2.20132 0.562207 -0.72032 
0.865158 1.87306 -0.694391 -1.36891 0.883867 -0.499067 -1.69508 -0.628004 0.0700315 -0.358978 0.88774 0.961325 -0.514824 -0.103401 -0.241121 -0.125788 0.492647 0.209808 -0.388837 0.947753 0.561746 -0.705173 -0.662657 1.47654 -0.0413223 -1.20984 0.060432 -0.155007 0.182611 -0.68244 -0.73225 -0.13981 1.5708 0.77215 -1.12621 -2.43878 -0.436834 1.30813 -0.217893 
0.812453 1.72784 -0.771109 -1.27502 0.821 -1.02343 -0.903765 -0.081504 -0.446527 -1.4397 0.927011 1.1798 -1.30377 -0.0773985 -0.169624 0.0358346 -0.239045 -0.506703 -0.202209 1.30343 1.03867 -1.21797 -1.56285 0.215065 0.480833 -1.10138 -0.0386801 0.409931 0.734799 -0.846681 -1.08897 0.740351 0.0467451 -0.00500558 0.572505 0.997161 -1.32859 -0.672037 0.974157 
0.787759 1.70343 -0.658556 -1.60796 0.377164 -0.701276 -0.391649 0.410668 -1.14794 -1.92183 1.1028 1.44216 -1.61621 -0.142081 0.168811 0.609012 -0.354034 -0.879161 0.351514 0.994498 0.55674 -0.132668 0.334504 0.147954 -0.713359 -0.235679 -0.120101 0.243833 0.811366 -0.160447 -0.488045 0.928003 -0.5559 -1.54444 2.02119 3.01118 -1.03896 -2.89634 0.938909 
0.670371 1.89665 -0.162097 -1.62905 -0.058161 -0.671917 0.0907327 0.475236 -0.579195 -1.10519 1.07496 0.466442 -1.53945 -0.1975 0.0742091 0.8472 -0.399492 -0.994747 0.725794 0.747532 -0.505764 0.803223 1.44833 -0.823897 -2.4155 -0.162472 -0.00832278 -0.306378 -0.0590498 0.172324 0.247616 0.919152 -0.311539 -0.618115 0.509122 1.15689 -1.57205 -0.304002 0.297581 
0.59026 1.77764 0.188644 -2.00745 -0.617583 0.0245176 0.355882 -0.0950968 -0.344712 -0.4735 0.278907 -0.973346 -1.77868 -0.150404 -0.137567 0.549962 -0.18171 -0.631545 1.27067 0.682959 -0.0613745 0.376453 1.49139 -1.42409 -1.01736 0.0619023 0.0949057 -0.233197 -0.723781 0.51566 0.985458 -0.0469959 -0.479775 0.806032 -0.6182 -0.336769 0.0580084 2.36408 1.31649 
0.519967 1.75908 0.387864 -1.81076 -0.689706 0.598749 0.773692 0.413862 -0.202742 0.386201 -0.349129 -0.55092 -1.47755 -0.102594 -0.158988 0.123419 0.116168 -0.0092893 0.678798 0.267756 0.300268 0.185023 1.11156 -0.765888 -0.0514212 1.15402 -0.101714 -0.499606 -0.396685 0.195902 0.344538 -1.63923 -0.939104 -0.0372435 0.0195451 -2.62692 0.397275 0.714447 0.80411 
0.487666 1.61865 0.312064 -1.89128 -0.626872 0.703316 0.623639 0.205171 -0.15969 0.63806 -0.486981 -1.02477 -0.624662 -0.252118 -0.637173 0.153277 0.0141913 -0.287007 -0.368562 -0.256145 -0.098618 0.395999 -1.13553 -1.02682 -0.302914 0.866012 -0.414812 -0.720423 0.155858 0.789937 -0.241128 -1.3848 -0.128691 -0.444617 0.395724 -2.0603 0.272065 0.510057 -0.932522 
0.26785 1.12191 0.541141 -1.79657 -0.976713 0.230187 0.517546 0.315243 0.193257 -0.749328 -1.37595 -0.853834 -0.611538 -0.517406 -0.879411 0.279277 0.906106 -0.250418 -0.706006 0.139065 -0.144349 0.580747 -0.948736 -0.493823 0.458635 0.221493 -0.40165 -0.248179 -0.0281433 1.12673 0.642161 0.460186 0.0807321 0.3923 0.521613 2.82952 1.46033 0.191692 -0.340645 
-0.0297403 0.739243 0.591341 -0.985177 -0.87729 -0.00268978 0.762704 0.060822 0.421057 -0.310676 -0.980804 -0.566131 -0.403168 -0.653767 -0.885352 0.125133 1.14092 0.355154 0.0916233 -0.175413 0.293682 0.917611 1.69399 0.433516 -0.111222 0.525368 -0.0744982 -0.155642 -0.0356708 0.508548 1.67145 1.43543 -0.25493 0.492513 -1.01169 0.387072 0.996534 -0.00927437 1.36583 
-0.385917 0.236555 0.666274 -0.655655 -0.621559 0.32181 0.342133 0.608926 1.11087 0.944666 -0.942431 -0.965056 -0.0861707 -0.591904 -1.03505 0.243606 1.41465 1.42103 0.729428 -0.115865 0.348164 -0.430939 -0.561664 0.50271 0.449361 1.58733 0.340686 0.392257 -0.0498016 -0.273851 0.92848 0.605858 0.761031 -0.320753 -2.33021 -2.18405 0.22136 0.69676 -1.17908 
-0.621645 -0.295811 0.834947 0.429477 0.543743 0.726738 0.646839 0.408985 -0.00988238 -0.87234 -0.478094 -0.11677 1.18416 -0.313082 -0.493095 0.0753318 0.867066 1.28363 0.697482 0.585618 -0.0270707 -1.4126 -0.490052 0.654875 0.585538 -0.653716 0.513444 0.989647 -0.134843 -1.63831 -1.25852 -0.0477152 0.394406 0.248629 0.201337 0.868052 -0.625224 0.0745511 -2.53683 
-0.698999 -0.25654 0.741606 0.211411 0.662074 1.01929 0.92775 0.581855 -0.301727 0.454614 -0.287556 -0.379518 -0.739887 -0.0784602 -0.0454065 0.108763 -0.223655 0.162511 0.681713 0.278541 0.596792 -0.229602 0.306388 -0.122514 0.523912 -0.949502 0.263956 0.275261 -0.134711 -0.579127 -1.12869 -1.08591 -0.759067 0.0608598 1.85929 -0.565877 -0.155058 -0.305045 0.933339 
-0.700105 -0.341217 0.94371 0.205822 0.706255 1.40845 0.92538 1.00578 -0.239484 -0.565952 -0.600608 0.407142 0.234656 -0.0491252 -0.217834 -0.0593788 0.287939 0.15494 -0.388429 -0.173449 0.0337891 0.446692 -1.05593 0.499817 0.280493 0.279623 -0.0119057 -0.333403 -0.60024 0.711247 0.28239 -1.12181 -0.0985546 -0.471635 0.191341 -0.411249 0.226923 -1.4448 0.757539 
-0.748124 -0.474373 0.682228 0.499351 0.817014 0.630863 0.754301 0.615644 0.144965 -0.601315 0.212262 -0.0990253 -0.460265 -0.0903659 -0.37881 -0.491477 0.487591 0.444901 -0.440101 0.179987 0.125157 -0.0382613 -0.104861 0.104409 -0.920892 -0.191963 -0.0763032 -0.0908104 -0.107356 -0.546971 -0.197822 0.295947 0.399927 0.287746 -0.848914 2.53704 -1.88736 -0.532976 0.890628 
-0.790471 -0.720027 0.452233 0.693414 1.15116 0.96835 1.10537 1.13094 -0.277746 -0.670813 -0.496198 -0.51375 0.042693 -0.125428 -0.308644 -0.166735 -0.259031 -0.042882 -0.0924821 0.226478 0.321535 -0.402221 1.48111 -1.38755 -0.252483 1.17025 -0.000669407 0.418759 0.555808 -1.14498 -0.891209 0.196295 -0.290616 0.12818 1.15473 1.48735 -0.663799 1.96451 1.30841 
-0.873553 -0.783017 0.515492 0.24032 0.774132 0.538381 0.98078 0.937179 -0.257256 0.879791 -1.17528 -0.351508 0.709986 -0.0910353 0.0399493 0.064331 -0.65739 -0.446308 -0.243806 -0.11063 0.253338 1.11647 1.38249 -0.55939 1.04362 1.11645 0.0748252 0.312899 0.215632 -2.46513e-006 -0.180186 -0.147052 -0.25741 -0.0617375 1.80297 -2.43004 0.862106 0.682658 -1.77126 
-0.881506 -0.680078 0.516564 0.0360232 0.704848 0.724544 0.994737 1.38427 0.838725 0.711676 -1.05559 0.529868 1.15914 -0.0506032 0.00425487 0.0488973 -0.259034 -0.223068 -0.239534 -0.0309321 0.259797 1.40075 -0.948932 -0.525439 0.430175 -0.601014 0.0614637 -0.255489 -0.167185 0.44831 0.0384635 -0.0382279 -0.558985 -1.03478 -1.22545 0.508709 2.34361 -0.81684 -2.30634 
-0.924156 -0.778762 0.56439 -0.0187142 0.551063 0.298847 0.949848 1.19698 1.1435 -0.0691413 -1.70072 0.0786672 0.108972 -0.0295717 -0.21554 -0.102854 -0.209081 -0.407844 -0.282034 -0.669615 -0.781446 -0.108978 1.8912 1.78423 0.226778 -1.18989 0.0738445 -0.147783 -0.386775 0.307646 0.362917 0.923189 0.0481626 -0.930924 -2.11325 2.88902 4.2637 0.242835 0.777557 
-0.911078 -0.895617 0.41371 -0.173058 0.297004 0.44251 0.325122 0.602827 0.729748 2.60287 0.728637 0.756646 -0.0307462 0.0232412 -0.143528 -0.337878 0.0486123 0.139849 0.683655 0.0172305 -0.671127 -0.712495 1.94009 3.73826 0.67301 0.176544 0.0227277 0.139625 0.0857434 0.247354 0.802125 1.03539 1.30142 1.09504 0.677219 -2.48744 -1.33245 0.0249293 2.55328 
-0.900915 -0.922291 0.226512 0.0298982 0.690912 0.982501 0.967078 0.52585 0.431001 1.87095 2.03754 0.751678 0.285516 -0.006844 -0.0759144 -0.0171105 0.0382731 0.39428 0.753354 0.631804 0.313592 0.568242 -0.596241 0.451776 0.251707 1.36339 -0.0198318 0.188875 0.541287 0.143445 -0.0296038 -0.915527 0.0262465 1.1595 1.25033 -4.10058 -6.42306 -1.49032 0.058735 
-0.917922 -0.971532 0.3966 -0.134784 0.691284 1.19586 0.956926 0.916419 1.29799 2.00663 1.18041 1.00835 1.33265 0.00340946 0.045347 0.203409 0.192058 0.110245 -0.231872 0.043477 0.488376 0.537839 -2.16049 -2.6848 -0.817314 0.235279 0.103752 0.18719 -0.192352 0.304179 -0.193766 -1.40836 -1.06044 -0.3508 -3.10908 -1.81484 -2.12028 -1.18044 -2.2538 
-0.897505 -0.876944 0.429921 0.221956 0.801158 0.750629 1.01056 1.01423 0.96884 -0.289543 -0.647265 -0.0656365 0.520795 0.096908 0.111275 -0.209463 0.342452 0.200514 -0.655008 -0.428632 -0.0372085 -2.54084 -2.41108 -1.6685 -0.928734 -0.890402 0.0623854 0.0883592 -0.293197 -0.187534 -0.0204022 0.345577 -0.3691 -0.935087 -1.65503 3.05576 3.80609 1.88781 0.86603 
-0.821014 -0.860256 0.187137 0.207668 0.891798 0.540857 0.528294 0.879211 -1.24285 -0.404446 -0.488092 0.0796188 0.442246 0.0657949 0.133706 -0.0897881 0.00452385 0.089843 0.113705 -0.325623 -0.446711 -1.11719 0.895266 1.12129 1.0705 1.10131 -0.151782 -0.113274 0.520923 -0.633542 -0.445927 0.836933 0.812044 -0.114595 4.09415 2.75076 1.69641 1.29723 0.481521 
-0.83171 -0.743238 0.340133 0.22648 0.891001 0.864334 0.684933 0.567515 -0.148354 0.605723 0.474026 1.00486 1.6221 -0.0548743 -0.00199886 0.31146 -0.29109 -0.245412 0.181926 0.383412 -0.151804 1.55331 0.339682 0.0279024 0.368497 -0.408881 -0.129986 -0.318353 0.143073 -0.572552 0.0866501 -0.114697 0.0902556 0.659942 0.119791 -2.49889 -2.47552 -1.33448 -2.39247 
-0.875888 -0.862255 0.498598 -0.0834225 0.646386 0.722782 0.911706 0.727407 0.310453 -0.0647644 -0.460189 0.448116 0.0333648 -0.0641913 -0.184647 0.053285 -0.568028 0.176493 -0.000992363 -0.235367 0.213231 -0.997403 -1.60363 -1.35423 -0.26398 -1.29116 0.185488 0.0100802 -0.0549981 0.376453 -0.0928255 0.00180116 -1.02599 1.01637 -2.14323 -0.265356 0.7079 -0.0110226 1.53743 
-0.895902 -0.927884 0.393418 -0.341549 1.06749 0.863342 0.449566 0.780746 -1.14576 -0.997905 -0.880199 0.740881 0.330938 0.130613 0.00808134 0.256462 0.0853626 -0.338238 0.183727 -0.642578 0.864568 -0.589925 0.0743264 0.735802 0.357474 1.12855 0.219219 0.0177629 0.19999 0.252558 -1.31439 0.415717 0.238997 -0.17197 1.74377 3.60723 1.76871 -0.539011 2.03061 
-0.745275 -0.854174 0.75506 0.00194014 0.308148 0.906509 0.269128 1.59197 -0.279472 0.009562 0.275613 0.80559 1.16191 0.155028 -0.166884 0.253275 -0.31547 -1.13789 0.414725 0.0036299 0.0412615 0.746365 2.0036 0.41448 -0.802992 0.739444 -0.24518 0.0167136 -0.445771 0.305595 0.627433 -0.535481 0.978061 -1.18534 1.55552 0.0177542 -0.794634 -1.27837 -2.22983 
-0.740874 -1.09477 0.646693 -0.657019 -0.0703998 1.27807 0.453195 0.822008 -0.399392 1.0057 -0.46572 -0.0621105 1.07038 -0.114566 0.024795 -0.189309 0.390957 0.289195 -0.351755 0.335483 -0.320774 0.965593 0.0920806 -0.0588317 -0.920895 -1.10128 -0.329621 0.228784 -0.622746 1.21349 2.03006 -0.893394 0.255861 0.111147 0.100947 -2.96452 0.29375 0.31007 -2.37811 
-0.859841 -0.829379 0.565751 0.392898 0.597343 0.554754 0.604611 1.2712 0.686122 0.101643 0.216782 -0.115305 0.0606273 -0.174593 0.0619003 -0.369471 0.89802 0.892168 -0.47867 0.259491 0.152408 0.847312 -0.960916 0.70823 -0.492922 -1.63866 0.0602765 -0.371263 -0.118082 -1.08868 -0.227513 0.838037 -0.463398 0.741163 -0.669172 0.748823 1.90085 2.33756 2.22044 
-0.915467 -1.03287 0.277222 0.241001 0.821768 0.799397 0.712687 0.974416 0.44792 0.0447795 0.24251 -0.555032 -0.568282 -0.05429 -0.346468 -0.307391 -0.697721 0.0616819 0.486283 -0.127915 0.420388 0.296421 0.840904 1.84202 1.41666 1.11916 0.246696 -0.1093 0.561411 -1.24055 -1.34656 0.325629 -1.07632 -0.619643 -2.1712 1.22576 -0.78811 1.73532 3.7221 