-1.21391 -0.797965 -0.878612 -0.0158816 1.11065 0.85528 -0.243725 1.24832 0.493733 0.0349202 0.895567 0.640756 0.498956 -0.0579152 -0.223522 -0.728486 -1.01985 -0.158627 -0.38824 0.335656 -0.157984 0.00296996 1.90792 1.92098 1.28205 -0.346446 0.116766 0.212982 0.198773 -1.18104 -0.134732 -0.00672846 1.1365 0.118307 -0.599876 0.307949 -0.944869 0.328738 0.783193 
-1.21986 -0.882859 -1.13865 -1.21567 0.920106 0.726418 0.344693 1.1542 0.089558 0.939832 1.74222 0.970106 0.443395 0.033687 0.11209 0.0604489 -0.684039 -0.0128257 -0.0271739 0.223142 0.130801 0.014258 0.709483 0.62361 0.0440192 -0.62977 0.0696554 0.35316 2.3535 2.1012 0.144815 0.237759 -1.00866 0.25841 0.363847 -3.86905 -2.53047 -1.54796 -0.0900003 
-1.18023 -0.685875 -0.818163 -0.699921 1.09782 0.828106 -0.020583 1.37912 0.507991 0.744403 1.51918 0.684775 -0.130814 0.0117402 0.129638 1.62501 1.08135 -0.0138126 -0.150482 -0.673 0.100425 0.366817 -1.96112 -0.609486 -0.265916 -0.436446 -0.0264936 -0.298892 1.23887 0.539012 -0.328935 0.199662 -0.770126 -0.200896 -0.222722 -1.96954 -1.28859 -0.693443 0.98448 
-1.20812 -0.753221 0.486368 -0.134316 0.906293 0.575936 -0.328307 1.25462 0.456375 -1.02129 1.13274 0.70419 0.00694839 0.00719338 -0.186802 1.29932 -0.145027 -0.34176 0.172488 -0.546984 -0.0700956 -0.208464 -1.26006 -0.664978 -0.649424 0.35471 0.0295926 -0.102244 -1.74746 -1.59331 -0.116435 0.831214 0.522471 -0.152655 -0.808304 2.47939 0.362878 0.392036 1.90801 
-1.17303 -0.872677 0.48116 -0.844948 0.756064 1.00059 -0.567567 1.30902 0.299527 -0.515657 0.854199 0.0353515 0.223896 0.0413328 0.0273937 -0.122447 -0.511955 -0.130248 0.680732 -0.150529 -0.0522297 -0.441487 0.518272 -0.246608 0.126121 1.47157 -0.0104967 0.172884 -1.91546 0.181902 0.328722 -0.0450819 0.707836 0.0367357 0.773007 1.54535 0.972011 1.48824 1.87773 
-1.16679 -0.725827 0.363921 -0.646271 0.776046 1.25667 -0.478836 1.20239 0.0148882 -0.503018 0.88613 0.830311 1.47852 -0.00330331 -0.0139183 -0.616134 0.0368746 -0.0130383 0.127406 0.160852 -0.0333599 0.564543 0.285292 0.307033 0.838814 2.23244 -0.0805848 -0.155688 -0.143368 1.27505 0.486116 -0.336634 0.627255 -0.203395 0.96288 -0.0194898 -0.45768 -0.0901636 -4.07091 
-1.17634 -0.886595 -0.134974 -0.808073 0.743025 1.128 -0.406715 1.27566 0.86407 -0.230365 1.16123 0.874165 2.45634 -0.039252 -0.128294 -0.265814 0.763094 0.355868 0.344098 0.476726 -0.255625 0.521393 0.498782 -0.704288 0.0359569 -2.59934 -0.051805 0.0859886 0.410458 -0.0795045 0.364841 -0.12816 0.466173 -0.0288297 -1.18308 -0.707307 -1.93453 -1.52315 -5.14783 
-1.20604 -0.854121 0.0981068 0.116822 1.13191 1.60077 -0.00211012 0.946766 0.536281 -0.00423586 0.181842 0.866268 -1.12082 -0.0551083 0.0720703 -0.205676 -0.0426299 0.351803 -0.000754442 0.627025 -0.0621896 -0.61854 -0.422015 -1.62749 -0.684332 -2.91539 0.0822257 0.192768 -0.23344 -1.00596 -0.451727 -1.20661 -1.15678 0.378351 -0.943981 -1.41051 0.10094 -0.540821 3.96118 
-1.23144 -0.814525 -0.340651 -0.850703 1.09483 1.12725 0.22031 1.21347 0.24553 -0.652379 -0.46626 0.189833 -0.459052 0.0429736 0.0644735 -0.499255 -0.242865 -0.0958594 -0.862516 -0.680049 0.122727 -0.422588 -0.911727 -0.603349 -0.504864 1.36184 0.0775807 0.0126642 0.274462 0.457563 -0.464786 -0.400614 -0.923067 0.246498 1.69857 0.774521 1.34865 0.411798 3.12018 
-1.16307 -0.789648 -0.401148 -0.126043 1.03605 0.73825 -0.68216 1.06949 0.113693 -0.915963 -0.421507 0.361404 0.241021 0.0224724 0.0847345 0.0687856 0.414933 -0.112983 -0.401368 -0.296042 0.184308 1.08003 0.352506 -0.278847 -0.272534 0.204792 -0.11694 0.00230065 0.836192 0.128449 -0.0832638 1.09041 1.1774 0.134278 0.508973 -0.0804529 -0.00928496 0.415214 -0.649937 
-1.20897 -0.72979 -0.271865 -0.43577 0.981845 0.725878 -0.0757322 1.39778 1.32556 -0.299873 -0.745107 -0.0827012 -0.25426 -0.0739664 0.0667741 0.336938 -0.114416 -0.179123 0.227895 0.497355 0.257004 0.0863846 -0.99218 -0.612633 -0.0896493 0.711906 -0.0969028 -0.175871 -0.456324 -0.721316 0.0923913 0.585316 -0.259134 -0.936321 -2.44323 -2.26632 0.0152507 -0.0246202 -0.1293 
-1.23704 -0.722874 -0.0642101 -0.240458 0.856931 0.966145 -0.184805 1.3265 0.200078 -1.90814 -1.03414 0.271755 0.952927 -0.0744304 -0.091136 -0.387538 -0.306383 -0.020592 0.183948 -0.555177 -0.752013 -1.3632 -1.91381 -0.263596 -0.297154 0.0754925 0.0804786 -0.0636784 -0.274992 0.2455 0.439538 -0.0244577 -0.385447 -0.403573 -0.525583 1.82565 1.87571 -0.224805 -2.66466 
-1.2834 -0.820926 -0.659403 -0.742153 0.961253 0.909825 -0.630909 0.645768 -0.0376403 -2.21369 -1.0087 -0.379856 -0.178767 0.0065122 0.00309568 0.0619462 0.131085 0.260415 0.203437 0.111908 -0.146568 -0.439198 0.83347 1.26308 -0.314455 -1.95276 0.215605 0.216719 0.180477 0.865896 0.148554 0.157863 1.51079 1.16382 2.39917 1.80774 0.615318 0.398682 1.47999 
-1.23052 -0.719778 -0.00226388 -0.109374 1.11735 1.16958 -0.0728969 1.17993 -0.239121 -1.07467 0.228937 -0.0426997 -0.999828 0.141174 0.125583 -0.207061 0.559513 0.127962 0.341811 0.955609 0.411811 1.03596 -0.106072 0.351722 0.101528 1.55548 -0.0245255 -0.219913 -0.876191 -0.367454 -0.320187 -0.224985 0.4593 0.530484 3.55916 1.53974 -0.341365 0.906208 4.03667 
-1.14223 -0.695344 -0.866464 -0.182639 1.08922 1.25164 0.3247 1.05758 0.998324 -2.31976 -0.65698 -0.278328 1.37671 -0.0180132 -0.216818 -0.814245 -0.236369 -0.0597714 -0.0215476 0.571208 0.383916 3.11996 2.37321 0.921712 0.591753 2.08391 -0.242351 -0.359471 -0.220108 -1.19888 -0.217703 -0.762686 -1.98363 -0.664485 -2.51993 2.08302 1.26945 1.23512 -2.34703 
-1.24854 -0.936596 -0.816508 -0.345743 1.05757 1.14803 0.498311 1.56384 2.88084 1.29853 1.15065 0.549053 1.08409 -0.101177 -0.233888 -0.427169 -0.639369 -0.0897402 -0.420875 -1.02802 -0.252674 -1.48396 1.97695 1.62117 1.33665 -0.791552 0.0591979 0.355059 1.24146 0.186005 -0.00857089 -0.401368 -1.71168 -0.876666 -5.52135 -4.32563 -2.23586 -1.94803 -3.97977 
-1.2434 -0.929232 -1.29363 -0.822008 0.999475 0.830762 -0.703319 0.804905 -0.48564 -0.342806 0.964191 1.05832 0.585163 0.0411847 0.138241 0.427216 -0.0503647 -0.0683423 -0.422915 -1.14048 -0.49275 -2.40139 -1.95243 -1.31415 -1.35628 -1.89586 0.190723 0.518535 1.95837 1.23906 0.0326859 0.205205 0.993758 -0.00377333 2.78075 -1.1301 -2.54887 -1.3976 -0.535092 
-1.20735 -0.798355 -0.389292 -0.396108 0.989232 0.725119 -0.642165 1.07109 0.479456 -0.653894 -0.163496 -0.807223 -0.81177 0.0895466 0.284646 1.5312 0.599687 -0.0570543 -0.21567 -0.0342612 -0.256447 1.29678 0.84685 -0.927695 -0.0609477 -1.32664 -0.0420389 -0.189635 -0.920888 -0.0397233 0.149109 0.568415 1.13284 -0.222156 0.798984 0.894152 0.945192 2.75212 1.90656 
-1.15386 -0.644586 0.237567 -0.222321 0.942421 0.615091 -0.73758 0.548458 0.811143 0.504044 0.0364962 0.997373 -0.741482 -0.000854232 -0.0513941 -0.493672 -0.090088 0.0807667 0.1455 -0.00763376 -0.714906 -1.6024 -1.05827 -0.368953 1.39584 0.0107017 -0.075921 -0.450003 -3.22089 -1.18616 0.0655667 0.601615 1.39369 0.821342 -1.9966 -1.79442 2.46774 -0.15886 2.29522 
-1.20821 -0.849749 -0.882964 -0.486196 1.07 0.870619 -0.649799 0.356189 -1.12295 -1.71217 -0.532449 0.58862 -0.801069 0.0136256 -0.165356 -1.68969 -0.586475 0.00851243 0.385945 1.35943 0.564895 -0.699818 -0.947569 1.54005 -0.219808 0.968579 0.236472 -0.0425346 0.222637 0.579663 0.104228 0.188356 0.804902 0.884324 2.44246 2.31278 2.14058 -0.604199 1.95115 
-1.14023 -0.809942 -1.45212 -0.808796 0.950933 1.00104 0.621852 1.11335 0.111324 -0.443525 1.57654 0.777565 0.227098 0.235617 -0.0939288 -0.271035 0.489575 0.184995 0.333856 0.797268 0.169418 0.840054 1.25451 1.77163 0.791644 1.96185 0.247269 -0.117826 2.22483 1.10035 0.189475 0.0518888 -1.93056 -1.11679 -1.05816 1.51267 -2.29617 -0.124988 -0.607724 
-0.972589 -0.943678 -1.154 0.00337954 1.25499 1.20447 0.147469 0.525607 -0.282893 -0.457661 1.23918 1.38026 1.16079 0.260895 -0.283182 0.535146 0.513876 0.197987 0.437834 -0.571131 -0.551895 -1.75798 0.565103 -0.756127 -0.344796 0.360855 -0.00084625 -0.277625 0.109678 -1.18851 -0.432938 -0.385115 -2.71249 -0.360228 -1.45203 -1.41331 -2.74127 -1.42359 -2.60574 
-0.879338 -1.09312 -0.916976 -0.29492 1.14892 1.43887 0.0507216 0.561458 -1.64665 0.121578 0.820415 0.432769 0.587953 0.234771 -0.371553 -0.161357 -0.698939 -0.247943 -0.0512586 -1.91522 -0.19081 -0.611975 -0.158805 -0.969638 -0.631949 -0.643883 -0.273749 0.122854 -0.130458 -1.05167 -0.290739 -0.441724 -0.941253 0.400148 4.01013 -0.124953 0.890427 0.363675 -1.29124 
-0.737818 -1.31523 -1.31536 -0.69556 1.00705 1.15322 -1.76775 0.334797 -0.894868 -0.616466 0.269544 0.748315 0.516903 -0.0128542 -0.160328 0.404688 -0.53779 -0.0927515 -0.00389014 -1.51238 -0.151747 2.25215 0.44015 0.1343 0.0188791 -0.930389 -0.480753 0.788982 0.747286 0.950743 0.306388 -0.18071 3.5108 0.687968 1.54148 1.25095 1.14312 0.208171 -0.296366 
-0.892192 -1.25345 -0.512288 -0.83271 1.05617 1.43498 -1.46166 0.409712 0.605496 0.561728 0.954715 0.451649 -0.342436 -0.245982 0.417429 0.585929 0.251804 0.058445 -0.231968 1.59557 0.497158 0.929503 1.09215 0.173479 -0.423778 -0.940249 0.0202057 0.293508 -1.25576 0.357379 0.0896382 -0.34056 2.34828 0.606429 -2.78612 -0.680585 -1.41922 0.384913 0.98222 
-0.9838 -0.897803 -0.729426 -0.443756 1.0655 0.921248 -0.17218 0.831955 0.0346352 0.475681 0.443023 0.324537 -0.423346 0.00735149 0.13318 -0.851067 -0.18041 -0.0031133 -0.34445 0.835899 0.454682 -0.53397 -0.240435 -1.28492 0.403792 0.0518311 0.68904 -1.11929 -3.25742 -0.350571 -0.312545 0.424238 -2.52316 -0.224893 -1.14569 -1.91521 0.0230076 0.66157 2.18734 
-0.884841 -1.12027 -1.36336 -1.01312 1.05306 1.09053 -0.625763 0.864394 0.0715258 0.321294 -0.330209 0.855441 -0.290605 0.443058 -0.701866 -2.67149 -0.0987675 -0.2541 0.19227 -0.927586 0.272265 -0.216186 -0.823059 0.196487 0.237792 1.24709 0.356494 -0.537417 -0.00593173 0.720228 0.0265437 0.675005 -1.19707 0.0119156 -1.02022 0.843517 2.37094 -1.1789 0.193583 
-0.540742 -1.59967 -3.40091 -0.542524 0.811395 1.11352 -1.09977 1.10422 -0.181551 -0.347377 0.63951 0.562329 0.823743 0.363845 -0.404237 -0.856999 0.539818 0.0234304 0.330555 -0.361175 0.466598 -1.55418 0.603082 1.08601 -0.775105 0.245414 -0.671889 0.939773 4.60573 0.299323 0.423509 -0.552382 1.18063 -0.605057 0.117324 1.42877 -1.32251 0.430094 -0.490501 
-0.520995 -1.52451 -2.22035 -0.473303 1.07649 1.42108 -0.986938 1.33099 -1.48266 0.924376 0.755803 0.0803356 -0.0451905 -0.228832 0.237907 1.93424 0.200556 0.169408 -0.360113 0.253039 -0.332791 -0.0988619 0.605708 -1.12602 0.667886 0.756588 -0.524619 0.452563 2.83287 -0.5365 -0.174368 -0.907777 1.24593 -1.08477 2.05879 -1.72022 -2.04773 1.47803 -1.75087 
-0.769574 -1.36176 -1.46667 -0.341968 0.980804 0.753404 -0.846727 0.771429 -0.280413 0.258331 -0.486514 1.23022 1.58033 -0.160774 0.0483256 1.97587 0.00331815 -0.150937 -0.577222 0.884758 -0.618177 0.504606 -1.11713 -0.96172 0.702921 -1.50546 0.338578 -0.340251 -0.160355 -0.254484 -0.134638 0.168003 0.20035 0.238944 -1.7555 -1.21022 1.58436 0.0525619 -2.65532 
-0.681769 -1.47618 -0.244485 -0.469984 0.925548 0.843863 -0.10218 0.712814 -0.978053 -0.192759 -0.205918 0.783257 -1.55065 0.109747 -0.102343 1.77388 -0.053928 0.0347703 -0.19211 0.45339 -0.0938474 -1.85436 -0.604509 0.45834 0.720448 -1.89873 0.533003 -0.0497965 -3.0693 -0.646509 0.32564 0.490239 -1.61993 -0.198759 -0.873649 2.13634 2.88042 1.16704 2.65231 
-0.659827 -1.4641 0.307211 -0.395896 1.01557 0.561294 -0.393337 0.677582 -2.13478 -0.346178 -0.0281745 1.95066 -0.318404 0.37223 -0.00147085 -1.09343 -0.643191 0.174703 -0.0869833 -0.735173 -0.816936 -0.369043 1.0192 1.9187 1.86996 1.14685 0.294051 0.00386837 -2.84246 -0.945445 -0.18873 0.350247 -0.635426 -0.674463 3.5708 2.79243 0.950208 -0.407762 2.68712 
-0.309539 -1.47765 -1.33792 -1.11318 1.10025 0.756879 -0.837353 -0.104122 -1.3471 0.826441 1.71278 2.65322 -0.403793 0.403798 -0.098475 -1.06858 -0.999373 -0.15396 0.158137 -0.182036 -0.76831 1.71644 2.18792 1.40855 0.312686 0.788387 -0.138964 -0.399774 1.6314 0.428271 -0.657842 0.264946 1.00749 1.45299 0.830869 1.05796 -3.59632 -3.23272 0.0691023 
-0.256029 -1.56258 -0.761365 -1.39527 0.861615 0.719431 -0.575374 -0.0907283 -0.418337 1.84174 1.38037 2.26335 0.469983 0.233266 -0.401245 0.537965 -0.21492 -0.483139 0.177962 0.272318 0.636055 0.461826 2.07717 -1.67762 -1.36276 1.21596 0.0771437 0.541184 2.78729 1.67453 0.0190023 -0.088451 -0.382817 0.96233 -3.60949 -4.34611 -4.25249 -2.56079 -2.35449 
-0.0762733 -1.8789 -0.799952 -1.3281 0.617112 0.934842 -0.565035 0.531933 -0.88527 2.90361 0.0351548 1.29046 0.812163 0.480942 0.442709 1.71871 0.675159 -0.134957 0.0696856 -0.564853 0.194019 -1.89305 -2.15819 -2.84395 -2.2481 -1.56611 0.57215 2.27672 3.16495 -0.0063833 -0.0443286 -0.0694566 -1.22063 -1.71448 -1.46496 -4.72574 -1.36766 0.9747 -5.02146 
0.224912 -1.11987 0.957346 -0.72011 0.726657 0.789116 -1.14023 0.103291 -2.31139 -0.316448 -1.46357 0.0152456 -1.09612 0.805417 1.87547 3.70292 -0.221303 -0.527468 0.108506 -0.948312 -1.07842 -1.00313 -2.64858 -3.04528 -0.38806 -3.80551 0.187228 1.30787 -0.942181 -1.5777 -0.481106 -1.02242 0.812536 -0.988351 1.78164 2.26829 1.55715 2.68718 -0.365821 
0.729143 -0.00342916 2.90297 -1.5494 0.0896446 1.04335 -1.51335 -0.546488 -1.8884 0.255028 -3.01013 0.902395 -2.99334 0.66817 1.75058 0.776531 -0.902538 -0.616064 -0.952734 0.247683 -0.794332 -0.111409 0.110096 -1.2868 0.439072 -1.93193 -0.668613 -0.785515 -5.65889 1.84803 0.030432 -2.08807 3.43342 0.567623 0.498783 2.71489 4.23568 -0.674098 4.36633 
0.893082 0.630711 1.73388 -1.62265 0.110594 -0.163617 -0.892544 -0.691041 -2.4228 -0.206351 -2.75037 0.454317 -3.02805 0.136803 1.08996 -1.95598 1.62673 -0.497036 -1.97956 2.48511 -0.510798 -0.504347 0.0663105 1.1904 -1.06216 0.560822 -0.627513 -1.35953 -1.04253 3.56315 -0.201854 0.110378 2.06182 -0.0664159 2.30282 -1.97376 5.2588 -2.5184 3.87523 
0.865946 1.08653 0.94699 0.0773319 -0.407391 -0.936212 0.971762 -1.05729 -2.39275 0.321338 -1.81972 -0.159763 -2.43252 0.0406567 0.391051 -0.265996 2.66061 -0.817918 -0.842356 2.30951 -0.860748 2.19141 -1.86367 3.97201 -2.07933 1.94331 -0.0714868 -1.23222 2.43955 -0.502217 0.146027 1.93349 -2.25016 -0.392688 2.72188 -2.99986 2.19506 -0.672742 1.24138 
0.933738 1.02176 1.46788 1.03796 -0.707324 -1.00597 1.41696 -1.55179 -0.231385 -2.07002 1.22163 -1.62501 -1.08475 0.0653163 -0.142265 0.483574 1.12451 -0.351009 -0.0460742 0.234954 -0.903487 2.21753 -2.93355 3.38546 -1.7349 1.8022 -0.0206249 -0.471655 0.289319 -2.15484 0.705874 0.856591 -2.81224 0.912724 -2.88427 2.52624 -5.15918 3.32741 -2.01909 
0.931263 0.944261 1.43056 1.20184 -0.7584 -0.982286 1.20672 -1.96077 -0.175217 -2.61221 1.56574 -1.89466 -0.630321 0.0200318 -0.0806039 0.0233231 0.505768 -0.112044 0.0142349 -0.502731 0.0519761 -0.692859 0.662574 -1.18718 1.24808 -0.0757885 -0.0407548 0.206529 -1.38174 -0.960249 0.118733 0.16552 -1.09798 0.923671 -3.5242 4.61043 -4.94026 2.68513 -2.91848 
0.95377 0.941158 1.4912 1.54373 -0.819369 -0.991738 0.914233 -1.49981 -0.924244 -1.40745 0.0344596 -0.376939 -1.16053 0.0245615 0.0642637 -0.898163 0.164264 -0.232276 0.119446 -0.863025 0.0201844 -1.30667 1.67689 -1.5548 0.950227 -1.11628 0.0184365 0.155972 -0.61404 -0.169154 -0.0526538 -0.050724 -0.0612174 -0.217531 0.949327 -0.148028 1.73597 -1.38057 0.0934253 
0.955824 1.00852 0.5324 1.36611 -0.990676 -0.86284 0.343691 -1.94059 -1.48189 -0.935325 0.0109314 -0.944436 -1.7466 0.0384683 0.0753684 -0.590717 0.336615 -0.164698 -0.0364891 -0.563949 -0.165554 0.256467 0.514546 0.548792 -0.13249 0.0176369 -0.0366032 0.126879 0.852269 0.69605 0.0407356 -0.118198 1.15652 0.360975 1.72006 -1.80738 2.95557 -0.67576 1.69713 
0.992238 1.01653 0.900487 1.88035 -0.984067 -1.02823 0.350284 -1.66537 -0.667777 -0.8929 0.583252 -0.509429 -1.1429 -0.0120418 0.191142 -0.0458939 0.860314 -0.19154 0.00124851 0.293498 0.38116 0.413388 -0.130498 1.40076 0.274467 0.580854 -0.00772307 -0.0188848 0.739898 -0.253692 0.107134 0.0282763 0.597849 0.358167 0.14576 -0.0586469 -0.570212 -0.216914 1.293 
0.943782 1.19967 0.486507 2.22642 -1.18222 -0.861592 0.637189 -1.55943 -1.0685 -1.06582 1.4117 -0.669969 -1.16574 0.0307452 0.0564836 0.149181 0.0829222 -0.0575638 -0.00821275 0.0338998 0.192613 0.402227 0.455899 -0.0214202 -0.349404 1.31064 0.13599 -0.479655 0.488939 -1.63144 0.317648 -0.502653 -0.775488 -0.449329 0.255123 0.739958 -3.07037 -0.433116 0.278257 
1.02298 1.07301 1.04967 1.96327 -1.04163 -1.03644 0.384184 -1.47275 -0.26555 -0.437001 0.561831 -0.858833 0.167742 0.123949 -0.288513 0.443045 -0.77113 0.126107 -0.501405 -0.48199 -0.0681687 0.668511 0.609461 -1.66961 -0.158649 0.859111 0.0406506 -0.239903 -0.213224 -0.935927 -0.0489538 -0.563586 0.0248113 -0.299749 -0.891222 -0.679016 -1.63748 0.390176 -1.96526 
1.06773 0.911154 0.929551 1.45529 -1.05611 -1.363 0.155198 -1.6276 -0.399986 -0.456361 -0.257913 -0.828618 -0.306633 0.0713958 -0.18342 -0.0640433 -0.853004 -0.106518 -0.571799 0.0587112 -0.107136 -0.488995 -0.223117 -1.6589 0.0407719 -0.654617 0.0208303 0.292273 -0.233308 0.652332 -0.191499 0.484008 1.05478 0.706581 -0.813458 -0.069539 1.40338 1.12089 -0.389941 
1.09438 0.88959 0.985624 1.11026 -1.14815 -1.60824 0.442895 -1.57989 -0.754545 -0.660119 -1.09707 -0.818061 -0.486875 0.144779 0.00376002 0.209737 -0.118798 -0.0653911 -0.0173968 0.572787 0.638412 -0.144947 0.539922 -0.266232 0.962241 0.46917 0.519032 -0.541399 -0.984003 -0.265607 0.884538 0.911825 -2.9291 1.26457 0.492736 1.96292 1.41821 1.30631 0.15994 
1.21251 0.914914 1.13929 1.33649 -1.1215 -1.38039 0.727986 -0.989185 -0.544933 0.0835606 -0.524145 0.133622 0.162536 0.590428 -0.724819 -1.04805 -1.11861 0.778021 0.340026 -2.87038 1.15743 0.00374082 1.73981 -0.240686 1.34708 -0.494678 0.516831 -0.747279 -2.40256 -1.50981 1.09335 0.606902 -4.05716 0.405511 0.863124 0.497503 0.755218 -0.511016 0.201443 
1.68481 0.164771 -0.062422 -0.00834769 -0.370127 -1.26821 -2.42749 -0.42246 -0.750804 1.07969 -1.33775 0.529023 -0.981553 0.66161 -0.743519 -2.19282 -1.62861 1.02796 0.589505 -3.48438 1.04392 0.718177 1.03742 0.488986 0.451224 0.670613 -0.391314 0.649735 0.161999 0.680217 -0.545148 0.0643186 2.76786 -0.662322 1.63174 -1.99688 1.60701 -1.43635 2.10537 
1.87412 0.171396 -1.05353 -0.292112 -0.093537 -0.790888 -2.75639 0.0547382 0.173244 1.12099 -0.0351584 0.584847 0.833149 0.199114 -0.0750845 -0.886047 -0.438394 0.232873 0.404345 -0.102522 0.49511 1.63548 -0.257076 1.36633 -0.0892612 1.61069 -0.868827 0.725032 3.31265 1.75561 -1.51304 -0.916125 4.12266 -0.929481 -0.788586 -1.74981 -1.32967 -1.36605 -0.765018 
1.88392 0.0896864 -0.948469 -0.446742 -0.137254 -0.863868 -2.53001 0.0726498 0.884673 0.822611 0.0285738 0.439762 0.629136 -0.207217 -0.018487 1.11983 0.127001 -0.485075 -0.32662 0.638284 0.114442 -0.0704096 -0.712384 -0.840685 -0.914823 -0.0944047 -0.805733 0.749674 2.43425 1.57477 -1.2657 -0.581003 3.70455 -1.52571 -3.10409 0.456834 -1.3414 -0.382027 -1.79466 
1.6669 0.152909 0.0662984 -0.165111 -0.578612 -1.11751 -2.11811 0.16918 0.102834 0.408602 -0.875843 -0.329976 0.738744 -0.606619 0.67459 1.5482 1.13638 -1.03282 -0.176658 3.60203 -1.0306 -1.46861 0.199758 0.0249271 -0.471288 -0.183968 -0.314385 0.881168 -0.99592 1.60591 -0.169459 0.53095 2.40873 -1.52921 -0.0331572 0.49271 2.10922 1.09893 0.711134 
1.2773 0.764276 0.59973 0.689633 -1.17008 -1.04053 1.07202 -0.957948 -0.583937 1.02237 0.0535009 -0.0315262 0.445169 -0.521602 0.862681 0.123908 1.73291 -0.654534 0.20433 3.04701 -1.41477 -0.103567 -0.219674 1.26854 0.184108 0.616729 0.471392 -0.578075 -1.81228 -0.456072 0.987619 0.168459 -3.63181 0.578663 2.0819 -0.244178 0.0672628 -1.09401 -0.130466 
1.1453 1.01559 0.190206 1.5678 -1.23315 -0.913177 0.928906 -1.24559 -0.000732551 0.188928 0.392692 -0.145868 1.35547 -0.135227 0.0965142 -0.264078 0.680303 -0.0452028 -0.00819884 -0.0297767 -0.451934 0.613287 -0.0444201 0.0921899 -1.5653 -0.314434 0.464341 -1.04232 0.332468 -1.74754 0.59977 -0.239754 -2.53984 1.47016 0.188818 0.0308459 -1.41827 -0.994914 -1.89449 
1.14207 0.86079 0.335652 1.36994 -1.21528 -1.04872 1.04224 -1.40988 0.0293499 0.977949 0.145691 -1.59683 0.130735 -0.0572607 -0.179634 0.456376 -0.0146284 -0.0547633 -0.0354237 0.507175 0.0553927 0.0852514 -0.188828 -0.149729 -0.810806 -1.27776 0.0666253 -0.165748 0.666723 -1.04075 0.0901231 -0.0062584 0.350102 0.832516 -1.31435 -0.489622 -0.0784365 2.05022 1.03351 
1.08804 0.835955 0.646582 1.55317 -1.28791 -0.948601 1.43608 -1.19019 0.0845188 9.99968e-005 0.242963 -0.956674 0.0777157 -0.0686018 -0.069234 0.402645 -0.360449 0.0449203 -0.0144572 0.320326 0.380582 -0.701067 -0.534042 0.0137533 0.484916 0.719079 -0.0183695 0.286189 -1.2151 -0.099844 0.0416017 -0.198656 -1.09951 0.212849 0.437806 0.210454 0.754756 0.670942 1.17376 
1.07347 0.791556 0.738297 1.00949 -1.17036 -1.06318 1.36257 -1.0293 -0.671717 0.443907 0.159444 -1.11191 0.849814 -0.0756302 0.106555 -0.758721 -0.114472 -0.0131616 -0.23408 -0.592332 0.268242 0.523057 0.0216263 0.605027 -0.139864 -0.104002 0.0614874 0.0752739 -1.40367 -0.172944 -0.161101 -0.190986 -0.695021 -0.423182 2.11749 1.11853 0.0163377 -0.732346 -1.55679 
1.01241 0.94251 -0.112139 1.4387 -1.30107 -1.18268 0.843749 -0.921951 0.607576 0.0217263 0.84799 -1.09654 -0.0262861 -0.00711441 0.00603995 -1.00103 -0.533394 -0.116181 -0.205443 -0.374695 -0.0426005 1.41642 0.584486 0.0300911 -0.24743 -0.837707 0.0846036 -0.137731 0.676252 -0.942336 -0.0367162 0.30601 1.22732 -0.12279 -0.313087 0.597357 -0.91313 -0.118527 -0.10873 
1.06636 0.797596 -0.262733 0.476093 -1.28654 -1.26862 0.987875 -1.0719 0.744704 1.02839 0.189535 -1.35934 0.012107 0.00897334 -0.0311762 -0.082469 -1.05681 -0.0498778 0.0719307 0.634991 0.145452 0.209971 0.618984 -0.308103 -0.258391 -0.212732 -0.152532 0.20172 0.173287 0.713025 -0.350848 0.526852 0.144747 0.157961 -1.77987 -1.65997 -0.170914 -0.550749 1.47322 
1.02138 0.911334 -0.194608 0.381887 -1.35095 -1.11075 1.47874 -0.776499 0.817547 0.64071 0.539887 -1.35493 -0.239018 -0.159646 0.20776 -0.827743 0.179631 -0.467029 0.321409 -0.229948 0.115361 -0.363451 -1.07549 -0.140823 -0.798178 0.635516 -0.0459502 -0.210072 0.289411 0.863654 0.0109191 -0.0913699 -1.01677 -0.0043567 -0.0261841 -0.817879 -0.527042 0.0924737 1.02947 
0.906712 1.00536 -1.09048 0.655724 -1.75357 -0.947216 0.757926 -0.956539 0.381253 -0.0470961 0.0487126 -2.15752 0.647623 -0.0369769 -0.241248 0.206942 -0.193155 -0.0389587 -0.0194392 -0.381774 0.141095 0.183787 -0.198896 -0.835145 -0.165917 0.816739 0.128336 -0.582169 2.49164 -0.0857211 0.937319 -0.621604 0.656203 0.105802 0.309366 1.8964 0.698291 2.04417 -0.370915 
0.984406 0.670086 0.0123344 0.188732 -1.38991 -1.13019 1.09696 -0.635404 1.00133 0.441814 -0.295258 -1.52085 0.577722 -0.0313104 -0.374409 1.66389 0.0939098 0.47029 -0.300195 0.426255 0.221163 -0.0540851 0.820914 0.557468 1.24599 0.264601 -0.159928 0.355182 0.240929 1.03698 -0.0271144 -0.0332465 0.253607 -0.198287 0.0744642 0.598135 1.23217 0.351474 -0.471459 
0.875402 0.630947 0.573416 0.749634 -1.28328 -1.24741 1.18418 -0.735377 0.327168 0.773818 0.606181 -0.91153 0.912225 -0.196905 0.113934 0.447871 0.843821 -0.0660731 -0.0526857 -0.128168 -0.0571914 0.258251 0.399239 0.397023 0.185557 0.34528 -0.179991 0.628219 -2.90623 0.677894 -0.646774 0.388042 -1.43318 -0.287767 -0.156149 -1.38667 -0.608449 -0.547626 -0.516753 
0.787501 0.78402 0.460205 1.03255 -1.45598 -1.18287 0.968797 -0.692595 1.25958 0.841053 0.101765 -1.33529 0.923002 -0.211301 0.253809 -1.24233 0.771804 -0.176484 0.0878464 -1.00693 -0.0666047 -0.210234 -0.565752 -0.0509804 0.698362 -0.252152 0.108869 0.0965861 -0.709764 -0.760916 0.179451 0.100094 -0.249906 0.00170273 -0.606962 0.00434548 0.592381 0.213277 -1.43863 
0.664101 0.884756 -0.668918 1.52144 -1.45976 -1.15956 0.177252 -0.801981 0.116934 0.208066 0.555201 -0.213169 0.660073 -0.0880361 0.21052 -0.261893 0.0829049 0.113377 0.0474087 -0.378074 -0.0554887 -0.348711 0.403585 0.989404 0.398834 -1.09335 0.280476 -0.185128 2.41383 -1.6194 0.316072 -0.106829 1.55952 0.358961 1.42866 1.25216 -0.121601 -1.70336 0.089094 
0.699465 0.99454 0.198313 1.11546 -1.3426 -1.13547 0.590723 -0.748084 0.910873 1.24464 1.09117 -0.936455 -0.170345 0.0691748 0.0686812 1.1715 -0.847591 0.139588 -0.0189831 0.552592 0.292356 1.21842 0.686405 -0.172581 -1.00499 -0.163058 0.0759434 -0.195891 0.971269 -0.338845 0.0164617 -0.0698162 1.24307 0.235411 0.666856 -0.320359 -1.66846 -0.437967 0.828836 
0.733275 0.953437 0.502577 0.673846 -1.32018 -1.17855 0.729844 -0.509625 1.33536 0.894471 0.382619 -1.21816 0.497016 -0.0120927 0.0146293 0.709377 -0.25594 0.129839 -0.0224075 0.864997 0.179922 0.318144 0.0832262 -0.679056 -0.0391323 -0.264511 -0.276211 0.0763817 -1.67337 1.07693 0.104987 0.328636 0.170219 -0.454335 -1.30428 -0.300486 -0.521399 0.90989 -1.96992 
0.687372 1.00917 0.90769 0.859518 -1.21276 -1.15787 1.45572 -0.568162 1.22902 1.32786 0.412113 -0.975587 -0.434856 -0.207037 0.145063 -0.501879 0.229342 0.244575 0.309653 0.722811 -0.161979 -0.0858598 0.385918 -0.69398 -0.0951032 -2.13298 -0.21379 -0.0530821 -1.48459 0.343762 -0.026399 0.540208 -0.737197 -0.105532 -0.955586 -0.82402 -0.47302 -0.571938 -0.273131 
0.526239 1.0985 0.000698421 0.903189 -1.0756 -0.868895 1.45265 -0.671604 1.2495 1.28039 -0.311361 -1.31327 -1.63596 -0.225882 -0.0384528 -0.775211 0.0878224 0.10344 0.5178 0.127801 0.07439 -0.637442 -0.740794 -1.15208 -0.61107 -0.537642 0.108723 -0.203908 0.771131 -0.361345 -0.050784 -0.234224 -0.834269 0.434149 0.217922 -0.0683457 0.0367901 0.0505299 3.59294 
0.461489 0.970716 0.132479 0.947341 -1.10932 -0.640073 1.58352 -0.493772 0.591575 0.587071 -0.739963 -1.58666 -0.972498 -0.0983137 -0.058845 0.269252 -0.132002 0.193791 0.075429 -0.111459 0.27217 0.132062 0.317573 -0.65719 -0.0445733 1.45996 0.144469 0.109136 1.50503 -0.81046 0.315897 -0.977759 -0.403265 -0.218766 0.721569 2.00707 0.592498 0.964233 1.37031 
0.427925 1.03966 0.269951 0.771186 -0.88181 -0.793466 1.3412 -0.399435 1.38156 1.59796 -0.968551 -1.35784 -0.175996 -0.0814135 0.0706836 0.729819 -0.722637 0.419337 -0.459958 -0.275465 -0.144376 0.0841269 1.26628 -0.559578 0.353163 0.832669 -0.0956138 0.240303 -0.167244 -1.09272 0.0353192 0.381696 -0.65806 -0.361447 -0.808881 -1.20835 -0.252708 0.959066 -1.04745 
0.380076 1.0414 0.862298 0.224703 -0.689985 -1.10003 1.30806 -0.638148 0.675702 1.85335 -1.29954 -1.23349 -0.139829 -0.193928 0.181458 0.102008 -1.22472 0.22911 0.457125 -0.769519 -0.0892775 -0.676819 -0.890781 -0.909899 0.914493 0.412511 -0.209622 0.0578602 -0.815196 -0.16934 -0.279377 1.55926 -1.15352 0.663567 1.46412 -3.67861 -0.109575 1.89643 -0.510361 
0.233998 1.22111 0.371959 -0.453533 -0.6527 -0.336341 0.571677 -0.488713 0.704741 0.707181 -1.87845 -0.443346 0.236515 -0.291036 0.128544 -0.0853772 -0.891977 0.13996 1.09931 -1.42898 0.519191 1.54825 -2.41233 -0.669153 2.24959 0.322308 -0.0751269 -0.0851438 0.972574 0.62396 0.0970351 -0.121945 -0.198637 0.809443 1.99506 0.0171923 1.41659 1.01998 0.0674892 
0.0890404 1.16994 0.776921 -0.667273 -0.550025 -0.000725714 -0.120926 -0.118957 2.22395 -0.558977 -1.96869 1.0161 0.182479 -0.269054 0.0963142 1.07458 -0.600759 0.326145 0.33518 -0.968156 0.720166 1.31824 -0.873589 0.506691 1.93447 0.480001 0.0523911 0.0328025 0.67218 -0.609622 0.444881 -1.4405 0.00083054 -0.162797 -3.7187 2.115 1.34648 -3.06686 -0.447002 
-0.0350569 1.31743 1.44654 -1.05429 -0.326555 -0.00116154 -0.396479 0.231453 2.02298 -0.166408 -1.37176 1.49113 0.716516 -0.238644 0.161346 0.586803 -1.5016 0.584841 -0.341192 -1.42815 0.356394 -2.17046 -0.297329 0.677326 -0.817261 -0.124694 0.116433 0.020395 -1.0782 -0.286427 0.231041 -0.515647 0.386945 -0.602051 -3.53719 0.528816 -0.25199 -2.85834 0.444447 
-0.149604 1.33129 1.36372 -2.16887 0.0348153 -0.341917 -1.54908 0.237438 0.0534923 -0.856307 -1.29137 0.198838 0.0577848 -0.152621 0.116709 -0.00362097 -0.887186 0.557186 -0.180467 -0.581211 0.118115 -2.21895 -0.344773 0.254701 -0.923864 0.924447 0.246901 -0.016184 -0.600285 1.49347 -0.527246 0.702313 2.45227 -0.314534 2.2517 0.530117 0.190842 1.72899 0.307012 