-1.20629 -0.786472 -0.819265 -1.49809 0.942573 0.538908 -0.939499 1.37538 -0.0584096 -2.15395 -1.31669 -0.291585 -0.96083 0.082013 0.116375 -0.362105 -0.0963303 -0.156344 -0.385793 1.2275 0.133201 -0.829544 -0.178606 1.35312 0.547222 -0.998437 -0.146474 0.477341 2.39408 1.96228 0.245666 0.304422 1.15543 -0.505057 1.54986 2.998 3.21619 2.28901 3.1051 
-1.20174 -0.580118 0.0166102 -0.629116 1.01838 0.638617 0.470842 1.23037 0.0493021 -0.644141 0.690047 -0.169037 -1.02024 -0.024619 0.335571 1.37767 0.933133 0.0476368 0.0425799 1.11089 -0.0125639 0.797764 1.08389 0.959879 1.04455 1.20068 -0.112961 -0.0202309 0.817881 0.143322 0.115171 0.434538 -1.98332 -0.329781 -0.138848 -0.0508581 -2.04691 0.661633 2.67995 
-1.23091 -0.450902 0.558407 -0.56496 0.99021 0.581488 0.17139 1.36281 0.739355 -1.07005 -0.356808 0.752969 0.239849 -0.0309481 0.0961443 0.455776 0.0469914 -0.0411731 0.0487446 -0.755822 -0.19658 -0.968392 -0.229464 -0.693796 1.20886 1.68151 0.0175652 -0.622061 -1.78312 -0.654007 0.0367878 0.435305 -1.1507 -0.141586 -2.41392 -0.49814 -1.18483 -1.797 -1.10705 
-1.23268 -0.483974 0.472386 -0.582124 0.977209 0.687362 -0.28498 1.03379 -0.91909 -0.873605 -0.00374912 1.03982 0.66127 -0.00705383 -0.28649 -0.405449 0.279127 0.0844246 0.477885 -0.0398125 -0.15415 -1.61615 0.585754 -0.224955 -0.752452 0.0936251 0.0445794 -0.364849 -0.74138 0.118029 0.11125 0.00982914 1.0895 0.347083 2.84213 2.1784 1.08845 -2.86245 -1.89205 
-1.23797 -0.737392 0.152958 -0.285833 1.07463 1.05937 0.131578 1.20866 -0.876798 -0.484298 -0.581764 0.000517165 0.333474 0.0136312 -0.268705 -0.285604 0.165021 0.0700774 0.0585737 0.333675 0.150502 1.87374 1.94894 0.394657 -1.6536 -0.210533 -0.00923497 0.259515 -0.503904 -1.97384 -0.264011 -0.827746 -1.08055 0.0304138 2.72377 -0.672274 0.0474595 1.21458 -0.691802 
-1.21905 -0.752679 0.186782 -0.417104 1.04729 0.745936 0.0486949 1.18429 0.954645 1.07534 0.390907 -0.613779 0.450736 -0.0162888 -0.026975 -0.909353 -1.69472 -0.179586 -0.349861 -1.12037 -0.123736 1.10762 -0.0865194 -0.177496 0.462128 -0.598177 -0.0234602 0.362771 0.246711 -1.31961 -0.251908 0.0273502 -0.749207 -0.149879 -2.87381 -3.80177 -0.884729 2.54269 -0.120093 
-1.25425 -0.764367 -0.756394 -1.98055 0.895048 0.709512 -0.988788 1.08493 0.230821 -0.570817 -0.759259 0.462646 -0.264704 -0.00982896 0.0940661 -0.0388935 -1.15459 -0.18183 0.0859239 -0.415532 0.000623549 -1.00008 -1.85283 -0.490072 0.889096 -0.330627 -0.0120219 0.0784951 1.42618 2.98022 0.454453 0.833171 2.87857 0.459151 -0.266418 0.828959 1.33659 0.356458 2.3292 
-1.22888 -0.658613 0.147888 -1.5717 0.865456 0.83186 -0.366837 1.18491 -0.0454313 -0.777492 -0.0991649 0.275317 0.12011 -0.0283107 0.0515202 0.516829 1.2855 0.274866 0.483309 1.75821 0.335414 0.8412 0.742439 1.15909 0.818586 1.73103 0.00239213 0.0216487 0.248055 1.74183 0.298834 0.188002 0.432376 -0.195228 2.27116 2.15119 0.214047 -0.0257106 0.527228 
-1.28257 -0.712847 -0.239566 -0.695046 1.16991 1.19282 0.769419 1.42034 1.07202 0.171622 0.399832 1.28123 1.46632 -0.00743683 0.115715 0.209161 0.587232 0.117004 0.273926 0.0168442 -0.194605 1.27108 0.298358 -0.276025 0.863385 0.196601 0.0604126 0.106058 0.509066 -0.498681 -0.367747 -0.604258 -2.50361 -0.991545 -1.73975 -1.71075 -0.849279 -1.94876 -2.9814 
-1.23632 -0.542898 0.35705 -0.984465 0.98246 1.10579 -0.349993 0.990308 1.22565 -0.479134 -0.37519 1.1387 0.316711 0.0321018 0.157578 1.0259 0.786822 -0.0928811 -0.120949 -0.745406 -0.656131 -0.898549 -0.968312 0.309812 -1.13017 -1.25038 -0.00413015 -0.261022 -0.115708 0.249479 0.0605566 -0.321435 -0.00357059 0.149617 -2.18768 0.0290675 0.677427 -2.37823 -0.421277 
-1.25046 -0.555268 0.78633 0.0917759 1.07703 1.07187 0.0240126 0.764209 0.173472 -0.79669 0.709644 0.151061 0.215944 -0.011567 -0.145307 0.0934535 0.836711 0.17756 -0.0475089 0.0132736 -0.0449872 -0.916599 0.327425 0.401402 -1.51485 -0.224676 0.00966227 -0.215196 -1.46971 -1.47301 0.178081 0.114601 0.46219 0.939612 1.33733 1.40791 -0.75402 1.77708 1.1891 
-1.24789 -0.688205 0.450503 -0.147754 1.16002 1.05828 -0.336719 0.945321 0.309051 -0.151709 0.0262126 -0.376146 0.0920347 0.0417641 -0.0576173 -0.44381 -0.686185 0.0852002 -0.00634751 -0.283216 0.283481 0.438777 0.439596 -0.444208 0.646913 -0.0612733 0.0197429 0.0326592 -1.37639 -1.87764 -0.330068 -0.299563 -0.414697 -0.416574 0.205567 -0.10943 -0.569634 1.92526 0.677443 
-1.2087 -0.612886 0.34252 -0.594409 1.16223 1.06552 -0.259203 1.04769 0.612249 -0.357093 0.265436 0.797974 0.154671 0.00817587 -0.112648 -1.28293 -1.04093 -0.152507 -0.347072 -0.401423 -0.461561 -0.711032 0.217995 -0.168232 0.410407 0.452767 -0.000895737 -0.0494675 -0.308483 0.109088 -0.270753 -0.190784 0.384703 -0.285967 -0.810196 -0.105464 -0.744957 -2.11075 0.849777 
-1.23971 -0.800853 -0.832429 -1.18868 1.00751 0.711204 -0.738143 0.483759 -0.401981 0.0662864 -0.142019 0.0342616 0.544801 0.0408684 -0.107085 -0.752293 -0.577097 -0.185552 -0.197131 0.101487 -0.00248596 -0.37142 0.334132 -1.18916 -1.46384 0.788504 -0.0669148 -0.255486 1.60228 0.472052 -0.000595537 0.796719 0.799175 0.829052 0.537983 -0.76912 0.205068 0.732387 -0.924574 
-1.16783 -0.71997 -0.409773 -1.17151 0.976681 0.868394 -0.157716 1.0452 0.240829 -0.0229616 -0.923729 -0.665867 0.943175 -0.058739 -0.368134 0.319351 -0.568877 -0.153103 0.449647 0.397752 0.367491 -0.173049 -0.551124 0.0368368 1.14279 -0.471808 0.0199693 -0.029286 2.1654 0.631499 0.0975942 0.526964 -0.186218 0.337371 -0.122674 0.968106 2.63728 2.35326 -1.42961 
-1.29845 -1.16899 -0.513078 -1.75756 0.85441 1.16085 -0.340391 0.85125 -0.57503 -0.484838 -0.105182 1.17706 0.0729939 0.0608377 -0.136371 1.41311 0.0544019 -0.0879583 0.329833 -0.0847308 0.334885 -0.494094 1.30224 1.44812 0.889421 -0.641108 0.209701 0.817549 0.138417 1.25124 0.241212 -0.686132 -0.509897 -0.367022 0.53956 0.618673 0.63817 -0.371363 2.19718 
-1.10699 -0.856341 1.00334 -1.1171 0.888723 1.19823 -0.242447 1.38009 -0.253265 1.27928 0.524389 0.223554 0.302067 0.150962 0.449415 0.457768 0.682362 0.0881093 -0.236485 -0.112145 0.000468505 0.366511 0.0675482 0.675007 0.771431 1.72537 -0.0972137 0.180239 -3.07833 -0.151675 0.270957 -0.203945 0.210819 -0.96435 1.34387 -2.42408 -0.77475 0.0246487 1.62037 
-1.14749 -0.719573 -0.0553101 -1.0752 0.942519 0.924366 -0.452535 0.851718 -0.20852 -0.41729 0.569825 1.94849 1.79836 -0.036376 0.0438679 -1.66522 -0.0972735 0.182999 0.125888 0.126088 -0.629465 0.849777 -1.12184 0.673368 0.914069 0.979266 -0.110507 -0.539541 -1.04504 -0.645982 -0.12024 0.246654 0.615622 0.355406 0.1255 1.99261 0.383992 -2.39903 -1.36412 
-1.14337 -0.812473 -0.661877 -1.21438 1.07172 1.32412 -0.116359 0.750624 0.596512 0.157435 1.19776 1.13762 1.28133 0.0404542 -0.0901266 -0.587269 0.0363807 -0.0321305 0.0101691 0.503477 0.355874 0.492011 2.06016 1.059 -1.6276 0.361251 0.1185 -0.0706894 2.14287 1.41779 -0.137167 -0.0767023 0.131999 0.774462 -1.58089 3.29227 -0.407122 -1.56372 -1.36355 
-1.10703 -0.809699 -0.642579 -1.03882 0.910389 0.934535 0.0509415 1.20759 0.283491 1.64287 1.62882 0.32089 2.15961 0.0821239 -0.0268215 0.477656 1.32052 0.0458319 0.0491856 0.258087 0.144997 -0.731113 2.17043 0.266246 -0.64965 -0.38428 0.0849553 -0.281421 0.467588 1.84236 0.158846 0.151988 -0.684398 -0.644369 0.537245 -2.46789 -3.01317 2.45485 -1.52842 
-1.06125 -0.839295 -0.184221 0.106142 1.11755 1.3733 0.141727 0.895621 -0.134601 2.32787 1.464 0.487973 0.897053 0.12541 -0.371547 -0.119681 1.87874 0.126716 0.162157 -0.180921 -0.288495 1.02926 -0.407728 -1.95417 0.827249 -1.16717 0.0668939 -0.447729 -1.40592 -1.58771 -0.382605 -0.814668 -1.50392 0.11192 0.68968 -5.51896 -1.15937 0.0640323 -0.595876 
-0.981624 -1.18125 -0.76226 0.839927 1.0371 1.09669 -0.12998 0.919098 1.31275 1.23514 -0.325348 1.14814 0.992448 0.149018 -0.47455 -0.928265 -0.26719 -0.336774 -0.765482 -1.24584 0.256916 -0.0414335 -3.34852 -0.893127 -0.585618 -0.980156 0.00183077 0.34346 -0.0287825 -2.40223 -0.341295 -0.374833 0.623788 0.93276 -1.03708 -1.07867 2.09594 -1.02849 0.54279 
-0.912228 -1.31385 -1.11249 -0.161048 0.78078 0.607818 -1.10411 1.15254 -0.176035 -1.02066 0.570876 -0.0976449 -0.083103 0.12724 -0.0280873 -0.148464 -0.523484 -0.21458 -0.212677 0.442867 0.644265 -0.00782052 -1.4864 0.141766 -0.201246 -0.624377 -0.181511 0.644611 1.13959 0.600497 0.602085 1.22272 1.46708 -0.917819 -0.915287 3.57285 1.20086 1.28951 1.90254 
-0.854384 -1.20933 -0.910724 0.316443 0.822525 0.884015 0.312887 1.56336 1.30493 -0.251259 -0.183582 0.946893 0.368071 -0.032493 0.170061 0.211321 0.333307 0.265312 0.457241 0.221245 -0.660903 -0.95672 0.224326 0.307735 0.703891 0.922381 -0.1685 0.0658503 -0.404583 -0.160025 0.527422 0.597507 -0.957044 -0.943973 -1.07627 0.561449 0.425876 -0.505931 0.34232 
-0.944721 -1.14378 -0.901165 0.172259 1.04609 1.06506 -0.882865 0.491634 -1.13276 -0.79633 0.878611 0.606246 0.839278 -0.0412595 0.0377631 -0.553046 -0.683509 0.312843 0.38483 -0.514177 -0.299707 -1.08409 -0.924952 0.567642 -0.707177 -0.282057 0.154781 -0.389857 -0.866815 -1.82056 -0.38806 -0.318065 0.230267 1.08126 1.28185 0.177692 0.563754 -0.243274 -0.879048 
-0.895643 -1.17157 -1.46377 -0.367066 1.13537 1.26884 -0.20129 1.26366 0.220836 -1.17621 0.384059 0.239717 0.086014 0.122288 -0.219796 -0.655494 -1.48725 -0.122748 0.139177 0.451512 0.420355 0.325125 0.402018 0.871489 0.460617 0.0433334 0.119052 -0.144512 0.82229 0.768361 -0.32863 -0.584036 -0.897336 -0.367546 -0.496445 2.3857 0.178967 2.07014 0.667349 
-0.822433 -1.36358 -1.55666 -1.315 0.923344 1.20424 -0.431353 0.911989 -0.80763 -0.394312 1.7501 1.06686 0.882612 0.0777928 -0.106749 0.269243 0.084852 -0.0157875 -0.199206 -1.41151 -0.667253 -1.58054 1.46074 0.746609 1.36296 0.385292 -0.0433717 0.162201 1.12981 2.3314 0.210642 -0.110896 -0.649805 -0.338858 -0.2535 -0.540588 -2.60834 -1.29342 -1.55062 
-0.81785 -1.27832 -1.19453 -0.282214 1.11958 1.06964 -1.6128 0.596403 -1.3597 0.284534 1.13067 1.60268 0.471306 0.0789165 -0.0575949 0.474312 0.844149 0.0878934 0.0282806 -0.198293 0.0814968 0.0716254 -0.13857 -1.73685 -0.832805 -1.50729 -0.00616175 -0.211816 -0.368462 0.35152 -0.000150311 0.827957 3.21714 1.23431 2.79419 -0.898301 0.0681622 -1.24043 -0.0579111 
-0.743516 -1.42118 -1.08235 -0.470847 1.01124 1.23252 -0.629647 0.993486 -0.736005 -0.532882 0.0132494 0.234059 -0.62468 0.071631 -0.318565 -0.0992193 0.436372 -0.0159378 0.62875 1.80563 0.56706 1.21365 0.562444 0.814771 0.12253 0.32738 0.297858 -0.165293 -0.212886 0.726915 -0.233662 -0.753432 -0.452905 -0.284139 -0.490519 0.934333 3.73179 1.36172 2.92444 
-0.746219 -1.59689 -1.29375 0.154158 1.10364 1.69839 0.192829 1.16346 -0.146052 0.846978 1.94544 1.72521 0.798686 0.376774 -0.222888 0.261426 1.57106 -0.145769 -0.725151 -0.651198 -0.202642 -0.418894 0.795764 1.99494 0.528913 1.41715 0.467792 -0.0142371 -1.18279 -1.0038 -0.185819 -1.55364 -3.98868 -1.1026 -3.68084 -3.87192 -1.1199 -0.708599 -0.509958 
-0.366742 -1.64406 -0.820921 1.10022 0.865468 0.507366 -1.28085 0.790844 -1.1549 0.262882 2.00819 0.762972 0.792473 0.539423 -0.332802 -1.28201 -0.567427 -0.201757 -0.924891 -2.18305 -0.535536 -2.46719 -3.30948 -0.305132 -0.58607 -0.182577 0.092327 -0.0998632 -2.85454 -3.42286 0.284576 1.3308 0.833153 0.160292 0.499928 -3.18978 -2.74652 -2.06972 -2.23336 
-0.206796 -1.92969 -2.57576 -0.413268 0.901885 0.773497 -1.99022 0.627926 -2.61325 -2.4625 1.64031 1.13914 0.616109 0.469102 -0.322751 -2.59311 -1.85179 0.138807 0.605648 0.181955 -0.0423496 0.0810346 -2.39402 -0.751582 -1.54081 -0.816209 -0.155066 0.683879 1.25 -1.20363 0.223725 1.24128 2.67268 0.111612 3.4498 4.12113 0.185406 0.219089 0.597714 
0.10236 -1.96681 -3.41403 -0.751577 1.00428 1.11301 -1.09889 0.748495 -1.07386 -2.13113 1.25661 -0.777834 -0.0237361 0.384357 0.351077 -0.0320146 -1.77106 0.021968 0.316386 0.489626 -0.423924 0.982604 0.811651 -0.119727 -0.36698 0.415137 -0.394932 0.938552 2.99855 0.463524 -0.207492 -0.601534 -0.0426262 -0.603443 -1.46402 3.23734 0.410579 2.60709 1.88944 
0.177561 -1.57861 -2.60777 -2.18433 0.923853 1.08988 -1.5006 0.204002 -1.63064 -1.65085 1.52058 0.772155 1.03125 0.0741698 0.615801 0.405436 -1.38827 -0.0686851 0.00411488 0.139329 -0.645793 -1.38298 0.843321 -0.341003 1.06629 1.07323 -0.129017 1.68363 2.21548 2.9381 -0.360999 -1.27134 -1.01254 0.0938618 -1.08307 -1.60197 -1.79958 -2.38856 -2.55128 
0.176529 -1.35101 -3.0086 -2.13985 0.93559 1.11713 -0.959561 0.102702 -2.45685 -1.28781 0.915606 0.288455 1.0495 0.25534 2.03471 2.18346 1.16704 -0.339031 -0.954958 -0.522914 -0.330062 -0.100463 -0.790322 -1.91931 -2.75554 -2.13615 0.50282 1.89136 2.6278 3.41046 -0.924389 -1.72981 0.657581 -0.458449 3.24176 -1.40931 -2.57531 -2.31773 -2.37889 
0.4329 0.456097 -0.42431 -1.01729 0.584822 0.134925 -2.02351 -0.12606 -1.73111 -2.44117 -0.398728 -1.98339 -1.1049 0.57699 2.50716 3.03324 2.02219 -0.993074 -1.72569 0.79691 -1.10424 1.85878 -0.565986 -2.91632 -1.25144 -1.30566 0.228598 -1.46871 -0.996034 0.982782 -0.853721 -0.123303 2.89694 -0.866267 0.514166 1.94503 2.03459 4.46662 1.83701 
0.753519 1.15615 0.0246388 -0.11766 -0.0574836 -0.608563 -0.162651 -1.00154 -0.598072 -1.8538 -2.00071 -0.962989 -0.256161 0.483937 0.565993 1.18743 2.14982 -1.19275 -1.07826 2.37403 -1.19633 0.413703 1.15471 0.115285 1.71108 -0.299138 -0.380705 -2.42956 -2.34151 -0.479848 0.348565 1.36722 0.183621 0.729344 -3.557 2.57413 5.20648 3.59134 -1.69791 
0.916838 1.02209 0.76312 1.13253 -0.60793 -0.943336 0.350515 -1.32239 -1.3174 -1.28646 -0.283442 -0.27231 -1.40404 0.196285 0.0776056 0.69173 1.54234 -0.644509 -0.358468 0.980532 -0.374898 -1.69822 2.00814 2.29016 2.3399 -3.00357 -0.36681 -0.530847 -0.829741 -3.07891 1.12112 0.606805 -1.75637 1.05923 -1.52857 0.598814 -1.04256 0.32341 -1.85815 
0.949804 1.23376 0.716369 1.42468 -0.701993 -0.967032 0.81788 -1.37644 -2.29629 0.154343 0.289454 1.37691 -3.25973 0.117127 0.0351463 0.35769 -0.929088 -0.0716357 -0.471456 0.617661 -0.137104 -1.11487 1.75352 -0.927274 2.03449 -2.15728 -0.0111582 -0.174003 -0.518287 -2.75271 0.71001 0.0534306 -0.686632 0.337111 2.5076 -0.95983 -2.9315 -2.84148 3.94277 
1.03396 1.05724 1.12081 0.203441 -0.679566 -1.41479 0.968176 -1.45949 -2.43227 0.467059 -1.21072 1.76218 -3.56132 0.185126 -0.096397 0.173443 -1.21037 0.065501 -0.305038 0.293899 -0.0377871 0.809378 1.04831 -0.64134 -0.501579 0.939205 0.047365 -0.0907415 -0.390351 1.44901 0.0053394 0.575591 -0.788538 0.305658 2.93732 -1.43521 2.04702 -3.76413 5.14538 
1.13493 1.13736 0.889812 0.214304 -0.636492 -1.27207 1.11178 -1.41422 -1.48692 1.20266 -0.351886 0.875328 -2.32053 0.164492 -0.0555952 -0.0326612 0.519923 -0.0662963 0.104135 -0.170878 0.168554 1.82245 0.318308 1.11975 -1.72964 2.9881 -0.0192336 -0.327687 0.155385 1.05505 -0.0692682 0.141077 -1.46995 0.515153 -0.0443495 -0.612166 0.491204 0.516333 0.253039 
1.19846 1.00164 1.08815 0.723364 -0.745862 -1.31066 0.797299 -1.29094 -0.609819 0.785366 -0.0909642 0.0325437 -0.573223 0.165893 -0.424084 0.328829 -0.155322 -0.00376718 -0.163961 -1.17605 0.477366 0.765028 0.436147 -0.150136 0.0147542 1.19224 0.230465 -0.744617 -0.468698 -1.67048 0.455546 0.109827 -3.02597 0.854804 -1.07655 -0.178947 -1.67619 1.66665 -3.28646 
1.30082 0.713276 1.21864 0.0589823 -0.640259 -1.43603 -0.0642748 -0.936858 -0.721888 1.6388 -0.502022 0.890082 -1.12828 0.394957 -0.800213 -0.501359 -1.15056 0.389249 0.213962 -3.19685 1.02336 0.745899 0.139361 -0.556441 -0.0629883 -0.298357 0.176659 -0.217921 -2.04703 -0.547251 0.225717 0.381171 -1.96358 0.202816 -0.339027 -2.31686 0.301213 -2.66361 -1.29721 
1.59341 0.201429 0.586789 -0.427193 -0.356613 -1.0967 -2.39955 -0.267584 0.136081 0.924727 -0.647406 -0.0304446 -0.87158 0.342552 -0.642005 -1.7182 -0.702573 0.22195 0.217211 -3.13964 0.680182 0.426001 -1.88072 0.151076 -2.64886 -0.104962 -0.368186 0.762721 0.263796 1.09731 -0.49648 -0.22739 3.45465 -0.506571 -0.916694 -0.161153 0.595714 -0.569515 0.877621 
1.64337 0.0712718 -0.499564 -0.64359 -0.418308 -1.21882 -3.20391 -0.256677 -0.295888 -0.241913 -0.350946 -1.75877 -1.23324 0.0267705 -0.0374916 -0.237563 -0.0532469 -0.107231 -0.0134284 0.257806 0.516786 -0.170795 -0.0217923 0.0392729 -0.632503 0.579264 -0.514933 0.90827 4.08885 1.06849 -0.537258 -0.0731524 5.92482 -0.513374 -0.343482 3.94501 -0.423229 4.37523 1.27652 
1.62018 0.163938 0.349226 -0.48044 -0.463844 -1.11012 -2.14174 0.249202 -0.0347141 0.902935 -0.608133 -0.662948 -0.292316 -0.172381 0.266266 2.37065 0.365918 -0.315308 0.144058 2.78518 0.166808 0.0825191 2.0643 -0.272152 1.72638 1.17155 -0.465877 0.823722 0.848736 0.911898 -0.463667 -0.0518737 3.27336 -1.80761 0.473348 0.507094 0.304906 1.68269 -0.607803 
1.47099 0.337538 1.87109 -0.277673 -0.733616 -1.07476 -0.418729 -0.0898683 -0.213368 1.82238 -0.623098 -0.0323978 -0.061689 -0.439106 0.78623 0.611173 0.858651 -0.570898 -0.0653021 3.53117 -1.29082 0.302553 0.485302 0.344178 1.05019 -0.0285389 -0.123004 0.230097 -3.22387 -0.105744 0.0465451 -0.335045 -0.90726 -1.46259 -0.0176432 -3.06472 0.150394 -1.29899 -2.30731 
1.18108 0.950168 0.960399 0.378211 -1.03474 -1.17543 1.38943 -1.04162 0.267839 1.38824 -0.263954 0.38724 -0.320855 -0.295385 0.496363 -0.853225 0.260174 -0.268763 -0.190987 1.87792 -1.29578 0.064876 -1.00042 -0.121758 0.427384 -1.13575 0.471587 -1.00464 -0.475702 -0.704462 0.562315 0.217086 -3.3366 0.985588 -0.961441 -0.890116 -0.430851 -0.84315 -0.642448 
1.17561 0.833901 1.01786 -0.017499 -1.00238 -1.26575 1.45919 -1.38565 -0.148492 0.821961 -0.744856 0.394986 -1.19744 0.0324803 -0.218409 0.135471 0.154189 -0.00858344 0.151784 0.194575 -0.305233 -0.658888 -0.404814 -0.0866728 0.207037 -0.670987 0.273436 -0.490836 1.07064 0.998866 0.0664162 0.578923 -1.59087 1.26128 0.551802 0.712747 0.437913 -0.638533 2.32361 
1.21356 0.731759 1.09587 0.532401 -1.04333 -1.02364 1.58401 -1.34685 -0.391049 0.983422 -0.350627 0.594276 -0.991841 -0.021949 0.0055266 0.217412 1.25904 -0.202346 0.387936 0.287055 -0.0344983 0.616678 -0.287676 0.316154 -0.211149 1.18786 -0.126201 0.306856 0.0198997 0.23886 -0.0542291 -0.476039 -0.0638941 0.524372 0.720898 -0.324969 -0.557686 -0.523509 1.03978 
1.15366 0.839427 1.23527 1.24154 -1.20473 -0.877811 1.74625 -1.42015 0.468186 0.534285 -0.428702 0.183837 -0.00958579 -0.0937209 0.0884472 0.155371 0.393049 -0.0628125 -0.324255 0.130681 0.219138 0.0620099 -0.729784 -0.644359 -0.316472 0.368798 -0.0626683 -0.10946 -0.0729498 -1.61528 0.247108 -0.792217 -1.07864 0.475965 -1.58529 -0.847682 0.175196 -0.110872 -1.36105 
1.11984 0.820206 1.25124 0.92545 -1.10614 -1.3479 1.71469 -1.12771 -0.329039 0.253639 -0.994986 0.277804 -0.623044 -0.0846173 -0.103934 0.144462 -0.35624 0.0447621 -0.404281 -0.791589 0.441467 -0.96861 -1.13536 0.49135 -0.322021 -0.173197 -0.0279056 0.0358504 -0.651028 0.731356 -0.115398 0.454219 -0.792437 -0.407034 1.46134 -0.334744 1.27374 -0.515451 -0.158959 
1.06904 0.735493 1.37973 0.885301 -1.15996 -1.28209 0.95466 -0.97868 -0.500424 -0.601074 0.0626487 -0.138184 -0.182783 -0.121626 0.124298 -0.495657 1.12441 -0.17821 0.129964 -0.661755 -0.187895 1.52335 -1.06453 0.629378 -0.831923 0.209839 0.0435313 0.175135 -0.64565 0.774929 -0.0510617 0.399725 1.12099 -0.804532 1.31306 1.60651 -1.35615 -0.333088 -0.431504 
0.998211 0.944504 0.755585 2.04986 -1.28435 -1.21793 1.05293 -1.31561 1.19432 -0.810889 -0.365608 -0.554119 -0.413205 -0.041086 0.0712014 -0.501188 0.418689 -0.00629959 -0.00455644 0.329403 -0.363065 0.344454 0.471149 -0.864803 -0.655109 -0.604701 0.0606613 -0.0895338 0.66707 -1.04607 0.201901 0.00329898 0.996543 0.244091 -2.66461 1.96298 -0.773446 1.00705 -0.297568 
1.02796 0.806695 0.878545 1.30399 -1.16626 -1.28665 1.28406 -1.34175 -0.15597 -0.129925 -0.802154 -0.793294 -0.787484 -0.0609651 0.0347638 0.171414 0.0783311 0.0236909 0.133263 0.334787 0.0561957 -1.14125 0.898457 -0.144069 0.175132 -0.0877284 -0.0881616 0.127863 0.253782 0.591993 -0.0552769 0.339068 -0.805349 0.599389 -0.255484 -0.775349 2.21014 0.369413 0.636226 
0.937246 0.979268 0.926998 2.12819 -1.26066 -1.08467 1.38772 -1.25941 0.0530628 0.0875688 -0.509677 -0.378988 -0.500933 -0.129248 0.199065 -0.247406 1.01068 -0.0615765 0.334512 -0.475945 0.236324 0.08897 -0.304199 1.34534 -0.285696 0.0315256 -0.000716723 -0.0919704 -0.720666 -0.0296108 -0.0295263 -0.158234 -0.961484 0.0538953 1.30673 -1.31225 0.921391 -0.764513 -0.142601 
0.898709 1.00576 0.631139 2.31467 -1.22784 -0.952137 0.808118 -1.10542 -0.0670001 -0.434124 0.543185 -1.07899 -0.755958 -0.0616818 -0.0572066 -0.549252 0.0487202 -0.00583537 -0.0249706 -0.626697 0.110091 0.165479 -0.41379 0.777323 -0.589382 -0.23033 0.148599 -0.323472 -0.188482 -1.72377 0.21604 -0.509612 0.35451 -0.257077 0.458559 1.29711 -0.217828 0.506296 -0.464699 
0.875564 0.922061 0.377746 2.17691 -1.26649 -1.10964 0.761022 -1.14932 0.218542 -0.326221 0.267646 -0.968369 -0.731263 0.0193515 -0.124407 -0.435888 -0.71309 0.154464 -0.1751 -0.121435 -0.0207528 0.547529 0.992907 1.12751 0.220599 -0.433173 0.0462613 0.08487 0.180373 -0.991979 -0.0329174 0.120746 0.312963 -0.0312057 0.223152 1.07487 -0.278902 0.372161 0.31218 
0.918061 0.881352 0.195251 1.60158 -1.07338 -1.12724 0.686683 -1.12617 0.480529 0.558783 1.6707 -0.858391 -1.18913 -0.0154205 0.0276634 -0.368879 -0.943259 -0.0387528 0.095775 -0.313734 0.0788853 0.388631 0.661078 0.498421 -0.21722 0.0818499 -0.155783 0.226365 0.145125 0.200096 -0.578422 0.21161 -0.64917 0.145237 -0.681657 -1.00858 -2.87113 -1.71861 0.38102 
0.860143 0.949724 0.00886692 1.23365 -1.30525 -1.01386 0.447288 -1.07044 0.607173 0.334857 0.766067 -1.18559 -0.649413 -0.136431 0.101957 -0.290763 -0.512994 -0.423958 0.0365102 -0.770606 0.124485 -0.134127 -0.0156775 -1.74362 -1.49801 -0.0521528 -0.0104951 0.0694993 0.329558 0.698709 0.00229966 0.219274 0.280297 0.470747 0.483761 -0.292249 -0.823044 -0.43918 1.17572 
0.781629 0.983309 -0.0955122 1.08859 -1.49733 -1.09073 -0.083923 -1.00169 0.346402 0.543106 -0.0729276 -2.35641 -1.24128 -0.0259156 0.0971628 -0.0393214 -0.24455 -0.0364531 0.315049 -0.0334372 0.549632 0.872393 0.368829 -0.324624 -0.6564 1.25757 0.144147 -0.0964 0.240527 -0.437591 0.589667 0.276722 1.29411 -0.0798594 0.968965 -0.625651 1.1761 1.92251 1.13502 
0.834228 1.04689 -0.0304545 0.989097 -1.3417 -0.698815 0.413851 -0.520805 1.47957 0.703685 0.441443 -1.84199 0.608161 0.00771543 0.00555714 -0.0502357 -0.950585 0.165709 0.313232 0.523504 0.0446251 0.834838 -0.641329 -0.567529 0.424493 1.08286 -0.0364313 -0.278316 0.526385 -0.66029 0.22322 -0.202677 0.0813693 -1.02985 -1.37642 -0.354231 0.453236 1.65326 -1.59915 
0.789345 0.988866 -0.145748 0.138002 -1.33162 -0.777494 0.439581 -0.957065 1.18124 -0.098223 -0.640456 -1.93191 -0.158419 -0.0623469 -0.181153 0.487064 -0.90484 0.186767 0.112373 0.0479321 -0.480213 -0.504029 0.0145978 0.128613 0.996856 -0.341578 -0.0596422 -0.222338 0.89186 1.17754 0.0901736 -0.206365 -0.559121 -0.00393449 -0.878212 1.6954 2.33769 0.86679 -0.347865 
0.771881 0.865734 0.456609 0.0842565 -1.15493 -0.586442 0.461783 -1.00102 0.975537 0.718283 0.570056 -0.845134 0.266583 -0.0519268 -0.216781 0.841625 0.22695 0.255882 0.106867 -0.035617 0.0406906 -0.0433739 1.05407 1.77016 1.29128 0.735 -0.0775896 0.091512 -0.175303 1.33791 -0.133034 -0.331026 -0.450275 0.676693 0.586912 -0.163987 -0.434439 -0.73797 0.957382 
0.737418 0.772085 0.695877 0.364952 -1.07574 -0.670627 0.403964 -0.916374 1.13787 0.955846 1.1297 -0.64063 0.576581 -0.139936 -0.0896414 0.311761 0.433069 0.053733 -0.218653 -0.402343 0.19648 0.0828826 -0.149389 -0.305827 0.258886 0.615804 -0.114406 0.295676 -1.96697 -0.485317 -0.395908 -0.334518 -0.84413 -0.508026 -1.39604 -1.80362 -2.96362 -2.15048 -0.805649 
0.631944 0.776092 0.76837 0.517326 -1.1012 -0.805095 0.0594395 -0.804537 1.05842 0.568894 0.264229 -0.586248 0.882387 -0.166333 0.0788944 -1.12535 -0.258366 -0.140026 -0.227651 -0.879747 -0.467336 -1.43941 -0.749547 -1.19347 -0.859198 -0.0706484 -0.00589698 0.574063 -1.14326 -0.523069 -0.0615959 0.290867 0.602521 -0.162402 0.0494429 1.20215 0.330659 0.165923 -0.270179 
0.571085 0.85098 -0.429469 0.106586 -1.21577 -0.898278 -0.475783 -1.38371 -0.301543 0.206299 -0.0637644 -1.49983 0.505933 -0.145833 0.484422 -0.831503 -0.0900002 -0.00786288 0.0722135 0.200178 0.0340784 0.132325 1.05276 0.0248325 0.424809 0.345625 0.0409984 0.29054 2.24558 1.18054 0.0879239 0.174159 2.42693 1.38733 2.69336 1.86381 1.99956 1.98731 -0.205888 
0.486111 1.26051 -0.0631331 0.427326 -1.10906 -0.732882 0.259617 -0.770459 1.19074 1.62165 0.289062 -0.161439 1.22801 -0.125334 0.369434 1.12024 0.922178 -0.0521018 -0.0534923 1.54718 0.919991 1.25395 1.11427 0.806091 1.12812 -0.276536 0.136285 -0.725197 1.50796 0.510758 -0.191286 0.0451579 -0.675738 0.384343 0.221861 -1.77112 0.191269 -2.27312 -1.73875 
0.445751 1.22041 0.690768 1.02876 -1.26787 -0.95177 1.0714 -0.463719 0.952409 1.32057 0.742327 -0.371711 0.229396 -0.00954854 -0.240775 0.676453 0.420758 -0.199149 0.117371 -0.47556 0.418421 0.354187 -0.718362 0.216102 -1.84831 -1.39313 0.0730338 -0.438178 -1.54019 -1.27609 0.240394 0.0734232 -2.43319 -1.1398 -0.492693 -1.33903 -3.52403 -3.09015 -0.0904478 
0.476562 1.01974 0.61332 0.848083 -1.30821 -0.61551 -0.215943 -0.352038 1.54493 0.903288 0.505164 -2.00975 -0.165113 -0.0523005 -0.0687434 -0.419951 -0.353911 0.188292 0.0199309 -0.88601 -0.219813 0.761259 -0.224762 -2.71794 -1.96203 -0.366984 -0.0902824 0.405101 -1.04155 -0.649139 0.605167 0.0112404 1.33224 -0.445953 -1.08045 -0.260421 -1.88239 2.7425 1.6781 
0.39345 1.15167 0.270817 0.674853 -1.07958 -0.931839 0.185388 -0.683532 1.71367 1.0958 -1.97561 -2.33374 -0.137588 -0.099831 0.164325 -0.365095 -0.228381 0.406019 0.128612 0.856682 -0.0275324 -0.72626 -0.978784 -1.66628 0.894185 0.284972 -0.0200303 0.0523706 1.06691 0.622565 0.264391 0.368064 2.00536 0.698593 -1.03905 -0.949583 2.38349 3.93737 0.878626 
0.376731 1.18406 0.248225 0.619702 -0.902191 -0.486898 0.640739 -0.37957 0.818671 -0.0754955 -1.16112 -1.11557 0.119859 -0.0723307 -0.0163728 0.646963 0.268654 0.452683 0.387995 1.11935 0.47878 -0.277789 -1.17434 -0.334455 1.97534 0.511642 -0.0205921 -0.202649 0.276477 -0.697733 0.0330991 0.142315 0.0790288 -0.00318166 -0.232458 1.16957 0.0467887 0.676775 0.520827 
0.32112 1.1353 0.917781 0.943507 -0.626896 -0.543845 1.30473 -0.204753 1.43588 -0.0785403 -2.31007 -0.358404 0.374054 -0.120423 -0.0383242 -0.0886171 -0.926114 0.439118 0.270927 0.935711 -0.0307141 -0.958718 0.190788 -1.61949 1.57096 0.8058 -0.0459122 0.00981996 -1.14038 -1.37866 -0.334791 0.371457 -1.46205 -0.680882 -0.538884 0.611296 0.48138 -1.46796 -0.459589 
0.256308 1.14574 0.159608 -0.306412 -0.463073 -0.215972 1.57645 -0.410284 -0.140046 0.115292 -2.78061 0.455392 0.925659 -0.118243 -0.00655285 -0.493417 -1.11001 0.117892 0.759452 -0.342703 -0.202103 -0.816673 -0.563049 0.146924 0.507381 0.0520528 0.0672447 -0.0447231 -0.20304 1.14709 -0.457269 0.482737 -1.68975 -0.149441 2.85217 -0.557234 2.56951 -0.701275 0.325419 