-1.10232 -0.725556 -0.103605 -0.872437 0.905589 0.761847 -0.485925 1.00631 -0.0448286 -0.0241174 0.644525 0.455375 0.065411 -0.195673 -0.0961199 0.664892 -0.335039 -0.0673594 0.161169 -0.363503 -0.148997 -1.68491 -1.15289 -1.34987 0.721816 0.637742 -0.00571881 0.134081 2.61263 3.28125 0.344712 0.336014 -0.136495 0.397388 1.52774 -0.923344 -1.5997 -1.0801 0.499046 
-1.1801 -0.791757 0.651376 -0.235302 0.922904 0.929025 -1.09518 0.761527 -0.611272 -1.895 -0.982809 0.495264 0.37936 -0.0131552 -0.0443356 1.07771 1.74524 0.230546 0.119385 -0.394931 0.251249 0.1856 -0.477254 -0.554752 -0.495829 0.225223 0.243012 0.0437344 -1.19677 0.272551 0.0561027 -0.489912 0.71798 0.393052 2.47477 1.82922 1.37239 -2.62968 -2.26704 
-1.11547 -0.769892 0.974101 0.872801 1.13614 0.881232 -0.880856 1.25756 0.140771 -0.501371 0.0897728 -0.0404533 0.290634 0.0473385 -0.0523854 -0.53188 -0.0624882 -0.0112567 -0.328743 0.354477 0.244055 0.789859 0.676338 0.0225184 -1.90787 -1.6293 0.0492257 0.0827372 -1.91385 -3.24346 -0.24403 -0.288293 0.541992 -0.397711 0.608512 0.878046 0.872498 0.769998 -1.17966 
-1.13276 -0.844143 0.119496 -0.29779 0.911647 0.600281 -0.740706 1.00558 0.178587 -1.21867 -0.96029 -1.4126 -1.24994 0.0360705 0.0384016 -0.836141 -1.49822 -0.0134834 -0.168908 0.147061 -0.146463 0.794111 0.400792 0.317746 0.27417 -0.95444 0.1229 0.25546 0.656908 -0.0667587 -0.0220148 0.391451 -0.788154 -0.669923 -0.00953839 1.02707 1.63238 3.66437 3.79898 
-1.0794 -0.73149 0.13796 -0.625423 1.12265 0.712324 -0.733796 1.1111 0.934882 -0.100579 0.407519 0.233716 -0.663805 0.170238 0.203075 0.125028 -0.129247 -0.0332715 0.0627076 -0.433677 -0.425868 0.780321 1.70341 1.6549 1.7565 2.16968 0.0708332 -0.16035 -0.840086 1.10783 -0.111482 0.415421 0.0656925 0.0308302 -1.38458 -0.68103 0.259409 -0.227898 1.91264 
-0.962526 -0.641068 0.244524 -0.427037 0.878376 0.662989 -1.17438 0.579714 0.958908 0.484743 0.694611 0.3439 0.919738 0.106904 -0.121948 -1.67623 -0.390396 -0.124965 0.246513 0.212753 -0.115633 -0.590466 -0.280238 0.577155 0.0462718 0.958195 -0.043038 -0.518978 -1.0131 -0.232748 -0.0945604 -0.22995 0.552674 0.66092 -2.41864 -3.12387 -1.95745 -1.83794 -3.61165 
-0.972498 -0.853438 -1.53827 -1.01582 0.997687 0.958836 -0.521042 0.995468 0.344416 -0.380817 0.984674 0.279988 0.29439 0.1272 -0.315903 -0.888075 -0.361995 -0.127832 -0.167242 0.118996 0.235052 -1.63832 -1.42047 -0.302544 -0.0814318 -1.44197 0.176705 -0.0954646 2.71264 0.841481 -0.121415 -0.156358 -0.888946 -0.169924 0.956143 0.728548 -1.08824 0.1544 -1.6278 
-0.835326 -0.956971 -0.643551 -0.789032 0.750544 0.495747 -1.05539 0.814766 -0.679415 -0.935722 0.392068 0.262468 -0.522234 0.283608 -0.217413 1.03641 0.451085 -0.24638 0.0901545 -0.676193 -0.285556 0.365677 0.44831 -0.511081 0.200672 -0.669606 -0.0277729 0.0559891 1.60586 0.362734 0.245138 0.758289 -0.00106958 -0.0248508 2.34545 2.78236 0.734178 1.27043 1.60778 
-0.68889 -1.07085 -0.501856 -0.564735 0.751307 1.04899 -1.19724 0.709911 0.710093 0.0674938 0.473593 0.48066 -0.375216 0.0994272 -0.259914 0.717784 0.00073897 0.117307 0.591046 0.117927 0.210201 0.707125 1.3619 0.431634 1.189 0.165804 -0.355449 -0.0299262 -0.840956 -0.169975 0.494162 0.0684348 0.9586 0.53149 0.652031 0.0634438 0.636375 -0.789144 0.735241 
-0.735899 -1.21689 0.0742324 -0.788293 0.86785 1.08679 -0.93746 1.02497 0.02771 0.426177 0.823702 1.45147 -0.35643 -0.0718406 -0.247339 0.195456 0.28111 0.247782 0.158589 0.282407 0.245934 1.01771 0.511754 0.125293 -0.588472 0.0656355 -0.0339844 0.144669 -1.28289 -0.0595907 -0.00934643 -0.825062 -0.209909 -0.331248 -0.392631 -1.34192 -1.86352 -3.7083 -1.15105 
-0.76073 -1.31819 -0.3064 -0.283624 0.99909 1.20758 -0.914829 0.955845 1.7278 0.579248 0.598886 -0.107812 -0.30958 0.0654429 -0.115245 -0.565105 -0.0588517 0.10796 -0.234016 -0.0919824 -0.121047 0.314495 0.019978 -1.43189 -2.5193 -0.985246 0.26063 0.0100907 0.468839 0.6713 -0.166958 -0.0489426 -0.348595 -0.281758 -2.60296 0.532218 -0.271287 0.281646 -2.37023 
-0.670456 -1.33213 -0.490872 -0.847144 0.97581 0.852777 -1.02944 0.90392 0.342205 0.446155 -0.608186 -1.06783 -1.34168 0.18879 -0.237248 0.664295 0.95241 0.0808239 0.109647 -0.0661887 -0.0358242 -1.58525 1.04397 -0.145993 -0.306826 -2.30459 0.185011 -0.234172 0.57463 0.627287 -0.221248 0.448052 -0.216099 0.0644976 -1.42054 2.19111 4.77319 4.5054 1.04321 
-0.571941 -1.55544 0.357895 0.668786 1.07991 1.31723 -0.981018 0.920021 0.142553 1.62322 0.452892 -0.414637 -2.61417 0.250453 -0.349417 0.00952501 0.568435 -0.113287 0.214036 -0.308082 -0.0565493 -1.10605 2.21109 3.3413 1.9861 0.0579605 0.107736 0.175965 -2.43408 -1.90976 -0.26909 -0.11587 0.518453 -0.0617832 0.847898 -3.23348 0.685307 2.35284 4.02343 
-0.420003 -1.68155 -0.481347 -0.27871 0.862523 1.06681 -1.33752 0.847371 -0.763844 2.65724 2.73311 0.91827 -1.28372 0.296526 -0.0612833 -1.76979 -0.957354 -0.188267 -0.00622334 0.452264 -0.0976074 -0.73735 -2.1895 0.539314 2.04602 1.71884 -0.0842113 0.18507 -0.768453 -0.0542731 -0.00480011 -0.724115 0.737744 -0.372455 -0.399972 -5.63241 -5.29747 -1.92938 -0.0239301 
-0.275415 -1.61672 -1.41189 -0.288568 0.891647 1.311 -0.528753 0.822414 -0.594796 -0.566283 0.992206 1.63138 -0.895335 0.166242 -0.164348 -0.758928 0.514162 -0.118088 -0.510079 0.429662 -0.429004 -1.50602 -3.42132 -1.95617 0.0567202 0.0340304 -0.00554265 -0.123832 -0.986892 1.64312 0.0629535 -1.67665 -1.18472 -0.765668 -1.22989 2.45538 -0.841023 -5.17471 -2.35146 
-0.253761 -1.8459 -1.24028 0.235452 0.744435 0.556734 -0.907862 0.418366 -2.26987 -0.764084 0.776938 0.97499 -1.24968 0.290983 -0.185115 -2.75668 0.685765 -0.125313 -1.68287 -0.732455 -0.863275 -1.96724 0.265877 -0.301709 -3.12869 -0.632629 -0.0372007 0.669576 0.236941 -1.02179 0.36841 0.292192 -0.0751833 0.577467 2.3477 5.12626 2.83555 1.12234 1.39935 
0.0155683 -1.80184 -4.16857 0.397197 0.766334 -0.371871 -1.26121 -0.0408616 -2.56203 -0.300406 0.690497 -1.49731 -1.52796 0.129041 0.505228 -0.521987 -0.507633 0.250322 -0.217887 0.354479 0.148462 0.841683 1.70494 0.879378 1.17906 1.43338 -0.345162 1.07533 5.8951 -1.62345 -0.0496308 2.71922 1.15581 1.35251 3.34867 1.03243 1.93048 8.08659 2.6976 
-0.124719 -1.34067 -1.76226 -0.272181 0.994758 0.338847 -0.553383 0.566828 -1.42818 0.940855 1.65632 2.15405 0.183694 -0.0541791 0.890211 3.13842 -0.937684 -0.174944 1.03634 0.423358 0.489231 1.38143 1.2983 1.62877 4.9579 2.06497 -0.232822 -0.604854 -0.0196848 -0.342664 -0.482445 0.857264 -0.621272 -0.128478 -0.312597 -2.14533 0.176934 -1.44484 -0.259854 
-0.0386108 -0.911625 -1.03015 -0.540487 0.59139 0.664473 -0.837851 0.44837 -1.1806 0.997898 2.31927 3.46059 0.53701 -0.10378 -0.099626 -0.541672 -0.850297 -0.232123 0.639376 -0.266793 0.0199843 0.529086 -0.440391 1.05631 -0.265783 1.17352 -0.0351214 -0.601968 -2.85472 -0.281683 0.402406 -0.782201 -1.11949 -0.445271 0.0345567 -1.67348 -1.73932 -7.47263 -2.29373 
-0.228499 -1.44029 -2.30393 -1.12248 0.762634 0.978223 -0.820175 0.586813 -0.899097 0.500465 2.71263 1.88826 1.35722 -0.0893005 0.288244 0.283694 -1.21937 0.227462 0.254143 -0.696133 0.0439603 1.41599 -0.375172 -0.110546 -2.51474 -0.228753 0.617271 2.43317 5.94317 0.52855 0.0017628 -0.91883 -1.26562 -0.850429 -0.181269 -2.27669 -4.09383 -0.949563 -3.93017 
-0.127911 -0.623382 -0.746457 -1.75985 0.818852 0.918616 -1.53398 0.49233 0.235385 0.622726 2.20873 0.945852 0.308257 0.513491 2.33354 5.4015 -0.321747 -0.23036 -0.279453 -1.53241 -0.830445 0.347817 -2.71708 -3.03752 -1.21535 -2.75665 0.826812 1.82396 3.15204 0.889483 -0.99732 -1.29863 1.24496 -0.820805 -2.53064 -2.08498 -3.30879 2.06536 1.20884 
0.284991 0.893251 3.09757 -1.44423 0.532274 0.69877 -2.35259 -0.243632 -0.55128 -2.21661 -0.324891 0.672918 -1.39943 0.737511 2.11221 3.43574 -0.329884 -0.769857 -1.04449 0.548828 -0.776845 -1.11466 -2.46016 -3.41933 -0.449375 0.980088 0.0736564 -1.94094 -8.04241 1.96074 -0.884434 -1.61417 4.3353 -0.136359 -1.89486 4.63044 0.650544 -0.78472 4.72178 
0.6096 1.48883 2.68928 -2.08974 0.0489951 -0.125871 -0.985155 -0.284515 -0.879271 -1.83743 -1.21061 0.496477 1.28834 0.587147 0.392607 -2.64091 1.63899 -1.11479 -1.89362 2.80288 -0.966804 -1.54704 1.91337 -2.38698 -2.00007 1.96514 -0.371865 -2.34635 -6.04366 3.85935 0.02227 -0.403547 1.07275 -0.0502055 0.267616 4.35462 3.63352 -0.389321 -2.07492 
0.872138 1.28586 0.45666 0.194768 -0.58252 -1.19485 0.450297 -1.21044 -2.09832 -0.303246 -2.71187 -1.32715 0.565708 0.365647 -0.234139 -2.60793 3.52946 -0.747587 -1.44803 1.62158 -0.827051 -0.84704 1.89446 0.21419 -0.838695 -1.09483 -0.458275 -0.235057 2.01837 -0.298387 0.881172 1.8888 -2.33342 0.869071 1.7539 -0.897575 4.86834 3.1022 -2.11915 
0.975247 1.25469 0.0813539 1.43972 -0.698592 -1.57391 0.636427 -1.11157 -1.72631 0.0570316 -0.996416 -0.342218 0.193511 0.128872 0.15755 -0.622539 1.34061 -0.233623 -0.00481798 0.469462 -0.0977332 0.206863 1.01579 2.48137 1.10214 -0.154015 -0.30121 0.322302 2.64076 -2.92453 0.427905 1.88542 -1.44099 0.640279 0.553401 -1.28842 0.53785 0.895575 1.52975 
1.00101 1.44341 -0.165879 1.53537 -0.816143 -1.19967 0.919759 -1.30817 -1.89146 0.712546 -0.230499 -0.22501 0.411693 0.064437 0.0881622 0.0328311 0.604928 -0.319683 0.437384 0.180595 -0.186772 -0.293639 0.606037 0.75204 0.0568799 0.434918 0.0187046 -0.456854 1.46026 -1.3229 0.127524 -0.179175 -0.274103 0.0214216 0.692412 -0.979339 -2.9231 -0.663666 1.17749 
1.03968 1.34285 0.114185 2.04465 -1.01828 -1.13652 0.817022 -1.29834 -2.01995 0.663069 -0.244375 -0.285338 0.628429 0.147577 -0.299304 0.837723 0.0177097 -0.106098 -0.183993 0.195359 -0.0763116 0.899275 0.0364526 -0.44173 0.438473 1.02347 0.122637 -0.393506 -0.330018 -1.21188 0.39335 -0.737176 -0.162531 -0.112798 1.32983 -0.694208 -1.23482 0.992075 -0.176413 
1.14859 1.1441 0.671844 1.55308 -0.922241 -1.38366 1.11512 -1.38448 -0.992182 0.748999 -0.672229 0.213464 1.43516 0.187074 -0.305344 -0.297187 -0.606956 0.0736676 -0.299792 0.0180643 -0.29957 1.03619 -0.0881714 -0.482778 1.04895 0.258505 -0.010681 0.0476276 -1.56167 -0.640315 0.0615412 0.140819 -0.620969 -0.302691 -1.4692 -0.670315 0.0369651 0.418309 -0.973439 
1.22676 1.03751 -0.183002 1.4377 -0.944608 -1.43631 0.835086 -1.59791 -0.983763 0.574897 -0.727153 0.763616 0.886934 0.136896 -0.251677 -0.723951 -0.622605 -0.0445573 -0.043174 -0.425609 -0.379003 -0.569929 -0.633863 -0.404765 0.856783 0.0500317 -0.16228 0.316852 0.199668 0.83882 -0.216772 0.384318 0.356453 0.51908 -1.13559 0.0147924 1.37584 -0.174311 1.3015 
1.28548 0.892428 -0.0521073 0.930479 -0.966799 -1.42684 0.689509 -1.76348 -1.56211 0.115136 -1.07699 1.07025 1.4852 0.0247942 0.0115078 -0.0975187 0.231863 -0.143104 0.0845261 0.374517 0.21951 -0.0994035 -0.073379 0.893058 0.874644 1.56 -0.170354 0.414467 0.67902 0.97397 -0.116603 0.166681 1.1211 0.801447 1.33814 1.46871 1.23163 -0.919634 0.428116 
1.25155 1.04901 -0.28052 1.66956 -1.08771 -1.35179 1.2096 -1.3784 -1.08317 0.501518 0.165905 1.63826 2.44694 -0.0334586 0.162791 -0.0449312 0.351365 -0.16116 0.123507 0.695488 0.422444 0.768209 0.834852 0.826866 -0.0628509 0.478148 -0.0126573 -0.0326846 -0.0611005 -0.10169 0.0629416 0.115245 -0.333592 -0.0382273 0.705923 0.368142 -0.680432 -1.21639 -2.46398 
1.25202 1.05522 -0.0970385 1.28184 -1.12796 -1.30333 1.385 -1.34104 -0.793902 0.949988 -0.250128 1.0074 1.96334 0.0121369 -0.0211768 -0.158619 0.130174 -0.0801627 0.199771 0.0409258 0.181283 0.606519 0.294763 0.212625 -0.341749 -0.903973 0.0502819 -0.427184 -0.0917049 -0.664944 0.145598 -0.531461 -1.08626 -0.518049 -0.499958 -0.852364 -1.19179 -0.268151 -1.88857 
1.26369 1.02784 -0.439139 1.79973 -1.16787 -1.15202 1.25053 -1.19711 -0.476647 0.796281 0.37853 1.29651 1.54296 0.0168233 -0.264393 -0.136636 -0.31358 -0.0155626 -0.407954 -0.390771 -0.0956046 0.268251 -0.0175124 -0.364923 -0.331002 -1.41042 -0.0541656 0.11305 0.255403 -0.200632 0.0555073 -0.400312 -0.38542 -0.349164 0.178433 0.126479 -0.261202 -0.0411015 0.250448 
1.26885 0.790825 -0.233675 0.968264 -1.14352 -1.71128 0.994227 -1.43664 -0.525652 0.932475 -0.61505 0.676393 0.552924 -0.0420287 0.0918733 0.0967837 -0.0704581 -0.0246555 -0.20054 -0.344494 -0.167881 0.784952 0.421242 -0.0485769 -0.382851 -0.653525 -0.00848398 0.420662 0.68889 0.643309 -0.0108809 0.617305 0.339298 0.439471 0.190713 0.669992 1.96474 0.162441 1.34033 
1.22166 1.11971 -0.342356 1.72927 -1.19253 -1.35256 0.906035 -1.365 0.308306 1.21752 0.329953 0.91366 0.88944 0.00833936 0.156269 0.552254 0.329729 -0.0264434 0.209352 -0.0514732 0.343867 0.458964 0.652479 1.59982 -0.168561 -0.0700861 0.0915275 -0.455136 -0.132769 -1.05126 -0.124163 -0.167573 -0.0219445 -0.213805 -2.19655 -0.552785 -0.816025 -1.47745 -0.616809 
1.27719 0.947094 0.318579 1.29799 -1.16997 -1.50193 0.942753 -1.09278 -0.0666878 1.58495 0.984768 0.507832 0.482838 0.0494988 -0.363262 -0.0359854 -1.12172 -0.148818 -0.368113 -0.366438 -0.381686 -1.4116 -0.131543 -0.864602 -1.8603 -1.27033 -0.0168653 -0.0154697 -1.16147 0.447124 -0.2598 0.156543 0.134134 -0.72357 -0.269306 -0.298099 -1.07657 -1.19803 -0.641895 
1.27116 0.756448 -0.378341 0.607557 -1.34135 -1.72067 0.539597 -1.74668 -1.10329 1.08598 -0.534649 -0.946643 -0.380893 -0.00852591 0.140799 -0.60922 0.776853 -0.286243 0.365895 0.0826606 -0.379703 0.189658 0.35438 0.523253 -1.36659 -0.711981 -0.08178 0.600974 -0.696237 2.0917 -0.0838366 0.462664 0.273955 0.57226 2.22063 -0.246299 1.00977 1.40421 1.1112 
1.26866 1.08789 -0.290641 2.07485 -1.45621 -1.13604 1.02541 -1.47248 0.12297 1.93934 1.50802 -0.858754 -0.229143 -0.0322812 0.237712 -0.732222 0.969981 -0.232655 0.0945513 -0.0924838 0.190574 0.809034 -0.377842 0.145172 -0.456089 -0.159138 0.0711574 -0.361501 1.62947 -1.92195 0.443296 -0.790277 -0.0836663 0.787334 0.218132 -0.74153 -1.8477 2.39558 1.11597 
1.23888 0.99416 -1.11056 1.57754 -1.574 -1.62612 0.447113 -1.55611 -0.294259 0.708138 -0.389477 -1.40273 -0.540031 0.0626315 -0.220702 1.02025 -1.1451 0.157052 -0.424382 -0.00100566 0.407631 0.40779 -0.38715 -1.32444 1.029 0.403986 0.11808 -0.296262 1.46124 -1.46422 0.354588 0.198132 0.768622 0.103175 -0.283998 0.93704 0.397437 2.1434 1.46623 
1.33129 0.86719 0.729607 0.929744 -1.29916 -1.56042 1.02441 -1.06485 0.53076 1.55219 0.183578 0.170241 0.174842 0.0857987 -0.0585505 0.72902 -0.49424 0.121933 0.292683 0.676138 0.293749 0.525036 0.559198 0.54261 1.68731 1.3071 -0.0446216 0.227041 -2.11306 1.00986 -0.244126 0.518336 0.312774 -0.386891 -0.809011 -0.502831 1.61218 -0.695104 0.0963517 
1.32468 0.935609 -0.381543 1.0833 -1.45207 -1.33343 1.12325 -1.26236 0.230777 1.26734 0.153133 0.284573 0.767065 0.0180099 0.00633854 -1.09282 -0.135243 -0.0870734 0.0939535 0.311769 0.0207403 -0.401221 -0.889981 0.287738 0.333891 0.500337 -0.0830393 -0.0589301 0.159381 0.0827545 -0.0648034 -0.180934 -0.443363 0.127474 0.289518 -0.705265 -0.371239 -1.79234 -1.41109 
1.3493 0.873529 -0.363209 0.794501 -1.38623 -1.46647 1.33618 -1.04411 0.129538 0.662205 0.471316 0.504132 0.675179 0.0027594 -0.117481 0.888401 -0.411485 0.0571293 0.111749 0.232775 0.421223 0.814554 -0.146067 0.171371 -0.105036 -0.103989 -0.116548 -0.130371 0.88424 -0.108518 -0.0726445 0.321221 -0.267654 0.370105 1.23752 0.957342 -0.0670591 -0.592537 0.0296414 
1.32744 0.818129 0.506858 0.671813 -1.39494 -1.22169 1.35603 -0.841135 1.04533 1.12127 0.324503 0.179537 0.663077 -0.0985383 -0.124033 -0.208576 -0.243761 -0.159718 0.415174 0.0441151 0.390846 0.8363 0.0673607 0.220679 -0.258646 0.529979 -0.112925 0.0758769 -1.78934 0.675616 -0.113691 0.0290411 -0.190789 -0.471944 -1.48864 0.0740144 -0.567232 0.521285 1.10392 
1.25076 0.749496 -0.571785 0.550739 -1.54595 -1.05129 1.38029 -0.653264 0.965839 0.729565 0.691995 0.245486 1.20516 -0.110166 -0.0416037 -0.900941 0.264131 -0.0565616 0.14079 0.0419862 -0.0507204 -0.674089 -0.0720525 -0.395861 0.416248 0.999935 -0.0839732 0.205533 -0.225974 0.991865 0.305337 -0.5073 -0.74322 -0.568377 -1.61564 -0.0152353 -1.73029 -0.753928 -0.615885 
1.21727 0.776525 -0.394083 0.935945 -1.4515 -1.0809 1.39801 -0.891855 0.371243 1.04922 -0.071358 0.595785 1.66301 -0.182512 0.0815 -0.43455 0.748103 0.145619 -0.0921261 -0.699105 -0.177531 -0.779345 0.0521255 -1.50961 -1.01257 -0.0859068 -0.0359776 0.0970005 0.95518 -0.511265 0.0347592 -0.059697 -0.165909 0.0451215 -0.11451 -0.670776 0.210614 -1.54308 -1.9381 
1.06825 0.830996 -1.00634 1.29884 -1.40033 -1.14342 0.681188 -0.830795 0.186494 0.781691 -0.817618 -0.767089 1.11925 -0.146144 0.0553968 0.0542387 -0.247134 -0.0218024 0.0810933 -0.123923 -0.00559891 -0.788599 -0.742829 -0.185247 -1.12683 -0.938161 0.185293 -0.121918 0.798161 -2.6181 -0.120939 0.267244 1.46569 -0.162378 0.403602 -0.227292 1.18473 1.50501 0.312584 
1.07113 0.831922 -0.339844 0.68881 -1.47331 -0.999802 1.27409 -0.897454 -0.417356 0.306388 -0.256605 -0.531048 0.724851 0.00278171 -0.040418 0.36361 -1.87 0.0246798 0.175118 0.766585 -0.339909 -0.375742 -0.175166 -0.324879 0.492437 0.226678 0.19352 -0.136492 -0.0873416 -1.0048 0.152637 -0.199821 0.212647 -0.214627 0.628408 0.314137 -0.54225 1.70448 0.416187 
1.07103 0.790578 -0.642725 -0.571155 -1.37565 -0.9683 1.44777 -1.1707 -0.189248 0.606525 -1.1425 -0.274652 1.34593 0.0473764 -0.0810952 -0.0331029 -1.25193 0.130834 -0.118727 0.0887245 -0.220226 -0.16019 -0.428692 -0.727497 0.577642 -0.521973 0.0395993 0.0976199 -0.108199 1.82334 0.0835118 -0.395153 -0.852696 0.545973 0.685196 -0.606659 -0.101802 0.124807 -0.479413 
1.1185 0.750827 -0.372947 -0.563119 -1.34247 -1.11853 1.36281 -1.11768 -0.577546 -0.122305 -0.984102 0.0465942 0.202878 0.0423811 0.057202 0.255411 -0.0466602 0.108192 -0.220035 -0.086111 0.206064 0.309454 -0.781825 -0.426681 0.617243 -0.252735 -0.0787456 0.465071 0.116933 2.09616 -0.117676 0.30529 0.323155 0.759247 1.58628 0.20233 1.02147 -0.377559 1.47011 
1.11342 0.84778 -0.387314 -0.617815 -1.26746 -1.18834 1.36166 -0.96464 0.120206 -0.1753 -1.56918 0.342591 1.09319 -0.0313692 0.383976 0.0838305 0.844228 0.0131587 0.186563 0.411879 0.539021 1.42609 -0.226362 0.293973 0.200083 0.948141 -0.0908867 0.270917 -0.545758 0.533571 -0.0653218 0.532731 0.422409 0.0252902 0.295269 0.817571 0.74552 -0.882031 -0.206764 
1.08713 1.1348 -0.289117 0.281109 -1.32931 -0.931966 1.77469 -0.578659 0.848541 -0.348667 -0.690128 0.246677 1.15102 -0.0485057 0.328119 -0.290347 0.486911 0.0428698 0.312697 0.336298 0.231354 0.604723 0.0357464 0.318839 -0.264787 -0.459499 -0.0781859 -0.226064 -0.353807 -0.216265 -0.00089752 0.00951153 -0.94518 -0.761458 -1.04758 0.404687 -0.560145 -0.857956 -1.99572 
1.06491 1.1759 -0.677661 -0.130904 -1.22459 -0.875639 1.69796 -0.733286 0.724929 -0.139554 -1.25034 0.0778034 0.633695 -0.109555 0.157912 -0.269976 0.627963 0.0122612 0.196074 -0.5333 -0.222437 0.378505 0.178324 -0.266171 -0.657873 -1.04758 -0.0198612 -0.488191 0.690844 -0.00895514 0.0386405 -0.299528 -0.734041 -0.487328 -1.34974 -0.0583209 -0.427909 0.00433704 -0.117388 
0.977578 1.29272 -0.559093 0.909072 -1.31705 -0.735892 1.24139 -0.801096 1.22705 -0.170342 -0.9563 -0.411195 0.103438 -0.0683669 -0.160072 0.400497 0.477956 0.0815103 0.0131686 -0.397743 -0.255974 -0.745013 -0.0225744 -0.10907 -0.26045 -0.576887 0.0437138 -0.27996 0.450861 -0.817759 0.161816 0.37738 0.772023 0.0216055 -1.51382 -0.191036 0.671631 1.37428 0.955928 
0.996543 1.01583 -0.277164 0.347052 -1.14308 -0.86247 1.30022 -0.98926 -0.0200841 -0.162128 -1.35941 -0.182647 0.0568073 -0.0658413 -0.122048 0.180884 -0.189796 0.174078 0.573454 0.238722 -0.200832 -1.13532 -0.0127114 0.405459 0.71641 -0.0916531 -0.0398797 0.402656 -1.60067 -0.365577 0.211261 0.98367 0.25635 0.494043 1.32325 0.17423 0.81477 1.27753 1.14536 
0.911737 1.17067 -0.378209 0.719276 -1.14297 -0.162437 1.48012 -1.00193 0.0917303 -0.183054 -0.55084 0.305214 0.0117847 -0.108247 0.242584 -1.20018 0.112379 0.292772 0.996838 -0.141393 0.238069 0.578242 0.151655 0.7057 1.01708 0.568474 -0.238576 0.287714 0.195233 -0.654689 0.358947 -0.182611 -1.16026 0.50811 1.43043 -0.100676 -0.738881 0.388491 -0.0970146 
0.888296 1.25841 -1.47734 0.459431 -0.850305 0.134368 1.15882 -0.751192 0.558158 -0.0104731 -0.653708 0.83443 0.625282 -0.304417 0.165666 0.376117 -0.844485 0.533025 0.390843 -0.921542 0.307278 0.295113 -0.113388 -0.333422 1.1049 -0.188668 -0.310883 -0.0796304 3.39231 -3.04589 0.0931302 -0.22852 -1.2753 -0.16665 -1.64744 -2.66647 0.21694 -1.36287 -2.15548 
0.607319 1.33633 -0.00209166 -0.12521 -0.609949 0.228406 0.558573 -0.69465 0.386843 -0.296441 -0.884262 1.41012 -0.176883 -0.41913 0.162954 2.19213 -2.93351 0.385902 0.768318 -1.41669 0.0714187 -1.0692 -2.51481 0.922639 -0.345791 -1.58701 0.0840178 -0.406131 1.22029 0.522858 -0.108145 -0.376435 0.856646 0.248386 -1.03174 0.357481 0.145035 -2.64015 1.87369 
0.469167 1.42137 0.714788 -2.47408 -0.464403 0.902686 -0.257872 -0.679773 -0.511039 -2.52529 0.268931 0.488638 -0.961726 -0.2204 -0.240465 1.59641 -0.321628 0.42488 0.0144081 -0.0648962 0.555664 -0.736623 0.244093 -0.188387 -1.53525 1.68502 -0.179026 -0.95215 -1.1783 5.1947 -0.0698585 -1.0812 1.7906 0.996496 1.23059 3.26313 -2.40121 -0.762383 2.79888 
0.386919 1.09587 1.59432 -0.446837 -0.185069 0.242814 0.493677 -0.138986 -0.34978 -0.0523483 -1.07265 -0.125138 1.50814 -0.598156 -0.789197 1.01383 2.26119 0.316044 -0.312883 0.373901 1.06791 0.161392 0.748318 -1.47857 -1.10817 1.21188 -0.644813 -0.883124 -2.21696 0.979815 0.321072 1.28585 -0.606667 0.026118 0.606938 -2.34553 0.81999 -0.350775 -4.78411 
-0.128989 0.632169 1.72861 -0.212887 -0.14836 0.589803 0.116029 0.388142 -0.349647 -1.77697 -1.20963 -0.619536 0.25015 -0.865213 -1.12359 -0.620548 0.658188 0.745952 1.30025 -0.671563 0.581782 -0.129684 -2.10143 0.631603 -1.88603 -3.09909 0.0572158 0.215329 -1.53814 -2.54001 0.679635 0.722252 -0.918074 -0.693796 -0.667251 -1.2574 1.39005 1.33412 -3.29987 
-0.478293 -0.0277217 0.973767 0.21135 0.560882 1.54307 -0.177886 0.442796 -0.479464 -2.15378 -0.441046 -2.01117 -1.59095 -0.54094 -0.573868 -0.524318 -0.278818 0.995679 0.409369 -0.544173 0.374119 -0.505859 -0.509084 -0.0885182 0.225946 -2.088 0.507758 0.971574 0.668403 -1.69866 -0.67487 -2.32996 -0.209655 -0.259683 0.436905 2.37307 -1.76799 1.86938 3.55822 
-0.669929 0.0583008 1.2043 -0.491705 0.847319 0.999172 -0.428144 0.762261 -0.855506 -2.28605 -1.29815 -0.393591 -1.83785 -0.357454 -0.152016 0.047855 -1.04047 0.0710819 -1.02971 -0.881219 0.322099 0.30722 0.271636 -1.13639 -0.0166496 0.45913 0.353141 0.31916 0.528977 -0.383693 -1.17466 -0.489559 0.491535 -0.684244 1.43644 1.3926 0.853846 0.499552 3.35657 
-0.835747 -0.179737 1.02162 -0.829119 0.631964 0.513359 -1.0591 0.764895 -0.172244 -1.88214 -1.57744 -2.02782 -1.13182 -0.187799 -0.254708 0.00465906 -0.662511 -0.178978 -0.0801898 -0.052638 -0.310125 0.930576 0.883517 0.765328 0.725498 1.26857 0.116205 -0.251883 -0.13664 1.23934 0.127565 1.39482 1.95188 -0.284911 0.526643 1.19861 3.77739 0.518131 -1.51843 
-0.857728 -0.196407 1.20896 -1.15422 0.668341 0.918983 -0.480782 0.452136 0.0750698 -1.40254 -0.532825 0.331907 -0.569273 -0.241249 -0.403898 -0.0887846 0.198867 0.198647 0.365109 1.07067 0.037188 0.833863 1.47024 2.641 0.501481 -1.0593 -0.014464 -0.253211 -0.149502 1.956 0.480513 0.0570735 -0.559043 0.478033 -0.824268 -0.935086 -1.04528 -2.8757 -2.38977 
-1.077 -0.583635 0.932838 -0.630252 0.830612 0.878468 0.0115612 0.802083 0.66162 -0.411902 1.06356 -1.52633 -2.19112 -0.202263 -0.507919 -0.144843 1.29349 0.301536 -0.0231164 -0.611681 0.167908 0.106308 -0.0515691 -0.279949 -2.1502 -1.1212 0.270468 0.483199 1.05117 1.22751 -0.0527278 -0.886764 -1.83469 -0.335126 -1.08297 -0.525361 -3.46369 0.473235 1.40893 
-1.05999 -0.704326 1.06411 0.139275 0.969877 0.895866 -1.09246 0.620044 0.181378 -1.45411 -0.812774 -1.8183 -1.69047 0.0292195 0.079301 0.962389 1.42638 0.14592 -0.521656 -0.764027 -0.297938 -0.24911 0.944881 -0.822696 0.974716 0.349631 0.238664 0.685688 0.185207 -1.29733 -0.311653 -0.231601 1.25884 0.430151 -0.0582785 1.37882 1.61837 3.63201 2.7096 
-1.04778 -0.504334 1.89523 0.796127 0.976531 0.356813 -0.752465 0.504145 0.41251 0.532979 0.240863 -0.551617 -1.84149 0.0364009 0.177769 0.0403647 -0.0038431 -0.010117 -0.254717 0.64716 0.59806 0.0480294 1.32725 1.33842 1.4818 1.5884 -0.0545316 -0.0698521 -2.23097 -2.52526 -0.257017 0.866471 0.711102 0.908639 0.00292507 -2.76207 -1.04729 -1.94137 1.42184 
-1.02359 -0.526557 1.10448 0.135432 0.95976 0.641149 -0.445303 1.2181 0.229407 -0.126858 0.525643 -0.336497 -0.102067 -0.0253121 0.00944884 -1.26858 -1.09888 -0.111097 0.344815 -0.0529241 0.610701 -0.246185 -1.81719 -1.86998 -0.966649 1.77147 -0.143244 -0.527491 -1.40162 -0.549352 0.0246205 0.616671 -0.305208 -0.260901 1.39354 -1.17166 -1.99157 -2.76655 -2.26037 
-1.07309 -0.494886 0.626646 -0.302754 0.865434 0.701628 -0.805389 1.11485 0.166325 -1.28421 -1.62912 -1.51827 -0.0700187 -0.106843 -0.349723 -1.36125 -0.553195 0.0145035 0.361954 0.341952 0.337159 1.44157 0.155583 -0.653157 -1.28475 -0.671963 -0.0399157 -0.402073 0.972174 1.14183 0.306064 0.180196 0.430248 -0.879049 0.90505 2.59259 4.30497 1.8319 -2.5099 
-1.13043 -0.87628 -0.256772 -0.417764 0.974264 1.0031 -0.103351 1.55526 1.67097 0.0287251 -0.127513 -1.62124 -0.77403 -0.0652278 -0.392624 -0.296407 0.0429464 0.194966 0.525012 0.377324 -0.268348 0.658866 0.775408 2.43498 0.865255 -0.738433 0.123147 0.451718 1.84165 0.137235 -0.286571 -0.756052 -1.30916 -1.23823 -2.31345 -1.05902 1.24849 2.03482 0.961622 
-1.13832 -0.88751 0.330239 -0.259807 1.0604 1.22664 -0.428065 0.846498 0.82519 -0.508799 0.80586 -0.653011 -0.808452 0.0163039 0.101996 0.480398 -0.415961 -0.272068 -0.394098 -0.967207 -0.90107 -0.871879 -0.903435 0.595329 0.750071 0.289659 0.110253 0.526896 -0.188784 -0.462995 -0.350923 -0.807041 -0.434583 0.488426 -0.155292 0.0494731 -2.04191 -1.04883 1.17688 
-1.11413 -0.774284 0.223626 -0.833724 0.702196 0.609005 -1.07056 0.654192 0.799095 -0.874709 0.467815 -0.871171 -0.484371 0.0450256 0.134272 -0.485191 -0.420048 -0.155957 -0.282029 -0.0572588 0.220078 0.503573 0.824881 0.393071 -0.183574 0.438446 0.00930057 -0.0596855 -1.29548 -0.667982 0.362518 0.159296 1.76192 1.17562 0.758127 1.18681 -0.716047 -0.443654 -1.3153 
-1.09329 -0.753238 -0.154952 -0.679856 0.904444 0.944611 -0.485324 1.06658 1.32876 0.316082 1.19893 -0.836585 -0.370005 0.0256045 0.04231 -0.815079 -1.08394 0.0904499 -0.234803 0.794716 0.274551 -0.113751 0.283377 -0.120718 0.306416 -1.02564 -0.0612989 -0.0936902 0.500838 -0.37194 0.0486629 -0.930549 -1.42882 -1.07244 -3.40077 -1.80749 -2.21374 -0.180485 -0.999259 
-1.08853 -0.731974 -0.591453 -1.91767 0.792646 0.374203 -0.275842 0.928743 0.685344 -0.591332 0.347097 -0.564755 -1.51001 -0.0162733 0.0405815 0.0156474 -0.791988 -0.107294 -1.21258 -1.48608 -0.852359 -2.8972 -0.982613 -1.82067 -0.364058 -0.560812 -0.00244688 -0.0213314 1.39408 1.95143 -0.132584 0.138692 -2.10128 -0.448573 -1.20265 -0.598274 0.42033 1.12317 2.6971 
-1.10956 -0.712656 -0.139305 -1.47184 0.79715 -0.267966 -1.9714 0.214218 -1.56843 -0.666531 -0.62174 -1.20064 -0.930818 0.0231576 0.0209787 0.578997 0.86749 -0.0421338 -0.0961103 -1.30656 -0.174022 -1.3164 -0.314897 0.299613 1.42959 1.67146 -0.000816973 -0.257276 0.200301 1.40645 0.0650565 2.23856 3.41509 2.21078 6.74114 2.15386 3.75092 1.80847 1.06348 
-1.06537 -0.710995 -0.0124565 -1.05018 0.750512 0.278092 -1.5824 0.754721 -0.631053 -0.906229 0.64671 0.864832 0.161453 -0.0170903 -0.216694 0.215948 0.61446 -0.0422372 1.02599 1.92901 1.35842 3.84394 1.17125 1.93025 1.44441 0.502663 -0.126343 -0.249187 -0.361219 -0.812337 0.0512686 0.911255 2.95993 0.892207 3.61657 1.46829 -0.93666 -4.24735 -3.01741 
-1.12665 -0.929351 0.0766433 -0.857385 0.754913 0.75802 -0.0423902 1.57264 2.27551 0.50472 1.30851 0.243769 -0.428154 -0.103186 -0.228208 0.217777 0.0551531 0.00913482 0.815145 1.65336 0.718184 2.30017 1.15339 -0.637048 -2.81776 -1.34595 -0.00621 0.277334 -0.0809639 -0.248735 0.00355613 -0.955446 -1.47899 -1.57692 -4.20718 -2.23544 -4.0472 -2.43997 -0.0315823 
-1.16855 -0.939204 0.205321 -0.995024 0.759647 1.09324 0.0709594 1.47291 1.66912 0.247164 0.00966208 -1.95293 -1.1845 -0.0233003 0.0606403 0.134984 0.365724 -0.0386811 0.0705405 0.450018 -0.218501 -0.363239 -1.06419 -2.11695 -0.995557 0.471081 0.0981016 0.261093 -1.04638 0.128871 0.0266809 -1.24131 -2.00483 -1.03506 -2.5612 -1.11084 1.83329 5.25726 2.58296 
-1.14995 -0.86871 0.211627 -0.491661 0.716232 0.828561 0.407628 1.35414 1.91227 -0.559471 -0.808439 -0.751788 0.0429264 -0.00508416 0.0328842 -0.828604 0.184024 0.0358157 -0.42617 -0.351462 -0.316874 -0.261036 0.0425569 1.19624 2.4395 1.23701 0.114241 0.222598 0.527471 -0.322651 0.176974 -0.221637 -1.31624 -0.422266 -0.183863 1.77264 2.2083 0.574627 -0.354714 
-1.17364 -0.90632 -0.623283 -0.811 0.795462 0.667067 -0.280503 1.15603 1.40808 0.289721 1.2059 0.486571 0.052509 0.0909408 0.283238 0.662455 0.0430733 0.138293 -0.151097 -0.866219 -0.640767 -0.547102 0.708452 0.0913519 -0.420931 0.116367 0.0436236 0.277566 1.98792 0.198616 0.110791 0.495272 0.00316901 -0.0310021 -0.416861 -0.258693 -1.98866 -2.92212 -0.964521 
-1.05901 -0.585472 0.874082 -0.448587 0.854524 0.677464 -0.458591 0.713369 1.36517 0.148981 -0.717087 -1.17272 0.159293 0.0385395 0.31045 1.15932 0.38264 0.146606 0.0691017 -0.348293 -0.347877 -0.677897 -0.216136 -0.792423 -0.482619 0.272486 -0.146557 -0.380776 -0.411157 -0.269358 -0.13791 0.0168028 0.58482 0.423163 -0.106773 -0.640818 1.29251 2.45107 -0.360495 
-1.1351 -0.595869 0.536034 -0.428359 0.942069 0.736168 -0.628796 0.808154 0.730183 0.0735849 0.41348 0.00395222 0.324995 -0.0556165 -0.0975381 0.251298 -0.226285 0.000382338 -0.134294 -0.281399 -0.217604 -0.653875 0.0676336 1.38386 2.03014 -0.244128 -0.0329788 -0.505608 -1.78991 -1.55538 -0.367676 -0.212474 0.147817 0.522203 1.08105 1.10169 0.9693 -0.270936 -0.825313 