-0.981161 0.128017 0.404113 -0.281559 -0.111397 -0.220455 1.06922 0.417574 -0.508154 0.0577886 0.447651 0.887261 0.284737 0.0540755 -0.0892997 -0.405071 -0.600415 -0.434154 -0.0480912 0.238843 0.379606 0.488345 0.92896 3.23668 3.4679 0.0689524 -0.0304107 -0.323336 -0.481081 0.028056 0.666706 0.677378 -0.683257 0.365739 1.23078 -1.85426 -0.751953 -1.09942 -0.093599 
-1.00855 -0.14827 -0.0364735 -0.868634 -0.577 -0.549554 0.313244 0.468856 0.237384 0.358675 2.73149 2.59135 0.147712 0.051464 -0.147992 -0.307846 -0.358363 0.31135 0.619365 -0.510864 -0.0666841 0.100383 -0.907702 0.613136 0.572471 0.0344458 0.0884333 0.281111 0.760052 0.930762 0.695187 0.691934 0.0570095 -0.430709 -1.68496 -1.6626 -5.36138 -5.91788 -0.32396 
-0.929697 -0.0199746 0.0962669 -0.639922 0.199953 0.39891 0.558359 0.350889 -0.407772 -0.849913 1.06079 1.45973 0.319183 0.142509 0.191811 0.35498 0.330347 0.261033 0.643843 0.295853 -0.0511039 -1.19661 -0.733641 -2.12469 -2.44998 -0.255007 -0.0187211 0.0940403 0.349117 0.405834 -0.931536 -1.02452 0.890894 0.449509 0.0742044 1.05874 -0.439026 -0.673901 -0.212888 
-0.866036 0.0435413 0.318507 -0.538288 -0.315967 0.0942894 0.609097 0.417752 -0.959228 -0.374966 0.606796 0.14137 -0.107295 0.0327429 -0.0539517 0.0412711 0.0474704 -0.620186 -0.405159 0.38003 0.382825 0.174587 0.151042 0.17411 -0.10143 -0.178442 -0.14026 -0.0502788 -0.544826 -0.445149 -0.417702 -0.802153 -0.57567 0.354806 2.72546 0.571796 2.31156 3.46577 0.418943 
-0.896954 -0.0739263 0.137538 -0.592451 -0.420233 -0.00624835 0.938388 0.733714 -0.233184 -0.698871 1.2349 1.3583 0.14074 0.00224908 0.141532 -0.189846 -0.114802 -0.15667 -0.15831 -0.279818 0.303702 1.52885 -0.161845 0.186872 1.01579 0.163936 0.0735649 0.183527 -0.241292 -0.46231 0.254369 -0.179572 -1.28673 -0.697013 -0.332283 -0.0713401 -2.41119 -1.81341 -0.577747 
-0.863787 0.185073 0.128661 -0.653089 -0.472637 -0.0640205 0.329279 0.721454 0.569619 -0.536811 0.793669 1.15716 0.0566405 0.106308 0.129576 -0.200021 -0.414839 -0.365817 -0.58473 -0.906704 -0.314188 -0.157696 0.0797015 -2.23708 -1.91484 -0.756189 0.151551 -0.55353 0.236702 -0.0913599 0.265382 0.525357 0.482388 -0.0348156 -2.18736 0.805484 -1.47266 -1.23035 -0.376914 
-0.790646 0.0556494 -0.0624831 -1.00729 -0.78605 -0.590979 0.0316841 0.419526 -0.39088 -0.61917 -1.00219 -0.55654 -0.615449 0.1538 -0.411998 0.0468563 -0.206162 0.108712 0.367047 0.20257 0.268886 -0.658511 0.643639 -1.28579 -0.21456 -0.212978 0.493042 -1.22088 1.40644 0.346127 0.797163 2.61937 0.119426 1.02554 -0.683117 -1.35184 3.19605 3.40147 0.00779386 
-0.709987 -0.226924 0.175518 -0.859251 -0.363925 0.303026 0.531849 0.99034 -0.0888921 0.106828 -0.492122 0.942599 -0.156337 0.59935 -1.0913 1.20642 -0.0687127 0.431346 2.03464 -0.787279 0.711357 -0.840813 -1.27214 0.958965 1.48663 -0.748395 0.592169 -0.818712 0.820887 -0.750208 -0.49241 0.722866 -1.22955 -0.577415 -0.638667 -1.42533 1.13789 -1.6012 -0.747769 
-0.191296 -1.03565 1.14393 -1.076 -0.354704 1.44366 -0.755595 1.13088 -1.23169 -1.89131 -0.0432206 0.930086 -1.36384 0.745969 -1.23071 0.867743 -0.95637 -0.383698 1.08991 -1.02698 -0.308529 -1.29718 -0.78169 -0.147904 -1.81576 -0.960747 -0.016256 1.03344 -1.45762 -1.33969 -0.536674 -1.64269 1.1425 -0.441975 1.33775 3.17897 -1.69341 -2.01051 1.72749 
0.0359817 -1.45763 1.04326 -1.81562 -0.747623 1.39294 -0.495132 0.681811 -1.38607 -0.674862 -0.640027 -0.873157 -1.11708 0.583094 -0.0578634 -0.251206 -1.4084 -0.105328 0.391944 0.355223 0.269381 0.496939 1.90682 -0.73445 -0.523887 0.979099 -0.482145 1.11525 -0.39315 0.780445 0.544093 -0.387698 1.72025 0.992913 0.617144 1.91087 -0.128126 3.13249 1.45727 
0.391798 -1.09351 0.892727 -2.48441 -0.460032 1.8356 -0.400372 1.40026 -0.734755 0.0155099 -0.777671 0.406198 -0.384746 0.263825 -0.115458 0.474592 -0.175924 0.160395 0.702215 0.693273 0.684384 -0.680034 1.12918 -0.27603 1.31674 0.496521 -0.833197 -0.837267 0.886007 1.77211 0.700308 -0.440338 -0.0302649 -0.480373 -1.1322 -1.62674 0.868428 0.631455 0.743 
0.299806 -1.57309 1.51785 -1.99155 -0.587228 2.09515 0.198141 1.3662 -2.0661 0.454322 -0.916057 0.44358 -0.620563 -0.250102 -0.89513 0.634802 0.363712 0.59498 -0.0483938 0.324958 -0.210991 -0.635263 0.280083 0.133978 0.107568 1.7221 -0.514431 -0.587151 -0.189051 0.448225 1.34472 -1.12233 -2.06505 -0.946209 3.09515 -0.442099 0.268488 -1.57715 1.64743 
0.141696 -1.98864 1.52753 -2.12069 0.134948 1.78721 -0.0754139 1.18927 -1.37002 0.295593 -0.643693 0.513766 1.33735 -0.250607 -0.702609 0.285541 0.272301 1.50511 -0.420113 -1.37178 -0.261824 2.41512 0.687085 -0.00754238 -0.26041 2.14395 0.0724818 0.790252 -0.0509781 0.2496 0.310241 -0.525202 -0.635787 0.532441 0.848308 -0.459866 0.0857133 0.308113 -1.4843 
0.0491997 -2.2757 1.80339 -1.71924 0.917885 1.67504 -1.17364 1.10437 0.349012 1.14141 -0.9236 0.18317 1.52339 -0.177621 -0.104878 0.583824 0.613312 0.905221 -0.573595 -0.310829 0.32145 0.213045 -0.179783 0.219692 0.415681 0.237794 0.00147526 0.947942 -0.19347 -0.30592 -1.59527 -0.0793071 2.62058 0.754239 -4.1218 -1.6448 1.87975 1.28869 -2.61253 
-0.0359247 -2.09352 2.11135 -1.50738 1.04017 1.21361 -0.386243 1.51072 -1.15697 0.11581 -0.424001 0.929447 1.57515 -0.249131 0.245333 0.0920707 -0.033619 -0.0901571 -0.49942 1.2488 0.492414 -1.70668 -0.957717 1.87221 1.02828 -0.468573 0.00692454 0.226019 -1.38938 -1.91549 -1.47018 -0.172681 -0.122249 -1.28205 -0.754057 0.558691 0.944257 -0.491502 -1.427 
-0.199932 -2.03037 1.89546 -1.75286 0.827728 1.17562 0.0751643 1.59679 -1.35767 0.183689 0.948613 1.21145 1.05482 -0.170696 0.121141 -0.805553 -1.30217 -0.56496 -0.746276 -0.433078 -0.960604 -0.541012 0.378908 1.16395 -0.0758206 -1.18921 0.345307 0.090724 -0.648616 -0.4922 1.03048 0.326079 -1.93905 -1.26479 2.277 1.6903 -3.40042 -1.5017 0.298777 
-0.206621 -1.97238 1.3058 -2.80956 0.475209 0.467339 -0.819321 0.550118 -1.69798 0.494719 0.739947 0.853626 0.385938 0.0961754 0.336057 -0.556545 -0.525819 0.940323 -0.173341 -0.690249 -0.77238 0.570323 0.73258 -1.52821 -0.473417 -0.169796 0.1516 -0.123832 0.739212 1.91833 1.80545 0.786853 1.1646 1.27901 0.580819 0.70106 -1.81487 0.566504 3.24995 
-0.103756 -1.69431 1.33892 -2.27868 1.76805 1.00228 -0.615085 0.824406 -0.787346 0.916269 -0.579597 0.738035 0.885023 -0.0190959 -0.00269028 -0.0663414 0.616152 1.24049 0.0405772 0.731521 0.318407 0.0398066 1.07997 -0.650923 0.490683 2.06074 -0.22186 -0.772323 0.987524 1.17408 -1.3313 -0.268284 0.953616 0.727735 -0.671511 -1.35445 2.53429 1.45376 1.79855 
-0.225717 -1.97507 1.23946 -2.19341 1.7157 0.507916 -0.0877999 0.868525 -1.65818 1.57469 0.0890242 1.34431 2.44668 -0.125685 -0.436266 0.430978 0.648258 -0.390973 -0.441625 0.263367 -0.0446447 -0.101189 -0.621866 1.00608 0.980339 1.62875 0.0773251 -0.222635 0.467419 -0.118072 -1.20836 0.109095 -1.04588 -0.502087 -0.145768 -2.06009 0.928138 -1.10749 -3.06387 
-0.229441 -2.13058 1.7699 -1.63042 1.37708 0.560656 -0.351718 0.779761 -0.888534 0.294403 0.42648 1.71837 2.51378 0.0582292 -0.225325 0.401077 0.498079 0.0321307 0.149673 -0.314355 -0.18368 -0.105962 -0.980123 0.277215 -0.616802 -1.00313 0.318174 0.21985 -0.95421 -0.593729 1.14124 0.341263 -0.0435752 1.37937 0.283847 -0.0353575 -2.14534 -1.46186 -3.39458 
-0.167488 -2.2004 1.64054 -1.69533 1.74783 0.657589 -0.402155 0.684845 -1.76414 0.594564 0.366239 0.727508 1.44354 0.192489 -0.216416 -0.523232 0.054529 0.750267 -0.100362 0.219792 1.33472 0.182658 -0.657224 -1.13926 -0.48152 -1.76583 -0.0141577 -0.00689845 -0.603834 -0.294442 -0.365214 -0.0158139 0.486357 1.41293 1.18737 1.02704 -1.86962 1.25116 0.876606 
-0.0369519 -2.34699 1.24667 -1.5759 2.12734 0.460294 -0.131926 2.11448 -0.705876 -0.362821 -0.712784 1.23685 0.747948 0.0440715 -0.232224 -0.202757 0.203638 -0.333083 0.133859 0.172001 1.22925 1.08141 0.0469164 -1.59241 0.63436 -0.126528 0.315574 1.8269 0.85062 1.04487 -1.69422 -0.6627 -2.06706 -3.68994 -2.37838 1.27969 -0.880526 -1.0059 3.02083 
-0.123416 -2.43262 1.43778 -1.49169 1.41475 0.791447 -0.230154 1.91409 -0.682728 0.641481 -1.22617 1.36187 1.31702 0.508063 1.61049 0.327389 1.0994 -0.943956 -0.763062 -1.84727 -2.35522 -2.19573 0.62247 -2.01979 -1.48742 1.255 1.04904 2.83354 -0.760303 1.32287 -0.0988631 -1.94845 -2.03065 -4.04565 -2.55048 1.89312 1.58233 -1.79828 0.675584 
0.471112 -0.736507 1.57405 -0.476499 1.18339 -0.302768 -1.9792 -0.240734 -2.9016 0.25965 -2.73258 -0.250564 2.00295 1.09311 2.60132 -0.963059 1.52651 -0.431946 -1.81459 -1.85865 -2.8164 -1.46906 1.94003 -0.0100767 -1.16392 0.549056 0.350889 -0.472486 -2.23506 -0.00508594 -0.294939 -0.286943 1.72918 1.42206 4.48825 1.05724 4.25081 2.53136 -2.78559 
0.969694 0.168697 0.474719 0.0348189 0.982804 -1.02314 -2.08881 -0.902306 -2.15179 2.58151 -1.23624 0.197947 1.86607 0.858953 1.138 -1.90767 1.09431 -1.23889 -1.05 -0.118093 -0.933153 2.29252 1.67971 2.23102 1.04394 -1.53059 -0.547802 -2.40993 -0.290985 -0.784752 -1.15062 0.745213 1.68392 2.64925 4.039 -3.25749 1.35343 0.75433 -1.64943 
1.33006 0.401493 -0.333618 0.617811 -0.0555058 -1.35277 -2.09729 -1.17389 -0.609079 1.93936 -0.501554 0.79338 0.472355 0.545308 0.191388 -1.25404 0.741755 -1.58257 -1.06937 -0.174734 -0.167151 2.56993 -1.31746 1.34336 -0.409591 -1.10037 -0.546114 -1.12554 1.17295 -0.864631 0.614379 0.398064 0.639254 1.20464 -1.26032 -2.66445 -1.65815 -1.56235 2.21822 
1.515 0.360085 -0.779325 0.776574 -0.599765 -2.09251 -2.26354 -1.06946 0.418141 1.26406 0.10711 -0.211644 0.7657 0.312839 0.0124561 -0.734721 0.229678 -0.624515 -0.65194 0.521161 0.271486 1.0322 -0.984743 0.572869 -0.518409 0.687623 -0.33067 -0.141205 0.892309 -0.738225 1.31021 1.22468 1.29108 0.563269 -2.01907 1.13221 -1.24802 0.824702 1.55388 
1.6429 0.413949 -1.06834 0.847489 -0.680021 -2.00471 -1.57613 -0.902402 0.423125 0.954616 0.0713142 0.274971 1.15998 0.214637 0.050183 -0.361735 0.00353013 -0.272357 0.155305 1.11634 0.396119 0.55086 -0.185247 0.0953392 0.415111 0.453505 -0.212013 -0.113256 0.627032 -0.472679 0.31959 0.742696 -0.0180585 0.0216627 0.184889 0.893978 -1.16625 0.67028 -1.33626 
1.72964 0.410268 -1.14106 0.780104 -0.872122 -1.93721 -1.1472 -0.673338 0.969001 1.07881 0.20245 0.203467 1.21921 0.100826 -0.1008 -0.107689 -0.243 -0.304926 0.0907559 0.503103 0.293148 1.21709 -0.0907655 -0.59338 0.151872 -0.648637 -0.248114 -0.0977459 0.19976 -0.147863 0.282995 -0.220487 -1.24225 -0.481673 0.593738 -0.0450375 -1.84261 -0.243572 -2.28757 
1.74373 0.313149 -1.17603 0.604489 -0.984947 -1.91396 -1.07303 -0.609253 1.64022 0.86385 -0.522065 0.426843 0.511341 -0.0334765 -0.0475629 -0.161975 -0.144333 0.0106375 -0.0651823 -0.125905 -0.0855545 1.1446 -0.230284 -1.74727 0.171539 -1.83407 -0.124638 0.199454 -0.0608494 0.344866 0.589649 -0.174121 -0.240823 -0.298289 -0.704754 -0.0372306 -0.281838 -0.819117 0.0387614 
1.69616 0.362705 -1.30304 0.635772 -0.861484 -2.00239 -1.2731 -0.758893 2.1136 0.848525 -1.54482 0.375006 -0.614861 -0.0238123 0.0986538 -0.168539 0.101865 0.284723 -0.0833647 0.262279 -0.00514075 0.512338 -0.127996 -0.875218 -0.667245 -0.609875 0.0543785 0.0419878 0.0159704 -0.0181931 0.00830492 0.10148 0.631279 0.0259351 -1.65181 -0.18861 1.53419 -0.969513 2.15242 
1.71992 0.411803 -1.34457 0.706354 -0.700224 -1.99732 -0.810747 -0.614394 2.15255 0.735854 -1.39728 -0.240403 -0.0985344 0.020902 -0.0055751 -0.146005 -0.162526 0.0189425 0.0362977 0.505374 -0.0596194 -0.507216 -0.418894 -0.213074 -0.797974 0.318349 0.0425972 -0.142929 0.0207311 -0.337608 -0.505022 0.153139 0.0264757 -0.222455 -1.20262 0.0377788 0.681795 0.36471 -0.0191264 
1.71706 0.35713 -1.44904 0.473246 -0.842542 -1.96609 -0.767726 -0.818512 1.60638 0.429631 -1.75789 -0.422968 -0.296512 0.0187849 -0.0442752 -0.147808 -0.235743 -0.220298 0.0697738 0.288755 -0.227596 -0.690285 -0.0902172 -0.193424 -0.302536 -0.629002 -0.0400539 0.0931087 0.0459668 0.352038 -0.148997 0.226506 -0.304635 0.109432 0.255335 0.77588 0.696958 0.281243 -0.483055 
1.7387 0.367527 -1.49237 0.470611 -0.920522 -1.92755 -0.521992 -0.84199 1.46227 0.645637 -1.59071 -0.542939 -0.727536 -0.0191519 0.0875336 -0.100038 0.189513 -0.130055 0.262803 0.20074 0.0498129 -0.251881 0.356986 0.483883 -0.516731 -0.164706 -0.0746477 0.127702 0.215689 0.385796 0.255362 0.288183 -0.234333 0.399312 0.778454 0.214087 0.905824 0.0858484 0.79997 
1.69791 0.444664 -1.54908 0.662759 -0.972597 -1.70329 -0.566986 -0.768699 1.3545 0.786617 -1.27401 -0.939699 -0.461218 -0.0558628 0.083427 0.067881 0.150054 0.0350642 0.357956 0.0544222 0.171716 0.0881685 0.12387 0.712401 -0.216687 0.170968 -0.0676036 -0.105878 0.141371 -0.494688 -0.166199 -0.195017 -0.772905 -0.194695 -0.175137 -1.01777 -0.613349 0.0400451 -0.952076 
1.68284 0.450954 -1.42449 0.620665 -0.885458 -1.56959 -0.467569 -0.670274 1.55044 0.769507 -0.878306 -0.759626 -0.556568 -0.0867555 -0.0183447 0.0413331 -0.305175 -0.296254 0.0677862 -0.572165 -0.144882 -0.427018 -0.660779 -0.129465 -0.476686 -1.11678 -0.109949 0.164809 -0.0455757 0.096771 -0.320226 0.321247 -0.90492 -0.162255 -0.360221 0.138431 0.129292 -0.127357 -0.5299 
1.61116 0.426319 -1.50775 0.357583 -1.26885 -1.6355 -1.13915 -0.913581 0.927483 0.125837 -1.40347 -1.41639 -1.578 -0.165812 0.248236 0.0223053 0.246825 -0.285162 0.679203 -0.850498 0.00946123 -0.272053 0.262301 0.841693 -0.344044 -0.358932 -0.263829 0.638507 0.00351809 1.08056 0.202223 1.01421 -0.0687689 0.377265 0.299112 1.4136 2.52099 0.311632 2.3598 
1.51703 0.69919 -1.40219 0.867489 -1.17062 -0.890388 -1.31807 -0.660813 1.27838 1.03181 -0.0366135 -1.10367 -0.9155 -0.350585 0.620163 0.0448512 0.775384 -0.0940312 1.082 -0.640934 0.232383 -0.127906 0.752822 2.39153 -0.165053 1.24302 -0.500429 0.147176 0.302692 -0.0232315 -0.00585082 0.286742 0.956058 0.014566 -0.815252 -1.03799 0.0499046 0.154433 0.706001 
1.26057 1.04648 -1.46289 1.13297 -1.36288 -0.553507 -1.78009 -0.681198 0.799577 0.878659 0.988054 -1.58144 -0.334977 -0.666241 0.395412 0.324997 0.223593 -0.291013 0.965945 0.10556 0.0240272 -1.0873 -0.775685 0.891597 -0.189611 0.347069 -0.488547 -0.783588 0.551788 -0.874837 0.503203 -0.991569 2.0076 -0.478001 -0.465096 -3.792 -3.78931 0.161157 -2.73642 
0.850786 1.0946 -1.07719 1.09108 -1.46163 0.0755574 -1.21251 -0.636786 0.19108 0.256123 0.854984 -1.29328 -0.568431 -0.839132 -0.163425 0.596639 -0.0994521 0.409172 0.0904276 1.36666 -0.245618 -0.593002 -3.03918 -1.39778 -0.00389598 -1.49339 -0.331132 -0.944422 0.335029 -0.30589 1.52579 -1.2728 1.09857 0.24265 1.23175 -0.0484822 -2.06997 -0.17512 -1.53123 
0.42144 0.883056 -0.866255 1.03352 -0.95371 -0.46308 -0.413422 -0.926816 0.206575 -2.16052 -0.40973 -1.58533 -1.82837 -0.997373 -0.54901 0.660026 -0.0822966 1.23478 -0.306853 1.20413 0.266677 0.144442 -0.824167 -1.17838 -0.364731 -1.18416 -0.332708 -0.603873 0.345254 -0.62347 0.656318 -0.181525 -0.511246 1.34663 0.354859 5.25266 1.74488 0.187529 2.35773 
-0.146587 0.545593 -0.417164 1.00879 -0.226857 -0.231296 -0.00837549 -0.370109 0.335523 -0.568044 -0.323394 -1.65801 -1.7526 -1.17184 -0.767298 0.941893 -0.722922 1.06549 -0.0910973 0.855418 1.10101 -0.238144 2.21348 0.347097 0.183633 0.864332 0.171088 0.0883406 0.175944 -0.668715 -0.963084 0.30618 -0.739771 0.246617 -0.783902 0.46123 1.05748 1.47338 2.68024 
-0.7504 0.115758 0.0756378 0.310594 0.111779 -0.554177 0.441996 0.174192 -0.0315689 0.0529587 -0.0626332 -1.4017 -0.96404 -0.826285 -0.460669 0.83597 -0.751011 0.271692 -0.000673299 0.464361 0.513294 -0.639459 -0.362937 -0.120901 1.10865 1.49607 0.920594 0.791837 -0.446851 0.674848 -0.95011 0.861251 -0.742735 -1.08082 -0.145841 -3.64515 -1.22502 0.272354 -0.475343 
-0.972873 0.084924 0.418806 0.257775 0.0448347 -0.231969 0.455986 0.143185 -0.303937 -0.930981 -0.444295 -0.549364 -0.256525 -0.251246 0.0245389 0.495043 -0.048074 0.115379 0.770154 0.112683 0.0201828 -0.383985 -1.43167 -0.877923 0.455987 0.388989 0.817775 0.391932 -0.947006 0.573004 0.338059 0.422981 -0.122598 -0.809965 -0.308665 -0.723712 0.190102 -1.00612 -2.25063 
-1.00165 0.140297 0.57068 0.26252 0.227158 0.215977 0.554679 0.194374 -0.415554 -1.37871 -0.940557 -0.945715 -0.575051 -0.00851039 -0.0687371 -0.111035 -0.178007 0.60975 0.422308 0.341764 -0.296672 -0.948124 -1.08665 0.0692008 0.102532 -0.754564 1.35255 0.908151 -1.07439 -0.256779 -1.21822 -0.521884 -0.422992 -1.97514 -0.23724 3.61857 4.64747 0.82173 0.276351 
-0.981383 0.0161869 0.30777 0.0797677 0.654585 0.190339 0.79775 -0.153486 -1.25206 -2.01763 -0.375094 -0.446832 -1.01109 1.1013 0.93269 -0.579346 -0.304853 -1.10284 0.24827 -0.310309 -1.95495 -0.621225 2.1869 3.76955 1.27772 0.66534 1.83086 1.16662 -1.02576 0.180732 -2.45206 -1.17139 -0.936445 -1.71366 1.07116 3.83128 2.50617 1.08966 1.1892 
0.0996585 1.07299 -0.00866611 -0.0423334 -0.875679 0.464247 0.244371 -1.76058 -1.03678 0.808185 2.82899 0.332003 0.0902894 1.82235 1.09788 -1.13679 0.00272477 -1.84231 -0.749078 -0.594682 -2.01033 0.123038 2.74463 2.57538 1.19219 0.434634 -0.159727 -0.873271 -0.814044 0.899234 0.29672 -1.46867 -0.562625 1.78451 1.17961 -1.78243 -4.53069 -1.3709 -1.5542 
0.840972 1.11407 -0.829021 0.0824925 -1.18772 -0.558739 0.203068 -2.16382 -1.12902 0.727004 2.20028 0.74536 -0.576456 0.941578 0.059419 -1.39339 0.594381 -0.806117 -1.2204 -0.872934 -0.170443 0.558387 0.404472 -0.761143 -0.09318 -0.888859 -1.50966 -1.34952 0.65494 0.402841 1.49454 0.709851 0.175318 2.66461 1.20781 -1.83738 -2.59249 -1.8196 0.131637 
1.04124 1.13241 -1.40206 0.552047 -1.6818 -0.756154 -0.628563 -1.93102 -0.478392 1.21266 2.06785 0.238823 -0.79857 0.31269 -0.251634 -0.481852 0.405566 -0.347764 -0.0392264 -0.419363 0.654278 1.33085 0.907256 -0.0171146 -0.627405 0.566271 -0.801579 -0.286072 1.46831 -0.612913 0.984531 1.29067 1.51069 0.575165 0.149439 -0.589103 -0.172285 -0.624292 1.88501 
1.15366 0.862433 -1.31087 0.488058 -1.53549 -0.597965 -0.216295 -1.50954 0.201829 1.63426 2.18317 0.117955 -0.0101846 0.14 -0.226653 0.0749161 -0.0185323 0.178414 0.070264 0.637756 0.404722 0.707826 -0.184631 -0.933427 -0.717472 0.996153 -0.344472 0.319239 0.249283 -0.488934 0.154918 -0.706783 0.693193 -0.942068 -0.740413 -2.02969 -2.38884 -0.581384 -1.85674 
1.18124 0.905754 -1.32714 0.533515 -1.50338 -0.68589 0.00919321 -1.5263 0.229434 1.02803 1.13442 -0.478649 0.197584 -0.0317818 0.0676047 -0.232569 -0.083368 -0.192846 -0.74601 0.273829 -0.28779 0.590438 -1.12243 -2.40595 -1.20879 -1.29047 -0.23089 0.472181 -0.252128 0.606528 -0.585899 -0.123252 -1.01378 -0.280975 0.208723 0.201157 0.50022 -0.292545 -2.22055 
1.12188 0.930038 -1.54344 0.40469 -1.72833 -1.34398 0.0575345 -1.79733 0.792267 0.511829 -0.222784 -1.09083 -1.30066 -0.09089 0.245528 -0.177212 0.587995 -0.407485 -0.0529884 -0.376026 0.123747 0.916549 0.0165254 -0.433207 -1.01002 -1.2244 -0.079975 0.115648 0.389291 0.768081 0.361133 1.26135 -0.643226 0.367084 -0.294403 1.9746 2.72308 1.03065 1.10316 
1.09035 1.15128 -1.50435 1.12151 -1.91087 -0.738879 -0.366833 -1.40255 1.14598 1.04455 0.701217 -1.48867 -1.02682 -0.111757 0.183252 0.156722 0.684713 0.168287 0.515339 -0.369396 0.0792945 0.296036 0.852172 0.317125 -0.178139 -0.187312 0.00559004 -0.235684 0.27209 -0.606903 0.720866 0.228956 0.427423 0.0654997 -1.68646 -0.131405 -0.808782 1.71905 0.980772 
1.01012 1.11329 -1.38672 1.0894 -1.56005 -0.828636 -0.311862 -1.71804 1.0883 1.364 0.0943407 -1.26897 -1.48797 -0.0853 0.00984416 0.0948782 -0.018907 0.313381 0.175968 0.0513968 0.189246 -0.769913 -0.11488 -1.24199 0.709038 -0.243629 0.077678 -0.074902 -0.0901264 -0.621982 -0.0193373 0.19773 0.774321 0.550516 -0.751797 -1.66712 -0.752182 1.07985 0.628033 
1.00505 1.16113 -1.40947 1.1026 -1.59749 -0.562911 -0.315436 -1.21331 0.376071 0.929672 -0.540772 -0.779628 -1.27045 -0.0340788 0.10835 0.0665955 0.0627309 0.14895 0.713069 0.404925 0.62981 -0.455762 -0.814946 -0.435057 0.901716 0.440722 -0.0495516 0.121248 -0.000509201 -0.10498 -0.059021 0.0455739 0.893683 -0.282592 1.04565 -1.31467 1.4867 -0.812269 0.419427 
0.976044 1.22164 -1.32013 1.15213 -1.4111 -0.115567 0.0930639 -1.08823 0.632541 0.549055 -0.340716 -0.367257 -1.04725 -0.134852 0.131093 0.094369 -0.123887 0.25436 0.221542 0.94508 -0.0933455 0.275738 -1.42955 0.244715 -0.103231 0.175799 -0.159496 -0.0214166 0.16343 -0.0140412 0.137563 -0.822907 -0.279691 -0.627316 0.658415 -0.691949 0.455893 -0.653179 -0.201345 
0.870195 1.29222 -1.31511 0.978716 -1.34313 -0.341369 0.629644 -1.30665 0.651809 -0.499883 -0.296057 -0.882858 -1.09465 -0.193575 0.0869337 0.230026 0.0486897 0.286512 -0.109838 0.125235 0.00249469 0.202653 -1.5069 0.0208368 0.248537 0.239377 -0.153656 -0.0272741 0.296843 -0.0013482 0.421268 0.158951 -1.45318 0.519838 -0.284702 0.56755 -0.271291 0.224291 -0.46116 
0.782469 1.30857 -1.0901 1.20082 -1.12458 -0.225405 0.218299 -1.08573 0.835195 -0.957841 -0.319879 -0.11872 -0.807868 -0.288507 0.103818 0.391212 -0.125236 0.675628 0.380493 -0.508096 0.426493 -0.00896346 -0.862005 -0.0265763 0.12106 -0.285362 -0.423466 -0.456601 0.359594 -0.667955 0.571757 0.0327742 -0.261689 0.470066 -1.15276 1.33013 -0.106469 -1.69223 -0.922202 
0.581687 1.39604 -0.923893 0.853481 -0.667498 0.0391239 0.121548 -0.880159 0.642845 -1.36189 -0.322633 -0.761798 -1.38001 -0.617041 -0.369667 0.589619 -0.619265 0.858269 -0.0770641 -0.136454 0.472561 -0.950104 -0.176764 -0.0856322 -1.4437 -0.682825 -0.340891 -0.274085 0.491124 -0.0245056 0.815774 -0.0105609 -0.654565 -0.200401 -1.03062 0.234321 -0.378828 -0.580054 0.288214 
0.165428 0.938907 -0.500481 0.581559 -0.266315 -0.302469 0.0818447 -0.613172 -0.114909 -1.13461 -0.405511 -1.56242 -1.49069 -0.629398 -0.170267 0.882337 -0.149741 1.4914 0.369932 -1.16266 0.226091 -1.03959 -0.627684 -0.405404 -0.458994 0.00285171 0.4339 0.597437 0.702414 1.06067 0.43349 1.21169 -1.04403 -0.945987 0.957521 -0.372624 0.831575 2.7361 1.23486 
-0.047711 1.22577 -0.0415569 0.703739 0.823904 0.409056 -1.04111 -0.654068 -0.39674 -1.98957 -0.728038 -1.22079 -1.37716 -0.183141 0.227769 1.29203 0.441402 1.29176 1.13462 -1.18049 -0.473426 0.00741667 -0.549388 0.745943 1.29241 0.552039 0.447406 0.203149 -0.110198 0.310625 -1.19425 0.0168111 1.30295 -0.288726 0.819856 1.62276 1.43904 0.9288 0.209978 
-0.0177135 1.16668 0.791553 1.02296 1.02545 0.832156 -1.09864 -1.0866 -0.107493 -1.68399 0.340432 -0.270009 -0.938654 -0.181992 0.0328824 0.772138 0.160883 0.297155 0.386743 0.140284 -0.0626345 -0.219729 0.995072 1.03363 0.469807 0.21283 -0.118084 -0.347643 -1.49346 -0.556368 -1.34108 -1.49571 0.481607 0.65115 -0.431189 0.897194 -0.362372 -2.19292 -0.414331 
-0.229703 1.25865 0.730581 0.864623 1.12106 0.795798 -0.900829 -0.716702 -0.616469 -0.994499 0.305594 -0.750985 -1.16433 -0.301225 -0.119874 -0.201423 -0.114966 -0.0493229 -0.361086 -0.698882 0.177725 -0.423772 0.347806 0.383571 -0.900513 0.137708 -0.0175898 -0.439696 -0.749168 -0.087746 -0.318731 -0.0539609 0.0400112 -0.158792 0.470739 -1.03617 -0.25328 0.170092 0.449666 
-0.318939 1.0468 0.59013 0.907995 0.976122 0.47107 -1.79753 -0.908873 -0.531265 -1.33619 0.724003 -1.17052 -0.800946 -0.199582 -0.406813 0.0229699 0.0731375 -0.0215754 0.332782 0.180295 -0.221426 0.25101 -0.0410997 0.780352 0.639899 0.662495 -0.103689 -0.266429 0.439122 0.298195 0.233958 0.464856 2.99061 0.429421 0.147346 -1.1637 -1.99773 0.722753 -0.645886 
-0.429285 0.851839 0.753551 0.93776 1.09948 1.12858 -0.720534 -0.938129 -0.36546 -1.0356 1.08595 -0.111086 -0.501833 -0.404914 -0.386303 0.2377 0.183229 0.184635 0.10377 2.29173 0.607146 -0.276427 -0.815895 -1.61416 -0.17776 -0.508178 -0.20915 0.0986616 0.161857 -0.0150998 -0.101613 -0.788856 1.49208 1.44017 -0.934668 -0.507249 -2.14817 -2.23734 -0.453938 
-0.723853 0.660499 0.82783 1.09122 1.16076 0.57484 0.494203 -0.301727 -0.807692 -2.15208 -0.890157 -1.34828 -1.30912 -0.408732 -0.308152 0.184827 0.0580377 -0.123188 -0.456075 1.67237 1.21874 -0.683658 -0.548349 -1.36782 -1.59744 0.208557 0.152759 -0.0493054 -0.563845 -0.713319 -0.268319 0.215232 -1.91507 -0.135722 0.163137 1.13905 1.31688 0.119707 1.58323 
-0.838017 0.543688 0.938378 0.995798 0.976296 0.672506 0.951838 0.280612 -1.04912 -1.58395 -0.281876 -1.70852 -0.293276 -0.252155 -0.435609 -0.326145 -0.53009 -0.0836839 0.319002 0.376659 0.471424 -0.113289 0.323154 -0.297282 -0.0580528 1.07506 0.232784 -0.25914 -0.872057 -0.516728 0.375725 0.625117 -1.55318 -0.601352 1.55408 0.877977 0.98199 3.03643 0.202767 
-0.976008 0.22489 0.501685 0.561133 1.07707 0.893841 0.870862 0.169698 -0.920981 -1.82893 -1.18744 -1.40633 -0.234069 -0.175948 -0.567291 -0.68723 -0.45869 0.252536 0.169042 0.119189 0.617389 0.87042 0.329628 -0.385831 1.43899 0.411324 0.224544 0.265906 0.113692 0.564447 0.187606 -0.723616 0.0997822 0.159092 0.856201 0.0825052 1.48043 2.34885 -0.533626 
-1.01397 -0.0236038 0.251148 0.537108 1.22883 0.841548 1.07103 0.898001 -0.178698 -1.25432 -0.667707 -0.269537 0.118049 -0.0276103 -0.169703 -0.212453 0.0343563 0.103922 -0.404615 0.476442 0.630517 0.742912 0.405659 1.18315 2.2908 0.541429 0.170396 0.531671 0.727115 0.462866 -0.301036 -0.101787 0.134091 -0.7959 -0.128621 0.355472 0.525082 -1.20583 -0.384785 
-1.00362 0.0551869 0.289232 0.595489 1.181 0.489227 1.3473 0.800214 -0.178069 -1.42327 -0.00428753 0.884463 0.30736 -0.00555217 -0.0356206 0.0398844 0.00417608 -0.0484995 0.0672553 0.25328 -0.178511 0.741799 0.685099 0.13925 0.233158 0.0265389 -0.0783379 0.0728271 0.327453 -0.285846 -0.166253 0.673492 0.0684544 -0.0356628 0.0321735 0.958885 -0.990925 -3.1355 -0.6648 
-1.01952 -0.0592244 0.291032 0.541284 1.18033 0.908803 1.32431 0.71949 0.5631 -0.569221 -0.528457 -0.0363787 0.144588 -0.105948 -0.0968761 0.115 -0.25149 -0.0623311 0.268878 0.544896 0.594854 0.775086 1.36454 0.192225 -0.844703 -0.123371 -0.0347256 0.133521 0.0308962 -0.329868 -0.0762488 -0.198291 0.396216 0.561515 -0.44822 0.00939802 0.908722 0.915743 0.920807 
-1.10957 -0.0416892 0.404232 0.344 1.11866 0.758104 1.8922 1.39507 0.597017 -0.058727 0.187938 0.0397594 0.183989 -0.0402777 0.0979002 0.0707806 -0.325692 -0.124748 -0.131036 0.649496 0.383004 0.293579 0.694497 1.04797 1.1489 0.947346 0.138817 0.0941518 -0.260294 0.160259 -0.349698 -0.462922 -0.900854 -1.56845 -1.14989 -1.03946 -0.291077 0.178559 0.207516 
-1.0598 0.0386758 0.361812 0.215592 1.05558 0.777767 1.9738 1.10249 0.856679 0.125276 0.519515 1.11252 1.09193 0.0328691 -0.00272427 -0.145294 -0.0912304 -0.412029 -0.194044 -0.355958 -0.973593 -0.374802 0.325087 -0.0988521 -0.666144 0.0841447 -0.103898 -0.427327 -0.285413 0.326516 -0.485911 0.444927 -0.592408 -0.771623 -1.08685 -0.332297 -0.673186 -2.16816 -1.5846 
-1.0767 -0.0444135 0.258938 0.252769 0.706636 0.56406 1.53624 0.421476 0.222215 0.26636 0.0890858 -0.626384 0.268134 -0.144175 -0.329427 -0.214633 0.000823938 -0.610659 0.313892 0.0570884 -0.388618 -0.793272 0.3622 0.374786 -1.01926 -0.637255 -0.0762777 -0.147363 0.0782752 -0.0861865 -0.130658 -0.714948 -0.347124 1.6976 1.46326 -0.823946 1.13664 1.90613 0.161035 
-1.20397 -0.290751 0.14718 0.216416 0.444925 1.09166 2.03089 0.713877 0.0634069 0.487477 0.894301 0.0932665 0.454679 -0.0434086 -0.150087 -0.0670184 -0.177417 -0.542686 -0.908992 -0.703082 0.724005 1.08846 -0.498859 1.03779 1.23998 0.24518 0.207069 0.528879 0.22137 -0.355235 0.636878 -1.24386 -1.02361 0.101709 0.970763 -1.02135 -1.60292 1.40981 0.612491 
-1.12011 -0.194501 0.19192 0.0753523 0.163949 -0.344932 0.83316 1.14548 1.31067 -0.232498 1.12688 0.613599 0.513313 0.0628938 0.199452 0.00673709 -0.354411 0.0262192 -0.929967 -0.966525 -0.28691 0.17749 -0.659147 -1.22813 0.390553 -0.0247631 0.0209928 0.151701 -0.028161 0.0577572 1.10075 2.40606 1.21746 -1.30635 -1.92063 1.1303 -2.23978 -0.777352 -0.49892 
-1.14108 -0.0912987 0.153917 -0.137995 0.471144 0.161692 1.06437 0.426967 0.240897 -0.171671 -0.333829 0.483819 0.429915 -0.0224158 0.00161402 -0.0951794 -0.11966 0.558068 1.49707 0.514376 -0.582341 -0.832176 0.631443 -1.20199 0.462632 -0.25374 -0.0598879 -0.400094 -0.00498139 0.548037 0.299318 1.35198 0.912707 0.49986 -0.637749 0.774335 2.79343 1.07152 0.433804 
-1.14252 -0.192887 0.0967407 -0.0443073 0.722018 1.15213 1.34754 0.563139 0.478496 0.398945 -0.0751091 1.07623 0.259573 0.00300582 -0.200642 0.0017557 0.193626 0.325537 0.422016 -0.0538179 0.212951 -0.460259 0.115188 1.5653 1.46207 0.409041 0.0402714 -0.00823251 0.00733713 0.486717 -0.706942 -2.42194 -0.212133 0.976264 1.54247 -0.246068 3.0164 0.924233 1.74338 
-1.13807 -0.29194 0.155673 0.0556305 0.796681 0.583707 1.01055 0.639918 -0.219362 -0.056483 1.23147 1.94589 0.838956 0.0178556 -0.00661849 -0.0878422 0.367057 -0.148874 -0.924874 0.302242 0.393922 0.710295 0.385375 1.81441 1.38686 1.48964 -0.0233283 0.205625 0.137707 -0.135183 -0.539821 -0.422191 0.533842 0.154627 1.48312 0.122654 -2.39104 -3.84311 -1.31871 
-1.12467 -0.199505 0.0088985 0.32275 0.573144 0.22726 1.64978 0.957062 1.18879 0.784321 1.7393 2.4631 1.74922 -0.0203225 0.00498331 0.139463 0.0584427 -0.214284 -0.000175734 0.480024 0.367578 1.02286 0.237841 -0.825735 -2.38104 -0.909666 -0.0696837 0.0237283 0.257307 -0.654582 0.286354 1.1966 -0.595619 -0.40799 -1.06229 -0.951317 -2.68607 -2.95696 -2.20327 
-1.15839 -0.286957 0.295136 0.114073 0.582398 0.583532 1.49057 1.0075 0.8035 0.181358 0.405738 -0.435149 -0.07071 -0.0518281 0.0171098 0.169465 -0.287525 0.137481 0.271722 -0.293377 -0.0140678 -0.351998 -0.565942 -0.871654 -1.57009 -0.713621 0.00291617 0.0805557 -0.217713 0.0471538 0.12436 -0.0679863 -1.07828 -0.989952 -1.05735 -0.045113 1.41483 3.91179 2.02952 
-1.17649 -0.182395 0.178363 0.0352249 0.710625 0.498983 1.3564 0.942994 0.836794 0.218379 0.867649 0.893004 1.0356 -0.0174064 0.085539 -0.0782501 0.105597 -0.0899237 -0.068162 -0.598256 -0.622374 -0.0344846 0.192728 0.589095 1.53075 1.11985 0.158717 -0.0396272 -0.221396 0.518439 -0.335356 -0.0303022 0.10892 -0.134036 0.370197 1.03102 0.912036 0.566877 1.08716 
-1.1758 -0.201418 0.216885 0.21967 0.492474 0.51537 0.892317 0.385122 0.769015 0.374087 0.994833 1.09561 1.04914 0.106889 -0.0225173 -0.0519316 0.230914 -0.197876 0.24142 -0.184456 -0.148104 0.018199 0.465083 0.0403823 -1.00322 0.373536 0.0477722 -0.342585 -0.250005 -0.675714 -0.158869 0.00495381 0.582949 0.873132 -0.24382 -1.25121 -1.5372 -2.76343 -1.95247 
-1.06961 -0.204913 0.126432 0.266139 0.512749 0.740403 1.17194 0.79489 0.854993 0.683462 0.908031 -0.110211 1.40913 0.0303658 -0.257046 -0.328255 -0.570117 -0.248792 -0.0632082 -0.0153071 0.250758 -0.278305 -1.05848 -0.948103 -1.23267 -0.832619 -0.185035 0.0032039 0.0856739 -0.349428 0.597794 -0.102648 0.118664 0.655157 0.170316 -1.69292 -0.915395 2.41187 -0.666561 