-1.06074 -0.918218 1.0315 -0.202895 0.640091 -0.347219 -1.35671 0.73808 0.397282 -0.900292 -0.420439 0.979957 -0.343287 -0.0161209 -0.0570612 0.137434 -0.012554 -0.176212 0.178029 1.13749 0.297905 -0.334238 0.592924 1.86845 1.25766 -0.960295 0.0469183 0.632244 0.0982771 0.610735 0.513487 1.52964 3.14848 1.38291 1.70085 5.10947 2.50449 -3.13667 0.185492 
-1.03908 -0.678813 1.08785 -0.403526 0.592598 -0.00599732 0.304299 0.877863 -0.182903 0.816916 1.42505 1.12235 -0.520701 0.0354232 0.366644 -0.0449329 0.378033 0.353019 1.14417 1.56434 0.28004 0.693529 2.06778 1.21266 -1.56763 0.814948 0.0195181 -0.017661 -0.283176 0.734808 0.429552 0.0989651 -1.51475 -0.308998 1.02698 -1.23257 -3.35938 -2.4501 1.56308 
-1.02531 -0.551574 0.986566 0.175138 0.99311 0.796947 0.207631 1.01812 1.09081 1.16749 0.792217 -0.587671 0.471661 0.00339722 -0.0747223 -0.145743 0.722254 0.253339 0.276994 -0.37726 -0.011093 0.692742 -0.639646 -1.49094 -1.19244 0.602787 -0.0669398 -0.53484 -0.27307 -1.24375 -0.672441 -2.59311 -2.89932 -0.489393 -1.62511 -3.37093 -2.07825 3.40877 -1.07697 
-1.03568 -0.753535 0.942108 0.318728 0.845938 0.270996 -0.0729609 0.86677 0.509839 0.17727 -0.0658842 -0.070087 0.0820859 -0.0315167 -0.168195 -0.318003 -0.865717 -0.319422 -1.44895 -1.33497 -0.209352 -0.931585 -1.30315 -0.865593 1.84114 -0.262017 -0.0010977 0.423467 -0.0512609 -1.4242 -0.3423 -0.710222 0.0894349 0.274364 0.314522 2.29239 2.51528 2.24684 -0.787044 
-1.05683 -0.719769 0.668563 -0.690579 0.673688 -0.652001 -1.12734 0.808768 0.159227 -0.135659 -0.0733761 1.25347 0.209644 0.00229952 0.348745 -0.197004 -0.70195 -0.0889603 -0.433228 -0.287825 0.263271 1.00726 1.65274 1.02434 1.0544 -0.184258 0.0994108 0.379338 0.396478 1.16724 0.548609 2.22076 2.87314 0.677765 2.49543 2.15436 2.31832 -2.54724 0.0708845 
-1.03338 -0.40479 0.745104 -0.383222 0.756977 -0.162232 -0.360786 1.13004 1.5171 1.83001 0.958456 0.98431 -0.102172 0.0678942 0.211143 0.0784753 0.301519 0.229187 0.771817 1.53817 0.468413 1.56384 0.851212 1.45273 -0.706097 -0.191132 0.0472448 -0.180071 0.414599 0.843375 0.328873 0.779236 0.348429 -0.332764 -1.14548 -2.36215 -0.684424 -1.11552 1.03542 
-0.988934 -0.508626 0.747039 -0.38906 0.902875 0.119815 0.410824 1.27718 1.72307 0.715553 1.37936 0.547372 0.0185115 0.0495443 0.168674 0.217595 0.141426 0.239912 0.346008 0.0606043 -0.0694929 -0.138216 -0.709404 0.339916 -0.0611268 0.851167 -0.0794008 -0.299403 0.0263209 -0.40544 -0.0938872 -0.876928 -2.76781 -1.17413 -2.85556 -0.794563 -2.38949 0.632194 0.603064 
-0.983838 -0.236116 0.962699 -0.241796 0.99689 0.183777 -0.300181 1.06055 1.37889 1.12061 1.29837 0.923184 0.748995 -0.0115066 -0.0882602 0.104796 -0.103921 0.1353 -0.105112 -1.22965 -0.705713 -1.29172 0.05665 -0.93676 -0.0739032 0.411932 0.0166035 -0.71674 -0.474088 -0.180103 -0.342423 -0.379655 -0.456399 -0.312837 -0.610252 0.587944 -1.39611 0.102987 -0.472538 
-1.00044 -0.596887 0.851835 -0.492981 1.03817 0.0147037 -0.818823 0.571468 0.431349 0.772203 0.442596 0.473469 0.430443 0.0661478 -0.548066 -0.256493 -0.0386774 -0.10251 -0.0336464 -0.395795 -0.38233 -0.748467 -0.12146 -1.05619 0.0418602 0.378629 0.153508 -0.0159822 -0.0883821 0.686907 -0.384567 0.273248 1.46978 0.664186 1.5658 -0.292239 0.665358 -0.222632 -0.848061 
-0.91769 -0.784182 0.706206 -0.280473 0.89438 0.15013 -0.695976 0.678219 0.630419 0.999149 0.242182 0.965044 1.12762 0.142001 -0.104242 0.0164142 0.582987 -0.249267 0.168136 0.240135 -0.0415274 0.27408 -0.23559 -0.271402 -0.296535 -0.436129 0.0325026 0.42381 0.310654 0.101666 -0.178176 0.069795 1.03492 0.543387 1.58418 0.48756 1.44251 0.399027 0.708369 
-0.85844 -0.701129 0.868249 0.0900059 0.788907 0.18284 -0.578688 0.52994 0.705429 0.536614 0.171194 0.176934 -0.00568602 0.0986504 -0.124256 0.0541608 0.0629891 -0.280687 0.0361485 0.639124 0.161057 0.83571 0.3661 0.386319 0.440887 1.087 -0.00840939 0.00733666 -0.113777 -1.3153 0.186828 0.0628091 -0.560331 -0.0552853 -1.19858 1.3353 2.01576 1.49336 3.64727 
-0.81904 -0.908438 0.760367 -0.217484 0.613693 0.186279 -0.0568523 0.839276 1.46613 1.36525 0.6285 1.40593 2.21462 0.133592 -0.0969058 -0.097363 -0.73231 -0.0624398 0.230945 -0.320196 -0.0968127 -0.924501 1.09971 1.74436 1.19682 3.21114 -0.00736008 -0.0780227 -0.146726 -0.294251 0.402808 -0.149208 -1.23304 -0.164984 -1.78834 0.0203716 1.27396 0.696511 -2.09645 
-0.724848 -0.798035 0.770886 -0.642304 0.726467 0.413785 -0.898884 0.433128 -0.219072 1.63633 1.91555 1.37376 3.20545 0.0912903 -0.202279 -0.0925654 -0.231262 0.122121 -0.113059 -0.593911 -0.00392764 -0.952632 0.386471 1.66028 1.1374 -1.00945 -0.119656 -0.35342 0.116428 0.453431 0.137261 -0.376783 0.899103 0.413009 2.11485 -0.827764 -2.95032 -1.37795 -5.96337 
-0.72775 -1.11072 0.667802 -0.448746 0.735814 0.0732196 -0.650763 0.835348 0.513498 1.75172 2.28878 2.54333 1.20517 0.0139357 -0.450326 0.0190654 -0.278879 0.0748211 -0.145838 0.578907 0.316196 1.19035 0.27195 -1.20596 -0.181134 -2.75223 -0.0717769 -0.285095 -0.364314 -0.61776 -0.160646 -0.447296 -0.160162 -1.16054 -0.573334 -0.988745 -4.75382 -4.04256 0.373137 
-0.710913 -1.24836 0.789951 -0.921184 0.801288 0.267947 -0.319977 0.749324 0.971277 1.90828 0.70959 1.19262 0.453222 0.0195134 -0.487374 -0.456879 -0.849021 -0.0385251 -0.560355 -0.754073 -1.16447 -1.52597 -0.602273 -3.09354 -2.90517 -0.636313 0.152218 0.521481 -0.395198 0.542406 0.300222 -0.440174 -0.775673 0.151309 -2.49759 -1.50573 0.0129924 0.171543 2.12516 
-0.708236 -1.59809 0.210922 -1.29777 0.697289 -0.487136 -1.40484 -0.329122 -1.01247 1.14945 -0.804758 -0.361836 0.568859 0.166154 0.0711558 -0.376133 0.263527 0.375043 -0.586012 -0.196766 0.467505 -1.30725 -1.23378 -1.19297 -0.00959131 -0.627068 0.239816 0.713807 -0.0302925 1.59874 0.624266 0.373972 1.02383 1.71406 2.45978 0.483966 3.45944 3.78179 -0.723646 
-0.544759 -1.1772 0.413819 -0.657657 1.17633 -0.318065 -0.516744 1.21683 -0.335969 0.674494 -0.483379 1.18303 -0.173846 0.25933 0.226433 -0.487172 0.74972 0.585741 -0.186384 0.26976 0.54959 0.93381 -0.118307 0.365901 0.876624 -1.35996 -0.158916 -0.213751 -0.0528739 -0.304347 -0.456515 1.0173 0.675536 -1.29984 2.20032 1.7997 3.23998 0.809388 2.58462 
-0.448907 -1.37166 -0.276249 -0.548047 1.28303 -0.67352 -1.13508 0.220468 -0.0786581 1.03114 -0.438856 0.514788 -0.7911 0.00723749 -0.142595 -0.429007 -0.0408195 -0.0814715 0.431284 0.478769 -0.832336 0.893078 0.565912 2.04701 0.799796 1.95756 -0.408947 -0.242212 1.2448 -0.420217 -0.898144 1.0283 0.413774 -0.343801 -0.108493 -0.629342 0.61552 0.0180372 2.82523 
-0.537522 -1.3198 -0.0151881 -0.698476 1.09486 0.113219 -0.0379741 0.384493 0.557109 1.24041 1.56363 1.98283 1.78371 -0.149618 -0.0157788 0.757631 0.329504 -0.312403 0.84192 0.683534 0.20579 0.825317 -0.747649 0.981422 0.894661 1.46527 -0.0476438 0.0203495 0.836456 0.224566 -0.277088 -0.254627 -0.944458 0.86794 -0.786366 -0.973238 -2.5888 -2.86454 -4.06182 
-0.598524 -1.38744 0.481382 -0.218543 0.970627 0.1684 -0.451542 0.426257 0.746659 0.283489 0.542566 1.40945 0.674171 -0.0404063 -0.122246 0.407449 0.183747 -0.35856 0.176656 -0.465689 0.0356041 0.106712 -0.407326 -0.541799 -2.06475 -2.10427 0.214655 -0.416022 -0.893704 -0.456768 0.138609 -0.494288 -0.629202 -0.0744095 -1.642 1.05508 -1.09562 -2.24194 -1.09212 
-0.577928 -1.44205 0.392261 -0.514729 0.7363 0.289875 -0.503663 0.420097 0.663821 0.83308 1.02183 -0.0819216 -0.320558 0.0650379 -0.431801 -0.136072 -0.127264 -0.173794 0.347632 0.0543324 0.13138 -0.81668 0.307428 -0.114199 -1.34728 0.373155 0.39208 1.66565 0.55051 0.711743 0.105343 -1.09054 -0.2515 -0.221446 -1.33829 -1.01444 -0.88836 2.3593 1.18781 
-0.533486 -1.81924 0.34531 -0.345807 0.796833 0.516032 -0.39721 0.557638 -0.0700206 0.590918 0.428367 0.0621669 1.04733 0.351674 1.5434 0.95796 0.895489 -0.253216 -0.913882 -0.717189 -0.185842 -1.23158 -1.42176 -1.43016 0.29455 -0.916459 0.825249 4.52121 0.690727 -1.43123 -1.43151 -1.76627 0.894574 -2.06109 -1.6134 -2.92501 -1.21781 1.77167 -3.01319 
-0.226254 0.101356 1.35022 0.38076 0.483084 -0.624006 -1.22085 0.234255 -0.567755 -0.588683 -0.408332 0.212628 -1.23702 0.890287 4.08941 0.554655 -1.55849 -1.6053 -1.41864 0.948906 -1.92971 -2.43008 -2.61758 -1.33201 0.424392 -2.64004 0.545686 0.403036 -2.21403 -2.17592 -1.62068 0.873521 3.24998 -1.62713 1.01564 2.59024 1.39416 -1.20363 1.54966 
0.356801 2.27018 0.899965 -1.9043 -0.808469 -0.902605 0.551696 -1.37207 -2.5001 -2.02667 -0.903641 0.486559 -1.59271 0.89736 1.94644 -1.25607 -1.28043 -1.8739 -0.0403607 2.53279 -1.81297 -0.215937 1.16848 -0.0359972 -0.909077 0.633202 -0.153965 -4.5904 -1.76231 3.35162 0.474617 3.00959 -0.189864 2.41389 4.44581 5.38371 3.24954 -1.61825 4.61073 
0.671106 2.04779 0.0941487 -0.899673 -1.39081 -0.664367 1.31194 -1.57871 -0.783691 0.579794 -0.444329 -0.696449 -0.603815 0.736323 -0.50099 -1.20765 1.79312 -1.13068 1.59096 0.759042 0.484178 2.01573 2.76613 1.91753 -1.19385 1.97069 -0.376423 -2.75909 0.846127 2.17331 1.12527 1.20077 -2.51509 2.32351 0.158924 -1.91431 1.46831 1.13975 0.256367 
1.09312 1.76919 -0.307687 -0.111177 -1.93915 0.68835 1.31074 -0.887893 -0.484374 0.739463 1.01389 -0.707295 0.377981 0.520937 -0.812649 -0.409945 0.892878 -0.748624 1.16041 0.017698 0.510541 -0.0570126 -0.745833 1.43231 0.230671 0.889569 -0.56625 -0.310379 0.978637 -1.57299 1.25062 -1.12764 -1.02972 -0.969628 -2.51825 -4.16204 -2.32876 1.67288 -1.29044 
1.19204 1.23514 -0.315796 -0.00679435 -2.13944 0.496046 1.32964 -1.06817 -0.840704 -0.166039 0.987985 -0.465778 0.285753 0.170073 -0.811368 -0.229014 0.220135 0.119941 0.463311 -0.270673 -0.48545 -0.502523 -1.39591 -0.411231 0.479026 0.680256 -0.372557 0.260711 0.0171854 -1.72472 1.29349 -0.543353 -0.112723 -0.804298 0.0872795 -0.238904 -1.63016 0.59878 0.0220143 
1.2632 0.957818 -0.536702 0.108957 -1.81921 1.15166 1.04006 -1.37334 -0.986897 -0.656445 0.60266 -0.22827 1.05824 0.148379 -0.551938 -0.39276 -0.831842 0.544863 0.617061 -0.0950247 -0.293756 0.0302669 -0.984737 -0.197844 0.829451 0.911583 -0.0589271 0.540611 0.0518565 -1.18325 0.113399 -0.251246 0.817952 0.615208 0.388945 0.42122 0.329926 -0.0180548 -0.656771 
1.34042 0.683206 -0.708556 -0.838637 -1.59457 1.11311 1.23461 -1.36193 -0.810437 -1.15078 0.790141 0.363672 1.19734 0.111146 -0.270757 -0.177158 -0.963113 0.23334 0.212065 0.547278 0.129758 -0.113578 -0.974688 -0.081305 0.460971 0.0234847 -0.0723584 0.543102 0.512914 0.748195 -0.254132 -0.377044 0.902349 0.599387 0.118562 0.994018 0.175997 -0.219593 -0.284763 
1.37434 0.687061 -0.71386 -0.854156 -1.58587 1.36373 1.58734 -1.24359 -1.10047 -1.63113 0.521355 0.232701 1.08172 0.076021 -0.00883585 0.120155 -0.0836474 0.290731 0.240017 0.807324 0.30563 0.148829 0.00928097 -0.021847 0.609858 0.62682 -0.129347 0.515851 -0.0770795 1.20924 -0.362507 0.0695454 -0.570172 -0.0315795 0.325114 0.909718 -0.263123 -0.188988 -0.40319 
1.41644 0.67437 -0.588402 -0.922284 -1.30384 1.35312 2.04194 -1.0563 -0.661608 -1.14149 0.768294 0.97353 1.82416 -0.0182014 0.245094 -0.254237 0.24613 -0.129168 0.28161 -0.0228939 0.0981781 0.211536 -0.06497 -0.344428 0.271982 -0.379705 -0.144554 0.298515 -0.691659 0.291825 -0.876984 -0.188187 -1.21492 -0.546631 -0.775089 -0.092796 -0.405404 -1.94165 -2.35016 
1.35614 0.932156 -0.968097 -0.608026 -1.71504 1.64534 1.56445 -1.14541 -0.888939 -1.6961 0.176927 0.504684 0.702016 -0.0685334 0.289679 -0.571504 0.208178 -0.586253 0.0518304 -0.407596 -0.241001 -0.62626 -0.0835151 -0.427251 -1.33179 -1.72334 0.0737025 -0.454737 0.378495 -0.885903 0.327298 -0.877711 0.474743 -0.339186 -0.325249 1.30288 0.817527 -1.10678 0.510066 
1.34791 0.964049 -1.15991 -0.714106 -1.8901 1.40496 1.63434 -1.2973 -1.28787 -1.22501 0.341043 -0.358258 0.100818 0.0555012 -0.209642 0.124257 -0.639773 0.198131 -0.596101 0.451849 -0.241008 -0.113712 1.23791 0.473099 -0.834797 0.13036 0.128389 -0.617529 0.847039 -1.05059 1.01717 -0.513413 0.308475 -0.333209 0.431509 0.0284827 0.326715 0.490657 1.69369 
1.41164 0.722513 -0.84384 -1.2478 -1.51691 1.04923 2.0163 -1.38642 -1.00265 -0.458188 0.650026 -0.330113 0.832377 0.0598559 -0.32785 0.275535 -0.84241 0.430916 -0.461583 -0.0991215 -0.57421 -0.19475 -0.0550324 -0.100536 -0.841131 -0.0296437 -0.081089 0.100698 -0.323032 0.8301 -0.123669 0.503066 -1.52421 -0.213715 -0.17252 -2.03191 -1.01752 -0.313138 -1.30832 
1.40777 0.636199 -0.884371 -1.55652 -1.45918 0.943372 1.53522 -1.87151 -1.48262 -1.28004 0.240507 -1.19939 0.0711741 -0.0255879 -0.108945 -0.198775 0.190326 0.0744613 -0.0930345 -1.07236 -0.454723 -0.286233 -0.793997 -0.544425 -1.14793 -1.17796 -0.143879 0.73303 -0.680429 2.03646 -0.527296 0.91866 -0.740648 1.0362 0.839219 0.48177 -0.225627 0.866197 0.601254 
1.38605 0.613569 -1.04261 -1.05747 -1.44245 0.9562 0.943939 -1.84114 -1.28888 -1.25218 0.1056 -1.47805 -0.345585 -0.084023 0.40518 -0.404894 1.19405 -0.0963807 0.457077 -0.83977 0.461988 0.644468 0.426738 -0.326163 0.0250666 0.571611 -0.0493244 0.684035 -0.0411778 0.899662 -0.138382 0.72112 1.12221 1.22837 0.589344 1.65672 1.16086 2.25153 2.19975 
1.32374 1.04138 -1.28927 -0.362468 -1.55556 1.40045 0.695448 -1.40952 -0.838149 -0.853304 -0.0856553 -1.17432 0.642785 -0.0749123 0.575091 -0.239953 1.08999 -0.0639207 0.628086 0.0498476 0.773646 0.303111 0.862725 0.616436 1.10359 1.02179 0.0709471 -0.493242 0.272311 -1.45837 0.144713 -0.469656 1.34583 -0.654037 -1.18067 -0.614785 0.797942 -0.360894 -0.709128 
1.31114 1.18866 -1.28257 0.032516 -1.50637 1.58429 0.993787 -1.06749 -0.985773 -0.38946 0.722036 -0.374457 0.676202 -0.0130759 -0.0880624 -0.132584 -0.264323 0.0483324 -0.0125787 0.50606 -0.192048 -0.536204 -0.188047 0.471779 -0.335828 -0.137517 0.121063 -0.737627 0.220788 -1.71295 0.324539 -0.607649 0.720321 -0.753517 0.0300308 -1.30935 -0.205869 -1.58617 -0.520256 
1.31067 0.953316 -1.42185 -0.626791 -1.50723 1.38787 1.20151 -1.60157 -1.37435 -1.04135 0.386124 -1.51015 0.505268 0.0461504 -0.162537 -0.0191649 -0.622965 0.260618 0.0204366 0.770169 0.0201287 0.333142 -0.446626 0.410567 -0.482583 0.501531 0.0715703 -0.332268 0.244058 -0.699739 0.286859 -0.401302 -0.00548483 0.248925 0.71357 -0.498502 -0.307237 0.836944 -0.675036 
1.35729 1.02612 -1.30173 -0.590449 -1.24575 1.60472 1.76396 -1.04736 -0.652631 -0.836086 1.1326 -0.85704 1.17773 0.0584944 -0.420331 0.111475 -0.964062 0.335192 -0.413881 0.500575 0.0568767 0.177366 -0.686549 0.164542 0.501116 -0.812553 -0.0580847 0.00972685 -0.0323326 0.378851 -0.214313 -0.191713 -0.591316 -0.115628 -0.64771 0.618076 -0.110551 0.712477 -0.0475863 
1.36916 0.532985 -1.31037 -1.59085 -1.17204 0.97399 1.70208 -1.54469 -1.19699 -1.7279 0.550666 -1.00903 -0.307285 -0.0119342 -0.15281 -0.0514975 -0.244114 0.046305 -0.171277 0.178853 -0.0954997 -0.314568 0.171451 0.300016 0.229894 0.453945 -0.127592 0.612989 -0.187084 1.61176 -0.381752 0.95942 -0.404606 -0.0192039 -0.4988 1.55074 0.0832667 -0.219719 2.00429 
1.34536 0.873312 -1.35323 -0.834563 -1.19945 1.43345 1.94281 -1.14286 -0.967199 -0.664635 1.43262 -0.627145 1.63168 -0.0690977 0.192658 -0.0756089 0.647702 -0.0465598 0.54554 0.0959692 0.0376728 -0.321434 0.864188 0.247808 0.281397 1.19174 -0.0865543 -0.0313633 -0.289367 0.546635 -0.120137 0.461363 -0.749188 0.00916697 -0.383178 -0.414741 -1.11531 -1.05707 -1.84192 
1.30006 0.725644 -1.38598 -0.943151 -1.2186 1.51953 1.79805 -1.50702 -1.51842 -0.863713 0.798474 -0.727636 0.884454 -0.0984886 -0.184173 -0.340864 0.302521 -0.0738325 0.290087 -0.570334 -0.0863328 -0.697746 -0.24329 -0.815291 -0.827175 -1.38798 0.06199 -0.241336 -0.0184278 0.208364 0.303627 -0.671862 -0.460693 0.340739 0.793952 -0.382922 0.0933357 -1.05343 -1.23469 
1.24687 0.689139 -1.69409 -0.532042 -1.27328 1.72353 1.37247 -1.2292 -1.66494 -0.907926 0.617328 -1.45432 0.243701 -0.00710772 -0.0486776 -0.0940368 0.856066 0.257067 -0.126323 -0.364724 0.378412 0.472518 0.481266 0.341144 -0.772037 -0.0429518 0.0665722 0.257935 0.241073 0.395157 0.136659 -0.707893 -0.602318 0.283853 0.79543 1.38095 0.362157 0.24054 -0.0885817 
1.29296 0.676966 -1.48002 -0.0870852 -0.961529 1.39321 1.43333 -1.12861 -1.0459 -0.382446 1.13962 -1.49967 0.841502 -0.0319163 0.0737612 -0.0997909 0.697678 0.0628261 -0.417806 -1.17265 0.197521 0.0976843 1.13766 -0.453134 -0.586635 -1.47656 -0.0423694 -0.0290668 -0.22759 -1.16318 -0.242963 -1.05148 0.0102447 -0.934453 -0.976498 -1.1089 -1.18676 -0.325032 -3.10725 
1.21495 0.7629 -1.79388 0.165636 -1.21045 1.30573 0.199822 -1.03168 -1.56726 0.22973 0.164194 -2.04096 -1.23286 -0.0494771 -0.0777444 -0.321626 -0.307113 0.0141044 -1.17781 -0.354479 -0.556041 -0.50398 -0.627632 -0.845619 -1.09707 -3.1502 0.0258944 0.299636 -0.144198 -0.658141 0.272884 -0.363674 1.93645 -0.0222648 0.454571 -1.27945 -0.643789 1.79856 1.37132 
1.24348 0.599222 -1.80165 -0.394199 -0.947425 0.215399 1.07885 -1.68465 -1.54988 -1.01008 0.293999 -2.59674 -2.3087 -0.00602193 0.373397 -0.243989 0.039537 0.33571 -0.78148 0.763794 0.175256 0.552255 -0.141797 -1.09692 1.21193 -0.105243 -0.0137699 0.582803 -0.103691 1.00986 0.187168 0.989618 0.404619 1.16232 1.15147 1.38055 -0.597896 2.90636 4.60907 
1.20893 1.1363 -2.03787 0.205173 -0.874742 0.524246 0.963616 -0.85642 -1.015 0.0879331 -0.932729 -0.82903 -1.3381 -0.063247 0.505059 -0.425317 0.702745 0.201272 -0.18819 0.0501402 0.606281 0.647491 0.75292 -1.44352 1.80929 1.45887 -0.0467183 -0.382154 0.379769 0.188573 -0.0745734 -0.0121274 -1.3065 -0.171092 0.0477921 -0.326995 1.08725 -1.57844 0.582467 
1.18023 1.10428 -2.22696 0.308547 -0.746152 0.0272098 1.12899 -1.07837 -0.902394 -0.257159 -1.14952 -0.787447 -0.849824 -0.0527403 -0.00875643 0.13578 0.22811 0.261137 -0.793607 -0.542707 0.00416411 0.600047 -0.468792 -0.00967245 -0.366518 0.477224 0.0433162 -0.724608 0.914624 -0.246541 -0.0210595 -0.424793 -1.69375 -0.382686 0.186196 -0.91176 1.19082 -3.33586 -1.51307 
1.15619 1.12754 -1.90209 0.433283 -0.613605 -0.269361 0.420908 -0.852256 -0.414957 -0.380859 -0.942401 -1.19555 -0.860876 -0.0199308 -0.219549 0.489306 0.456204 0.180213 -0.612982 -1.64361 0.223595 0.833687 -0.15884 -0.252696 -1.52657 -0.0541982 0.0601625 -0.45782 0.524925 0.37433 0.231352 -0.487042 -0.212482 0.2341 0.833742 0.670833 -0.245483 0.171816 -0.83733 
1.1603 0.884731 -1.73766 0.764751 -0.56594 -0.585772 -0.514617 -0.854772 -0.068707 -0.415999 -1.40221 -2.31402 -0.904022 0.00742222 -0.466577 0.660704 0.602439 0.492489 -1.28065 -0.755189 0.238265 1.43379 0.202041 -0.255156 -0.194702 -0.360106 -0.073054 0.564705 -0.137482 0.570043 0.151411 -0.129538 1.6836 0.449921 1.04158 -0.137065 -0.227326 2.46595 0.438086 
1.16361 0.660964 -1.24139 1.03572 -0.121117 -1.55001 -0.334281 -0.613992 1.01883 -0.178818 -1.19756 -1.39025 -1.22098 -0.0929848 0.345155 0.351824 1.02625 0.331624 -0.74252 0.0399942 0.673516 1.87526 -0.295905 -0.480022 0.939377 0.383888 -0.221911 0.972786 -0.677176 0.240144 -0.770774 0.98066 0.278321 0.0309327 -0.614085 -1.43711 -1.15707 0.321867 -0.190662 
1.06732 1.22989 -1.38583 1.791 -0.234315 -1.32829 -0.474622 -0.181257 1.80656 -0.711903 -1.88223 -1.37464 -0.520135 -0.214488 0.506209 -0.0164718 0.842583 -0.278285 -0.29999 -0.476868 0.269197 0.819704 -1.23507 -1.41223 0.127164 -0.550768 -0.142482 -0.321911 -0.0295974 0.515642 -0.423169 0.265547 -0.464963 -0.689223 -1.48857 1.13425 0.935733 0.303495 -1.21394 
0.949125 1.16717 -1.25786 1.8783 -0.399402 -1.85 -0.811149 -0.344794 1.83854 -1.41388 -2.60978 -1.26309 -1.77175 -0.235467 0.0232442 0.322227 1.54189 -0.0915452 -0.476973 -0.424968 -0.0157074 0.386695 0.838347 0.455712 1.24287 -0.830054 -0.0279817 -0.58498 0.641594 0.159178 0.686571 0.0697075 -0.340524 -0.475963 -0.59031 3.19363 3.09171 0.863647 0.494474 
0.831849 1.25313 -1.06361 3.33289 -0.32586 -1.80527 -0.899591 -0.196964 2.19325 0.126444 -1.42652 -0.131768 -1.35019 -0.24247 -0.0787709 0.625122 1.00176 0.408286 -0.230282 -0.817392 -0.206766 0.229394 1.95857 1.67949 0.990812 -0.056294 -4.48851e-005 -0.0944516 0.37539 -2.40888 0.00890264 0.0159916 -0.31433 0.14767 -1.24702 -1.95887 -0.23556 -1.90285 0.992291 
0.706655 1.0884 -0.63274 2.88007 0.00888442 -2.08028 -1.62854 -0.55156 2.06793 0.544683 -0.930297 -0.272275 -1.82804 -0.235512 -0.0712074 0.697616 -0.866995 -0.0826425 -0.460982 -0.739298 0.131962 -0.86032 -1.12053 0.220152 -0.659982 0.162237 0.0283155 0.712823 -0.134278 -1.70169 -0.337774 -0.152052 0.940084 1.23771 -1.48432 -3.30161 -2.29944 -0.554936 2.55357 
0.596337 1.18192 -0.36599 2.46589 -0.408503 -2.26625 -1.63889 -0.0650017 1.33293 -0.994081 -1.20637 -0.79175 -1.18795 -0.214155 0.634052 0.490845 -0.699932 0.0705121 -0.382335 0.122692 1.03094 -1.25492 -1.34304 -0.619956 0.435876 2.49727 -0.021049 0.160303 -0.0922889 0.273304 0.56786 0.809876 1.22276 -0.28864 0.77939 1.07629 -1.40694 2.43541 1.14204 
0.4925 1.72245 -0.141895 2.18013 0.0793965 -2.46262 -1.50585 0.47938 0.813005 -0.798361 -1.55025 0.163601 0.669228 -0.256561 0.0890956 0.605328 -0.593692 0.485217 0.348894 0.483465 -0.156678 -0.0809299 -0.0442312 -1.18679 1.77543 1.30428 -0.167133 -1.4215 0.215968 1.25168 -0.132771 0.0520765 0.0339965 -1.80561 0.226678 0.525892 1.15179 -1.28844 -4.76579 
0.339776 1.27102 0.239337 1.8722 0.0767143 -1.91735 -1.15542 -0.22168 1.252 -1.03831 -2.39316 0.983677 0.116326 -0.381288 -0.787447 0.706813 0.551749 -0.0622589 -0.330258 0.156689 -0.774672 -1.02825 -0.817152 0.531838 -0.852564 -2.26852 -0.258671 -0.391339 0.343497 1.11298 -0.155289 -0.424347 0.00839302 0.315094 -1.43031 0.31945 3.73382 -2.27435 -2.73278 
0.111212 0.935008 0.564918 2.73188 0.0171376 -2.79288 -1.34916 -0.295292 -0.215241 -1.61551 -1.01842 -0.688963 -1.5993 -0.515232 -0.302243 0.948825 0.519285 0.329928 -0.0754529 0.491858 0.158415 -1.51124 0.275219 2.54703 -0.49892 -1.4285 -0.157162 0.493472 -0.149241 -2.67961 0.775809 2.16297 2.20028e-005 1.52745 0.928849 2.82342 1.12367 1.3715 2.16972 
-0.175456 0.968775 1.18816 2.39149 0.406643 -1.99281 -0.663565 -0.0632642 -0.259241 -0.763094 0.153876 0.484757 -1.31218 -0.53845 -0.293975 0.557572 -2.12786 0.71355 1.83272 0.156711 0.752776 -0.0993968 2.00627 1.65551 0.518932 -0.0988024 0.0209653 -0.504368 -0.852396 -1.69837 0.0523421 1.91307 -0.259818 0.580497 1.27509 -0.846299 -2.65627 0.107835 2.58742 
-0.427238 0.641033 1.12249 0.604024 0.730687 -0.96016 -1.19245 0.457484 -0.314637 0.390753 0.637091 -0.170031 -1.6981 -0.494267 -0.806611 0.0964283 -1.17909 0.382271 1.83761 0.23204 0.738913 -0.236155 -0.571081 -0.109243 -0.391085 1.15892 0.213776 -0.954834 -1.05804 2.47663 -0.813668 -1.27271 1.13952 -0.827901 -0.0948655 -3.71032 -4.39397 -0.788488 2.04596 
-0.669723 0.162164 1.28459 1.2124 0.788913 -0.155191 -0.431525 0.675649 -0.495396 -1.33417 0.0446326 0.0936726 -0.153263 -0.324674 -1.24881 -0.500469 0.348772 -0.100118 0.560004 1.29623 -0.0751241 -0.194262 -1.70405 -2.73846 -0.269555 1.94716 0.324709 -0.175343 -0.769128 0.317273 -0.265281 -1.72494 -0.0790925 -0.255643 1.32303 2.64326 0.745435 0.770409 -1.50795 
-0.751911 -0.607776 0.622021 0.952796 0.630569 -0.400156 0.103783 0.38236 -0.5089 -1.3133 -2.10137 -0.439586 0.249064 -0.169558 -0.981954 -0.6727 -0.861813 0.11699 0.11267 0.152948 0.48327 1.08687 2.07218 0.636192 0.379325 -0.349037 0.262919 0.915819 0.411863 -0.577054 0.569297 0.0606937 -0.767742 0.639643 1.56647 4.26203 4.08494 0.65891 -3.50786 
-0.839281 -0.81979 0.61189 0.350588 0.905903 -0.0425213 -0.278577 1.15892 0.591478 0.738002 0.680825 0.472997 -0.5023 -0.0617548 -0.33299 -0.0886066 -0.228282 0.469179 0.620698 0.528491 0.564519 1.3722 2.55798 1.34648 0.389355 -1.56069 0.247495 1.06232 0.577784 0.728336 -0.354925 -0.330221 -0.0607249 -1.34167 -1.9829 -1.48421 -0.186114 0.170251 0.281573 
-0.813666 -0.940766 0.533414 0.724514 1.09975 0.220542 0.632274 0.946879 0.863304 1.24468 -0.754892 -0.0502314 -1.31163 0.0779365 0.0803706 -0.094916 -0.133476 -0.237935 -0.217551 0.0922228 -0.858402 -0.89602 0.587964 0.450078 0.549575 -0.0674637 0.0943732 0.434311 0.375191 0.105703 -0.966153 -1.3028 -1.41855 -0.275485 -2.1639 -2.7 0.138418 0.590692 2.44756 
-0.761344 -0.739419 0.516974 0.217111 0.667968 -0.260073 -0.186355 0.300517 -0.304542 1.32597 1.1309 1.02257 -0.569764 0.0326183 0.101321 0.286584 -0.122579 -0.496974 -0.682106 -0.890064 0.289034 -0.791692 -0.142027 1.4849 0.980047 0.886871 -0.156056 -0.19985 0.211195 -0.0639648 0.438097 0.616862 -0.282356 2.00166 2.18222 -0.699672 -1.68227 0.434952 0.28617 
-0.781048 -0.839445 0.819999 0.601935 0.602774 -0.461565 -0.257791 1.23591 0.0716119 1.10265 0.730006 0.929816 -0.424758 -0.0781191 -0.119479 0.116279 -0.197441 0.200162 0.399311 -0.190133 1.14326 1.2862 -0.111707 -1.23219 0.984528 0.218707 -0.149589 -0.092167 -0.583859 -1.13422 0.522851 0.970168 0.343961 -0.800117 1.18921 -0.109457 -1.44927 -0.826945 -1.18036 
-0.839464 -0.858899 0.633253 0.01967 0.86813 0.139238 -0.376488 1.44377 0.981662 1.21426 -0.101287 2.0071 -0.351057 -0.116971 0.00915408 -0.297275 -1.25679 0.0258769 0.288062 -0.546103 -0.511083 0.397522 -0.251484 0.0356327 0.153102 -0.293491 -0.0274938 0.244107 0.176933 -0.23473 -0.308238 -0.239827 0.265115 -1.72159 -1.51898 -0.055737 2.09753 -1.74743 0.961721 
-0.898019 -0.830291 0.522723 -0.65486 0.628651 -0.173503 -0.803894 0.724831 0.469134 0.851169 0.765639 1.08292 -0.718249 -0.105613 0.124628 0.293212 -0.432172 -0.108076 0.159484 0.0749821 -0.578331 -0.232777 -0.167444 0.865343 -0.762904 1.18043 0.0615593 0.192791 0.623279 1.89882 0.272504 0.300531 0.851531 0.570682 0.119021 -0.41687 -2.46171 -2.09581 0.928023 
-0.945077 -0.734271 0.926465 -0.412501 0.760054 0.298722 -0.301506 0.865441 0.748884 1.04681 0.764056 1.2442 0.82937 -0.0554119 0.201945 0.326004 0.642026 0.298381 0.588592 0.305428 0.0595991 0.516543 -0.668354 -2.42608 -1.9427 0.634532 0.100165 0.0945231 -0.458903 0.398858 -0.0211143 -1.04636 -0.774896 0.00803752 -0.104511 -0.268968 -1.19749 -0.238441 -2.4539 
-0.953431 -0.628346 0.848728 -0.0128336 0.927032 0.415089 -0.498466 0.78443 0.985677 0.182815 -1.66044 -0.859786 -0.0837172 -0.00544789 0.219151 -0.165691 -0.0333138 -0.12919 -0.886878 -0.699914 -0.570293 -0.337288 -0.436412 -0.332146 -1.00134 -1.27347 -0.0254697 -0.593723 -0.453575 -0.521627 -0.373581 -1.18029 -0.549386 -0.362958 -2.41135 0.365628 3.29269 3.24475 -0.151428 
-0.950524 -0.51512 0.760775 -0.445815 0.630864 -0.588156 -1.00142 0.295148 0.411596 0.610403 0.43191 0.242851 -0.444105 -0.0808815 -0.391778 -0.127571 0.120399 -0.0751997 -0.591694 -0.243958 -0.303358 -1.89481 -0.302727 0.866619 1.30205 0.483104 -0.0491177 -0.559656 0.012648 0.177423 0.278497 1.02691 1.07955 1.21066 -0.000420147 -0.447873 -0.421647 2.11287 3.12458 
-1.03431 -1.02012 0.721157 0.107565 0.851833 -0.176605 -0.742424 0.481072 -0.909134 -0.119912 -0.793818 0.442262 0.399387 -0.0545656 -0.340505 -0.153043 0.144109 0.149306 0.140032 0.379639 0.640371 -0.337708 -0.884285 -0.753793 1.11152 1.85111 0.131756 0.420296 -0.279021 -0.765307 -0.00407673 0.635001 0.17137 0.319397 3.06919 -0.237159 -0.733785 -1.34776 -0.837126 
-1.00509 -0.855625 0.607732 -0.301706 0.780171 -0.448124 -0.621781 0.935519 0.0738884 -0.273882 -0.321883 1.35437 1.407 0.0508746 0.0285187 -0.406592 -0.644908 -0.0792764 0.0433062 -0.0725883 0.0160388 1.17438 -0.539885 0.132834 -0.0457138 -0.354021 0.0707774 0.410254 0.455295 -0.18917 -0.361013 0.0101292 -0.561465 -0.421909 1.20831 0.910286 1.56531 -1.9658 -4.07486 
-0.983438 -0.991605 0.314564 -0.537342 0.772556 -0.133299 -0.815012 0.497111 0.265242 -0.659798 -0.660984 0.396548 0.0453658 0.0162118 0.0697491 0.302253 -0.0450604 -0.211707 0.150161 -0.181826 0.218462 0.870607 0.026001 0.811518 -0.854273 -2.22375 -0.0436372 0.093021 1.09024 1.17601 0.134837 -0.0518084 0.875699 0.736565 -0.684661 2.76505 -0.104068 -0.848296 0.156878 
-0.988878 -0.785876 0.909985 -0.346766 0.568464 -0.297962 -0.803607 1.15398 0.944495 -0.247881 0.489636 0.500102 -0.816743 0.00723749 0.12154 0.683648 0.531103 0.0555611 -0.00850222 0.80311 0.752604 0.489715 2.22516 0.0287657 -0.894009 -0.197143 -0.0198445 -0.233971 -0.60517 -0.022038 0.43174 -0.305463 0.325406 0.143713 -0.929059 0.575213 -2.66693 0.616856 3.16836 
-0.9762 -0.870065 0.998212 -0.00623925 0.828117 -0.141801 -0.0119018 1.24971 0.754957 1.56537 -0.632219 -0.497461 -0.151777 -0.00363279 -0.164222 -0.302917 -0.0670984 0.220034 -0.155301 0.14358 0.362174 -0.0584528 0.601214 -1.85541 -0.237416 0.944608 0.00115923 0.00731869 -0.83402 -0.423713 -0.0437394 -0.560966 -1.57937 -0.914982 -0.924069 -4.25482 -0.347562 0.644788 -1.02523 
-0.992511 -0.950098 0.607067 -0.413865 0.788498 -0.453264 -0.660027 1.51615 0.886042 0.353333 -1.36577 0.262685 0.127866 0.00839672 0.128858 -0.150372 0.10739 0.0118217 -0.569468 -0.776262 -0.162378 -0.434355 -2.02966 -0.318797 -0.249221 -1.22237 0.0688088 0.39182 0.472836 0.37174 -0.36503 0.207329 -0.110879 -1.13107 -0.836769 -0.360708 1.98144 -0.155711 -0.873675 
-0.967803 -0.741207 0.84784 0.101151 0.839939 -0.711269 -0.788164 1.08734 0.320602 -0.464292 -0.951015 -0.746682 -1.37415 0.065176 0.227598 0.169919 0.304641 -0.144996 0.0520275 0.0327006 -0.768897 -0.895222 0.240507 0.126033 -0.393127 0.0709331 -0.0283211 -0.336111 0.17893 -0.18264 -0.125128 0.984434 1.48975 0.549434 0.285189 2.36642 0.91915 1.20865 2.71614 
-0.927335 -0.7225 0.776986 -0.109223 0.643502 -0.401236 -0.627327 0.747258 -0.00917968 0.593839 -1.23974 -0.130442 0.198799 -0.0199244 -0.207253 0.0285584 -0.0752503 -0.113306 0.414966 0.713492 0.387056 -0.149166 0.33676 0.600353 0.959426 1.49376 -0.139669 -0.498459 -0.0415347 -0.320864 0.185098 0.413161 -0.0181999 1.00384 1.39082 -0.147051 0.453348 1.00154 0.252447 
-0.987728 -0.948459 0.876399 0.0259004 0.726633 -0.296303 -0.0746724 1.47439 0.171437 -0.127532 -0.350662 0.212744 0.119611 -0.0744927 -0.270862 0.128384 -0.016222 0.0401022 0.465189 0.0145007 0.23494 0.495596 0.0934555 0.579381 0.608417 0.32338 0.0129637 -0.0412339 -0.096064 -0.405792 -0.0429727 -0.277905 -1.52196 -1.64877 -1.02466 -1.296 -1.38606 -0.320806 -0.912535 