-1.11049 -0.862829 0.463984 -0.128661 -0.365832 1.05869 1.44408 1.48902 1.08467 0.790495 1.3919 -0.444777 0.253639 -0.0359488 -0.0297075 -0.130584 0.14701 1.42936 0.510053 0.0872074 0.115287 0.0779155 0.758743 -1.29984 -0.715864 -0.0092849 -0.127149 -0.32897 -0.789267 -0.471442 0.280325 -1.07443 -1.02942 -0.668637 -1.18632 -0.751167 -1.31103 1.34245 1.04987 
-1.18387 -0.997901 0.000561059 -0.5942 0.177154 0.951273 1.23698 1.25297 0.880321 1.63423 0.904059 -1.26122 -0.324551 -0.0354087 -0.0303745 -0.391531 -0.55781 -0.661352 -0.979164 -0.680988 -0.766422 -0.653224 0.401355 0.701709 0.366883 -0.0602843 0.139605 0.271361 0.570995 -0.0903305 -2.21705 -1.18048 -1.20237 -0.719386 -0.394978 -1.72966 0.989738 2.44452 1.75039 
-1.1459 -0.893204 0.0724525 -0.686471 -1.02718 0.0795255 0.763092 0.722601 0.431449 1.19185 2.09361 -0.0778939 0.193355 0.103656 0.241653 0.440412 0.0566797 -0.787688 -0.67043 -1.11516 -0.604098 -0.317063 -0.970916 -0.310101 1.72866 1.74111 0.0497866 0.158692 0.687324 0.924443 1.54117 1.86554 0.453234 0.671317 0.252049 -1.16612 -3.14837 0.458127 1.37128 
-1.08022 -0.756247 0.440973 -0.537521 -0.610534 0.280842 0.12182 0.648872 0.563258 0.663317 0.593958 0.467431 1.41655 0.0143778 0.128318 0.295793 0.366632 0.879822 0.886374 -0.227755 -0.0951053 -0.401175 -0.764761 -2.44666 0.82501 1.311 -0.192116 -0.291976 -0.265928 -0.602456 0.723572 0.890712 1.15074 0.689977 -0.187976 0.414919 0.432903 -2.75488 -3.45237 
-1.13152 -0.764886 0.368245 -0.319839 -0.147361 0.9659 0.535338 0.627496 0.0302735 0.427089 -0.353051 0.747116 1.50435 -0.0884597 -0.0503224 0.174484 -0.545777 -0.0641159 0.220281 0.0355799 0.0858783 -0.505039 -0.555997 0.122802 -1.02623 -1.71126 -0.0556766 -0.37567 -0.46832 -0.35718 -1.56609 -1.68361 -0.106247 0.0745589 0.436559 0.0200367 0.945568 -2.54374 -2.60707 
-1.16868 -0.80657 0.615457 -1.0833 -0.674649 0.501124 0.1574 0.73475 0.0582191 0.10732 0.71676 -0.558795 -0.29471 -0.0412988 -0.247353 -0.172527 0.00945228 -0.686267 -0.797239 -0.334002 -0.0205464 0.0353835 -0.744724 -1.50109 -1.71873 -1.29607 0.143983 -0.175133 -0.938314 1.10846 0.24534 -0.53169 0.0628429 -0.3149 1.07582 0.862916 -0.65101 1.53154 2.29023 
-1.17282 -1.01224 0.195719 -0.310387 -0.833627 0.168661 0.201336 0.60695 0.065657 -0.317635 -1.85414 -0.971616 0.208279 0.0555233 -0.225455 -0.76383 0.562688 0.181224 -0.311408 0.0984228 -0.229022 0.57078 0.306919 -0.528208 0.505317 0.578968 0.0897146 0.49821 0.314011 -0.277966 1.14831 1.3808 1.30642 -0.0434827 0.139295 2.35425 3.94598 2.48666 1.69653 
-1.11315 -1.03202 -0.148373 -0.520609 -0.493426 0.189715 0.255823 0.505728 0.629 0.41424 0.188552 -0.0534779 0.284258 0.0484158 0.250857 0.141485 -0.268514 0.462041 0.583564 0.972418 -0.0640292 0.174678 1.60952 2.44489 0.767932 0.400463 -0.160504 0.207457 0.960656 -1.43217 -0.942329 0.497308 0.141178 0.335119 -1.50836 -1.05067 -1.12669 -2.9025 -1.50293 
-1.1244 -0.761381 0.337203 -0.578901 -0.371586 0.752226 1.17375 0.54292 0.240335 1.29189 0.590746 -0.203684 0.608742 -0.10498 -0.0179983 0.196826 -0.869478 -0.761106 0.185899 0.239601 0.106097 -0.937579 -0.74375 -1.6549 -2.39718 -0.923964 -0.0744391 -0.269958 -0.277151 0.0399058 -1.33286 -0.797615 -1.26787 0.716678 0.344656 -2.36546 -3.96507 -2.04478 -1.46637 
-1.21813 -1.05002 0.0484531 -1.39009 -1.25453 0.375614 0.495423 0.611825 -0.30858 -0.32951 -1.46634 -2.45066 -0.639706 -0.0260233 -0.0191003 -0.135667 -0.228608 -0.870816 -0.214051 -0.295455 0.652649 0.519334 -0.755932 -1.52018 -1.27684 -1.0659 0.18138 0.227229 -0.2749 1.08258 0.58423 -0.0493964 0.286232 0.619723 2.31532 2.29156 4.62337 5.27821 1.79855 
-1.15043 -0.780482 0.201536 -0.807509 -1.2424 0.538175 0.878298 1.19557 0.759669 0.535956 -0.929434 -1.48053 -0.457162 0.0764 0.209231 -0.0780735 0.213097 -0.176876 0.136503 0.525833 0.72582 1.37774 1.54781 2.96847 2.88103 0.874583 0.251872 0.1054 0.409685 1.07372 1.79056 0.191827 0.240259 -0.738381 -0.187514 0.812831 2.958 3.20964 2.58874 
-1.14173 -0.840793 -0.0296204 -1.17699 -1.43141 0.512117 1.02126 1.33765 1.06916 1.2183 1.50213 0.430373 0.234877 0.225849 0.0862997 0.274018 0.84511 0.919741 -0.0222237 -0.0551963 -0.0857318 0.33182 0.0568987 1.43782 1.9328 1.52284 2.13474 -0.745224 -1.82755 1.45266 1.54444 -2.34566 0.954099 -2.43057 -2.06834 -1.72534 -2.92082 -1.61225 0.688262 
-0.924579 -0.694182 0.475555 0.0376003 -0.322661 0.515951 0.823102 1.10984 1.09149 0.592854 0.508383 0.452275 1.06568 2.21114 -0.535994 -1.90562 1.66576 1.36756 -2.20916 1.47993 -1.70475 -0.690602 -0.177532 0.0476512 1.26878 1.56284 2.50157 -0.99456 -1.45055 -1.08981 -1.94337 -1.95865 0.856155 -1.11116 -1.57599 -0.333231 -0.86013 -1.94682 -1.19215 
1.06941 -1.37679 -1.93524 0.488767 -0.0638427 -1.69704 2.50119 -0.367104 0.378556 1.04076 1.54978 1.69915 1.79772 2.72742 -0.90826 -1.17653 -0.244703 -1.02363 -1.98087 0.800959 -1.19689 -1.24417 -0.276332 0.577687 -0.0140141 0.330689 -1.5951 0.0467172 2.55662 -2.67292 -2.64326 1.84266 -4.00366 2.36907 0.760459 -0.200127 -1.38866 -1.87848 -2.3725 
1.80284 -1.60244 -0.700974 -0.207103 -1.34629 -1.46492 1.62406 -0.0870516 -0.152678 0.316522 1.08607 0.43826 1.39637 0.616039 -0.489276 0.650999 -1.00717 -1.27569 -0.366505 -2.52373 0.664318 0.0698571 -0.377659 -1.34101 -0.609703 -0.809651 -2.95773 0.747757 0.552597 1.31414 2.74642 1.40843 -2.70311 1.49564 2.36729 0.172886 -1.34926 0.304439 -1.07349 
1.68545 -1.86606 -1.28424 -0.518401 -1.33953 -2.06355 -0.0225379 0.297213 0.448413 0.663106 0.208764 1.08945 0.98807 -0.230311 -0.160504 -0.623932 1.06944 1.72279 -0.57244 -1.90215 0.298752 1.12312 -0.103447 -0.771569 0.290425 -0.742802 -0.959214 0.915324 -0.724858 2.57879 3.65191 -0.534688 2.15159 -0.829686 1.26667 0.966784 2.52281 -0.0935866 0.713445 
1.57253 -1.76295 -1.32491 0.862338 0.376499 -2.03736 -0.278092 0.2117 0.970445 0.213075 0.3145 0.728686 0.653563 -0.343175 0.426047 -0.0738582 1.57162 2.37622 -0.901193 -0.372136 -0.165368 1.33652 0.589125 1.1818 -0.703289 -0.0962064 -0.360079 0.670293 -0.782135 -1.9505 -1.71934 0.137633 1.35925 -0.53259 -0.881591 0.173286 -0.105438 -0.632411 0.784949 
1.34227 -1.44002 -1.3581 1.05322 1.03669 -2.96474 -0.394674 0.131845 1.78494 1.25223 1.39056 0.386159 0.891864 -0.590389 0.509789 -1.40607 -0.881057 0.00344965 -0.434808 -0.542901 -0.233838 0.241533 0.0698389 -0.877007 -0.341986 0.042147 0.0524845 0.086087 -0.427294 -1.15721 -1.11039 2.50192 0.212617 -0.581404 -2.02413 -1.13876 -3.34789 1.22369 0.728676 
0.982141 -1.25316 -2.73097 -0.0187192 0.379949 -2.47217 -0.820993 -0.0221378 1.21198 0.282914 -0.562507 0.386699 0.695711 -0.290691 0.512134 -0.501152 0.414413 1.26583 1.60073 -0.159519 -0.746772 -0.687608 -0.549632 -2.1661 0.5204 0.63247 0.486657 0.222192 1.74134 0.709567 1.13367 0.800468 0.153353 -0.0426314 0.203424 1.08207 0.272915 -0.0289505 0.94934 
1.05158 -0.927881 -1.85925 1.46764 2.30252 -1.36401 -0.554193 -0.614927 1.09733 0.7026 -0.775534 0.906559 1.52433 -0.103733 0.731981 0.335278 -0.171491 1.13712 0.36566 -0.389548 -0.276469 0.444956 1.15191 -0.604092 -0.370937 0.991487 -0.10657 0.0312779 0.00175567 -2.16279 -2.02589 -1.84118 -0.715996 1.38415 0.704251 0.942407 3.17042 -2.21022 -1.68611 
0.878408 -0.521175 -2.39569 -0.19021 1.51707 -2.10651 -1.21054 -0.298607 1.65693 1.43483 -1.1666 0.0157622 1.6872 -0.39726 0.543412 -0.499397 -1.74838 -0.76006 -0.24045 -0.875515 0.637381 0.0166432 0.392775 1.00432 -1.68982 -1.05364 -0.310572 -0.332194 -0.0488586 1.75973 0.499817 0.687336 0.324512 0.69549 -1.25988 -2.38772 0.759998 -0.526012 -2.39433 
0.65432 -0.384469 -2.35865 -0.280745 1.54246 -1.60446 -1.42971 0.0224544 1.11397 1.09537 0.228787 -0.78326 0.470698 -0.414305 0.399788 0.286419 1.58824 1.63693 1.053 -0.0650357 0.419021 -0.814922 -1.23581 0.155905 -0.896949 -1.40284 0.240503 0.291972 2.73943 4.37114 2.03359 2.28372 0.691813 -1.03024 -0.18332 -1.74378 -3.01585 1.33531 -0.382572 
0.464104 -0.121388 -2.10928 1.39803 3.154 -1.05351 -1.27558 0.120413 0.842012 0.199016 -1.01069 -0.881187 0.284356 -0.156757 0.835385 2.24003 2.62276 1.27353 2.04327 -0.183702 -0.392863 -0.166677 -1.351 -2.01153 -0.354511 -1.43621 0.654612 0.456098 1.49429 -1.92599 -3.78489 -1.14681 -1.09151 -2.22656 -0.492045 -0.508483 -1.56242 -0.634416 -0.52453 
0.497563 0.450915 -0.118619 2.34202 2.81599 0.438813 -1.61341 -0.370409 0.947294 -0.25563 -1.78274 -1.13777 -0.96551 0.240308 0.855886 1.78071 -0.33775 -2.14795 -0.0938096 -1.15655 -1.80754 -1.30697 -1.74429 -1.40652 -1.53137 -1.92737 0.69605 -0.193338 -2.70581 -3.34778 -3.00582 -3.42094 0.072913 -0.63375 -0.756554 0.840171 2.76475 -0.324965 1.0109 
0.704411 0.734498 -0.328565 1.06028 1.00605 -1.14732 -2.43212 -1.68713 -0.464954 -1.54528 -2.41721 -2.41255 -1.64301 0.539292 0.642046 -0.465779 -0.725013 -1.73228 -1.37766 -0.110789 -1.02661 -0.923231 -0.510834 0.75322 -0.679476 -0.425309 0.192792 -0.449433 -2.30944 0.725206 2.67436 0.366854 1.29348 2.20485 1.91369 3.02358 2.70131 3.15581 3.00469 
1.03686 1.09296 -0.584398 1.61701 1.08371 -0.93885 -1.7242 -1.39702 0.024063 -0.766463 -1.02952 -1.81725 -1.39082 0.4331 0.406453 -0.528725 0.387456 0.526412 0.273044 0.136938 0.397308 0.606727 1.27929 1.29479 1.62444 1.07731 -0.369337 -0.609156 0.459506 1.06449 2.30539 0.962231 -0.593735 1.0833 1.92469 1.26356 -0.401034 1.57033 0.46785 
1.13751 1.14095 -0.85729 1.44774 1.53246 -0.87428 -2.29518 -1.28982 0.141773 -0.265991 -1.12242 -0.788108 -0.5657 0.169956 0.03289 -0.00627322 0.339474 0.573106 -0.415432 -0.704524 0.0566835 1.00145 0.752724 0.352186 0.89085 0.0425409 -0.328326 -0.333721 0.649372 -0.541436 -0.323085 -0.733238 0.316817 -0.512032 -0.337121 -1.08309 -0.701582 -1.61258 -1.49489 
1.20681 1.12585 -0.590671 1.95648 1.65681 -1.35428 -2.42872 -1.34034 1.02552 -0.0137397 -0.677335 -0.926396 -1.34828 0.104774 0.0727322 0.120646 -0.15398 0.203327 -0.460193 0.453755 -0.114724 0.269607 0.196197 0.593209 0.0118629 -0.41758 -0.047464 -0.0242663 -0.151621 -0.565621 -0.841624 0.205485 1.63501 0.00997248 -1.58201 -0.596586 -0.447547 -0.87445 0.21466 
1.24228 1.21368 -0.736644 1.29376 1.73579 -1.33447 -1.84143 -1.40454 0.41138 -0.069794 -0.529211 -0.776245 -0.983281 0.122492 0.00862366 -0.157894 -0.226147 -0.268518 -0.209947 0.930487 0.066656 -0.580553 0.156138 -0.0953614 0.0164002 0.257201 -0.0170745 -0.134045 -0.0833915 0.648583 -0.725437 0.986161 -0.0235479 0.222532 -0.0190741 -0.0897163 0.595307 0.685884 0.379475 
1.3293 1.13448 -0.748565 1.73033 1.38829 -1.56423 -1.49824 -1.27368 0.444964 0.142398 -0.772696 -0.909996 -1.09108 0.0876994 -0.0613133 0.0372549 0.494603 -0.52211 0.525968 0.430207 0.107807 0.250533 0.106481 1.18852 0.697747 -0.0381056 -0.107963 -0.075744 0.0338368 0.444898 -0.317537 1.12717 -0.524458 -0.241739 0.488007 -0.140241 1.86384 0.945321 -0.488844 
1.32998 1.15237 -0.699389 1.78836 1.21368 -0.808505 -1.41122 -1.29674 0.661913 0.0366869 0.659305 -0.0784979 -1.02139 0.0145291 -0.0671203 -0.124057 0.218751 -0.586055 0.917223 0.406029 -0.175083 -0.0925462 0.0158975 1.76848 0.961721 -0.231643 -0.075787 -0.121429 -0.194414 -1.10567 0.125427 -0.314056 -0.135261 -0.360811 -0.867735 -0.0546214 -1.25369 -0.525991 -0.757304 
1.34383 1.06736 -0.872622 1.94909 0.802239 -0.647005 -1.09221 -1.44877 0.352417 0.158296 0.995783 0.0517254 -1.32272 0.0119124 -0.182743 -0.157159 -0.611065 -0.396683 0.211912 0.294946 -0.253004 -0.617202 0.0518595 -0.0651774 0.171756 -0.795409 -0.0387537 0.0857569 -0.0820296 -1.33738 0.528874 -0.967353 0.0785788 0.386046 -0.49439 0.216837 -3.73716 -0.534124 0.310894 
1.3419 0.969627 -0.856548 1.1773 0.816995 -0.596593 -1.11628 -1.54974 0.0447103 0.0885464 0.594128 0.0932584 -1.8168 -0.0242246 0.0186366 -0.206087 -1.11862 -0.0571804 -0.0501302 0.484608 0.210964 -0.586936 0.232735 -1.96868 0.427597 0.0792512 -0.112232 0.297593 -0.192506 -0.000913252 0.41621 -0.265698 0.0991759 0.506927 0.308692 -0.25127 -1.25376 0.442174 1.32469 
1.31961 1.08599 -1.07871 0.830461 0.745058 -0.697136 -0.607601 -1.2378 -0.234519 0.39103 -0.972901 0.479323 -1.24347 -0.10032 0.11485 -0.349666 -0.611978 0.0195267 -0.0537853 0.394122 0.253923 -0.308511 -0.199411 -1.31893 0.613931 0.529279 -0.0426764 -0.093245 0.245874 1.02985 -0.271164 0.0518523 -0.37067 -0.180309 0.760758 -0.701822 2.5083 -0.151217 -0.234339 
1.24158 1.08448 -1.20621 0.565321 0.836522 -0.650378 -0.722153 -1.29582 -0.2638 -0.110864 -0.724807 0.707189 -1.28752 -0.066901 -0.0746084 0.0397871 -0.0887759 -0.328345 0.00172206 0.113937 0.0306551 0.173822 -0.469087 0.53962 0.27638 -0.155088 0.0153203 -0.165318 0.627044 0.542727 -0.440171 0.328969 -0.257521 -0.229873 0.314867 -0.168614 2.5502 -0.0594483 -0.824138 
1.25271 1.01138 -1.03892 0.741685 0.416714 -0.695414 -0.493663 -1.20715 -0.0606972 -0.0780568 -0.43328 0.755703 -1.39856 -0.0849992 -0.0504682 0.277379 -0.0692512 -0.420644 0.275184 0.136601 0.0240495 0.00635621 -0.368025 1.23126 0.554482 -0.294859 -0.0877198 0.0266351 0.168429 -0.535687 0.319701 -0.0534494 -0.300704 0.243476 -1.10364 -0.226483 0.107886 0.0636593 -0.109953 
1.15658 1.03401 -0.928835 0.496069 0.415878 -0.375194 -0.585552 -1.27177 -0.257444 -0.478889 0.506455 1.26167 -1.58238 -0.154621 -0.0479734 0.208216 -0.624463 -0.00864343 -0.0517273 -0.186767 0.274131 -0.929814 -0.69557 0.647507 0.34004 -0.265041 -0.0517577 0.0279167 0.0668623 0.359976 1.01946 -0.187904 0.11199 -0.0824823 -0.545066 0.080375 -1.68488 0.181466 0.706319 
1.09809 0.96341 -0.830705 0.117221 0.40807 -0.747141 -0.680431 -0.933016 -0.990511 -0.773627 0.214226 1.09574 -1.6636 -0.136757 -0.0225515 0.344241 0.290725 0.598815 0.0872802 0.248591 -0.0584328 -0.53871 -0.28765 -0.453618 0.735948 0.41146 0.0195377 0.102093 0.0426127 0.536395 -0.0355058 0.267835 0.51468 -0.369516 0.485858 -0.0773488 -1.24257 0.148632 0.0718869 
1.01982 1.01146 -0.584594 0.786795 1.01469 -0.287914 -0.336961 -1.3302 -0.796154 -0.766539 0.0528373 1.99762 -1.17092 -0.135083 0.0541197 0.250829 -0.0880684 -0.0441493 0.216107 0.327913 -0.0953853 -0.443955 -0.772919 -0.595059 0.488672 -0.193154 -0.0433815 -0.0431615 -0.0315134 -0.443908 -1.10896 -0.459445 -0.697763 0.173289 -0.212345 -0.130875 0.87934 -1.2558 -1.20945 
0.963003 1.01753 -0.579877 0.029153 0.363921 -0.531033 -0.352517 -1.0284 -1.43447 -1.54655 -0.380833 1.58441 -1.85675 -0.180138 -0.0657129 0.312728 -0.153182 -0.510143 -0.372165 -0.449172 0.114856 -0.751055 -0.418525 0.425722 -0.519855 -0.797986 -0.10087 -0.200845 0.409638 0.887596 0.0884086 -0.0948878 -1.28346 -0.485008 0.586261 1.49248 1.28206 -0.0582721 -0.080583 
0.839683 0.945745 -0.271867 0.633612 0.504549 -0.660079 -0.786133 -1.21534 -1.54721 -1.18506 0.47856 1.47777 -1.9689 -0.235953 -0.146726 0.660466 0.799528 0.0442593 0.12122 -0.955547 -0.580393 0.142306 0.719558 0.686998 0.4304 -0.273737 0.0785715 0.190137 -0.243591 -0.478154 0.359817 0.728466 0.463144 -0.0485113 0.439556 0.0586851 0.0079366 0.80336 0.778383 
0.72705 0.870804 0.0805897 0.828681 0.40818 -0.409814 -1.30806 -1.60879 -1.29216 -0.826987 0.306165 2.01481 -2.13049 -0.101567 0.124424 0.0691369 -0.631336 -0.150326 0.356301 0.0139721 0.0663447 -0.311498 -0.35984 0.433659 0.283506 -0.0196026 0.221736 0.403625 -1.18658 -2.00332 -0.241181 -0.0897407 1.47999 1.2436 -0.921192 -1.10111 -0.288199 -1.10389 0.857001 
0.738116 1.07017 -0.20273 0.00227611 0.354223 -0.303778 -0.772161 -1.149 -1.85871 -1.5449 0.912219 1.76127 -1.9885 -0.0142163 0.256899 -0.526116 -1.2038 -0.196922 0.031479 0.524441 0.663207 -0.778886 -0.381549 0.398799 -0.673491 0.583264 -0.045078 -0.0109303 -0.0349444 -0.539762 -0.226428 0.297124 0.399857 -0.205942 0.254399 0.738088 -0.856423 0.230518 1.9955 
0.712834 1.1277 -0.445526 -0.375115 0.211259 -0.378335 -0.783623 -0.945587 -2.07105 -1.20854 0.704965 1.34132 -1.54723 -0.146645 0.113494 0.0341925 -1.1711 -0.376754 0.653425 0.413829 -0.139598 -0.0570999 0.378248 -0.422764 0.514024 1.9759 -0.186867 -0.20061 1.04554 -0.0906483 -0.405933 1.00557 0.427028 -0.662838 1.10462 0.66403 -1.69576 1.27773 1.81009 
0.591471 1.18366 -0.168537 -1.16882 -0.0225309 0.349647 -0.358332 -1.2886 -1.91581 -1.16666 0.489455 2.27529 -0.0126022 -0.201083 0.0562888 0.519421 -1.29444 -0.602854 1.03705 0.951469 0.000368726 0.325739 0.282481 -1.29696 0.604244 2.39336 0.035044 -0.0975304 0.423064 0.564202 -0.0426232 -0.289895 -0.216301 0.638744 0.157869 -0.701026 -0.557128 -1.37852 -0.876659 
0.511751 1.18399 0.0738944 -1.66956 -0.391596 0.658714 0.167845 -0.945218 -1.74531 -0.926056 -0.591996 1.94557 0.846132 -0.111601 0.0159635 0.457256 -0.606896 -0.419377 0.36353 0.197528 0.499146 0.100769 -0.322778 -0.979892 -0.864501 1.09924 0.0965299 0.0384269 0.116104 0.639648 -0.702683 -1.15638 -0.928439 -0.0534138 -0.291878 -0.820774 1.64119 -1.63985 -3.56582 
0.47987 1.19963 0.288719 -1.77572 -0.441908 0.713178 -0.160803 -0.789451 -1.81504 -1.48943 -0.490437 1.41079 1.08664 -0.104553 0.0947157 0.635525 -0.654796 -1.30554 -0.119333 0.0230301 -0.0530451 0.0338608 -0.538294 0.344233 -1.0356 -1.17246 -0.0583602 0.0683317 0.0756953 0.347419 -0.289091 -0.384807 0.235299 -0.795457 -0.346551 0.42315 -0.0877913 0.802539 -1.90311 
0.407197 1.27871 0.70942 -2.32435 -1.69713 0.53938 0.190875 -0.998263 -1.71145 -1.46435 -0.247763 0.909964 -0.326327 -0.169961 0.0842952 0.532952 -0.259477 -0.708469 -0.0212769 0.432827 -0.296311 -0.245782 0.100373 -1.06768 -0.0619621 -0.803865 0.0230065 -0.0758046 -0.555592 1.44398 2.25644 0.370372 -0.19156 0.0992281 0.0170727 1.08522 -1.04636 0.324208 1.70905 
0.309909 1.28392 0.821671 -2.0352 -1.15038 0.691901 0.272024 -1.08576 -2.06082 -1.38906 -1.55812 1.34883 0.282776 -0.0815468 0.0189111 0.0799331 0.789185 0.950906 0.251038 -0.16853 0.046183 0.0509335 0.54693 -0.70213 -0.711396 0.536595 0.0745693 0.00446301 -0.162386 1.54785 0.946812 -0.510931 -0.855545 0.916769 0.925865 0.0377589 1.65456 -1.43399 1.16267 
0.32565 1.29762 0.789353 -1.53517 -0.746227 0.790419 0.0223453 -0.95208 -1.66051 -0.91742 -0.949893 0.198568 0.210267 -0.0953917 0.0887583 0.370566 1.28838 0.238344 -0.532208 -0.422717 0.620458 0.680083 0.138132 0.586873 -1.49595 0.358803 -0.0314669 -0.0180727 0.374999 -0.015788 -1.31996 -1.0655 -0.103396 0.511547 0.0816596 -0.987457 0.993754 0.549051 -0.361533 
0.214517 1.37268 1.19224 -0.746818 -0.912033 0.159693 -0.150693 -0.465304 -1.38074 -1.25093 -0.971247 -0.147117 0.641579 -0.113014 0.000838418 0.454932 0.773397 -0.369057 -0.814459 -0.271925 0.55773 0.132593 -0.440527 0.291624 -0.162345 0.175062 0.0980675 -0.157745 -0.186793 -1.32064 -0.174748 1.38312 0.799271 -0.393632 -1.01286 0.3584 1.64001 1.9979 -0.792121 
0.212637 1.29846 1.24429 -0.761773 -1.11528 -0.0240408 -0.24958 -0.39435 -1.52792 -1.35795 -0.65827 0.0362224 0.38533 0.00267579 -0.0689867 0.183773 -0.032259 0.0635961 0.850911 0.376553 0.226825 -0.332776 0.496531 2.22689 0.50195 -0.433318 0.118253 -0.0539089 -0.57932 -1.79284 0.850351 1.53218 0.239941 -0.516629 -0.16357 0.604124 -0.23236 -0.335922 -0.336559 
0.217193 1.30369 1.37601 -0.779077 -0.848437 1.0106 0.22586 -0.238479 -1.71351 -0.754398 1.25564 0.354833 0.208261 0.00523887 -0.0530705 -0.124388 -1.01944 0.481294 0.717718 -0.0319841 0.0411017 -0.0309768 0.163596 0.0592637 -0.498267 -0.161497 0.00698102 -0.16411 -0.0347715 -0.0466515 -0.099413 -0.454526 -0.787022 -0.414758 1.80693 -0.874808 -4.09301 -0.593923 1.05854 
0.217876 1.24539 1.1199 -1.78122 -0.633989 0.693677 -0.281564 -0.353248 -1.5589 -1.19435 -0.599006 -0.462045 0.223833 0.00965681 -0.233097 0.149001 -0.0789105 -0.0358169 0.396385 -0.410469 -0.187932 1.47415 -0.378277 -1.86612 -0.0919729 0.625217 -0.246818 -0.123961 0.462723 1.76894 -0.794143 -0.39376 0.785324 -0.0712445 0.775547 -0.47969 -0.739172 0.39691 1.13627 
0.22685 1.0706 1.52501 -0.857988 -0.884254 1.40699 -0.184609 -0.426411 -0.239363 -1.13267 -0.610478 0.26286 0.833478 -0.241579 -0.177031 0.338335 0.7495 -0.312849 0.323958 0.75334 -0.0301428 0.74457 -0.316094 -0.679908 -0.101358 0.974768 -0.225469 -0.0139847 0.230357 1.90525 -0.310665 -0.442717 0.366224 0.399087 -1.25823 -0.406986 2.11629 -0.0784807 -0.712057 
-0.023704 1.06836 1.45823 -1.03172 -0.946839 1.01764 0.471776 -0.383391 -0.814328 -1.51044 -1.27891 -0.563403 1.1986 -0.215812 -0.247081 0.379358 1.82634 -0.346482 -0.0463328 -0.0442443 0.211155 0.215917 -0.785263 0.250176 -0.170454 -0.08684 0.0818255 -0.294719 -0.158401 0.982849 -0.144921 -1.0288 -1.46923 0.618232 -0.551873 0.576268 1.61316 1.09309 -1.90642 
0.0110378 0.823515 1.90437 0.968356 -1.23074 1.36066 -0.228853 -0.215256 -0.0234461 -1.91794 -0.360302 0.0924067 0.746638 -0.159754 -0.47175 0.179933 1.73235 -0.45777 -0.70484 -0.715891 0.588089 0.192697 0.260175 0.933252 0.991733 -0.93165 -0.255944 -0.311864 -1.06722 -2.74323 1.60108 -0.235121 0.696091 0.316436 -1.14593 1.12531 -1.04516 -0.105213 -0.163267 
-0.183458 0.596605 1.63817 0.700633 -1.40461 0.312796 -0.244115 0.204699 -0.621631 -1.25027 -0.345662 0.428331 0.266951 -0.471756 -0.558946 -0.687864 -0.916887 1.2546 -0.281454 0.651847 0.527591 -0.930009 0.340047 -0.794988 -0.275667 -0.250107 -0.258128 -0.0108342 -0.439797 -2.46337 1.42747 1.54972 1.98402 -0.0705907 -0.525695 -0.422896 -1.7798 -2.07049 1.41661 
-0.460718 0.264569 1.2165 0.0514692 0.023862 1.0792 0.422994 0.312335 -0.953455 -1.57789 -1.15529 -0.18326 0.496532 -0.417882 -0.482584 -0.259863 -0.73102 0.969705 0.844881 1.26813 0.517499 -0.332998 -0.162722 -0.846543 -1.07875 0.48496 0.270413 0.420877 0.774615 1.56556 -1.30825 0.0798012 -0.686353 -0.364838 1.28305 0.733555 1.08544 -0.129571 0.107421 
-0.60134 0.114021 1.3783 -0.0303872 -0.434904 1.15768 1.02402 0.722197 -0.954628 -1.41299 -1.19221 -0.650423 0.751911 -0.201343 -0.138068 0.086751 0.648677 -0.0536525 -0.201652 -0.0345069 0.162754 0.353045 1.0736 0.290453 -0.405238 -0.142685 0.254778 0.213237 0.393491 1.80185 -0.489504 -1.30691 -2.07565 -0.543203 0.938674 1.20674 1.78088 1.36066 -1.79502 
-0.662061 0.126501 1.30326 0.700146 -0.0297905 0.87755 0.388487 0.475089 -0.60041 -0.504289 -0.864837 -0.588498 0.353846 -0.163104 -0.269348 0.133628 1.07083 0.480201 -0.46203 -0.807523 -0.0257041 0.605676 1.04402 0.934336 0.281904 -1.31006 0.0820704 -0.182836 -0.0621779 -1.06047 -0.0753539 0.320171 0.454274 0.573003 0.797407 0.112286 0.41603 0.700232 -0.417183 
-0.764444 -0.155327 1.51193 1.04045 0.0452971 0.695646 0.216493 0.696493 -0.348952 -0.368973 -0.257869 -0.368519 -0.558149 -0.119272 -0.320905 0.024573 -0.411789 -0.129006 0.118519 0.419767 0.735756 1.15045 1.18589 0.706482 0.294994 -0.559868 -0.0629487 -0.0903238 -0.766126 -1.76722 -0.259752 1.03042 1.56484 0.463925 0.696036 -0.390058 -1.57767 -0.278495 2.071 
-0.781333 -0.194404 1.32783 0.288356 -0.158797 0.996069 0.808254 1.21084 0.550043 0.681598 -0.158355 -0.293504 -0.206022 -0.226053 -0.359671 -0.632498 -0.696388 0.220449 0.568386 0.757314 0.438221 1.30171 0.65396 -0.643335 0.00340838 0.760938 -0.0957915 0.0464931 -0.294858 1.27285 1.07623 -0.0817189 0.188052 -0.470386 -1.19751 -1.26578 -0.152066 -0.679079 0.573607 
-0.990497 -0.514998 0.879432 0.344059 0.265746 1.26403 0.973806 1.13471 0.952761 0.284987 -0.901204 -0.365111 0.202788 -0.215064 -0.274411 -0.270285 0.861059 0.947221 0.0367998 0.60782 0.265371 -0.0470575 -0.0798954 0.554416 -0.384085 0.0137391 0.159109 0.226902 0.406626 0.347958 -0.652142 -1.16516 -0.391386 -0.174113 -1.25432 0.0784078 1.39337 -0.240024 -0.396795 
-0.996397 -0.468815 1.05754 1.14942 0.788424 1.03287 1.41607 1.47622 0.502985 0.601703 0.396061 -0.677589 -0.192283 -0.066944 -0.132769 -0.225873 -0.34843 -0.431693 -0.596773 0.365928 0.264108 0.047392 0.732368 0.750031 -0.236616 0.364143 0.133888 -0.00989899 -0.42753 -2.16738 -2.06189 -0.64489 -1.24513 -0.777642 0.0895689 0.517891 -0.529281 -0.189766 -0.241589 
-1.05744 -0.647767 0.653559 -0.00437125 -0.165947 0.667259 1.33973 1.39882 1.00015 1.01735 -0.151173 -0.601726 0.566931 -0.0811758 -0.28431 -0.697815 -1.30632 -1.11467 -0.608091 -0.637307 -0.512271 0.0425113 0.437996 0.0251353 -0.573851 -0.22785 0.0659249 0.0895518 -0.0504749 0.316714 0.512493 0.53741 -0.531343 -0.470017 -0.913263 -0.194015 0.97977 0.351802 -0.282795 
-1.07757 -0.753125 0.359728 -0.156902 -0.326247 0.424778 0.778766 0.963944 0.545497 1.0397 0.421197 -1.25144 -0.420133 -0.00101906 -0.0432173 -0.276348 -0.0317163 0.0808001 -0.0593623 -0.165415 -0.205909 -0.865871 0.538352 1.7298 0.115186 0.0813478 0.0952362 0.236581 0.811497 0.955404 1.19064 1.11922 1.09205 0.526766 0.231532 0.571354 1.62893 0.745205 1.37407 
-1.05846 -0.690985 0.377211 -0.0360875 -0.0851469 0.607897 1.17432 1.19291 0.134282 1.55571 1.57863 -0.48654 0.648279 0.0140603 -0.0477295 0.113682 -0.350913 0.0759654 0.511126 0.454742 0.0144948 0.274044 1.00935 1.65406 0.171354 1.14622 -0.12483 -0.0184359 0.42544 -0.524715 -0.759551 0.108959 -0.582116 0.0729171 1.73355 -1.05069 -2.04376 -0.42964 -0.0789883 
-1.06351 -0.800855 0.47341 -0.507814 -0.250282 0.935904 1.23351 0.978439 0.81954 2.04905 2.07526 -1.08009 0.726091 -0.12585 -0.0616533 0.149092 -0.556431 -0.678751 0.0495967 -0.747532 -0.132992 0.867675 -0.512338 -0.313963 -0.314454 0.00235944 -0.0659735 0.0710714 -0.0193178 0.840787 0.494007 -0.304334 -0.648405 -0.345607 -0.817372 -2.41275 -3.15425 -0.16334 -1.52836 
-1.18431 -0.752638 0.526303 -0.592519 -0.763898 0.657494 0.426787 1.05992 1.00196 1.04337 1.26467 -0.800994 0.650638 -0.0519132 0.0233419 0.0943641 0.489874 0.569973 0.206792 -0.193663 -0.331113 -0.543328 -1.4034 -1.50018 0.00801407 -0.382141 0.194724 -0.132636 -0.226235 0.624023 0.95167 0.0595434 1.29978 -0.0160643 -1.27989 -0.161485 -0.778453 0.135922 0.389658 
-1.11543 -0.777513 0.567775 -0.0179401 0.319691 1.1427 1.03985 0.647326 0.276212 0.645646 0.575076 -1.07207 0.343951 0.0688745 -0.194289 -0.0771434 0.0675918 0.272919 0.10914 0.552247 -0.149056 -0.41221 -0.673823 -1.09242 -0.178532 0.392017 0.114954 -0.406204 -0.316178 -1.35136 -2.24319 -1.34406 -0.761048 0.506365 -0.0318147 0.358678 0.271715 -0.240098 -0.0121678 
-1.11544 -0.946927 0.449159 -0.524927 -0.490979 0.766634 0.979034 0.910865 0.589747 0.369546 0.172249 -0.979526 1.04266 0.0630413 -0.382863 -0.221814 -0.861483 -1.67321 -1.13727 -0.954711 0.175253 -0.575143 -1.04472 -1.22847 -0.232084 -0.394308 -0.0127721 0.0994435 -0.279735 -0.013048 -0.133549 -0.504954 -0.898192 0.0976884 0.928034 1.92133 2.59541 1.47664 -1.43692 
-1.05238 -1.16038 0.345961 -0.879423 -1.35352 0.00542968 0.0851345 0.822579 -0.298931 -0.399078 -0.653394 -1.30416 -0.0503578 0.0561024 -0.0948458 -0.356878 0.0545439 0.13937 -0.395814 -0.345945 -0.0513678 0.515824 1.24751 1.503 1.29811 -1.04491 -0.0362237 0.707125 0.300572 1.99018 2.78664 1.69435 1.87615 0.147276 1.82587 2.92162 2.88053 1.56499 1.06686 
-1.05933 -1.04177 0.0922812 -0.470383 -0.351609 0.37082 0.633089 0.859497 1.10557 1.61706 1.67524 0.318582 -0.00225166 0.0268176 0.324263 0.078758 1.1287 1.11343 0.557084 0.921441 0.322529 1.25073 1.8769 1.65206 1.3329 0.67255 -0.0462488 0.276289 0.916689 0.463159 -0.202144 0.657403 0.310992 0.425296 -0.828155 -1.768 -1.70273 -1.64187 1.76817 
-1.02557 -0.836113 0.424719 0.249273 -0.240093 0.562513 1.00658 1.14511 0.951799 1.47782 0.998667 0.0287483 0.622192 0.00985361 0.181444 0.559811 0.517703 -0.0627737 0.261589 -0.0349527 0.373928 -0.312332 -0.520485 -0.199737 -0.343763 0.723265 -0.03646 -0.514247 -0.452418 -1.68892 -1.40898 -0.91147 -1.54296 -0.321934 -1.84148 -3.03393 -2.78133 -1.85967 -0.962508 
-1.04948 -0.86033 0.652092 0.0473199 -0.414383 0.632409 0.598137 1.23343 0.793239 1.09657 1.47551 -0.025181 0.721013 -0.00964239 -0.189985 -0.37366 -0.560223 -0.29555 -0.354387 -0.621522 0.000594769 -0.590746 -1.15703 -1.12927 -0.526761 -0.289959 0.00365447 -0.183497 -0.696909 -0.778701 0.158085 0.211073 0.25063 -0.542196 0.833781 0.484869 -1.83801 -0.535749 -0.74037 
-1.03521 -1.0261 0.0510582 -0.310949 -0.535643 0.208127 0.385053 1.1457 0.361054 0.320786 -0.130598 -0.498013 0.332233 0.0135081 -0.0020536 -0.137098 -0.260998 0.0953115 0.472662 0.215678 -0.168268 0.52145 -0.0356157 -2.03774 -0.879512 -0.0171052 -0.0135323 0.327936 0.485288 -0.648491 -0.281744 0.371717 0.390183 0.509799 1.19215 2.64521 2.25647 0.376402 1.12728 