-1.24774 -0.595454 1.00163 0.375785 1.0996 0.125224 0.0492182 0.724197 0.350992 0.7657 0.973022 0.143419 1.17104 0.139366 -0.211046 -0.197534 -0.519558 0.106849 0.520656 0.0507612 0.870642 0.40996 0.430695 0.301561 0.179337 0.355208 0.323637 0.566103 0.208092 0.25736 -0.51607 -0.4602 0.0857593 0.918972 0.505512 -0.708881 -2.23301 1.05997 -1.76832 
-1.10322 -0.722484 1.01711 0.153717 0.812967 -0.128454 -0.602627 1.17438 0.205421 0.18575 -0.040878 0.0314076 0.0654192 0.178587 0.15068 0.218484 0.367539 -0.0871927 0.312324 -0.0572652 0.675681 0.439071 -0.865016 -1.26222 0.865587 -0.383194 -0.124229 0.388725 0.156385 0.810608 -0.0601194 0.107038 0.925931 -0.349385 -0.0861946 -0.190354 -0.925101 -0.00974789 1.00054 
-1.06915 -0.444774 1.22012 0.743323 1.01241 0.437548 -0.00804701 1.39988 0.790063 -0.0993169 -0.2892 1.00901 0.787845 0.0151377 0.177679 -0.0411493 0.29105 0.0467295 0.627694 0.976692 0.521257 0.323765 0.240341 -0.62354 0.169589 1.35575 -0.305576 -0.416887 -0.631012 -1.26292 -0.169073 -1.20668 0.539982 -0.165771 -0.421323 1.9694 3.16983 -0.990923 0.727461 
-1.08808 -0.544805 0.975956 0.444766 0.859696 0.49924 0.374065 1.69564 0.529186 0.426091 -0.664418 0.200996 1.42117 -0.126989 -0.266207 -0.412528 -0.895378 -0.256266 -0.894359 0.482716 0.50991 0.017748 1.10439 1.90761 -0.125336 0.344267 -0.119085 -0.291307 -0.0962372 -0.851394 -0.0321177 -0.702436 -0.851189 -1.1675 -0.129177 -0.735718 1.10924 -0.964001 -2.60011 
-1.19614 -0.710981 0.807589 -0.152055 0.756143 -0.456811 0.474669 1.90979 0.807811 1.00507 1.61841 0.883669 1.13211 -0.103947 -0.113628 -0.137386 -0.560344 0.0146119 -0.074742 0.125503 -0.646241 0.194588 -0.495377 0.485699 -0.794413 -1.24436 0.200541 0.409717 0.307909 1.13582 0.69612 1.74278 -0.833973 -1.3395 -0.611695 -2.39028 -4.57149 -2.0851 -1.98825 
-1.19203 -0.658433 0.83857 -0.115578 0.874308 0.424498 0.499568 1.0494 0.723774 -0.0692854 -0.178719 -0.593416 0.17681 0.0735521 0.14351 -0.104619 0.240438 0.439854 0.848417 -0.351257 -0.82959 -0.593947 -1.28589 -2.66388 -2.21044 -1.64398 0.199025 0.135323 0.15812 0.59069 0.0310461 -0.205644 -1.02271 0.76758 -0.433589 1.00933 0.665848 2.96108 1.68464 
-1.12259 -0.567471 0.70297 0.0883834 1.196 0.391607 0.123412 1.0802 0.213864 -0.280823 -1.04547 -1.32677 -0.511872 0.0950778 0.0216955 0.0207338 0.0303459 0.0456579 -0.280386 -0.897208 0.121339 -0.239001 0.513949 1.15155 2.16666 0.440276 -0.0598826 -0.0217627 0.200999 -0.556566 -0.870225 -0.912577 -0.0813698 0.327635 1.29212 2.61009 4.87372 4.10379 0.614025 
-1.09695 -0.636737 0.859304 -0.0852318 0.919966 0.144112 -0.397639 1.17074 0.484773 0.444663 0.972829 1.57325 0.617086 0.0136695 0.121747 0.0963798 -0.316128 -0.430372 -0.0641595 -0.432627 -0.501955 0.698168 1.3242 2.20984 1.89335 -1.02996 -0.165967 -0.0856028 -0.105079 0.134259 -0.0645559 -0.346194 0.992444 -0.0157717 0.65413 -0.530434 -0.610315 -3.16331 -1.98384 
-1.10892 -0.445724 0.799349 -0.227745 0.765625 0.327447 -0.309214 0.578242 0.912032 1.04337 1.16437 0.566584 -1.54183 -0.070889 -0.0639073 -0.0843453 0.164605 -0.018898 -0.62658 0.0952366 0.105567 0.415129 -0.0164847 0.541232 -0.99665 -1.54356 -0.0464467 -0.348651 -0.370618 0.324496 0.442657 -0.904679 0.128576 0.436215 -1.49392 -2.22442 -3.04719 -1.75509 3.39665 
-1.16784 -0.700645 0.774958 0.0793728 0.901068 -0.482468 -0.302403 1.27631 0.899903 0.428179 1.51406 0.576598 -0.926476 -0.0327772 -0.226904 -0.274238 0.00836824 0.0122857 -0.968839 -0.304051 -0.0657406 -0.795749 -0.900221 -0.837345 0.138264 2.36669 0.0806735 0.0379078 -0.195011 -0.939262 -0.0997365 1.47521 -0.0109509 -0.646731 -0.92336 -0.949498 -3.06778 0.0949782 3.3755 
-1.14169 -0.672628 0.525111 -0.219377 0.777911 -0.641392 -0.613265 0.512501 0.116284 0.143151 0.327025 0.704848 0.824861 0.00978451 -0.0259995 -0.279356 -0.774657 -0.118635 0.848628 0.0842857 -0.541164 -0.508231 -0.965983 -2.52655 -0.901672 1.83194 0.00802926 0.0814123 0.220094 0.539961 0.098564 1.72153 1.85683 1.67125 2.51931 2.03024 1.64254 -0.1377 -0.867178 
-1.15805 -0.726644 0.495602 -0.695285 0.782433 0.36616 -0.218117 0.735141 0.391672 -0.537804 -1.01249 -0.325074 0.90546 -0.0247479 -0.145492 -0.0541437 0.548329 0.11085 0.752689 1.55278 1.60551 1.72357 1.13002 0.805193 0.000563332 1.49951 -0.00403514 0.183462 0.745305 2.05514 0.186221 -1.74205 0.778593 1.26889 0.94324 1.48306 3.56663 2.27126 -1.37155 
-1.16644 -0.81812 0.470968 0.328952 0.88876 0.111297 0.939518 2.11801 1.83985 1.27317 1.13222 0.705411 2.32438 0.00574937 0.157462 0.465949 1.28049 0.067586 -0.893419 0.862879 0.727727 0.435009 0.517075 1.04008 1.36959 0.460387 0.0740887 0.382932 0.572397 -0.832429 -0.0822078 -0.168913 -1.98527 -1.27433 -2.29232 -1.84132 -1.16721 -0.624147 -3.57743 
-1.1523 -0.569182 0.961551 0.585201 0.850019 -0.527259 0.644761 1.46287 0.826681 -0.0207287 0.02759 1.04451 1.36585 0.0493408 0.23744 0.518253 -0.2841 0.0286419 0.583776 -0.432482 0.331177 -0.568751 -0.711296 -0.362017 -0.623583 -2.07792 0.0145996 -0.208541 -0.499711 -2.27688 -0.0849013 1.60451 -1.59751 -0.466892 -0.537335 -0.111363 -1.29262 -2.61926 -2.69264 
-1.1171 -0.580679 0.989221 0.0448527 0.917402 0.695073 0.507036 2.44919 1.2711 0.561878 0.770201 0.0818274 0.246458 0.020349 -0.0510788 -0.0337623 -0.996394 -0.0173152 0.711092 -0.734634 0.260835 -0.102326 0.405713 -0.252544 -1.24967 -2.23225 0.0150979 -0.0291379 -0.385969 0.056482 -0.00171903 -0.7852 -0.166361 -1.55111 -0.043589 1.30327 -0.85258 0.39568 1.60403 
-1.13195 -0.620261 0.927789 -0.411193 0.832704 0.183833 -0.089873 1.7237 0.724356 0.384984 -0.224954 -0.205159 -0.866408 0.0644387 0.208303 0.132284 -0.227618 0.0269229 -0.201424 -0.598843 -1.21993 -0.61234 0.591975 -1.2146 -0.227904 -0.473886 -0.0581261 0.0770996 0.0769782 1.40156 0.199281 -1.00527 0.624531 -1.00307 0.412721 0.0245597 0.319962 1.5906 3.57054 
-1.05266 -0.372377 1.12151 -0.182765 0.944325 0.493649 -0.0918071 1.22926 0.658758 1.15385 -0.444395 -0.146076 -0.227428 -0.0377771 0.0260208 0.0432159 0.405165 0.181966 -0.294179 -0.110104 -0.742236 0.310395 0.430272 0.0674175 0.340926 1.33828 -0.101837 -0.360182 -0.734292 0.154826 0.0268889 -0.0602661 0.00504674 0.549538 0.737894 -1.57151 0.193431 -1.26156 -0.345391 
-1.16973 -0.59424 0.971004 -0.00602782 1.01467 -0.110346 -0.199977 0.981466 1.03475 0.815256 -0.157536 0.135767 0.471875 -0.0373985 -0.151879 -0.602008 -0.0727917 0.0538118 -0.26169 -0.593796 -0.670394 0.125554 -0.979538 -1.02116 -1.48946 -0.819277 0.137228 0.0489609 -0.4145 -0.842789 -0.274516 0.221811 -0.034338 0.818917 -0.716073 0.133298 0.769166 -1.13205 -0.735374 
-1.09006 -0.524256 0.519497 -0.255557 0.998137 0.231959 -0.685603 0.558863 0.784312 0.174315 -1.46556 -1.63554 -1.0467 0.0994506 0.0749817 -0.371284 -0.437624 -0.0925501 -0.0723677 -0.144442 0.0766806 -0.405678 0.56357 0.836584 -0.791123 0.602909 0.0702446 0.358382 0.630555 0.0545165 -0.215025 -0.70625 0.314513 0.786661 0.32582 1.77992 2.77832 3.48159 2.88081 
-1.07028 -0.519258 0.599721 -0.443652 0.92212 -0.182714 -0.344418 1.05815 0.629072 1.37883 0.679047 -0.655355 1.07478 0.0328461 0.206502 0.0285473 -0.0182753 -0.161213 -0.96794 -0.279284 0.116267 0.451374 0.800384 1.75716 1.99212 2.06153 -0.0755549 -0.0892007 0.256128 0.52925 -0.125538 -0.0486779 -0.487223 -1.17657 -0.291994 -2.31411 -1.66097 1.82429 -0.276314 
-1.05721 -0.317754 0.548045 -0.273832 0.836924 -0.735981 -0.964887 0.67513 1.23569 0.974698 0.2916 0.356581 1.01483 0.0238957 -0.014219 -0.115156 0.0916263 -0.218088 -0.121046 -0.631665 -1.09989 -0.697673 -1.75054 -0.824388 1.03317 0.326595 0.0355081 -0.432418 0.193494 0.232158 0.326446 1.41714 0.814377 -0.979489 -1.59822 -1.25489 -1.30959 -1.65958 -3.2278 
-1.04639 -0.533477 0.484565 -0.352025 0.704032 -0.303759 -0.976083 -0.0417402 -0.0686005 -0.371715 -0.145341 0.377812 1.40138 0.0683542 -0.225916 0.222041 0.213883 0.165233 0.449198 0.535094 -0.863222 -1.14685 -0.454505 0.447573 0.332541 -1.16627 0.0633054 -0.000745467 0.353105 0.0538345 0.530092 0.612069 1.41174 1.82724 1.43446 4.07441 2.23255 -0.964199 -2.52842 
-0.98886 -0.54367 0.770086 -0.0599489 1.00216 -0.286783 -0.429793 -0.188092 0.0888409 0.520193 0.739173 0.689122 -0.151437 0.087201 -0.0149645 0.237949 0.145461 0.312004 0.491023 0.780075 0.727351 0.736787 2.32387 1.40816 0.0689685 -2.20182 0.030483 0.112991 -0.443416 -1.13739 -0.273044 0.0492327 0.127594 2.18908 1.70108 1.10919 -0.690481 0.0374427 0.722824 
-0.959184 -0.548442 0.722514 -0.206564 1.01604 0.187264 -0.196008 0.685611 0.668186 1.95216 1.26282 0.446781 -0.800445 0.0988372 -0.112925 -0.221375 -0.923507 -0.107811 0.498431 0.662687 1.32586 0.554237 0.654682 -0.242908 0.369984 -0.443441 -0.0735977 -0.182899 -0.431701 -0.755095 -0.367367 -0.197442 0.00551544 -0.130084 -0.426841 -2.19725 -0.769308 1.52918 2.81881 
-0.890023 -0.656595 0.548711 -0.983456 0.894347 0.211648 0.232894 1.13777 0.643078 1.17488 0.496265 1.05911 -0.594879 0.0136034 -0.197863 -0.193752 -0.609634 -0.0553631 0.293581 0.785591 0.597268 0.309946 0.126624 0.638852 1.59815 0.616989 -0.0273996 -0.0795349 0.499909 1.51618 0.143178 -0.972609 -1.35929 -2.174 -0.387126 -0.0276631 -1.36153 -0.190913 0.569127 
-0.945581 -0.746305 0.528761 -0.816199 0.960673 0.480845 0.589583 1.28288 0.978132 2.07878 1.90167 2.04493 -0.183456 0.0714376 -0.19246 0.278534 0.592678 0.0353676 -0.474178 -0.696605 -0.848141 0.167112 0.627019 -1.60444 0.179071 0.125686 0.127456 -0.07542 0.484168 1.11427 -0.0897375 -1.11621 -1.53781 -1.50263 -1.51154 0.0387927 -2.7818 -2.74179 -0.654317 
-0.818586 -0.849055 0.827245 -0.390777 0.929714 -0.26253 -0.463711 0.289627 0.81019 1.80189 -1.10817 1.23818 -0.469193 0.14106 -0.273283 0.290416 0.504639 -0.145101 -0.822632 -0.752218 -0.90536 -1.2016 0.165417 -2.14295 -1.14364 -0.0373282 -0.116867 -0.346344 -0.328472 -0.537575 0.0323002 0.462376 1.38548 0.626917 -2.06888 -0.653459 3.62182 -0.202985 -1.38905 
-0.804521 -1.01959 0.819177 -0.31156 0.815572 -0.341787 -0.162635 0.377518 -0.223465 2.2442 -0.241279 0.90129 -0.220784 -0.0454296 -0.538803 -0.0499381 0.0551032 0.0676678 -0.0118015 0.68887 -0.221224 -1.90177 -0.0264406 2.01738 -0.0239139 -1.26336 0.0650207 0.114973 -0.410309 -0.302703 0.25494 0.666308 0.496541 0.753023 1.20402 -0.78922 3.25085 2.18644 -0.841575 
-0.864015 -1.38786 0.777307 -0.335674 0.997382 -0.274331 0.225158 0.0684029 -1.09158 1.77545 0.909212 1.21426 -1.73255 0.206081 -0.15831 -0.119894 0.201936 0.109839 -0.156324 -0.255676 -0.152338 0.00242531 -0.623803 1.10791 1.0428 -0.878903 0.358068 0.586401 -0.106915 0.409486 0.0135556 -0.202834 -1.27176 0.64415 2.72197 -0.590547 -4.31324 0.450596 3.83592 
-0.598441 -1.1779 0.699284 -0.109624 0.925412 -0.498111 -0.418311 0.225181 -0.221039 1.6204 0.866626 1.94409 -1.09969 0.312638 0.0475976 -0.156853 0.464589 0.0812234 -0.214635 -0.58289 0.422926 0.820194 -0.616988 -2.29586 0.426682 2.57256 -0.0420127 -0.200236 -0.307277 -0.769876 -0.148191 0.854462 0.943189 -0.400522 -0.0335736 -0.10992 -2.85463 -2.22179 2.36322 
-0.551377 -1.34026 0.620454 0.128915 1.07861 -0.488967 -0.357732 0.491329 -0.271388 1.15847 -1.38665 1.64094 0.840007 0.164068 -0.358546 -0.42717 -0.56794 -0.0383515 0.698138 0.687513 -0.55286 -0.0311483 -0.733723 -1.74673 -1.17899 1.48432 -0.143805 -0.915872 0.132557 -1.15695 -0.0646396 0.433315 0.279136 -0.464151 -1.49878 0.206458 2.72542 -1.0745 -4.01878 
-0.434373 -1.53644 0.272114 -0.677564 0.88706 0.200027 0.269201 -0.327679 -0.252188 0.886672 -0.880103 0.765103 0.384635 0.168833 -0.868274 -0.0242959 -0.692358 0.0165838 0.21868 -0.303754 -0.0412254 -0.678582 -0.41053 0.429558 -0.64782 -1.44622 -0.102507 -0.770954 1.51152 0.913175 -0.143575 -1.44162 -1.43805 1.02502 -0.480152 0.983797 1.35838 1.24631 -1.64046 
-0.382543 -2.20853 0.596158 -0.563443 1.09519 -0.270287 -0.661486 0.450103 -0.94997 0.747936 -0.957091 0.993125 -0.606215 0.0615613 -1.1295 1.08435 0.345235 -0.181926 -0.743481 -0.750538 0.472162 -0.511301 0.250073 -0.388346 0.0673257 -0.156143 -0.162754 0.958263 0.445769 0.577618 -0.255559 -0.556825 0.434809 -0.182606 1.02113 0.515768 1.25276 1.71265 1.10902 
-0.372812 -2.66594 1.35646 -0.332329 0.705134 -0.543454 -0.481336 0.144482 -0.763489 1.13675 -1.26845 0.832429 0.228492 0.00607888 0.0899888 0.421473 -0.11474 -0.238975 -0.338145 0.131054 -0.223831 0.342545 0.105237 1.68232 1.06483 -0.337204 0.286429 1.30715 -1.52772 -0.84643 0.403572 2.1976 1.88374 -0.561935 0.845353 0.000167078 0.47193 0.864936 -1.42539 
-0.376465 -2.11855 1.01763 -0.678183 0.856214 -0.608432 -0.530432 0.226272 -0.607425 0.853173 0.725225 2.05796 -0.943419 0.34799 0.177646 -0.443374 -0.501196 0.221646 1.45412 1.13321 -0.0897734 0.334052 0.25024 0.083584 0.932261 -1.58154 0.775462 1.69019 0.3806 -0.370355 -0.537677 0.740825 -1.17702 -0.552599 -0.564394 -2.10967 -5.80223 -2.01638 0.17293 
-0.0248213 -2.4883 0.913085 -0.833524 0.92678 0.910663 0.651869 0.054709 -0.429437 1.38699 -1.18487 1.76469 -1.35304 0.781541 1.78018 0.802073 -0.485095 -0.776652 0.40268 -1.04596 -0.77643 -0.221849 -2.00444 -4.11991 -0.951551 -0.164274 0.0299989 3.20998 1.54442 -0.362473 -1.70886 -2.41857 -2.9661 -0.645405 -0.962952 -3.50364 -0.927379 -1.47144 1.83693 
0.405076 -0.338365 1.8197 -1.16328 0.0795624 -0.205752 -1.57639 -0.550158 -0.829275 -1.15126 -3.39469 1.10641 -1.10769 0.377989 3.38763 1.10104 -0.863669 -1.48721 -0.964454 -1.8329 -0.735178 -0.6289 -3.2534 -0.843795 -0.539177 0.255391 -0.517069 0.281591 -2.43255 2.04211 -0.707993 -1.19675 3.04931 -0.151859 0.756187 2.79773 7.19814 -0.0423555 1.62361 
0.353168 0.899328 2.01413 -1.69719 -0.56043 -0.0537907 -1.18103 -0.680469 -1.05834 -1.86641 -2.02866 1.22551 -1.09765 0.264472 2.06177 -1.63048 1.55701 -1.48464 -0.794073 2.00335 -0.928288 0.534337 0.793298 3.07823 -0.993906 1.45934 0.164351 -2.83183 -3.56376 2.42818 0.370296 -0.53197 3.70877 -0.390465 1.60444 4.00355 2.69237 -0.908506 0.186736 
0.669548 1.72341 0.189225 0.393733 -1.40508 -0.999825 0.426952 -1.47845 -0.294937 -0.357964 -0.316461 0.112502 0.351648 0.54234 0.555793 -2.46272 1.56451 -1.11691 -1.49642 1.87587 -1.12564 0.975541 0.750148 1.84857 -1.44768 0.442127 0.151816 -2.69723 1.10164 -2.58383 1.46624 0.278699 -0.770153 0.917465 -0.401348 -1.01797 -3.21962 0.738372 -1.09164 
0.895508 1.45512 -0.448589 -0.132686 -1.67734 -1.55021 0.694844 -1.80611 -0.0827959 -1.11626 -0.180085 -0.222171 -0.655526 0.416287 -0.635458 -0.528843 -1.02682 -0.0184087 -0.515373 1.23319 -0.0108233 0.132989 -0.22467 -0.141396 -0.255535 0.367705 -0.284949 -0.905676 2.27458 -1.89461 1.24668 2.51908 -1.11069 2.04306 -1.53484 -0.204595 -2.30965 1.51902 2.05092 
1.08584 1.08795 -0.339619 -0.633086 -1.42349 -1.5152 1.66014 -1.48927 -0.161948 -0.582634 -0.457857 -0.143033 0.719352 0.257392 -0.349883 -0.188135 -0.330106 0.129766 1.02265 0.765181 0.917418 -0.559294 0.545553 -0.461077 0.0713361 2.49305 -0.326139 0.542489 0.0179242 1.16598 -0.173436 1.82149 -1.4071 0.538141 -0.994381 -0.42396 -0.405713 0.0981282 0.612797 
1.1529 1.10524 -0.636723 -0.462792 -1.54758 -0.527561 1.46003 -0.888694 -0.64209 -0.570712 -0.641162 -0.150835 1.83752 0.0901488 -0.0929689 -0.510919 0.139164 -0.191845 1.30611 -0.173904 0.527318 -0.861392 -0.64863 -0.54711 -0.157407 0.980502 -0.225291 0.31327 -0.209105 0.739903 -0.26945 -0.0583473 -0.814543 -0.576064 0.0822923 -0.955492 0.217292 -0.0512851 -2.29879 
1.17598 0.99498 -0.850538 -0.493922 -1.61534 -0.209086 1.48624 -0.961952 -1.02334 -1.23126 -1.00497 -0.300439 1.69985 0.0321002 -0.0366132 -0.39724 0.409797 -0.139685 0.964306 -0.0493615 0.341354 -0.477002 -0.409939 -0.243784 0.0200511 0.19426 -0.0222921 -0.0100784 0.502641 0.0659032 0.32937 -0.574207 0.137092 0.0181348 1.07966 1.02738 0.756023 0.222446 -0.40414 
1.185 1.06862 -1.03396 -0.0529946 -1.68726 0.436745 1.41066 -0.547341 -1.11909 -0.980651 -0.884947 -0.130784 2.03178 0.0678567 -0.103047 -0.00827774 0.205067 0.137525 0.731905 -0.0368115 0.545453 0.218269 0.37875 0.208913 0.0650392 0.576361 -0.0382133 0.0711235 0.223131 -0.406281 0.135467 -0.325073 -0.255547 -0.235967 0.425327 0.88123 0.256935 -0.37914 -0.661635 
1.24384 0.891933 -0.858816 -0.288855 -1.47781 0.522818 1.44943 -0.416499 -0.805071 -0.852513 -0.796054 -0.2354 2.27622 -0.00611313 0.0345104 -0.174109 0.00351544 -0.00421747 0.639234 -0.304908 0.105387 -0.0516743 0.471291 0.0131511 -0.359089 -0.467376 -0.0482562 -0.14187 0.0317334 -0.718902 0.0552843 -0.956747 0.0745191 -1.13393 -0.214163 -0.264267 0.0214697 -0.340454 -1.77502 
1.17889 1.10313 -1.20807 -0.0494791 -1.69148 1.07598 1.10576 -0.441954 -1.17077 -0.50936 -0.871795 -0.489873 1.56441 0.0196005 -0.244918 0.0234557 -0.513836 0.192809 -0.224842 0.0377075 -0.588478 0.00410622 0.114483 0.230383 -0.275415 -1.19866 0.0921222 -0.469559 0.588595 -0.691277 0.441485 -1.10898 0.870975 -0.950785 0.6363 -0.732192 0.631193 0.379164 -0.637418 
1.26344 0.647015 -0.83536 -0.802691 -1.285 0.297976 1.48714 -1.00498 -0.800965 -0.73803 -0.565671 -0.510815 1.07755 0.0860091 -0.435048 0.414486 -0.687762 0.437267 -0.469744 0.566067 -0.845398 0.584626 -0.260901 0.644344 0.0200748 -1.10479 -0.0423936 0.417948 -0.249837 1.01429 -0.313299 1.00945 -0.170034 0.532741 -0.0248443 -0.143021 0.444898 0.169722 1.00012 
1.2649 0.668086 -0.793586 -0.737241 -1.25421 0.606235 1.67182 -1.28735 -0.58614 -0.77026 -0.227451 -0.469798 0.459613 -0.0227931 0.17303 -0.226381 0.500459 -0.120489 0.784606 -0.132327 -0.0557368 -0.0207381 -0.0285382 0.675281 -0.105693 -0.198543 -0.101922 0.323831 -0.612736 0.675827 -0.4161 0.400149 -1.01388 0.693322 -1.14914 0.121336 -0.683683 -0.606347 1.41766 
1.24065 0.820045 -1.06174 -0.302232 -1.40549 1.08258 1.35481 -1.06071 -0.821703 -0.766568 0.10961 -0.616508 0.879008 -0.0159127 -0.111217 -0.198249 -0.0119343 0.0211676 -0.0695954 -0.447809 -0.152076 -0.564518 -0.139565 -0.0393383 -0.586273 0.312869 0.0342819 -0.507364 0.300341 -0.98446 0.364596 -1.20774 -0.0905166 -0.21154 -0.42127 -0.415783 -1.26416 -0.146676 -0.0530228 
1.24898 0.556868 -0.991835 -0.749175 -1.23304 0.53664 1.22401 -1.43943 -1.15066 -0.909825 -0.266789 -1.05607 0.772482 0.0114888 -0.334334 0.0739604 -0.484 0.244107 -0.423137 -0.222843 -0.267277 -0.442008 -0.444321 -0.588879 -0.252368 -0.251566 0.000251894 -0.0556458 0.0975335 -0.118297 -0.143952 0.227986 0.157122 0.070204 0.0228209 -0.889968 -0.263828 0.182411 -2.03701 
1.25214 0.485712 -0.987781 -0.786232 -1.16138 0.659445 1.13197 -1.32799 -1.26371 -1.21089 -0.47927 -0.868876 0.627443 -0.0156608 -0.166863 -0.100716 -0.130232 -0.122784 0.158391 -0.290687 -0.0818716 -0.541698 -1.02953 -0.303166 -0.403862 -1.72414 -0.0505371 0.363563 -0.32982 0.741557 -0.488953 0.834918 0.0334673 0.432266 0.105464 0.278531 0.807975 -0.258703 -0.38998 
1.23332 0.390005 -1.09255 -0.879407 -1.35583 0.695031 0.933326 -1.5213 -1.69236 -1.93936 -0.569956 -1.45993 -0.951661 -0.0390483 0.0292295 -0.25586 0.257557 -0.244846 0.411782 -0.189376 0.164989 -0.336544 -0.16579 0.219095 -0.511071 -0.641546 -0.0325846 0.442328 -0.0597107 0.71479 0.13504 0.504108 0.245827 0.8555 0.462574 2.25087 0.573301 0.723858 2.65654 
1.21309 0.514941 -1.24364 -0.528675 -1.40623 1.07123 0.942591 -1.163 -1.60025 -1.37668 -0.260174 -1.37995 -0.0141034 -0.0482454 0.275465 -0.160427 0.584558 0.0122558 0.662499 -0.0448599 0.773628 -0.079124 1.22134 0.270134 0.319996 0.932394 0.0397319 0.0081494 0.63815 -0.0874692 0.690123 -0.36489 0.751845 0.434956 0.92645 1.33331 0.353701 1.08091 1.2254 
1.18508 0.66547 -1.25298 -0.294849 -1.34357 1.35753 0.888466 -0.747671 -1.77148 -0.71802 -0.299822 -1.13994 -0.0192674 0.000683594 0.0373789 0.382291 0.170088 0.445277 0.0468918 0.562469 0.599945 0.589906 1.16752 0.572797 0.569841 0.583859 0.033658 -0.387583 0.299601 -0.668865 0.135439 -0.52375 0.258422 -0.369649 0.466891 -1.11781 0.238825 -0.449705 -0.385987 
1.21377 0.55232 -0.86135 -0.358587 -0.960952 1.11812 1.50506 -0.563057 -1.01035 -0.209158 0.312622 -0.810106 0.569756 -0.0145875 -0.112118 0.139174 -0.0843071 0.147695 0.138749 0.213562 0.40398 0.387767 0.103528 0.508959 -0.129709 0.546406 -0.0953156 0.0930163 -1.02118 -0.0166959 -0.900692 0.59565 -1.47311 -0.243903 -1.5153 -1.48949 -1.72587 -0.548739 -1.37463 
1.17049 0.553352 -1.1138 -0.379156 -1.19588 1.49628 1.10203 -0.343691 -1.38371 -0.614492 0.209138 -1.26965 0.527139 -0.0946321 0.130395 -0.638887 0.153392 -0.455415 0.642542 -0.91064 0.356042 -0.925398 -0.321964 -1.15307 0.0211023 -0.790767 -0.0353748 0.16435 -0.417099 -0.0281044 -0.273915 -0.0565966 -0.482071 -0.663527 -0.422152 -0.836795 -0.304587 0.0408574 -1.00413 
1.11914 0.682715 -1.50024 -0.205195 -1.41637 1.76066 0.59442 -0.207015 -1.93575 -0.531121 -0.84045 -0.789004 -0.221011 -0.0499623 0.0522325 -0.277925 -0.112412 -0.126221 0.0821523 -0.268509 -0.259547 -0.0343846 -0.733267 0.204372 -0.0888516 -0.457726 0.0319394 -0.199276 0.650999 -0.635242 0.593022 -1.31832 0.75885 -1.00825 1.08115 -0.558597 2.20952 -0.370715 0.161751 
1.12053 0.605585 -1.39173 -0.491567 -1.3221 1.57843 0.833519 -0.603238 -1.4181 -1.34776 0.41351 -1.3585 0.0694124 -0.0626926 -0.0688806 0.0121126 -0.48185 0.137608 -0.67578 -0.15179 -0.65221 0.15575 -0.88056 1.05645 -0.349612 -0.629015 -0.0302585 0.147282 0.134071 0.192514 0.379725 -0.382261 0.0574472 0.324549 0.367821 1.09022 0.569613 0.645908 -0.109479 
1.05645 0.613835 -1.48812 -0.687045 -1.27876 1.08488 0.442631 -0.859225 -1.78 -1.41168 0.216 -1.13862 -0.850026 -0.0802208 0.199514 -0.143854 0.0801024 0.253504 -0.300109 -0.211062 0.065002 0.333437 0.356953 0.773986 0.557056 -0.567205 0.103382 -0.00762221 0.261352 0.300117 0.437421 0.625725 0.316971 0.912728 1.05622 1.49604 0.0901342 0.784824 0.95954 
1.04031 0.805099 -1.53558 -0.411465 -1.06859 1.27832 0.622457 -0.538236 -1.08466 -0.990806 1.1875 -0.801441 -0.497793 0.0406894 -0.0765028 0.273465 -0.181733 0.575028 -0.0500553 0.165182 0.260519 1.21197 0.615476 1.14658 0.435211 0.330525 0.150457 -0.394648 0.393655 -0.275913 0.232618 0.164383 0.114372 -0.198378 0.325323 0.0903585 -0.385258 -0.322613 0.31038 
1.09714 0.537332 -1.21466 -0.868777 -0.703731 1.03483 0.607812 -0.598706 -0.568026 -0.796206 1.36258 -0.703404 -0.519502 0.0702365 -0.195133 0.249801 -0.195811 0.486122 -0.135725 -0.0966897 -0.133376 0.658759 0.447312 0.388728 0.234443 -0.256825 -0.0652591 0.235209 -0.835209 0.683673 -0.670601 0.338667 -1.50093 -0.357416 -1.51527 -0.567651 -1.97874 -1.01824 -1.52697 
1.11054 0.609966 -1.28578 -0.607275 -0.582473 1.1426 0.525767 -0.671612 -0.425901 -0.543494 1.57622 -0.566999 -0.754618 -0.0245696 0.158707 -0.561744 0.501941 -0.0955728 0.288612 -1.33575 -0.0968972 -0.303304 0.047825 -0.832152 -0.583032 -1.19645 -0.127849 0.25947 -0.364433 0.348871 -0.305258 0.267042 -1.02694 0.286691 0.174929 -0.348838 -1.15037 -1.01752 -0.178893 
1.07257 0.696038 -1.7764 -0.366837 -0.799304 1.32344 -0.727937 -0.695603 -0.87133 -0.748381 0.530432 -1.28644 -1.71595 -0.0576127 0.0643364 -0.114632 0.15306 0.180864 0.131317 -1.12363 0.153315 0.833688 0.0984735 -0.761641 -0.783074 -0.435718 -0.00527679 -0.149899 0.968687 -0.593698 0.783759 -1.28667 1.51796 0.203487 2.08728 0.0657482 0.324378 0.117304 1.70552 
1.05293 0.674302 -1.40041 -0.454215 -0.401609 1.27391 -0.597862 -0.518297 0.407787 -0.44502 0.814583 -1.35007 -1.19034 -0.0298464 0.00880774 0.406943 -0.0917579 0.688186 -0.998055 0.182212 0.10659 1.78397 0.113573 -0.507774 -0.465729 0.50907 -0.0712799 0.377365 -0.207297 1.20115 -0.247303 -0.848229 0.135982 0.671773 0.342028 -0.224869 0.12474 -0.00128195 0.196591 
1.04272 0.704846 -1.36946 -0.458595 -0.111118 0.325381 -0.545724 -0.589013 0.912642 -0.634808 0.0226573 -1.75217 -1.20688 -0.128893 0.441702 -0.321929 1.35421 -0.0664384 -0.716912 -0.987647 0.825088 1.17572 -0.126395 -0.636901 -0.784356 -0.239127 -0.184612 0.253232 -0.335512 1.32205 -0.652696 0.323665 -1.18823 0.315591 -0.629965 -0.382007 -0.237662 0.625332 -1.05946 
0.924037 1.116 -1.72234 0.899999 -0.468047 0.557001 -1.58551 0.306791 1.5835 -0.571416 0.177681 -2.13443 -1.42946 -0.214459 0.262039 0.0714315 1.23029 0.0354901 -0.674391 -1.00602 0.422181 1.15401 -0.268434 -0.745436 0.159604 -0.550393 -0.0846425 -0.534833 0.879853 -0.771671 0.604413 -0.503912 0.722293 -2.36453 -0.562703 0.296081 -0.267784 2.41403 1.00193 
0.828262 0.966886 -1.29803 0.771695 -0.0756278 -0.34901 -1.55174 -0.166832 2.06665 -0.903242 -0.722779 -1.59256 -1.75727 -0.213535 -0.0931308 0.557924 0.582543 0.537974 -1.22082 -0.265354 -1.53944 0.613013 0.169686 -0.904686 1.62967 0.7628 0.0311249 -0.160857 0.170654 0.215562 -0.0629338 -0.172669 0.486742 -1.3891 -1.19983 0.843393 0.647084 0.557606 1.92808 
0.710502 1.02287 -1.16442 1.48254 0.0699274 -0.663823 -1.85086 -1.23265 2.19651 -0.40173 -0.727005 -0.504758 -0.666663 -0.183334 0.101183 0.242086 1.44585 -0.0274438 -0.84706 -0.519276 -0.96692 -0.0458239 0.574959 -0.0983521 0.71721 1.37769 0.00921043 0.489093 -0.0279948 0.556574 -0.523917 -0.0173532 0.605671 1.46736 -1.17246 0.507099 2.24017 -1.33606 -0.220031 
0.644928 1.06807 -1.05594 2.21755 -0.103072 -1.19607 -2.07102 -1.13375 2.02083 -0.328283 -0.821131 -0.875352 -0.379583 -0.204325 0.395962 0.529929 1.13912 0.014057 -1.23818 0.340316 -0.0720864 -0.559446 0.676786 1.33548 0.293606 0.54277 -0.1192 0.436352 0.413335 -0.886947 0.304292 -0.707625 0.454566 0.891893 -1.07016 0.322095 0.894483 0.293573 -1.66833 
0.506177 1.41883 -0.634491 2.62166 0.0839844 -1.902 -1.51055 -1.30474 1.63707 0.275056 0.608475 -0.211152 -0.123893 -0.302534 0.537534 0.655421 0.558905 0.276849 -1.55468 -0.0647101 -0.0750271 -1.11598 0.897054 0.796131 1.01078 -0.290642 -0.0351287 -0.05896 -0.0353246 -1.01904 0.0531424 -0.246704 -0.566503 0.651676 -0.465936 -0.774071 -1.09191 -0.249552 -1.21141 
0.342394 1.6056 -0.400522 2.77645 0.173777 -2.75075 -2.13573 -1.20878 0.904843 0.56877 -0.0249997 0.135431 -0.670225 -0.239453 0.337002 0.494605 0.12008 0.0671994 -1.48488 -0.226186 0.579589 -1.02538 -0.0972859 0.243567 0.0440537 -0.668636 0.279704 -1.01157 -0.0836001 0.303684 -0.883896 1.96327 0.268295 0.540711 0.844491 -2.43606 0.590064 -0.187966 0.538819 
0.266724 1.75584 -0.139887 2.74174 0.151184 -3.38688 -1.73673 -0.72515 0.611688 0.17777 0.852042 -0.167099 -0.792529 -0.0228298 -0.474037 0.57182 0.862588 -0.607047 0.408583 0.203585 0.465684 -0.271491 -1.539 1.38619 0.822817 0.248177 0.189607 -1.09809 0.152901 0.744297 -0.459671 2.22603 -0.210132 -0.355855 0.838478 -1.79968 2.19672 1.78492 0.366896 