-1.47204 0.715126 -0.0328823 -0.783502 1.80731 0.27877 1.44498 -0.678753 0.329219 0.517705 -0.569008 0.631331 -0.191442 0.053091 -0.00989375 -0.0623268 0.372692 0.42417 0.0446105 -0.806958 0.0186964 0.151449 -0.582831 -0.316712 -0.317487 -0.0646632 0.163334 -0.021163 0.537471 0.31614 -1.56395 0.0396827 0.213773 0.895133 1.00365 -1.65811 -1.05539 -0.26804 0.151487 
-1.50998 0.602811 -0.0621713 -0.694418 0.926393 0.324107 1.19007 -0.506051 0.122179 -0.196203 -1.18731 0.269292 -0.473704 0.210123 -0.075419 0.304671 0.216575 -0.839479 0.193248 -0.176088 0.610255 0.614129 -1.4633 -0.601315 -0.279191 0.907389 0.187385 -0.175404 0.0749629 -0.0517061 -0.879526 0.0797352 0.304059 0.352081 0.701111 0.448762 1.83428 1.25994 0.700528 
-1.26192 0.639707 0.271788 -0.566927 0.967836 0.472018 1.2689 -0.068498 0.943348 -0.945594 -1.17032 0.35214 0.715947 0.240476 -0.185298 0.0126361 0.320986 -0.455356 0.124346 -0.502899 0.370777 0.852561 -0.134068 1.51757 0.942453 0.635865 -0.0515527 -0.340329 -0.447177 -0.176037 -0.766303 -0.0208338 -0.881281 -0.191668 0.293857 3.29211 3.02878 1.06151 -1.19824 
-1.2695 0.417513 -0.0495352 -0.373431 0.471038 0.448453 0.687167 -0.135274 0.97474 -0.330272 0.330258 1.21175 0.162161 0.15857 -0.415748 -0.142506 0.0405378 -1.60578 0.172414 -1.05737 0.418587 0.907986 1.82881 2.42746 0.78232 -0.290851 0.100923 -0.633253 0.71559 -0.375172 0.12295 0.318611 0.176932 0.201111 0.0152136 0.755403 -0.502152 -1.23908 -0.218032 
-1.10335 0.223959 0.129282 -0.526389 -0.637946 0.644432 0.211528 0.350089 1.85133 0.883217 1.25714 1.13446 0.425096 0.341399 -0.818551 0.728226 -0.0541854 -0.332406 0.442957 -0.325966 0.571888 0.867774 0.621334 1.01542 -0.296627 0.417833 0.274594 -0.579229 1.23445 -0.638587 1.02447 0.172616 0.768378 -0.263963 -2.4928 -3.12816 -4.1061 -2.56156 -0.334543 
-0.928104 -0.401038 0.678691 -0.427617 0.138632 0.89141 0.361201 0.436614 1.84251 0.291063 1.34567 0.915118 0.579993 0.433165 -0.994977 1.09194 -0.598049 -0.581311 0.34503 -0.28899 0.154624 -1.58481 -1.29935 -1.67863 -1.77924 -0.625394 0.338014 0.115881 -0.923822 -1.19121 0.711239 -0.231028 -1.61547 -1.10099 -1.94926 -1.05161 -2.83973 -1.67026 -1.74285 
-0.670185 -0.771018 1.22122 -1.12444 -1.21926 0.989462 -0.0774625 0.504713 0.266524 -0.416136 -0.421489 -0.644777 -0.200298 0.679413 -0.70267 -0.195596 -1.2454 0.378833 0.211929 -1.94143 -0.529106 -1.08148 -0.430278 -1.82431 -1.96689 -1.32501 0.197974 0.524775 -2.48456 0.782935 2.15225 -0.152515 0.0603063 -0.827678 1.87597 1.12266 1.41192 1.132 0.349966 
-0.248691 -1.10371 0.483095 -1.67301 0.517465 1.10334 -1.58023 -0.0924923 0.76103 -0.139215 -0.47864 -1.05177 -0.74502 0.631138 -0.470202 -1.39262 0.184886 1.57094 0.192516 -0.228684 -0.673053 0.291155 -0.176692 -0.266713 -0.64724 -0.275429 -0.31158 0.692414 -0.335964 1.74687 -1.66107 -0.67444 3.19888 1.79536 0.861864 0.148439 2.35978 2.44927 1.782 
-0.0390473 -1.24122 -0.171399 -0.939552 0.351679 1.18198 -0.306146 -0.16834 0.557678 -0.592828 -0.688202 -1.29202 -0.475726 0.367833 -0.0102557 -0.53156 0.501474 -1.28224 -0.462511 1.25745 1.26626 -0.219621 -0.281838 0.535463 0.482379 0.456986 -0.508437 0.661579 1.62502 -0.0712852 -1.78732 -0.861922 0.689869 1.93981 -1.47492 1.91871 1.72846 1.54135 1.01247 
0.119142 -1.11396 -0.0484652 -1.17154 -0.764773 0.640828 -0.322783 1.17377 0.541409 -0.421053 0.056823 -0.569391 -0.288034 0.122701 0.191377 0.232402 0.113601 -0.216388 -0.669407 0.461185 1.26676 -1.18377 1.74202 1.46175 0.894108 0.737038 -0.518951 -0.140675 0.687741 0.649713 3.09326 0.294821 -0.647943 -1.83773 -0.986991 1.52046 -0.454974 -1.21392 -0.152295 
0.0836542 -1.04984 0.0610031 -0.825952 0.135291 0.512571 0.155039 1.09842 -0.626091 1.14919 0.773548 -0.397908 0.261311 -0.151118 -0.150931 0.156181 1.15119 1.81103 -0.16769 0.609506 -0.571467 -1.20661 1.23862 0.080489 -0.731538 0.304691 -0.194868 -0.361481 0.057222 0.576191 1.07417 0.969877 -0.1431 -2.15794 2.0769 -1.43887 -0.862825 -1.89121 -0.383498 
-0.031976 -1.26489 0.107716 -0.020352 1.04625 0.473138 0.286724 0.602299 -0.665203 0.817564 0.137312 -1.30093 0.0166573 -0.0721661 -0.170104 0.289624 0.689792 0.857782 0.30047 0.318085 -0.891179 0.893134 0.303153 0.598925 -0.997099 0.35354 0.235038 0.187732 -0.277114 -1.16081 -1.4512 0.371765 -0.825879 0.00914423 1.49392 -2.02136 -0.464321 0.723189 0.404961 
0.0114881 -1.21995 0.350627 -0.13616 0.993074 0.813042 0.473124 0.207242 0.267043 1.45235 1.37247 -1.39501 0.614851 0.0839196 0.0368008 -0.120932 -0.00962267 0.359829 0.204076 -0.216373 -0.562323 0.287312 -0.782746 -0.383832 -0.00834894 0.709653 0.15716 0.293922 -0.567699 -0.948259 -1.38081 -0.479622 -0.65236 0.790607 -1.32004 -1.41996 -2.53959 1.56255 -1.1881 
0.0519436 -1.22809 -0.0132166 -0.0299746 1.40608 0.677214 0.0703506 0.0399756 -0.377891 0.0348176 -0.24652 -1.30928 0.72631 0.0849937 0.123818 -0.278076 -0.258468 -0.523026 -0.179152 -0.334275 -0.100572 -0.42691 -1.11681 -1.94067 0.56545 -0.834564 -0.272081 -0.140703 0.891962 -0.329914 -2.03577 -0.057672 0.348534 1.39721 0.335333 1.26731 0.457308 1.58959 -0.888255 
0.0964818 -1.09613 0.072551 -0.394628 0.470048 0.633889 0.138849 0.10667 -0.159867 0.335537 -0.568194 -0.829557 -0.219713 -0.188161 -0.103902 0.771029 -0.339537 -1.67594 0.146404 0.132161 0.83489 0.622645 0.484563 0.0734758 1.58124 -0.178602 -0.406603 -0.240964 1.11755 -0.185224 0.437124 0.538586 0.284565 1.97077 1.2706 1.39961 3.3788 0.125818 0.324285 
-0.136217 -1.332 0.757812 -0.369512 -0.269858 0.823617 0.202512 0.874866 0.244754 0.519381 -0.173044 0.271959 0.547708 -0.321609 -0.117146 0.839478 -0.443692 -0.0859019 0.359433 -0.0497099 1.8702 0.843693 0.2828 1.43813 0.691268 -0.510279 0.158995 0.212688 -1.37476 0.245242 3.73659 -0.0282029 -0.00314456 -0.413417 -2.33704 -1.14302 0.92362 -1.72189 0.0952495 
-0.225127 -1.21327 0.912029 -0.83832 0.384146 0.993323 0.0891393 1.97686 0.683827 0.618337 0.869937 -0.13829 -0.729991 -0.0291662 0.108786 -0.603735 -0.0942949 2.06065 0.118201 0.129017 0.421473 -1.71439 -0.658458 0.997096 -0.140654 -0.0833528 0.418012 0.164944 -1.05998 0.866682 0.869502 -0.411884 0.785717 -2.85872 -2.57098 0.0344951 -1.8293 -1.54555 2.49215 
-0.165384 -1.22321 0.154077 -0.463807 1.79079 0.941818 0.331529 1.29634 -1.46964 -0.139077 0.824052 0.131305 0.464355 0.0964028 0.0477983 -0.2205 0.42299 0.7836 -0.0524506 0.736007 -0.988521 -1.72729 0.317295 -0.391166 -0.854279 1.98187 0.072291 -0.148136 1.13618 0.717492 -2.72953 -0.384841 -0.191666 -0.959634 1.27817 -0.110515 0.058824 -0.393992 0.72038 
-0.128724 -1.16548 0.691528 -0.415331 1.16775 0.940872 0.825146 0.988343 -1.04346 0.935631 0.47877 -0.992569 1.25188 0.0431248 -0.0393496 0.532444 0.623197 -0.668878 -0.266641 -0.0626492 -0.53816 -0.436227 -0.768974 1.05592 -0.534646 0.637027 0.116324 -0.1134 -0.251018 0.115206 -0.620411 -0.309485 -1.46496 1.14989 2.34217 -1.44366 0.233662 0.649447 -2.2139 
-0.122259 -1.26256 0.686521 0.159391 1.12191 0.675178 0.268879 0.758179 -1.90587 -0.908051 1.87997 -0.403341 1.10138 0.212727 -0.0656015 -0.471518 0.538196 0.163189 -0.361935 -0.728953 0.161367 0.614889 -1.12637 -0.157504 -0.204832 -0.23203 0.341183 0.117489 -1.80197 -1.55136 0.532669 -0.0576172 -1.35436 -0.150556 2.88745 2.24345 -2.51142 0.0531411 -0.34397 
0.0840028 -1.23108 0.22001 0.122865 1.33094 0.578937 0.0961932 1.14971 -0.42857 -0.190737 0.321266 -1.1974 1.01985 0.384308 0.078139 -1.26952 -0.928158 -0.136209 -0.324258 -1.41701 -0.688716 2.45123 1.47448 -1.4555 -0.481505 0.293057 0.295337 1.28159 1.32746 -1.16339 -1.99996 0.0241389 -1.02143 -2.57296 -1.43577 0.497924 -0.547178 -0.0723381 -0.532513 
0.262049 -1.18442 -0.583002 -0.768767 0.985704 0.35092 -1.14813 0.069463 0.545362 0.566429 0.424467 -0.884846 1.39444 0.508064 1.21599 0.855945 -0.625189 -1.83677 -0.337796 -1.75039 -2.41159 -0.820878 -0.628444 -0.704682 -0.27717 -0.764543 0.342533 2.1494 2.3397 0.718789 -1.43521 -0.23616 0.962144 -1.06365 -4.48799 -1.06622 0.988672 -0.853156 -0.595704 
0.592067 -0.0150905 1.07596 -0.502324 -0.505832 0.241141 -1.65419 -1.26188 -1.24945 -0.819181 -0.383416 -1.47457 0.255303 0.726841 2.22754 1.07018 -0.209369 -1.57142 -0.560418 -0.454869 -1.75236 -2.03676 0.408263 -0.466832 -1.33466 -0.302647 0.158155 0.14971 -2.81013 1.06613 2.02046 -0.759848 2.63085 2.19279 0.846478 4.05515 2.02082 0.457792 2.34767 
0.98889 1.04312 0.487174 -0.978136 -0.58572 -0.209498 -1.603 -1.6829 -1.4914 0.974692 -0.0423655 -2.21951 1.09179 0.666219 1.3657 -1.95418 0.44094 0.183693 -1.09764 0.88046 -0.218801 0.0255998 3.42671 1.31613 0.180621 1.58313 -0.355568 -1.72067 -3.82328 1.61936 0.363193 -0.506821 2.15443 1.75097 3.06897 0.77677 0.847049 2.6631 1.09915 
1.25829 1.35061 -0.878227 -0.061384 -0.32214 -0.856504 -0.773733 -1.48068 -1.22385 2.60753 0.932717 -1.29395 1.83843 0.371273 0.506868 -2.7531 1.40999 -1.20823 -1.06724 1.69956 -0.0013984 1.0322 1.18503 0.380217 1.32844 0.7965 -0.277256 -1.28959 0.713545 0.0728963 -0.795626 0.478922 0.993504 0.0422337 1.56006 -3.82445 -2.68265 1.39157 -1.93474 
1.36016 1.54999 -2.26593 0.43185 -1.79395 -1.27674 0.0965611 -1.6843 -0.459198 2.15973 0.337852 -0.891065 1.88829 0.388962 0.0761046 -1.24064 0.513836 -0.611933 -0.618723 1.87396 -0.176567 1.58566 -0.397737 -1.36652 1.57219 -0.351613 -0.0176121 -0.920273 2.31563 -2.02029 1.13381 0.56479 -0.774035 -0.287531 0.0192686 -2.00543 -1.75569 -0.173989 -2.21223 
1.64725 1.42671 -2.11886 0.452452 -0.934072 -1.47523 1.10023 -1.65725 0.361815 2.20979 -0.433799 0.278243 1.48682 0.353661 -0.413406 -0.437469 -0.6103 -0.0744192 -0.502449 0.925528 -0.288929 1.05147 -0.820401 -1.37548 1.15445 -1.41573 -0.0419823 -0.662562 1.63274 -1.31578 1.2334 0.525129 -2.11781 0.854537 -1.25812 0.286206 0.925162 -1.20942 -0.576928 
1.71382 1.13658 -2.7034 -0.17845 -1.86837 -1.77919 1.02209 -1.97323 0.592275 1.33932 -1.03762 0.263388 0.47256 0.34698 -0.586457 0.392098 -0.801943 0.621465 -0.0935935 -0.243845 0.67797 0.327542 -0.111531 -0.441355 0.362777 -0.928541 0.0702746 -0.135374 1.77598 0.182646 1.37574 0.770701 -2.2017 1.65219 -2.17475 0.994686 1.76972 -1.25373 1.18209 
1.99423 0.840254 -1.72677 -0.34949 -0.312607 -1.56882 0.856386 -0.979276 0.689358 2.09826 -0.875154 0.64102 0.558279 0.423935 -0.54878 1.33851 -0.427654 1.30132 0.268252 -1.27617 1.36326 -1.12328 0.174285 0.394246 -0.0992746 -0.233648 -0.121864 0.0749885 0.601031 1.11325 -1.03482 0.23686 -1.09644 -0.657809 -2.04951 -0.943587 0.578279 -0.292997 0.565959 
2.13776 0.587801 -1.36488 -0.606103 -0.567053 -1.51093 -0.254082 -0.609969 -0.531004 1.51361 -0.643377 0.164114 0.238912 0.225116 -0.511469 0.993129 0.311311 -0.413357 0.143267 -1.34028 0.0201608 -1.72197 -1.05512 0.136924 0.0697806 -0.362581 -0.501765 0.384374 -0.732541 1.73019 -0.569013 -0.456628 0.96981 -2.16671 -0.0997476 -1.14958 0.00996827 1.64467 0.459724 
2.21934 0.328785 -0.733637 -0.038179 -0.725964 -1.42555 -0.483897 -0.959115 -1.03261 1.04314 -0.73823 0.710801 0.195697 -0.0778301 -0.164406 0.605972 1.30254 0.732305 -0.188376 -0.306362 -0.803452 -1.22303 -0.975297 0.404214 1.5454 0.226076 -0.660957 1.31838 -1.99639 1.76347 1.84992 -0.550021 2.56338 -0.722863 1.54801 0.520198 -1.07908 1.66749 -1.00543 
2.05993 0.423395 -0.758911 0.696436 0.165252 -1.69931 -0.560444 -1.41342 -1.75403 0.538312 -0.239163 1.70951 0.464988 -0.435841 0.806913 -1.00326 2.07479 1.43656 -0.406755 1.22309 -0.702702 -0.173955 -0.534921 -0.942161 1.73727 -1.36801 -0.295866 0.749064 -1.61785 -0.389407 -0.2272 0.120734 1.56903 0.286055 1.0412 0.313348 -1.96657 -2.00678 -2.86943 
1.7835 1.1357 -1.7369 2.03661 0.710595 -1.83231 0.739196 -1.66182 -1.20656 0.508223 -1.68039 2.44807 -1.17232 -0.373696 0.584658 -1.01188 0.913132 0.505105 -0.0676416 1.26267 -0.517397 -0.181829 -0.66195 -1.56235 -0.461379 -2.64335 0.265464 -0.76925 1.17851 -2.31964 -1.67231 0.418819 -0.94063 0.770376 -0.684717 -0.393453 1.72672 -2.52752 0.981284 
1.68623 1.00805 -1.77079 1.60957 0.670358 -1.76695 0.702228 -1.93082 -1.93586 -0.123637 -1.80152 1.24813 -2.17836 -0.170377 0.0376637 0.175253 -0.244857 -0.235753 0.0120641 0.282464 0.0676737 -0.858672 -0.928374 0.784562 -0.790242 -0.386729 -0.0226859 0.002402 1.09976 -0.355177 -1.93145 -0.0699447 -1.42586 1.03726 0.675731 1.12313 0.975636 1.8057 1.8528 
1.61313 1.17336 -1.56164 1.79175 0.474842 -1.82024 1.02166 -1.59414 -2.06524 -0.420151 -0.895828 1.65783 -1.55904 -0.396382 0.58706 0.087878 0.557955 -1.42635 -0.137586 -0.163193 0.519859 0.493902 0.461177 -0.586717 1.34432 -0.790547 -0.427622 0.365115 0.102552 0.0474112 -0.909243 -0.115653 -0.872399 0.333011 1.04478 0.449827 -1.8496 0.105525 -0.891215 
1.28985 1.59511 -1.68291 2.16752 -0.755991 -1.90454 0.539035 -1.41096 -1.44196 0.337539 -2.38823 2.59245 -2.96891 -0.597999 0.402778 0.277804 -0.197446 -1.145 -0.103589 -0.589935 0.400685 0.186113 -0.478546 -1.06504 -0.684718 -1.27794 -0.221941 -0.609012 1.19009 -0.612818 2.01605 0.582762 0.803229 0.0587513 0.158485 -1.6824 2.98303 -3.58549 2.35056 
1.01513 1.57614 -1.28384 1.5943 -0.670155 -1.92383 0.431725 -1.19346 -1.87912 -0.898697 -1.96087 0.973113 -2.83699 -0.618324 -0.0219514 1.27796 -0.0548633 0.589698 0.445175 0.640036 0.578611 0.652387 -1.22123 2.39631 -2.24117 1.56001 -0.27334 -0.24353 0.0807701 1.32096 0.573427 0.730125 1.09501 0.02362 1.17598 0.872914 2.60466 0.109889 2.61439 
0.671527 1.57316 -0.404948 2.11266 -0.166293 -1.45936 1.17907 -0.83235 -0.78957 -0.883688 0.00807958 0.35128 -1.4089 -0.871339 0.159248 0.358575 1.12352 -0.57157 0.626536 0.505076 0.424305 1.3621 0.394368 1.53962 -0.574828 1.33644 -0.14509 -0.0440098 -1.73499 0.100779 -1.72405 -0.246742 -0.287995 0.0896809 -0.869366 0.990728 -4.96146 1.08247 -0.863469 
0.143787 1.73539 -0.925266 2.71782 -1.24172 -1.2973 0.936801 -0.769154 -0.517028 -0.504329 -0.421249 0.398285 -1.50055 -0.763413 -0.0659611 -0.457029 0.0459157 -1.13435 0.198434 0.352042 0.668291 -0.216979 -0.230499 -2.56515 -1.1587 0.696544 0.341394 -0.489831 0.14405 -2.02793 1.41653 -0.324387 0.158905 0.0175703 -1.17697 -0.174431 -1.60721 -0.141519 -0.782741 
-0.0918869 1.5072 -0.861977 2.15858 -1.30065 -1.26093 1.53111 -0.164058 -1.00655 -1.11419 -2.55707 -0.807419 -0.712352 -0.529945 -0.330583 0.502625 -0.904409 0.844963 0.30215 0.663981 0.441875 0.185129 0.219937 -0.0675949 -0.716347 0.553701 0.368265 0.134034 1.1815 -0.55221 3.87525 -0.0930272 -1.36226 -1.41109 0.621489 1.24756 4.05226 1.56918 -0.257441 
-0.386158 1.40481 -0.422641 1.81341 -0.396762 -0.995146 1.60078 -0.327279 -0.331899 -0.284393 -0.488844 -0.318062 -0.946846 -0.395149 0.0680725 0.724469 -0.506295 2.7409 0.105406 -1.01022 -0.742802 0.40451 1.01707 1.48711 0.410481 0.439103 0.187422 0.269146 -0.0531673 0.316451 0.791004 -0.208743 -1.9387 -0.553599 0.402687 0.474355 0.40806 1.39404 0.372136 
-0.487036 1.57527 -0.137508 1.65228 1.44026 -1.15552 0.520895 -0.90686 -0.602039 -0.0971225 -1.06996 -0.396939 -0.273249 -0.342523 -0.0614368 0.449457 -0.587959 1.63597 0.0934066 -1.27472 -0.111724 0.587816 0.694291 0.340465 0.677689 0.925836 -0.341556 -0.814556 -0.279806 -0.753127 -3.76966 1.03245 1.25683 1.78613 1.02428 -0.747151 -0.0731894 -0.283427 -0.526815 
-0.728681 1.34337 0.0268162 1.22545 1.23921 -0.90174 0.326065 -0.439002 0.255918 0.409898 -0.148379 0.359628 -0.0210099 -0.736704 -0.746484 0.444663 -1.25942 -1.02876 1.13785 0.246611 1.04333 1.42879 0.269914 1.41392 0.127054 -0.0877111 0.119717 -1.03004 -1.14167 -0.393917 -1.08727 1.24007 0.176042 1.80778 0.937196 -1.83491 -0.0999033 -2.37295 0.0516787 
-1.22374 0.82879 0.307155 0.39286 0.411495 -0.0176701 0.767507 0.136471 0.826751 0.172792 0.343964 -0.269885 -0.36096 -0.222806 -1.09147 -0.692212 -0.981876 0.548702 1.33348 -1.09868 1.69606 1.52501 -1.14062 0.240561 -1.69526 0.977515 1.49257 -0.289882 -1.4676 1.87064 1.71052 -0.912664 -1.88002 -0.0361905 -1.84688 -2.24702 -0.283533 -0.912244 0.781575 
-0.951487 0.251895 -0.665396 0.243576 1.78791 0.431736 -0.77261 1.25706 1.78093 -0.730725 0.0921825 -1.33564 0.956505 0.755866 -1.03637 -1.02294 0.611223 0.681762 0.225189 -1.63341 1.00714 -0.418087 -1.9771 1.13039 -0.78519 0.693864 0.947838 0.68535 1.65694 1.71362 -1.73934 -1.78128 0.222745 -2.24149 -3.08881 0.4493 0.591753 2.53802 -0.518972 
-0.467874 -0.207576 -0.715786 1.00408 1.09326 0.207519 -0.865906 1.14361 0.408664 -1.80431 1.47435 -1.05508 0.332904 0.725032 -0.406124 0.964729 0.731743 -1.19064 -0.447803 -0.875931 -0.545425 -1.5638 -0.691324 0.832315 0.842758 0.458543 -0.275114 0.863826 2.37231 -1.57563 -1.03334 -0.271053 0.638049 -1.6566 0.47391 2.76493 -2.27872 0.573388 -0.169779 
-0.226456 -0.15423 0.299333 0.975319 0.597271 -0.0160672 -1.64854 0.711633 0.217129 -1.42205 0.924497 -0.492878 1.41505 0.480752 -0.17254 1.34937 -0.964411 -0.351577 -0.0458642 -0.995364 -0.649459 0.055823 0.787827 -1.14833 -0.211802 0.524085 -0.392112 0.409551 -0.725465 -2.02421 1.25132 0.73717 0.522996 0.0641635 1.90721 1.12544 -1.26936 -0.563057 -0.724239 
0.0128786 -0.380116 0.633581 0.0396718 0.74168 0.161655 -1.86127 0.494152 0.464487 -1.01648 0.326017 -1.26688 0.856988 0.332919 0.00342638 0.239264 -1.29247 0.0606869 0.289367 -0.352934 -0.481261 0.343412 0.434112 -0.437046 0.279701 -0.265696 -0.299129 0.186666 -1.33263 0.473184 -1.70679 -0.0898858 1.04965 0.480721 -0.290141 -1.47219 2.10481 2.47783 -0.406513 
0.106464 -0.150803 0.538597 -0.317151 0.657957 0.2733 -2.00147 0.230372 0.560541 -0.987936 0.487451 -0.213177 1.14935 0.181623 0.0141258 0.0167312 -0.491227 -2.05837 -0.13575 0.0542867 -0.168738 -0.234318 -0.684367 0.956477 2.26602 0.117572 -0.21054 -0.289151 -0.257227 1.12512 -1.17738 -0.434824 0.788717 1.7106 -0.0527353 -0.375506 1.27117 0.582545 -0.736125 
0.194502 -0.36599 0.650312 -0.451555 -1.31669 0.0259049 -1.80698 0.325414 0.230169 -1.70085 1.28249 0.999148 0.97456 0.122379 -0.285725 -0.0179632 -0.167352 -1.11669 -0.145457 0.435782 1.22933 0.290677 0.0586062 0.834122 0.862247 -1.00182 -0.240894 -0.37059 -0.565616 0.0129189 3.86029 0.486048 -0.00944175 0.614324 0.393886 1.26263 -1.08471 -3.2044 -0.534675 
0.228843 -0.436528 0.520634 -0.484503 -0.458734 0.127843 -1.56569 1.45971 0.851218 -0.92933 1.32157 0.64907 0.14753 -0.0592706 -0.356464 -0.548885 -0.478308 1.80192 0.350298 0.044845 0.445586 0.159568 0.578263 -0.128232 -0.93837 -0.417103 -0.459235 -0.188195 -0.182361 0.545431 1.45744 0.151855 0.111125 -1.49848 -0.10266 0.520793 -0.828632 -1.22752 1.39216 
0.135231 -0.722454 0.101427 -0.929863 0.485239 0.376203 -1.76214 0.771 0.389737 -1.12259 1.15426 0.0607772 0.557457 -0.336856 -0.47392 -0.200324 0.378078 0.340745 0.00639801 0.546908 -0.269149 0.188017 0.5794 0.00549024 -0.365277 0.390337 -0.519902 -0.0125292 1.23355 1.75664 -2.78502 -0.153135 1.18764 -0.575634 0.114062 -0.653797 -1.47992 -0.33956 -0.24094 
-0.108013 -0.910449 0.32031 -0.106425 -0.11799 0.134241 -1.01878 1.19056 1.03924 -0.349931 1.32706 0.283793 0.537867 -0.579173 -0.368993 0.684665 1.27833 -0.983093 0.197164 1.23248 -0.130048 0.27363 -0.0755347 -1.60815 -1.27793 -0.658043 -0.0304594 0.388521 1.35984 -0.190615 -1.52225 0.94299 0.260845 -0.485613 0.335686 -0.331706 -1.14808 0.599452 -1.70963 
-0.443942 -1.09145 0.786092 0.348465 -0.497854 0.573367 -0.529657 0.640952 0.663367 -1.19812 -0.453893 -1.21715 -0.100585 -0.367315 -0.0853993 1.15951 0.187464 -1.18151 0.949389 0.807753 -0.754762 0.523704 0.247693 -1.14259 0.234175 -1.31929 0.458496 0.36899 0.0930348 -1.77959 0.280233 0.264131 -1.16501 -0.0441569 1.22941 1.1842 3.41566 4.22446 0.97866 
-0.475328 -0.995848 1.47982 0.0810387 -1.2995 1.08363 -0.211031 0.435796 1.56294 -0.102237 0.18447 0.517969 -0.781426 -0.120677 -2.89474e-006 0.777699 -0.501258 -0.70286 0.461295 0.0674719 -0.174205 1.50304 1.10867 1.80751 2.94653 0.320617 0.308718 0.190332 -1.39044 -0.621096 3.1624 -0.916385 -1.88067 1.29041 -1.23714 -2.2937 2.10162 0.464605 2.66488 
-0.564619 -1.09145 1.56379 -0.152793 -1.20071 1.03466 -0.462185 0.466747 2.1664 -0.0894539 1.35361 1.72938 0.220031 -0.058597 0.104933 -0.230928 -0.433632 1.98089 0.0330032 -1.07292 0.535651 -0.713433 -2.04601 0.959022 0.698781 1.34558 -0.108583 0.187897 -1.47033 -0.744812 -0.172602 -0.819946 -1.25074 -0.484414 -3.69769 -3.13625 -3.48228 -4.50073 -1.39327 
-0.533925 -0.890915 1.24889 -0.352594 0.68139 1.11663 -1.28395 0.971447 0.849506 -2.14824 1.14349 1.21675 0.564158 -0.229259 0.187894 -0.692635 -1.24607 -0.875462 -0.358651 -1.18327 -0.658619 -2.19465 -2.02758 -1.67478 -1.5542 -1.07266 -0.19717 0.158701 0.466294 0.172463 -4.47866 -0.162989 1.89343 -0.949033 0.533516 4.23335 -0.857147 -2.01661 -2.71336 
-0.793878 -0.903556 0.871156 -1.39886 -2.07618 0.67601 -1.64545 -0.191872 -0.0282468 -2.11703 -0.321163 0.175177 -0.852626 -0.255767 0.263634 0.235366 -0.261169 -2.49777 -0.129985 0.820511 -0.413382 -0.179917 2.18734 0.101874 -1.31783 -1.36778 0.132908 0.198908 1.02234 1.9445 1.63231 0.700541 2.74595 1.51235 2.82272 4.34222 2.93828 1.67777 1.20408 
-0.789692 -0.627281 1.48426 -0.613763 -1.81638 0.986648 -0.463442 0.558065 0.669589 0.039098 1.24537 -0.101085 -0.803622 -0.0963509 0.386803 0.329708 0.698428 0.756844 0.34189 1.56269 0.853734 0.628067 2.31464 1.2635 0.123573 0.131421 0.112722 0.0206849 -0.204862 7.12131e-005 3.05482 0.116717 -0.118359 0.622448 -1.00606 -2.33266 -0.889445 1.07965 0.800724 
-0.890229 -0.516753 1.20086 -0.700436 -1.31933 1.0179 -0.0827651 0.661862 0.59982 0.197606 0.942336 0.29875 -0.721204 -0.143045 0.284319 0.0305046 -0.261098 0.557057 -0.013268 0.702152 0.209066 -1.18598 -0.145315 -0.78757 -0.238186 -0.567056 0.105606 -0.112218 0.0595097 -0.99685 -0.0977839 -0.356555 -1.44419 -0.419388 -1.86124 -3.02847 -3.43927 -1.51972 -0.268872 
-0.932737 -0.342962 1.51477 -0.874861 -1.25932 0.97338 0.23871 0.767131 -0.516393 -0.106217 0.457795 -0.339271 -1.37068 0.00925488 0.274585 0.389218 -0.298422 0.65906 -0.0146655 0.1185 0.434346 -1.23317 -0.713833 -2.17577 -1.39614 -0.137451 -0.0118934 -0.194352 -0.522929 0.530169 -0.350663 -0.0780469 -0.604194 0.992104 2.96975 0.616127 0.8207 1.44112 2.16754 
-0.880974 -0.242168 1.59008 -0.998858 -0.660272 1.00323 0.0357348 1.09621 -0.633353 -0.516227 -1.23344 -1.09739 -0.858655 -0.154939 0.0899664 -0.492425 0.269071 0.206394 -0.0913149 0.0979577 1.20117 1.78377 0.470813 0.0331298 1.20294 1.60049 -0.231104 -0.0086294 -1.0198 0.465526 -0.637903 0.0437193 0.676105 -0.758772 2.1708 1.65147 4.71738 2.9536 1.38948 