-1.12942 -0.523088 -0.274839 -0.726242 0.954369 0.860193 -0.989144 0.947079 -0.30426 -0.129828 1.12986 0.618292 0.0206373 -0.0132248 -0.181719 -0.532916 -0.194269 -0.0856182 -0.672735 -1.15622 0.296041 0.461066 -0.306988 0.131981 -0.140634 1.75822 -0.0155144 -0.0899795 1.15681 0.98151 0.198675 -0.331157 1.03439 0.0975051 1.09028 1.05808 -1.00721 -1.92192 0.180225 
-1.21134 -0.657136 0.012252 -0.0291997 1.02615 0.510834 -1.27391 0.983456 -0.129208 -1.5656 -0.717867 0.151065 0.944914 0.0129863 -0.02723 0.393297 0.681011 0.20745 -0.303574 -0.0991705 -0.0532656 -0.0418002 0.141506 -0.54612 -0.791942 -0.284581 0.08158 0.369057 1.71871 0.443812 -0.0175784 0.614423 2.0343 -0.274365 -0.0548348 1.32394 1.50992 0.327112 -2.36788 
-1.11643 -0.550318 0.118457 -0.0452315 1.16182 0.556619 -1.08831 0.893813 -0.34606 0.0116784 0.583744 -0.17365 -0.263944 0.0683551 0.187338 1.18579 0.249543 -0.103197 -0.0583122 0.878082 0.0216765 0.406231 1.01695 1.6419 0.186478 -0.609659 -0.144643 0.0316106 -0.691965 -1.03605 -0.224113 0.500885 0.605864 -0.241477 0.97248 -0.531164 0.791606 1.50382 0.98186 
-1.14299 -0.469797 1.19804 0.220343 0.922954 0.452522 -0.395832 1.00513 0.277024 -0.54865 0.924038 0.337543 0.335255 -0.131657 0.00438062 -0.298669 -0.355041 -0.016663 0.197311 0.506694 -0.294742 0.93068 -0.389658 0.245485 0.711874 0.697279 -0.0794602 -0.331519 -3.20123 -1.35307 0.123846 -0.084737 -1.99931 -0.374743 -0.849225 -0.953183 -2.36732 -1.59126 -0.658918 
-1.24809 -0.545937 -0.180212 -0.400273 1.14516 0.75393 -0.581621 0.599071 0.58462 -0.37798 0.82923 0.538225 0.433335 -0.0111051 -0.144181 -2.01544 -1.10353 0.0206489 -0.143049 -1.12123 -0.353067 -0.442994 0.0637669 -0.72542 -1.40478 -1.26858 0.357301 0.025323 0.271816 0.105998 -0.202523 -0.268247 -0.227372 0.869711 -0.775052 1.36796 -0.236491 -1.07982 -1.29214 
-1.15409 -0.613978 -0.8174 -0.883186 0.943603 0.309473 -1.51706 0.652066 -0.165971 -0.484883 0.198617 -1.06724 -0.933322 0.225645 0.0297037 -0.0268528 -0.249043 -0.219186 -0.0709363 0.279322 0.574968 0.155627 0.9783 0.00899435 -0.367948 -0.594863 0.216106 0.131455 3.00094 1.80071 0.0663687 0.666287 1.97624 0.391681 -0.75571 -0.100355 1.37718 2.59232 3.5078 
-1.02244 -0.516233 -0.207064 -0.649316 0.92597 0.682994 -0.302299 1.17404 0.740247 0.60032 0.838224 0.170276 -0.161528 0.205001 -0.0127255 0.985501 0.697179 0.0870176 0.523238 0.855006 0.0386148 -1.1987 -0.0365882 0.651763 1.18753 2.23923 -0.173377 -0.506242 0.520428 0.359467 0.378404 0.309692 0.423711 -0.992338 -1.97101 -1.08446 -0.0930167 0.716601 -0.66465 
-0.949092 -0.626704 0.168101 -0.186007 1.03062 0.832711 -0.662057 0.69068 -1.36467 -0.521471 0.85038 0.120297 1.3059 0.0522671 -0.476539 0.493576 0.110424 0.159218 0.238756 0.703032 -0.41737 -1.81538 -0.106161 -0.0840223 0.348653 -1.25951 -0.140864 -0.652848 -1.7731 -1.65302 -0.0838691 -0.175536 0.470768 0.341692 0.277989 1.29674 -1.75448 -0.522675 -3.43019 
-0.970177 -0.992772 0.286511 -0.538892 1.08519 0.92175 0.400733 0.756669 -1.07513 0.494158 0.754202 0.518929 -1.42104 0.0641371 -0.665573 -0.787603 -0.955843 0.00314854 0.347702 1.32577 0.380307 -0.920715 1.26015 -1.10271 0.66486 -1.19096 0.145805 0.26822 -1.44018 -0.252825 -0.584256 -0.279151 -1.19282 0.903927 1.3928 -1.00321 -0.664567 0.837913 2.79545 
-0.884955 -1.29228 -0.619502 -1.14185 1.03377 1.18041 0.663717 1.07099 -2.28539 0.738682 -0.252332 0.785157 0.114941 0.198072 -0.208319 -0.946606 -0.142401 -0.425038 -0.0403946 -0.489785 0.486557 -0.422577 -1.10937 -0.748589 1.18657 1.53593 0.185901 0.794387 1.15487 1.71399 -0.343103 -0.662659 -4.00221 -0.412183 1.77659 -1.79603 1.71255 0.52526 1.38699 
-0.772104 -1.20109 -0.660095 -0.681293 0.66015 0.881355 -0.0890523 1.24323 -1.49771 -0.615209 0.00561271 1.70549 0.114893 0.250038 0.128814 0.367271 0.758143 -0.339954 -0.314958 -2.67644 -0.0318763 0.85588 -0.535871 0.609841 1.19012 0.196028 0.16352 0.0642734 0.867268 -0.0274601 0.39375 0.604914 -0.805302 -0.450203 0.214779 2.76234 1.16994 -1.10455 -1.92919 
-0.634917 -1.16346 -0.252231 -0.383707 0.693815 0.865455 -2.01272 1.03911 -1.42951 0.202811 0.357509 1.97528 0.310969 0.361592 -0.144045 -0.0793384 -0.169862 -0.0312876 0.564519 -1.29509 0.0363536 -0.207798 1.65297 0.421351 0.0820158 -0.393258 0.178016 -0.691292 -0.706186 -0.0985449 0.312345 1.14295 3.30147 0.309012 -1.19989 1.44847 -0.879038 -2.23914 -1.29163 
-0.410512 -1.34514 -0.739433 -0.851155 0.628863 1.44587 -1.38414 1.27958 -1.70551 1.03776 0.426964 1.78751 -0.278365 0.428054 -0.562478 -0.338915 0.659598 -0.0276091 0.827997 0.625032 0.277136 -0.344015 0.912594 -0.269197 -1.04902 -1.09561 -0.0655223 -0.330004 0.154996 1.49415 0.104125 -0.9876 0.510024 -0.0192986 0.914285 -0.342641 -1.53952 -0.337783 0.2336 
-0.206863 -1.72594 -0.591147 0.275891 0.666206 1.69345 -1.38769 1.31625 -1.77352 1.1154 0.0883119 0.926259 -0.784637 0.29607 -0.47405 0.075658 1.32429 0.0728378 -0.423081 -0.785064 0.017055 0.706486 1.31033 -1.11816 -0.255767 -0.159658 -0.512806 0.377329 -0.655987 -1.19245 0.266558 -1.0461 -0.722849 -0.622574 0.449595 -0.436804 -0.00185966 1.22351 1.14079 
-0.114442 -1.81919 -0.663775 0.47313 0.7017 1.02279 -2.1692 1.29663 -0.999024 2.34808 -0.6912 1.53174 -0.438023 -0.084752 -0.185149 -0.994902 -0.532849 0.238949 -0.218105 -0.0978163 -0.345438 0.10558 0.47579 -0.271057 0.174493 0.0451887 -0.370866 0.421919 -1.62929 -3.36378 -0.23858 0.748367 1.11623 -0.918955 -1.60377 -2.45762 2.31113 2.1407 2.32596 
-0.291615 -1.91109 -1.58605 -0.256958 0.905155 1.47535 -1.4855 0.970809 -1.66794 1.59119 -0.182745 1.10075 -0.739448 -0.0747957 -0.0521312 -1.55364 -2.0395 -0.165742 0.325286 0.331168 -0.9019 -0.897287 -1.1473 1.19297 1.88494 2.16631 0.421975 -0.0554114 0.817423 1.21995 -0.421604 0.0847299 0.90426 0.13958 -1.77688 -0.340289 0.385629 0.270523 -0.509132 
-0.189238 -1.87132 -2.21741 -1.56637 0.535958 1.34808 -1.83804 0.394735 -1.89631 1.20079 0.501768 3.41668 1.72828 0.337223 -0.24056 -0.177479 0.687105 -0.182655 -0.133375 0.806443 -0.205858 -1.6713 0.135501 0.114572 0.445015 -0.463943 0.641429 -0.294423 1.62379 3.06538 0.368946 -0.386562 0.875188 1.09552 1.06074 1.38495 -1.03839 -2.03339 -4.07667 
0.0456073 -2.15165 -1.76353 0.430147 0.7225 1.34197 -0.679061 0.764951 -3.33924 1.7267 -0.0681724 1.54577 -1.20339 0.566633 -0.346554 0.0701506 1.02588 0.203204 -0.0612758 1.20636 0.193623 0.163453 0.237649 0.154582 -0.148451 -1.91036 0.0953601 0.384233 -0.766579 -1.52641 0.134676 0.0538022 -0.960718 -0.134633 3.25466 -1.89111 0.867823 0.0623237 1.2422 
0.377395 -2.21787 -2.14726 -0.540486 0.739161 1.2868 -0.63168 0.588357 -1.73286 1.43843 0.65635 3.26823 -0.182076 0.432583 0.143672 -0.944058 -0.839306 -0.0479783 -0.0795727 -0.154275 -0.340491 1.58336 -1.75561 0.982396 0.507339 0.778259 -0.636857 0.622926 -0.757421 -1.46592 -0.226989 -0.100445 -0.941623 -0.457368 0.749721 -2.06497 0.216961 -2.41456 1.19843 
0.47819 -2.00798 -2.70759 -0.409159 0.674522 1.2624 -0.833336 0.42446 -1.75588 -0.0289146 0.914223 2.05311 -0.425133 -0.070224 0.276372 -0.68727 -0.440036 -0.0237852 -0.161721 0.264733 -0.263745 0.913174 -1.82733 0.371542 -2.56301 -0.711929 -0.509299 1.29623 5.4457 1.12348 0.0675481 -0.26693 0.128776 -0.399564 -2.16809 0.24593 -2.17907 -3.26346 -2.72448 
0.307171 -1.9415 -2.83453 -0.980521 0.715376 1.12508 -0.366948 0.324612 -0.819684 -0.388892 1.02789 0.70522 -0.894005 -0.0767159 1.4399 4.50164 0.284171 0.0195698 -0.346503 -0.0254984 -0.740055 -0.584726 -1.50968 -1.19667 -2.75612 -1.94622 0.308046 2.4758 5.3629 -0.347126 -0.245098 -0.418474 -1.28509 -0.339901 -1.63357 0.633707 -1.50996 0.695366 -0.192013 
0.401474 -0.568075 1.79405 -0.124988 0.694092 0.915897 -0.858834 -0.315596 -2.34061 -1.53859 -0.28245 -0.703014 -2.37135 0.237822 2.75217 4.67563 -0.787161 -0.268883 -0.580194 -1.02035 -0.603646 -0.720391 -1.19362 -1.13841 -1.86764 -0.903941 0.360536 0.254393 -4.0298 0.190793 -0.99006 -1.66046 0.415261 0.308111 1.98686 2.55455 -0.36399 3.50897 1.92838 
0.544994 0.81067 1.8411 -1.76768 0.446493 0.544888 -1.3873 -0.279033 -1.54008 -1.58251 -0.110521 -1.16242 -1.79795 0.283821 1.69429 0.471842 0.474963 -0.97049 -2.00696 0.389762 -0.431944 1.40213 1.04487 -1.56066 0.752849 -0.0178338 0.00801614 -2.31239 -4.8239 3.86903 -0.956732 -0.94184 2.85044 -0.277877 2.59153 3.38197 0.848568 2.8177 1.18181 
0.685295 1.12622 2.2659 0.349975 -0.276398 -1.09106 -0.469072 -0.74754 -0.938473 -0.493725 -1.84311 0.0498352 -2.38919 0.245838 0.439776 -0.148272 3.08186 -1.22562 -1.52203 1.83009 -0.881523 1.87114 2.18835 -0.289846 0.950057 0.277867 -0.0406051 -1.60443 -1.8493 0.755642 0.151607 1.96302 0.733706 -0.16556 -0.873871 -1.00957 3.34675 -1.37166 -0.181055 
0.790832 1.25045 1.69283 1.31418 -0.779122 -0.977146 0.442785 -1.16056 0.331067 0.605838 -0.400367 -0.212367 -1.52008 0.243215 0.0898655 -1.37746 1.23061 -0.818882 -0.0439371 1.12347 -0.597504 0.528263 0.0353037 1.78608 -0.618815 -0.198888 -0.0138947 -0.480364 -0.767411 -2.8866 0.97927 1.10784 -1.72828 0.966453 -2.6043 -3.44111 1.12069 -1.86881 -0.723013 
0.92851 1.21609 0.888439 1.58058 -1.09528 -1.135 0.654396 -1.34504 -0.410211 -0.458421 -0.0570282 -0.56898 -2.58807 0.231944 -0.0405879 -0.915683 0.195267 -0.246345 -0.414193 0.101803 0.0849304 -0.733155 -1.25276 0.830846 -0.918757 -0.445146 -0.0482616 -0.379056 2.27831 -1.16002 0.978346 -0.372017 -1.90517 0.788775 0.696702 0.710001 -1.11298 -0.367597 0.322087 
1.02278 1.20986 0.777146 1.50945 -1.02547 -1.39134 0.544589 -1.07563 -0.402088 -0.64692 0.430479 -1.13112 -1.96523 0.194954 -0.28919 0.900855 0.0705826 0.159463 -0.415954 -0.781701 0.191271 1.22496 0.745305 0.673109 -0.986413 0.123199 -0.144456 -0.225406 1.46844 0.75795 0.244838 0.357807 -1.15512 -0.28103 1.92829 2.27956 0.281469 0.534926 0.188494 
1.12346 0.926896 1.78929 1.65116 -0.935817 -1.55095 -0.127305 -1.15377 0.814754 0.286883 0.616081 -1.55539 -2.46488 0.0874873 -0.265994 0.552758 0.953217 -0.00150713 -0.0563854 -1.05332 -0.196099 1.19513 1.0268 1.11232 -0.383831 -0.256653 -0.254533 0.394941 -1.4693 0.9842 -0.154166 0.401105 0.88003 -0.210669 -1.47382 -0.18418 0.346867 1.32191 1.30156 
1.11026 0.943865 1.3299 2.46267 -1.02697 -1.44772 -0.508729 -1.27173 0.793043 0.379881 1.54279 -1.51495 -2.22188 -0.0595793 0.105751 -0.568449 1.05478 0.00529738 -0.0148489 0.0983298 -0.0193978 -0.24886 0.561125 1.01998 0.335494 1.42475 -0.0697274 0.234362 -0.402689 -1.27649 0.18531 -0.142384 1.86864 0.116309 -2.78708 -0.647206 -1.67227 1.2355 2.13125 
1.06388 1.03265 1.22085 2.70595 -0.930519 -1.5658 -0.0289747 -1.17317 0.565894 0.848009 1.63606 -1.2199 -1.04012 0.0177599 -0.0316321 0.150069 -0.323274 0.183802 -0.19877 0.815317 -0.0797904 -1.59195 0.379595 -0.559958 0.851671 1.8746 0.237898 -0.259371 -0.0637816 -1.57077 -0.021415 0.449359 0.149727 -0.308211 -0.546303 -1.48079 -1.51061 0.640286 -0.625571 
1.12802 0.912233 1.47997 2.13939 -0.843171 -1.64649 0.306588 -1.35152 -0.798906 0.759476 0.982836 -0.663283 -0.347281 0.178319 -0.153621 -0.63223 -0.515985 -0.0161177 0.434511 0.248057 -0.327609 -0.795163 -0.91967 -0.490637 0.975781 0.799184 0.108152 0.0199633 -0.320273 0.108646 -0.569249 0.657366 -0.64654 0.271598 2.6644 -1.23198 0.268937 -0.920398 -0.368881 
1.2422 0.879026 0.588615 2.18996 -0.946637 -1.13129 0.219082 -1.50078 -0.229269 -0.0716613 1.14542 -0.244118 -0.240936 0.125912 -0.0116688 -0.170205 -0.214628 -0.385446 0.458596 0.168777 0.191807 1.07245 -0.85238 -0.291021 -0.0687272 1.50572 -0.118381 0.260819 0.226185 0.643094 -0.232301 -0.645675 0.51408 0.426406 1.5342 1.6548 -0.221947 -1.42722 0.133939 
1.25393 0.900564 1.30977 1.92477 -1.22862 -1.1879 0.475365 -1.15971 0.273547 -0.0929035 0.691816 -0.73201 1.15844 0.0599374 0.107199 -0.406045 0.127109 -0.248419 -0.211165 0.762137 0.0987972 0.739035 0.735127 -0.712585 -0.451437 0.933123 -0.0385535 -0.0340632 -1.24155 -0.421438 0.524866 -0.602819 -0.607523 -0.351324 -0.647041 1.64375 0.567379 0.487293 -1.36503 
1.30214 0.986224 0.18257 2.31707 -1.19506 -1.34246 0.981219 -1.40198 0.509765 0.663465 0.432835 -0.695555 0.692186 0.0873584 -0.045732 -1.41175 -0.636066 0.13942 -0.144223 -0.438745 -0.159517 0.425412 0.791369 0.276358 0.418566 0.140685 -0.0610176 -0.179027 0.0881671 -1.86406 0.382243 0.128272 -1.47143 -0.163544 -1.44204 -0.21791 1.23572 1.26476 -0.644726 
1.34129 0.854832 -0.101984 1.2887 -1.0892 -1.33212 0.03662 -1.31923 0.698958 0.698466 0.968174 -0.313444 1.29912 -0.00108025 -0.0718284 -0.317878 -1.73695 0.133824 -0.0828931 -0.709297 -0.0647467 -0.703007 0.517216 0.523136 0.813322 0.288397 -0.0891223 0.03291 1.70576 0.252319 -0.316111 0.450932 1.32687 0.170981 -0.766766 -0.379248 -0.140428 -0.021659 -1.04224 
1.30106 0.914396 -0.135309 0.580117 -1.06123 -1.42535 0.271922 -1.46673 -0.193241 1.18068 0.955971 0.117767 0.980583 -0.00176388 -0.012822 0.29401 -0.383747 -0.176691 0.306709 0.888121 0.0114634 -0.341355 0.412122 0.13593 0.396906 -0.901556 0.0174062 0.22789 0.125924 1.92157 -0.501528 0.573086 1.18886 0.473245 0.781221 -0.742226 -0.961689 -1.84753 -0.012909 
1.33953 0.84201 0.192026 0.904952 -1.26589 -1.02541 0.924741 -1.30776 0.357603 1.11059 1.1041 0.0834621 0.397564 0.016326 0.156062 -0.191955 0.184614 -0.367704 0.490193 0.479567 0.408498 0.078215 -0.22501 -0.438553 -1.0342 0.275488 0.0581235 0.130853 0.301128 -0.0813144 0.0995018 -0.283427 -1.10351 -0.0336541 0.83872 -0.383292 -1.53988 -1.44409 1.72635 
1.31739 1.07046 -0.327263 0.764731 -1.42894 -0.935157 0.751489 -1.05823 -0.115026 0.955672 0.517418 -0.916437 1.25607 0.0563596 0.118031 0.595138 -0.465062 -0.0771888 0.0232823 -0.215384 -0.0221907 0.497366 0.0288292 -1.40395 -1.04719 0.824793 -0.0652427 -0.132687 0.200811 0.565792 0.406154 -0.795406 -1.13498 -0.41682 1.04851 0.454364 -0.143671 0.907319 -0.323132 
1.39589 0.960041 0.787164 0.439891 -1.34308 -1.00213 0.709358 -1.32995 0.854969 1.13942 -0.299846 -0.963726 1.22236 -0.0489168 0.0233749 0.00885638 0.750407 0.0384503 -0.305213 -0.655415 -0.00832189 1.12672 0.229354 -0.582224 -0.126885 -0.047644 -0.0645487 -0.373078 -1.00499 0.588119 0.0357133 -0.625593 -0.369106 0.123545 -0.761131 -0.710439 1.57664 0.818596 -1.25066 
1.26847 1.09383 -0.318407 1.51514 -1.39049 -1.24037 0.0960744 -1.06655 1.0117 1.18503 -0.0648053 -1.04332 1.20843 -0.00818909 -0.255047 -0.409849 0.123057 -0.0414755 -0.602311 -0.58449 0.101354 -0.263766 -0.681609 0.172688 -0.228592 -0.425865 0.0885827 -0.215077 1.02931 -1.08977 -0.109538 0.340842 1.15653 0.247447 -0.820463 -0.78101 1.14312 0.6211 0.132967 
1.3877 0.704993 0.377315 0.562948 -1.38455 -1.60444 0.124868 -1.2286 0.591203 0.457807 -0.127159 -1.19232 0.796492 0.0396659 -0.191702 1.03817 -0.339361 -0.0710876 0.0356287 0.501111 0.239125 0.30626 -0.551656 0.560901 0.494215 0.0853225 -0.0689408 0.385249 0.78675 -0.216391 -0.0848605 1.18303 1.72549 0.0086857 1.10993 1.63915 0.361218 0.624363 -0.268592 
1.30814 0.902131 0.71976 1.17578 -1.46157 -1.20474 0.597185 -0.827429 1.31796 0.63337 0.496096 -0.549108 1.29375 -0.0771299 0.130202 0.376901 -0.0933337 -0.126336 0.580722 1.141 0.11004 0.846166 0.957542 0.533906 0.395771 -0.694457 -0.100532 0.0560107 -2.43114 -1.10254 0.0314338 -0.1141 -0.389045 -0.920774 -0.894448 1.13688 -0.787607 -1.42452 -1.52507 
1.31057 0.835195 0.754216 0.469614 -1.51089 -1.02372 1.26587 -1.11856 1.43737 1.41535 0.406747 -0.796548 0.102035 -0.0608658 -0.135691 -1.39297 -1.44191 -0.0396538 -0.0784718 0.112065 -0.681649 -0.588188 0.585222 -0.226706 -0.930309 -1.43975 0.0331778 -0.261808 -1.22138 -0.235721 0.518651 -0.438672 -1.18238 -0.211153 -1.77151 -1.34791 -0.199155 0.724945 1.25771 
1.24727 0.766439 -0.67321 -0.266129 -1.50123 -1.28321 0.70925 -1.50908 0.729769 1.21859 0.26939 -1.47942 -0.146003 -0.0439521 -0.131606 -0.844476 -0.329055 0.392315 0.14205 -0.0413862 -0.101114 -0.925345 -0.390365 0.334751 1.12072 0.563249 -0.0397115 0.00952199 1.65702 1.13777 0.342794 0.00670802 0.345122 0.499217 -0.0718932 -0.989127 -1.43386 1.78966 1.59065 
1.26662 0.703589 -0.0902596 0.140559 -1.11857 -0.881668 1.22448 -1.21967 0.512024 1.02498 0.741499 0.324168 0.665285 -0.100577 -0.126169 0.264052 -0.30414 0.30314 -0.0717638 0.457188 -0.182432 -0.660081 -0.403906 -1.66056 0.859354 0.150893 -0.184006 0.415505 -0.79867 0.752428 -0.823786 -0.266495 -0.427993 0.129796 1.30693 -0.586082 -2.058 -2.06138 -1.11724 
1.14669 0.64027 -0.409158 -0.57027 -1.19809 -1.35498 1.16644 -1.69151 0.0696872 0.814686 -1.39117 -0.620062 0.0048901 -0.227958 0.283899 -1.64315 0.423374 -0.431471 -0.124445 -0.469379 0.0286821 0.381586 -0.976447 -1.72324 -0.940663 -0.553993 -0.0384739 0.503668 -1.45947 1.56724 -0.541205 0.308548 0.190245 0.73869 1.58569 0.234619 2.65204 -0.643679 -0.561385 
1.03866 0.987488 -1.73341 0.563933 -1.55004 -1.00611 0.755101 -1.19099 0.89361 0.0485373 -0.981745 -0.616495 0.111291 -0.139051 0.377498 -1.19542 1.2631 -0.238065 0.236785 0.647433 0.556258 0.925608 -0.169287 0.991477 0.215675 -0.410493 0.168947 -0.25736 2.11029 -0.616686 0.540326 0.228602 1.80626 -0.158768 -0.0166666 1.70483 2.5952 2.06092 1.14086 
1.00764 1.01777 -1.60458 0.692834 -1.43615 -1.11819 1.81387 -1.13525 0.995295 0.6454 -0.399696 -0.404387 -0.405603 -0.0590112 0.0265394 0.467145 -0.193312 0.108855 0.104157 1.33689 -0.130085 0.364919 0.728387 0.871953 1.12026 0.58687 0.145339 -0.499102 0.925557 -1.89567 0.268592 -0.322417 -1.34803 -1.00052 -1.28526 -0.513145 -1.17734 0.178113 0.950392 
0.979649 1.01403 -1.26626 0.370621 -1.44119 -0.901955 2.09199 -1.32108 1.25853 0.776924 -0.109791 0.503765 0.698161 0.00628819 -0.121604 -0.269867 -0.632568 0.0305269 -0.0856325 -0.700594 -0.444258 -0.359653 -0.682432 -0.185863 0.393788 0.5399 0.100667 -0.0431743 -0.231493 0.456197 0.0116789 -0.418923 -2.33518 0.199563 -1.03663 -0.82897 -1.37081 -1.86792 -1.18142 
1.01393 0.896164 -1.87445 0.060266 -1.40562 -1.20383 1.11328 -1.57951 0.635642 -0.0370326 -0.58556 -0.0105991 0.134297 0.0416561 -0.0166349 0.235653 0.262885 0.120534 -0.314766 -0.99829 0.0694777 -0.671713 -0.100583 -0.498853 -0.747657 -0.594546 -0.0163197 0.128254 2.9696 0.874259 0.238441 -0.0222369 1.47942 1.17373 0.783407 1.63281 -0.187334 0.132291 -0.0530897 
1.0213 0.997393 -1.03061 0.633506 -1.32065 -1.21672 1.0937 -1.2516 0.586815 0.676342 -0.608645 -0.243893 0.103614 -0.0100315 0.0066503 2.69973 0.24169 0.268968 -0.107869 0.778821 0.729476 0.423754 0.95038 -0.373197 0.52608 0.48681 -0.187631 0.161652 1.22149 -0.379166 0.0432235 0.384549 1.99577 0.538011 0.779843 0.144231 -0.248457 0.8657 2.31038 
1.0039 0.902814 0.825282 0.301956 -1.13666 -1.31169 1.8921 -0.850035 1.0594 0.913348 -0.958757 0.515481 0.621107 -0.145975 0.145017 1.45714 -0.116281 0.163758 0.0697832 0.997476 0.607489 0.108129 0.0436485 -0.747311 0.118042 1.71583 -0.202549 0.299361 -4.17839 0.119715 -0.202946 0.365251 -0.546333 -0.466674 -0.908978 -1.76942 0.0154279 -1.85491 -0.401183 
0.87533 1.14241 0.426535 0.517225 -1.1569 -1.14694 2.09117 -0.64411 0.694944 0.71999 -1.35596 -0.12585 1.81944 -0.212581 0.306011 -1.47866 0.361406 0.0660226 0.257381 0.232488 0.262802 -0.485223 -0.819036 -0.357769 -1.32883 0.0856273 -0.0396248 -0.228341 -2.12372 0.358587 0.0658664 0.23384 -1.20041 -0.655475 0.0160287 -1.03992 0.0901934 0.156742 -3.01553 
0.791317 1.20883 -0.653378 0.663362 -1.07063 -1.05431 2.12459 -0.587232 0.574173 0.0943122 -1.31653 -0.813352 0.706734 -0.1856 -0.0833238 -0.666576 0.242305 0.229624 0.303623 -0.202936 -0.0479859 0.124158 -0.996272 -0.657117 0.274785 -1.2997 0.126063 -0.626561 2.49401 -1.20544 0.227533 0.250913 -0.617377 -0.0813041 1.09738 0.43882 -0.430218 1.9914 -0.117016 
0.68973 1.05909 -0.240041 0.75953 -0.927273 -0.843315 1.88824 -0.692096 0.819102 -0.276281 -2.01307 0.148934 0.519742 -0.0865181 -0.32055 1.01535 -0.844036 0.293555 0.508294 -0.384888 0.181498 0.612161 -0.380215 -0.787987 0.662568 -0.0313884 0.107215 0.0738603 0.423884 -1.06904 -0.144556 0.291432 -0.239016 0.349914 0.293913 1.23754 0.579349 -1.30424 0.882752 
0.704799 0.888275 0.361974 -0.180674 -0.777079 -0.546019 1.7397 -0.405734 1.18633 -0.285903 -2.10451 -0.150784 0.675346 -0.0783842 -0.00946353 -0.242691 -0.826731 0.0850678 0.595055 -0.441953 0.301928 0.418071 0.241269 -0.0777683 -1.02945 -0.41695 -0.217513 0.567845 -1.22068 0.282511 -0.263234 -0.116106 0.163873 -0.242273 -1.03353 0.3591 0.142721 -1.91905 -1.55651 
0.611346 1.04962 -0.482732 -0.0672012 -0.842205 -0.24826 1.44628 -0.390167 1.23717 -0.0350125 -2.09084 -0.880519 0.102792 -0.304032 0.247295 -0.205333 -0.561525 0.0303212 0.392188 -0.221016 -0.060775 -0.42137 -0.0211149 -0.645265 -1.25648 -1.5879 -0.281223 0.292154 1.65754 -0.605125 0.270357 0.0428004 0.37847 -0.0915626 -1.02932 -0.995527 -0.140765 1.97309 -0.173637 
0.400768 1.13557 0.156641 -0.742198 -0.746758 -0.153831 1.51868 -0.466509 0.764964 -0.307018 -2.74978 -1.40726 -0.912557 -0.359607 0.282691 1.41485 -1.43186 0.355425 0.637855 -0.0634825 0.210366 -0.611248 -0.754258 -0.218533 0.943635 -0.590587 0.0964263 -0.260574 0.890001 -0.122529 0.438211 -0.234197 -1.03592 0.608994 0.143024 -2.52109 1.06716 3.58014 3.28209 
0.251739 1.33231 0.932115 -1.49906 -0.48678 0.389595 1.3828 -0.179802 0.625925 -0.78927 -2.30937 0.0631158 -0.487795 -0.207605 -0.0132786 0.684667 -0.684053 0.468532 0.157992 -1.25693 0.548219 -0.278347 -2.5422 0.421896 2.32366 1.69419 0.187652 -0.821499 -1.81004 1.42922 -0.15444 -0.302421 -0.634101 -0.305294 1.30713 -0.713948 0.0991069 -0.0807272 2.01662 
0.193162 1.12229 0.841308 -1.42625 -0.278225 0.00416065 0.261749 0.0817101 0.486618 -2.84922 -2.32788 0.916397 0.781633 -0.171955 -0.538808 -0.395193 -0.00263977 0.200985 0.335434 -0.697584 -0.0949284 0.695882 -1.46821 -0.119426 0.862908 1.42603 -0.194196 -0.552581 -0.378271 1.05645 -0.318301 0.222322 1.15003 -0.530151 0.772481 3.058 0.416551 -1.8775 -4.05777 
0.0797846 0.793506 0.536922 -1.5017 -0.285795 0.725029 0.685217 -0.27473 1.32181 -2.25748 -2.4288 0.926024 0.938235 -0.401802 -0.56586 0.306396 0.372401 0.150231 0.380313 -0.106905 0.0180681 0.494134 0.515798 0.838447 0.446165 -2.36358 -0.458158 -0.0256066 0.646205 0.632401 0.478601 -0.536285 -0.177057 0.957412 -1.98907 1.53214 1.64121 -1.14659 -2.98168 
-0.20864 0.556432 1.1477 -1.05385 -0.127994 0.384474 0.154845 0.0997782 0.980752 -2.33342 -1.48943 1.36256 -1.58195 -0.630113 -0.564415 0.251012 0.629761 0.679586 -0.200851 -0.874641 0.862483 -1.29319 0.0639371 1.52178 -0.283683 -1.55565 -0.293179 -0.159002 -1.07248 -0.337136 0.469861 0.129643 0.0455289 0.489426 -1.3587 0.770675 1.18469 -1.26005 3.4653 
-0.550328 0.229091 0.787934 -0.871937 0.393792 0.524178 -0.189424 0.587753 0.0286217 -2.19354 -0.907019 0.642341 -0.61742 -0.69498 -0.724862 -0.766083 0.0352651 0.620092 0.509956 -0.061376 0.507494 -0.864565 1.28647 2.02314 -0.81388 1.10172 0.184942 -0.0993468 -0.684572 -0.373454 -0.193392 0.605618 0.480368 -0.534551 2.3049 1.41383 -0.742576 -1.38827 2.78351 
-0.90362 -0.16843 0.381621 -1.01859 0.492098 0.89443 0.0934685 0.607272 0.116187 -1.04695 0.533704 0.548682 -0.480232 -0.445171 -0.663761 -0.43356 0.256307 0.486195 0.404767 -0.394273 0.327933 1.01172 1.47777 0.779204 -1.67195 1.22786 0.558353 0.452327 0.473233 0.489903 -0.17753 -0.755247 -0.856089 -0.264372 0.459479 -1.32246 -3.10562 -0.619653 -0.985274 
-0.995499 -0.43467 0.354373 -0.61563 0.879986 0.928946 -0.583697 0.915686 1.04034 -0.715768 -0.127815 -1.02961 0.610437 -0.136627 -0.272535 -0.29285 0.525168 0.442562 -0.245291 -0.917465 0.243122 -0.405086 -0.0359831 -1.08248 -1.43353 0.116443 0.281235 0.543131 0.0355294 -0.382408 -0.342313 -0.500625 1.16368 0.0166162 -1.24657 -1.81656 -1.58082 3.01841 -2.07253 
-1.04025 -0.440966 0.0887713 -0.493418 0.934661 0.64914 -0.823997 0.850394 -0.288899 -1.08293 -0.548772 -0.884852 -0.363789 -0.163936 -0.12063 -0.398031 -0.126101 0.143882 -0.0958571 0.769403 0.344549 -0.234853 -0.338786 -0.801612 1.34646 -0.844676 0.0309101 0.159544 0.404998 -0.641039 -0.519187 -0.135311 1.32091 -0.322192 0.775183 0.136177 1.903 2.5365 1.20849 
-1.15944 -0.555301 -0.0436576 -0.741731 1.02387 0.833089 0.185706 1.26023 0.805486 -1.05455 -0.929427 0.316847 -0.234239 -0.105717 -0.112991 0.112149 -0.115871 -0.0766244 -0.380602 0.403443 -0.0790698 0.370097 0.100194 0.820522 1.10297 1.32493 0.199173 0.238119 0.586588 0.124377 -0.156874 -0.262783 -1.77796 -0.737365 0.122312 1.42707 2.25043 -1.96245 1.14472 
-1.14596 -0.553957 0.20092 -0.609289 0.858036 0.268538 -0.420553 0.771324 0.0811986 -0.982738 0.27175 0.218116 0.961144 0.0352374 0.117489 0.188557 -0.00172406 -0.0129922 -0.358641 -1.00855 -0.392816 -0.11254 1.08828 1.44882 -0.61599 0.300043 0.192282 0.269665 0.0402747 0.620822 0.208284 0.185239 -0.766705 0.640981 1.08649 1.15729 -0.410076 -0.667751 -0.642154 
-1.1242 -0.437812 0.1449 -0.743455 1.01088 0.474448 -0.822847 0.867419 0.692946 0.0337302 0.519389 -0.299143 0.0658038 0.0865653 0.156674 0.152423 0.504951 0.131659 -0.195363 -0.363262 0.561911 1.45659 1.25748 0.410446 0.435216 0.682779 -0.0362367 -0.313139 -0.611943 -0.0120544 -0.0604402 0.504084 1.72136 0.764829 0.614161 -0.670914 -0.68534 1.59523 0.462466 
-1.0594 -0.397283 0.353343 -0.104337 0.989695 0.0731752 -0.783815 1.33324 1.53778 0.274742 0.682197 0.653332 1.64392 -0.000999333 -0.19565 -0.423386 -0.0137784 -0.0734325 0.145443 0.712805 0.372013 0.50162 0.417369 0.763476 0.979244 0.762509 -0.144763 -0.371915 -0.977165 -1.33473 -0.300871 0.672474 0.526478 -0.952692 -3.19771 -1.54146 -0.207342 -0.474065 -2.14922 
-1.1252 -0.633462 -0.278487 -0.757233 0.937444 0.619891 -0.110042 1.23943 1.19457 0.451099 1.28287 0.680101 0.828312 -0.0581979 -0.215241 -0.824741 -0.829779 -0.169212 0.477111 0.163216 -0.390781 -1.74112 -0.283983 0.203104 -0.038849 -1.46644 0.0576752 0.248008 0.567513 0.810283 0.0670828 0.0403188 -1.05045 -0.525244 -1.21939 -0.0797201 -1.7217 -1.47838 -0.693888 
-1.1176 -0.612524 -0.471398 -0.934116 0.820484 0.550286 -0.620599 0.942454 -0.203336 -0.00924114 0.885301 0.614483 0.177481 0.0566759 0.0523576 0.144127 0.796505 -0.00634969 0.185762 -0.337644 -0.153231 -0.717765 0.337649 -0.958222 -0.499137 0.0686202 0.0485564 0.262218 1.5391 0.96203 0.202963 -0.731349 -0.77503 0.33303 1.8932 -0.413174 -0.929827 -1.96423 0.47412 
-1.06852 -0.581105 -0.13436 0.0392718 0.931094 0.805653 -0.447686 1.0862 0.476801 0.788748 0.324643 0.180963 0.896933 -0.00964152 0.0469765 0.714357 0.132252 0.033751 -0.254238 -0.611813 -0.0577512 0.152079 -0.697157 -0.726722 -2.00308 -0.992321 -0.142237 -0.060397 -0.427963 -2.08214 -0.115565 -0.518506 0.195323 -0.0659431 0.335482 -1.64071 0.99863 0.245839 -0.819753 
-1.12724 -0.565548 0.242959 -0.801864 0.854235 0.296049 -1.23241 0.884703 -0.0512567 -0.706398 0.158579 -1.3886 -0.81484 -0.0855612 -0.00803949 -0.283836 -1.28564 -0.121915 -0.332744 -0.142321 -0.219174 -0.382283 -1.30306 0.0404082 -0.253298 -0.751133 -0.0252259 -0.172569 -1.48601 -0.739054 -0.0746674 0.431956 0.983353 -0.0441243 0.299888 2.11302 1.63204 3.62831 2.54243 
-1.15408 -0.589144 -0.418196 -1.24637 0.80918 0.472909 -0.590007 0.867026 0.0945181 -0.514309 0.365052 -0.0723345 0.145799 -0.0348674 -0.125592 -0.771654 -0.606802 -0.0409163 0.177718 0.37154 -0.101875 0.451967 1.41587 0.905319 1.62523 1.55011 0.00727585 0.029602 1.02721 1.84781 0.291327 0.544148 0.360507 0.429743 -0.0248777 0.368921 0.0535517 0.392623 1.05038 
-1.16211 -0.69114 -0.528695 -1.40867 0.813318 0.473767 -0.860872 0.782828 0.40071 0.70947 1.0639 0.236636 0.735272 -0.0782853 0.0215625 0.743374 0.562168 0.169412 0.211403 0.218186 0.210568 -0.407161 -0.934136 0.09396 0.139325 0.299247 -0.00407769 0.317897 1.68856 1.12156 0.307315 0.0532182 0.411812 0.478576 -1.07714 -3.40935 -1.0432 -1.67949 -2.14011 
-1.23237 -0.567582 0.325178 -0.684197 0.978592 0.684313 -0.371821 1.07759 -0.312642 -1.44844 0.459012 0.066991 0.445046 -0.0389451 0.192305 0.916906 0.514763 0.266399 0.230936 0.783352 0.3767 -0.625168 -1.99348 -0.137884 -0.0542574 -0.589997 0.145372 -0.00996894 -0.280805 -0.0645912 -0.0800933 0.000748862 -0.632354 -0.816128 0.629777 1.6879 0.138204 -0.436437 -0.211501 
-1.20105 -0.498835 0.388211 -0.893903 1.07972 0.704703 -0.0775199 1.15953 -0.224458 -1.28401 0.926014 0.182379 0.145275 0.0670871 0.0115936 0.462569 0.497577 0.089319 0.212152 -0.414168 -0.60556 0.222616 0.753767 0.232164 -0.297111 0.0877462 0.0571105 -0.30043 -0.879196 0.0329719 -0.389165 -0.0390163 -1.87638 -0.785338 0.780375 2.12394 0.41161 -0.927797 0.773917 
-1.16528 -0.555988 0.787747 -0.18662 1.06791 0.896465 -0.785989 0.472035 -0.0900264 -0.694677 0.691175 -0.23012 0.532792 0.0181654 -0.108125 0.0377102 0.547735 -0.122766 0.19192 -1.09302 -0.408638 0.155207 0.130456 0.273726 -0.982055 0.183919 -0.0864674 0.00509433 -1.00013 0.108235 0.0596414 0.024575 0.611169 0.830614 -0.707748 -0.669686 -0.383557 -0.557799 0.524185 
-1.18289 -0.60696 0.425921 -0.346169 0.956951 0.896624 -1.17054 0.75089 -0.0692509 -1.15356 1.19974 -0.799676 0.329194 -0.0193802 0.0166879 -0.537562 0.605812 0.14896 0.236727 0.197 0.225055 -0.485132 0.0840811 -0.151393 -0.85491 0.611931 0.0691975 0.217369 -1.07616 -1.23276 0.305006 -0.593744 1.70207 0.286755 -0.309725 0.228899 -1.76693 1.96184 -0.470829 
-1.18466 -0.5393 0.250184 0.419192 1.21687 1.13319 -0.588989 0.69709 -0.575159 -0.610596 0.539782 -1.08503 1.14472 0.0873628 0.109244 -1.03845 -0.685023 0.182239 -0.401824 0.609046 -0.121883 -0.154518 0.359354 -1.4932 0.979786 -0.28691 0.0572084 -0.143377 -0.546064 -1.45332 -0.380952 -0.489418 0.222522 -0.0602272 1.14705 -0.0877156 -0.917373 0.468316 -1.13585 
-1.09552 -0.497716 -0.612528 -1.03119 1.13919 0.494799 -0.561499 0.629007 -0.223769 -0.794202 -0.29346 0.180111 0.0422842 0.0378282 -0.126689 -1.08363 -0.847505 -0.231991 -0.252691 0.419522 0.164827 0.66192 -0.00363456 -1.06877 -0.386595 -0.523918 -0.136241 -0.0600276 1.40618 0.954959 -0.53853 0.0932932 -0.693904 0.514594 0.287131 0.512817 2.69461 -2.2957 0.364836 