-0.966802 -0.436732 0.644843 -0.410758 0.990228 1.06106 0.768991 0.99706 0.503463 -0.396173 -0.0871931 -1.09753 0.616247 0.0626819 0.120562 0.200541 0.803046 0.272395 -0.262145 -0.576283 0.0491819 0.105257 -0.61456 0.508012 -0.584753 -0.0973127 0.022926 -0.0643209 -0.0609071 -0.274972 -0.392379 -0.720442 -0.403908 -0.560383 0.0910386 2.34917 -0.591479 1.35265 0.950274 
-0.887322 -0.488339 0.665986 -0.0852942 1.22828 0.560594 0.294635 1.10075 0.751815 0.334333 0.354179 -1.13634 0.887064 0.00438105 -0.0827929 -0.0213117 -0.0428668 -0.110171 -0.471904 -0.352017 -0.335357 -0.12028 0.894322 0.262211 0.988703 0.321147 -0.179409 -0.23924 -0.32816 -1.65313 -1.27356 0.380102 1.97181 0.135347 0.183834 1.97355 0.0725414 2.22 0.95447 
-0.962421 -0.519524 0.623531 -0.453625 0.880057 0.58916 0.416975 0.661702 0.383183 0.498149 0.175018 -0.108825 0.937394 -0.116727 -0.118678 -0.127619 -0.850081 -1.00116 0.117958 1.39552 0.184528 0.289091 1.35899 0.580554 1.63525 0.857157 -0.0109172 0.0712632 -0.0882591 -0.499281 -0.0843607 0.973895 1.30726 0.825101 0.180591 -0.263149 0.806954 -1.10297 -0.650667 
-1.00405 -0.607017 0.538367 -0.935375 0.227119 0.678552 1.69016 1.28528 1.04091 1.69332 0.934733 0.49891 1.74422 -0.00653611 -0.0115296 -0.109571 -0.542148 -0.194532 0.501991 0.955246 0.489744 0.0603111 0.631173 1.06917 -0.114263 -0.32952 0.160533 0.160031 0.114497 1.07505 1.02188 0.390352 -2.03231 -0.599436 -0.81936 -2.77567 -1.47431 -2.32918 -1.11118 
-0.968957 -0.531054 0.51396 -0.995773 0.685525 1.09115 1.37222 1.15145 0.443494 1.12932 1.24418 -0.223088 0.607874 0.0438063 0.0413526 -0.0131224 0.22497 0.0207197 0.50831 -0.636788 -0.414907 -0.53027 -1.41668 -0.893754 -0.693932 -0.254027 0.0799606 0.140038 0.251943 0.670733 -0.237641 -0.385081 -1.88177 -1.26518 -0.0584667 -1.05167 -2.87765 -0.710125 0.645395 
-0.960242 -0.565664 0.525245 -0.710405 0.247839 1.18686 1.05337 0.870375 0.510637 0.276643 0.0409794 -0.195022 1.49019 0.0734245 0.128509 0.142373 0.128585 -0.432173 0.11691 -0.926528 -0.775432 0.00184444 -0.420501 -1.80848 -0.824388 0.315875 -0.0207657 0.142299 0.274557 -0.55952 -0.188576 -1.39097 0.335479 0.103939 0.0967045 1.53572 1.24008 -0.199157 -0.480471 
-0.895532 -0.402545 0.656333 -0.867188 0.253352 1.20806 0.445693 0.376014 0.445339 0.70882 -0.564299 -1.04748 0.923749 0.0230405 0.183652 0.261434 -0.33455 -0.167857 -0.882663 -0.301309 -0.310968 -0.433565 0.119045 0.346326 -0.893089 -0.734498 -0.100162 -0.157669 -0.285328 0.0526079 1.0265 -0.331996 0.889157 1.08146 0.0140086 0.101096 3.33704 2.51375 0.889499 
-0.937202 -0.382012 0.786679 -1.04495 0.0799821 0.3042 0.752059 0.559407 0.0770715 0.395689 0.387305 -1.08811 0.755696 -0.0267379 -0.0291607 -0.142955 0.181193 0.59433 -0.215086 -0.0373704 0.306024 0.015853 -0.319405 1.52856 1.68936 1.20537 0.00713532 -0.368906 -0.532099 0.88276 1.03382 1.45794 0.574699 0.809265 1.33069 1.16931 0.443318 1.75971 1.05993 
-0.92227 -0.431706 0.513377 -0.685995 0.847683 0.992975 0.408323 0.682038 0.461192 0.389415 0.964262 0.641887 2.12912 0.0301759 -0.185254 -0.270665 0.54821 0.865964 0.575282 0.27339 0.498297 0.897126 1.28836 0.789644 0.866625 0.325435 -0.0172507 -0.343986 0.205037 -0.347245 -1.50383 0.0764321 0.567947 0.192777 0.436768 1.78272 -1.33266 -2.39769 -2.08773 
-0.907026 -0.567266 0.516014 -0.496744 0.945946 0.879482 1.02545 1.0577 0.974197 1.68405 1.17695 -0.221486 1.08113 -0.0439886 -0.373147 0.0620813 -0.166052 -0.909503 -0.138654 0.530577 0.498801 0.452621 1.46332 0.195904 -0.708331 -0.882356 -0.0460293 0.116201 0.491744 -0.846803 -0.867952 -0.623751 -0.892066 -0.470372 -0.462647 -1.60844 -0.995517 -1.22961 -0.639369 
-0.966259 -0.804852 0.575459 -0.852048 -0.0618202 0.854321 0.938899 1.18084 0.913813 1.85273 1.16017 -0.0664437 1.24677 -0.0158534 -0.0690535 0.221079 -0.298593 -0.00198729 -0.0484688 -0.618676 0.0279243 0.434479 -0.320078 -0.205873 -0.362984 -0.313934 0.160705 0.747468 0.25819 0.184828 1.46647 0.455621 -1.26519 -0.399297 -0.0888596 -3.27044 -0.332929 0.590703 0.18774 
-0.922879 -0.63632 0.737093 -0.795337 0.943959 0.831013 0.406773 1.08563 1.40868 1.36397 0.971076 -0.58447 0.767197 0.116716 0.374321 0.320271 0.0187753 0.55697 0.316967 -0.734618 0.0995045 0.363761 -1.80712 -0.137025 -0.117628 -0.694616 -0.0614528 -0.0420166 0.177867 0.601441 -0.74547 0.468396 1.10606 0.114921 -0.836615 -1.15184 -0.236341 1.43902 1.73028 
-0.849543 -0.430531 0.89573 -0.833273 0.49515 1.17129 0.204281 1.28034 1.27757 0.0456093 1.02314 -0.184071 0.552151 -0.0773062 -0.11107 0.398947 0.302848 -0.747457 0.419927 0.487381 0.142845 -0.402136 -1.47192 -0.442213 1.07603 1.41634 -0.160744 -0.210808 -0.287559 -0.0472838 -1.00748 -0.729981 1.14742 -0.563057 -0.601523 2.66083 -0.396213 0.271788 1.47214 
-1.00019 -0.74739 1.13604 -0.492489 0.196502 1.25094 0.894154 1.22847 1.00654 -0.10795 0.528863 0.491565 2.18354 -0.0440278 0.163513 0.0327123 -0.0285085 -0.450514 -0.413014 0.412799 -0.463552 -0.237762 0.853702 -0.533238 0.15416 0.77752 -0.0224673 0.0671679 -1.33045 -0.973377 0.856923 -0.415618 -0.483676 -0.461492 0.0025044 2.04909 -0.751038 -1.69618 -2.3005 
-0.89357 -0.267018 0.928442 -0.861781 0.0446357 0.758275 0.61708 0.816792 1.03981 0.899312 0.489902 -0.0299113 1.32967 -0.0997736 -0.0439021 -0.931505 -0.670529 0.109466 0.00430911 0.00370514 -0.318647 -0.399631 0.577171 -1.19325 -0.620148 -0.884162 0.94171 -0.624061 -1.89582 1.19204 -1.23259 0.17845 0.26642 -1.37972 -0.613012 0.217467 1.1995 0.756706 -0.843992 
-1.09996 -0.791292 0.204535 -1.16302 0.305968 1.25525 0.897859 0.909826 0.606909 0.469221 -0.664388 -0.128584 1.29938 0.897682 -0.460548 -1.86311 1.16353 -1.6831 -0.234563 0.679218 -1.84327 -0.850774 1.07117 0.666261 0.910866 -0.0664724 2.49762 -0.474537 0.416799 1.48614 -2.51669 -1.29593 -0.758086 -0.828648 -1.23884 1.06761 1.78165 2.55441 0.589376 
0.00411219 -0.727566 -0.934667 0.301747 -1.63847 0.523712 1.2963 -1.02648 0.189038 1.97048 1.15616 0.880955 1.2632 2.39785 -0.518439 -0.514706 0.815613 -2.40722 -1.29162 -0.754381 -1.1473 -1.63847 1.64478 0.5884 1.93426 -0.294786 0.507185 -0.984282 3.20663 -2.41827 1.09462 -0.703467 -1.84083 3.00249 0.0315069 -2.1436 -1.13667 0.368254 -0.137159 
1.29789 -1.30973 -0.310171 -0.347405 -2.10125 -0.0363676 0.143478 -0.237469 -1.03156 2.11401 -0.0759881 1.80567 1.00459 1.40487 -1.44483 1.34352 -1.25474 -0.588481 -0.938031 -1.16161 1.15922 -0.819267 -1.07243 -0.470409 1.27912 -0.203632 -2.55704 -1.04547 1.19096 -0.709113 3.05364 0.566043 1.17379 1.77709 0.959031 -4.16798 -1.3443 -3.14139 -1.23114 
1.40898 -2.1724 0.408853 -0.952993 -2.22695 -0.414319 0.134691 0.132734 -0.63023 0.898048 0.685755 2.16008 1.05957 -0.159191 -1.56391 0.676252 0.1065 0.646414 -0.725574 0.419412 0.629794 -0.67944 -2.5232 -0.755896 -1.20713 -1.52592 -1.81328 0.543952 -2.37737 2.8548 3.99889 0.327932 1.59961 -0.0389942 1.44264 1.45934 -1.60367 -2.59907 -0.447566 
1.1387 -2.87364 0.36608 -0.240905 -1.45484 -0.761941 0.56289 0.392325 -1.711 -0.409193 -0.831884 0.598546 -0.521331 -0.408411 -0.900878 -1.03385 1.60006 3.41041 -0.610099 0.438003 1.12022 0.623378 0.386907 -2.07408 -1.31995 -0.651197 -0.188438 1.82489 -1.44221 0.756935 3.34341 1.54083 -1.04404 -0.0607215 2.80312 4.48529 -0.556964 1.58268 1.52164 
1.00057 -3.07327 -0.624995 0.647064 1.18346 -1.02442 0.572694 1.25295 -0.00685195 1.28496 -1.38833 0.840124 0.408369 -0.347628 0.260982 -0.765956 0.863435 3.98982 0.815255 -0.624633 0.569073 2.12368 1.96209 -1.31286 0.375549 -0.00427816 0.162151 3.07996 2.60611 -0.870234 -2.26934 0.927587 -2.00645 -2.21363 -1.37434 -1.84761 -0.207009 -0.272827 -0.930496 
0.791071 -2.61266 -0.399875 0.62253 2.53498 0.0533131 -0.0617423 0.961398 0.412681 1.5529 -2.14474 0.974095 -0.525609 -0.246261 2.17908 1.57227 0.729824 1.14107 0.317488 -1.56845 -1.09341 -0.750962 -1.4607 -2.28109 -1.59278 -1.58169 0.346403 2.82898 1.32224 0.765237 -6.28345 -2.38912 -0.662417 -1.79562 -2.43437 -5.20286 0.805695 -2.43964 0.188654 
0.754308 -0.894196 0.947272 1.37689 2.32453 -0.706929 -0.995758 0.159541 -0.757814 -0.175743 -3.66942 -0.752655 -1.17332 -0.00122515 3.08996 0.55628 1.62867 -2.29363 -1.57386 -1.28705 -1.22655 -0.31069 -3.24077 -0.507165 -2.06409 0.184375 0.375026 -0.169109 -3.05833 0.0772152 -1.96905 -0.90692 0.994471 0.24571 2.15975 0.474329 4.26695 3.13743 3.46218 
0.789846 0.477299 0.156404 2.2512 0.241359 -1.52055 -1.34879 -0.265153 0.101992 -1.68787 -2.65191 -1.09 -0.341234 0.128765 2.00997 -1.48606 0.807039 -0.827978 -0.589431 -0.573981 -0.847703 1.40878 -0.98637 1.98586 1.54465 1.88049 0.250645 -2.36605 -1.9193 -1.93674 3.40002 0.835629 0.822779 0.808192 0.84742 4.60202 1.63147 2.84926 0.832033 
0.883073 1.11577 -0.538788 2.18393 1.49656 -1.29636 -1.56974 -0.688162 0.650968 -1.16211 -1.68356 0.791993 0.707165 0.24942 0.723914 -1.36302 -0.308064 1.10639 -0.738233 -0.46427 -0.418359 0.536731 1.36125 1.12431 0.785168 1.01641 0.186715 -2.17516 0.408378 -1.0446 -1.62969 0.546446 0.357904 0.430216 -1.22566 0.274897 -1.97932 -2.2981 -2.30462 
1.03927 1.20121 -1.20662 1.94314 1.34775 -2.25878 -1.81306 -0.683513 0.638722 -0.326616 -1.5276 -0.30483 0.675174 0.31548 -0.165191 -1.07768 -0.237563 -2.45767 -0.0429859 -0.216076 -0.417487 0.183122 -0.711473 0.0065437 -0.75345 -0.424129 -0.0550571 -1.18135 1.1049 0.866901 -3.19971 1.65876 0.312698 -0.287886 -0.327013 -1.52942 -0.0522828 -0.543578 -2.05333 
1.19855 0.950582 -1.61647 1.94636 -0.96111 -1.33935 -1.78582 -1.10565 0.83409 -1.87359 -1.67702 0.0385429 0.283037 0.194363 -0.45744 -0.258118 0.558838 -2.09332 0.920524 -0.151572 -0.706245 0.209718 -0.168172 1.07202 0.24159 -1.03693 -0.244135 -0.123573 1.07725 -0.0764797 2.75894 -0.14341 0.215797 0.0498188 -0.779558 1.76048 1.08842 0.372551 -0.0402602 
1.23363 0.743774 -1.46473 2.50198 -0.745566 -1.33826 -1.96463 -1.38976 0.84844 -0.494787 -0.455577 -0.0632404 -0.361751 0.071345 -0.288764 -0.000435391 -0.314042 0.301267 -0.186396 -0.0002791 -0.367668 -0.596436 1.04901 1.09496 -0.380899 -0.464389 -0.1395 0.533538 0.135537 -1.37979 2.38942 -0.853775 0.270521 1.03056 -0.469092 0.34431 -0.718421 -0.087312 1.25484 
1.2699 0.661818 -1.6169 1.63232 -0.659843 -1.52574 -1.78609 -1.47332 0.237655 -0.824581 -0.582052 -0.342356 -0.181352 0.0548632 0.0760984 -0.122581 -0.820949 0.296101 0.0667484 0.118949 0.324319 -0.259374 0.176139 0.353604 0.154278 0.217914 -0.0222729 0.350527 0.0613218 0.136807 -0.86455 0.27891 -0.0807731 0.389709 0.799762 -0.770326 -1.11466 0.108837 -0.417366 
1.28849 0.819873 -1.58731 1.68103 -0.449465 -1.27151 -1.84568 -1.06544 0.589067 -0.318649 -0.101973 0.0910374 -0.143837 0.0490721 0.0617626 0.0608864 -0.177235 -0.563283 0.0925142 -0.0810522 0.0220412 0.203326 0.278679 -0.0196939 -0.272062 -0.881755 -0.0116532 -0.135857 0.24114 0.844518 -1.0881 -0.176728 -0.182993 -0.504272 0.164338 -0.330408 -0.720018 -0.210317 -1.17769 
1.31897 0.72358 -1.55602 1.45509 -1.22313 -1.43323 -1.86715 -1.45128 0.440981 -0.545902 -0.601746 -0.614419 -1.06311 0.04321 -0.059759 0.118559 0.0235693 -0.791999 -0.10998 -0.0640442 -0.179953 -0.0950359 -0.15427 -0.366415 -0.0560393 -0.959776 -0.0360448 0.0498839 0.0100422 0.128624 0.707132 0.146731 0.243224 0.202701 -0.145224 -0.273235 -0.091929 0.916781 1.01608 
1.3317 0.760114 -1.46876 1.7046 -1.24146 -1.38149 -1.90973 -1.24539 0.494031 -0.472918 -0.468388 0.0349981 -1.10361 0.0130273 0.111646 0.0709285 -0.0486114 0.143849 0.239245 0.162172 0.224742 0.0581028 0.00544452 -0.111623 0.644718 0.134322 -0.0713209 0.0827479 -0.0807135 -0.11797 1.19846 -0.0127099 0.248492 0.209728 0.244231 0.980168 0.643374 0.051944 1.42616 
1.332 0.835227 -1.48509 1.40648 -1.07928 -1.19398 -1.70497 -1.22653 0.499084 -0.540457 -0.713369 0.0302993 -0.928785 -0.0281109 0.0229889 0.037845 -0.0944011 0.406462 -0.12269 0.184448 0.0297749 0.149195 0.825898 0.27696 -0.00409539 0.466382 -0.0640431 -0.231437 -0.389673 0.132542 -0.62552 -1.12351 -0.493289 -0.442174 -0.462649 0.232054 0.0925154 -0.802516 -0.706915 
1.30359 0.783103 -1.43091 1.61019 -0.835001 -1.50418 -1.72528 -1.21562 0.643226 0.352979 -0.191428 0.0309027 -0.637231 -0.0510158 -0.11979 -0.318744 0.0839302 -0.481671 -0.884267 -0.331117 -0.217432 -0.404546 0.237498 -0.0191074 -0.157798 -0.572593 0.0713769 -0.087562 0.147554 -0.29839 -0.623485 0.473316 -0.197048 0.0101886 -0.255702 -1.02082 0.769412 0.302431 -1.11589 
1.28098 0.715436 -1.80383 1.49041 -1.56095 -2.07825 -2.03609 -1.44396 0.0945378 -0.302959 -0.732476 -0.127499 -1.50138 0.0432661 -0.0645731 0.185399 -0.392791 -0.217023 0.350626 -0.0125999 0.0399635 -0.106506 -0.194918 1.04637 0.298336 -0.649509 0.111101 0.0728388 0.866942 -0.342485 0.62931 1.60488 0.884236 0.344315 0.844506 0.839082 1.71367 0.420745 0.939822 
1.34686 0.718529 -1.24551 1.2174 -1.05202 -1.15355 -1.73788 -1.17565 0.53672 0.158061 0.854944 0.329238 -1.28674 0.0600854 -0.0469517 0.548197 -0.258555 0.147639 0.720608 0.553118 0.126884 0.43996 1.07658 1.69457 0.262947 0.367229 -0.103962 0.106365 -0.314022 0.0955439 -0.387989 -0.330062 0.64724 -0.367897 -0.140195 0.765668 -0.923938 -0.280041 0.613104 
1.34107 0.668485 -1.25564 1.23185 -1.41331 -1.35764 -1.48297 -1.31708 0.534498 0.773622 0.96209 0.135448 -1.13415 -0.0606956 0.0417921 -0.128622 -0.297247 -0.605012 0.0205643 0.63464 -0.327934 -0.246701 0.57075 0.122434 0.0182948 -0.0364046 -0.0953641 0.0310626 -0.530093 -0.430133 0.278844 -0.44205 -0.0465684 -0.317488 -0.928296 -0.968986 -2.11007 0.369577 0.148556 
1.28616 0.760321 -1.37413 0.920157 -1.65704 -1.13299 -1.10324 -1.50359 0.290019 0.728811 0.977377 0.347533 -1.32314 -0.0352787 -0.015889 0.0181044 -0.688688 0.426484 0.278558 0.50655 -0.190605 -0.488337 0.107595 -0.415502 0.632524 0.515785 0.0813479 -0.130918 0.162507 -0.109944 0.969602 0.0754594 0.00784246 0.512276 0.131316 -0.546397 -0.221318 1.07402 0.0926762 
1.30579 0.652596 -1.23753 0.543163 -0.986825 -1.07908 -0.976424 -1.50769 0.0461609 0.881216 0.546587 0.767971 -0.618366 0.0206523 -0.0891258 0.0338845 -0.407191 0.364589 0.0960237 0.642482 0.184342 -0.115385 0.0243528 -0.0988849 1.09231 0.0562716 -0.0439724 0.100356 -0.2771 0.693812 -0.649136 -0.31633 -0.124863 0.356609 0.297126 -0.908473 1.19503 0.1652 -1.46906 
1.30681 0.671196 -1.34025 0.512966 -1.29245 -1.03697 -0.460759 -1.31924 0.174635 0.753164 0.878492 1.43985 -1.26687 -0.0792511 0.0844672 -0.258996 0.00512381 -0.222652 -0.0377712 0.381687 0.166004 -0.19121 -0.800878 0.779527 0.797724 -0.953273 -0.105936 0.309437 -0.273366 0.693005 -0.237098 0.122414 -0.124501 0.191283 -0.143602 -0.185826 0.867492 0.117154 -0.369411 
1.22654 0.737063 -1.49653 0.548287 -1.20948 -1.11685 -0.594737 -1.34168 -0.14505 0.0803379 1.32611 1.5657 -1.57164 -0.0852833 0.220312 -0.239481 0.285814 0.127491 0.218437 0.517982 0.375625 -0.258986 -0.161473 0.768607 1.20947 -0.313139 0.0346975 0.0886681 0.159702 0.0846029 0.477868 0.173044 0.557949 0.203241 -0.61255 1.32331 -1.52352 -0.352896 0.982718 
1.22153 0.891507 -1.57973 0.798779 -1.16496 -0.818528 0.0572232 -0.94362 -0.0843518 0.591691 1.6471 2.64932 -1.58001 -0.0445536 0.173135 -0.0992938 0.0897267 0.255215 0.135273 0.939635 0.369245 -0.803761 0.522434 -0.743989 0.444828 0.0294454 -0.0372376 -0.386941 0.635424 -0.646231 0.757268 -0.395471 -0.319269 -0.693311 -1.19958 -0.122673 -1.48848 -2.48758 1.18056 
1.18198 0.910198 -1.59582 0.638013 -0.954262 -0.981581 0.344898 -0.972437 -0.94881 0.602772 0.582126 2.01052 -1.54219 -0.122521 -0.166629 0.395943 -0.360418 0.884759 -0.177034 0.198712 -0.317686 -1.45857 -0.284145 -0.719871 -1.27811 0.867424 -0.100301 -0.275594 0.483112 0.0599167 0.394695 0.0810653 -1.38764 -0.790476 0.158028 -1.73806 0.654851 -0.842916 0.540317 
1.09901 0.724878 -1.18379 0.438362 -0.280196 -0.995561 0.255936 -1.26131 -1.54292 0.307546 0.927229 1.3712 -0.712588 -0.144855 -0.102459 0.383819 0.149643 0.649911 0.216338 -0.448006 -0.42123 -0.645732 -1.21562 -0.0891377 -0.398088 0.569762 -0.0203295 0.196115 -0.400627 0.636679 -1.03193 -0.138859 -1.02494 0.122764 1.14047 -0.908434 -0.291725 1.73218 -1.65566 
1.03713 0.807739 -1.212 0.787657 -0.304351 -0.765243 -0.103108 -1.39367 -1.59454 -0.612851 0.492988 1.61244 -0.972431 -0.14285 0.029486 -0.00468365 0.276261 -0.14717 -0.315893 -0.82623 -0.194922 -0.318098 -1.19258 -1.0116 0.454064 -0.788237 0.0287686 0.0634843 -0.246541 -0.491681 -0.859502 -0.850082 -0.0654031 0.383759 -0.0454698 0.23004 -0.45062 -0.73011 -1.61095 
0.956159 0.754364 -1.18847 0.714623 -0.427366 -1.31145 -0.570295 -1.45623 -1.86102 -0.885033 -0.0843671 1.82527 -1.50082 -0.116086 -0.0389744 0.137277 -0.342038 -0.209592 -0.633744 -0.513409 -0.037471 -0.691202 -0.985583 -0.539758 -1.1282 -1.04119 0.0479238 0.265605 0.133354 -0.661676 -0.395514 0.878336 1.24613 0.293638 -0.514672 -0.120699 0.0482961 -0.913775 1.59812 
0.921043 0.768765 -1.07473 0.445619 -0.513942 -1.39899 -0.616516 -1.43114 -2.28574 -1.59843 -0.0467699 0.484238 -2.01362 -0.0949266 0.295091 0.12867 -0.385415 -0.542684 0.562443 0.419901 0.0987159 -0.83277 -1.31328 -0.9633 -0.459711 0.809885 -0.00483078 0.511848 -0.0365811 0.322137 -0.141818 1.01417 1.12173 0.285841 0.486107 0.767936 -0.132852 1.81018 2.16751 
0.861233 1.04946 -1.0598 0.329208 -0.970049 -0.749011 -0.150394 -1.35751 -2.69379 -2.19831 -1.04767 1.36556 -0.69094 -0.120917 0.472874 0.100696 -0.0199005 -0.35141 0.380425 0.608325 0.24837 -0.205095 -0.217647 -0.672609 0.681981 1.12632 -0.060205 0.155041 0.352117 0.344903 0.0915809 -0.165214 0.0669543 -0.0227848 2.03755 3.69627 0.523918 -0.279959 -1.3689 
0.800126 1.24164 -0.97403 0.425719 -0.865352 -1.01856 -0.00819196 -1.18277 -2.49084 -1.81608 -0.719379 1.16622 -0.887307 -0.155132 0.450132 0.480787 -0.0405112 -0.451103 0.397229 0.486855 0.0759311 1.20478 2.38299 -0.439381 -0.73967 -0.559015 -0.222624 -0.111513 0.92297 -1.256 0.580214 0.550655 -0.950418 -0.321507 0.462032 1.90332 0.432571 -2.14073 -0.790631 
0.706101 1.49959 -0.579016 0.288697 -1.42115 -0.351781 0.336461 -1.28158 -1.48901 0.184683 -1.48705 0.625887 -1.24995 -0.343541 0.361361 1.02367 -1.2759 0.228804 0.93108 -0.342093 -0.0731365 0.256937 1.68567 -0.240038 -1.45875 0.335684 -0.148021 -0.141716 0.477032 -1.10833 2.21474 0.32788 -1.29726 0.317859 -2.10772 -2.65702 2.34773 0.904935 2.14236 
0.456585 1.603 0.0496361 -0.850182 -0.636548 -0.0874809 -0.350285 -1.2559 -2.2339 -0.130406 -0.959418 -0.292532 -0.551622 -0.303153 0.308416 0.957819 -1.14884 1.76363 0.725109 -0.810406 0.39379 -0.902944 -0.274024 1.90835 0.165265 1.58334 0.16769 0.0255374 -0.471644 0.479158 0.593224 -0.689796 0.359499 0.820324 -0.386139 -2.71794 2.20175 2.18978 0.384772 
0.402948 1.808 0.378803 -0.860147 0.34248 0.373328 -0.473945 -0.887791 -2.39196 -0.0893411 0.421299 0.791152 0.333388 -0.175852 0.386898 0.552022 -0.796743 0.822028 0.241284 0.0174057 0.747188 -0.129202 -1.03227 1.96171 0.731029 0.720456 0.1268 -0.3642 -0.186538 0.486194 -2.2805 -0.336698 1.08134 0.214284 1.63588 -0.651432 -1.05367 -0.743209 -2.35804 
0.280734 1.9899 0.601658 -1.64692 0.185481 0.153803 -0.332879 -0.508716 -2.36311 -1.16268 1.00229 0.438497 0.168834 -0.176352 -0.0557836 0.771281 -0.662651 -0.51687 0.388412 0.270931 0.608075 0.732933 -0.925456 0.854678 -0.577944 -0.774699 -0.00481667 -0.949005 0.343628 1.56552 -1.51864 0.163919 -0.734488 -0.605322 1.42769 -0.279136 -1.58533 -0.0113332 -1.40417 
0.226596 1.75222 1.15008 -1.5228 -0.17439 0.76174 -0.203014 -0.279716 -1.65902 -1.0148 1.27598 0.213208 -0.441311 -0.180668 -0.562106 0.89565 0.768772 -0.696613 0.405203 -0.717082 0.141865 1.29849 -1.31141 0.376377 0.719695 -0.683715 -0.243419 -0.5983 -0.27363 1.87792 0.160321 -0.16677 -0.848302 -0.704192 0.0315653 0.235253 -1.51221 -0.0925313 1.23307 
0.100066 1.42779 1.49731 -0.878152 -0.511132 0.559006 -1.04996 -0.366851 -1.06461 -2.47408 1.37867 1.15819 -0.514881 -0.419772 -0.654084 0.497651 1.21527 -0.35655 0.221642 -0.577371 -0.096117 0.764498 -0.690203 -0.657535 -0.670476 0.458367 -0.1397 0.18506 -0.509718 -0.211075 1.16647 -0.0573816 1.56026 0.245918 -0.420843 2.41832 -1.79497 -2.55492 -0.0370174 
-0.193176 1.09814 1.64773 -0.307529 -0.53094 0.983382 -0.780385 -0.375833 -0.894525 -1.705 0.618442 -0.457268 0.0170555 -0.320368 -0.377046 0.385932 0.557697 0.469858 0.347821 0.84318 0.387783 0.877648 1.10691 -1.41859 -1.83522 -0.720732 -0.129517 -0.141145 -0.63511 -1.06893 1.35144 -0.871621 1.34962 0.831548 -0.389913 1.37765 -0.220147 0.643868 -0.0996342 
-0.220303 1.05075 1.88324 -0.320455 -0.0412737 0.906827 -0.206781 0.0209323 -0.186966 -1.36717 -0.0399207 -0.677032 -1.23561 -0.549289 -0.795229 -0.137459 0.146334 0.994886 -0.649979 0.772253 0.735431 0.374585 0.687445 -0.877682 -0.0266081 0.358733 -0.333079 -0.992029 -1.46953 -0.486138 0.536346 -0.486835 -0.047597 -0.0689087 -1.26966 -1.14199 0.544589 0.596868 1.02827 
-0.742465 0.302907 1.51028 -0.161195 0.463946 0.333403 -0.00813253 0.359598 -0.51994 -1.01755 -0.25924 -0.483876 0.375788 -0.653447 -1.36907 -1.0836 0.0715593 1.0062 -0.139014 0.795583 0.318874 -0.392015 -0.035078 -0.874 -1.23836 0.307535 0.313324 0.206228 -0.474379 -0.477122 0.143662 1.34978 -0.0207015 -0.250714 0.80066 0.110194 1.68801 0.525909 -0.468945 
-0.87375 -0.318329 0.799643 -0.248896 0.964931 0.767812 0.588802 0.339807 -0.578981 -1.40225 -0.913921 -1.91539 -0.928078 -0.235965 -0.589001 -0.611839 -0.330787 1.13855 0.699799 0.751551 0.484718 1.17524 0.797639 0.810325 0.499301 -0.110212 0.545219 1.35012 0.975284 -0.72899 -1.84751 -0.175797 -1.01968 0.0440625 1.78177 0.470317 0.996556 2.3145 -0.486943 
-0.97843 -0.286095 0.898437 -0.491982 1.60249 1.0332 0.743419 0.844316 0.655305 -0.219915 0.551085 0.0154252 0.265576 -0.108227 -0.0189563 -0.108313 -0.657431 -0.84131 -0.314811 -0.224097 0.362937 1.38976 0.435239 0.122556 1.07614 -0.179409 0.25765 0.554138 0.663811 0.591134 -1.5233 -0.361151 -0.464967 -0.346821 -1.81246 -0.64146 -0.49034 -1.64244 0.0370385 
-0.981977 -0.337285 0.69133 -0.906327 0.123621 0.453001 0.364705 0.702744 0.810777 -0.967009 -0.791365 -0.839247 -1.10749 0.0216852 -0.0348634 0.0519727 0.260347 -0.384749 0.338647 0.286584 0.137897 -0.637218 0.156179 0.319985 -1.14314 -0.0731737 0.219484 0.070019 0.0836467 1.48681 2.12986 0.755642 0.752069 -0.0146897 -0.916135 1.56625 0.90274 -2.03553 1.24617 
-0.956744 -0.320958 0.95041 -0.231636 1.21774 1.37185 1.03 0.982213 0.0180867 -0.0637367 0.871071 -1.12771 0.192402 0.111256 0.0510628 -0.0246663 0.829375 1.28855 0.44083 0.527972 0.348247 0.473623 2.00149 1.0253 -0.959392 1.06676 0.00792634 0.0141755 0.0983009 -0.476679 -0.293396 -1.00921 -0.622999 -0.447936 1.21667 0.381753 -1.17252 1.2644 0.455201 
-0.870721 -0.286222 0.666664 -0.0769518 1.41217 0.893831 0.892677 1.05099 1.2844 1.03448 0.233932 -1.79864 -0.0407233 0.0296116 -0.0206879 0.150274 -0.216332 -0.678145 -0.670564 -0.336416 -0.310038 0.579448 0.537932 -0.852535 0.121264 0.382027 -0.205455 -0.214621 -0.0115812 -1.31194 -2.40261 -0.77283 -1.03053 -0.514871 -0.904957 -1.42329 -1.42401 1.84343 -1.7836 
-0.927133 -0.341646 1.10068 -0.447968 0.539599 0.701285 0.693587 0.672175 0.597535 0.474195 0.018536 -1.00645 0.574429 -0.0941984 -0.163558 -0.0362474 -0.482561 -1.11405 -0.331999 -0.502558 -0.166624 -0.431333 0.578203 -0.398713 0.884041 -0.716834 -0.0947324 -0.213626 -0.688684 -0.453601 0.0208917 -0.193134 -0.626494 0.262652 -0.733769 -1.10918 0.0318645 -1.41582 -1.89082 
-0.964919 -0.44978 0.630416 -0.559513 0.29812 0.561832 0.390119 0.884367 0.853067 1.61268 -0.164781 -0.914598 -0.757557 -0.0651208 -0.234314 -0.53841 -0.669933 -0.657254 -0.863698 -0.962909 -0.0473858 -0.154321 -0.571246 -0.82067 -1.29455 -1.5088 0.0338639 0.049094 -0.0295457 0.238465 1.0369 0.271629 1.03935 0.126842 -0.680744 -2.96474 0.532179 -0.179774 2.40231 
-0.992254 -0.57596 0.562273 -1.1179 -0.117655 -0.162413 -0.269323 0.624789 0.443214 -0.0970507 -0.802134 -2.301 -0.934368 -0.0603344 -0.114464 -0.0657932 -0.244095 -0.0771531 -0.0603703 0.536795 -0.0397812 -1.11208 -2.38654 0.133466 0.704266 1.68548 0.0630716 0.22354 0.497256 1.15136 1.96356 2.03625 2.26742 0.377782 0.311549 0.668443 1.52069 2.99871 4.00863 
-1.02525 -0.564244 0.564623 -0.803608 0.220967 0.501462 0.926914 0.844586 -0.25901 -0.773859 -0.0313148 -0.210331 0.927921 -0.00204922 -0.0107739 -0.0411549 0.481431 1.30631 1.17255 1.30451 0.330396 0.157228 0.0971969 0.700021 1.70416 2.49983 0.0244987 0.0281491 0.248443 0.608849 0.918999 0.817417 -0.463974 0.264283 2.17245 3.40912 0.335176 -1.10738 -2.66879 
-0.994303 -0.586734 0.521118 -0.63647 1.18865 1.01014 1.03518 0.955185 0.600443 0.000146126 -0.102113 -0.596843 1.56546 -0.0358357 -0.0863146 0.18265 0.364754 0.841846 0.757047 0.0728209 0.224502 1.06037 1.02258 0.468642 -0.403111 -0.983315 -0.100484 -0.0937991 0.0266569 -0.668765 -2.17138 -1.63287 -1.38705 -0.379498 -0.802352 -0.562313 -1.7861 -3.93031 -5.25258 
-1.06109 -0.650559 0.747273 -0.438854 1.06281 1.25851 0.999734 1.06909 0.801364 0.248717 0.437328 -0.613442 -0.0553933 -0.102534 -0.104573 -0.014498 -0.187334 -0.865069 -0.460318 -0.0825464 -0.0491019 -0.645123 -0.465116 -1.08608 -2.22616 -2.75275 0.081564 0.313763 -0.262744 -0.641144 -1.6676 -1.5471 0.0680045 -0.534741 -2.01479 -2.25084 -1.18696 0.201695 1.8425 
-1.09684 -0.691307 0.50662 -0.823804 0.323586 0.549818 0.952637 0.906083 -0.0446808 -0.46497 -1.18819 -2.823 -1.18729 0.0457283 0.227448 -0.0800939 -0.27639 -0.825753 -0.790049 0.140825 -0.310239 -0.954416 -1.22827 -0.718316 -0.201416 0.859184 0.143359 0.26544 0.163657 0.113183 0.137114 0.2037 0.279852 -0.0529163 1.28659 1.36087 2.8767 5.04853 4.03138 
-1.01536 -0.42311 0.667179 -0.715244 0.23706 0.468459 1.14056 0.758849 -0.153051 -0.979552 -0.280989 -0.814858 0.80379 0.0408258 0.160867 0.149159 -0.074151 -0.727954 -0.256618 0.197306 -0.102018 0.641471 0.895758 1.79063 2.82238 1.27863 -0.0576318 -0.323938 0.276478 0.39538 0.469095 1.43221 -0.198843 0.165476 1.3091 2.09197 1.2742 0.54732 -1.39989 
-1.05601 -0.53044 0.655779 -0.897955 -0.404369 0.2932 1.14994 0.804065 0.59679 0.430789 0.602439 -0.000624082 0.0913408 -0.0119035 -0.0964895 0.196384 0.11899 -0.356658 0.642164 -0.0580172 -0.144763 0.354683 0.863704 0.555887 0.345904 -0.540707 -0.00323296 -0.214958 -0.0621135 0.445528 1.21945 0.299589 -0.338372 0.190815 -1.01579 -0.966887 -1.0528 -2.6086 -0.85751 
-1.02726 -0.5196 0.863563 -0.596255 -0.119599 1.11062 1.08254 0.614086 0.201631 -0.115848 0.274898 -0.468954 0.263084 0.0375929 -0.054091 0.0870453 0.371377 0.491492 0.0429719 -0.141066 0.0887969 -0.37432 -0.0711291 0.737825 0.21378 0.421119 0.148632 0.297597 -0.678032 -0.010188 1.45505 -1.24823 -0.400374 0.241542 -0.326962 -1.18426 -0.485785 0.29592 1.42243 
-1.01842 -0.584531 0.742824 -0.526577 0.0871235 0.336172 1.00888 0.892862 0.22247 0.359659 1.34026 0.213156 0.51246 0.136729 0.201107 -0.481649 0.108802 1.09839 -0.606068 -0.458391 0.0967782 0.0277212 -0.320559 0.070102 0.641823 0.881724 0.0655555 0.244317 -0.189023 -0.60356 0.525604 0.519525 0.117236 -0.162017 0.847147 0.164897 -1.64179 -1.34904 -0.759631 
-0.890535 -0.318493 0.381914 -0.487453 0.978794 0.504556 0.624151 0.710864 0.229353 -0.436407 0.345 0.172869 1.14481 0.103148 0.190226 -0.101977 -0.232183 1.0171 0.562497 -0.0238303 -0.0732205 0.472827 0.0937678 -0.903963 -1.13526 -0.338511 -0.271141 -0.552676 0.730506 -0.557421 -1.12395 0.802223 0.281973 -0.155379 0.801011 1.05047 0.124076 -0.672489 -2.33286 
-0.915269 -0.394305 0.640847 -0.75876 1.10422 0.898668 0.985046 0.819641 0.695298 0.453427 0.436301 -0.922103 0.173949 -0.134412 -0.351569 0.248858 -0.448619 -0.0255545 0.196155 -0.176419 -0.0586008 0.828733 0.729913 0.194178 -0.0306651 -1.45113 -0.171904 -0.481947 0.0813877 0.607864 -2.00094 -0.539737 0.0730432 0.384167 -0.603246 -1.80256 -0.840398 0.557845 0.172692 
-1.02495 -0.670061 0.630772 -0.936072 0.95324 0.700711 0.447733 0.652263 1.05809 0.293505 0.539178 0.142204 -0.306327 -0.0687556 -0.29172 -0.0205896 0.375681 -0.983842 0.0227598 0.049213 0.310946 -0.130418 -1.70879 -1.74436 -0.577413 -0.165819 0.282916 0.180384 -0.409799 0.178499 -0.232117 0.412949 0.0520622 0.437725 -1.35873 -0.427252 0.566942 -0.407297 3.05079 