0 0 0 0 0 0 0 0 0 0 0 0 0 0 0 0 0 0 0 0 0 0 0 0 0 0 0 0 0 0 0 0 0 0 0 0 0 0 0 
0 0 0 0 0 0 0 0 0 0 0 0 0 0 0 0 0 0 0 0 0 0 0 0 0 0 0 0 0 0 0 0 0 0 0 0 0 0 0 
0 0 0 0 0 0 0 0 0 0 0 0 0 0 0 0 0 0 0 0 0 0 0 0 0 0 -1.19665 -0.865894 1.2886 -0.608516 1.20862 0.58983 -0.630289 1.10614 -0.0941851 1.38242 -0.849127 0.330888 2.40033 
0 0 0 0 0 0 0 0 0 0 0 0 0 -1.19665 -0.865894 1.2886 -0.608516 1.20862 0.58983 -0.630289 1.10614 -0.0941851 1.38242 -0.849127 0.330888 2.40033 -0.994922 -0.934893 0.824603 -0.261617 0.991881 0.344598 -0.292945 1.41171 0.0521949 0.794765 0.34064 1.10935 2.04271 
-1.19665 -0.865894 1.2886 -0.608516 1.20862 0.58983 -0.630289 1.10614 -0.0941851 1.38242 -0.849127 0.330888 2.40033 -0.994922 -0.934893 0.824603 -0.261617 0.991881 0.344598 -0.292945 1.41171 0.0521949 0.794765 0.34064 1.10935 2.04271 1.39457 0.760014 -1.84123 1.29487 -1.36523 -1.46814 0.985878 -0.590118 1.73203 -2.14461 1.45402 -1.07584 -5.00924 
-0.994922 -0.934893 0.824603 -0.261617 0.991881 0.344598 -0.292945 1.41171 0.0521949 0.794765 0.34064 1.10935 2.04271 0.197918 -0.10588 -0.552632 0.686353 -0.156607 -0.878309 0.35559 0.516021 1.63785 -0.762193 0.604889 -0.744948 -2.60891 1.0458 1.12362 -0.740875 0.72231 -0.908784 -0.438737 0.612842 -1.44035 1.10961 0.831802 -0.0467718 -1.59729 -2.46002 
-0.998735 -0.971774 0.73597 0.0778368 1.05201 -0.288479 -0.274699 1.62216 1.54366 0.620224 -0.244237 -0.41406 -0.208577 0.050877 0.188726 0.083728 0.460692 0.0830969 -0.0941391 0.319897 -0.0286451 1.16181 1.62657 0.293869 -0.487946 -0.417314 -0.226785 0.000525147 0.364938 -0.95671 0.163618 0.702008 -0.749014 -0.529458 -2.50632 1.13415 1.52633 2.05801 3.6598 
-0.944045 -0.746167 0.908331 0.199075 1.07498 0.250458 0.0269526 1.38306 1.214 2.42133 0.634509 0.621399 1.6254 -0.0288675 -0.105355 -0.187693 -0.270358 0.00701097 -0.176301 -0.393424 -0.0134374 -0.868471 0.371954 2.13122 1.31306 1.05089 -0.0899519 -0.157677 -0.372498 -0.719594 0.0748221 0.129218 -0.555255 0.214443 -2.54001 -3.3287 -0.010054 0.265476 0.4479 
-1.0276 -1.07713 0.548277 -0.192521 1.05902 -0.46478 -0.668123 1.60872 0.675192 0.992178 1.88698 0.899003 0.842315 -0.0390749 0.0310486 -0.28877 -0.258902 0.157919 0.0350787 -0.235358 0.185798 -1.3782 -1.70213 0.283815 -0.222471 0.0305862 0.00721219 -0.0559405 0.152067 0.379975 -0.149479 -0.172345 0.897111 -0.304503 0.379249 -0.629252 -3.92637 -1.40898 -1.93413 
-0.98312 -0.715118 0.619561 -0.059827 1.2329 0.285537 -0.208405 1.56886 -0.164198 0.719198 0.918324 0.398928 1.65598 -0.0216553 -0.161295 -0.0356262 0.109617 -0.142468 -0.348646 0.503687 -0.31794 -0.489222 -0.257298 -1.79515 -0.0959199 -0.883233 0.0111524 -0.612279 0.068638 -0.501582 -0.65549 -1.35784 -0.885967 -0.359649 2.40254 1.66216 -0.340867 0.424315 -1.94916 
-1.04926 -1.23842 0.512651 -0.0829036 0.916555 -0.813426 -0.164436 1.29078 0.18597 0.734879 0.0918283 0.803083 -0.0409187 -0.0279225 -0.58123 -0.220132 -0.760483 -0.497571 -1.32276 -1.12132 -0.173851 1.02434 -0.0399799 -0.0570527 0.201844 -1.91857 0.0563195 0.54257 0.517073 -0.329605 0.123235 0.451866 -1.59721 -0.260017 -0.272742 -0.806656 1.81998 -0.00593255 -0.0408266 
-1.01104 -1.29635 0.399429 -0.82031 0.735325 -1.03722 -1.32973 1.39501 0.860138 0.679218 0.861271 0.600772 -0.262588 0.0346643 0.381275 0.481447 -0.219988 -0.0192331 0.10322 -1.09353 -0.577957 -0.761964 -1.06395 0.0248319 -0.101852 -0.92406 0.0128481 0.525942 0.210774 0.55081 0.299912 0.903734 0.912733 -0.516376 -2.50602 -0.390113 -0.951282 -0.267728 1.85301 
-1.01459 -0.85715 0.994097 -0.302891 0.897322 -0.710206 -1.25796 0.712827 -0.575993 -0.329075 0.11666 0.701231 -0.964979 -0.0150744 -0.0552888 -0.00935767 -0.209673 -0.19766 -0.419025 -0.208592 -0.690228 -1.48168 -0.430093 -1.00833 -0.0658836 -0.0655602 0.00482519 -0.196707 -0.691976 0.555929 0.0388722 -0.488124 1.43989 0.947416 1.87233 2.9319 -0.756302 -0.423565 2.50561 
-1.02612 -1.35164 0.390071 -1.02998 0.537665 -1.45625 -1.53832 0.70478 -0.621547 0.249125 -0.147063 0.534888 -0.328148 0.0394894 0.184568 -0.21053 0.335941 0.0196391 -0.384904 0.34636 0.369459 1.11036 1.86794 -0.731471 -0.525417 1.58155 0.108404 0.783907 0.64736 1.57791 0.816226 1.34134 1.25251 1.59668 2.25839 0.846835 -0.0881186 -0.112275 1.11277 
-0.975104 -0.672582 0.783568 0.0330501 0.916961 -1.09511 -0.911603 1.08229 0.534368 1.53887 -0.61481 0.175814 0.616576 0.0933295 0.728618 0.638003 1.36824 0.618566 0.922319 1.04391 0.906449 0.776704 0.416743 -1.09645 -0.178158 1.04721 -0.0359679 -0.211573 0.404486 -0.00286312 0.104751 1.08512 0.279573 -0.25947 -1.75029 -3.08552 0.857983 0.195613 -2.56828 
-0.932788 -0.623019 1.02807 0.338254 1.15623 -0.533929 -0.494407 1.61123 0.155158 0.665868 -1.24352 0.35673 0.71906 0.00352154 -0.0270051 0.193957 0.333078 0.12439 0.700214 0.625933 0.109989 -0.639931 -1.21757 0.126513 -0.329804 -0.986731 -0.0869579 -0.788216 -0.818346 -1.58798 -0.631817 -0.262083 -0.898821 -1.00549 -1.17445 -1.15599 2.20276 -0.778246 -1.40237 
-0.971583 -0.699587 0.977525 0.366128 1.04135 -0.394897 -0.285669 1.19228 -0.105563 0.321296 -0.488298 -0.15399 -0.370155 0.00637166 -0.0595981 -0.180343 -0.219743 -0.0132513 0.660236 0.145094 -0.0990386 -0.39775 -0.739243 1.10631 -0.956404 -0.355161 0.0262377 0.0160855 -0.209025 -0.587307 -0.130168 -1.3374 -0.996061 0.0910133 0.937225 2.85888 1.00701 1.66962 1.87372 
-0.926416 -0.682617 0.847731 0.118511 1.14298 0.126307 -0.349313 1.51219 -0.242593 -0.0733755 -0.137205 -0.599674 0.363899 0.0297592 -0.0109196 -0.0150683 -0.254229 -0.00577819 -0.63719 -0.370128 0.201002 0.297294 1.6413 1.13353 1.33982 0.886993 -0.0426149 0.0369183 0.346294 0.396162 0.0823404 -1.0337 -0.387597 -0.0310175 1.44773 2.91195 -0.211697 1.72815 0.729156 
-0.941824 -0.710507 0.962456 0.111899 1.03557 -1.03209 -0.655797 1.39328 0.191732 1.9626 0.645229 1.18583 0.516838 -0.0362432 -0.0226797 0.165951 0.176419 0.0690891 -0.373461 -0.242504 -0.130056 1.04998 2.17271 0.894615 0.771747 0.373995 -0.0555802 0.0130167 0.178858 0.123608 -0.161752 0.720987 0.608959 0.407507 0.129477 -2.38985 -0.44035 -2.45996 -1.02147 
-0.962659 -0.705297 1.01368 0.29493 1.21207 -0.247154 -0.591817 1.38213 0.807388 2.09933 0.75741 0.172073 0.737894 -0.025821 0.00209707 0.16379 -0.130621 -0.16753 0.0837973 0.238831 0.608509 0.426772 -0.748546 0.693177 -1.12014 -0.134475 0.0388291 -0.382434 -0.349507 -0.3941 -0.39995 -0.200528 0.349197 0.0715706 -2.70269 -3.06627 -1.36566 -0.632277 -1.19948 
-0.967645 -0.70841 1.12625 -0.0187213 0.868043 -0.948289 -0.416966 2.00179 0.618503 1.21405 1.33841 0.065682 0.382363 0.00258594 -0.405114 -0.183556 -0.217682 -0.330861 -0.573989 0.106694 -0.0584856 -1.65271 -0.893565 -0.471049 0.139471 -0.825481 0.0713407 -0.0988829 -0.543485 0.100772 0.267657 0.136844 -0.818117 -1.94361 -0.941469 0.102194 -2.79749 1.47547 -0.517831 
-0.960073 -1.11041 0.830126 0.077248 0.881208 -0.821143 -0.485123 1.32365 -0.84532 1.20576 0.286361 0.311544 -0.0875867 0.0455197 -0.0967859 -0.379694 -0.0298486 0.100127 0.220641 -0.579286 -1.3351 -0.514697 -0.646352 -2.10431 0.355326 -0.652306 0.091049 0.593809 0.0696448 0.377218 0.528386 1.26104 -0.280394 0.0487867 3.5413 0.609135 1.01801 0.19869 0.745832 
-0.922125 -0.805196 0.746552 -0.0485699 0.96817 -0.727648 -0.996252 0.666687 0.103806 0.5677 -0.765901 0.421008 -0.269944 0.093635 0.188695 -0.113911 0.159536 0.197525 0.687055 -0.1737 -0.00969889 1.88859 -0.28443 0.546963 0.33816 -0.0796491 -0.0557871 -0.282799 0.227406 0.216987 -0.101134 0.284029 1.24602 1.82628 0.864553 1.27713 2.79094 -1.29323 -0.24643 
-0.866438 -0.921715 0.716215 0.236784 1.07873 -0.134088 -0.658823 1.31395 1.04327 0.921334 0.833324 0.649704 -0.167236 -0.0102674 -0.379585 -0.152289 0.187139 -0.00100711 0.50467 0.666736 0.49118 0.349856 0.630777 0.68663 -0.937905 -0.898736 -0.157263 -0.414979 -0.0159669 -0.779025 -0.135902 -0.977281 0.298554 0.0357969 -3.66484 0.118931 -0.219705 0.182032 -1.19857 
-0.932392 -1.18478 0.594263 0.138569 0.967163 -0.222978 -0.329516 1.15787 0.453662 1.19848 -0.0792715 -0.516897 -1.16868 -0.0636277 -0.226283 -0.129878 -0.619488 0.0616223 -0.290226 0.124854 0.026098 -1.77625 -0.165499 0.327258 0.520192 -1.27822 0.0981378 0.396505 0.334696 -0.411754 0.0134494 -1.06049 -0.904176 -0.412029 -0.109215 -1.09599 0.870096 1.16585 1.47292 
-0.930066 -1.148 0.586338 -0.382704 1.14035 -0.424315 -0.533969 1.34005 -0.732984 0.755835 1.16058 1.1699 -1.44546 0.0878704 0.0169203 0.182407 -0.224615 0.0124423 -0.555816 -0.23744 0.0791505 0.240641 -0.465214 1.55673 0.227942 0.574185 0.317341 -0.172789 0.376772 0.924961 -0.0942197 -0.108489 -0.618127 -0.53366 3.06593 0.0134281 -0.796105 -1.10279 2.60357 
-0.844522 -1.16786 0.77667 -0.0860467 0.979605 -0.778794 -0.566956 1.23702 0.694303 0.733263 1.47745 -0.288955 -0.594494 0.253713 -0.399072 0.246894 0.305473 -0.0325974 -0.398715 -0.493273 -0.507562 1.28967 -0.152071 -0.468848 -0.582595 1.32535 0.0998133 -0.44765 0.179074 -0.143801 0.106718 0.690422 -0.441587 -1.31429 -1.42781 1.02607 -2.07362 0.529212 0.787177 
-0.676353 -1.54707 0.833231 -0.0772316 1.10776 -0.82303 -1.02724 0.832486 0.55669 0.603764 0.691733 0.587302 -0.120107 0.187684 -0.430729 0.361481 -0.368416 0.11916 0.134606 -0.679027 -1.23514 -1.18717 0.560858 -0.516897 0.757155 1.36136 -0.29716 0.4273 0.182062 -0.815649 0.191303 0.47266 0.430944 -0.0531918 -2.87465 -1.65657 0.540352 0.903651 -1.48854 
-0.656838 -1.59859 1.13815 -0.454463 1.09876 -0.644189 -1.24598 0.00188084 -0.492866 1.29412 0.960557 0.4682 0.766868 -0.0434466 0.028228 0.428956 -0.510177 0.158705 0.0739445 -0.0623291 -0.560753 -1.58498 -1.80864 0.0715038 0.321057 -0.163184 -0.309 0.391889 -0.449507 0.702223 -0.445611 -0.442023 1.43826 1.92036 1.79763 -1.09729 -0.857539 -0.434129 -2.50926 
-0.7198 -1.51884 1.26219 -0.587408 1.26646 -0.749085 -1.08957 0.271733 -1.02829 -1.20488 0.763237 0.908358 -0.283291 -0.121316 -0.0388405 -0.0880256 0.333807 -0.326451 -0.307417 0.759232 0.685225 0.610461 -0.536436 -1.37444 0.323026 -1.1479 -0.0140206 -0.405185 -1.03592 0.282974 -0.516076 -0.233924 0.103815 1.25635 2.68325 3.42826 -0.753108 -2.20474 1.15927 
-0.778155 -1.63743 1.05013 -0.120656 0.772314 -0.951606 -0.486751 0.687106 0.117594 0.757684 -0.413878 0.791226 -0.381033 -0.0574673 -0.376957 -0.60696 -0.227203 -0.357371 -0.15998 0.041486 0.695599 1.09827 1.61962 -0.681604 -1.88368 0.996089 0.22857 0.192924 0.00297645 -0.237555 0.544432 0.783051 -0.917473 -0.714765 -0.361853 0.103753 2.67025 -0.0682711 2.80665 
-0.777267 -1.8958 0.655227 -0.814611 0.909092 -0.909065 -1.04809 0.967332 0.0699806 0.414734 0.0816329 -0.975321 0.712798 0.107254 0.154084 -0.0850491 0.0962516 0.217981 0.475634 -0.158241 -0.02954 0.248607 -0.432683 1.29582 0.254755 1.65874 0.223219 0.73079 0.863745 1.07362 0.498764 0.660443 0.381393 -1.44933 -2.06149 -0.991159 1.80378 3.83472 -2.71936 
-0.670901 -1.48335 0.965077 -0.0244044 0.990295 -0.475972 -0.644992 0.657566 0.366201 0.325001 0.88194 1.04598 1.27771 0.165752 0.353833 0.256785 0.846413 0.141394 0.500464 0.422879 -0.753733 -0.963224 0.628456 1.12218 1.95104 -1.72327 0.0218103 0.0584994 0.180658 -0.0304191 0.0274019 -0.790962 -0.263076 -0.0982476 -1.06826 1.06603 -0.642852 -0.678831 -2.95422 
-0.611515 -1.54197 0.912012 0.0318019 1.05049 -0.408601 -0.625207 0.213599 -0.893244 1.04319 1.20381 0.975724 -1.01047 0.129064 0.212583 0.0956091 0.0658325 0.245383 -0.315329 -0.421317 -0.127788 -0.819649 0.633348 0.652966 -0.424076 -1.29547 0.206377 1.68829 0.240197 -1.22593 -0.639828 -0.658754 -0.77319 0.572583 1.55527 -1.90784 -3.5811 -2.03742 2.46504 
-0.541836 -1.27076 1.06069 0.0414281 1.23568 -0.791301 -1.06631 0.529778 -0.453447 0.958349 1.53491 0.621905 -0.0177605 0.372129 2.04212 0.496982 -0.379513 -0.498434 -0.15829 -0.350311 -0.18115 0.592049 -1.27939 -2.45892 -0.0863724 0.741777 0.772398 2.83503 -0.636604 0.162207 -2.5771 -0.0121206 1.6384 -1.33435 -0.26122 -2.74679 -3.69453 0.364658 0.665491 
-0.239386 0.500154 1.40899 -0.347711 0.552052 -0.566891 -0.975518 0.0324487 -0.301195 -0.236195 -1.25511 0.889352 -0.268692 0.901462 3.04761 -0.540995 0.22804 -2.33172 -0.327449 1.21709 -1.46214 -1.08087 -2.11345 -3.04157 -0.0594174 -0.62998 0.663064 -0.57664 -1.81484 1.25683 -1.5437 0.214967 1.73673 -0.772491 0.0686071 1.35613 3.60088 -0.613056 0.845741 
0.359626 1.77685 0.519691 0.269468 -1.09604 -1.11875 0.150777 -0.932358 -1.53432 -1.1551 -1.50666 0.562487 -0.647741 1.03519 1.46548 -1.31786 0.877315 -2.04213 0.0566765 1.38642 -0.953642 0.660656 0.0767471 1.14196 -0.699429 1.58752 -0.338584 -2.90224 -0.0097902 -0.118654 1.35674 1.57663 -0.800701 1.5396 3.15673 3.3992 4.9637 -1.88049 2.39865 
0.795808 1.96564 0.0911388 0.529603 -1.49008 -0.510215 0.410904 -0.921193 0.35946 -0.159448 -0.113144 0.189923 1.31883 0.562879 0.145368 -0.550785 0.109385 -0.974978 1.24918 0.416385 0.0774594 2.07586 1.28575 1.92213 -1.93991 1.76867 -0.856585 -1.55232 0.936998 -0.913272 1.38165 0.608432 -1.1244 1.27424 0.0997891 -0.5333 -0.746274 -1.06258 -2.24811 
0.922505 1.92222 -0.0310937 0.378853 -2.07102 0.130427 0.567163 -0.854898 0.541542 0.130657 0.41547 -1.37742 1.12093 0.178609 -0.0868403 -0.380857 -0.0359568 -0.660477 0.665108 0.26202 0.320595 0.760445 -0.456552 0.39569 -1.76201 -0.660594 -0.461033 -0.828076 0.400401 -0.930017 0.935153 -1.62697 0.0991962 -0.253426 -2.25768 -1.82003 -4.38721 1.25821 -2.94377 
0.974416 1.8788 -0.289719 0.493647 -2.15056 0.154893 0.672924 -0.600598 1.11991 -0.616001 0.282546 -1.57208 0.658233 0.101845 -0.682708 -0.150384 -0.820631 -0.0398249 -0.377797 0.515582 -0.175966 -0.181824 -0.534282 -2.46508 -0.681702 -1.1751 -0.0548082 -0.650632 0.339781 -0.916278 0.912634 -0.876658 0.249268 -0.749133 -1.49478 0.8683 -2.23818 1.88696 -0.402707 
1.02435 1.23951 -0.181477 -0.441778 -2.11084 -0.24737 1.08274 -1.03086 0.359719 -0.403624 -2.04961 -2.05912 -0.0541715 0.123801 -0.737472 -0.0410768 -0.952235 0.252157 -0.211549 0.511289 -0.428538 -0.73434 0.411748 -1.84249 0.12495 -1.0633 0.0941265 0.28251 -0.00742206 0.426403 0.645774 0.458246 -0.176596 0.355905 0.494737 0.508508 3.30768 2.91693 0.807944 
1.09822 1.14132 -0.330795 -0.458588 -1.8984 -0.0566557 1.18421 -1.02914 0.385565 -0.204253 -1.55994 -1.44713 -0.405068 0.195972 -0.400199 -0.157806 -0.394229 0.605949 0.0804492 0.338985 0.179939 0.312913 -0.0257736 0.842604 2.23523 -0.367155 0.126948 -0.0591173 0.51571 -0.0666849 0.429708 0.810892 -0.296694 0.873581 0.42393 0.16527 1.4926 1.52594 1.78976 
1.22032 0.83931 -0.339283 -0.836007 -1.50489 -0.166921 1.42173 -0.850926 0.672632 -0.429398 -1.207 0.176106 -0.421326 0.250749 -0.79659 0.474633 -1.01892 0.681865 0.599343 0.214595 0.445043 -0.31041 0.577018 -0.349887 1.65089 0.726456 0.0928454 -0.739068 1.08788 -0.823156 0.0590958 0.843884 -0.537683 0.502509 -1.51219 1.2395 -1.422 -1.62455 1.47529 
1.34897 0.344734 0.143838 -1.47751 -1.21653 0.542687 1.39881 -0.584093 0.0751553 0.372765 -1.90983 0.203758 0.321388 0.288817 -1.13927 0.930078 -1.21738 0.665045 0.924333 -0.198697 0.682448 -1.19928 1.21372 -0.579399 0.610678 1.10814 -0.110106 0.108914 -0.26552 0.306578 -0.446817 -0.592679 -0.600988 -0.252445 -0.716815 -0.535539 -0.00691329 -1.24027 -0.961972 
1.50914 -0.299957 0.590795 -2.05339 -0.839847 0.757412 1.22303 -0.168478 -0.526648 0.784323 -1.7864 0.786784 0.686812 0.140643 -0.687676 0.209113 -0.712341 0.235047 0.00666427 -0.386393 0.192598 -1.02722 0.0414784 -0.356801 0.410624 -0.235516 -0.403995 1.70043 -1.71666 1.85233 -0.976065 -1.13921 0.200596 -1.12687 1.23497 -2.07025 0.373602 -0.755001 -2.26619 
1.48961 -0.342942 0.352951 -2.18985 -0.981487 0.549351 1.01241 -0.391496 -0.952069 0.414243 -2.26663 0.614382 0.0858726 -0.115179 0.561161 -0.786581 0.634947 -0.31102 -0.214876 0.00189859 -0.444422 0.0356892 -0.856531 -0.205797 -0.144323 -1.15805 -0.304247 1.52802 -1.1738 1.85381 -0.638184 -0.00187418 0.437247 -0.748744 1.58893 -1.48447 0.682675 -0.971909 -0.561108 
1.39396 0.261205 -0.195787 -1.41844 -1.15087 0.542536 1.22493 -0.612899 -0.490958 -0.0722079 -1.9922 0.642461 -0.47124 -0.163604 0.840343 -0.964692 1.14147 -0.403137 0.00479009 0.0508533 -0.556146 0.561706 -1.44299 0.325874 -0.561285 -0.796624 -0.0487847 0.384631 -0.298199 1.00733 -0.141633 0.75513 -0.27466 -0.00877413 0.714846 -0.473682 1.1649 -0.221605 1.7617 
1.326 0.497401 -0.611741 -1.04838 -1.38462 0.554141 1.06327 -0.947642 -0.390363 -1.02875 -1.94076 0.0530975 -0.710751 -0.163963 0.945792 -1.08478 1.64228 -0.452653 0.540253 -0.272762 -0.453196 0.750535 -1.33021 0.9591 -0.365928 0.603645 0.206063 -0.716456 0.90088 -0.626581 0.780503 0.13902 0.301255 0.556265 0.364054 2.16605 1.05964 1.51193 2.00856 
1.23 1.207 -1.28057 0.223837 -1.60352 1.08279 0.952169 -1.06609 0.259576 -1.40242 -1.0331 0.276533 0.132405 0.0424589 0.123886 -0.0638116 0.514887 0.377366 0.14381 0.352108 0.00011912 0.92576 0.723059 1.38552 0.950649 1.21194 0.297883 -1.43932 1.55306 -2.23223 0.97982 -0.681571 0.697496 0.487108 -0.534217 2.63358 0.13214 0.691966 -0.507366 
1.36846 0.621287 -0.675553 -0.533492 -1.00726 0.697952 1.41538 -0.947523 0.535397 -0.30569 -0.555241 1.00375 0.501188 0.13392 -0.493529 0.468278 -0.589951 0.527166 -0.141317 0.424735 0.0339124 0.216318 1.30337 1.09124 0.326039 0.0962792 -0.155702 0.255538 -0.676836 -0.084975 -0.860038 0.333661 -0.875857 -0.452901 -1.80443 -2.00938 -1.00237 -2.24417 -1.9127 
1.36392 0.713468 -0.812289 -0.366114 -1.07635 0.941472 1.3769 -1.03218 0.475894 -0.099053 0.05814 0.602572 0.228684 -0.113243 0.379424 -0.740648 0.429912 -0.482671 0.477471 -0.523749 -0.452781 -0.878673 -1.28632 0.383151 -1.29352 -0.700762 -0.185072 0.641761 -0.765229 1.00389 -0.326848 0.500578 -0.52999 -0.237517 -1.08126 -2.53048 -0.460106 0.339278 -0.00209285 
1.25522 1.00071 -1.4162 -0.10358 -1.48993 1.17542 0.891628 -1.4003 -0.343276 -1.59201 -0.17209 -0.289774 -0.199574 -0.0511523 0.148232 -0.296951 0.413939 0.200319 0.359261 -0.105255 -0.203605 -0.864938 -1.22711 0.631135 0.665317 0.0941864 0.164936 -0.423656 0.959952 0.0923437 1.1343 0.240927 0.995074 0.658294 0.723571 1.39918 0.35673 2.57672 2.03091 
1.31276 0.8617 -1.10924 0.0478257 -0.876036 1.30073 1.27165 -1.23579 -0.389044 -1.32616 0.689275 1.26789 0.32287 0.0516927 -0.0442324 0.219304 0.522256 0.651633 0.718398 0.471325 0.205513 -0.155102 0.112852 0.739881 1.2832 1.33015 -0.0500886 0.0854972 -0.309747 0.167514 -0.458814 0.470784 0.0483259 -0.042135 0.12129 0.352923 -1.44519 -1.73906 0.980229 
1.30691 0.956479 -1.1969 0.418676 -0.838295 1.89382 1.36295 -1.19479 -0.498378 -1.47916 0.567791 0.993423 1.13058 -0.101241 0.233729 -0.606698 0.581454 -0.258495 0.830045 -0.0569294 -0.24574 -0.743649 -0.874189 -0.814053 -1.07374 1.07442 -0.0276791 -0.552422 -0.0894134 -1.45415 -0.553939 -1.30652 -0.344493 -0.415109 -0.37004 -0.117181 -1.85872 -1.34309 -1.51528 
1.21152 1.09543 -1.71594 0.62928 -1.13453 2.13078 1.21472 -1.48153 -1.13269 -2.20035 -0.124778 0.194145 1.39729 0.0240136 -0.596654 0.12989 -0.931891 0.0976944 -0.588125 0.126833 -0.209596 -0.525142 -0.0043282 -1.11884 -0.0598899 -0.18513 0.230263 -0.812753 1.40495 -1.77903 0.650393 -1.56906 0.319494 0.692784 0.816293 2.54739 0.62147 2.37453 -1.34425 
1.33093 0.359824 -1.06701 -0.513215 -0.740601 1.3057 1.48979 -1.40439 -1.02352 -1.48349 -0.551051 0.933533 0.945448 0.129022 -0.579023 0.798257 -1.19758 0.391898 -0.739014 0.262565 0.447044 0.0726441 1.6732 -0.192583 1.30079 -0.269838 0.0942959 -0.149796 0.709391 -0.307159 0.0859984 0.315577 -0.393599 0.781247 -1.05633 1.49348 -0.231545 0.410854 0.470386 
1.34055 0.516406 -0.91768 -0.568296 -0.742633 1.39176 1.47728 -1.03448 -1.06005 -0.527156 -0.317361 1.49493 1.12745 0.118309 -0.746451 0.839281 -1.23905 0.183693 -0.272548 -0.266766 0.571651 -1.58147 1.48915 -1.35039 0.350964 0.285255 -0.0532316 -0.252558 -0.155859 0.138811 -0.261864 0.33148 -0.287109 -0.257895 -1.23283 -1.51388 -1.26986 -1.79741 0.148652 
1.44924 -0.386626 -0.227725 -1.75227 -0.556908 1.03315 1.22302 -0.832736 -2.60499 0.00566322 -1.90144 1.2845 1.2307 0.0757906 -0.831582 0.642399 -1.05876 0.130034 -0.407534 -0.0245441 0.189148 -1.16018 0.159322 -1.46245 -0.496625 -0.121186 -0.298088 1.9607 -1.61901 2.72582 -0.499377 0.768239 0.712287 -0.642132 3.05609 -2.50316 2.32201 -0.733407 -0.901072 
1.41634 -0.315176 -0.275281 -1.62706 -0.6126 0.98423 1.45274 -0.845335 -2.22023 -0.367834 -1.77981 0.99831 1.00626 -0.179779 1.21425 -0.779728 1.48677 -0.315684 0.495691 0.445521 -0.0704807 1.47462 -1.01401 0.971624 -0.382443 -0.615816 -0.28423 2.03389 -1.73634 2.39336 -0.514348 0.597356 0.062146 -0.417928 2.42655 -1.61829 2.60112 -0.550234 -0.162006 
1.26946 0.827622 -1.00745 -0.265498 -0.872592 1.52884 1.66854 -0.903217 -1.13037 -1.00835 -0.929815 0.902054 0.614887 -0.20844 1.20231 -1.09395 1.33459 -0.384314 0.189822 0.0376019 -0.22878 1.26637 -1.45897 1.13867 -1.04686 -0.283192 0.10098 -1.07903 0.396891 -1.18117 0.260204 -0.728263 -0.637528 -0.02417 -0.636033 0.619032 -0.52804 -0.433585 0.831293 
1.2079 0.887136 -1.36923 -0.292469 -0.996914 1.17405 1.49034 -1.07412 -0.953859 -1.8268 -0.641139 -0.0485485 0.72307 -0.078799 0.13522 -0.382837 0.305602 -0.0554803 -0.232572 -0.192007 -0.0946507 0.838588 -0.394978 0.443583 -0.816028 0.215477 0.168667 -1.02175 0.999449 -1.09448 0.392935 -0.106884 -0.103175 0.393372 -0.568457 1.9942 -0.097442 0.545361 -0.427777 
1.19066 0.962842 -1.39029 0.0401033 -0.928072 1.29627 1.47653 -0.997868 -0.291777 -1.40332 -0.486231 0.0860265 0.830364 -0.0397726 0.180565 -0.0944965 0.240112 0.00862091 0.082938 -0.0655733 0.164593 0.697915 0.535232 1.04123 -0.501497 -0.710969 0.15455 -1.06489 0.9269 -1.96623 0.24759 -0.903558 -0.207609 0.107316 -2.13584 0.875362 -0.667579 -0.194767 -2.56262 
1.16812 1.0677 -1.46372 -0.0523575 -0.988293 1.25699 1.42477 -0.909522 -0.255944 -1.29157 0.400089 -0.550046 0.0121016 0.0757514 -0.929675 0.544063 -1.66063 0.19211 -1.13613 -0.399616 0.0126657 -1.29725 0.480384 -0.223996 -1.01079 -2.34714 0.0239773 -0.0297963 0.236423 0.00334579 0.152852 0.00485579 -0.0376134 -0.111471 -0.788361 0.265555 -0.661154 0.709456 0.475874 
1.26641 0.0331677 -0.846229 -1.62052 -0.735962 0.160138 1.07692 -0.985202 -1.58903 -0.922941 -0.710227 -0.924768 -1.51678 -0.0157953 0.150769 0.141927 0.243457 0.161472 0.0877938 -0.103187 0.0531219 -0.0904462 0.800787 0.380073 0.207958 -0.235095 -0.219852 1.91067 -1.04707 3.07247 -0.363524 2.2421 0.411131 -0.0470125 1.91037 -1.28367 1.88725 1.2129 3.65606 
1.15233 1.21847 -1.3218 0.1911 -0.82682 1.34478 1.32158 -0.856401 -0.34639 -0.490782 0.780162 -0.342087 -0.222993 -0.1441 0.981 -0.503005 1.41184 -0.171414 1.10597 0.0115148 -0.0343468 0.613119 -0.803289 1.66326 0.202106 1.30892 -0.0261013 -0.556966 -0.0298738 -0.894517 -0.101597 0.028511 0.0580417 -0.287708 -0.647942 -1.50149 -0.487283 -0.372983 0.694644 
1.12231 1.01417 -1.34923 -0.208685 -0.907376 1.26611 1.08843 -1.01955 -0.975912 -1.72623 0.95303 -0.722662 -0.207855 -0.0418966 -0.406196 0.112053 -0.65106 0.059875 0.116305 -0.045145 -0.234586 -0.738388 -0.700699 -0.10721 -0.165025 0.459549 0.121629 -1.60612 0.62746 -2.27342 0.374068 -1.449 -0.0569592 -0.326695 -1.47073 1.05171 -3.17684 -1.15692 -2.2812 
1.11043 0.812274 -1.20974 -0.45996 -0.766945 1.46109 1.27644 -1.09099 -1.08478 -1.19148 0.672952 -0.507112 0.236556 -0.0224709 -0.62512 0.124455 -0.861584 0.202654 -0.343036 -0.0454444 -0.361042 -0.857611 0.248418 -1.51358 -0.954814 -0.972276 -0.0093979 0.0395874 -0.310609 0.490772 -0.0170392 -0.278611 -0.350613 -0.0066836 -0.0904959 0.283356 -0.932257 -1.54745 -1.61934 
1.09984 0.389048 -1.22478 -1.07027 -0.704722 0.923071 1.04299 -1.38059 -1.83352 -1.47781 -0.560549 -1.67748 -1.18013 -0.0512945 -0.366609 -0.198556 -0.160288 0.0428358 -0.162306 -0.395758 -0.24127 -0.828884 -0.417342 -1.03947 -1.71248 -1.15979 -0.0634273 1.1264 -0.589435 2.20821 -0.229809 0.886192 -0.316188 0.66346 1.99921 -0.336346 3.38073 1.00656 0.990848 
1.05914 0.445664 -1.4083 -0.620247 -0.72411 1.29878 0.880679 -1.33226 -1.91366 -1.60882 -0.366514 -2.21959 -0.923231 -0.0858982 0.50128 -0.46498 1.34663 -0.0271547 0.543156 -0.361633 0.302418 1.1416 -0.0879278 1.86715 0.0517439 0.0185725 -0.0411088 1.06382 -0.388092 1.49777 -0.162317 0.156308 -0.674332 0.605707 1.94644 0.903117 3.00525 2.25465 -0.0125789 
1.01394 0.890328 -1.68976 0.276358 -0.731877 1.46623 0.681357 -1.07817 -0.691928 -1.56574 1.3066 -1.62573 -1.16156 -0.0924033 0.697215 -0.586648 1.33749 -0.119481 -0.0059983 -1.07009 0.364437 1.11756 0.485774 1.96578 0.54217 -1.17237 0.0571071 -0.267436 0.183344 -0.715692 0.213157 -0.77975 -0.351698 -0.0632523 -1.21436 1.10933 -1.57847 -0.411765 -0.666441 
0.966734 1.14288 -1.99495 0.717238 -0.843591 1.29278 -0.189411 -0.96782 -0.796106 -1.12305 1.59926 -1.67742 -2.0956 -0.0287911 0.233843 -0.281636 0.630934 0.186002 -0.236594 -0.713331 0.239166 -0.0727626 1.0214 0.288679 -0.360021 -0.647869 0.114781 -1.04079 0.616244 -1.50792 0.435864 -0.523723 0.761099 -0.178878 -0.728167 0.130948 -3.08596 -1.37547 0.595079 
0.98515 1.12417 -1.97139 0.907292 -0.545874 1.22963 -0.0319741 -0.839007 -0.76469 -0.544338 1.59528 -1.98575 -1.80943 0.0223779 -0.343579 0.0295963 -0.170435 0.316383 -0.529722 -0.308991 0.185559 0.389389 0.616722 -1.12019 -0.833295 -0.577287 -0.0162441 -0.465382 0.449141 -0.346911 0.0896844 -0.786192 -0.0361831 0.00701408 1.82009 0.0771158 -1.33516 0.0182001 0.0671717 
0.989112 0.799301 -1.96535 0.546803 -0.527208 0.763062 -0.498402 -0.782262 -0.406717 -0.506327 0.479079 -2.51071 -2.67288 -0.0450352 -0.231539 0.167505 0.284022 0.275687 -1.02279 -0.749514 0.24618 1.74733 1.09852 -1.04648 -0.341821 -0.580697 -0.162771 0.613239 0.114467 1.13757 -0.0227895 -0.706454 -0.365725 -0.046347 1.81273 0.507955 -0.585745 0.909551 1.25837 
0.940114 0.892632 -1.80389 1.19131 -0.270188 0.206846 -0.781488 -0.592827 0.982635 0.554179 0.548802 -2.32758 -2.39012 -0.140393 0.26966 0.144063 0.967135 0.293593 -1.23618 -0.674716 0.139212 2.20212 1.12468 -1.70593 0.0762561 0.681082 -0.169468 0.610242 0.0324755 0.591634 -0.108656 -0.253273 0.27025 -0.0202367 0.454046 -1.06061 -0.347656 0.713145 1.22244 
0.848718 1.06896 -1.82129 1.51394 -0.233614 -0.473113 -1.17312 -0.64305 1.7954 0.61835 -1.22685 -2.43446 -1.9918 -0.214503 0.378703 0.19998 0.875656 0.167031 -1.27606 -0.479264 0.225943 2.20137 0.0379028 -1.39414 0.371323 0.641738 -0.000165296 -0.446401 0.345644 -0.984899 0.0341352 0.109122 0.508665 -0.129907 -2.19234 -1.71631 1.73576 1.55705 -0.891577 
0.725611 1.27133 -1.60391 2.06697 -0.103157 -1.06921 -1.26075 -0.366884 3.18401 0.592082 -0.845337 -1.95625 -1.74839 -0.140559 -0.176741 0.489707 -0.0177642 0.327729 -1.12705 -0.166052 0.00930512 0.00977762 -0.591637 0.0298312 1.63331 -0.210495 0.153858 -0.622221 0.372842 -0.11122 -0.241521 0.798394 0.552663 0.0866237 -2.53926 0.623201 2.10533 0.417346 0.343377 
0.70816 0.892219 -1.33158 1.49617 0.0941143 -1.60017 -1.33917 -0.633745 1.80518 0.0267132 -1.19702 -0.801148 -2.2023 -0.060645 -0.243518 0.572822 0.764436 -0.0744902 -0.477666 0.0733994 0.312567 -0.337885 0.661104 0.711188 0.788669 0.985115 0.0299222 -0.162287 0.347264 1.54591 -0.255236 -0.225852 0.0549778 0.396874 0.363707 1.10003 2.28357 -0.347127 1.33104 
0.664966 1.02782 -1.03109 2.83141 -0.177647 -1.54688 -1.18735 -0.0543172 2.84612 1.25319 -0.134149 -1.16758 -0.763271 -0.110637 -0.339029 0.836971 1.52814 0.0724923 -1.35291 -0.111074 0.406179 0.373484 0.508392 2.3134 1.28618 1.12054 -0.0361443 -0.267934 -0.151734 -0.848319 0.409736 -0.257863 -0.559133 -0.607049 -2.81907 -2.87518 0.510154 1.1057 -0.418974 
0.597523 0.55319 -0.49461 3.02432 0.166607 -2.95307 -1.45024 -0.227566 2.17866 0.535105 1.11638 0.485035 -1.08176 -0.0967894 -0.511452 0.421089 -0.0838831 0.335246 -0.735528 -0.485733 -0.294482 -3.15696 -2.21407 1.22134 1.89437 0.566141 0.0889707 -0.143967 -0.563545 -0.821743 -0.251063 2.53827 -0.202318 0.371171 -1.73403 -1.9515 -2.68974 -2.79398 0.00485492 