42.7681
38.4341
30.0575
34.3008
29.6083
25.2311
24.0099
19.6627
20.2717
21.163
26.8586
31.7091
32.0046
38.0447
53.9288
68.5119
64.8852
73.2826
88.9177
71.5321
69.5537
177.26
327.406
351.854
286.459
291.853
274.959
323.658
355.88
358.101
391.539
426.433
407.418
415.477
434.481
471.493
478.105
446.748
429.191
469.393
440.064
450.091
504.688
460.737
471.842
428.365
446.267
444.475
409.405
403.974
418.84
410.85
418.546
412.698
421.975
421.915
423.581
422.871
389.403
388.108
392.763
388.082
378.587
376.585
363.781
352.2
317.847
304.863
299.771
281.534
234.886
224.515
220.574
188.691
146.434
152.141
178.176
232.598
261.674
258.744
259.416
260.776
284.701
284.15
298.4
336.927
332.785
327.463
351.399
361.098
352.11
375.49
362.604
345.548
339.765
324.476
332.402
325.803
300.985
304.769
284.472
247.432
233.897
222.293
228.426
214.071
131.523
69.1881
39.5311
30.3283
27.5247
27.0751
31.1751
28.327
23.8203
30.6898
37.2344
38.0465
31.9002
46.3736
57.3727
33.1328
35.711
46.9862
40.7393
37.6649
39.2292
56.1818
37.9992
43.5553
50.3092
41.0426
46.9719
116.829
220.458
317.935
234.084
299.476
360.512
400.186
411.547
422.915
446.858
460.214
481.528
461.566
443.858
484.867
483.947
453.807
421.841
375.257
363.919
350.741
353.69
348.731
375.143
347.642
310.592
305.627
294.332
279.141
282.073
286.525
275.142
272.369
253.699
253.419
239.48
162.807
122.872
77.2105
40.111
27.3981
23.9853
23.0435
27.5421
29.5915
31.6775
32.5136
40.5844
27.521
21.6211
22.5692
23.7592
32.9685
37.7181
26.793
22.6648
47.6934
52.8946
52.1453
48.7228
45.8914
44.6353
47.1627
42.6068
44.9337
44.9093
46.8941
49.7165
49.0977
53.0643
54.7058
53.1548
47.096
48.3446
47.6351
49.6076
46.4808
54.9856
56.702
54.4168
48.3419
47.868
46.0391
48.6529
52.308
51.4206
51.5452
53.0481
53.1473
51.4365
53.2542
63.6858
68.6112
64.2214
60.3476
65.5466
61.6729
59.9701
67.0004
66.0406
63.9607
59.3162
59.5804
58.9959
54.0311
53.3082
55.1087
52.412
54.9046
58.8067
63.6249
62.8183
64.2969
58.2361
51.9748
52.5021
55.0675
55.8029
52.0062
52.3521
55.4703
58.6377
54.065
53.5368
52.7932
56.4051
54.6762
56.3053
56.4174
54.7871
48.1557
46.3053
48.8753
52.8472
56.7258
55.9505
54.0889
55.878
56.4618
50.4969
51.1179
53.263
50.4948
48.8383
51.523
51.7914
50.3261
54.7575
55.719
52.5222
53.2845
53.5196
57.1222
57.4166
57.1226
58.0295
55.3824
54.6183
54.4482
52.455
53.8451
58.2348
52.921
51.2146
49.1469
42.9554
43.9895
46.7866
45.6515
45.7224
44.5721
44.9944
51.2346
50.0003
47.2399
48.8996
49.1953
46.9606
48.4612
50.7546
46.1026
47.8332
49.41
51.5048
46.057
48.8293
48.9185
50.3891
55.2407
60.8437
58.0383
74.2805
71.1481
76.1039
72.886
71.2362
72.0115
60.2895
56.9476
57.8778
62.665
64.5066
66.7516
72.4499
77.2291
76.7644
71.3093
65.6386
61.3148
60.1837
65.0085
70.9803
67.0552
58.2003
51.3099
50.3839
50.4857
49.8965
51.1893
55.7556
64.5551
67.2483
61.9073
55.7837
53.2148
55.3533
57.0483
52.6738
48.7806
47.1029
44.0319
42.5623
45.0978
46.0347
46.0918
47.0145
52.265
47.7947
45.9174
44.8844
46.7702
52.2452
57.5186
49.9096
45.1747
222.173
232.907
227.117
216.443
204.334
202.431
206.498
204.938
206.956
215.402
233.014
222.062
210.265
219.576
242.754
235.943
210.324
195.971
175.197
172.769
176.79
231.764
205.811
166.983
120.818
88.8141
58.9054
51.034
41.67
44.4075
51.1338
48.1756
41.9469
38.2668
34.9409
55.7687
72.1502
53.4763
46.3628
50.5865
48.6832
45.1134
55.448
59.3368
57.8389
61.6388
66.9432
69.82
55.6791
54.675
58.2506
47.4823
48.1702
49.1691
54.3125
52.4327
52.6087
43.7736
35.502
37.6138
38.9883
38.963
40.9828
47.987
50.8301
59.4261
63.3184
70.5887
77.5406
107.553
108.579
111.514
110.823
131.564
136.484
125.055
110.475
123.901
144.767
124.482
110.911
89.0208
82.7446
61.6882
61.0697
52.9354
56.109
52.2388
49.9483
48.6923
52.4841
62.4907
60.8552
54.8818
60.361
63.9952
67.4803
64.6736
73.9264
81.3559
90.7255
95.081
93.7017
103.531
129.252
175.889
221.971
204.357
207.715
207.032
203.456
201.082
203.246
195.991
200.161
189.428
206.373
211.177
188.868
200.325
213.436
196.624
204.877
223.294
199.243
199.811
205.651
218.281
220.885
205.765
189.481
202.377
225.203
295.29
264.934
222.428
199.975
263.846
221.222
142.73
99.0824
53.9501
36.8299
34.9333
33.3732
39.7847
43.4114
55.9872
67.5377
66.4457
59.6767
54.4706
50.2844
52.294
65.9391
82.8272
88.8525
82.932
74.288
77.9337
77.7555
80.0577
78.7891
85.5946
108.079
121.027
125.543
122.378
127.552
156.477
190.716
218.936
202.052
194.915
197.713
199.262
200.204
198.43
211.797
214.149
249.975
219.616
208.305
207.151
206.824
231.619
239.693
223.7
214.646
121.566
135.514
128.783
117.807
113.108
108.641
109.329
108.642
110.763
110.762
122.673
119.794
110.156
123.109
140.677
126.128
117.278
121.725
116.571
104.026
109.466
190.054
236.819
224.447
150.502
110.527
76.1075
70.7037
62.937
57.4748
60.5449
66.0857
57.4432
50.4635
46.2657
56.1621
59.847
42.1625
38.1958
39.3418
36.4574
37.9819
44.731
44.0938
44.9311
45.9014
48.7131
47.1303
40.4944
38.6678
43.7881
37.0643
39.4864
37.017
38.1584
36.9925
36.7633
30.9
26.5817
27.7587
29.1144
29.0974
30.147
32.1264
40.1494
47.0119
52.9403
66.3943
66.3411
80.258
69.5144
72.6038
68.8465
78.3359
79.9345
81.2482
70.5612
85.6804
113.118
103.429
93.802
97.7922
91.8043
70.6359
65.8879
59.4608
46.1727
41.3888
43.4993
38.2582
38.6095
41.8245
42.9358
39.4798
38.7318
43.5685
44.6193
45.0836
51.4082
56.4549
61.3907
56.9297
55.4071
71.2538
91.2175
124.376
152.865
117.055
110.751
109.052
110.611
112.891
126.436
119.329
120.671
115.267
120.09
123.363
110.692
121.066
143.759
125.472
129.323
151.959
116.497
109.037
106.995
116.507
130.364
121.704
104.835
119.714
131.724
210.36
227.536
229.91
187.963
278.252
272.229
191.316
125.96
80.7855
67.0653
63.6622
62.5116
61.1933
63.6916
75.0432
74.4592
59.6339
43.9346
37.007
34.9768
34.0459
40.0987
54.7742
54.8243
47.6116
37.5284
37.5319
39.3137
42.8551
43.0331
49.1192
62.358
75.2718
66.2568
67.9552
81.4704
96.6076
123.972
141.127
122.834
108.129
110.107
111.221
116.366
111.26
110.298
116.29
155.013
126.435
112.26
113.66
115.325
146.952
138.405
122.292
118.597
42.0791
44.9477
43.931
39.2897
39.2063
35.4454
35.1952
32.0497
32.6399
31.7801
36.7691
39.8517
41.2912
45.2222
57.2147
58.3644
50.3317
53.0081
51.0206
54.7369
49.787
81.7724
87.2706
85.2413
69.727
65.7778
51.9234
52.7083
52.9009
50.3739
53.7185
56.1357
50.4625
46.5846
46.0321
58.384
67.1107
53.4799
46.6369
51.5716
45.8312
44.0521
51.9968
53.3966
51.254
49.3974
48.7229
44.1522
37.9927
37.2789
40.3159
36.3688
41.1495
43.472
46.7701
47.1625
46.4652
39.7147
32.3309
33.8556
36.4809
37.0753
36.3755
38.5825
42.7993
46.1248
44.782
46.8096
42.2818
49.0778
44.2879
43.9925
45.1542
43.7327
44.8981
41.9147
43.9615
48.7275
60.4479
61.6564
56.3056
56.9749
54.4515
44.3811
44.0137
48.9752
43.1742
38.8776
40.482
38.8362
38.6081
44.2607
42.5613
39.6225
39.8388
41.6702
47.1062
45.641
45.4475
47.8288
48.9451
47.2277
49.1397
47.8615
50.5439
60.1163
58.4718
53.266
43.325
34.944
37.1572
37.1709
37.4712
37.8347
34.6297
39.1854
40.9748
43.6599
39.5015
42.7114
45.2459
39.1354
40.2456
44.5145
42.1539
40.6528
41.6961
43.3366
41.36
44.6008
46.0056
47.349
52.4551
77.0653
85.2924
111.423
103.695
137.961
144.017
129.368
99.209
66.9331
56.7478
57.2326
58.9166
59.1855
63.5705
75.6709
76.9064
71.8758
58.2677
49.6698
44.2369
44.9951
52.5655
61.945
55.3434
46.1756
35.146
35.7025
35.2258
34.9258
37.209
43.7098
56.1233
60.742
57.6426
49.2073
44.4944
47.4262
52.7108
53.8317
44.4195
38.4457
34.788
34.9043
38.8148
38.7097
37.4163
38.3039
45.7768
40.8747
36.8678
35.8897
38.1605
45.7314
49.1368
39.9836
34.1093
37.1019
35.1058
32.6699
33.849
31.6142
31.2477
30.1293
25.0342
24.001
25.193
33.3479
33.8317
32.7955
38.7635
53.1747
65.3126
61.4962
64.5644
64.9518
54.7379
59.9776
124.775
164.627
191.059
134.909
122.322
96.5135
101.526
120.598
116.8
130.015
149.773
130.466
147.417
161.582
187.449
199.261
177.429
167.564
206.006
182.843
187.993
232.866
195.266
195.222
155.802
159.407
159.654
141.769
137.946
145.422
141.22
147.069
147.679
160.311
163.178
162.814
171.271
141.174
146.165
147.852
145.521
142.019
149.607
139.047
137.474
125.425
120.815
113.042
121.118
112.296
113.062
107.324
87.6249
76.9606
79.8911
93.0219
124.673
147.6
138.778
132.916
145.518
155.9
128.787
138.401
149.25
139.142
134.13
149.872
158.722
153.573
185.566
166.403
150.132
157.929
142.518
161.132
151.262
131.115
129.793
126.478
119.698
113.409
100.432
93.9115
88.2568
77.743
61.6211
40.9623
33.2699
29.1517
27.8449
32.0282
30.6585
27.2349
29.4684
33.0339
35.5811
30.9382
42.5354
52.526
35.0174
36.783
42.0766
41.8853
38.4601
35.6394
45.2172
37.4757
42.3168
45.7783
39.4066
45.4114
87.6341
76.2241
151.223
182.004
299.858
265.816
219.035
189.776
156.554
169.004
179.657
194.98
185.725
189.032
227.747
237.808
227.757
201.98
178.388
170.202
159.882
166.932
165.853
156.486
144.522
120.6
123.364
116.372
108.301
110.156
119.58
124.177
129.673
124.047
111.16
97.7847
75.6355
67.6225
56.6723
40.7958
33.1574
24.4072
27.2795
31.3987
28.9995
28.47
30.0394
37.2708
27.8296
24.9318
26.7974
28.0256
36.4943
42.1753
29.051
26.38
44.7218
47.7953
46.3608
46.093
45.6913
43.6338
44.4949
40.5299
40.9629
41.588
46.1617
44.6519
47.0101
48.7566
53.1878
56.7955
52.4285
47.5794
50.4462
57.2518
48.2054
56.6023
64.1342
63.0348
60.0159
60.048
56.3575
59.0488
65.447
66.0724
67.6587
71.1691
68.1057
71.266
75.0665
86.0943
93.1757
86.3937
81.6744
93.7224
81.274
77.1633
83.4179
78.0265
75.0351
66.4441
68.2677
68.8742
65.3033
62.3433
64.4817
63.6319
67.1601
72.5303
80.8669
80.8469
80.4571
76.6277
67.4071
70.473
71.495
71.2614
68.9448
70.8066
69.2316
70.5579
63.7849
60.0783
56.7873
58.1145
59.6448
57.4914
57.362
50.9101
45.5596
43.8896
50.5191
53.4661
60.5929
64.5749
65.7899
65.8982
73.9173
66.3575
70.6447
78.7134
77.2408
73.1665
78.5043
82.5526
80.7041
91.1525
87.3558
79.9035
85.8924
81.8656
86.5421
79.8089
75.5011
74.8511
73.3939
80.7881
76.9573
63.0414
61.6271
62.6842
51.7752
55.6409
49.2841
41.995
42.6113
42.5886
43.2592
41.2259
40.7129
41.9655
46.1405
47.7598
42.8245
44.2227
46.5699
44.4495
46.0617
45.0648
44.6382
47.6033
46.8162
45.3117
42.531
46.7903
47.8711
49.2983
54.8158
57.9057
51.1012
67.8876
66.5794
81.1927
82.899
89.3195
88.2942
74.7058
77.749
81.1478
85.7157
88.4804
92.8549
93.4419
96.4441
100.102
88.5282
86.1789
75.2043
72.9172
78.6464
81.5021
67.933
57.7889
50.5823
49.8781
49.5653
47.5476
49.2955
54.1246
67.8703
73.326
77.8131
58.9341
48.7024
49.8611
51.375
48.405
46.5897
46.6141
39.5466
39.5456
42.23
42.7442
41.7046
42.3932
47.0021
40.3998
39.8531
40.6946
42.3346
47.8153
51.2407
42.4724
41.7463
68.3333
78.1784
77.0484
66.8776
63.9022
61.938
66.8344
62.499
65.1976
65.6567
72.0048
72.2426
65.6336
75.6616
89.0448
80.5055
72.699
69.9837
56.1852
73.5375
77.6496
116.12
103.93
95.7457
70.582
58.3669
52.0423
56.961
51.0632
48.9761
53.8314
49.7495
50.493
48.1266
48.7567
65.9953
77.5929
64.6954
62.3502
59.01
54.6619
50.4897
60.1269
61.9164
59.7712
56.9626
49.4525
47.2445
40.6994
42.6379
44.8865
38.485
38.7131
43.1342
48.9348
50.7978
54.6798
48.6568
43.0392
44.1224
46.8964
44.1223
39.697
44.2631
42.8769
43.3972
47.4317
53.5134
49.9026
59.372
60.1244
61.4998
58.2661
61.5228
62.9981
53.0001
49.2064
53.2762
65.6931
61.3173
57.6261
51.7941
48.2338
40.6051
40.9572
43.114
44.6705
42.2777
42.9228
41.5895
41.3312
48.6847
50.1575
47.4393
48.1309
48.0862
51.6337
53.7755
56.0221
58.4063
58.1318
54.736
58.1394
65.4162
68.8761
78.6128
91.0235
71.6493
67.0909
62.0718
62.9852
64.1157
66.998
69.8964
67.0522
62.8818
74.9369
76.7889
66.7329
70.4932
73.8607
66.5517
71.3606
79.3924
64.3503
66.6368
69.4422
75.2258
70.8514
63.7305
66.8863
74.3346
81.9643
121.042
102.594
135.684
123.311
175.02
133.643
96.3493
86.0784
58.6279
48.5585
48.6775
50.182
56.1228
62.3803
68.4103
69.8085
65.2641
65.2528
59.7204
54.8022
51.1639
59.242
72.3786
67.8416
52.618
45.8404
43.2492
45.2964
45.0864
44.0337
50.3111
67.3036
70.5932
72.3845
63.7238
57.291
63.7639
75.3998
85.3363
75.0199
68.2457
63.3805
59.0088
60.9498
63.4914
65.0342
65.7177
78.0287
70.5943
65.3529
61.9427
64.7938
75.4789
86.9377
73.7242
63.7088
67.667
78.4522
76.776
68.0219
65.6412
63.832
68.4873
64.8639
65.0577
64.2567
72.2682
74.284
66.4653
75.0619
84.2996
79.6244
71.1548
68.6019
60.2981
64.4533
64.3447
88.7819
86.3324
83.1463
72.2356
59.8101
51.9363
52.5313
51.9366
49.1446
48.1184
46.7816
48.8053
46.6143
45.5624
56.8281
59.6725
48.0047
45.9623
48.414
42.3699
39.7671
46.6331
49.9224
51.04
48.5312
46.4593
44.8272
41.1338
41.9148
45.7024
40.288
40.9356
43.9007
48.7106
46.4795
45.9023
41.2416
35.4922
36.6803
38.6223
39.7765
38.7884
39.7051
41.3097
42.9001
44.6689
47.4613
42.706
51.3537
52.3164
62.189
54.6704
53.5364
52.7948
50.8766
47.926
52.4949
64.9264
63.4573
57.7599
57.2021
53.3914
44.0962
44.7547
44.2887
43.3894
42.2054
44.0231
42.8336
43.6692
46.7207
50.67
49.287
49.0762
50.0552
53.9787
55.524
58.3125
59.7185
56.2785
53.9489
53.7344
53.8763
54.4928
61.4295
72.7353
68.756
66.4439
60.7821
63.6034
64.3654
71.2136
71.5069
70.6996
67.1763
73.0199
78.2167
68.8739
72.36
79.4639
70.8173
72.1651
84.6058
70.3483
68.9492
69.0487
71.1346
70.7344
71.7995
64.6028
71.3373
80.5521
100.89
95.4781
102.909
100.961
126.384
114.007
88.4563
72.3272
52.0216
46.4412
47.3218
47.2583
50.014
56.0128
64.0273
62.9608
54.7435
48.3274
45.3829
41.8876
40.9885
48.9854
60.4795
56.7097
46.8482
41.308
40.6461
40.8659
42.724
43.3685
45.5207
57.4925
62.0504
65.0394
54.4626
48.2065
52.547
63.8511
73.4631
69.8604
65.05
63.3868
62.2797
64.4632
64.1296
63.1566
64.9157
79.5396
71.4571
66.5641
64.4147
66.0868
78.3849
84.6703
73.3894
66.7317
48.8085
48.4171
46.8561
44.2326
43.9258
38.5701
37.6435
32.7252
33.3609
32.2759
38.8858
44.0161
43.3447
47.3618
64.3427
66.9748
58.5782
62.8307
59.7567
54.9985
53.2649
116.832
143.938
126.716
95.6998
79.6751
61.0304
58.0836
59.8911
54.1285
52.0607
54.7008
52.4166
43.9589
41.4248
53.5668
63.4233
52.9977
49.2153
51.9899
47.2489
43.9977
51.7861
58.4292
51.4751
49.6176
49.581
46.1725
40.8446
40.7892
44.8487
39.488
43.9247
44.8786
51.0064
50.2575
52.6533
43.4844
34.0676
36.2824
39.1437
40.9743
38.8709
39.0727
47.2519
55.5336
52.7758
59.6344
63.2514
67.6926
52.3957
52.2344
62.2182
56.1673
50.2156
48.725
51.1233
63.0915
81.1212
77.5496
63.7665
70.7824
70.0044
59.3766
55.3606
58.5914
44.402
36.752
36.9779
34.6882
35.7722
41.9131
41.0455
36.7753
35.374
38.6387
42.1116
44.8972
47.2122
49.4053
51.6804
46.4266
49.0152
54.0934
71.1428
91.444
78.5409
66.7779
47.3595
36.1354
38.531
39.9457
41.8745
39.2567
37.4006
44.0687
44.2101
46.9589
42.7569
48.6872
51.13
41.9338
41.9088
47.7358
46.8779
45.0156
43.0124
47.9572
47.6519
48.7441
50.5286
51.0249
56.0513
91.8786
134.438
171.435
127.621
171.13
187.824
168.165
110.469
75.6968
70.7678
65.8709
65.079
66.2434
74.4972
76.2633
74.5867
70.1509
58.6402
51.8801
47.6451
46.2136
57.141
79.2499
70.4165
54.2106
39.9717
41.3242
40.3824
40.4829
44.2958
53.3259
70.6302
77.2939
63.596
57.6751
59.5422
63.633
67.6566
64.9734
45.1035
38.4672
36.5562
38.7281
45.351
42.9864
38.2859
42.559
47.1722
42.5111
38.9543
40.1153
42.7005
52.5424
53.0264
43.1971
36.0634
54.037
46.0258
42.2162
38.1347
32.3831
30.2079
29.7617
25.1663
24.8662
25.8112
32.1834
36.0742
39.2727
42.6935
62.8725
91.4752
72.4544
67.3484
78.4408
63.1743
51.1992
130.495
222.823
235.377
219.04
227.36
218.627
244.259
279.014
263.197
266.669
287.108
298.139
297.358
309.509
328.136
316.408
321.159
299.075
344.589
303.199
298.377
316.31
309.479
315.528
298.425
326.887
321.556
302.281
284.412
291.455
291.132
303.176
305.944
321.345
320.823
317.131
305.183
281.234
279.082
279.305
278.004
269.902
268.109
274.912
272.572
239.706
234.817
222.016
185.349
143.761
148.957
144.829
119.987
98.8286
103.991
143.378
167.251
185.094
188.557
189.331
210.535
230.092
221.191
219.978
251.482
242.156
243.421
267.104
268.935
257.441
260.961
259.113
247.607
234.032
240.251
243.893
235.155
220.219
219.957
191.066
174.469
167.139
147.036
165.594
178.223
94.1539
65.4922
42.7821
34.804
31.4308
38.2498
39.5506
33.6283
32.4831
38.7567
42.7205
44.7713
41.0998
59.3275
66.1157
37.0255
40.7183
55.7306
48.6768
42.5095
45.461
57.8192
40.8812
47.4484
52.7925
43.515
53.5169
92.3798
178.514
244.065
169.453
204.534
271.777
309.524
311.441
286.821
305.122
301.887
311.684
314.9
313.162
332.494
351.368
335.171
289.853
281.757
246.996
243.02
247.546
263.589
258.698
222.879
192.163
201.507
191.992
171.78
176.658
189.834
189.782
183.305
160.124
159.174
163.865
134.818
107.165
71.1726
37.0489
29.2864
27.7178
32.1879
36.5047
34.2771
39.6528
40.7046
52.4783
35.192
29.7979
32.2262
34.7178
47.1974
43.4266
32.7494
25.9615
62.4726
59.6515
59.7618
52.8119
56.4575
54.3609
51.1454
50.2039
50.0823
50.5426
52.7501
52.4081
54.9884
63.2339
83.3432
92.5914
75.8572
63.453
62.2045
60.2422
59.6091
69.4725
62.7056
60.6252
61.7506
62.2135
59.9824
56.1387
62.5933
59.5817
56.6627
58.7696
56.3223
55.4272
56.928
69.9691
83.1758
81.9269
72.4208
85.1785
70.2363
64.9757
70.1982
70.6701
67.4932
66.0217
73.4752
75.3239
70.507
67.1416
68.3333
64.6626
66.8208
71.9999
82.9407
83.7338
81.8891
74.4727
62.1913
64.6171
62.2299
60.4491
60.6333
60.0835
61.7699
66.7559
64.4622
64.4064
63.0465
65.4739
65.9375
73.0794
71.3371
62.5607
56.1433
59.6239
68.5231
73.6395
81.4914
77.2869
67.3302
68.4507
69.1604
59.5163
59.6476
63.637
59.9474
58.9472
62.8994
64.2223
62.818
68.208
67.4418
65.0361
64.1416
65.8113
73.5873
72.2231
75.8629
79.3704
77.6077
77.2518
73.674
64.0038
66.2166
76.7192
60.2964
72.4036
60.0068
54.2435
51.8733
54.5364
54.9682
53.243
54.5245
56.0116
55.0216
58.7102
59.3221
65.0661
65.5935
54.497
56.5813
58.7812
58.7163
56.0653
55.2834
56.2051
54.2503
55.1162
54.4978
57.0532
63.0319
63.2209
62.8816
78.3034
79.0595
94.7536
97.4329
97.0749
88.4871
65.6667
60.6788
58.2414
57.2607
57.5877
63.5798
74.7466
90.9511
93.7296
79.6562
82.4915
70.9501
70.8628
74.8009
80.4432
71.91
67.6481
63.1641
68.604
65.6557
61.2465
62.1065
68.8971
73.3463
78.5648
70.9404
68.0714
66.0869
69.3932
68.8042
67.5979
61.2579
57.5197
52.3084
56.9154
56.9083
52.2903
52.8232
54.3547
59.8629
51.5631
50.738
53.8406
56.6924
62.4679
60.4397
54.497
52.248
81.2751
84.2207
79.2712
73.6625
69.9291
73.9008
74.098
68.4002
70.802
70.7151
76.4438
76.8619
75.6641
84.1963
89.6795
96.8295
81.2242
70.858
69.6827
68.1175
63.2942
81.0649
71.7689
58.4261
51.3078
52.1109
47.1144
45.1238
47.1866
49.3539
49.5917
50.3195
48.6402
45.3383
47.2402
59.8561
63.9922
62.6046
56.8755
62.644
59.8923
57.2767
59.6348
60.0939
56.8285
52.8283
54.8294
56.4103
52.7244
50.7722
50.7126
46.4826
48.2762
52.0884
57.4482
60.756
64.9606
61.0501
53.9986
55.8402
57.1093
56.9356
56.4138
55.585
58.4132
59.7489
57.3754
52.0985
55.0864
61.5424
60.8464
66.0334
60.4162
63.4792
56.9851
54.1416
56.7893
62.0473
72.4809
68.258
60.1898
57.3886
58.4125
53.676
54.5805
55.0316
59.551
57.6104
58.4494
57.2479
59.0041
61.1558
62.1919
57.9753
57.5465
59.8717
62.9422
60.4236
60.0327
61.0887
58.2369
59.1786
59.5343
60.2481
61.2902
79.7711
77.2753
76.6244
80.2166
73.5228
72.2476
72.8291
72.0722
70.2039
67.4898
70.558
76.5838
75.3789
69.335
76.9107
79.0384
72.036
74.7239
75.1226
70.2312
72.0477
73.6438
76.685
74.9654
75.3535
72.4316
73.0826
80.2819
94.6555
82.7521
86.4046
78.5727
86.4104
93.6843
81.1646
73.8996
53.7702
47.8276
50.5141
49.043
49.0665
50.4582
58.9117
64.4612
68.5079
64.8702
63.967
61.1329
58.3033
60.0401
65.9481
60.578
53.4274
48.2862
50.9356
51.4655
49.5648
48.5894
52.8288
61.4718
67.1347
64.9541
61.0697
61.8316
74.7241
83.3178
79.7734
73.2102
69.1206
66.9203
68.1725
73.8237
72.0891
74.9163
76.5141
88.1668
75.4947
71.8477
71.3392
73.0807
82.1001
85.6523
75.8318
71.5063
125.984
145.909
133.888
117.232
115.9
109.826
113.036
109.456
113.599
113.861
125.481
124.164
111.594
136.819
164.418
143.773
116.437
110.705
99.4907
108.046
109.493
205.331
183.044
163.629
113.666
77.0207
56.8902
63.7163
56.7494
52.9586
59.3732
60.8917
55.9287
48.0256
49.9556
74.0156
87.5385
60.0846
52.9553
53.0614
44.8822
40.3853
47.2059
49.9364
56.2737
49.8101
47.1146
50.2658
39.35
42.6969
50.182
37.4917
36.1177
36.6759
44.1734
40.3545
40.4124
37.0649
27.2376
30.3541
37.4073
34.8692
33.2648
37.3354
40.7827
42.707
48.0178
58.1037
59.8547
90.7152
83.7438
85.1197
77.6977
81.4306
78.128
74.409
59.8338
68.9407
103.677
91.1595
81.3837
67.2165
63.149
49.711
47.7117
51.6729
50.4286
42.5002
47.4149
45.5651
45.389
56.6208
59.2724
50.5622
53.7328
52.1208
59.4739
59.4798
66.3277
73.2106
81.6489
77.3382
74.5969
86.7381
104.458
126.957
158.141
121.67
111.222
105.759
110.223
110.219
125.51
119.089
117.408
113.715
122.77
134.058
117.429
123.125
140.94
123.466
132.336
158.806
118.722
113.495
110.901
119.609
130.02
121.907
106.113
124.638
139.502
241.257
233.206
236.408
186.074
212.421
233.738
172.796
131.712
76.397
55.0806
53.1068
52.6881
60.5188
67.5773
86.9218
86.1506
72.4659
54.6314
49.1572
43.9588
44.8517
49.8313
66.9131
69.04
58.7631
48.9627
46.2043
49.5579
53.8313
50.4647
54.4572
71.1169
83.5432
85.4003
85.5437
89.2573
100.157
130.598
151.792
131.605
112.407
109.481
107.58
108.371
109.967
111.066
119.539
158.037
128.757
111.413
111.202
114.974
150.494
150.634
127.614
121.967
53.6414
54.1802
51.2584
43.9052
42.753
38.7094
38.1848
34.1049
34.628
33.922
39.0759
45.6467
44.5685
59.3915
99.0542
90.9203
61.1433
52.9727
49.8596
53.8678
49.5836
93.8276
100.79
92.7164
72.3555
66.6779
57.0251
59.3603
60.0963
55.4231
57.3167
61.431
61.2073
51.4389
50.5948
69.1636
92.9348
72.3276
58.8325
62.5779
52.7565
48.9787
54.9535
59.4807
56.1574
53.4327
53.5976
50.5027
45.5066
46.0738
49.3006
45.5949
47.8874
51.3256
62.1955
60.5161
59.0021
47.1233
39.4698
41.044
45.3022
45.557
43.7079
44.492
49.6278
55.9893
53.1775
51.7429
49.1889
56.8043
54.4439
57.8167
66.4611
52.5067
44.1923
47.4234
50.911
53.803
70.4622
75.0115
63.4271
62.806
61.9462
51.1975
50.5883
56.8859
50.6963
46.2374
48.0414
46.6389
46.6763
54.5675
53.3746
45.9759
43.7675
47.1463
52.8428
51.3054
51.9717
53.7851
55.3906
53.9393
52.1846
47.2707
59.6469
62.5096
57.5821
54.7991
43.2986
36.5562
38.0249
39.1076
44.3063
44.4082
41.2044
45.5343
47.9971
55.5151
55.7892
58.9491
53.0368
42.9925
44.7162
51.0153
51.0562
42.5985
41.5521
43.6953
43.8074
49.328
49.7039
46.7019
50.8524
82.1698
107.175
128.873
89.4461
112.109
137.784
148.488
115.779
76.6496
66.8463
66.0196
67.391
67.9683
75.3467
89.6103
104.698
92.0232
67.2576
60.3406
51.6958
51.6355
59.4198
68.1629
56.8067
48.1965
40.31
42.0712
40.2316
40.2236
43.4402
49.1946
60.1596
64.7988
61.0328
55.7174
50.361
52.7284
59.3642
65.8613
52.1164
42.0253
35.6527
38.8849
41.5149
40.4674
39.2695
42.9198
49.6144
45.6362
41.7895
41.554
43.0566
49.4496
54.0132
45.4888
36.7716
54.2898
45.107
45.8449
51.5338
39.4802
29.2194
31.2564
25.4147
24.8407
25.822
36.6592
39.9011
46.1551
44.7955
61.2057
82.3001
80.1626
85.9266
86.886
87.3696
78.7288
145.606
217.505
223.678
178.664
174.306
170.018
195.831
203.452
182.029
203.961
241.524
187.149
183.439
188.096
218.657
236.191
194.507
174.849
214.22
181.05
183.444
226.425
208.084
197.533
177.039
205.289
191.462
164.609
145.639
151.887
148.783
173.813
171.435
181.601
174.558
176.648
165.639
132.834
135.881
140.19
141.788
129.612
135.577
148.719
164.111
128.282
139.939
132.844
127.372
105.858
92.954
115.943
92.5684
90.8673
83.9239
110.814
133.388
138.936
138.776
146.944
174.579
184.4
145.12
139.064
155.133
121.258
110.679
130.819
139.141
133.04
165.215
147.406
127.082
133.589
124.274
135.838
128.775
116.232
117.574
107.599
108.536
119.154
101.36
112.334
134.135
104.281
76.9872
46.1101
36.6283
37.5415
36.2003
36.4625
33.7266
31.4722
47.3572
51.263
49.3199
42.2406
47.2613
50.5353
33.8998
39.4512
51.7037
47.0415
45.5874
52.5921
59.2527
37.7957
45.8189
65.4854
60.9858
65.6621
98.2488
144.221
213.536
179.525
269.5
302.873
342.516
353.767
341.122
325.543
327.363
353.231
326.772
316.611
329.598
316.515
278.363
220.235
199.858
184.628
179.926
192.547
207.821
177.252
154.986
106.459
116.57
103.001
94.5654
104.99
131.959
173.305
169.944
138.791
115.805
98.3001
96.0292
86.3588
75.2989
47.0118
37.4294
32.8656
34.2052
42.4836
37.3197
37.345
39.9736
44.5184
35.7547
29.3231
33.066
37.9454
44.9023
48.6527
34.4866
23.8016
52.4261
49.5953
49.1608
46.3911
46.6985
44.4602
43.4077
39.8404
40.3813
40.6365
44.0298
45.0204
48.3011
49.056
52.3381
63.0626
60.6388
60.5341
58.9733
55.6589
51.8163
64.5009
62.7933
59.4023
64.1704
69.0503
71.5929
71.97
77.3105
73.315
74.9019
84.3121
73.4267
69.0445
67.7994
76.834
82.6611
77.6234
72.7137
80.4552
70.727
68.4666
78.7505
78.8308
74.3005
72.9313
81.5575
81.6346
73.9386
68.7841
71.0747
67.1658
75.6321
78.5243
84.8931
80.198
79.7103
71.9254
61.4983
61.4551
62.313
62.2481
60.6219
59.8949
64.2766
70.3168
62.2081
59.6416
55.9655
58.2277
57.4376
57.0081
55.3701
54.8843
50.6391
48.4276
54.084
63.3045
67.5832
67.73
63.6211
68.1265
66.2112
58.3765
58.2184
64.7628
59.0624
54.6731
58.4173
59.789
58.8973
64.8883
62.8977
59.3774
57.7754
57.7404
62.1244
62.8736
63.9484
64.3314
63.6273
62.4932
61.0413
54.5201
50.1655
60.2031
54.2008
65.7285
51.8849
42.7265
45.3305
46.2747
44.8122
42.5409
41.3417
49.3108
49.7939
47.2909
43.9106
47.8009
49.2172
42.0301
42.6777
45.4209
45.8692
48.6186
48.4344
49.4427
43.7546
46.3975
49.2838
51.0568
53.7635
50.2837
52.9686
74.1261
75.019
88.537
94.7485
109.51
113.113
102.465
93.0302
95.4609
97.8478
90.5594
87.9854
96.1213
93.8192
88.1654
78.2231
74.199
68.1097
67.6663
74.351
81.2316
73.4942
66.8032
55.6252
59.2327
56.8306
54.4162
57.9074
64.7173
76.597
81.3517
69.3573
59.5342
53.0252
55.7883
55.3488
53.9466
47.0079
43.6007
43.0732
45.8384
49.7943
45.8886
44.1679
45.1716
47.5873
42.0105
42.31
43.9966
47.6546
52.2948
50.318
44.5518
41.5336
151.857
190.642
181.245
160.956
153.32
142.343
158.179
152.604
149.647
158.808
183.209
170.273
147.251
178.644
177.87
157.587
145.467
148.574
140.289
150.719
131.11
152.885
182.556
151.127
130.381
89.2701
91.2607
100.55
93.9973
100.395
95.4668
98.88
90.3895
89.8882
77.6195
117.796
120.984
63.2461
57.5853
54.9269
54.553
53.9134
64.9169
64.9959
69.8343
71.6905
79.92
91.1945
80.1951
78.1008
92.3301
72.056
75.4932
86.6604
107.717
92.7156
82.5393
55.8107
50.0222
49.5737
49.5892
55.7468
58.6651
58.3352
63.862
87.4615
86.8204
86.1292
75.2205
101.097
105.396
120.225
102.513
103.624
99.0111
89.4359
70.5918
92.1995
105.413
110.655
114.437
112.939
107.385
81.8217
91.6529
81.4461
78.6919
74.1428
73.8617
78.345
86.4946
108.51
128.995
110.339
125.585
120.453
98.9258
109.609
131.55
133.525
121.527
134.638
128.542
106.773
101.475
117.516
160.89
155.092
158.893
141.165
142.337
143.653
167.763
165.357
165.232
149.225
178.674
191.798
159.488
150.447
171.88
168.478
171.911
191.667
146.316
161.605
164.571
153.533
157.462
150.151
128.431
165.891
193.497
219.533
184.732
151.821
150.061
195.535
158.16
140.182
151.549
152.886
132.683
142.003
160.248
154.598
153.886
145.417
108.087
80.9529
70.3727
59.5081
59.6423
57.446
71.567
94.6208
82.3302
67.2126
50.9372
46.0184
48.0368
55.0943
61.2472
73.1323
124.642
148.523
155.312
103.399
77.2037
97.572
129.855
160.623
159.718
143.147
143.434
139.496
146.751
144.434
141.945
150.07
199.856
159.407
149.566
145.525
154.297
194.255
208.576
166.184
156
162.623
197.889
184.885
168.244
159.335
144.818
144.187
139.384
146.085
150.515
179.916
168.088
156.436
178.756
217.681
203.975
164.687
171.724
158.619
164.744
148.282
244.105
248.331
222.823
159.36
121.657
68.8054
73.0319
60.384
56.8939
62.7983
71.6667
69.165
57.5079
51.2114
92.3657
117.702
69.2115
49.65
56.9547
56.1555
47.2303
61.26
73.6569
79.1665
71.0069
65.402
54.0502
34.5554
36.9578
46.0985
37.5193
37.7414
38.8356
43.5954
44.634
49.1103
37.6057
28.8215
31.4231
39.2627
43.4962
47.3661
66.2467
70.2036
75.5591
70.4505
81.2722
83.7462
113.701
99.6942
104.016
109.426
121.355
116.171
101.717
89.9398
113.455
155.574
156.746
166.045
134.768
120.136
76.3083
86.4746
102.011
98.071
67.9605
66.7455
64.8241
72.5368
88.7387
84.1624
70.6689
82.3022
87.6755
81.8018
79.4938
86.9288
92.9577
100.471
108.359
110.826
115.447
138.967
182.58
211.64
155.207
160.644
148.772
151.619
145.827
157.774
152.05
152.386
153.502
167.412
178.047
150.486
155.993
176.251
161.441
173.804
202.892
156.918
151.515
157.246
155.876
168.617
156.395
149.786
177.973
197.938
320.724
303.22
296.531
222.735
342.593
360.483
249.999
166.205
80.7062
51.4439
49.6589
61.6376
93.0453
115.705
138.802
115.534
93.173
67.4506
54.9337
51.5361
54.6663
70.4309
97.5462
93.0196
64.7832
45.3037
41.6076
45.5071
53.9402
50.8379
68.9523
166.928
209.419
222.575
153.432
119.114
143.833
182.084
197.072
177.911
158.665
150.47
143.398
150.395
143.861
146.691
152.677
221.395
170.641
146.611
145.805
155.538
207.036
208.938
166.556
153.249
46.1194
52.7783
52.1501
47.7789
44.4882
37.5728
38.3281
33.2338
35.303
34.0947
43.3434
47.2207
48.7543
51.9652
66.2899
70.5031
57.0831
58.7258
56.393
63.432
54.5202
97.8266
95.7638
92.4351
74.6642
69.6098
52.2311
51.957
48.9285
47.2049
50.9094
52.7279
49.8253
44.5175
44.1559
59.6773
72.1833
57.1952
47.9548
55.4902
48.6387
43.8938
52.7056
55.7912
53.8931
52.3032
51.5739
46.4966
37.2654
37.0088
41.4929
39.0031
44.2661
47.4238
51.2004
51.5438
51.0541
42.0443
31.7423
34.0031
37.3946
37.9826
37.3636
43.2498
46.8369
47.4471
42.8706
44.1477
40.1799
50.4783
47.2676
47.6212
46.7502
47.5498
49.4622
43.9679
44.9951
50.1936
66.7732
70.9058
71.5939
63.1363
57.4453
43.9998
46.3528
56.3367
50.6938
40.7266
41.262
39.2677
38.5626
45.5377
42.0744
36.7514
36.9843
41.8563
46.4571
44.0882
44.1865
47.5244
50.2443
50.0131
51.2905
49.1279
52.4952
64.9606
64.6881
55.0925
47.5804
37.4319
41.9613
41.7505
39.9944
39.8704
37.8112
42.5462
46.1003
50.3215
42.8813
47.1041
47.4362
40.4041
43.016
49.1203
46.6514
45.1594
48.37
49.5718
44.5391
48.7406
53.5086
51.9842
57.6737
94.2836
108.315
141.504
112.655
150.026
165.393
143.768
103.887
61.9343
47.4997
46.9456
50.5664
57.8389
64.3604
79.9625
79.7652
73.9199
57.8801
51.6846
43.9374
46.0497
58.2276
67.2095
60.5288
47.8528
37.1887
37.2103
37.329
38.4808
41.5869
49.0449
74.6002
82.7382
83.8121
63.2266
48.2817
52.1416
57.3558
59.7809
49.7564
44.4854
38.4426
36.6241
39.8304
39.0934
38.7811
39.2226
48.8451
44.8899
39.4148
38.2895
40.5632
49.5775
57.611
45.7552
38.0146
48.1574
40.0373
36.8417
56.1741
35.8701
33.2202
31.203
25.0184
26.6505
25.5231
32.4677
36.7143
39.3017
35.5814
46.1732
57.464
63.9692
76.5
76.0212
56.0701
46.767
97.376
139.825
161.46
154.509
159.959
149.117
179.501
198.215
189.747
200.368
211.222
213.194
220.34
231.139
253.878
271.038
253.633
248.677
303.649
298.595
279.084
296.737
265.755
249.235
221.326
236.015
237.377
220.927
214.269
222.184
222.19
228.72
235.474
255.615
281.959
291.935
310.272
283.969
304.539
300.245
301.321
299.994
319.51
310.278
312.205
282.514
268.152
264.341
268.242
238.94
238.496
225.171
165.63
126.44
132.262
166.897
189.704
209.024
225.291
226.391
264.539
312.772
306.366
332.951
333.57
320.552
293.9
295.833
309.288
299.114
333.988
309.328
279.665
306.734
284.735
295.575
260.248
229.844
227.539
221.405
219.483
192.934
161.678
158.366
138.037
85.8406
63.4953
42.9553
33.6538
30.858
30.7596
34.183
32.4473
28.5899
37.6611
38.2245
36.6361
32.3308
45.2766
56.0342
38.5037
36.6445
41.926
39.0164
38.3372
36.4488
52.6379
38.3177
39.0821
57.5042
45.5971
44.1793
74.0364
107.475
179.828
163.794
187.371
211.983
237.097
246.781
233.725
278.298
277.314
297
311.559
303.459
284.131
287.455
287.441
264.369
270.706
258.953
250.693
258.934
269.869
238.123
204.074
176.226
175.8
170.934
166.458
174.705
189.779
216.166
228.192
210.092
177.106
164.237
134.719
110.947
68.9096
39.6681
29.1434
29.4544
32.0956
37.9115
36.2869
30.5582
35.8586
36.9007
33.5679
31.2538
33.6895
33.2446
42.9538
41.42
32.1623
27.7889
49.0013
51.727
50.6738
60.2424
47.7264
47.5129
46.0955
38.961
42.7976
42.758
46.6337
47.3376
48.9533
48.3107
52.6853
52.4506
55.3592
59.5273
60.4213
47.3122
47.2903
53.5104
52.5086
55.2072
58.3213
67.9295
65.3561
80.2118
97.6972
96.7134
103.97
110.088
97.459
113.513
124.597
141.591
171.648
150.462
145.769
188.557
194.459
174.236
188.137
147.204
136.27
109.708
112.419
118.083
113.162
108.44
111.663
112.489
113.629
123.809
141.765
176.273
184.651
215.414
194.172
216.751
212.027
208.397
212.058
240.406
219.455
215.223
204.481
180.255
175.49
195.921
190.916
197.928
165.216
119.482
95.7592
100.061
117.135
117.027
128.696
161.321
166.777
188.896
234.985
237.065
267.683
257.578
259.122
236.394
233.27
247.109
235.808
272.3
248.363
217.974
251.636
224.732
235.517
193.45
162.813
159.899
163.577
168.573
142.153
117.237
94.9598
74.5829
58.7002
58.675
53.3664
43.8475
45.455
41.377
41.9951
39.8755
41.675
45.6495
46.2489
42.9795
41.1054
40.5915
48.2106
47.0366
44.9374
49.3116
43.1453
44.9862
43.7682
49.1705
45.3009
48.3901
54.0364
50.0761
51.9356
60.5852
56.6292
74.3428
66.429
76.9049
91.4961
120.228
139.929
128.788
161.071
160.629
166.545
165.371
151.85
157.221
172.306
171.795
170.772
183.279
177.393
164.826
166.434
148.592
122.002
111.073
101.362
101.752
101.118
99.8557
102.405
108.453
119.429
132.406
141.801
114.74
93.2474
81.5198
76.0852
54.928
47.7216
41.79
44.0204
45.2315
49.353
47.7741
42.9701
47.2575
55.7484
48.3331
44.6631
46.3651
45.493
56.3151
54.8271
45.2449
43.411
94.7156
106.866
95.6849
91.9976
90.4393
87.5551
98.764
94.4954
91.103
93.5498
99.3329
94.7449
88.9792
101.775
99.9985
91.5455
85.0414
72.7026
71.9391
83.4583
76.5395
84.5369
85.334
86.3828
80.4594
64.8265
65.8712
62.719
61.6382
65.3869
65.0559
66.9782
68.7935
64.0049
63.7534
72.44
70.7031
65.1276
62.6254
59.295
59.577
61.2804
67.106
68.196
69.6737
65.5495
61.0832
59.9734
58.3155
60.9962
59.6737
53.084
54.0112
56.5524
59.8594
59.4574
60.4832
59.7517
57.889
57.9418
57.5567
58.7083
59.6181
58.3987
57.2009
60.62
63.513
62.4868
59.2694
66.4231
66.695
68.7031
67.8743
72.0753
67.0569
59.7842
56.0235
63.6327
68.077
60.2953
56.9768
56.2021
59.3838
59.9635
61.7665
64.6502
68.391
63.6027
62.7305
66.1008
67.4278
68.1491
69.7405
66.3736
66.8486
63.9047
65.6291
68.5638
69.4016
66.083
62.691
65.1982
65.6222
63.4148
65.5124
78.9369
90.6911
88.818
89.432
84.4875
86.3309
90.5355
97.8488
96.5394
93.3228
88.257
103.482
103.066
87.6238
98.0053
106.646
95.5746
100.843
109.262
93.7729
96.3667
93.8849
98.6682
96.8343
90.7733
87.094
103.048
109.707
114.441
96.7884
96.3257
111.825
104.098
80.2931
65.9058
68.5176
65.2492
63.4037
67.8762
70.2059
76.09
80.5748
76.2687
69.8342
70.473
66.9624
64.1177
64.0251
60.0906
64.2882
76.342
76.4946
66.4919
62.807
59.1384
61.1489
62.1689
59.6969
62.5899
73.833
82.3257
77.1689
64.1835
60.3673
67.8253
86.2379
95.7371
89.5135
87.3427
82.5806
81.5583
85.7503
87.5481
88.5921
93.7922
107.062
90.959
87.2006
87.3434
90.363
104.81
108.918
94.1869
93.0783
203.169
219.248
213.215
186.337
195.396
187.924
223.146
220.298
209.823
217.977
250.499
223.387
194.287
211.271
227.322
224.415
229.293
191.47
161.154
186.01
165.633
225.831
238.437
218.195
208.786
155.625
126.072
107.106
83.5989
74.4728
74.1796
75.0754
80.7342
67.8682
60.9863
81.8237
87.7237
64.5826
61.7659
54.2939
42.5835
38.5949
53.0298
71.9281
80.1911
91.9615
92.9623
91.7204
74.5406
82.3226
88.655
69.0786
64.159
58.508
56.285
45.024
40.9285
34.8521
28.9907
31.3501
32.0211
31.808
32.3278
40.6878
38.9687
37.4395
39.7764
50.9898
56.9438
72.6343
70.2054
74.9757
90.9999
100.813
96.1419
86.3639
76.7065
99.0948
124.583
102.16
85.7669
71.8776
62.9958
50.9528
51.8799
56.2757
63.1653
54.0504
53.8347
61.0853
68.5609
85.6369
85.2555
71.181
87.6416
79.68
78.3829
79.1209
81.1173
84.6848
87.4192
98.472
108.658
107.991
144.798
186.019
213.818
209.803
222.6
204.871
193.85
205.274
218.788
208.268
206.223
194.094
216.354
234.722
199.702
223.382
234.868
207.158
223.001
242.43
215.072
214.83
223.577
213.97
209.788
203.964
177.587
219.637
251.01
286.283
294.97
261.737
261.548
299.119
246.703
169.174
104.989
80.6971
67.6584
63.1848
63.5048
75.6688
90.7698
81.751
66.9121
65.09
54.641
45.4461
42.4352
41.1241
58.0476
106.251
129.362
111.448
105.172
104.446
109.024
117.444
114.248
122.038
148.263
161.377
142.936
120.935
127.51
134.838
168.149
211.209
187.668
196.838
186.626
184.834
192.173
189.031
197.262
195.348
229.457
205.082
188.386
188.716
195.752
225.529
261.692
221.692
206.433
43.5616
46.1062
49.0819
44.1738
42.9054
39.1664
40.7999
36.9342
37.211
36.8095
43.5119
46.9659
46.2616
45.3982
55.276
61.7578
57.1562
55.7861
52.6463
50.0477
45.3295
69.2578
72.8573
72.1753
61.8786
58.1571
47.8022
47.2789
49.2217
46.9329
47.2517
48.6562
47.7276
45.7087
45.6044
56.7497
64.0731
56.9065
54.0196
62.877
50.7995
46.9669
55.5743
55.9103
52.1187
47.2089
48.5963
46.569
41.6185
39.728
44.1999
42.4061
45.2027
49.8244
57.5616
57.2913
55.2396
48.5867
39.2312
41.0701
41.3007
42.0976
42.5203
44.0954
45.8025
45.2043
40.884
42.8563
41.6196
44.1281
42.855
47.95
46.8037
45.773
44.127
43.1919
46.7593
52.303
68.185
65.5948
59.0843
61.4675
56.5427
44.3016
44.4909
48.8505
45.8641
42.1271
44
43.9886
43.889
50.1228
47.1737
44.6462
45.4755
46.962
53.775
50.7875
50.3863
50.7752
49.4389
50.9295
51.5764
47.2811
51.6109
60.6447
53.88
53.5064
47.2286
40.2771
39.7277
40.9684
42.041
40.4444
40.238
42.0888
44.6808
47.0303
43.3716
46.4328
49.2412
42.0351
42.6091
47.4156
45.6695
44.9748
46.7295
47.4623
41.8911
48.5723
48.8123
47.4528
54.5077
64.8357
71.1871
94.9805
87.7578
110.666
114.544
100.156
76.9076
55.0573
51.7544
51.3904
52.71
54.5302
62.9071
72.2111
72.3815
70.6848
61.5829
58.0918
51.5691
49.8496
57.3282
68.12
60.1452
47.4092
39.07
40.0587
38.8509
37.8207
40.5339
47.8268
63.881
74.8851
71.5425
52.9249
47.5803
49.7619
53.2664
51.3971
43.3639
41.752
38.4198
38.862
41.8194
40.7356
40.666
39.6613
46.84
42.1908
40.2506
39.8628
41.2739
47.4841
52.8812
45.1884
37.6036
40.2754
43.8087
36.0204
39.3943
35.8645
36.3319
39.39
32.2186
28.1063
28.4004
39.3779
44.2822
38.4965
50.029
65.6509
66.8158
62.6305
60.2083
61.8226
52.1717
52.037
119.956
242.874
266.726
191.22
177.421
161.783
180.357
206.483
210.653
234.944
274.184
247.745
272.734
290.888
326.504
346.665
307.207
294.378
344
318.403
324.104
389.041
328.777
331.096
273.117
274.364
270.839
247.754
247.123
260.531
257.111
262.348
263.286
282.494
288.534
287.943
308.021
270.15
278.432
280.158
272.356
272.305
287.491
260.633
249.252
230.644
212.735
210.417
208.21
184.219
188.185
172.145
138.044
97.9413
99.7831
117.301
156.666
190.417
199.329
195.033
203.754
224.827
219.319
245.463
270.514
271.026
258.97
277.713
295.646
290.986
333.449
304.811
278.392
289.256
259.542
278.385
261.942
225.634
222.227
210.539
186.44
171.336
155.205
160.581
155.746
96.979
60.4148
41.8592
36.474
29.8914
27.1882
38.7331
34.748
31.6057
34.3411
40.7981
43.0824
38.522
52.0324
62.6151
41.2617
42.5916
54.8613
54.8458
52.3408
49.6979
60.214
40.1633
55.0409
58.2644
51.9347
51.7298
93.3838
152.58
230.048
194.737
300.169
297.687
288.618
274.322
263.128
291.504
305.452
327.346
310.333
304.585
359.686
368.574
344.253
321.526
287.636
283.411
260.982
264.376
253.955
262.838
237.969
206.847
201.926
191.191
182.894
184.112
188.065
189.894
206.903
205.251
182.704
163.19
114.676
98.2016
66.7061
34.8365
32.1467
26.928
25.1861
29.7279
30.9319
33.6742
31.2327
41.569
27.6864
24.1433
23.3032
27.3956
36.0526
49.4249
35.1116
31.9348
38.0888
38.6707
35.7267
37.2547
37.3683
37.8262
34.2487
29.1438
29.7876
29.9133
35.0898
35.8374
37.3751
43.7241
56.032
63.4455
59.4667
55.8104
55.4797
51.6091
55.9161
118.912
182.776
177.295
125.041
112.165
95.0908
104.08
125.76
119.987
131.705
156.284
132.252
153.873
168.581
190.389
201.803
179.096
167.654
210.502
184.612
181.932
217.753
179.392
176.797
140.603
145.675
137.712
126.527
118.044
123.011
125.059
134.392
137.072
149.798
159.804
160.427
175.769
149.872
158.825
160.311
154.981
153.381
169.002
156.698
152.748
143.203
136.502
134.306
128.054
111.011
108.473
96.7415
76.5624
66.5665
63.0108
80.4141
89.5043
106.825
124.936
125.697
138.809
159.43
147.99
162.566
177.66
171.909
163.335
181.067
192.095
187.018
216.182
194.017
177.566
187.742
167.82
187.092
167.855
141.336
139.109
129.796
119.513
115.518
107.449
113.759
129.225
90.2548
60.7918
42.661
37.1169
33.6888
28.1769
30.2822
26.7062
26.4092
31.8181
31.9083
33.1761
31.7425
35.569
40.4645
34.8089
35.4922
42.4852
42.7322
42.2444
42.6605
46.6182
38.3997
46.4952
50.7555
44.9235
47.8861
91.2574
123.34
172.235
144.28
229.587
241.072
222.037
198.545
170.014
183.505
186.457
195.929
183.688
185.144
224.355
236.367
226.226
203.498
187.962
173.815
156.992
158.952
152.349
137.038
118.946
92.2003
94.7568
86.7299
77.7437
78.6171
85.9136
98.4316
103.664
110.216
99.4405
90.233
81.9051
76.8483
60.8731
39.2127
35.5912
32.3109
31.2476
33.1443
34.2823
36.2969
35.7771
44.213
31.8369
27.1257
28.3131
31.5092
38.903
42.5382
31.6791
31.1006
47.6408
52.2551
49.7958
45.9512
48.5417
47.4106
48.2437
44.4396
44.9897
44.9789
47.9521
47.5188
46.8224
53.3843
58.0684
59.3593
56.7012
51.723
51.8963
58.3919
53.7626
59.2829
66.5569
61.4606
57.0127
56.7718
52.8665
57.7751
57.6466
57.9787
62.0078
65.9006
56.3459
57.1546
59.608
71.0853
77.8521
67.4854
63.2114
69.2364
60.9237
59.2561
66.2045
62.8166
61.487
56.4996
57.5802
57.5056
54.0801
52.7505
54.4854
50.75
54.3921
57.7258
63.7021
60.4326
59.8075
55.844
48.6575
49.9719
52.1207
52.2787
50.18
50.2173
51.6881
54.393
52.6216
51.1923
46.9015
51.6566
55.1538
55.0798
52.6607
49.0855
47.0613
45.2739
47.8258
50.7812
54.0555
57.2617
57.2227
55.6085
55.8479
49.347
50.5457
55.402
54.7241
52.642
57.3754
59.4241
57.9633
64.3689
64.4801
60.3002
62.3339
60.5451
65.2191
64.0446
63.178
64.2598
63.7704
67.1326
65.4206
58.7557
55.0616
61.4127
56.579
59.8785
52.1456
46.5004
47.4144
45.5914
46.7725
47.2945
44.7916
46.5093
50.8789
51.2847
47.0805
47.2925
48.4296
48.1409
49.727
48.9838
46.5113
49.3331
49.191
46.6344
46.1761
48.0539
47.4568
52.3798
55.1678
61.115
56.0858
62.6579
65.3078
80.8718
74.5521
81.0764
85.7006
78.3574
72.0342
74.0204
76.1248
72.1978
74.9639
81.3288
80.5599
79.0408
71.4806
67.9702
61.7204
60.7219
64.3181
66.4706
59.1537
53.1942
46.3768
46.7435
45.7959
45.6434
46.6051
49.4929
56.3214
61.2432
61.6348
52.9904
46.0147
48.059
52.4892
53.8059
52.4507
48.4114
44.2553
43.9402
47.2532
47.1093
44.8594
45.5407
52.0723
46.6742
44.4303
43.969
45.4252
51.2647
54.5866
46.0726
45.6518
244.511
253.926
240.889
235.97
212.501
209.221
221.393
221.152
222.19
226.698
244.34
242.31
223.405
235.162
250.712
234.186
216.544
209.111
186.719
177.427
190.578
258.343
287.466
243.021
170.762
136.29
97.7013
95.4889
79.6774
70.5995
77.5159
80.9058
71.1063
56.9788
53.2193
69.6627
79.2435
53.3256
46.1271
47.803
38.9787
35.6398
46.8366
56.1425
60.1365
61.9001
66.0941
63.7779
51.0433
53.0497
58.463
43.7463
47.2103
47.9335
51.862
46.0194
43.2772
32.942
25.928
27.1654
28.889
29.9259
31.1504
32.5851
40.7023
48.8375
58.0906
78.5538
86.4505
112.5
107.36
115.739
124.43
132.489
137.77
134.635
120.274
140.572
160.144
132.599
112.274
108.818
100.764
74.4207
64.4588
52.4652
41.1447
34.8053
33.9418
29.195
29.9576
33.2168
34.1827
31.4176
32.621
35.1223
39.7686
44.0231
54.4688
63.8853
73.6306
66.4132
70.3249
93.9935
130.326
188.534
232.116
206.766
210.198
212.01
215.074
212.4
222.684
221.26
219.642
208.994
234.407
234.926
207.423
223.465
242.377
216.948
218.09
248.296
217.944
211.661
220.146
244.407
241.056
223.807
206.832
219.061
243.601
294.153
314.819
272.727
237.906
305.7
281.883
207.282
141.657
108.159
91.1123
87.7751
86.5982
83.0225
90.4246
96.8913
90.9859
78.6427
58.9618
47.7878
43.9487
42.2015
55.8815
81.1485
90.8526
85.5102
73.4919
79.5288
77.7974
81.7066
82.1014
92.9351
110.276
127.164
103.875
108.725
124.659
153.21
183.191
222.121
208.903
193.148
201.474
206.423
210.695
213.863
224.15
234.623
259.534
235.768
225.636
221.459
218.348
244.695
248.265
237.843
225.452
46.3715
48.2823
46.3308
43.7654
43.0124
39.7191
40.0442
36.8369
37.2895
36.8257
43.2495
44.9844
44.8695
49.9961
59.9548
64.3005
53.5492
52.489
50.5152
52.116
49.5053
94.2096
97.7715
94.9069
73.1271
63.0199
49.6275
47.7924
48.7408
44.6285
46.3834
48.3454
47.231
43.6608
41.0592
51.9332
58.6298
51.1063
46.6562
50.8724
46.7609
44.1318
50.7143
51.1761
49.0249
47.2548
46.9107
44.9932
39.5826
38.7029
42.7169
39.2492
40.9614
44.3736
49.0602
48.8901
48.3315
43.8559
37.4576
38.8109
39.8934
40.3218
40.4372
43.8759
44.0538
46.2992
46.2319
47.5837
45.4516
50.8153
45.5969
48.455
47.8427
46.8694
45.5324
42.6411
44.015
49.2703
65.0867
64.4273
57.0653
56.0604
57.451
50.4641
51.1091
53.7709
48.9234
43.9346
44.5705
42.7461
42.7382
47.4741
44.7715
42.1125
42.4643
44.1063
49.1852
47.2604
46.3425
47.2364
47.6301
45.9709
46.6726
48.9287
55.6449
64.9093
63.3283
53.7444
45.5619
40.4952
40.7468
41.8145
42.0092
41.866
40.1558
42.4067
44.0475
49.4636
44.201
48.8503
50.5542
43.8323
44.3531
47.984
45.6955
43.1899
42.9219
47.303
47.1059
47.9161
49.9671
48.2318
54.217
91.1477
100.708
129.25
97.8409
138.494
142.231
115.125
83.2135
54.8528
49.1131
46.9374
46.3225
48.194
51.2428
63.0269
65.6499
62.7242
55.5021
49.3889
44.1547
43.1066
49.692
59.9628
55.1623
45.0148
37.0629
38.5481
38.2209
37.5964
37.9668
43.7382
58.251
62.0213
62.4629
52.1602
46.753
51.0497
55.7854
56.4673
47.6538
42.2116
37.6843
38.7534
41.4417
40.1724
41.1771
42.1958
49.3044
43.4886
40.2488
40.0541
41.6547
47.3448
52.0447
44.2534
39.1862
47.271
48.25
57.295
52.7046
38.9016
34.5298
37.512
30.6643
33.6692
30.4589
39.7729
47.3848
51.6207
41.3308
53.7991
62.7013
59.2129
68.1554
64.705
65.4255
61.4721
99.4839
128.214
143.184
121.745
124.507
109.23
117.033
124.489
120.553
123.431
137.684
131.674
124.596
125.633
142.55
152.656
137.215
125.398
148.953
121.217
119.932
137.064
136.209
126.151
118.121
127.581
120.637
108.986
99.4802
106.123
106.397
123.44
128.368
140.959
133.153
130.397
110.434
97.1385
100.386
103.629
105.631
99.6207
96.4319
109.058
115.81
95.0267
100.927
87.9195
84.0543
72.5608
66.2114
78.5925
65.9326
64.3793
63.8784
73.3501
88.5425
100.486
100.782
99.6448
118.872
121.595
95.433
99.9535
111.312
95.9017
87.326
94.3598
96.2876
95.7261
108.421
105.345
100.767
100.4
100.255
109.544
98.2418
95.9259
97.8206
90.0619
91.1964
94.1441
77.3972
71.1572
76.3792
66.2793
58.8229
43.8855
32.3652
37.1692
38.42
40.7188
40.1502
42.4943
45.5778
50.886
50.4616
39.7342
47.7025
55.5182
40.931
39.4483
50.2271
42.1615
46.3219
51.5691
54.2799
40.4723
54.5515
52.3261
51.7078
64.7489
81.009
87.7647
139.711
132.643
200.407
192.131
190.039
182.788
154.858
162.804
174.28
191.129
195.8
195.876
186.103
184.47
179.708
140.277
128.301
109.327
111.55
126.99
141.224
112.165
92.79
70.1154
70.985
64.3259
62.297
73.737
93.3368
124.616
123.731
97.8335
78.7463
61.6773
59.1531
57.1793
53.4949
39.7244
35.3461
35.2408
36.6317
43.3428
43.558
37.8407
38.3252
47.0363
40.009
39.1206
43.1038
39.2981
50.1555
49.4887
39.6818
31.551
46.766
44.0952
42.4734
49.315
34.0401
30.016
31.2589
27.1712
28.244
29.7872
38.8548
40.7731
40.01
39.3174
48.3769
55.6825
57.7191
66.8176
66.5458
65.559
64.3994
137.429
200.5
211.431
167.85
167.157
147.695
169.325
177.847
163.588
180.461
202.408
181.198
176.969
181.887
202.161
207.637
178.973
165.615
193.397
167.931
168.52
191.337
182.4
174.148
160.099
174.541
161.463
146.548
133.469
140.446
139.828
158.494
157.114
162.445
160.728
164.311
157.085
141.001
145.263
147.049
148.327
139.877
141.608
150.572
156.549
132.347
140.321
127.904
120.027
98.8214
87.4212
103.727
77.9075
74.6173
69.6552
89.5251
106.062
115.628
122.443
123.826
151.007
165.938
144.602
149.712
162.906
141.363
128.72
142.555
147.747
145.595
162.418
153.296
142.035
146.206
137.719
144.124
132.33
118.296
118.912
106.78
101.651
108.166
97.8998
104.314
114.833
94.6103
57.3787
37.5577
33.1835
33.9013
33.2689
35.4273
35.0659
34.1171
38.9237
46.5769
46.0019
36.2511
40.7698
50.1736
37.2139
39.1466
49.3984
37.483
37.9761
43.9858
54.5939
40.2887
42.0217
52.5551
49.9701
56.2565
103.524
138.74
200.826
167.925
242.524
264.231
265.26
255.89
244.746
254.693
259.778
278.595
274.114
267.518
260.483
245.751
225.948
180.846
165.692
149.46
145.064
154.05
172.448
141.861
121.892
84.5358
89.0412
79.7267
74.9038
83.3284
103.176
138.818
135.226
111.433
95.6094
81.4939
76.1437
69.4862
64.3926
41.7298
33.516
31.451
31.6446
35.4014
34.6683
33.6747
38.2581
44.6524
36.1958
31.2042
33.1741
35.2494
44.3888
46.1703
34.6559
27.4679
55.5608
52.323
50.6434
54.9651
50.4449
45.2503
46.6747
41.5756
43.7522
45.2649
48.0463
48.155
51.1634
52.6659
56.4863
61.5192
64.0237
65.8241
65.1286
63.2543
61.4203
72.319
87.3156
81.1747
74.4819
87.6071
93.8307
115.442
119.72
111.848
126.541
138.107
107.223
105.48
107.014
124.351
135.509
109.323
103.518
118.336
109.759
109.153
126.225
114.464
107.943
94.9508
106.979
105.133
94.6294
87.3529
89.163
85.5337
95.1262
94.5874
99.8914
102.067
107.331
104.517
89.4854
92.8721
96.033
97.2804
91.8461
91.7298
94.5426
99.9272
83.0269
80.2613
78.0206
82.9767
80.418
73.881
83.1891
67.1859
62.5983
61.2655
72.9473
80.4343
82.483
88.0395
83.5921
93.7423
104.623
91.2956
93.2405
98.8325
87.6107
84.1058
92.7719
95.2193
90.8932
105.518
100.17
91.1825
96.164
88.6743
98.2194
90.7728
80.8136
82.601
79.3608
79.4845
81.765
73.3144
66.0923
73.4009
66.5332
63.5891
52.8969
47.3592
48.5524
44.745
44.8674
42.9601
40.7467
49.3468
54.0723
49.1652
44.9984
42.7983
44.2682
44.8277
46.4378
49.2824
45.0871
45.4742
49.0611
51.7822
45.1486
46.876
53.8627
56.0298
59.3285
58.6413
61.2689
76.448
72.705
99.2898
116.142
159.429
184.792
192.058
185.484
188.742
194.831
173.551
167.443
170.731
156.793
139.131
122.442
111.642
109.13
105.398
110.178
112.292
95.4346
89.6531
71.06
75.3816
71.1366
67.9967
71.6929
83.337
98.2643
100.482
84.3325
71.0769
60.9854
60.1387
59.9208
57.5104
50.6963
43.4783
42.5861
45.2019
51.2142
48.9938
48.1661
51.7663
54.7111
48.3686
45.4731
47.9725
49.5749
52.6535
52.9995
45.5781
41.7999
68.5634
85.5048
88.3916
74.3982
72.0378
73.0197
80.9226
74.0145
73.5852
77.4188
85.0448
84.7812
73.2116
80.6747
78.8063
71.4267
68.5389
70.1627
69.2924
68.0491
66.6982
74.5179
78.9387
72.597
68.685
56.1067
54.1574
56.4814
61.599
64.8325
58.7362
65.1909
69.5875
60.4866
55.562
65.1996
72.6995
64.8982
59.5174
60.0129
61.0197
61.4821
70.3122
77.8405
77.0205
81.7532
75.4532
74.1126
68.8429
67.9958
73.0946
67.6131
68.1425
78.6957
91.1216
79.1338
74.461
63.0732
63.7983
60.0183
60.8953
64.3714
63.6331
61.986
67.3265
69.2332
65.7386
61.8131
59.9404
65.8322
65.8816
69.4753
70.116
72.3487
64.4624
61.5183
58.7283
68.1229
68.3423
65.4205
61.3606
64.5956
64.9037
64.866
71.7214
65.0698
64.0301
62.6125
62.9934
65.2763
66.5517
69.2868
82.0278
76.862
81.7725
78.6093
71.9556
78.7566
83.5002
80.1947
72.1442
74.5532
74.6974
71.6491
66.3338
70.3462
75.3547
73.3286
79.0329
72.3596
72.1745
78.1863
78.9126
78.8371
80.9071
69.6157
87.8183
86.0865
81.4145
79.5406
80.2665
80.0865
83.7686
88.7234
73.1819
76.0014
80.6807
77.3567
75.7578
78.1975
65.8592
78.4352
92.9746
99.6947
83.4343
84.0343
87.4304
80.8955
70.9963
61.0903
64.6254
68.4441
71.7306
73.6605
85.2515
87.9935
80.7056
75.4594
77.22
69.2709
66.6658
64.5282
66.1269
66.9491
72.6722
86.7377
82.5683
69.1145
60.1908
57.5076
58.4487
61.5383
62.1795
71.4467
88.7491
97.4357
81.1605
68.0461
61.3854
65.443
76.3348
74.8014
75.2515
76.37
72.5739
68.3918
72.8733
71.4327
71.6428
73.6189
93.5611
76.9922
74.4638
72.7296
75.9995
84.9248
93.1455
80.8878
73.3646
47.4252
52.4741
52.0869
49.4289
48.587
45.6444
46.034
43.4326
44.0753
43.8567
49.2435
50.2095
50.2239
51.3543
57.5065
58.9543
54.5454
55.3637
53.2789
57.3849
50.8055
62.6747
65.7236
63.6663
58.7406
57.709
48.8138
48.3138
46.3559
45.6046
47.2991
48.1411
46.8086
44.9877
44.3088
53.1543
59.7953
52.4355
48.7222
52.5233
48.0929
45.7992
49.3404
51.6818
50.8683
49.3994
49.236
47.4261
43.0895
42.5822
44.9897
43.151
44.8944
45.8946
48.324
48.0288
48.4737
44.1998
39.7941
40.9445
42.6315
43.0885
42.6944
45.8192
47.0539
48.3186
45.8114
46.0668
42.937
46.9776
47.0861
47.6794
47.3093
48.1907
48.143
45.2539
45.7243
49.1217
56.0721
59.8771
60.9936
56.6126
53.4309
44.9701
47.187
52.6971
50.8502
45.8698
46.3645
45.6695
45.9215
49.6148
48.0645
45.5204
46.8505
49.5912
50.8162
48.6244
49.027
50.5881
51.6806
53.5645
52.8624
48.7434
48.8788
56.0787
53.8141
53.2551
50.4252
45.5642
46.5615
46.0416
46.8987
46.9837
45.6492
47.3789
50.0157
51.451
46.7332
48.5284
50.7806
48.0644
48.7771
50.5359
48.7264
49.2711
50.0542
49.0221
47.3421
50.4437
50.5032
52.6518
57.0457
66.2401
66.5916
76.1157
74.2069
94.4784
94.5679
85.1145
68.2627
51.6342
45.9442
46.3365
48.2744
52.0373
57.5594
63.9557
60.5865
59.6405
54.6954
51.4293
46.8284
47.5472
52.3798
57.8582
53.6572
47.0596
41.6946
41.3164
41.5292
42.0975
43.6068
47.2667
63.0858
70.3296
71.746
56.4499
47.4128
49.5646
52.8688
52.9688
50.2514
48.5373
45.3279
44.2839
47.4564
46.608
44.4613
44.5678
51.5915
47.9804
45.4549
44.816
46.1809
51.7714
55.5966
47.9867
44.939
45.1217
44.5969
33.6188
38.5855
34.6974
29.8647
30.2981
28.6048
25.8537
24.164
31.1398
39.1317
36.5282
46.5945
56.9943
59.6044
59.4605
68.2244
79.7558
72.3335
75.3379
167.199
341.262
400.1
288.711
273.243
244.304
274.048
314.087
315.219
345.109
401.297
369.522
398.072
431.248
465.457
464.336
427.769
406.787
463.359
403.572
424.823
509.586
436.742
444.992
365.499
377.128
367.028
338.477
329.884
342.262
343.541
364.712
361.423
378.23
369.21
364.698
367.981
322.99
322.159
329.782
321.077
306.561
307.949
291.688
284.383
252.423
248.955
232.473
210.024
174.827
164.384
163.281
135.503
114.478
123.183
144.474
196.303
223.107
218.286
230.972
256.896
269.26
239.28
241.607
281.364
271.314
270.508
310.477
330.981
318.446
359.706
328.034
307.398
300.085
271.545
294.79
282.274
246.386
241.463
221.117
196.073
190.045
171.249
174.703
161.865
114.934
65.7561
32.8757
27.4645
27.3075
26.6847
37.6625
38.1978
32.3828
36.1746
41.6845
43.4371
34.7642
51.4309
67.8813
39.0808
43.7188
62.9715
57.1394
52.1748
47.3902
65.3193
43.8026
52.7278
61.6338
49.9311
51.4325
113.287
173.589
276.91
248.384
394.247
374.711
378.859
398.853
389.833
417.705
442.343
482.608
460.359
453.834
526.573
544.626
507.944
442.382
379.174
356.806
331.007
333.082
314.301
320.524
295.004
248.166
244.147
229.203
214.145
217.483
223.576
212.992
202.896
192.347
186.965
167.332
111.198
85.1832
66.7007
42.9568
33.4513
25.6658
23.6486
28.6694
31.5561
33.1534
35.5236
42.7381
30.3622
24.7662
23.904
28.4451
39.1134
45.5951
32.8482
31.9057
52.2662
53.4159
47.5368
49.2641
50.9669
46.504
46.3413
41.6314
42.9806
44.1578
45.3211
48.1129
51.6901
58.031
63.6577
68.5802
62.5605
63.4634
69.132
70.5021
65.6075
75.8272
116.881
126.128
114.071
131.507
139.431
161.024
194.105
179.697
192.393
211.766
191.638
215.56
234.768
256.511
256.196
237.241
223.524
261.498
231.765
235.915
276.645
242.14
253.583
210.625
226.09
224.544
207.896
196.364
197.996
198.458
208.17
207.746
217.697
215.865
213.987
213.389
184.233
183.882
192.951
191.5
176.292
184.444
178.93
178.925
153.582
145.98
136.617
126.611
117.43
115.372
113.622
95.2118
86.2301
87.5008
110.168
121.083
123.758
134.767
142.084
150.997
168.386
146.601
143.754
172.126
158.919
165.06
197.088
203.962
187.955
213.372
199.779
183.686
181.316
172.367
192.366
183.593
160.095
158.983
146.185
140.748
139.143
115.273
109.508
99.0788
68.9382
68.6973
51.1728
43.3989
45.4169
40.6006
39.9317
37.5563
34.6876
42.2545
44.2011
44.6263
43.2294
40.2534
40.0055
39.986
44.0486
53.9819
52.5655
50.7707
51.3771
54.5259
44.1084
52.6969
60.9723
53.9169
54.5159
58.8205
68.4114
100.252
101.855
150.68
175.037
226.499
264.645
245.385
242.899
244.83
259.029
239.853
241.631
294.238
316.136
287.559
254.167
229.483
208.184
199.825
206.917
195.758
193.529
180.311
153.711
158.572
153.751
140.183
139.888
141.932
133.519
131.662
137.416
125.02
107.049
81.8188
69.3283
58.3295
54.5433
49.0465
43.5802
42.2358
44.6696
47.3676
49.2464
51.022
54.1881
46.5874
42.3553
43.7771
47.0451
52.4778
54.7207
45.6849
44.0459
66.5758
81.9745
85.5737
70.2075
72.6095
71.1564
78.818
70.7986
71.1048
73.7213
78.382
76.31
72.359
83.4756
87.4797
79.1662
69.7631
67.9228
65.122
67.5205
67.8487
75.8772
79.3208
70.0242
63.2517
52.8352
49.7344
51.1195
56.577
62.186
54.3097
56.8827
62.9954
60.2874
57.9089
71.0088
76.452
70.348
65.1329
71.7667
68.0747
63.9929
68.7223
70.3088
73.2492
73.5961
70.1553
70.1609
64.0395
63.9629
67.348
62.1896
62.4089
71.9424
85.271
78.0153
71.2868
63.8981
61.313
59.7224
60.9703
64.7928
65.0021
63.738
67.024
70.144
69.9122
64.9446
61.9033
63.8462
67.8564
72.5804
68.3649
70.9766
64.7099
59.2979
57.0071
62.6853
64.4977
61.3947
63.7533
63.4931
63.1129
59.4048
66.4063
65.1586
68.9965
68.7283
68.7539
71.7901
71.2078
73.2032
80.5866
76.2513
79.4624
79.8988
77.3822
81.6226
87.9428
83.7775
77.4452
79.7503
76.152
71.7786
72.4247
79.8818
77.8865
74.6783
77.2331
69.1493
67.0095
72.2088
75.136
75.0063
74.5648
66.9184
79.0946
80.7677
74.9795
75.7929
77.4611
76.1986
79.23
82.2158
71.0521
74.3253
76.5518
70.8227
72.5737
75.1286
63.6636
76.5259
90.6377
94.1559
74.0141
80.8179
96.3369
88.8873
71.0382
58.8017
61.6106
57.5911
56.1851
58.4268
64.3975
67.2769
69.6431
74.4844
79.2065
80.8784
78.0307
75.7364
70.699
67.8478
72.8756
82.9508
79.1525
66.6873
61.9719
56.9862
56.738
59.0511
59.804
62.9357
75.1033
84.5915
79.3035
69.5474
63.3992
65.9811
78.565
78.5171
75.6415
74.6919
71.8248
67.212
70.1982
70.8062
68.1684
70.0248
86.9593
71.3191
69.6875
68.9069
69.5204
80.7066
86.914
74.1526
72.4062
218.961
220.399
218.926
211.621
191.182
188.488
191.767
193.186
196.485
203.83
220.079
208.785
200.619
203.629
224.957
228.357
215.989
222.651
209.91
182.263
203.049
258.141
300.213
287.653
185.767
142.954
83.088
71.0156
58.6755
46.6225
50.7676
45.7253
42.0397
39.573
38.2425
53.223
63.6102
47.2961
40.6796
44.6698
42.5931
39.1318
50.4656
50.6242
54.3085
55.4143
53.5571
56.4465
46.1751
45.4453
48.4059
39.9081
36.9789
35.8396
37.6637
39.4589
41.7614
34.9775
31.1933
31.6886
33.7296
35.0292
35.304
44.4434
53.445
58.5532
70.1972
91.8295
96.4827
116.501
109.281
120.602
121.758
141.495
156.404
160.69
144.825
173.648
200.926
175.762
171.014
168.059
149.065
97.5368
87.78
65.2362
55.1117
49.4955
46.6967
40.2613
42.5746
50.6325
49.2145
43.2647
52.1726
59.675
57.4226
57.3982
67.4435
76.4123
91.1909
99.3351
96.8227
116.336
137.567
183.246
233.804
197.472
200.908
201.225
199.653
194.822
195.199
199.323
198.885
189.119
206.994
210.21
190.361
205.718
224.98
199.343
198.225
210.842
186.781
185.84
194.71
209.354
218.957
193.922
184.763
193.17
214.982
263.57
244.787
222.921
228.806
409.439
340.445
194.636
122.605
60.2416
42.8173
40.1077
39.533
46.6904
57.9127
70.868
72.8226
61.3149
52.6848
45.7514
42.7051
41.8774
52.5031
70.5652
71.652
66.8074
63.0164
66.5851
72.3312
72.7775
70.0456
76.7446
108.765
132.219
131.452
125.788
131.431
155.351
181.913
212.166
205.789
182.561
185.805
190.051
192.948
192.095
205.259
208.837
236.621
211.345
206.403
204.448
193.379
219.831
216.301
209.744
196.579
46.5228
50.0461
51.9689
45.5373
44.2177
41.5069
43.3941
39.3521
40.2497
39.4109
43.9436
47.3347
47.5407
50.7657
59.0508
59.6434
52.1479
53.5552
50.758
51.2972
48.5654
64.4017
69.6421
71.537
60.12
56.5823
48.005
47.7218
48.2551
46.0561
47.5797
48.3478
45.6985
43.0605
41.9372
50.6669
55.8791
48.0084
44.183
49.5614
44.9201
42.7725
48.3397
50.277
48.6792
48.2602
50.3046
49.1913
44.1172
42.885
45.7547
42.0618
45.661
48.4689
54.3571
51.7424
50.9634
43.3206
36.5232
38.1145
39.8913
39.5139
39.6544
40.4013
43.9032
46.1512
44.2714
44.4533
43.3065
47.5031
45.0038
46.8319
45.4936
46.9423
43.9968
43.6011
45.2026
50.2602
60.4491
57.6358
50.7078
53.3716
50.46
42.8997
44.5228
46.1253
42.5019
41.0949
42.4825
40.4804
41.2995
44.9544
44.1664
41.4784
41.749
44.4182
47.537
46.1576
47.3126
49.0575
48.7981
48.0792
46.4965
43.1267
44.9327
54.505
52.2988
50.653
46.5752
40.2993
41.6727
43.6564
44.4343
43.6456
43.043
43.8586
46.7305
48.6035
45.7345
49.8428
53.1605
46.0957
46.2862
51.6916
47.9378
46.78
46.9339
47.5986
46.4036
50.7903
48.3746
48.8983
55.1934
66.044
68.7056
87.4118
85.4948
124.197
123.571
105.823
84.11
55.9889
48.8164
49.9869
51.0705
51.1016
55.8696
62.5725
64.2373
60.1496
51.0181
47.5666
44.376
43.9173
50.6999
61.0505
56.3335
47.2961
39.7579
39.6975
39.099
39.1082
41.4655
46.2341
55.2924
61.726
56.6961
48.5925
46.1919
50.0874
55.1434
53.585
46.2813
42.6746
40.4423
39.8809
43.7697
43.2752
43.3835
43.2104
52.2315
45.8691
42.8561
42.5573
42.9023
49.6312
52.185
45.8732
41.4411
68.1036
58.0386
51.1842
62.4129
50.9833
39.847
41.0632
31.8643
32.5831
36.8421
46.9733
49.8025
48.6451
56.1536
70.6964
93.9347
97.9185
99.1152
112.435
107.943
110.463
290.118
448.383
418.073
296.948
264.23
273.873
330.555
349.161
330
366.142
417.564
344.475
344.229
346.369
383.526
396.816
334.257
314.899
363.483
318.129
320.695
374.845
324.984
302.506
267.728
294.953
275.634
248.293
222.721
236.456
243.62
273.184
274.301
290.241
298.827
305.143
307.196
270.499
277.739
277.796
273.864
266.225
270.089
271.563
273.362
239.772
249.38
241.317
217.159
169.617
147.737
156.797
120.191
118.518
104.669
134.414
140.726
170.594
206.964
217.493
257.444
299.908
279.17
282.153
307.662
269.895
249.167
275.535
290.731
277.901
315.28
296.62
275.288
279.75
250.265
272.975
250.841
220.158
219.563
190.517
170.649
186.818
194.256
215.483
253.846
198.974
102.199
52.735
49.251
52.6506
40.0146
44.5214
45.213
39.3192
58.1266
69.7177
66.6303
54.3195
45.2768
44.2124
38.9303
47.6538
65.0606
47.0851
46.0171
59.604
69.7026
52.7693
53.4098
79.9929
71.3101
74.2929
179.803
325.137
417.766
216.017
294.744
410.231
479.496
526.289
553.66
549.781
550.277
577.992
525.859
488.175
505.564
470.048
405.805
351.277
320.463
301.535
279.772
285.688
281.504
228.913
193.189
136.376
139.164
124.376
113.462
124.615
152.151
195.49
187.832
159.631
151.632
136.439
124.329
112.079
109.139
64.7402
40.7205
39.5898
41.1835
49.1607
50.3689
52.2563
55.0694
57.6077
46.4411
40.8214
43.2654
45.9243
51.7274
53.6494
39.7762
28.5828
60.7429
50.9341
46.3905
59.8533
45.9408
32.281
35.9803
29.8032
30.1155
33.4546
42.1998
45.8248
47.5517
49.5591
62.9082
83.5374
83.4298
85.3914
95.7345
86.7681
84.3392
200.709
381.709
361.023
255.924
237.198
242.844
289.066
296.666
287.803
320.521
369.778
311.03
302.052
303.69
336.542
348.623
299.58
281.739
314.106
277.475
284.924
326.305
294.811
271.937
244.628
263.47
243.069
221.871
205.532
218.138
224.072
249.104
246.889
258.435
262.828
272.696
269.156
239.398
243.224
243.994
241.594
234.022
228.675
235.299
240.117
203.373
208.452
207.301
183.064
138.117
120.584
142.299
112.353
94.8783
89.2054
112.497
133.275
153.264
165.739
177.199
211.469
238.234
225.757
228.98
253.548
220.091
201.153
217.621
231.394
229.058
258.237
242.698
220.993
224.518
202.38
205.796
196.353
175.602
173.847
150.312
136.168
148.013
148.118
177.601
214.479
151.956
80.1286
48.9868
42.5539
43.5806
38.4747
40.9742
38.1186
35.2706
52.436
60.2694
57.8513
48.5411
45.8826
47.8799
36.2856
41.3634
52.3332
44.0889
44.9021
56.4633
62.1
43.4596
49.5798
66.7485
60.3086
62.6257
112.349
270.676
335.704
179.815
256.862
347.76
404.067
422.851
460.44
466.221
471.843
501.029
465.292
439.775
430.921
390.905
349.716
299.466
270.093
259.702
244.165
247.08
249.654
214.851
180.631
133.481
132.948
117.093
112.537
125.42
151.577
194.827
188.095
150.183
134.648
129.896
117.415
103.154
87.6415
49.6908
35.6989
36.4896
36.1803
44.4375
44.4429
44.2287
45.6927
45.3992
39.9972
34.0454
38.3543
40.2569
45.5529
50.7772
38.1278
27.3698
49.9187
52.1093
51.927
46.4743
46.9219
46.9031
46.1384
41.6944
42.4215
43.2493
47.0789
48.3018
48.0962
52.8688
62.4965
68.4541
60.6618
56.6979
56.5951
56.7743
53.6806
66.9823
63.305
56.0956
52.5242
54.5242
53.3311
55.743
57.8334
57.2272
58.455
60.3335
54.3582
49.3488
48.0936
61.3049
72.1458
62.9024
56.0377
61.2556
54.5405
52.1177
60.7369
62.5276
58.5466
57.7621
59.3166
57.3564
51.8386
48.7073
50.7869
47.5726
51.0103
55.5304
61.161
60.5655
60.703
54.7926
47.3924
48.5811
48.9972
48.7829
47.9116
47.9342
48.7392
50.6677
48.8621
48.0381
45.319
49.4439
52.6835
55.6686
55.7977
53.3244
50.0165
46.9523
51.936
54.799
63.2783
70.7384
59.5717
55.9336
55.0168
48.383
50.2707
52.7704
50.75
47.5947
48.2401
48.4656
48.6923
53.6229
56.1782
56.1524
57.5696
55.4206
64.6495
62.6145
63.3269
66.9253
64.6284
63.7299
64.8019
62.2368
54.6237
64.4504
55.7952
59.7522
52.2186
44.9472
45.791
47.7055
46.6318
47.8139
45.4321
47.5318
52.8737
52.2985
48.5447
51.3961
50.3375
46.3784
47.7708
48.1632
45.6639
46.3494
49.2062
49.2222
44.8933
47.0792
49.3356
52.2922
58.0222
57.2809
56.2627
71.7603
69.9066
76.6094
79.8848
83.1065
85.922
74.4056
67.6452
68.5488
69.8166
65.8214
65.6386
74.8034
75.8561
71.8103
64.7306
59.9064
55.5418
55.7816
62.1431
70.6477
59.3662
52.6317
44.7765
46.9197
45.9216
44.2113
45.439
52.0524
65.2147
70.9818
65.8786
56.5885
48.683
53.6603
56.1369
56.3077
51.694
48.2248
43.3312
45.8724
47.5861
45.4431
44.4107
45.0356
49.7358
45.4536
45.1189
44.8539
47.91
51.7032
55.4571
46.975
42.2818
180.719
199.588
182.23
174.293
168.477
157.87
161.477
160.139
157.017
167.314
204.177
181.979
171.187
190.373
221.582
221.492
192.587
177.318
164.94
189.455
168.105
298.011
266.844
225.494
175.234
128.633
84.842
73.0133
58.2832
51.6807
58.7436
69.3468
67.7184
57.1806
49.9584
91.6007
120.249
68.856
49.4753
51.9637
52.1726
43.4476
59.9268
74.2338
84.1596
83.8896
78.4756
76.3202
55.5676
57.7129
63.4343
50.5577
46.0922
45.157
44.6588
42.2713
43.6197
35.9874
28.4469
28.0741
36.9372
40.365
42.5846
62.7395
65.8807
71.6841
64.4173
67.041
69.0805
107.211
97.5933
88.8665
99.181
112.111
126.267
105.74
86.9034
107.434
144.919
154.802
158.25
118.041
108.269
73.4044
80.7762
98.5687
96.7604
70.1404
71.7294
75.3377
86.1491
118.912
116.153
89.8119
111.468
111.243
97.3979
98.5032
100.632
105.881
116.904
137.028
145.528
137.77
155.994
185.873
230.173
187.999
183.118
171.552
169.218
158.049
170.692
162.455
160.48
158.318
182.334
204.48
166.817
171.203
184.722
171.121
180.946
186.527
167.199
173.046
178.483
176.995
181.725
169.018
164.46
188.156
216.425
343.676
311.583
312.729
228.393
336.078
333.827
250.727
158.119
82.9867
56.4908
54.1741
66.9814
93.5644
103.785
119.375
101.97
82.0817
60.3582
50.6788
45.1878
51.8368
69.7647
94.0259
91.4224
77.1775
58.4896
60.411
69.395
70.6496
64.8361
78.9023
159.53
196.351
222.175
156.797
116.288
132.734
168.386
206.591
182.347
169.148
153.673
150.611
156.169
152.489
160.186
167.672
206.067
167.018
154.536
153.835
162.67
194.353
211.932
176.279
162.99
46.7586
51.4051
51.8973
46.752
45.7363
41.5896
41.7649
37.8367
39.1957
38.13
44.3761
48.1444
48.1854
52.6962
64.8009
65.2701
53.8241
54.2923
51.2032
54.6801
50.4249
71.7538
76.6281
72.4933
62.706
63.5937
52.6312
50.6298
49.6822
47.9787
50.1638
53.3663
51.1196
47.281
47.0941
59.1029
69.3088
58.1231
50.4192
54.5009
48.6136
45.8974
52.5825
54.4372
54.0268
52.2961
51.9459
48.5273
42.8964
42.5378
46.0295
44.5665
48.478
50.4954
55.4362
53.094
51.3336
43.2451
37.392
38.2401
41.3328
42.1594
41.48
44.4756
48.2632
50.0312
46.738
45.9492
42.4235
47.3489
46.8544
49.3682
49.2293
48.7568
46.6009
44.7166
44.6452
48.3987
57.2338
61.611
62.0222
61.0213
55.8372
45.6125
47.6386
54.7853
50.5113
44.0075
44.9632
44.2452
44.4893
49.5224
47.3907
43.333
42.7913
46.692
49.4018
46.9353
47.5678
48.5666
50.0793
51.2796
51.1842
46.4272
47.7421
54.9733
53.7739
54.0639
47.3995
39.7455
42.4724
42.1224
42.8599
43.6747
41.8914
46.0453
47.2651
50.6521
46.2353
48.6537
47.7844
43.7374
44.4048
48.273
46.6448
46.4539
47.6051
46.3909
44.0506
49.5001
49.7579
49.4053
53.7033
67.6197
77.3545
96.2167
82.8185
109.596
118.588
107.947
86.1063
59.2816
49.8293
50.7807
53.7832
56.2414
61.5532
74.6023
76.8426
70.8868
58.0862
52.0537
46.149
46.4647
53.8122
59.887
55.092
47.3246
40.246
40.0134
39.2215
40.9562
44.0594
48.4821
63.4766
70.4613
69.4535
56.1022
45.559
47.7238
51.5119
54.5774
49.8465
45.1786
42.0506
41.3618
44.5573
43.4621
40.718
40.7466
47.8312
44.7369
42.4279
42.207
43.2432
49.9517
54.1714
45.9132
41.2274
63.2613
53.4878
44.3831
49.4715
48.1134
44.6757
35.032
32.3702
30.7024
34.4671
45.0321
46.9101
50.6379
56.1323
75.1716
105.819
84.6682
79.2159
93.5886
72.9608
71.9962
220.883
418.418
516.82
483.234
528.546
519.212
574.268
655.412
701.779
741.965
820.11
860.761
867.71
893.074
919.808
887.894
897.443
858.56
909.826
800.985
829.716
894.21
826.538
789.683
717.584
690.228
644.176
633.346
623.12
649.257
686.343
728.966
746.067
774.496
788.08
796.777
778.79
746.59
737.651
730.492
707.612
704.691
666.258
638.436
584.845
525.433
460.51
397.811
302.76
235.926
221.377
207.297
167.203
131.432
136.162
173.316
221.337
266.626
286.539
315.219
372.914
405.424
444.24
493.392
596.725
629.944
627.027
666.358
691.471
690.536
689.563
675.523
666.343
616.54
588.671
583.612
560.948
500.176
462.23
382.961
334.335
328.228
286.514
270.586
248.246
144.695
104.443
51.6841
43.9722
37.9027
32.9102
35.2316
26.8241
24.643
40.1503
36.11
41.425
33.8212
48.2675
58.2348
33.754
41.7545
53.3391
62.7903
60.73
56.0645
70.8228
51.2778
66.6334
63.1089
47.3685
59.8716
137.048
244.212
416.165
336.593
427.116
516.368
575.803
578.124
599.015
707.059
777.349
837.962
865.014
827.275
859.092
863.793
847.925
767.104
681.864
631.428
589.096
578.298
546.002
500.244
422.125
376.786
351.023
330.858
313.305
326.115
337.816
347.18
299.962
284.657
262.704
232.016
160.311
122.006
88.378
49.9495
47.042
36.302
41.4022
47.1325
44.7047
49.4635
48.0889
56.345
37.7619
30.1714
35.0533
38.74
52.8251
56.9766
40.8623
38.6067
42.6244
41.7005
35.3343
39.6302
39.5851
37.5385
30.4739
26.4861
23.8821
26.8709
37.8215
39.7565
39.167
45.2965
56.6346
74.4052
67.9575
60.728
73.142
77.4445
63.3909
143.878
326.284
445.409
456.073
527.348
543.184
609.893
681.239
721.674
763.856
835.49
874.727
876.669
894.831
912.972
881.603
881.157
841.793
882.116
781.673
797.529
836.236
785.423
743.946
706.875
686.128
632.416
632.264
610.015
633.508
674.259
721.603
740.509
765.243
781.286
787.945
771.78
759.867
755.459
749.492
730.338
725.986
695.738
673.864
611.231
547.149
472.728
392.52
282.728
232.161
212.711
192.845
144.954
109.701
108.396
152.135
168.202
204.416
268.35
307.542
375.932
420.734
483.157
542.94
645.166
691.782
682.989
718.717
743.158
741.6
729.264
724.131
710.562
666.462
642.63
622.76
582.008
508.098
465.634
382.299
351.681
341.998
282.809
244.74
205.34
109.272
82.4994
47.2208
34.9035
31.654
26.5384
30.4618
24.686
23.9876
34.9115
32.0497
36.5682
32.9867
37.6884
43.5917
32.7408
38.4679
43.1734
48.0927
50.8832
49.7147
51.5536
36.4263
50.856
54.2757
46.3299
50.1277
92.0465
183.254
341.413
275.315
339.074
413.637
527.04
589.904
631.468
737.797
806.336
860.479
883.404
826.73
833.277
832.196
805.348
724.469
661.324
602.335
563.363
551.807
525.945
455.063
371.798
321.599
292.752
277.979
264.633
281.271
288.804
316.595
271.877
273.996
231.186
183.838
126.154
99.4794
66.9993
37.8394
40.4546
30.562
30.9848
35.1705
33.1054
35.008
31.7374
43.7231
26.4285
22.7229
23.3716
29.5081
41.708
50.8311
34.4134
32.0013
60.8755
67.4292
67.4037
58.6924
58.6162
58.9983
62.0863
57.9472
59.9007
57.6594
60.31
61.9948
60.5486
65.3735
66.6645
63.0998
58.7764
58.2715
53.2398
55.4046
56.5789
62.9967
64.8294
60.5853
58.2195
56.7674
54.0784
51.9212
53.4008
54.2914
54.1988
55.5076
56.6436
55.0077
55.656
63.4393
62.9496
57.606
54.5258
57.0801
56.3875
53.5433
57.3126
57.4134
57.8065
56.4423
58.536
58.0698
54.8127
54.7038
55.1527
51.2051
55.0228
55.6131
58.9311
58.0702
59.3109
54.2891
50.3864
51.2702
53.8594
54.6084
54.8285
53.7275
58.9256
63.8966
62.1401
61.4411
61.5308
63.2557
58.0618
60.7879
57.3376
59.9089
53.2332
50.0556
46.6516
52.2743
54.2443
52.5185
50.7452
57.188
55.4095
51.9441
52.383
54.125
55.7611
53.7797
54.5541
55.7535
58.0941
59.8488
61.5778
59.7714
59.0392
59.9629
60.542
61.43
64.0228
64.5403
61.352
59.4989
59.6465
59.063
59.9654
71.8423
69.0869
70.1793
65.065
56.0139
56.8135
57.0171
60.4925
60.1114
59.3721
61.7876
64.5116
63.6812
58.0626
62.2952
66.7783
62.0741
63.1262
67.6536
60.3413
66.428
64.1106
62.4639
59.8612
64.2983
56.4928
64.0905
70.29
73.0908
69.8378
80.6778
82.1002
88.8166
77.4745
69.8902
68.4126
59.2727
55.4966
58.037
59.8641
61.6437
64.1772
68.1088
69.5074
68.3826
64.8456
59.9224
57.5359
54.2266
56.796
63.9892
63.2644
58.7842
53.49
50.3453
49.5128
50.1901
52.8731
53.7129
60.1551
61.2229
58.3788
57.4853
57.5985
61.3115
67.8967
68.2109
58.9118
58.3003
59.6261
57.3048
62.1638
63.5495
59.7768
59.7294
68.9855
60.4255
58.2945
57.994
58.8714
71.3617
72.4947
62.6463
61.4226
308.561
320.08
302.018
310.028
273.995
265.205
275.645
271.726
280.474
293.264
308.318
308.609
288.081
301.986
316.845
300.876
268.306
262.539
240.173
216.734
232
316.541
332.876
234.028
146.956
114.821
84.7247
96.1755
81.3501
72.7484
85.5063
85.2937
72.6452
59.3114
61.6031
93.7458
111.919
83.7323
77.8326
72.7714
62.169
62.39
79.8014
86.6166
77.7703
72.7711
65.9883
55.7654
42.2908
44.5812
50.077
38.9634
42.8375
45.161
49.0483
55.065
67.6623
57.0399
42.6497
46.2165
50.5737
50.0793
40.7422
43.0193
52.2945
62.503
67.357
90.8127
106.69
145.339
141.183
150.425
162.231
172.942
179.787
168.768
152.652
159.192
178.37
155.931
133.457
120.826
115.588
84.2398
75.1403
67.2904
44.7464
33.3096
34.3521
28.6967
28.5174
39.3492
42.757
36.3709
40.9995
39.9805
47.8334
55.883
66.9922
80.0099
88.8172
81.8523
91.1332
125.004
172.369
250.83
301.398
270.029
264.492
266.176
271.169
263.177
258.494
254.904
253.307
246.471
284.33
280.893
248.741
246.61
255.887
250.09
250.05
280.221
253.032
250.949
270.192
300.208
294.558
270.621
261.258
260.185
289.024
340.268
386.925
324.956
241.3
296.112
310.729
247.141
178.386
138.447
114.907
105.951
110.767
109.159
120.111
125.78
114.501
100.128
89.621
73.2447
72.1912
69.801
85.062
111.357
110.89
94.2547
75.4141
82.6362
80.5625
85.3698
84.5303
99.7751
131.706
155.02
136.205
137.378
156.485
204.042
240.275
283.872
272.269
245.524
256.092
260.678
261.753
271.199
285.796
299.857
319.368
304.303
287.974
282.548
277.22
306.004
319.997
304.4
281.416
46.9681
49.5266
49.3783
44.7864
45.4689
40.17
38.8655
34.4458
35.4545
34.5162
40.8093
44.0364
46.8712
52.4654
62.9628
72.8796
55.0793
51.8694
51.6023
54.3547
49.8075
97.1741
100.162
95.0674
72.584
64.2703
50.2667
50.1896
51.8387
47.665
50.4793
53.0719
47.9696
44.2348
45.102
56.5335
62.7908
57.0308
49.5603
56.0872
48.8596
44.5417
51.5362
53.1761
53.0516
52.4439
56.5332
53.6234
45.6323
42.7697
45.8423
41.8509
44.7429
46.4764
52.4154
54.463
54.8231
48.4785
38.9679
40.6681
43.3534
44.1648
43.4969
46.3964
51.1035
51.112
47.2054
48.2991
46.5394
51.0055
46.3324
48.4411
44.885
46.5097
47.5231
44.466
47.0174
49.0648
65.6228
63.9674
60.2766
59.0455
60.3147
51.7088
51.8174
56.8267
52.5433
48.7575
51.1948
48.2794
46.9867
50.4152
48.877
44.1771
43.1194
48.4365
51.4114
48.0131
47.8839
48.813
48.8688
49.4138
48.9086
49.3157
54.7871
66.7203
66.1738
58.9885
47.2779
38.5075
40.1752
41.8367
41.4728
40.3637
39.4408
43.0824
43.439
50.0294
42.9225
49.367
51.027
42.3156
44.9849
50.1054
48.2934
46.0124
43.9109
47.7754
47.9296
49.4047
50.2591
47.4936
54.8009
90.8309
102.531
141.381
107.544
139.973
147.796
124.596
98.1983
63.3191
52.3299
49.7736
48.173
48.918
51.8849
68.6481
75.273
71.6841
59.0939
54.785
47.0467
46.823
52.4028
62.6961
58.2755
48.8581
38.0513
40.8761
39.2712
37.6667
38.2698
43.7033
55.1793
58.2817
59.684
51.8598
45.3787
51.7242
57.7678
58.4872
49.4552
44.6569
38.76
38.8757
43.4365
41.0236
41.0155
40.4074
51.1752
43.7545
40.5357
40.4928
42.085
50.884
55.8792
46.3178
40.1043
