-1.23441 -0.293357 0.823701 -0.884509 0.640216 0.654668 1.38705 1.01786 -0.331448 -0.0635414 0.203408 0.600836 0.397235 -0.0531643 -0.0959334 -0.275739 0.118139 0.192858 -0.337365 -0.204148 0.308965 0.678379 1.05654 1.16835 0.12032 0.138091 0.0170153 -0.396069 -0.360807 0.471255 0.12542 -2.22936 -1.31386 -0.120838 -0.115695 0.25407 -0.885426 0.728412 1.62483 
-1.22458 -0.441765 0.530538 -0.418083 1.14051 0.126113 0.9921 1.16579 0.13582 0.799229 1.55247 1.36983 0.586219 0.0161218 -0.201978 -0.226839 0.123074 0.0811369 -0.70408 -0.530179 0.0657509 0.921813 1.3204 0.0801806 1.01065 1.17544 0.0728194 0.00576469 0.409715 0.0323116 -0.3802 0.0612911 0.334997 -0.316577 -1.40885 -1.10526 -2.74383 -1.201 -0.0351787 
-1.21829 -0.495335 0.596862 -0.761435 0.721353 -0.0494121 0.856876 1.08361 0.590364 1.25686 0.283589 1.61149 1.57268 0.0196551 -0.0901687 0.133976 0.150451 -0.187342 -0.276074 0.130848 -0.00761169 -0.730472 -0.0487138 -1.57548 -1.08068 0.102912 -0.0522862 0.146015 0.442229 0.396026 0.102232 1.42426 1.04141 0.157627 -1.47163 -2.5949 -0.186189 -2.55747 -2.79829 
-1.20493 -0.531933 0.664515 -0.267632 0.953173 -0.149961 1.12295 1.15817 -0.594652 0.750515 -0.0230059 0.289154 0.689131 -0.0361644 -0.0559626 0.21539 0.5191 0.183368 0.720181 0.511229 0.223378 -0.549822 -1.2745 -0.106009 -1.54682 -1.62285 -0.00555683 0.151642 -0.207266 -0.380135 0.323633 1.19244 0.364651 -0.085219 0.998537 -0.616762 1.68268 1.98119 -0.148885 
-1.25445 -0.551297 0.812252 -0.242335 0.904722 0.670769 1.36811 1.30699 0.0405419 -0.0176437 0.17758 0.0646637 -0.050172 0.0140983 0.061473 -0.0732894 -0.229685 0.136291 0.916362 0.4955 -0.0928307 0.268065 -0.665476 0.107196 0.900515 -0.045973 0.107031 0.126991 -0.376732 -1.121 -0.444828 -0.721038 -0.521063 -0.720857 -0.893256 1.84645 0.509846 2.43671 2.2081 
-1.19083 -0.47046 0.591225 -0.497317 1.08946 0.766401 1.61845 1.06534 -0.326588 0.0850387 0.0841901 1.18967 0.643158 0.0708664 0.0710287 -0.161342 -0.601902 -0.261459 -0.0008575 -0.00983366 -0.497479 -1.44308 0.571945 0.403838 0.889893 0.585257 -0.0228539 -0.0749086 0.0771203 -0.369514 -0.619178 -1.28556 -0.586158 0.0446672 -1.0446 0.3666 -0.321212 -1.15768 0.0655124 
-1.18359 -0.480269 0.65091 -0.844237 0.643262 0.669911 1.35827 0.809513 -1.40254 0.554301 0.581418 0.954556 0.535085 -0.00875565 -0.0134356 0.00383091 -0.599198 -0.482887 -0.369202 -0.0906579 -0.0481635 -0.776532 -0.298876 -0.214016 -0.257167 0.0195394 -0.101611 -0.0246989 0.0909137 1.04623 0.875127 0.416012 0.199947 0.882623 3.11539 0.257351 0.04031 -0.523364 0.0543359 
-1.19958 -0.483896 0.595056 -1.09652 0.606577 0.397199 1.52779 1.01718 -1.10312 -0.213838 -0.129826 0.932502 0.662697 -0.0307445 0.0463298 -0.0704285 0.444328 0.613668 0.415154 0.190113 0.385144 1.67231 0.829296 0.444148 0.366529 0.639593 -0.017452 0.0229051 0.0704507 1.08444 0.977118 0.597401 0.0214745 0.133732 2.24614 1.70554 0.457474 0.635901 0.745217 
-1.21433 -0.433939 0.580482 -0.399909 1.25693 1.08507 1.54838 1.19466 0.269776 1.3836 1.02557 1.32109 1.17468 -0.0262077 0.00946951 0.0742816 0.485245 0.494231 0.228199 -0.0691834 0.0855682 1.46961 1.40666 0.243459 0.378734 0.764756 0.032675 -0.0054003 0.00741392 -0.727737 -1.03232 -1.54457 -1.54074 -0.84808 -2.50759 -2.94317 -2.11961 -1.51869 -1.32573 
-1.22579 -0.474427 0.669338 -0.611271 1.10081 0.625398 1.45861 1.10275 0.366487 1.19282 0.113633 1.31124 1.42745 0.00193049 0.0409295 -0.0630146 -0.283409 -0.418652 -1.12942 -1.35063 -0.462936 -0.835277 -2.11387 -1.67546 -1.15216 -0.686137 0.0228234 -0.121571 -0.26157 -0.5142 -0.570395 -0.211639 0.0527217 -0.196673 -2.43548 -1.50071 0.470052 -0.660048 -0.980093 
-1.2124 -0.393009 0.517467 -0.683319 0.838278 -0.0443513 0.197759 0.73172 -0.565501 -0.730278 -0.649897 0.168926 0.488541 -0.00338428 -0.112101 -0.187288 -0.028955 -0.0761641 0.0165605 -0.0164616 -0.111104 -0.965872 -0.0940498 0.71351 -0.281314 -0.215337 -0.0243125 -0.0448034 0.450889 0.726314 0.620489 1.82891 2.23719 0.675711 0.874431 2.61813 2.0869 1.25498 1.12668 
-1.22917 -0.586528 0.48205 -0.640226 1.02464 0.641959 1.44214 0.991644 -0.599385 1.09877 0.827144 1.02992 1.21212 -0.022382 -0.00387385 0.387874 0.442905 0.201836 0.699496 0.886567 0.212775 0.039154 0.504253 0.411438 0.10282 0.440538 0.0743328 0.295264 0.566456 0.456893 0.180144 0.130632 -0.255229 0.269762 1.38004 -0.662018 -1.45181 0.115022 0.179559 
-1.23478 -0.396883 0.905341 -0.240414 1.04011 0.655144 1.08433 0.944496 -0.526347 -0.226025 -0.238459 0.271746 0.929079 0.0709485 0.183162 0.379168 0.427938 0.10398 0.147192 -0.27169 0.158658 0.414163 -0.756067 -0.738299 -0.166292 -0.0357778 0.0424255 -0.283866 -0.845456 -0.935577 -0.0367002 -0.892205 -0.831485 -0.20808 0.720531 -0.456591 -0.956076 0.16422 -1.12751 
-1.15823 -0.403365 0.861217 -0.212288 1.12862 0.789151 1.17045 1.1503 -0.185221 0.342706 0.0888451 0.86363 1.17634 0.0200435 -0.28774 -0.457582 -0.492673 0.165136 -0.192709 0.0550815 0.00469559 0.759685 0.0476625 -0.544638 0.267039 -0.686975 -0.0902564 -0.405842 -0.785621 -1.18011 -0.225798 0.412404 0.577373 -0.263453 -0.243562 0.162768 0.755409 0.557197 -0.969475 
-1.21474 -0.684623 0.44776 -0.733086 1.20525 0.462435 1.13941 0.949191 0.233338 -0.178362 -0.783097 0.538785 0.242104 -0.0193079 -0.22268 -0.406454 -0.752177 -0.121817 0.559596 0.305683 -0.104795 0.170601 -0.593299 0.01711 0.390905 -1.00525 0.10196 0.0709179 0.535468 0.901218 -0.438753 0.309646 -0.0609931 0.0116816 -1.56041 0.504983 1.17355 0.390417 2.11157 
-1.17753 -0.626045 0.454764 -0.964464 1.00681 1.34875 1.47614 1.04551 -0.0146204 -0.250593 0.105955 1.25454 0.171086 0.122003 -0.216822 0.0778862 0.408546 -0.273617 0.116937 -0.0059116 0.0163772 -0.800726 0.552645 0.628914 0.657456 1.42459 0.161429 0.200239 0.509097 0.623645 0.321759 -1.03139 -0.765189 0.389136 -0.145699 2.40492 -0.596981 -0.536383 1.88444 
-1.09274 -0.901445 0.525646 -0.324541 0.931634 0.579371 1.1335 0.965568 -0.567388 0.374283 -0.154183 1.19624 1.6667 0.142122 -0.0224405 0.102643 -0.128531 0.199942 -0.47179 -0.459507 0.284341 0.024902 1.81162 -0.579871 -0.145478 0.879187 -0.0945401 0.161568 0.248433 -0.707656 0.436621 0.885521 -0.00247082 -0.0365442 0.398775 -1.49932 -1.15065 -0.980754 -2.5564 
-1.03541 -0.648486 0.557407 -1.093 1.20675 0.876958 1.01663 1.32985 0.0102815 1.56103 -0.473916 1.10906 1.05027 0.0274633 -0.0552536 0.32632 -0.29911 0.163005 1.00246 -0.00838242 -0.020167 -0.401951 -0.946673 -0.521738 -0.323298 -1.1318 -0.0824722 -0.435502 0.320617 0.099782 -0.393461 0.800737 0.443115 -0.213756 -0.772023 -3.1469 1.54727 0.14228 -0.952325 
-1.06527 -0.956698 0.851966 -0.623651 1.09464 1.58183 1.12511 0.945401 -0.969338 -0.57239 -0.675921 0.872943 0.534894 0.0596494 -0.457942 0.42326 -0.0287495 -0.193519 0.328947 -0.0163921 0.0705845 -0.747121 -1.33528 0.967403 -0.00319811 -0.0731376 0.0947866 -0.315273 0.0824275 -0.390585 -0.314198 -1.65948 -0.739915 0.327798 0.936223 1.98445 0.885994 0.213926 1.82859 
-0.975763 -1.10643 0.980667 -1.12174 1.01323 1.20591 1.00024 1.40043 -0.736839 0.22575 0.493487 1.10586 0.977136 0.12225 -0.370527 0.408747 -0.689696 -0.151193 -0.65702 -0.748297 0.307631 0.534272 1.03778 0.364255 -0.109372 0.696782 -0.0577399 0.114357 -0.360641 -0.193708 -0.26885 -1.30635 -1.16404 -0.534334 0.907395 2.5011 -1.1525 -0.481707 -0.566577 
-0.943022 -1.32722 1.26071 -1.31335 0.943445 0.924809 0.376816 1.25303 -0.435066 0.465389 -0.311666 0.763571 1.23168 0.00190946 -0.343585 0.0626196 -0.222457 -0.462369 -0.977402 -1.18044 -0.463749 0.160274 1.16583 -0.185095 -0.484905 -0.639714 -0.0810495 0.146854 -0.595783 0.638896 0.0927854 0.583119 1.00933 -0.282884 -1.11414 -1.29966 -0.319139 0.0647857 -1.50809 
-0.973853 -1.45001 1.04329 -1.3442 0.55086 0.228503 -0.180198 0.936683 -0.576565 1.39158 0.308392 0.620954 0.337421 0.0412004 -0.223673 -0.187036 -0.0507996 -0.0584081 -0.0739008 0.261033 0.0247471 -0.579867 -0.261886 0.0451164 -0.0445864 -0.811307 0.0946385 0.0144103 0.0392313 0.366728 1.09242 2.05633 2.36057 0.731864 -0.0446194 -0.886082 -1.06848 0.37133 0.729387 
-0.901821 -1.5509 1.07368 -1.36415 0.885037 0.850909 0.637849 1.27778 -1.01493 0.203502 -0.266549 0.718984 0.420369 0.096548 -0.329174 0.101851 0.144271 0.630048 1.07892 1.18014 0.268115 0.115655 0.279746 -1.25357 -0.113574 0.0896722 0.0411408 0.191131 0.589012 0.190355 0.222538 -0.139523 -0.995555 -0.17534 0.93258 1.53941 -0.836058 0.211972 1.42637 
-0.877305 -1.77919 1.14514 -1.19993 1.18091 1.30743 0.99994 1.2048 -0.46091 1.67132 -0.945181 0.50738 0.427094 0.0823412 -0.0325419 0.401976 0.139555 0.16413 -0.213424 -0.734523 -0.150593 0.352713 1.27752 -0.790942 0.167386 0.615063 -0.0239489 0.639055 0.12094 -0.0753769 -0.729061 -2.26857 -1.91559 -0.200616 0.00686301 -1.2617 2.27604 1.2135 0.654416 
-0.81948 -1.58344 1.47565 -1.22459 1.04917 0.637484 -0.0966741 1.12719 -0.66222 1.48102 -1.05749 0.88637 1.03543 0.072599 0.30988 0.222791 0.0688939 -0.0990127 -1.18965 -0.735449 0.0674989 0.122518 -0.981952 1.02247 1.09993 0.744088 -0.0714782 0.106153 -0.552613 -0.253058 -0.0798831 0.631358 1.49013 0.204402 -0.417167 -2.08659 1.04461 0.15183 -0.973157 
-0.804706 -1.46931 1.36793 -1.13104 1.0819 0.117779 0.264491 1.2723 -0.338392 0.689371 0.0772908 1.60731 1.17118 0.010863 0.073611 -0.150637 -0.113503 0.0842471 0.417934 0.755608 0.053809 -0.0644539 -0.809069 0.253666 0.319216 -0.358094 -0.0752486 -0.515856 -0.206819 -0.70545 0.22138 1.45083 0.869012 -0.220542 -0.400313 -0.0721192 -2.09946 -1.48696 -1.29804 
-0.808617 -1.50983 1.32502 -1.33809 1.13341 1.05542 0.658934 1.181 -0.726674 0.671954 -0.803825 1.20559 0.677338 -0.00264954 -0.205976 0.015972 -0.636556 0.122368 0.261185 0.133563 -0.153043 -0.277795 -1.05407 -1.07699 -0.38703 -0.553954 -0.0376147 -0.316157 0.01346 0.0114909 0.131489 -0.245518 -0.324662 -0.0980792 -0.276648 0.960502 -0.499688 -1.18254 -0.712097 
-0.807356 -1.67528 1.3839 -1.76759 1.20426 0.378965 0.398055 1.11925 -0.616188 -0.3647 -0.999698 1.22028 0.617228 -0.0267516 -0.242546 -0.137177 -0.102012 0.215736 0.172416 0.430946 -0.0442702 -0.341102 0.151434 -0.246022 -0.863326 -1.07019 0.0187162 0.422615 0.0617958 1.04304 -0.114459 0.490844 0.0776584 0.109074 -0.43159 2.77935 2.39853 -0.131096 1.12103 
-0.835369 -1.75237 1.18784 -1.44011 1.34915 1.22783 1.08988 1.13673 -1.06778 0.823388 -1.04985 0.342261 -0.392853 0.0160667 0.216639 0.0777678 0.406485 0.00790912 0.75203 0.211222 -0.043969 -0.709386 1.72528 1.32154 -0.518126 0.567072 0.0960114 0.649353 0.314628 0.1522 -0.699731 -0.419509 -0.83994 -0.238589 0.471781 -3.24424e-005 0.869383 1.28659 2.11201 
-0.791289 -1.45864 1.46167 -1.36111 1.21217 1.13099 0.609276 1.07528 -1.32557 1.36058 0.321841 0.702153 1.1843 0.0692598 0.406807 0.177451 0.0501883 -0.483996 -0.247092 -0.408994 -0.28286 0.130679 0.151401 0.623361 0.423262 1.04182 -0.0517935 -0.639228 -0.190977 -0.481485 -0.0165067 -0.620746 -0.393665 -0.3182 0.59984 -2.73385 -2.25982 0.578483 -1.40914 
-0.766109 -1.34557 1.36529 -1.38992 0.865154 0.980743 0.680887 0.853866 -0.937097 0.974789 -0.426486 0.765523 0.648968 -0.0357268 -0.42259 -0.113209 -0.0750002 -0.00859758 0.131284 -0.182443 -0.362169 -0.109546 -1.00857 -0.93828 0.060357 -0.842064 -0.067222 -0.818409 0.11336 0.171841 0.990004 0.937884 -0.41295 0.340178 -0.507683 1.0433 -0.461959 -0.640972 -0.802618 
-0.827016 -1.88123 1.34846 -1.43611 1.20357 1.26228 0.426834 0.713116 -1.43512 0.352017 -0.616439 0.76251 0.342235 0.00203774 -0.411602 0.290811 0.222029 0.506008 0.690791 -0.821944 0.0573186 -0.377004 1.1947 0.161401 -0.21771 0.239203 0.12289 0.580923 0.373112 0.116116 -0.288488 0.230537 -0.577179 0.599999 0.240033 3.01315 -0.623494 -0.873696 1.00941 
-0.764071 -1.75717 1.6561 -1.16789 1.37116 1.67153 -0.141057 0.911185 -1.3141 2.16949 -0.265085 0.547813 0.88817 0.0871627 0.158334 0.259903 0.0411158 -0.297086 0.361821 -0.759622 0.23783 0.130487 2.00459 -1.56177 -0.813339 0.167345 0.807873 2.31339 -0.739662 1.02521 -1.20051 -2.27762 -0.277613 -1.75986 -0.224425 -0.472691 -1.24825 -0.322217 -0.725391 
-0.739853 -1.7229 1.60836 -1.39499 0.906489 1.6241 -0.332789 0.950946 -1.30463 2.3566 -2.17821 -0.0508293 0.50958 0.80991 1.90179 -0.448851 1.24724 -0.6945 -1.58683 -1.09956 -1.70255 -0.601429 0.722014 -1.08685 -0.539927 -0.486188 1.28287 1.81551 -1.74739 2.42607 -0.865691 -3.15745 -1.50243 -2.59972 0.455353 -4.64806 3.25483 0.0199303 -0.544158 
0.045839 0.144617 1.20725 0.0793542 0.676663 0.0847082 -1.24061 -0.79136 -1.91553 2.89151 -1.35194 0.00788646 0.401982 1.37003 1.97384 -1.48748 2.46719 -1.16278 -2.79563 -2.26205 -2.36189 0.585841 -2.64347 1.69305 -0.793409 -0.376814 0.147055 -1.61295 -1.31922 0.0281121 -0.861944 0.781181 -0.160347 1.50681 2.38711 -3.55019 2.88811 -0.527969 1.26645 
0.630178 0.25094 0.120877 1.07219 -0.256288 -1.17153 -2.59484 -1.41094 -0.718791 -0.286867 -0.485162 -0.844238 0.132766 0.956965 0.288837 -1.76807 1.27535 -1.55644 -0.805645 -1.2599 -0.195734 1.78568 -2.82817 1.80126 -1.0679 0.780258 -0.929402 -1.45748 0.278188 -1.96013 0.200491 2.96334 2.6293 2.83828 0.589017 3.16123 -1.38194 0.741934 1.06614 
1.0028 0.433454 -0.56082 1.35471 -0.879781 -0.720937 -2.50052 -0.987094 -0.129853 0.0633345 0.449322 -1.06001 1.18224 0.44063 0.516358 -1.2093 0.507053 -0.962286 0.167711 0.367256 0.476393 1.17486 0.517756 0.311111 -0.0514749 0.689322 -0.78592 -0.285365 1.37127 -0.998307 1.52429 0.111829 2.48508 0.31176 -0.51532 2.68351 -1.98507 1.32933 -0.907834 
1.07081 0.767299 -1.08842 1.57924 -1.21857 -1.00382 -2.22758 -0.934546 0.456066 0.230889 -0.174051 -0.895713 0.822088 0.171045 0.00347176 -0.396804 0.277048 -0.0321567 -0.693816 1.22518 0.116026 1.27036 -0.144659 -0.183812 0.261431 -0.127577 -0.281559 -1.00496 1.01537 -0.640958 0.901944 -0.37301 0.187125 -0.344815 -0.615414 -1.35072 -0.38733 -0.200221 -0.948868 
1.17385 0.436925 -0.957624 1.63176 -0.911938 -1.41475 -1.27534 -0.871068 1.1405 -0.0813247 0.26551 -0.798579 1.05466 0.159071 -0.488605 -0.19393 -0.133905 -0.0603417 -0.2053 0.554381 0.131578 0.559444 -0.832965 -0.0762197 -0.251696 -0.259545 0.0319168 -0.484127 0.374783 -1.3777 0.00744605 0.384921 -0.756386 0.117117 -1.00423 -0.218587 -0.730369 -0.369376 -0.424511 
1.22988 0.278694 -1.28235 1.44534 -1.27892 -1.20912 -1.6732 -0.802967 1.01551 -0.602076 -0.250271 -1.14741 0.562543 0.202962 -0.480655 -0.0220213 -1.10065 -0.0247107 -0.308895 0.468794 0.233144 0.266126 -0.363246 -0.914181 -0.107945 -0.552088 -0.00317897 0.435159 0.368505 -0.492639 0.279331 0.409889 0.831464 0.285158 0.12532 0.763558 -0.434358 0.528974 0.503198 
1.37681 -0.0437297 -0.979645 0.531106 -0.936649 -1.72365 -0.806543 -0.637925 1.40663 -0.444571 -0.648671 -0.906524 0.502576 0.155892 -0.0534464 0.174576 -0.626544 0.21899 0.20459 1.38585 0.416736 0.684764 -0.0694069 -0.510578 0.277278 0.243653 -0.124715 -0.151414 0.15885 -0.152783 0.0810583 -1.49182 -0.56886 -0.342559 -1.04109 -0.335827 -1.4543 -0.579141 -0.536861 
1.38577 0.225247 -1.10777 0.818795 -1.05993 -1.00453 -0.287353 -0.386232 1.70027 -0.671483 -0.760849 -0.870131 0.806196 0.0782477 -0.632069 0.136829 -1.25343 0.0563476 -1.80071 -0.100066 -0.109415 -0.774968 -0.699073 -2.36848 -0.687086 -1.08895 -0.111417 -0.4444 -0.0204458 -0.194566 0.119025 -1.40783 -1.60946 -0.344175 -0.856649 0.453702 -0.908147 -0.592081 -0.957825 
1.45506 -0.675798 -0.842817 -0.722327 -0.880301 -3.52436 -0.90661 -0.74734 0.631662 -1.14364 -3.01715 -1.59361 -0.586373 0.0444748 -0.497846 0.15413 -0.82111 0.338014 -1.20324 -0.223617 0.0725613 -0.171885 0.384295 -1.41872 -0.314803 -0.714173 -0.160239 1.68568 -0.490006 3.05086 -0.122833 4.75807 0.699177 0.837597 2.26082 2.03743 4.33038 1.2281 2.55152 
1.43025 -0.272599 -0.953644 -0.00231485 -0.721912 -2.20777 -0.51097 -0.31367 1.52839 -0.287188 -2.17957 -1.18493 0.0920229 -0.0819914 1.05361 -0.353177 1.79743 -0.0664858 2.95735 0.599111 0.728182 1.48585 1.33836 1.9619 0.541016 1.46258 -0.165161 1.21221 -0.716038 1.92095 -0.914756 2.94564 0.0442639 0.125855 0.249834 -0.418986 2.39915 0.148926 1.12873 
1.37307 0.377812 -1.19599 1.0751 -0.946787 -0.56701 -0.307499 -0.0191577 2.11752 0.194713 -1.05525 -1.05259 0.876203 -0.120686 0.714362 -0.561908 1.09984 -0.576742 1.7424 -0.179354 0.198416 0.0779495 -0.0346905 0.980428 -0.165876 0.414555 -0.00188072 -1.03639 -0.0982167 -1.99746 -0.373609 -3.04043 -1.05786 -1.08504 -2.10448 -2.92966 -2.12263 -1.31748 -1.96842 
1.30956 0.441763 -1.51555 1.09753 -1.29865 -0.46537 -0.690324 -0.115254 1.60634 -0.321878 -1.19915 -1.35081 0.506578 -0.0838721 0.0172186 -0.451394 -0.200031 -0.440095 -0.0830815 -0.458746 -0.356863 -0.618627 -1.59131 -0.160725 -0.776468 -0.505839 0.120831 -0.688851 0.647826 -1.21822 0.723847 -1.58637 0.623478 -0.356373 0.319732 -0.725419 -0.535598 -0.11487 -0.380739 
1.2892 0.39503 -1.64739 0.875071 -1.38688 -0.650092 -0.766244 -0.376021 1.49889 -1.39659 -1.21597 -1.82906 0.370364 0.000144579 0.0255113 0.0859178 -0.118378 0.147105 0.156029 0.444124 -0.157957 0.397681 -0.760109 0.444829 -0.280747 0.033816 0.0920503 0.0776863 0.689779 0.186675 0.626974 0.554381 0.807824 0.461224 0.938542 1.94891 0.652241 0.765655 0.645165 
1.3097 0.467275 -1.42963 0.979151 -1.15155 -0.309341 -0.246199 -0.273211 2.00402 -1.08199 -0.754317 -1.63156 0.540394 0.00817822 0.0949048 0.238385 -0.0133563 0.186879 0.471299 0.349079 0.104361 0.319915 0.357601 0.491516 -0.0108124 0.139326 -0.0782667 0.128107 -0.352804 0.159274 -0.519088 0.170464 -1.47572 0.185736 -1.4 1.13611 -0.783153 -0.0977749 -0.520687 
1.29737 0.489935 -1.409 0.861715 -1.2 -0.178792 -0.417166 -0.27166 1.8188 -1.03899 -0.724458 -1.83987 0.509689 -0.0781221 0.153619 -0.266886 0.0408961 -0.371983 0.326493 -1.0316 0.0277795 -1.00232 0.376005 -0.338324 -0.378521 -0.486871 -0.0469699 -0.0153339 -0.126484 -0.383603 -0.0468028 -0.92858 -0.428881 -0.340839 -0.647989 0.470501 -0.0211571 0.131823 -0.504373 
1.23158 0.620893 -1.69652 1.02005 -1.52353 0.0171522 -1.2778 -0.245431 1.0017 -0.705983 -1.09264 -2.01008 0.053523 -0.0387917 0.079571 0.111902 -0.39696 0.140076 -0.45728 -0.0798024 -0.236478 -0.328074 0.828102 0.470359 0.121011 -0.365047 0.0856224 -0.396615 0.940355 -1.40371 0.906012 -2.11393 1.75533 -0.813109 0.689358 0.301942 0.878036 0.572294 -0.499603 
1.25858 0.569506 -1.2971 0.464755 -1.05993 -0.636073 -0.496968 -0.508138 1.49073 -0.210889 -0.254099 -1.71886 0.144642 0.00750035 -0.242997 0.673469 -1.36282 0.53403 -1.78743 0.723733 -0.785329 -0.312964 0.677947 0.539712 0.193772 -0.986475 -0.279245 0.576671 -0.24849 0.918583 -0.543194 0.826077 -0.223471 -0.341793 -1.13048 -0.166514 0.751461 0.659479 -0.588735 
1.23908 0.377897 -1.02305 -0.342768 -0.989501 -1.77028 -0.554067 -1.03076 0.688734 -0.0280361 -0.552929 -1.81631 -0.932952 -0.318037 0.656242 -0.136588 0.521624 -0.403118 0.368797 -0.303273 -0.578271 -1.45855 0.661588 1.22182 0.78049 -0.953782 -0.556662 0.44279 0.863231 1.33181 0.189244 1.60422 0.0283415 0.929179 -0.170913 0.565537 0.576966 1.66159 0.595886 
0.940546 1.22575 -1.43369 0.986378 -1.46304 -0.267276 -0.800241 -1.08641 0.0321764 0.450699 0.967721 -0.938374 -0.80914 -0.549162 0.199793 1.5367 -0.0310095 0.723274 -0.183214 0.752074 0.143849 -0.483877 1.24348 1.11668 1.85536 -0.390588 -0.354468 -0.54711 1.62657 -0.245127 0.974328 -0.741265 0.527048 0.929398 1.9424 -1.65922 -2.60784 -0.16602 1.33221 
0.689921 0.57769 0.513648 -0.373778 -0.266227 -1.95349 0.198007 -0.886911 0.204857 1.21545 0.563748 0.0390527 -1.32354 -0.672504 0.109132 1.48999 0.276496 0.57121 -0.372468 0.223775 0.351127 0.48385 -0.997627 -1.38602 0.614469 0.378424 0.00600923 0.572478 -2.09254 0.817879 -1.11887 1.639 -1.8815 0.123769 -0.0250557 -4.32767 -2.80997 -2.08113 0.565667 
0.268042 1.33488 0.0562979 1.26287 -0.891834 -0.639744 -0.576466 -0.735282 0.516026 -0.546928 -0.4183 -0.323904 -0.430716 -0.543153 0.772272 -0.55584 0.78687 -0.395595 1.45578 -1.12942 0.267618 -0.508933 -3.08418 -1.69329 -0.225777 0.175079 0.438795 0.261436 -1.18035 -1.85311 0.113233 1.00107 0.686103 -0.493296 -2.29947 0.390347 0.751355 0.830488 -0.204327 
0.146768 1.34996 -0.0421924 0.413092 -0.661823 -0.497711 -0.931414 -0.619293 -0.304076 -1.86873 -1.12955 -0.186724 -1.14846 -0.23371 0.370568 0.309637 -1.57662 0.684443 0.628599 0.909878 -0.142169 -1.81562 -0.60728 -0.634667 1.44496 0.174097 0.720251 -0.640122 0.596671 -0.692527 0.582346 -2.08663 3.40587 -0.80012 -1.13737 4.20118 3.76314 2.00486 -0.325528 
0.0343319 1.70545 0.365935 -0.313741 -0.207391 -0.0111451 0.333412 -0.877451 -1.29959 -1.15421 -1.05297 1.12105 -0.256619 0.177098 0.13215 0.0408305 0.0943428 0.186751 -0.630847 2.27645 -0.532501 -1.6463 1.117 2.06984 1.77909 -0.150449 0.803047 -0.711022 -1.3251 3.01292 -1.57648 -1.03655 -1.11422 -0.389215 1.16711 0.849442 3.32325 -1.32716 -0.989449 
0.323867 1.48211 -0.00136184 0.507435 -0.475072 -1.12856 1.34503 -1.15179 -1.95038 -0.751731 0.940299 1.59236 -1.29891 0.569337 -0.340454 -1.01546 1.4363 -0.892041 -0.40795 -0.204337 -0.531385 -0.64851 0.242162 2.68858 0.117793 -0.815352 0.34545 -0.476702 -0.910996 0.408757 -0.907955 1.03176 -4.09816 -0.0758666 2.26677 -0.792865 -0.736784 -2.60919 0.19795 
0.603669 1.36499 -0.649527 1.12256 -1.09943 -0.419095 0.129075 -1.40884 -1.9481 -0.912047 1.63562 1.23885 -1.07197 0.522548 -0.344552 -0.870166 0.503099 -0.721204 0.40091 -1.82171 -0.608368 0.620467 0.324138 1.33306 -0.830105 0.0475012 -0.172558 -0.0808815 0.676315 -1.6863 0.697795 0.644928 -0.568191 0.405898 1.8024 0.825835 -2.25363 -1.33905 1.01523 
0.846415 1.13756 -0.871528 1.01053 -1.19628 -0.727647 -0.476681 -1.76016 -1.32991 -0.427593 2.27336 0.762257 -1.25141 0.396779 -0.421336 -0.339147 -0.249992 -0.194246 0.236978 -0.772528 -0.125487 1.15389 1.068 0.434949 -1.22126 0.199873 -0.35779 0.152084 0.694348 -0.128239 0.445029 1.12977 1.636 1.33474 0.0313289 0.274166 -2.08281 -0.311531 0.588678 
1.00045 0.943657 -0.988674 0.872572 -1.29368 -0.182117 -0.643454 -1.53432 -0.794219 0.155951 2.07056 0.0175876 -0.872098 0.164758 -0.192468 -0.175818 0.37486 -0.276175 1.53068 -0.18571 0.72637 0.651796 0.598304 -0.749746 -1.14164 0.636179 -0.345902 0.0824681 0.508678 0.325945 0.444437 -0.351728 0.911566 0.409669 -0.504379 -0.807173 -0.791808 0.103627 -0.275157 
1.01117 0.945092 -1.04735 1.38539 -1.47245 0.803033 -0.662391 -1.03379 -0.678115 0.170711 1.52361 -0.379379 -0.615229 0.0508771 -0.338868 0.169531 0.0759527 0.25019 -0.11475 0.139038 0.284182 0.649507 0.260824 -0.356859 -1.11763 -0.0752837 -0.219288 0.137687 0.104485 -0.435992 0.750099 -2.93129 0.261049 -1.00514 0.34475 -0.268719 0.449113 0.609957 -1.27018 
1.05133 0.60479 -0.819143 0.948524 -1.04349 -0.296867 -0.504416 -1.25014 -0.144713 0.416775 1.71371 -1.10004 -0.947381 -0.0545304 -0.0547805 -0.0713331 -0.0611322 0.473924 -1.40061 0.0753391 -0.278772 0.996546 0.329584 -0.300633 -0.531679 -0.633998 -0.124778 0.644406 -0.572507 0.233811 -0.260515 -0.420877 -0.244524 -0.281698 0.243545 -0.342275 0.127036 1.45048 -0.471099 
0.956642 0.890311 -1.11868 1.32426 -0.998527 -0.597577 -0.587052 -1.31256 0.318431 0.500296 1.22298 -0.911058 -1.24923 -0.0739008 0.305538 -0.402976 0.309764 -0.0103249 -0.535627 -0.105486 0.0024848 0.893051 -0.0814502 -0.229823 0.332849 -0.546382 0.0320901 0.180009 -0.00603451 -0.0105225 -0.603923 0.929691 0.230673 0.338513 -0.425275 -0.618389 0.386121 0.635289 0.347051 
0.977424 0.910327 -1.22212 1.25829 -1.05381 -0.832494 -0.609902 -1.24766 0.748339 0.335325 1.48388 -0.767195 -1.49376 -0.0224403 0.125228 -0.0773676 -0.0716546 -0.129999 -0.47092 0.306012 0.0597408 0.57127 -0.288804 0.0854878 0.10361 -0.286947 0.0476321 -0.27216 0.6232 -0.368194 0.0270325 0.399695 0.486315 0.111917 -0.209339 -0.0248478 -0.27232 0.17333 0.728862 
0.934202 1.01554 -1.19605 1.25261 -1.12853 -1.0685 -0.28104 -1.25282 0.889701 0.211491 1.30847 -0.807448 -1.53617 -0.0262687 0.0333781 0.220224 -0.0584307 0.0167076 -0.135932 0.380829 0.114402 0.683712 -0.106298 -0.502144 0.506179 0.18248 0.074963 -0.591605 0.432738 -0.64067 0.335269 -0.422027 -0.450706 -0.00856271 -0.355652 -0.323571 -1.16616 -0.0512857 -0.0478413 
0.951156 0.943705 -1.00189 1.19986 -1.03711 -0.968427 -0.229072 -1.13325 1.43205 0.229027 0.981738 -0.261016 -1.31128 0.0525226 -0.466377 0.355371 -0.712325 0.20527 -0.892946 -0.144694 0.0511781 0.215618 -0.612375 -1.08067 0.0523243 -0.334788 -0.0505838 0.0397077 -0.326558 0.162922 -0.138216 0.546489 -0.460921 0.215463 -0.988974 -0.106001 -0.138079 -1.13692 -0.550483 
0.986725 0.549162 -0.840676 0.540283 -0.923256 -1.96144 -0.425734 -1.20165 1.10532 -0.400884 0.227796 -0.755124 -1.87096 -0.0768526 0.0730858 -0.106334 0.104492 -0.121509 0.410557 -0.0800912 0.329865 -0.305262 -0.212299 -0.640223 -0.630737 -0.368003 -0.182896 0.688185 -0.289711 1.0924 -0.106144 2.3176 0.701361 0.156189 -0.0812984 0.770306 1.13237 -0.136227 0.815797 
0.874303 1.01679 -1.10823 1.30435 -1.15861 -0.557869 -0.309164 -0.803388 1.12679 0.016728 0.341516 -0.891753 -1.67929 -0.130374 0.221808 0.0656592 0.380075 0.0991259 1.42465 0.556666 0.207367 0.13432 0.157931 0.0516979 -0.0839024 0.481008 -0.0375388 -0.165593 0.168484 -0.336378 0.448933 -0.235983 0.274315 -0.529737 0.316481 -0.4151 0.627207 0.683712 0.296303 
0.856351 0.77097 -0.775016 0.920358 -0.824131 -0.536792 0.130932 -0.994278 1.23964 -0.242953 0.279494 -0.839026 -1.38995 -0.114391 -0.0925072 0.06215 -0.231886 0.327424 0.174574 0.194224 -0.199872 0.0112196 -0.627399 -0.0130155 0.0529743 -0.0717004 -0.0543023 -0.0601871 -0.386913 -0.0400429 -0.218338 -0.789109 -1.29549 -0.228769 -0.554102 -1.2667 -0.080579 -0.0746118 -0.814236 
0.759912 0.924284 -1.04608 1.07246 -0.83119 -0.383295 -0.11494 -1.00326 1.13801 -0.610671 0.3285 -0.838779 -1.75099 -0.184676 0.161621 -0.321253 0.340032 -0.119212 0.635543 -0.738822 -0.0214013 -0.419783 -1.10876 -0.0288811 -0.158514 -0.333227 -0.0806549 0.0495813 -0.0273853 0.370684 -0.133594 0.988376 -0.48087 0.236771 -0.735317 -0.524498 -0.379224 -0.184269 0.525073 
0.671675 0.93259 -1.09627 1.26039 -0.943342 0.0987511 -0.60789 -1.01568 0.819856 -1.35172 0.250613 -0.997541 -1.72318 -0.195046 -0.0429259 0.0347647 0.138798 0.193831 1.16295 -0.286646 0.0368989 -0.724098 -1.1519 -0.392239 -0.131295 0.453372 -0.00962046 -0.188539 0.373501 -0.398009 0.223985 -0.726033 0.564038 -0.151588 -0.0794144 0.30455 -0.650209 0.262161 -0.0155507 
0.564866 0.881358 -1.01131 1.21126 -0.637359 0.779655 -0.401585 -0.966361 0.413911 -1.76257 -0.0637391 -0.970074 -1.29761 -0.194296 -0.0269187 0.0522479 -0.0579773 0.104774 -0.0904897 -0.174783 -0.172989 -0.499197 -0.804214 -0.67909 0.103646 -0.348778 0.0535128 0.124389 0.282886 -0.460236 0.0925602 -1.28453 -0.103986 -0.0728626 0.97675 0.578374 0.650392 0.761261 -0.453551 
0.477379 0.905672 -1.04402 1.20241 -0.838568 0.00826138 -0.782673 -1.18867 0.320659 -2.15593 -0.428478 -0.893894 -2.07196 -0.141533 0.081463 0.31765 -0.321438 0.286391 -0.121579 -0.390632 -0.0359637 0.252653 -0.573522 0.258153 0.629966 -0.000178796 0.00917576 0.336296 0.802233 -1.02661 0.614611 1.61842 0.000483603 0.414426 0.928747 1.26205 1.75483 1.10421 1.29243 
0.423332 0.962821 -0.693663 0.889824 -0.350968 0.658076 -0.792217 -1.00232 0.666564 -2.33609 0.194414 -0.340108 -1.29779 -0.185121 0.309378 0.85448 -1.08459 0.719384 1.52793 -0.1743 0.241437 0.42955 0.45784 1.07574 1.20785 0.943651 -0.165237 0.366251 0.7774 -1.55788 0.177362 0.454174 0.0725361 0.467202 -0.145154 1.70084 1.5531 -0.831165 -0.513715 
0.292258 1.21505 -0.189542 0.117823 -0.119184 1.53619 -0.956973 -0.947231 0.750209 -1.69809 0.647266 0.31396 -1.12831 -0.306771 0.447714 1.09505 -1.87931 0.463753 0.332596 -0.318096 0.431238 0.107499 1.12732 1.81126 -0.201198 -0.513894 -0.161759 0.104963 -0.179303 0.179349 0.0765928 -2.86148 -0.71296 0.511576 -1.52226 0.36515 0.0225813 -1.65041 -1.19626 
0.116561 1.41054 0.401387 -0.98949 0.112785 0.990672 -1.11031 -0.571086 0.774063 -1.20877 2.00567 -0.541306 -1.81169 -0.34688 0.414341 0.675177 -0.90524 0.795977 -1.33355 -0.88726 0.753013 -1.09271 0.822991 1.09833 -0.442551 -0.252609 -0.0122513 -0.317309 -0.761323 2.05681 0.457804 -0.799869 0.503471 -0.0357761 -1.525 -0.627264 -2.24677 0.846485 1.82569 