-0.749843 -0.776297 0.684665 0.915854 1.09556 -0.197436 0.546856 0.871812 -0.191335 0.256193 -0.532501 1.15378 1.14276 0.336222 -0.457208 -0.626186 -1.2954 0.220876 0.0407746 0.681257 0.469549 0.429356 0.725197 0.96084 -1.62423 1.00912 0.746165 0.890007 -0.643886 -0.788484 -1.20813 0.25619 -0.534995 -0.746016 0.728913 0.992975 0.296557 -2.32784 -2.43852 
-0.77135 -0.734393 0.622091 -0.219472 0.828253 0.0123011 0.738278 0.836971 0.545015 0.991787 0.106732 0.168139 0.0460061 -0.00367893 0.11371 0.0407794 0.12737 -0.112571 0.0587549 0.0118614 0.125796 0.537577 1.24917 -0.235944 -1.17406 -1.29576 -0.271468 0.620448 0.458334 0.751764 -0.344354 -0.768801 -1.26393 -0.596138 -0.692946 -1.8844 -1.63222 1.47598 -0.310883 
-0.753522 -0.662587 0.725444 1.04322 0.982988 -0.138681 0.558717 0.997608 0.346242 1.50536 -0.768445 -0.0202746 -0.153005 0.0647546 0.16324 -0.167852 -0.54364 -0.123478 -0.728027 -0.582677 -0.126589 -0.26359 -1.1592 -0.67138 -0.148249 0.698238 -0.0915505 -0.303297 0.0870005 -0.502913 0.305528 -0.241957 -0.92778 -0.120217 -0.0361762 -1.49124 1.92783 1.67013 1.13831 
-0.706596 -0.571153 0.45424 -0.763112 0.704775 -0.715726 0.155601 0.710383 0.281425 -0.167417 -0.564649 0.0198894 0.744244 -0.0952294 -0.189587 0.12778 -0.375544 0.192958 -0.183202 -0.915918 0.00557902 0.501401 -0.242076 1.69189 0.496073 -0.157455 -0.0515543 -0.324643 0.260867 1.71413 0.422056 1.13037 1.05328 0.450804 -0.143334 2.22413 0.656678 0.790902 0.21188 
-0.848752 -0.852175 0.853224 0.66768 1.17595 -0.321883 -0.357201 1.00319 0.847643 1.26328 0.923445 0.475798 -0.31046 0.0132003 -0.161403 0.0930159 1.17049 0.298578 0.402346 0.4706 0.324215 -0.406924 1.06493 -0.0147022 0.642652 0.910118 0.221413 0.411129 -0.540136 -0.407827 -0.518323 -0.0704004 2.41454 0.22877 -1.14313 -0.051474 -2.49968 -0.251247 1.0336 
-0.693396 -0.732556 0.547256 0.407381 1.00335 -0.31338 0.626201 1.0346 -0.125499 0.897514 -0.579351 0.662542 1.65436 0.126184 0.221542 -0.412356 -0.783371 -0.325365 -0.253602 1.49862 0.234349 -0.641724 -0.29355 -0.807792 0.244825 0.87615 -0.0668074 -0.0154227 -0.282788 -2.16661 -0.410342 -0.0322511 -0.804433 -0.364359 1.3164 -1.05901 0.360282 -0.90469 -1.09582 
-0.722568 -0.630633 0.440869 -0.115691 0.850581 -0.575485 1.14142 1.23754 0.205919 0.969734 0.115653 0.720624 0.565691 -0.0536071 -0.176825 -0.189772 -0.996119 -0.111764 0.370095 -0.333834 -0.0401438 0.909472 0.00592055 0.34558 -0.262038 -0.185699 -0.245613 -0.612242 0.471053 0.0289564 0.284732 0.970434 -2.33734 -0.759192 0.28582 -0.685342 -0.88406 -1.41633 -1.57994 
-0.747003 -0.909381 0.357484 -0.588738 0.891589 0.0567153 0.292367 0.994454 0.783973 0.903434 -0.233771 0.400504 1.46866 -0.119429 -0.3907 0.0586968 -0.754415 -0.0406334 0.716832 -0.838721 -0.524843 -0.355904 -0.978892 -1.69185 -1.17151 -0.703789 0.097222 0.376314 0.335461 1.13651 0.0537804 -1.15964 0.101995 -0.25517 -1.89724 -1.20596 -0.813995 0.217562 -1.54278 
-0.841997 -1.02133 0.499565 -0.870106 0.809948 0.141347 0.302697 0.712693 -0.149984 -0.00915708 -1.5762 -0.450883 -0.138099 0.0436149 0.199488 0.145689 0.140394 -0.0579841 -0.789542 -0.231839 -0.295314 -0.987767 -1.20004 -0.468415 -0.0444759 -1.72848 0.179454 0.347979 -0.172208 1.99433 0.135501 -1.80427 0.756889 0.380562 0.539611 1.69838 3.69852 2.00338 0.0763767 
-0.703388 -0.709893 0.503173 -0.448344 0.833605 -0.732826 0.0605284 0.699139 -0.203794 -0.296609 -0.702186 0.356028 -0.259818 0.0600244 -0.0427212 -0.113512 1.23991 0.094868 -1.08744 -0.0818318 -0.144281 0.183707 0.71949 2.00667 0.831878 -0.627413 -0.159285 -0.200846 -0.00545489 0.222585 -0.0838015 0.198781 -0.0326166 -0.0372648 0.529938 1.11817 -0.261395 0.0207969 1.4671 
-0.781973 -1.06405 0.386054 0.369808 0.904816 -0.946095 0.220865 0.568412 0.033723 0.710333 0.430466 0.380995 -0.765511 -0.11567 -0.00135813 0.140235 0.362979 -0.141786 -0.590761 -0.264456 -0.332579 -0.457829 -0.0818722 -0.72981 -0.023679 -0.261383 -0.0792566 0.483684 0.470531 -0.907872 0.11038 1.46267 -0.983674 0.0586115 -0.14454 -0.971479 -2.93839 -0.303075 1.28705 
-0.819058 -0.711251 0.643408 -0.0853651 0.691819 -1.32359 -0.203927 0.366561 -0.661623 -0.378481 -1.432 0.332349 -0.521201 -0.0192322 0.440963 0.357019 0.332043 0.205248 0.375226 -1.06551 -0.0856693 0.0391672 -0.251989 -0.931722 0.528804 0.659636 0.156588 0.0220576 0.00429758 -0.813508 0.152441 0.783842 -0.226186 0.62457 1.16228 0.468684 1.1278 0.159592 0.420212 
-0.801205 -0.623091 0.743073 0.701851 1.11006 -0.570869 -0.84464 0.482743 0.0728902 0.458344 -0.501256 0.909799 -0.105875 0.0409178 0.0206995 0.144532 -0.450529 0.0106551 0.193081 -0.490642 0.291991 0.70445 0.386812 0.397988 0.135913 0.158828 0.0997337 -0.524858 -0.675891 -1.63437 -0.387181 -0.474365 1.80471 -0.26299 -0.682665 0.261784 0.764922 -1.05765 0.280391 
-0.77814 -0.690552 0.78794 -0.535894 0.702474 -1.13051 -0.694569 0.658551 0.0428273 0.00833121 -1.03401 0.468262 -0.362373 0.0805015 -0.0838948 -0.318872 -1.30233 -0.181934 -0.0991392 0.739204 -0.348659 -0.643498 0.009795 -0.1668 -0.528846 0.940027 -0.0148076 0.168922 -0.330346 0.745591 0.0990084 1.23878 2.21577 0.0231837 -0.500241 0.0790044 0.803607 -0.11766 -0.718206 
-0.720703 -0.706986 0.424201 -0.600478 0.92813 -0.670008 -0.105436 0.134083 -0.570608 0.468139 -0.668056 0.380953 0.834151 0.0261102 0.189621 -0.185814 0.295062 0.109664 1.43186 1.72513 0.315175 0.204209 0.465816 1.20159 0.0182533 -0.559377 -0.0847149 0.0241573 0.587846 1.60558 -0.10846 0.598375 -0.342582 0.923436 0.444147 0.550148 1.82059 0.826309 -1.28136 
-0.75203 -0.50093 0.602126 -0.240832 0.812138 0.30135 1.03056 0.973726 0.247037 0.474148 0.167586 0.486515 -0.92175 -0.00421344 -0.0597375 0.268975 0.303254 -0.290394 0.499236 0.396623 0.574776 -0.199351 0.559943 1.65379 0.297463 -0.341334 -0.0588809 -0.482986 0.204787 -0.235398 -0.185558 -1.53741 -1.75382 -0.483827 0.0915312 -0.271698 -1.26992 -0.238101 1.51934 
-0.724917 -0.766723 0.693176 -0.297224 0.637736 -0.170772 0.291187 0.70886 -0.769958 1.02808 0.985733 0.678416 0.492817 -0.0327706 -0.293364 0.0189722 0.059664 -0.0758946 -0.105555 -0.0286923 -0.168652 0.295741 0.194118 -0.0683294 -0.219848 0.959967 -0.0991732 -0.413027 -0.788032 -0.93788 0.117476 -1.3358 -0.881297 -0.921544 0.745186 -0.838272 -3.01397 -1.02156 -0.480401 
-0.7848 -0.794295 0.621098 -0.181168 0.736243 0.195796 1.00187 0.805074 0.542777 0.668266 0.0992569 0.266668 0.0382167 -0.103387 -0.472764 -0.519057 -0.634626 -0.172918 -0.836569 -0.484674 -0.346768 0.545835 -0.278329 -1.36018 -0.724102 -0.821736 0.0369041 0.0489758 -0.268919 0.305188 -0.0458904 -0.775804 -0.800355 0.399706 0.471088 0.711149 0.0498767 0.569158 -0.761767 
-0.828303 -1.23949 0.174119 -0.93185 0.464818 -1.00734 -0.193487 0.362092 -0.224123 0.749753 -0.374449 -0.0456865 -0.328919 0.00413347 -0.244388 -0.249947 0.364852 -0.121785 -0.881359 -0.829047 0.231054 0.766829 0.905267 -0.0184527 0.34931 0.1982 0.189083 1.12842 1.12204 3.09447 0.810672 1.46221 0.810814 0.91503 0.435708 0.0174055 0.709386 0.676572 0.790363 
-0.780667 -1.03868 0.371151 0.183684 0.614458 -0.685563 0.172818 1.03613 1.30961 1.57353 0.0808042 0.615977 0.236416 0.0856967 0.655655 0.602987 2.45985 0.637755 0.625644 0.32614 0.568262 0.981543 -0.260923 -0.650796 -0.0475305 -0.0313724 0.0243933 0.637956 0.518101 -0.70609 0.297228 1.30494 0.761296 -0.180792 -1.01604 -1.78891 0.662109 -0.16439 -0.183454 
-0.742607 -0.583832 0.777106 1.528 1.10257 -0.381697 0.132653 0.930354 0.757419 0.48883 -1.02525 -0.0932169 -0.360291 0.0285268 0.393568 0.268154 -0.341238 0.175443 0.423583 -0.0677508 0.0502617 -0.249206 -0.883642 0.643657 0.18492 0.0147459 -0.0996957 -0.642568 -0.729753 -4.46545 -0.78398 -0.477607 0.027545 -0.186214 -0.169302 1.06651 2.16005 0.77411 0.961522 
-0.75214 -0.645116 0.639305 -0.157554 0.789901 -0.261981 0.105067 1.08639 1.0604 0.689891 0.724461 0.800897 0.251162 -0.013999 0.0130873 -0.126767 -2.0056 -0.146226 0.148036 0.353685 0.382048 0.812241 0.805591 1.50925 0.72658 0.930149 -0.0427494 -0.750127 -0.349763 1.45272 0.208585 -0.497128 1.06227 -0.280502 -0.925543 0.38798 -2.52188 -0.540866 -0.0589094 
-0.756606 -0.570745 0.650339 -0.477606 0.956347 -0.233661 0.486339 1.3124 1.56966 1.29442 0.484006 0.633363 0.569858 -0.0142225 -0.35656 -0.0816092 1.11148 0.384027 -0.0735447 0.994523 -0.23024 -1.17475 -0.495662 -1.87822 -0.355946 -0.0441635 0.00709712 -0.359568 0.0633181 3.03973 0.108454 -1.02129 -0.242806 -0.763554 -2.98377 -2.41994 -4.35831 -0.568861 0.400407 
-0.766363 -1.00168 0.557696 0.953929 1.17393 -0.335525 1.09959 0.856149 -0.11435 0.194229 -1.15376 0.444951 0.206999 -0.00690189 -0.346481 -0.0634487 1.03413 -0.0377714 -0.873249 0.110879 -0.381506 -2.17153 -1.61435 -2.84906 0.157719 1.33056 0.0348847 0.694239 0.289165 -1.50714 -0.631153 -0.626924 -1.4254 0.380406 0.531962 1.19456 2.96628 0.363251 2.08856 
-0.763508 -0.917226 0.58689 0.556526 0.918576 -1.10691 0.597218 0.930897 -0.601871 -0.319932 -2.36505 0.791082 1.90041 0.0206621 0.33768 0.207556 -0.395662 -0.247125 -0.700469 -0.430881 0.150166 -0.642788 0.698894 1.08806 0.007305 2.0444 0.0137818 0.430273 0.00560209 -1.98727 0.116796 1.77333 -1.22391 0.228137 3.31905 3.45788 5.795 0.0568518 -1.91371 
-0.745701 -0.663995 0.765251 0.558267 0.926803 -1.03599 0.668709 1.00632 -0.757138 0.893124 -0.065706 0.452256 2.2514 0.00687995 0.0837917 -0.0578466 -0.953138 0.0790248 0.900085 -1.11303 -0.153369 1.14752 1.84353 2.94594 0.214571 -0.583152 0.0631987 -0.105885 -0.202105 0.228966 0.0160504 1.59889 0.249499 -0.0207407 0.984072 -1.00276 -1.68015 -0.349808 -3.37268 
-0.756628 -0.833434 0.529044 -0.396611 0.997601 -0.206824 -0.515817 0.777528 0.545647 1.5236 0.580893 1.00565 1.31726 0.0838609 0.231795 0.0054502 -0.166697 -0.231075 0.898417 -0.181382 0.129425 0.341284 -0.303867 -0.592089 -0.342503 -1.32828 0.0214303 0.0935698 0.421085 1.52886 -0.379326 -1.04969 1.51556 0.54538 -0.831082 -2.45442 -3.15736 -0.921342 0.497288 
-0.66184 -0.432201 0.770702 0.39157 0.695728 -0.137577 0.487327 1.13574 -0.415854 0.589257 -0.657795 0.109753 0.923121 0.0283103 0.177362 0.363238 0.575725 -0.300301 -0.149603 0.40253 0.392012 0.316435 -0.610895 -0.211415 -0.706772 -0.0858637 -0.17215 -0.832182 -0.203493 -0.9624 0.0671307 -1.15254 -0.799032 -0.563404 0.119027 -0.422945 -0.0100166 0.272949 0.808217 
-0.728317 -0.656073 0.892282 0.179114 0.6973 -0.356428 -0.113287 1.16954 0.862082 0.912702 0.369478 0.298881 1.2314 -0.0882892 -0.600388 -0.198042 -1.1291 -0.163944 -0.254126 -0.980414 -0.433978 0.460311 -0.726812 -0.602105 -0.0695541 -0.520062 -0.0334961 -0.402973 -0.675453 -1.21982 0.100449 0.372643 -0.397501 -0.607928 -1.34896 0.321878 -0.307462 0.696334 0.15597 
-0.750129 -1.03259 0.572659 -0.737527 0.531784 -0.391702 -0.493087 0.701762 0.0444568 -0.137555 -1.2599 0.0401985 0.40306 -0.0051858 -0.225611 -0.312215 -0.644091 -0.199852 0.223039 0.00502912 -0.215916 -1.03253 -0.289017 -0.518877 -0.0104377 0.0701067 0.141432 0.982985 0.372538 1.71395 0.352988 0.801052 2.29968 0.527467 -0.975762 1.76319 3.11874 0.965785 0.322922 
-0.733503 -0.881684 0.580066 -0.464977 0.497448 -0.133389 -0.108258 0.953624 -0.170443 0.623684 -0.149399 0.288443 1.30151 0.0531423 0.382597 0.174495 0.584849 0.189043 0.546927 1.31927 0.0934891 -0.515451 1.03638 2.51664 0.896231 -0.19714 -0.0538725 0.296469 0.190333 0.87307 0.105854 -0.442934 1.66951 0.39046 1.27152 0.6431 2.81309 0.395414 -0.0931991 
-0.696987 -0.649991 0.747155 -0.152678 0.720827 0.155224 0.826179 0.795252 -0.470994 0.898822 1.25674 0.936429 0.20592 -0.0590583 0.0708579 -0.121883 0.228979 -0.0939977 -0.219895 1.67454 0.174544 0.238994 0.354083 2.29421 0.384976 -0.0230924 -0.138347 -0.557709 -0.332488 -0.682402 -0.359978 -1.33714 -1.26732 0.277642 2.29927 -0.22014 -2.7398 -0.899097 1.24252 
-0.792562 -0.810826 0.458184 -0.235998 0.40345 -0.353283 1.56628 1.12817 0.0685509 0.977767 2.14481 0.673419 1.27841 -0.0852046 -0.175112 -0.157993 -0.0975529 -0.170934 -0.79021 0.0519483 0.371131 1.78382 0.816237 -0.223167 -0.00286625 1.04538 0.230118 0.7889 0.805874 -0.279154 -0.0438639 -0.867876 -4.45172 -1.73867 -1.53092 -1.58114 -4.82294 -0.963561 -1.62959 
-0.782191 -0.825103 0.589162 -0.250231 0.549893 -0.634986 0.878127 1.16638 1.31282 1.71506 1.03357 0.933563 1.2513 0.17106 0.859758 0.683992 -0.0501753 -0.137862 -1.08777 -2.77717 -1.56413 -1.29193 -1.22705 -2.52873 -0.578585 -1.65268 0.8394 2.51547 1.19026 -0.446458 -1.4279 0.194652 -2.56779 -2.33081 -2.90826 -5.14903 1.48748 0.336395 -0.947651 
-0.621502 0.0489318 1.14218 -0.286174 0.265588 -1.44105 -1.21089 -0.435958 -1.22338 -0.249286 -0.383912 0.0948338 -0.374267 0.754196 2.34036 1.03227 -0.544011 -1.59883 -0.595558 -2.51584 -1.95968 -1.12445 -4.33279 1.26432 0.333529 0.0977316 0.691607 0.945951 -0.504111 -2.34991 -0.99615 1.98119 1.87836 1.0263 1.60842 -1.23989 4.09941 1.26373 2.04386 
-0.0279957 1.51526 1.62143 -0.794242 -1.04894 -1.23054 -1.63772 -0.7933 0.188374 -2.61773 2.29789 1.26709 1.34903 0.862666 1.80571 0.179881 -2.40009 -1.13401 0.893418 -0.89881 -0.537823 0.316491 -2.46694 1.57069 0.685143 0.391178 -0.305129 -1.31476 -1.73152 -2.80832 2.23874 0.762497 2.87153 2.16355 -0.30831 5.67402 -2.36067 -0.403034 -0.787889 
0.241164 1.85464 1.32206 -2.68626 -0.868423 -0.547636 -2.1097 -0.973781 -0.906887 -2.71623 1.18677 0.779977 0.0169109 0.449067 1.0256 -0.699258 -3.35233 0.639908 0.166938 0.35569 0.203872 -1.43276 1.34123 -1.09636 -0.0695049 -0.690157 -0.607171 -0.786711 -1.10177 2.15276 1.39313 -2.27017 3.76015 0.719238 -1.46806 5.70061 -1.20523 0.322069 0.927858 
0.421071 2.54085 0.92217 -4.14657 -0.409034 -1.06361 -1.28203 -0.589428 -1.24438 -1.27651 1.20153 1.19759 0.658877 0.255496 1.019 -0.921891 -0.247332 0.259118 -1.37676 2.86134 0.181415 -1.15157 3.23367 0.365454 1.00721 1.31904 -0.0526971 -1.44842 -0.290076 6.42671 -1.33063 -0.480908 2.40505 -1.45981 0.647695 1.06685 0.39414 0.238971 0.381054 
0.49666 2.87364 0.400165 -2.93359 -0.609305 -1.92439 0.751644 -0.792366 -2.05846 0.517439 1.55223 1.78719 1.33595 0.39637 -0.422821 -0.989333 3.07438 -0.690721 -0.31397 2.76074 -1.25594 -0.785063 2.40808 -0.702218 0.169466 -0.309103 0.205266 -1.94846 -0.127121 4.15048 -0.814501 1.99859 -1.78007 -0.671142 1.21268 -3.70037 -0.472936 -1.79817 -3.30422 
0.817441 2.11803 -0.0671628 -1.07219 -1.09975 -1.37758 1.47871 -1.84537 -2.02945 1.13157 0.49931 1.36705 0.349774 0.460762 -0.929462 -1.04901 3.90315 -0.555383 0.621837 1.08128 -0.489727 0.061103 -0.466702 -0.107482 -0.790955 -1.98519 -0.117188 -0.230904 0.56437 -1.45904 0.544385 0.919074 -1.77702 1.52777 1.44741 -3.59344 2.33512 -0.962037 -1.81525 
0.957422 1.94418 -0.648847 0.969553 -1.16469 -1.30255 1.83292 -1.28209 -1.99736 0.0507375 1.44475 0.996233 -0.649238 0.279182 -0.653724 -0.424963 1.61534 -0.146336 0.605105 0.983716 0.27183 0.662347 -1.18536 1.6329 -0.792572 -2.12435 -0.277195 0.521631 0.66768 -3.92382 -0.168058 0.713733 -1.07203 0.318939 0.236283 0.27284 0.563668 -0.250619 0.293955 
1.09662 1.46431 -0.492126 0.543141 -1.24609 -0.772471 2.46243 -1.57353 -1.3671 -0.0537909 2.13221 0.574481 -1.77458 0.183567 -0.407831 -0.381332 -0.0206715 -0.723441 1.33557 0.00924858 -0.170788 0.297386 -0.193862 0.456187 -1.04157 -1.69123 -0.0546037 0.172453 -0.314563 -1.94867 -0.231381 0.448985 -2.47872 0.0265575 -0.711691 0.522063 -2.57847 -0.44898 1.86821 
1.14099 1.53635 -1.03018 0.948881 -1.88813 0.0330152 1.84217 -1.45288 -1.69997 -0.143125 1.90093 -0.0453403 -2.34047 0.224578 -0.481271 -0.739526 -0.333332 -0.377717 1.05409 -1.49501 0.298388 -0.0493449 -0.663299 -0.945572 -1.24155 -0.256143 0.0378211 -0.215448 0.0171238 -0.834572 1.02175 -0.915934 -1.09732 0.359509 0.0688345 -0.479715 -1.80254 0.106791 2.11444 
1.3212 0.983034 -1.23165 0.209809 -1.62381 0.281618 0.967422 -1.27515 -1.41644 -0.71709 1.18664 -0.66707 -2.03072 0.221388 -0.623278 -0.364208 -0.855243 0.298308 0.419635 -1.08808 0.188721 0.36622 -0.673578 -1.34635 -0.934783 0.42321 -0.134056 0.563524 0.360324 1.5993 0.0190796 0.221488 0.418008 0.163588 -0.161038 0.955487 0.0479515 0.500896 1.01225 
1.36238 0.913069 -1.39439 0.0936382 -1.58982 0.45265 0.754093 -1.26416 -1.33375 -0.816702 0.554584 -0.980123 -1.91726 0.0905224 0.0822534 -0.379202 1.26597 -0.358637 1.27558 -1.077 0.461975 -0.210383 0.292188 -0.89762 -0.740655 0.756104 -0.0435211 0.0285563 0.565375 0.0436934 -0.0839043 -0.109038 0.821184 -0.225548 0.187426 0.524664 0.349616 0.133169 -0.382684 
1.41172 1.06529 -1.61085 1.47578 -1.98244 1.5572 -0.109576 -0.813172 -1.62683 -0.424902 0.289019 -1.40773 -1.27461 0.177867 -0.594722 0.201167 -0.81155 0.214404 0.310597 -0.266892 -0.0368264 0.553647 -0.148914 -0.996733 -0.801613 0.0405258 0.0421506 -0.409529 0.529937 -1.91336 0.836053 -0.988202 1.28315 -0.693979 1.54731 -0.629538 0.993601 0.501044 -0.492275 
1.54024 0.318347 -1.19322 -0.717912 -1.37542 0.763247 0.487201 -1.30099 -0.780103 -0.965616 -0.442149 -1.78174 -1.87673 0.132673 -0.327276 0.150736 -0.647395 0.477416 0.287375 0.206149 -0.232004 1.33692 -0.33735 0.0959805 -0.239611 0.263829 -0.129989 0.905425 -0.455918 2.36355 -0.133971 0.942026 -0.170801 0.477307 0.405281 0.609887 2.19926 1.01951 1.80394 
1.5444 0.738012 -1.46012 0.82838 -1.50503 1.84457 0.0965732 -1.04518 -0.289904 -0.762252 0.384999 -1.64734 -1.01079 0.0478779 0.310703 -0.254751 1.552 0.0804328 1.25262 -0.437693 0.440481 0.958928 0.460973 1.20253 0.217893 1.84446 -0.0559341 -0.230364 -0.116841 -0.365173 -0.122817 -0.727145 -0.57574 0.195362 -1.26117 0.188102 -1.18783 0.264022 0.232419 
1.58812 0.62905 -1.44797 0.834086 -1.29498 2.01587 0.0495084 -0.860505 0.178825 -0.504643 0.760377 -1.56384 -0.0322702 0.0767389 -0.55764 0.0338941 -1.01257 0.354599 -0.439769 -0.369591 -0.0366424 0.0757552 -0.149248 -1.09185 0.024411 0.496248 -0.0414772 -0.565099 0.182077 -2.08046 0.00920685 -1.59666 -0.11751 -0.666541 -1.15144 -0.707263 -2.55033 -0.281771 -2.32444 
1.62113 0.180373 -1.42622 -0.184188 -1.15043 1.4048 -0.273018 -1.08182 -0.214149 -0.911501 -0.706849 -1.62293 -0.514538 0.00640077 -0.254396 -0.0726742 -0.528464 0.0896396 -0.344034 -0.555203 -0.22606 -0.192512 -0.24629 -1.34781 -0.0638773 -0.47998 -0.168341 0.711161 -0.445464 0.942116 -0.71215 0.173128 -0.82586 -0.455503 -0.491454 -0.646008 -0.0737035 -0.462137 -1.56327 
1.59452 0.374654 -1.52065 0.305621 -1.20534 1.67184 -0.505695 -1.08657 -0.0136879 -0.750932 -0.587431 -1.62772 -0.51225 -0.0916022 0.153521 -0.41157 -0.0704521 -0.357551 -0.266641 -1.19545 -0.492146 -0.415699 -0.795257 -1.16555 -0.437726 -1.06702 -0.0744088 0.474945 -0.208361 1.21286 -0.136116 0.545969 0.17515 0.19045 0.637628 0.0119148 1.34552 0.106975 0.55958 
1.52953 0.333894 -1.83779 -0.25464 -1.50798 1.13816 -1.46847 -1.57396 -0.629848 -1.70676 -1.8724 -2.06065 -1.58156 -0.0680081 0.22055 -0.281035 0.684399 -0.046476 0.201935 -0.380053 -0.03561 0.445116 -0.234375 -0.00228618 0.043098 0.0795997 0.0433446 0.146172 0.307152 1.17521 0.396609 1.13788 1.38725 1.03968 1.21634 1.76466 2.25295 0.972957 2.39537 
1.52651 0.595204 -1.80168 0.99002 -1.25182 1.87377 -0.885748 -1.12218 0.431428 -0.985307 -0.589717 -1.58462 -0.432651 -0.0482576 0.299693 -0.104418 1.10476 0.0390581 0.871242 0.191795 0.547536 0.800645 0.969402 1.0874 0.535231 1.32835 0.0621504 -0.409383 0.540059 -1.5782 0.340463 -0.625987 0.650764 -0.0230357 0.449622 0.254341 0.271066 0.366422 0.493354 
1.48128 0.633586 -1.94221 0.850119 -1.46892 2.0094 -1.27667 -1.02643 0.170797 -0.737356 -0.785 -1.52542 -0.253213 -0.00585767 -0.188833 0.259024 -0.893796 0.293987 -0.424052 0.270711 -0.0586457 0.894738 0.019966 0.26878 0.40952 0.572954 0.00670316 -0.800403 0.184502 -2.74824 0.125892 -2.11082 -0.845539 -1.15594 -0.49247 -2.53577 -2.13345 -0.750953 -2.15826 
1.52066 0.406371 -1.54266 0.0962234 -0.957833 1.44972 -0.615037 -1.18082 1.32617 -0.965341 -0.320937 -1.1751 0.140303 -0.0415544 -0.500711 0.0800834 -1.64348 0.16495 -1.23958 -0.653744 -0.608409 0.308175 -1.56637 -1.04605 -0.215722 -0.829911 -0.146035 0.537387 -0.385512 2.55591 -0.247429 1.17632 -0.987738 0.302979 -0.962298 -0.180244 -0.496829 -0.572101 -0.747058 
1.43972 0.132876 -1.86213 -0.793363 -1.30397 0.769827 -1.93042 -1.63484 0.478972 -2.30372 -1.83105 -1.74114 -1.08312 -0.151893 0.348554 -0.126488 1.66212 0.0465585 0.752266 -0.717027 0.244333 -0.06756 -0.160278 -0.228049 -0.16258 -0.174104 -0.0499158 0.938215 0.549989 3.38961 0.655196 1.94218 1.60094 0.970503 0.845361 3.07348 2.56814 0.57498 1.51731 
1.36876 0.754925 -1.66914 1.75834 -0.911275 2.20198 -1.33206 -0.936488 1.25861 -1.12562 -0.548986 -1.33768 -0.0338014 -0.0914702 0.437505 0.630073 1.74613 0.820147 0.7026 0.947194 0.362094 1.15354 1.50712 1.52208 0.359257 0.687403 0.0725929 -0.451496 0.614912 -2.40189 0.367454 -1.68839 0.847517 -0.388612 0.972683 0.249048 0.691902 0.420465 0.0379334 
1.34825 0.570381 -1.23206 0.952766 -0.483824 1.47243 -0.983224 -1.27274 1.63251 -0.796606 -0.308969 -1.38189 -0.395721 -0.0793002 -0.102942 0.488425 -0.739771 0.414012 -0.936125 0.130491 -0.144279 0.905123 0.0887698 0.463853 0.257885 -0.136171 -0.0272743 -0.4725 -0.329196 -2.43787 -0.802686 -1.30548 -1.44484 0.080956 -0.327868 -1.8917 -1.36088 -0.104842 -0.680509 
1.28946 0.651983 -1.18072 1.01857 -0.497262 1.26586 -1.20157 -1.08077 2.16373 -1.03685 -0.0851337 -1.0798 -0.169972 -0.118745 -0.0349951 0.300877 -0.691739 0.0174603 -0.602875 -0.497645 0.44305 0.825668 -0.384579 0.161201 0.254416 0.00689436 -0.156231 0.708046 -0.438065 0.6405 -0.706296 1.09954 -1.45496 0.773841 -1.21834 0.245499 -0.120009 -0.590075 -0.817808 