0 0 0 0 0 0 0 0 0 0 0 0 0 0 0 0 0 0 0 0 0 0 0 0 0 0 0 0 0 0 0 0 0 0 0 0 0 0 0 
0 0 0 0 0 0 0 0 0 0 0 0 0 0 0 0 0 0 0 0 0 0 0 0 0 0 0 0 0 0 0 0 0 0 0 0 0 0 0 
0 0 0 0 0 0 0 0 0 0 0 0 0 0 0 0 0 0 0 0 0 0 0 0 0 0 -0.920194 -0.606532 0.894732 -0.878425 0.333343 0.706546 0.898404 1.98201 -0.206141 0.801682 -0.303378 0.722778 -0.170722 
0 0 0 0 0 0 0 0 0 0 0 0 0 -0.920194 -0.606532 0.894732 -0.878425 0.333343 0.706546 0.898404 1.98201 -0.206141 0.801682 -0.303378 0.722778 -0.170722 -0.665858 -0.556574 0.600276 -0.48166 1.34494 0.980657 0.983396 1.28095 0.292319 0.963357 -0.659582 0.964416 0.783553 
-0.920194 -0.606532 0.894732 -0.878425 0.333343 0.706546 0.898404 1.98201 -0.206141 0.801682 -0.303378 0.722778 -0.170722 -0.665858 -0.556574 0.600276 -0.48166 1.34494 0.980657 0.983396 1.28095 0.292319 0.963357 -0.659582 0.964416 0.783553 1.17573 0.831012 -1.23335 0.739641 0.134105 -0.932313 -1.70057 -3.68471 1.05886 -0.0845269 0.955196 -1.42697 0.334833 
-0.665858 -0.556574 0.600276 -0.48166 1.34494 0.980657 0.983396 1.28095 0.292319 0.963357 -0.659582 0.964416 0.783553 0.255531 0.22448 -0.338617 -0.138783 0.467447 -0.225766 -0.802169 -1.7027 0.852723 0.717156 0.651818 -0.704188 0.164111 0.678685 0.686282 -0.321375 0.295477 -2.11035 -1.34151 -1.06316 -1.38165 -0.74299 -1.05851 1.23104 -3.50874 -1.4331 
-0.664663 -0.382053 0.556115 -1.01721 0.80079 0.48078 0.0962352 0.279313 0.646582 1.51884 0.34844 0.0185903 -0.00661008 0.0128269 0.129708 0.278901 -0.186183 -0.765411 -0.360852 -0.0797621 -0.100702 -0.450671 -0.0951494 0.571458 -2.54432 -0.649549 -0.319864 -0.380363 0.303343 0.30321 -0.333956 0.192642 2.39094 2.47811 -1.91801 -1.15996 -1.40956 0.420105 0.00589939 
-0.653032 -0.426866 0.879178 -0.667842 0.579527 0.619805 0.903634 1.18024 -0.158353 0.868207 -0.0881242 -1.5799 0.134004 -0.0643327 -0.155883 -0.0352742 0.164427 0.133492 -0.0331246 1.58878 0.775405 -1.06529 -0.442804 -0.757742 -0.284082 0.170011 0.0676132 -0.0647298 -0.681601 0.0117019 1.41194 0.56684 -0.566377 -0.569738 1.11687 1.33623 0.442203 6.37674 1.96771 
-0.728996 -0.537936 0.520841 -0.852781 0.934282 0.447655 1.68501 1.05472 -0.41871 1.07603 -0.409302 -0.265492 0.163401 0.0804401 0.0649782 -0.4027 -0.174481 0.646527 0.205987 -0.646139 -0.670439 0.666195 1.24108 1.01366 3.83242 1.31817 0.27942 0.251255 -0.267296 -0.392711 -0.0647524 0.21955 -2.62591 -0.758156 1.7069 0.75967 0.0955993 -0.191005 0.747062 
-0.572591 -0.361887 0.476478 -0.842323 1.22605 0.825792 0.257495 0.509805 0.507843 2.10929 0.925536 2.25251 1.45217 0.215087 0.0953722 -0.30257 -0.228284 0.0687393 0.186425 -1.03714 0.0172492 0.641605 0.316866 -0.662142 -0.475087 0.917073 -0.0706729 -0.0476533 0.516784 0.176546 -0.90642 -0.438934 1.13315 0.974135 -0.641006 -2.14088 -1.96357 -4.83338 -2.19614 
-0.513909 -0.442563 0.218271 -1.08107 1.00302 0.63408 0.647875 1.07197 0.222895 1.3929 -1.07144 -0.740579 1.08047 0.00976717 0.0173248 0.114084 0.00206549 -0.259893 -0.232946 0.487012 0.303696 0.0251897 -0.899797 -0.949912 -1.00096 -0.877979 -0.3934 -0.0471547 0.705555 0.210916 -0.422827 0.0809005 1.83701 -0.0912665 -0.314833 -0.935741 1.54744 2.21648 -0.525947 
-0.562824 -0.344563 0.590562 -0.840257 0.966161 0.592846 0.744507 0.813501 0.533033 1.20949 -0.0243758 1.25155 0.574192 -0.178312 0.0482175 0.402985 -0.0173685 -0.354088 0.267326 0.799871 -0.0740173 0.326772 -0.618875 0.885295 1.7414 0.391126 -0.0448667 -0.000528612 -0.0912677 0.246671 0.45102 0.514987 -0.379225 -0.880541 -0.413269 0.17712 0.411566 -0.57582 1.72723 
-0.692221 -0.394346 0.621256 -1.09843 0.648933 0.901406 1.44775 0.99795 0.549667 0.774025 -0.18615 1.00082 1.4716 -0.0350995 0.0167962 0.0228163 0.248737 0.191126 0.282041 0.107787 -0.576845 -0.388079 -0.722676 -0.538346 -1.57678 0.849254 0.230009 -0.128786 -0.337663 0.616314 0.802145 -0.757081 -2.29629 -0.633327 -0.212938 1.11859 -1.97017 -2.78272 -1.28159 
-0.597924 -0.327766 0.613378 -0.591521 1.15729 0.874886 0.852294 0.236656 0.144954 0.486817 -0.562722 -0.325224 1.42345 0.0516968 -0.0805686 0.0653226 0.598946 0.448057 -0.489756 -1.49642 -0.707345 0.113835 0.499713 -1.08488 -1.04132 -0.890461 0.026205 -0.194289 -0.331548 -0.607588 -0.167628 -0.558569 -0.0496767 1.4644 -0.265402 0.604882 0.652898 2.47142 -0.810981 
-0.640524 -0.474914 0.686579 -0.499489 1.09699 0.41165 -0.0486704 0.290606 0.663502 1.27374 -1.27103 -0.0405005 0.581139 -0.00889447 -0.177493 -0.308731 -0.358851 0.0234986 -0.276529 0.0581104 0.887554 -0.653481 -0.117794 0.114553 0.894643 0.038273 0.00392015 0.340454 -0.618899 -1.03772 -0.536007 0.771106 2.50137 0.280553 -1.07496 -0.666339 2.26228 1.91315 1.1675 
-0.606818 -0.505259 0.304647 -0.950372 1.18079 0.598358 0.910405 1.12421 -0.508528 0.369023 -0.448169 0.56942 1.46172 0.055617 0.259885 -0.553576 -0.438777 -0.0879501 0.28135 1.00496 -0.426792 -0.961122 -0.166626 1.17741 0.871835 0.277035 0.0392392 0.371537 0.451628 0.204564 -0.392624 0.467865 -0.499498 -1.62657 0.907735 0.612758 0.741946 -0.763021 -0.75274 
-0.584907 -0.215029 0.133003 -0.938266 1.00904 0.693 0.956285 -0.136186 -0.29762 1.10711 -0.0936197 0.831334 0.858174 0.0303447 0.194044 0.142897 -0.154288 -0.369125 0.191337 -0.441388 -0.739018 0.254254 0.494964 0.856499 0.131623 -0.714467 -0.0795172 -0.346725 1.14983 0.662911 0.264508 -0.290684 -1.23419 1.3233 1.1104 0.115512 -0.888527 -1.67994 -0.474191 
-0.576473 -0.311215 0.447543 -1.10466 0.811661 0.789694 0.469017 0.385192 -0.254274 0.863986 0.40833 0.701043 0.747252 -0.0239002 -0.0868401 0.596257 0.224134 0.176558 -0.009334 -0.229231 0.89651 0.149279 -0.0511134 0.288879 -0.808107 -0.197156 -0.0734756 -0.386736 -0.492437 -0.0664349 -0.113762 -0.676473 0.0384777 0.668921 -0.423388 -0.344649 -1.63892 -0.18537 1.0935 
-0.608807 -0.301869 0.72926 -0.714132 1.1856 0.683666 0.727054 0.760324 -0.148341 1.056 0.195259 0.0232268 0.661018 -0.0431309 -0.192691 -0.34954 -0.220722 -0.482887 -0.485137 -0.40291 -0.0700976 -0.169134 0.150315 -0.782425 -0.0537474 0.379031 -0.0771612 0.116393 -0.796641 -0.599679 -0.66338 -0.143731 0.243419 -1.09735 0.382204 0.154441 -1.47146 2.50382 1.0734 
-0.619604 -0.503906 0.0980033 -1.32538 0.328774 0.304558 0.0661073 0.315094 -0.423408 1.0143 -0.374095 0.647295 1.12628 -0.101061 0.0295531 -0.200384 -0.375545 -0.486822 -0.153065 0.0141879 -0.200839 0.531484 0.103328 -1.18258 1.69571 0.876249 0.0464741 0.242066 0.427534 0.474051 0.381264 0.444195 0.950965 0.531435 0.909444 0.0803805 0.806509 -1.67267 -1.03658 
-0.709869 -0.272316 0.528876 -1.08968 0.698777 0.530601 0.741242 0.559485 0.383143 1.15933 -0.987318 1.71894 1.53727 0.00334322 0.0493746 0.0779936 0.253329 -0.101623 -0.0409416 0.548055 0.461338 0.74031 0.230696 0.0240843 -1.72641 -0.657552 1.69247 0.408406 -0.884871 2.47458 -0.616132 -0.949758 -1.44198 -0.298984 1.27415 -1.06278 0.199392 -2.72809 -2.60353 
-0.616261 -0.454531 0.175997 -1.07205 0.227151 0.263616 0.614163 0.776432 0.316902 1.245 -0.350011 -1.07912 0.468731 1.59141 0.437959 -1.08525 2.09904 -1.10295 -1.10282 -1.42779 -0.499824 1.80563 -0.959452 -0.983185 -1.03238 -1.72728 1.90665 1.11931 -0.994655 1.56 -1.03223 -0.897094 -1.93085 -1.19062 0.364766 -1.77504 -1.03948 3.32679 0.237972 
0.881541 0.165643 -0.556379 1.00936 -0.404177 -0.572221 -0.686553 0.0596612 2.18877 0.199874 -1.9705 0.686564 -0.190015 1.90999 1.16869 -0.916662 1.81333 -1.13386 -0.938036 -1.38279 -0.729278 1.10508 -1.54435 -1.01539 1.60038 -0.419581 -1.24507 0.684741 0.608676 -3.18726 0.890112 0.660024 2.086 0.140666 -3.25138 -0.12704 2.5124 0.530158 1.37371 
1.29373 0.714157 -0.740665 0.741273 -0.906704 -0.67442 -0.76863 0.0471533 1.42198 -0.299352 -1.36541 0.521256 0.0491499 0.346344 1.1227 -0.476579 -1.08822 -0.212842 -0.442798 0.658205 -0.359158 -1.44575 -1.08649 1.52922 -0.502218 -0.35357 -1.59142 -0.721954 -0.134111 -1.85517 0.786737 0.999689 0.945197 0.480594 -1.32355 0.573046 1.81816 -2.36388 -0.573206 
1.22788 1.28834 -1.03296 -0.0788532 -0.617018 -1.01502 -0.0283476 -0.299496 0.74302 -0.886618 -0.441287 0.184345 -0.543585 0.318576 0.446734 -1.05077 -0.0418401 -0.347119 0.0616535 -0.437596 -0.248685 -0.218476 -0.971303 0.802763 -0.763504 -0.992786 0.207605 -1.34039 -0.691513 2.5683 -1.28974 0.752982 -1.14322 -0.860817 3.17545 1.57331 -1.70532 0.832536 0.111669 
1.61231 1.16089 -1.79144 0.699433 -1.25382 -0.612766 -1.20623 -0.201532 1.2035 -1.27065 -0.562642 -0.242248 -0.943636 0.553949 -0.21769 -1.16809 1.48009 -1.50258 0.310184 -0.485014 -1.21997 1.7297 0.486818 -0.176105 0.330317 -0.241901 -0.0218378 -0.578559 0.314073 0.547361 0.00538073 -0.412445 0.604747 -0.984286 1.20273 1.15088 -0.0925082 1.20646 0.727575 
1.78183 1.07065 -2.20105 1.40124 -2.1196 -0.704836 -0.513362 -1.51947 2.47272 -0.3998 -0.617392 0.514663 -0.785485 0.296738 -0.131826 -0.736699 0.505521 -0.341738 -0.350792 0.167151 -1.23297 0.98425 0.179574 0.710255 0.442954 -0.265212 -0.419062 0.319513 0.804029 -1.79104 2.2636 -0.813244 -0.0617769 1.51092 -2.4225 -1.02753 0.318016 -0.50609 -0.190124 
1.90905 1.02907 -2.52814 1.20495 -1.59556 -0.963558 -1.03907 -1.4345 2.18775 -1.09108 0.147613 0.200707 -1.20885 0.134887 0.101824 -0.364062 -0.310955 0.761023 -0.503061 -0.546791 0.290947 -0.692803 -0.540716 0.141911 -0.175773 -0.432025 -0.28673 0.186762 0.777842 -0.618926 0.586005 0.115347 -0.410912 1.44714 -1.83554 -0.126776 -1.46875 -0.566924 0.137046 
1.91672 1.17248 -2.56511 1.09028 -1.35858 -1.2079 -1.06015 -1.22852 1.77991 -0.940517 -0.475481 0.33889 -1.21751 0.0100083 0.0549368 0.0411438 -0.113405 0.244267 -0.235445 -0.243761 0.214171 -0.851286 0.0527975 -0.758493 -0.12397 -0.128165 -0.0732006 -0.550199 1.35987 -0.357391 0.270503 0.094585 0.795974 0.139924 -0.223878 0.990296 0.270096 -0.0831831 0.584949 
1.91905 1.084 -2.48699 1.09155 -1.35129 -1.199 -1.28284 -1.22033 1.33647 -1.03828 -0.61088 0.076737 -1.33701 0.0616863 -0.448375 0.995811 -0.668346 1.03153 -0.408475 0.249183 0.430871 -0.91668 0.449579 0.412007 -0.258956 0.152924 -0.14308 0.262831 0.502045 -0.138485 1.03662 -0.116054 0.744761 0.794133 0.0279701 0.880434 2.14289 0.457177 0.869782 
1.97841 0.724103 -1.5693 0.421934 -0.32705 -1.61637 -0.810969 -0.797653 0.863234 -0.490937 -0.0634749 0.0799336 -1.06459 -0.133072 0.317768 0.543189 -0.25189 1.28089 -0.351499 0.501 1.0083 -0.823316 0.933232 1.38439 0.333208 0.741617 -0.295378 0.889856 -1.4207 0.507157 -1.46683 0.366425 -1.02182 -0.5734 -0.0873535 -1.5484 0.529186 -1.21261 -0.648967 
1.78598 1.40177 -1.9438 0.839659 -0.0704068 -1.5505 -0.781836 -0.212027 0.513149 -0.105052 0.773512 0.409945 -0.595397 -0.233691 0.441481 -0.424892 -0.161189 -0.435301 -0.042051 -0.77264 -0.142529 -1.00403 -1.09882 0.941193 -1.47156 -0.496043 -0.0330158 -0.297984 -0.526893 -0.0541235 -2.25101 0.648496 -1.84378 -1.89074 0.955311 -2.40885 -1.62586 -1.23918 -1.98798 
1.74472 1.16558 -1.99419 0.260745 -0.762351 -1.65842 -1.58361 -0.940182 -0.1408 -1.58976 0.877718 -1.39163 -1.56063 -0.166088 0.0197842 0.0162961 -0.306014 -0.970124 0.296997 -1.34278 -0.882434 0.131995 -1.47562 -0.241463 -0.905977 -1.24636 0.135689 -0.270384 0.648409 0.783563 0.150556 0.689376 0.452352 -0.247372 2.02972 1.82327 -0.992915 2.88395 1.10008 
1.61989 1.42155 -1.92751 0.533645 -1.04053 -1.2535 -2.12462 -1.09446 0.645144 -1.58067 0.532049 -0.496032 -1.84176 -0.0980027 0.171097 0.223517 0.622374 -0.284745 0.647325 -0.320288 -0.389902 1.02569 0.724446 -0.0517225 1.41239 0.604037 0.153386 -0.253456 0.158003 0.732761 1.09787 -0.231434 2.25506 -0.239852 -0.486972 2.12849 0.635491 2.6375 1.96576 
1.64671 1.33668 -1.77068 0.883119 -1.0471 -1.0111 -1.9039 -1.33008 0.884889 -0.865312 0.825995 0.0207555 -0.956592 -0.0127013 -0.233672 0.174299 0.426747 0.127748 0.0655637 0.912275 -1.12229 -0.354977 0.652878 0.394028 1.73152 0.719398 0.0191549 -0.561146 -0.187457 -0.928097 0.395523 -1.16303 0.606271 -0.483024 -2.65343 -1.55029 -0.172834 -0.947573 -0.55619 
1.60719 1.18788 -1.75321 0.960393 -0.912783 -1.18794 -1.21235 -2.21675 0.290167 -0.927789 0.926077 1.23549 -1.12236 -0.0788479 -0.390049 0.0360607 -0.305724 0.110778 -0.515705 0.285983 -0.872926 -1.62774 -0.825843 -0.224557 0.464813 0.0478464 -0.034436 0.216445 0.0860023 0.0944039 -0.384288 -0.0266706 -0.801148 2.23333 0.209465 -0.952374 0.884102 -0.363584 0.19348 
1.56787 0.946632 -1.73461 0.577395 -0.936318 -1.5268 -1.61791 -2.20301 -0.742855 -1.69116 0.601438 0.485569 -0.908746 -0.0471372 -0.0172263 0.260302 0.521151 -0.25654 0.0388931 0.111126 1.11105 -0.145512 -0.299496 1.27813 1.36793 0.912878 0.0536674 0.572258 -0.0183213 1.04897 -0.801901 0.725004 0.330089 1.03109 1.65425 1.44312 1.0102 0.430677 -0.342286 
1.56006 1.17066 -1.49291 1.48154 -1.16932 -1.14905 -1.10122 -1.1057 0.144656 -1.22729 2.20421 2.60342 -0.20948 -0.0251805 0.182209 0.0177394 0.743241 -0.691124 0.209298 0.616072 0.15816 0.0265065 0.617279 0.785642 0.89549 -0.29444 -0.0300668 -0.123908 0.257071 -0.697126 0.464824 -0.421287 0.552393 -2.16321 -0.98261 0.33768 -1.82902 -2.68948 -1.57462 
1.54268 1.12884 -1.71688 1.32064 -1.62744 -1.3175 -1.00184 -2.04485 -0.716349 -1.07388 1.38708 1.38106 -1.20319 -0.0772041 -0.141134 0.517373 -0.175975 0.208284 -0.382394 0.663519 -1.05216 -1.12812 0.0381839 -0.550895 -1.32155 -0.661738 -0.0830534 -0.273253 1.39788 -0.535625 1.37661 -0.330926 -0.171868 1.30936 0.505396 -1.08829 0.715385 -1.27835 0.97535 
1.48285 1.02952 -0.975533 1.30557 -0.961039 -1.53144 -0.4377 -2.15786 -0.983466 -1.1891 1.65331 1.28188 -0.871218 -0.108234 -0.0910445 1.41562 0.207616 0.685484 -0.121627 0.444204 1.46752 0.531902 -0.471009 1.50103 -0.382862 0.68091 -0.0864842 0.297784 -0.0348815 0.651676 -0.351359 0.248878 -1.56616 2.43496 1.86503 -0.0632896 0.962888 -0.232781 0.437411 
1.43445 1.0378 -0.301257 1.52825 -0.941958 -1.43913 -0.557638 -0.577335 -0.184447 -1.54489 2.88811 0.998198 -0.522275 -0.163688 0.15665 0.482491 0.475702 -0.143075 -0.133516 -0.90264 1.38279 0.736911 -0.0251058 0.411994 -1.55433 -0.224327 -0.139998 0.214019 -1.1771 0.262204 -1.39315 0.299937 -0.664754 -2.02219 -0.932378 0.15691 -2.74807 0.894593 -1.74182 
1.31916 1.18617 -0.493041 1.78127 -1.10411 -1.66496 -1.34034 -0.775066 -0.246556 -1.21421 2.06531 -0.272451 -1.09555 -0.248232 0.122975 0.238514 0.46982 -0.707667 0.17831 -0.22055 -0.554671 -0.400476 -0.314098 -1.24704 0.511732 -1.06091 0.0717704 -0.524963 0.418897 -0.846346 0.101925 0.667105 1.75872 -1.61481 -1.42434 -0.686874 -0.926531 2.18007 -0.0190871 
1.18622 1.16077 -0.062743 1.99807 -1.64963 -1.26082 -0.778188 -1.13201 -0.584923 -1.85898 1.64106 1.50993 -1.58318 -0.0919179 -0.368313 0.901388 -0.370644 -0.0411494 0.533589 0.85608 -0.232018 -0.687427 -0.71198 -0.514538 0.62574 -0.243415 0.153046 -0.258642 0.19068 -0.821853 1.57734 -0.387723 1.32604 1.03275 -1.00378 1.20791 1.66505 -2.70511 1.41135 
1.22725 0.817859 0.408347 1.41063 -1.14526 -1.13137 -0.48426 -1.00708 -0.933983 -1.92619 1.55077 0.353288 -1.33896 -0.0951866 -0.135667 0.429194 -0.352033 0.869674 -0.209413 1.10549 0.478074 -1.40426 0.893807 0.418001 -2.19337 0.350445 -0.220379 0.713101 -1.21545 0.587168 0.951571 -0.987524 0.30873 0.769735 -0.613792 2.0724 -0.547013 -2.16948 0.876393 
1.09103 1.0251 0.366451 1.64604 -0.779952 -1.47023 0.327298 -0.653932 -1.98918 -0.965177 2.05906 -0.683444 -1.23274 -0.312297 0.344788 -0.314065 0.216524 0.910421 -0.453935 1.16481 0.537717 -1.30122 1.36042 -1.06155 -1.54374 0.632978 -0.155236 -0.083126 -0.508031 0.621457 -0.0375152 0.361479 -1.17329 -0.316664 1.03161 -0.248435 -2.66517 0.710528 -0.349163 
0.914949 1.16265 0.0942813 1.62715 -0.234841 -1.5853 0.68055 -0.469368 -2.2352 -0.565769 0.489217 -1.19045 -0.705982 -0.250423 -0.218793 -0.0788366 0.269424 0.832158 0.152066 -0.0678009 0.16141 -0.372647 0.645372 -2.24717 -1.48285 0.00128218 0.188462 -0.896358 0.618306 0.140459 -0.558035 1.19321 -0.622965 -0.704091 1.31055 -2.01385 -0.254808 1.11108 -1.50485 
0.840609 0.806311 0.287615 1.91546 0.0522067 -1.31817 0.259497 -0.492522 -2.36183 -0.319804 -0.188102 -2.16629 -1.23145 -0.123835 -0.55157 0.304241 0.356983 0.352386 0.739272 0.541845 -0.166375 0.00932741 -0.653431 -1.31636 -0.432658 -0.871867 0.115478 -0.0866295 0.178436 -0.533304 -1.38997 0.306546 0.631793 -1.24089 0.615273 -1.58521 2.33331 1.38679 -0.911724 
0.791114 0.611077 0.398522 1.98413 0.117545 -0.846032 1.2224 -0.635743 -2.22587 -1.2192 -0.827141 -1.62311 -1.57785 -0.134944 -0.305422 0.0995991 -0.263879 -0.557816 0.458612 0.563992 -1.07948 0.242626 -0.939841 0.0861468 -0.0960581 -0.910442 0.0533333 0.433351 0.101243 -0.760853 -0.985218 -0.797105 -1.07683 -0.390338 0.460729 1.42655 2.74915 1.19512 1.33784 
0.705665 0.500889 0.387214 1.65158 -0.505609 -0.859556 0.823489 -1.572 -2.1192 -1.25965 -0.101955 -2.26235 -2.1419 -0.0705015 -0.118219 0.405484 -0.40387 -0.632831 -0.0578329 -0.534981 -0.556713 0.470056 0.773116 1.43279 0.762461 0.465972 -0.625321 -0.250779 0.188725 -1.62534 1.61448 0.398223 -0.823668 2.64158 0.21428 2.58512 -0.798067 1.4702 2.49715 
0.720613 0.492857 0.804006 1.58026 -0.515287 -0.903865 0.687415 -1.19246 -1.75582 -0.446085 0.605651 -0.860648 -1.11188 -0.760266 -0.556201 0.288324 -1.88922 1.05666 0.856835 -0.259676 1.5621 0.456905 1.64528 -0.71192 1.37414 1.58671 -0.738619 -0.285447 -0.502452 -1.17404 1.43485 1.20818 0.437833 1.74018 -0.678885 -1.68081 -2.44278 -1.56979 -0.762194 
-0.0546003 -0.0553121 0.675538 -0.237633 0.551054 -0.00272107 0.563813 -0.00989813 -1.6623 0.385631 -0.813876 -0.88821 -0.55519 -0.80912 -0.403666 -0.0969681 -1.57791 0.802022 1.15035 -0.0971479 1.18347 -0.208829 -0.907693 -1.00999 -0.807326 -0.296222 0.476976 0.595068 0.0520274 2.17985 -0.54927 0.126671 0.424743 -1.28107 1.11656 -2.63009 -0.155581 -1.21264 -1.41073 
-0.0885079 0.0891909 0.707038 0.00235219 0.286735 0.246487 0.590267 -0.00898815 -1.96465 -1.35378 -0.404341 -1.66797 -1.4081 -0.283289 0.0388666 0.340351 0.290633 0.507393 0.983506 0.165067 0.281032 1.57346 -0.984809 -0.867501 0.161498 0.175979 0.398214 -0.00670564 0.263062 1.16496 -0.0784085 -0.641561 0.392718 -0.558806 2.47987 2.43242 -0.671904 0.796537 0.411581 
-0.33789 -0.0164456 1.01589 0.0529998 1.05845 0.980785 0.728879 0.271134 -0.0888352 -0.599178 -1.68138 -0.726711 -0.379211 -0.410906 -0.410372 0.166094 -0.412952 0.723613 0.508791 0.29557 0.624661 2.27105 1.52473 -1.6819 -0.0107887 0.115359 0.0136392 -0.688525 -1.00668 -1.62639 -1.37001 -1.47655 -0.509541 -0.00855398 -2.30928 1.13368 1.32999 0.198171 0.414337 
-0.499414 -0.321181 0.873133 -0.4106 1.01035 0.755278 0.885837 0.615673 0.306399 0.170955 -2.08624 -1.67876 -1.29274 -0.26965 -0.649658 -0.666327 -1.33576 -0.862619 -0.493043 -0.344475 0.272478 -0.735819 0.148874 0.462485 0.359669 0.590315 0.314329 0.429762 -0.286321 0.114623 -0.331083 -0.216115 0.633913 0.449435 -3.08813 -1.27661 3.45562 0.130932 1.17913 
-0.60754 -0.666104 0.349561 -1.28276 0.195828 0.487742 0.384405 0.543612 -0.824654 -0.450304 -1.21889 -0.367042 0.211104 -0.0965772 0.0193902 -0.120227 -0.298329 0.39253 0.292676 0.929483 1.0741 -0.817083 0.248119 1.77372 0.120143 1.29449 0.216553 0.680147 0.900935 1.89666 1.75699 0.666617 0.505265 0.128145 1.51703 1.13745 0.698143 -1.14699 -0.320136 
-0.595991 -0.301791 0.752906 -0.708929 1.40288 1.04795 1.81532 1.68977 -0.510684 0.419073 -0.312516 -1.55862 0.00174792 -0.0530968 0.0304888 0.234608 0.560899 0.89437 0.173575 0.160791 0.400623 0.781211 1.28633 1.16063 -0.787326 0.27018 0.138769 -0.204486 -0.527939 -0.0469359 -0.670245 -0.702538 -2.78887 -2.63424 0.741235 -0.322489 -1.72664 -0.200184 -0.84331 
-0.660637 -0.635615 0.584169 -0.721862 1.0902 0.661317 0.545196 0.944235 -0.043443 0.836024 -0.0582627 -1.15437 0.481284 0.0421922 -0.185096 -0.648166 -0.345265 -0.277715 -0.409862 -1.85939 -1.56014 -0.0758482 -0.07437 0.0470816 -0.0800406 0.45118 0.117795 0.190202 -0.482237 -0.938928 -1.07986 -0.352092 -0.275151 -0.677574 -1.69838 -0.787216 -1.09245 1.90625 0.174666 
-0.553799 -0.486887 0.10474 -1.05419 1.12516 0.638092 -0.0440662 0.129626 -0.586532 0.344703 -0.265434 -1.63866 0.452928 0.0646981 0.220691 -0.24763 -0.378029 -0.185486 -0.178517 -0.11436 -0.276952 -0.917168 0.499113 0.0681783 1.11892 0.444846 -0.122257 0.447007 1.1212 0.287662 0.118524 0.208312 2.27356 2.28738 0.380272 1.29052 -0.118 0.969264 -0.248265 
-0.595939 -0.414924 0.336539 -1.09989 0.904712 0.482801 0.430835 0.667283 -0.960611 1.33514 0.00991561 -0.0354434 0.92613 -0.080065 0.261911 0.473031 -0.0576026 -0.15919 -0.201549 0.414172 0.727241 0.304424 1.21615 -0.070918 0.889224 0.202914 -0.164743 -0.455983 0.22376 0.594185 -0.0698221 -0.145649 0.205894 0.571399 1.97035 -0.884352 -2.30625 -1.7253 -1.27326 
-0.633864 -0.224976 0.577771 -1.1118 0.965973 0.436543 0.370106 0.856867 -0.282109 1.56085 -0.336352 -0.749436 0.655842 -0.100045 -0.235292 -0.0238703 0.216156 -0.255308 -0.324166 0.0915338 0.294447 1.05318 -0.385239 -2.23807 -0.606371 -0.828418 -0.0118836 -0.629843 -0.817753 0.106629 0.425465 0.585321 -0.00123473 -0.957918 -0.128389 -2.19698 -1.23569 0.108343 0.27587 
-0.695983 -0.650216 0.312669 -0.883735 0.649405 0.158635 0.522369 0.96173 0.0925713 0.949898 -2.22816 -0.641814 0.0977115 -0.0919487 -0.367932 -0.344722 0.0490261 0.266275 0.383772 0.412937 -0.230677 0.176035 -0.980836 -1.30661 0.997567 0.478784 0.0984107 0.230017 -0.291489 -0.471301 0.281713 0.58774 -0.335169 -0.212479 -0.812097 1.17187 5.30236 2.73914 2.47883 
-0.725813 -0.592908 0.233048 -1.06277 1.23225 0.820314 0.783043 0.626189 -0.106074 0.580015 -1.64296 0.248131 1.13463 -0.00163399 -0.00527464 -0.315359 -0.255145 0.0264055 0.263575 -0.243635 0.0819678 0.241086 0.786628 3.06429 2.13276 1.65041 0.123758 0.365818 0.3676 0.299368 -0.609523 -0.627268 -0.302988 -0.31692 -0.399803 1.3216 3.20325 0.184597 -0.0379985 
-0.697617 -0.65549 -0.00269053 -1.13888 0.67581 0.422209 0.278734 1.0437 0.333657 1.73653 0.836132 1.49095 1.74812 0.0318094 -0.00211353 0.0228776 0.348394 -0.343248 -0.243496 0.109949 -0.547598 -0.223768 0.340765 1.89663 1.18216 0.440786 0.193881 0.337124 0.837146 0.680766 -0.712525 0.0374769 0.705411 -0.616351 -0.146451 -1.87996 -3.89206 -3.87387 -2.41892 
-0.694003 -0.595022 0.255926 -0.714376 0.888999 0.576818 0.892992 0.0785917 -0.329841 0.920781 0.25367 1.4303 1.57541 0.192247 0.33185 0.521787 0.425621 -0.686119 0.301051 0.461776 -0.534383 0.0946341 -1.09333 -0.827774 -1.7411 -0.768505 0.89081 -1.67518 0.457002 0.483497 -2.43103 1.75782 -2.24422 0.422872 1.83427 -0.979158 -1.01067 -2.44638 -1.65179 
-0.50537 -0.32364 0.519097 -0.713259 -0.0103092 0.723261 0.74051 0.509315 0.428291 0.643196 0.00835735 -0.250151 0.979617 0.922619 -1.6773 0.47988 0.831891 -2.77428 1.51432 -2.13427 -0.124726 1.6105 -0.638393 0.88596 -1.26422 -1.21101 0.818713 -2.60857 0.00764543 -0.0194224 -0.950441 0.687128 -2.9496 0.104644 -0.314933 0.577311 0.822768 2.4515 0.792947 
0.228616 -2.27232 0.735806 0.117515 -1.88528 2.09114 -1.24127 -0.0461339 1.28066 0.282388 1.13963 0.166079 0.364406 1.01096 -2.27672 0.529433 0.406199 -1.63656 0.98818 -2.48783 -0.429739 -0.220299 -0.516019 -0.00500609 0.710394 0.0244426 -0.445626 1.16519 -0.308616 -0.949943 2.5 -1.97717 0.242009 0.814902 -2.48197 0.721864 -1.49461 0.82678 2.24183 
0.50559 -2.60036 1.04853 -0.30706 -1.64687 1.71144 -1.74732 0.0795765 0.207992 0.127177 0.00335127 0.460243 1.00406 0.476994 -0.512107 0.171264 -0.118052 -0.274277 -0.462842 -1.89226 0.690176 -0.871471 0.0834718 -0.608648 -0.437436 1.03082 -0.936855 1.94036 -1.25568 0.636626 1.9401 -1.13848 2.00993 2.72876 0.668257 0.76826 0.737219 -0.476159 -0.471592 
0.70561 -2.78442 0.907069 -0.000537101 -2.15955 1.6283 -3.13353 0.644042 0.409188 0.36586 0.530982 -0.271357 1.39523 0.0741054 -0.33636 -0.726252 1.04282 0.303541 -0.150303 -0.477903 2.29902 0.447958 0.252241 0.732213 0.234235 -0.447149 -0.81587 1.00364 -1.31554 0.0749997 0.924325 0.31933 3.98061 0.0672678 1.35092 -0.618989 1.40937 0.97527 -2.27201 
0.579695 -2.93672 0.322277 0.735764 -1.34333 1.56114 -2.22522 2.3786 0.655951 0.379418 0.735565 0.694478 0.556911 -0.338876 0.491536 -1.14427 -0.0430521 0.650048 -0.143512 2.08835 0.757444 0.479452 -0.535518 0.800726 0.537834 -1.24119 -0.591325 1.65343 0.529466 -1.85737 0.541728 0.0830695 2.27034 -3.28862 -0.745781 -1.48824 -2.38395 -1.734 1.50461 