-1.02152 -1.3862 0.326787 -0.496701 0.321276 -0.0694964 -0.322038 0.342953 0.5151 0.0808553 1.11745 0.321254 0.367345 0.0185535 0.146149 0.242212 -0.302591 -0.681838 -0.0769117 0.13274 -0.154236 -0.177802 0.473804 0.740332 2.21985 1.554 0.0207744 1.00508 0.529239 0.785739 0.479939 0.805212 -0.0496614 1.05875 0.532328 -0.0628275 -0.764977 -0.596351 0.963269 
-1.00153 -0.867458 0.737311 -0.0392988 0.313162 -0.11956 -0.284419 0.662177 0.759025 0.1951 0.658259 -0.473182 0.566243 0.0223177 0.414657 0.0930825 0.36014 0.416394 0.412694 0.318906 0.506313 0.356181 0.165071 -0.425231 -1.1074 0.881361 -0.00782939 -0.373222 -0.69305 0.149084 1.06996 0.65476 -0.26574 0.615714 0.222884 0.219583 -0.561398 -1.35973 -0.631553 
-0.999202 -0.971548 0.419869 -0.136561 0.73767 0.343198 -0.0031324 0.849265 0.871281 0.245926 0.692219 -0.786141 1.24871 0.0107241 -0.227073 -0.450838 -0.153507 0.388124 0.577848 -0.132999 0.461479 0.0450817 0.693388 0.178934 0.860116 0.922444 -0.0633735 -0.736034 0.0200923 0.178414 -0.249093 -0.336495 -0.379031 -0.156237 0.291334 0.596082 0.595528 1.82036 -1.42111 
-0.990806 -1.09453 0.286473 -0.192806 0.701286 0.458288 -0.417418 1.12366 0.804107 0.888488 0.837193 0.386934 1.48869 -0.0410557 -0.321377 0.113175 0.538555 0.167301 0.076199 -0.060125 0.350076 0.647515 0.761153 0.170297 0.712968 -0.539752 -0.0635657 0.0649569 0.76859 0.306303 0.0475724 -0.549517 -0.596325 -0.666708 0.182455 -0.287632 0.0690975 -1.65239 -1.59104 
-1.04026 -1.29292 0.533044 0.401994 0.904971 0.419397 -0.0632574 1.19934 1.5188 1.00708 0.862516 -0.0731728 0.708955 -0.0528416 -0.162116 0.317751 0.152796 0.435696 0.0283309 -0.729324 -0.20523 0.227537 0.405755 0.248032 -0.792274 -0.6686 0.100222 0.601147 0.161194 -0.815352 -0.457255 0.351233 -0.105232 -1.21752 -1.59343 -0.63347 -0.739346 -1.62534 1.04187 
-1.04365 -1.25665 0.604224 -0.0400104 1.13698 0.486619 -1.14674 0.918426 1.03164 1.29424 1.08522 -0.40534 0.820087 0.0591664 0.279769 0.274369 -0.276797 -0.289954 0.427432 -0.165357 -0.867443 -0.945911 0.127682 -0.56905 -0.912372 0.502113 0.107191 0.567839 -0.233616 -0.536872 -1.66645 -0.722179 1.92162 0.152567 -0.600892 -1.57274 -0.337284 1.11148 0.0325073 
-0.981092 -1.01316 0.807413 0.125197 0.615017 0.846829 -0.228615 0.331899 0.572885 1.13476 0.293466 -0.985545 1.21107 0.0543497 0.405723 0.0841357 -0.384077 -1.23075 -0.693848 1.19229 -0.0526623 -0.373355 -1.16699 -0.0892523 0.319206 -0.636092 -0.0652291 -0.19864 -0.444307 0.454075 0.225064 -1.3179 -0.686034 0.933451 0.966475 -1.06933 0.442317 1.12009 -0.977745 
-0.989298 -0.850924 0.68836 -0.424087 -0.0937681 -0.207228 0.0455504 0.865763 0.658289 0.127258 0.995972 -0.086134 0.183995 -0.00606277 0.0811294 -0.169939 0.177278 -0.0648895 -0.89047 -0.851391 0.0660084 0.0205646 -0.941652 -0.126733 0.207717 -0.475632 -0.0613861 -0.312343 -0.141961 0.485747 2.20239 1.25854 -1.34164 -0.0677829 0.56228 1.59656 -0.332041 -0.486777 1.04545 
-0.987154 -0.932026 0.637474 0.302474 0.550128 -0.0436405 -1.08001 0.397907 0.59345 0.193108 0.166733 -0.777828 0.735436 -0.00703639 0.0933795 -0.0578251 0.10167 0.971643 0.564696 -0.149345 -0.120445 0.188925 0.429572 -0.421294 -0.167571 0.409356 -0.0387116 -0.347011 0.0791366 -0.493775 0.34123 1.33022 2.42579 0.545715 0.501144 1.95452 0.836403 0.45975 0.294943 
-0.996334 -0.757544 0.630535 -0.322417 0.877875 0.357467 -0.103795 0.745318 0.847213 0.55683 0.574678 -0.253705 0.593351 -0.0447743 -0.265882 -0.0908019 -0.316498 0.276341 0.439746 1.5744 0.611724 0.521709 1.01287 0.70967 0.667466 -0.180689 0.0304337 -0.341491 0.084219 0.493546 -0.645992 0.0161597 0.386901 0.333883 -0.315376 0.0517195 1.04453 0.612558 -1.33812 
-1.03193 -1.19791 0.546672 -0.0140233 0.826468 0.396106 0.494398 1.00963 1.11516 1.20597 0.876404 -0.110362 0.554747 0.0233973 -0.248112 0.0263939 0.595216 0.325651 0.580855 0.237556 0.213438 -0.126451 0.481292 0.623239 0.444986 -0.928768 0.14264 0.648735 0.0213058 0.558514 -0.282288 -0.361637 -2.35379 -0.757743 -0.742901 -1.35904 -1.04862 -0.889068 -0.0380234 
-0.972937 -1.00566 0.656928 0.272799 1.20353 0.938322 0.133761 0.958756 0.720762 1.03812 1.19792 0.191281 -0.335417 0.0978656 0.382853 -0.0694961 0.242016 -0.00594734 0.0781092 -0.779386 -0.14602 -0.221192 -0.346177 -0.338948 -0.221601 -0.218712 -0.0248018 0.64855 0.18274 -0.836593 -1.19645 -1.97684 -1.69844 -0.359873 -0.16995 -1.9267 -1.38432 -2.11966 1.44309 
-0.934063 -0.815055 0.477176 0.227993 0.820521 0.474215 -0.284988 0.863611 0.893967 0.859798 0.537456 -0.331963 0.336035 -0.00140442 0.400439 0.209134 -0.241378 -0.870796 -1.39598 -1.46088 -0.146436 -0.296401 -1.44541 -0.761085 -1.67467 0.514325 -0.155434 -0.589176 0.340354 -0.755521 -0.555724 -0.671784 1.17215 0.275303 -0.237904 -0.322968 0.628991 -0.0845379 1.30971 
-0.974341 -0.605218 0.866062 0.0314211 0.33273 -0.457659 -1.32712 0.81232 0.424361 -0.407283 0.436832 -1.48339 0.178908 -0.0575685 -0.206323 0.270858 -0.513504 -0.561671 -0.593675 0.392761 0.129283 -0.459096 -0.669144 0.290043 -0.306139 1.091 -0.0252293 -0.795292 -0.214436 0.175041 0.747374 2.16611 2.07518 -0.0705851 0.347822 1.70678 1.09975 3.59295 0.505944 
-0.991632 -1.02138 0.748034 -0.285512 0.25885 -0.11946 0.107773 0.992894 0.434871 0.190654 0.827498 -0.638102 1.42703 -0.0266337 -0.394854 -0.00530217 -0.0663366 -0.123422 0.770128 0.614298 -0.217021 0.0514207 0.261374 0.338662 1.91827 1.02027 0.0302311 0.192163 -0.24387 0.570533 0.652893 0.942078 -0.566183 -0.478765 1.08374 0.796782 -0.843307 0.674246 -2.05921 
-1.00098 -1.00007 0.86076 -0.0349156 0.209308 0.31247 -0.712822 0.595299 0.475782 -0.14591 0.775495 0.434879 1.19918 -0.0273374 -0.0141594 0.0269883 0.0570281 0.0912224 0.348404 -0.173422 -0.349481 0.624641 0.127638 -0.553264 0.368107 -0.968205 -0.00269295 0.359936 -0.055179 -0.220216 0.0668678 -1.46058 0.18392 0.385101 0.369971 0.921897 0.0367524 -1.8124 -1.38654 
-1.01897 -1.03554 0.775023 -0.228484 0.350073 0.228944 -0.0656486 0.643413 1.05951 0.318292 0.274234 -0.269995 0.45883 -0.0293267 -0.0349179 -0.0604812 -0.286553 -0.0565539 -0.690452 0.798218 0.16808 0.421392 1.18327 0.375415 0.105869 -0.36627 0.094959 0.275791 -0.126154 0.0786724 0.274954 0.116182 0.338704 0.748067 -0.941184 -0.280091 0.385943 -0.940408 0.0905848 
-1.0303 -1.03499 0.800279 -0.321468 0.152754 -0.377982 0.0853961 0.763379 0.897174 1.03736 1.15091 0.540748 0.832908 0.0676216 0.261632 -0.0991655 0.1357 0.366176 0.464586 0.165282 0.398586 -0.316543 -0.152453 -0.167321 -0.572301 -0.87762 0.0862175 0.105487 -0.161994 0.425205 0.367492 1.42315 -1.37681 0.0518784 -0.465925 -1.94617 -1.03466 -0.798968 -0.0987447 
-0.951348 -0.773905 0.675857 -0.0927832 0.716249 0.69353 0.0996337 1.042 0.74297 0.165839 0.106913 -0.842297 -0.418791 0.0568908 0.0705691 -0.222475 0.138653 0.310938 0.732695 -0.57859 0.219959 -0.0445333 -0.762895 -0.659248 -0.693099 -0.465014 -0.0972159 -0.475205 0.153558 -0.414847 -0.360861 -0.737687 -0.767098 -0.367469 1.05824 1.30894 0.882175 1.9118 2.26232 
-0.973411 -0.96442 0.577804 -0.182815 0.463692 0.354713 -0.493194 0.983338 0.852641 0.274466 0.491662 -0.152352 0.367893 -0.0295943 -0.213574 0.0543928 -0.279147 0.00531531 -0.273102 -0.601816 0.0311169 0.741694 1.15649 0.714853 1.3395 1.3847 -0.0710598 -0.200515 0.412874 -0.284169 -0.390662 -0.798798 1.44708 -0.278657 0.0308056 1.21804 1.37015 0.918726 -0.01823 
-0.980942 -0.987479 0.73025 -0.37193 0.721564 0.420428 -0.502182 1.07312 1.48466 1.32233 0.821766 0.497204 0.965909 -0.014169 -0.129946 0.190399 -0.145517 -0.0797242 -0.0661028 0.868494 -0.0586983 -0.0137277 0.455147 0.710897 0.225627 -0.483245 0.0357428 0.236086 -0.0369483 0.473682 -0.102028 0.0643677 1.41121 -0.425677 -1.66021 -1.81361 -0.33352 -1.93666 -2.92124 
-0.98758 -1.09437 0.768203 -0.328332 0.383968 0.28861 0.3753 0.92464 0.838913 0.729613 1.20256 0.0732752 -0.115351 0.00614854 0.0225121 0.0174446 0.194535 -0.0967132 -0.208734 0.809394 -0.39456 -0.918515 -0.657118 0.381333 -0.597159 -1.53654 0.555843 2.10521 1.47058 2.55766 -0.348644 0.273381 -3.49112 -1.63068 -0.223267 -3.83984 -1.61204 -1.56137 -0.698117 
-0.974793 -0.964967 0.747695 -0.177395 0.624851 0.211694 0.307212 0.678556 0.566148 0.66521 1.2031 -0.0999552 -0.570628 0.541674 1.97526 1.66098 2.41214 -0.428368 0.207278 -2.62263 -1.68938 -0.236994 -3.38469 -0.901148 -1.33574 -1.18136 0.976521 2.61341 0.394275 1.89202 0.263081 -0.475233 -4.31804 -1.81709 0.0829734 -0.14415 -0.759092 -2.1113 0.807421 
-0.445906 0.880895 2.42918 2.08381 -0.0443998 0.495888 -2.24733 -0.764738 0.601919 -2.65508 0.301412 -1.26247 -1.29671 0.982669 2.63592 0.411719 2.08655 0.166368 -0.683967 -3.50865 -2.21165 -0.835542 -0.801268 -0.377759 -2.70846 -0.729115 0.150546 -1.10829 -3.88917 -2.36331 1.69765 -2.22614 3.13444 0.854373 -1.37029 6.87734 1.49409 -0.259066 1.74998 
0.00787613 1.67095 1.15941 1.90916 0.791219 -0.472273 -3.20144 -1.53309 -0.269394 -0.136058 0.825339 -2.80841 -1.29974 0.69222 0.866975 -2.2282 0.0488336 1.26929 -2.01886 0.511819 -0.835006 -1.60729 3.49265 0.59294 -1.59481 0.568622 -0.654593 -2.38844 -1.76116 -2.08937 0.0746342 -0.189946 5.51397 2.03275 -0.352401 2.04509 0.247904 2.96983 1.51521 
0.246314 1.74787 0.200985 2.13264 1.22489 -1.52297 -1.73551 -1.59974 -1.00537 0.837573 0.894352 -2.85727 -0.728091 0.328076 0.247485 -1.34944 -0.00281709 0.241002 -0.873913 2.00532 -0.178899 -1.18794 1.24382 -0.129855 0.261376 0.786097 -0.222626 -1.23367 1.92954 -1.13884 -3.15283 3.78548 -0.701843 0.826453 1.99318 -4.39581 -0.623259 2.79881 0.095618 
0.335952 1.91844 -0.190029 1.90634 1.03222 -1.34619 -1.19612 -1.71199 -1.45734 1.10776 0.695484 -2.54704 -0.513646 0.469594 -0.366698 -0.298653 -1.09001 -1.88355 1.76663 -0.190024 -0.00855238 0.385892 -0.90316 -0.0303185 1.204 0.66424 0.176115 -0.458447 0.555169 -1.32379 -2.894 2.68463 -1.55406 0.10358 2.75134 -3.50453 -0.459578 1.93808 -1.7066 
0.715907 1.38117 -0.0976679 1.04263 -0.658662 0.243655 -1.92553 -1.6083 -0.619475 -0.0655868 0.864033 -1.65327 -0.0638511 0.504191 -0.210962 -0.794274 -1.32661 -2.653 1.81071 0.451261 -0.0753198 1.56339 -2.26071 -0.589433 2.19946 -0.920502 -0.171778 0.171374 -0.748438 -0.146014 1.40073 -1.76354 2.77098 -0.552672 0.503523 -0.192934 -1.03489 -0.537271 -2.82599 
0.840143 1.70748 -0.984303 0.579732 -1.62078 0.464529 -0.744856 -1.78731 0.106059 -1.15295 0.10605 -0.347576 -1.43415 0.297816 -0.195324 -1.04709 -1.23602 -0.482821 0.00308488 2.58096 -0.561225 0.889415 -1.09609 -1.06521 0.666733 -2.16175 -0.265635 -0.227266 0.414818 0.468691 3.10269 -1.79057 1.88369 -0.195781 -1.58938 2.39156 0.240742 -2.64853 0.325514 
1.01372 1.18585 -1.14476 -0.193387 -1.14148 0.24674 0.655429 -2.16952 0.26994 -1.16168 -0.201175 -0.986536 -2.2256 0.238556 -0.438229 -0.379456 -0.857919 0.44969 0.0201456 2.33495 -0.2711 -0.0259884 0.130851 -0.348691 -0.449067 -0.594987 -0.185691 -0.0721826 0.521217 0.588029 -0.244472 -0.308598 -1.76863 0.261996 -1.68228 0.462867 0.294819 -0.827433 2.5332 
1.0787 1.26925 -1.36376 -0.278187 -1.17109 0.484674 1.59009 -2.05841 0.0800703 -1.0221 -0.242641 -0.796643 -2.02914 0.112125 -0.267507 -0.525875 -0.647992 -0.727293 -0.305513 0.812334 -0.299229 -0.792867 -0.633227 -0.770389 -0.160701 0.371452 -0.145578 0.472133 0.231275 1.04325 -0.850513 0.0885945 -1.38808 0.47041 -0.199054 -0.142761 -0.126947 1.22168 2.06138 
1.12585 0.918341 -1.67063 -0.841379 -1.86878 -0.0587734 1.46776 -2.46875 -0.522927 -1.79491 -0.971564 -1.14724 -1.85415 0.0929786 0.033904 -0.148181 0.185332 -0.400823 0.10874 0.946868 0.199309 -0.225043 -0.0119094 -0.475638 0.772612 1.46639 -0.0262552 0.130954 0.716982 0.962959 0.848979 0.436882 -0.488974 0.845338 0.689515 1.19802 0.68928 1.04641 1.15131 
1.17168 1.30315 -1.51194 -0.0928555 -1.57191 0.593414 2.53696 -1.8591 -0.144972 -1.03401 -0.718279 -0.0240308 -0.562746 0.0858703 -0.136553 0.191108 0.314967 0.121686 0.131368 0.32336 0.54611 -0.103352 0.564791 -0.0811087 0.885707 1.52276 -0.0515638 -0.329125 0.315447 0.164641 -0.0554213 0.567991 -2.3342 0.864776 -0.654937 1.28413 -0.126934 0.527482 -0.384083 
1.21172 0.781788 -1.47953 -0.526412 -1.74709 0.0725947 1.79112 -1.92264 -0.626278 -1.23012 -1.05267 -0.26153 -0.331387 0.0414148 -0.295221 0.167265 0.349973 -0.456244 0.676731 -1.38733 1.06409 -0.879979 1.27222 -0.602572 1.30009 1.08231 -0.0386655 -0.139177 0.394364 -0.319341 -0.0176344 0.688654 -0.546852 0.410688 -0.382669 0.464903 -0.334766 0.378412 -0.100344 
1.21309 1.00793 -1.34468 0.257117 -2.02815 1.27015 1.14963 -0.795016 -1.02495 0.238207 -1.32085 1.27606 0.51956 0.0472048 -0.27573 0.585471 -0.00437423 0.104052 0.820023 -0.223492 0.956798 -0.48602 1.02969 -0.415875 1.26412 1.42241 -0.00211807 -0.36615 0.24048 -1.51271 0.625561 -1.14102 1.42478 -1.32844 0.589676 -2.4202 0.344562 -1.94235 -0.519068 
1.25892 0.506058 -0.894055 -0.530786 -1.64304 0.892617 1.56763 -0.965842 -1.1123 -0.200422 -1.46855 1.00259 1.09103 0.0392967 -0.661371 0.407745 -1.16274 0.169317 -0.464284 0.0374494 -0.264353 -0.290303 -1.14798 -0.25801 -0.64226 0.563238 0.00640017 -0.0975208 -0.374104 -0.623984 -0.162995 -0.806168 0.0830716 -1.09476 0.556953 -1.66778 0.368146 -0.749787 -1.53859 
1.25239 0.346559 -0.93693 -0.905625 -1.85884 0.805861 1.18708 -1.05937 -1.31525 -0.909778 -1.57886 0.633803 1.0828 0.0536049 -0.373251 0.211368 -0.628358 -0.0589433 0.0138549 -0.140421 -0.137959 0.070933 -0.638086 -0.0477292 0.514331 -0.11618 0.0491849 0.307192 0.106895 0.631114 0.0447521 0.488011 0.258062 0.256522 0.639931 1.14375 0.234423 1.4852 -0.949387 
1.31253 0.132808 -0.682687 -1.15914 -1.70198 0.906472 1.42721 -1.1038 -1.04137 -0.838508 -1.51628 1.51692 0.974847 0.0884817 -0.354179 0.51464 -0.531628 0.214069 0.0237263 0.295511 -0.00783078 0.349628 -0.00423412 -0.0235878 0.842939 -0.386148 -0.0548268 0.522488 -0.0025219 0.599093 0.105973 0.0286143 0.27729 0.411442 -0.123451 1.12247 -0.139194 -0.396428 0.149088 
1.34087 -0.00761989 -0.42229 -1.43725 -1.64477 0.829587 1.48259 -1.0672 -0.965627 -0.914012 -1.60245 1.47674 0.69665 -0.00122187 0.149237 0.208846 -0.0292649 0.0470295 0.0424692 0.136869 0.273483 -0.0525185 0.484381 -0.186923 0.117903 0.0329078 -0.111269 0.545808 -0.411825 0.645373 -0.0999966 0.190498 -0.0258428 0.23541 -0.462107 0.319562 0.0471146 -0.785082 0.969243 
1.31131 0.282045 -0.473842 -1.18841 -1.65495 0.948941 1.56408 -0.830317 -1.09388 -0.354126 -1.7032 1.63482 1.00775 -0.0227877 0.191629 0.102815 0.113745 0.114072 0.214224 0.269668 0.227579 -0.112479 0.315328 0.0235268 0.0578563 0.583095 0.0569376 -0.924111 0.114151 -0.78546 -0.257169 -0.0956828 -0.883651 -0.626977 -0.175813 -1.80347 0.190028 -0.978948 -0.347965 
1.31808 0.184009 -0.319475 -1.32351 -1.53069 1.04381 1.75226 -0.83962 -1.07811 -0.598684 -1.57892 1.5346 1.27974 0.0557158 -0.774873 0.322997 -0.814725 -0.21014 -0.0532136 -0.746782 -0.353494 -0.228331 -1.31908 0.00310493 -0.861045 -0.315057 0.0860713 -0.743258 0.117152 -0.619331 -0.184472 -0.234016 -0.631167 -0.395626 0.0852662 -0.863169 0.0929061 -0.193012 -1.09466 
1.36702 -0.492828 -0.150845 -2.00313 -1.86509 0.895728 0.817297 -1.18381 -1.32222 -1.67321 -1.70009 0.773778 0.692698 0.0632836 -0.551629 0.219967 -0.505587 -0.0704002 -0.0197924 -0.361498 -0.168047 -0.0272131 -0.547841 0.116433 -0.135155 -0.511564 -0.0496108 1.06668 -0.257359 1.09602 0.702985 0.246521 1.59117 0.702202 0.479577 2.18021 0.220113 1.54914 0.305892 
1.38137 -0.367619 -0.0995083 -1.8291 -1.60109 1.02402 1.39076 -1.00767 -1.10532 -1.14652 -1.46249 1.39944 0.768181 0.00610499 0.291802 0.0656383 0.281292 0.492845 0.193307 0.844392 0.348708 0.251245 0.861129 0.223218 0.688099 -0.0091645 -0.139701 1.16611 -0.582537 0.97575 0.0907044 0.0616208 0.166105 0.534804 -0.273235 1.69889 -0.493755 0.550466 0.341303 
1.37313 -0.201026 -0.0852067 -1.72184 -1.37225 1.08904 1.66169 -0.835103 -1.07097 -0.812081 -1.47688 1.46188 0.683533 -0.0764174 0.614479 -0.36257 0.470163 0.0203042 0.0418284 -0.195393 0.366757 -0.300448 1.15105 -0.377322 0.41531 -0.17026 -0.121423 0.357788 -0.780831 0.516481 -1.37415 0.0565812 -2.3705 -0.0425877 -0.997547 0.475366 -1.05338 -0.836422 -0.568622 
1.30495 0.246859 -0.462079 -1.35893 -1.58079 1.06585 1.19537 -0.64091 -1.40577 0.00452771 -1.83981 1.81475 0.597921 -0.115318 0.64959 -0.715192 0.797773 -0.881301 0.249889 -1.52611 0.30612 -0.746302 1.33649 -0.830159 -0.148324 -0.577786 0.0309687 -0.313851 0.0933009 0.200971 -0.192937 0.120181 -0.261956 -0.318648 0.269386 -0.443837 0.332166 -0.840856 -0.686207 
1.25781 0.448564 -0.800399 -0.924068 -2.25355 1.33892 0.135581 -0.528983 -1.81727 0.524413 -2.30704 1.31355 0.105747 -0.0454487 0.300627 -0.269269 0.671135 -0.172633 0.162009 -0.457349 0.0481095 -0.0310621 0.707215 -0.0451561 -0.425546 -0.856468 0.0932999 -0.789391 0.729961 -1.17375 1.2504 -0.938398 1.77084 -0.873899 0.85361 -1.66224 1.20423 -0.87364 -0.520576 
1.2595 0.547487 -0.731348 -0.687797 -1.75342 1.22786 0.738017 -0.5928 -1.43683 0.711743 -1.88497 1.38921 -0.258547 -0.0220183 -0.139801 0.0147685 -0.375973 0.369096 -0.688509 0.244732 -0.567779 0.107308 -0.32575 0.374071 -1.02196 -1.09836 0.0402041 -0.515766 0.293922 -1.25898 0.208594 -0.461964 0.612135 -0.331971 -0.175555 -1.02487 0.319808 -0.634877 0.402245 
1.23579 0.308763 -0.785631 -1.30004 -1.88445 0.650415 0.380314 -1.09676 -1.70996 0.198663 -1.93296 0.291588 -0.992615 -0.0052446 -0.215138 0.0246528 -0.58785 0.0359613 -0.299955 0.154785 -0.283861 -0.206617 -0.317657 0.274652 -1.06042 -0.454223 0.0233316 0.0561765 -0.0385857 0.0673502 -0.392163 0.593815 -0.0524469 0.561068 -0.326243 0.129522 -0.364699 0.760696 0.827853 
1.25426 0.332348 -0.706695 -1.27565 -1.71746 0.927902 0.892802 -0.876661 -1.64345 0.394086 -1.61032 0.328784 -0.71277 0.00131333 -0.0836244 -0.0238173 -0.308623 -0.0230668 -0.0946945 0.192285 -0.00671079 -0.218935 -0.196228 0.00937174 -0.261268 -0.270509 0.0813324 -0.318022 0.326411 -0.0466907 0.54015 0.0872139 0.0911494 0.0956306 0.565191 -0.591656 0.266605 0.703993 -0.0825753 
1.2371 0.225138 -0.809448 -1.60866 -1.90752 0.55572 0.572599 -1.10347 -1.9289 0.00243458 -1.92359 0.0303201 -1.26312 0.0760878 -0.533161 0.351064 -0.63454 0.576112 -0.212741 0.245935 -0.188231 0.358574 -0.909313 0.541257 -0.356429 -0.536798 0.129159 -0.55831 0.59187 -0.0132422 1.02633 0.384995 0.0940111 0.0745862 0.978575 -0.442886 1.26589 0.0125718 0.241724 
1.33034 -0.200813 -0.355631 -1.91019 -1.14135 0.715161 1.13874 -1.06489 -1.28487 -0.515227 -1.06906 -0.0276451 -1.24957 0.130473 -0.641934 0.568053 -0.321865 1.00326 0.2903 0.286296 0.0678754 0.75964 -0.639114 1.27527 -0.248696 -0.0287852 -0.114676 0.496911 -0.507515 0.934947 -0.0947046 -0.0944846 -0.910122 0.029736 -0.43542 1.39278 -0.215597 0.32463 -0.317142 
1.36758 -0.416796 -0.241395 -1.93053 -0.904256 0.84602 0.858895 -1.0356 -1.16926 -0.636679 -0.648327 -0.218376 -1.29191 -0.0385878 -0.0362496 -0.156451 0.300407 0.481407 -0.307225 -0.664187 -0.158495 -0.0768459 0.483471 0.32566 -0.0317993 -0.853941 -0.320855 1.67599 -1.26166 1.66304 -0.471829 -0.312482 0.284018 0.0795385 -1.25059 2.81496 -1.74126 2.42393 -0.362853 
1.29176 -0.237062 -0.512082 -1.60978 -0.659944 0.407936 0.47455 -1.22339 -1.36172 -0.0317562 -0.743398 -0.0594444 -2.10351 -0.190382 1.03406 -0.693612 1.34118 0.531432 -0.0221813 0.570315 0.147414 -0.490951 2.17584 -0.465991 2.17523 -0.391638 -0.104227 0.937783 -0.484785 0.633882 -0.288189 0.870895 0.859631 0.412118 -0.547186 0.812159 -0.819484 2.32013 0.947737 
1.1772 0.617264 -0.935007 -0.589353 -0.372824 0.823839 1.42921 -0.888184 -1.66021 1.53916 -1.11432 1.95686 -1.68355 -0.142815 0.901533 -0.641236 0.934289 0.193218 0.56367 0.195444 0.253624 -0.624032 1.29563 -0.493824 2.28833 0.0937961 0.174 -1.01422 0.624123 -1.68056 -0.0319819 -0.256497 -1.094 -0.24403 0.497216 -2.48174 0.983816 -2.69685 0.181811 
1.14894 0.664471 -1.15332 -0.675491 -0.466726 0.971605 0.669994 -0.969763 -1.98575 1.26387 -1.23722 2.22889 -2.00971 -0.0163817 0.019844 -0.0694889 -0.339378 0.49945 -0.278678 -0.523687 -0.0966159 0.00626487 -0.305901 0.517825 -0.521612 -0.209827 0.115175 -0.737703 0.629844 -1.00088 0.316407 -0.87522 -0.657356 0.0642057 0.78951 -0.9105 0.773971 -3.12388 -0.155356 
1.16081 0.637108 -1.0045 -0.928731 0.126627 0.545161 0.905524 -0.9848 -1.65395 1.23326 -0.596492 1.43524 -1.89337 -0.0276401 0.16383 -0.0113916 -0.0665928 0.509625 -0.31155 -0.461912 0.317829 0.165478 0.38513 0.280147 -0.835548 -0.0615596 -0.0693576 0.2661 -0.188641 0.282788 -0.711021 -0.122387 -0.322701 0.516571 -0.0684 0.823708 -1.20718 -0.0886899 0.545148 
1.1213 0.828301 -1.16471 -0.742084 0.0428988 0.660056 0.208082 -0.651933 -1.82027 1.649 -0.957075 1.39334 -2.07127 -0.0857394 0.285944 -0.25813 -0.0565904 -0.211571 -0.401065 -0.846387 0.419955 -0.0621351 0.517807 -0.689356 -0.610302 0.335322 -0.0182479 -0.244629 -0.230725 0.0250057 -0.765395 -0.543311 0.202556 -0.443146 0.311583 -1.07666 -0.667864 -1.31329 1.21358 
1.07507 0.923052 -1.26263 -0.985321 -0.0849442 0.144096 0.0591365 -0.564844 -1.71608 1.75107 -1.28585 0.824943 -1.55805 -0.0458881 -0.080799 -0.242116 -0.0415871 -0.255771 -0.854861 -0.259356 -0.125317 0.47706 -0.691528 -0.387717 -2.14884 1.15202 0.0987342 -0.413165 0.189159 0.339938 0.644864 0.177162 1.18604 -0.276477 0.919435 -1.46715 0.855909 -0.929731 0.990257 
1.07541 0.747502 -1.40683 -0.783671 -0.212872 -0.194805 -0.0512743 -0.77725 -1.34321 0.957476 -1.34479 -0.755497 -0.919251 0.0129949 -0.127221 -0.0689715 0.283347 0.433293 -0.223903 0.339654 0.143478 0.8573 -0.949342 0.166554 -1.54003 1.32558 0.00153012 0.355512 -0.205145 0.346712 0.933846 1.00591 0.274095 0.468449 -0.230505 0.524243 0.503384 2.20848 -0.418862 
1.08807 0.795831 -1.3316 -0.701974 0.348349 -0.079807 0.398791 -0.421366 -0.85878 0.801727 -1.11929 -0.71509 -0.232473 -0.0443579 0.274713 -0.447261 0.305125 0.678075 0.151053 0.0147396 0.343133 0.246555 -0.167284 0.115667 0.0596387 0.733159 -0.147719 0.755106 -0.768156 0.780547 -0.190703 0.143951 0.181154 -0.464892 -0.454329 0.049187 0.16148 1.6064 -0.499837 
1.03106 1.02221 -1.85409 -0.478546 0.465203 -0.0437522 -0.0365346 -0.434117 -1.09666 0.790192 -1.22913 -0.695859 -0.186091 -0.134724 0.627884 -0.837128 1.06389 0.24259 -0.0799521 0.520809 -0.321414 0.402972 -0.900155 0.328033 0.0663719 0.825742 -0.0576219 0.101715 0.0752176 0.78298 -0.477 -0.64859 0.918461 -0.614471 0.595098 -1.36145 0.652828 -0.307002 0.167826 
0.953345 1.42372 -2.16873 0.36192 0.590938 -0.159759 0.919599 -0.74278 -0.455809 -0.0984275 -0.79126 -0.648719 0.593269 -0.10198 0.376427 -0.372044 1.08811 0.201075 -0.497537 0.933201 -0.271338 0.841653 -1.52874 0.768495 -0.247363 0.900986 0.0814219 -0.909222 0.929953 -1.07075 -0.0536456 -1.13271 -1.08354 0.309972 0.0141809 -0.485314 -0.222457 0.0704116 -2.33586 
0.929075 1.39864 -2.22613 0.609559 0.666278 -0.54129 0.896666 -0.705455 -0.255004 -0.738544 -0.46063 -0.943222 0.714894 -0.0533023 -0.281337 0.0928257 -0.00685684 0.188944 -1.21266 -0.562736 -0.0114418 0.417153 -1.38547 0.105576 0.136784 -1.51011 0.0545232 -0.691213 0.692156 -0.984732 0.140415 -0.705198 -2.28343 0.514624 -0.171709 0.807669 -0.788044 1.09239 -3.38013 
0.900042 1.14238 -2.0759 0.355063 0.779882 -1.37242 0.356863 -0.754222 -0.0386564 -1.4839 -0.685684 -0.511935 -0.916845 -0.0474566 -0.314786 0.320113 0.103373 0.34149 -1.20274 -1.35023 0.243286 0.669944 -0.721067 -0.0195493 0.84503 -2.47914 -0.0389498 0.426624 0.13641 0.756414 0.143138 0.662266 -0.496849 0.950624 0.404656 1.04723 -0.0997937 0.394126 1.12037 
0.881619 1.08386 -1.90602 0.712933 1.00777 -1.74402 -0.453564 -0.46217 0.41494 -1.45961 -0.48018 -0.0981919 -1.76425 -0.092252 0.145287 0.229236 0.749557 0.332082 -0.550393 -1.05959 0.939182 0.821808 -0.338239 0.00578227 0.530909 -0.389748 0.000194531 0.0105965 0.524159 0.0020118 0.220596 0.785896 0.535678 0.656499 -0.181525 0.513681 0.177011 -0.650088 3.65687 
0.80779 1.28766 -1.84666 1.10462 1.11196 -1.92281 -0.702722 0.184961 0.783152 -1.82214 -0.679902 0.0189745 -1.30659 -0.0472621 -0.304189 0.844272 0.105385 0.562086 -0.41684 -0.814552 0.899785 0.488419 -0.207386 0.157462 0.194941 1.17773 -0.0379672 -0.214648 0.381116 0.052702 -0.381622 -0.038881 0.739794 -0.809316 -0.709953 0.798313 0.586288 0.224992 1.34509 
0.834357 0.779667 -1.06175 0.818318 1.56985 -2.16086 -1.26812 0.437615 0.903359 -1.667 -0.322718 0.0967496 -0.586524 -0.130219 -0.069361 0.610352 0.802259 -0.0495394 -0.589274 -0.319791 0.129866 0.111855 0.460074 0.592071 0.755902 0.955346 -0.149919 0.422022 -0.517379 0.744309 -1.26535 -0.493963 1.18277 -0.813888 -0.928613 0.089036 0.212325 -0.100043 -0.90368 
0.677571 1.2183 -1.23631 1.90688 1.06243 -2.51209 -1.02251 0.314827 0.895007 -1.36206 -0.0878315 0.774876 -0.351247 -0.197182 0.117833 0.326894 0.849694 -0.703267 -0.910803 0.368217 0.0858969 -0.440195 -0.11835 0.369787 0.0948982 0.274047 -0.0544455 0.114702 -0.247989 -0.690796 -0.579943 0.243738 0.57298 -0.0502879 -1.07364 -0.465625 0.363218 -1.05655 -1.42423 
0.637175 0.8975 -0.734852 1.66801 0.866587 -3.07167 -0.8999 0.523512 0.463164 -1.78535 0.0470691 0.191648 -0.312477 -0.184665 0.0453414 0.362363 0.111463 -0.629483 -0.345537 0.253189 0.0795782 -0.961785 -0.00555095 0.955289 -0.300643 -0.468881 -0.0980565 0.655676 -0.489701 -0.0708219 0.10955 1.44538 0.0433678 -0.120524 -0.212453 0.940463 0.453659 0.312846 0.224245 
0.492906 1.26365 -0.87395 2.01834 0.432942 -2.85762 -0.769325 0.394405 -0.066778 -1.36761 0.867457 0.474233 -0.820128 -0.295238 0.773509 -0.162807 0.778872 -0.593717 0.534581 0.411585 -0.0346271 -0.652648 0.822112 0.823446 0.407744 0.498292 -0.0643175 0.161882 0.123636 0.105924 1.00898 0.601033 -0.489449 -0.349962 0.307429 -0.423723 -1.33559 1.37731 2.21032 
0.341937 1.67101 -0.897659 2.44688 0.27287 -2.53709 -0.488315 0.488885 -0.189484 -0.963236 0.870515 0.599392 0.185815 -0.248982 0.207223 0.485999 0.217387 0.379499 0.255497 -0.236261 -0.270384 -0.654356 -0.429274 -0.380298 1.07667 1.74143 0.0874928 -0.920507 0.97425 -1.02924 1.48131 -0.22579 -0.745778 -0.238294 -0.180606 -1.85771 -0.999439 1.21518 1.55043 
0.243924 1.47087 -0.387951 2.23573 0.812441 -2.60213 -1.00559 0.124021 -0.721134 -1.79689 0.487159 1.5509 0.921307 -0.207745 -0.146998 0.811442 -0.250371 0.887593 0.308791 -0.334193 -0.272922 -0.833254 -1.0356 -0.175993 1.62292 2.04872 0.0145552 -0.0823171 0.16512 -0.631532 -0.508668 -0.38086 -0.0485907 0.403863 0.570413 1.25003 0.387105 -2.12031 -1.4611 
0.134192 1.52401 -0.0862171 2.19651 1.16046 -2.2283 -0.822509 0.215964 -1.02274 -1.99883 0.694523 2.22232 2.23453 -0.234427 0.124906 0.651119 -0.414145 -0.129169 -0.125363 -0.284851 0.133479 -0.0839434 0.820751 0.0068075 -1.04364 0.280337 -0.0491559 0.283001 0.0652723 -0.198966 -1.0374 -0.288579 -0.999217 0.263977 1.30671 2.08039 0.674381 -3.52156 -4.04974 
0.00949722 1.59577 0.263169 1.82158 0.683272 -2.72749 -1.29044 0.257501 -0.805078 -0.976135 0.493967 0.507264 1.20164 -0.256901 0.136002 0.876715 -0.449337 -0.149808 0.020212 -1.33341 -0.00894451 0.47346 1.0448 0.498388 -1.89864 -2.00102 -0.101 0.04319 0.93595 -1.0625 -1.09465 2.00682 -0.363769 -0.422494 0.987319 -1.23296 0.0169634 0.348835 -2.1553 
-0.122709 1.66001 0.790497 1.74718 1.01065 -2.20808 -2.15592 0.207019 -0.549278 -0.954037 1.19291 0.323682 0.233512 -0.335427 0.168096 1.58707 -1.47665 -1.22382 1.88146 -0.64862 -0.289015 0.903376 -0.412204 0.0237709 -0.694805 -1.87496 -0.0755081 -0.665171 0.136992 -0.48387 -1.25345 1.907 1.42235 -0.62304 -0.0221746 -1.09958 -0.942296 1.02836 0.4204 
-0.32593 1.76387 1.85024 0.344937 -0.540546 -0.846032 -1.93906 -0.0315142 0.0982979 -1.38834 0.517738 -0.187541 -0.673321 -0.332409 -0.529169 1.01371 -0.933207 -1.40326 1.92721 0.0889371 -0.631984 0.451286 -0.0547875 -0.443908 -0.870278 -1.58062 0.022345 -1.79508 -1.85329 2.31692 2.36366 -1.14098 1.19738 1.17534 -0.583609 1.43764 0.581397 0.970072 2.26748 
-0.455118 1.13084 1.8042 0.813969 -0.392608 -0.280873 -2.06698 -0.424965 -0.0979924 -1.00882 0.749003 -0.546597 -1.34711 -0.313082 -1.62698 -0.266218 0.840268 1.13985 0.740481 0.548763 0.88633 0.319767 1.02544 0.605168 0.275267 0.392515 -0.0852742 -1.29155 -1.55346 0.87567 2.91198 -0.386454 1.8641 2.0355 0.172453 0.727573 0.487066 1.13381 3.59029 
-0.639012 0.136888 1.58402 1.18521 0.5993 -0.105551 -1.39029 0.854815 0.418065 -0.362903 1.12291 0.0877263 -0.280807 -0.417683 -1.82072 -0.539755 -0.0575368 1.50871 1.54076 1.95304 1.40352 0.623738 0.672785 0.0431578 0.263536 2.00967 0.0387429 0.769008 -0.0378515 -1.66928 -1.57186 -0.471192 0.969633 -0.0507363 0.382172 0.646001 -0.188951 -0.159446 0.920574 
-0.872802 -0.689873 1.26445 0.756433 1.11611 1.25988 -0.113942 0.978555 0.525746 -0.336039 0.792161 -0.28306 0.662563 -0.274339 -0.857975 -0.304069 -0.829017 -0.432013 0.269289 1.5184 0.835593 0.701938 1.67144 0.416217 0.115821 1.31309 0.398638 1.64453 0.113951 -0.465441 -2.39081 -2.79595 -2.28651 -1.23419 -0.655568 -0.194518 0.218965 0.398413 -1.72647 
-0.913351 -0.721087 1.27995 0.356188 0.167287 0.163738 0.128103 1.69041 1.12 1.30853 1.53912 0.203548 1.03228 -0.0190453 -0.176184 -0.425804 -0.522978 -0.882097 -1.25519 -0.333469 0.169326 -0.0318295 0.478267 0.262123 0.661949 0.283205 0.218851 0.63553 -0.328487 0.937395 0.970029 -0.505813 -1.53002 -1.42515 -0.171844 -2.26735 -1.11576 -0.286876 -2.08611 
-0.891847 -0.866056 0.838644 0.233454 0.234009 0.0046912 -0.447411 1.14788 0.493916 0.142227 1.05428 0.378888 0.945767 -0.0554878 -0.222445 -0.632556 0.108378 0.538015 -0.236524 -0.0116282 -0.589554 0.530094 -0.595915 -0.699542 -0.171054 -0.773026 -0.0530827 0.185275 0.284789 0.777224 1.23323 1.40153 1.17126 0.233169 0.999158 -0.956948 -1.1085 -2.00955 -0.465958 
-0.968839 -0.943532 0.647394 0.464567 0.705302 -0.0727856 0.116475 1.10085 1.6501 0.712619 0.83958 0.0324933 0.259256 -0.072128 0.00909066 -0.141016 0.254246 0.351134 0.146337 0.837794 0.402494 0.967329 -0.478682 -0.846377 -1.3476 -0.182754 0.0705669 0.361969 0.912995 0.261333 -0.179792 0.548575 -0.316607 0.237838 -1.36545 0.536745 0.526998 -0.74392 0.883997 
-0.963975 -0.856966 0.697628 0.4877 0.585143 0.151028 0.390383 1.55038 1.46125 -0.336455 0.207906 -0.96871 0.763014 0.0150791 0.139524 0.280438 0.369711 0.358224 0.312051 -0.328235 -0.351717 -0.835357 -0.0591702 -0.172545 -0.914974 0.110971 0.0300413 -0.323266 0.076895 -1.156 -0.883115 -0.306966 -1.60673 -1.4583 -1.47306 2.21972 1.41242 1.62319 -0.440776 
-0.95376 -0.804007 0.927833 0.834278 1.06353 0.239265 -0.21176 0.749138 0.81474 0.653448 0.667036 -0.882481 0.370227 -0.0420867 -0.314175 -0.0641208 -0.901755 -0.531981 -0.160629 -0.768932 -1.05581 -0.505734 1.74104 0.566045 0.275595 -0.62353 -0.0289065 -0.188824 -0.216115 -1.1078 -0.791413 -0.0754638 0.159209 0.359845 1.35771 1.04038 0.736816 2.15104 -0.767494 
-1.00606 -1.17114 0.633508 -0.414055 0.0531616 -0.00960102 -0.37855 0.494569 0.955511 1.40459 0.773951 -0.693115 0.139484 -0.0138274 -0.0492997 0.0643233 -0.738092 -0.433189 0.236587 -0.169026 0.00812879 0.52235 0.981212 0.564271 1.23607 -0.656523 0.0806373 0.629452 0.184004 0.977725 0.508525 -0.280523 0.410443 1.222 0.646073 -2.31052 -0.361416 1.06328 1.36496 
-0.967587 -0.853307 0.992156 0.0961857 0.630336 0.475852 -0.380786 0.757267 1.33709 1.63466 1.23131 0.353587 -0.286296 0.0385506 0.315276 0.119883 0.0759707 -0.0234559 -0.441152 -0.358489 0.166196 0.140339 -0.569483 0.204629 1.33887 0.74143 -0.00600204 -0.049905 -0.46638 0.591587 0.599865 -0.454042 0.155001 -0.0585036 -0.884719 -1.91968 -0.953181 -0.987067 1.85376 
-0.967511 -0.855865 0.753391 -0.338084 0.0297058 -0.450753 -0.737039 0.660765 1.09585 0.835102 0.97858 0.645756 0.880914 -0.0198295 -0.0992046 -0.402057 -0.146505 0.166676 -0.217455 -0.0140245 -0.0503749 -0.362369 -0.938467 -0.38891 0.249 1.19723 0.122498 -0.900743 -0.261668 0.581342 -0.0598747 2.11536 1.28291 -0.0236392 -0.623333 -0.0379211 -1.06087 -1.62953 -1.63054 
-0.987417 -0.952512 0.5901 -0.0503192 0.797012 0.258397 -0.39481 0.706892 0.974722 0.696193 0.842397 0.602587 0.910938 0.161049 -0.585467 -0.141784 0.657312 -0.0833305 1.6742 0.924424 0.142557 -0.482994 -0.607404 -0.856246 -0.290656 -0.889108 0.122983 -0.069256 0.454322 0.207917 -1.08287 0.53642 0.46347 -0.172201 -0.314046 -0.0349616 -0.268641 -1.39618 -1.78437 
-0.806462 -1.44133 0.611607 0.319228 -0.0536248 1.22345 0.187385 0.803321 0.612857 0.227698 0.122334 0.3551 -0.00819421 0.103154 -0.168461 0.0522658 0.0614122 -0.916189 0.318965 0.449446 -0.222575 -0.676415 -0.973429 -0.657551 -1.14718 -0.587132 -0.327438 1.30758 0.368465 -1.26621 0.815191 -2.41672 -0.655675 0.187448 0.773053 1.36278 1.65506 0.330484 2.11857 
-0.884263 -1.12097 0.642365 0.0110931 -0.119177 0.577362 0.0546356 0.484316 0.298307 -0.277235 0.184846 -0.544589 0.323806 -0.16639 0.722117 0.226681 -0.608895 0.73186 -0.74252 0.268748 0.330005 0.29006 0.755375 0.798818 0.0398277 1.22946 -0.233281 0.546934 0.065439 -0.0191806 1.53442 -1.25961 -0.246569 1.07444 1.50646 1.53654 0.568876 1.29126 0.782318 
-0.972852 -0.719215 0.838288 -0.289666 0.678235 0.480931 0.456133 1.13333 0.902916 0.983073 0.921152 0.394928 1.22127 -0.130127 0.378474 0.117705 0.0422316 0.618233 -0.940643 0.202877 0.851867 0.830041 0.563114 -0.0886749 0.144082 0.195185 0.0988763 -0.754595 0.0225419 1.4889 -0.551935 0.489307 -1.10252 -0.696955 -0.472246 -0.679593 -1.0735 -0.53755 -1.82494 
-1.01439 -0.742499 0.76007 0.0533247 0.499056 -0.363281 0.257512 1.33618 1.12835 0.285879 0.0961709 -0.400507 0.518991 -0.0675133 -0.0324784 0.249223 0.880004 0.179925 -0.253212 -0.833773 -0.36695 -0.182186 0.0757815 -0.274682 -0.497722 -0.595475 0.153656 -0.24991 0.0395122 -0.20665 -0.582591 1.13646 -1.08799 -1.25781 -0.971769 -0.135323 0.594504 0.270816 0.636796 
-1.04037 -0.751693 1.08751 0.590337 0.85816 0.227719 -0.37764 0.766377 0.72073 1.05885 0.64647 -0.102795 0.625795 0.023529 0.128563 0.157217 -0.164418 0.0356425 0.195821 -0.885111 -0.405945 -0.141728 0.427791 0.505829 0.414898 0.831982 0.109259 -0.00386872 -0.508028 -1.53833 -0.0960986 0.41056 1.48468 0.722438 0.334479 -0.971165 0.415988 -0.0539903 -0.0337052 
-0.990861 -0.613935 0.917287 -0.111093 0.534699 -0.16746 -0.627598 0.930238 0.98662 0.71367 0.602 0.0143918 1.35097 0.0417458 -0.0363471 -0.258806 -0.658324 0.0838264 0.157348 0.650905 0.355488 0.152293 -0.895384 0.141306 -0.551712 -0.62918 -0.0303718 -0.268818 -0.192126 0.212668 0.252665 0.140917 1.60059 0.69083 -0.17581 -1.32215 -0.268505 -1.18132 -2.79823 
-0.99862 -0.78804 0.828705 -0.0679868 0.941987 0.385067 0.273266 1.12186 0.873023 0.163471 0.787776 -0.654507 -0.00338502 -0.00684283 -0.140255 -0.0349086 0.0482504 0.288307 0.336737 0.715477 0.284886 -0.317538 -0.894357 0.237324 -0.766426 -1.96625 -0.102362 -0.11859 0.211386 1.00732 -0.720037 -0.856908 -0.858873 -0.684708 -0.36074 2.16151 0.0518451 0.346108 0.799507 
-0.997704 -0.75419 0.882379 -0.0628429 0.823006 0.169277 0.0878787 1.21512 0.669082 -0.180687 0.839324 -0.752034 -0.615278 -0.0606165 -0.154937 -0.0474198 0.348991 -0.63621 -0.69956 -0.207968 -0.32922 -0.208446 1.26613 0.193151 -0.205604 0.170327 -0.0105898 -0.138361 -0.167406 -0.0790571 -0.832267 -0.572224 0.0152336 -0.314349 0.721967 2.82523 0.107101 1.00806 3.70799 
-1.05924 -0.942977 0.781285 0.281004 0.305776 -0.314493 0.0652979 0.792644 0.664577 1.4296 0.980927 -0.860111 0.166942 -0.0174327 -0.278616 -0.202314 -0.0308067 -0.54396 -0.235487 0.730711 -0.0294632 0.404429 1.93088 0.344426 0.241635 1.74174 0.108879 -0.0386918 -0.0979291 -0.966645 0.48196 1.12367 0.516756 0.435773 0.583881 -1.71383 -0.760238 0.0463137 -0.883348 
-1.01514 -1.03281 0.680064 -0.0936497 0.279046 -0.0662102 0.818589 1.18566 1.07351 1.75019 1.18375 -0.510399 1.12646 0.0482625 -0.193629 -0.145349 -0.617654 -0.15425 0.424108 0.308788 0.106553 0.375434 -0.447702 -0.567087 -0.159291 -0.713021 0.0378142 0.398444 0.113992 -0.309192 0.621351 0.272333 -1.64494 -0.474083 -0.938524 -4.07277 -1.10107 0.273281 -1.33646 
-1.01097 -1.13661 0.635936 -0.336649 0.151526 0.109616 0.374086 0.899197 1.04001 0.981893 0.413839 -1.0194 -0.546079 0.0203815 0.119828 -0.0883222 -0.339998 0.0773908 0.0368458 -0.914227 -0.503546 -0.534096 -2.14189 -0.756644 0.514916 0.405276 0.0104071 0.640747 0.256768 1.06673 0.79628 -0.493834 -0.491828 -0.537639 -0.823898 -0.433982 0.355966 0.58347 1.16018 