-0.888223 -1.03444 0.203544 -0.455914 0.781812 0.0425689 -0.190783 0.748977 0.134907 0.148007 0.530664 0.747641 0.576826 -0.0153554 -0.147839 0.209151 0.255479 -0.00143412 -0.153674 -0.841989 0.192668 -0.421482 0.261633 -0.131161 -0.964451 -0.844982 -0.114386 0.0140337 0.580909 0.150982 0.0592319 0.708121 -0.576183 0.552449 1.915 0.0540478 -0.403947 -1.20033 0.648557 
-0.922101 -1.15977 0.399591 0.270491 0.880594 -0.230063 -1.24192 0.979518 0.295629 0.884732 0.833284 0.0214579 0.198354 -0.0733228 -0.264704 0.19234 -0.569259 -0.166726 0.025514 -0.367554 0.230627 0.823367 -0.393949 -0.818181 -0.774487 0.331597 0.0367646 0.123902 -0.280636 -1.12506 -0.35884 0.569282 1.87479 -0.496939 1.29148 -0.430184 -0.0827149 0.189882 0.729659 
-0.961546 -1.29914 0.395884 -1.02517 0.615086 0.0680828 -0.558337 0.979604 0.958274 -0.245942 -0.287517 -0.0268457 0.908422 0.0214093 -0.0239375 -0.0714851 -0.86958 -0.360274 0.415608 1.0328 -0.304272 0.869999 -0.168552 -0.213876 -0.774568 -0.115323 0.123995 0.266903 -0.540812 1.23169 0.463911 0.507813 0.356966 -1.01336 -1.55685 0.756662 2.21188 1.63242 -0.438911 
-0.900692 -1.18371 0.328106 -0.599089 0.52032 0.185545 -0.209118 0.675246 1.16563 0.71618 0.619408 -0.75311 0.0830305 0.050672 0.00219909 -0.348471 0.66243 0.297185 0.533327 -0.0105879 -0.782729 -0.733483 0.362713 1.3937 0.857931 -0.107314 -0.0650922 -0.0182481 0.122443 1.45825 0.867403 -0.355764 -1.29512 0.00445242 -2.2862 -1.07322 0.179596 1.74416 0.734356 
-0.910874 -1.29694 0.047413 -0.362744 0.912271 0.60141 -0.568925 0.196876 0.224791 0.116772 1.10618 0.831085 0.801108 -0.0436829 -0.0421856 0.0509578 0.588665 0.507128 0.0598436 -0.262312 -0.299819 -1.4162 -1.24177 -0.0342801 0.969589 0.619033 -0.126581 -0.114274 0.829431 0.189893 -0.257865 -0.924386 0.0355264 1.89751 1.32631 -0.814329 -2.96687 -2.28473 -0.417058 
-0.944375 -1.2259 0.379063 -0.0104235 1.02745 0.245388 -0.47143 0.375427 -0.25057 -0.525594 0.585128 0.216478 0.702064 -0.0759091 -0.112075 0.48096 0.852322 0.0393203 -0.39106 0.0249385 1.11478 0.592823 -0.451615 -1.57317 -1.4268 -0.524373 0.025681 -0.193204 -0.203904 0.451451 -0.539008 0.450315 0.809171 1.35286 2.98848 2.16508 -0.513479 -2.74367 -1.46715 
-0.986783 -1.40902 0.528373 0.489578 0.951592 0.21035 -0.543986 1.31166 0.817614 -0.334843 -0.466991 -0.59571 0.276735 -0.018002 -0.235389 -0.152946 1.04012 -0.0318799 0.510159 0.546859 1.05304 1.57229 0.923306 -0.54776 -1.77408 -0.848122 0.173402 0.453719 -0.49195 -1.23447 -0.302352 -0.142855 0.0828401 -1.39634 -1.60512 0.331579 3.18051 4.04509 0.999832 
-0.962377 -1.46129 0.226117 1.02969 0.995568 0.755547 0.0754289 1.42846 1.32172 0.397711 0.0373687 -1.5576 -0.146058 0.0974929 0.341645 -0.0109902 -0.382147 -0.263032 -0.533915 0.107779 -0.281561 -1.0123 -0.120036 1.60733 2.61829 0.475459 0.0294055 0.577634 0.35672 -1.97256 0.0152385 -0.625166 -0.718489 -1.36955 -2.66185 -1.03699 1.74333 3.09811 0.888505 
-0.88929 -1.06737 0.517383 0.107432 0.68856 -0.323565 -0.436208 1.0301 -0.194685 -0.454879 1.14034 2.02258 0.752194 0.0114036 0.342245 0.203774 -0.932448 -0.0166414 -0.115008 -0.17163 -0.316516 -1.08956 -0.11368 1.19557 1.32403 0.0403827 -0.142282 -0.253038 -0.0539316 -0.0225256 0.301182 0.582316 -0.626734 -0.25171 1.68384 0.166297 -2.24311 -4.64158 -0.509738 
-0.950973 -1.11904 0.429891 0.0972446 0.978927 0.640539 -0.0962012 1.11195 0.232153 0.284032 1.23294 -0.233574 -0.105675 -0.0447889 0.0886066 -0.0649218 -0.404672 0.03815 0.0484009 -0.518956 -0.533271 0.671542 0.046261 -0.635782 -2.02329 -0.0342788 -0.0292837 -0.456337 -0.406004 0.192041 -0.0831388 -0.551046 -0.156084 -0.186787 1.30391 -0.0219797 -1.13706 0.307422 0.945574 
-0.934079 -0.978768 0.452461 -0.297241 0.72671 -0.275164 -0.955163 0.496826 0.476857 -0.408618 0.504558 -0.000710243 0.717915 -0.0178801 -0.114092 -0.202231 -0.740407 -0.0997802 -0.666054 -0.327714 -0.503302 0.214346 -0.135659 0.0585088 1.63145 0.985957 0.0415944 -0.450971 -0.0990304 1.41258 0.294014 0.499205 0.88318 0.206163 -2.1409 -0.0849359 0.779164 2.22176 -0.201201 
-0.968853 -1.23313 0.22766 -0.643163 0.879146 -0.0255144 -0.423915 0.608646 0.446499 0.148372 1.29144 1.39788 0.880282 -0.00319454 -0.362365 -0.163952 1.00791 0.332164 0.547606 0.364224 -0.327108 -1.46936 -0.0386749 0.143381 0.198465 -0.23548 0.083284 0.327941 0.162563 0.84384 0.10116 0.69036 0.226644 0.910875 0.0317606 0.0383252 -0.648176 -3.461 -2.28703 
-0.937273 -1.34113 0.288509 0.710667 1.05887 0.272442 -0.590939 0.169717 -0.992501 -0.447293 0.647939 0.197755 0.482435 0.0654039 0.213849 -0.0396676 0.103432 0.0013795 0.0243065 -0.10107 0.407572 0.246106 -0.0973342 -0.589668 -1.82955 -1.30107 -0.0387781 0.466328 0.232359 -2.12845 -0.765261 -1.19898 -0.0720792 0.504122 2.03898 0.628308 0.125415 0.722078 0.112788 
-0.90345 -1.01929 0.187992 -0.53973 0.880526 -0.00120792 -0.524986 1.01622 0.692605 0.0510382 0.701777 -0.431674 -0.42079 -0.0419727 0.103963 0.0684064 -1.12055 -0.433097 -0.651373 0.292145 0.177013 0.569624 0.589633 0.268797 0.920543 -0.122692 -0.0615585 -0.0847677 0.579795 1.22491 -0.238238 -0.311608 0.133035 -0.40101 -0.142531 0.747258 1.08214 2.46345 3.05548 
-0.979246 -1.23717 0.356915 -0.40988 0.625778 -0.378931 -0.298795 0.346731 -0.422878 0.14234 0.916736 1.1183 0.359744 0.0038454 0.129081 0.540128 1.32834 -0.236858 -0.287302 0.0319651 0.00656268 0.103575 0.649924 0.492475 0.633893 1.75441 0.212138 0.466747 0.0300867 2.8253 0.954788 1.18696 -0.651573 0.623464 0.205378 -0.521767 -0.562057 -2.23163 0.21778 
-0.899604 -0.890205 0.72812 0.788611 0.643668 -0.288509 -0.493021 1.02278 0.79618 0.700962 1.19425 0.202219 1.33362 0.170166 0.570711 0.0984931 1.70475 0.521691 0.535587 -0.359428 0.800477 0.775002 0.0678661 -0.293261 -1.31108 0.0950883 0.168311 0.62478 -0.376467 0.503181 0.468484 0.203963 -0.697044 -0.677926 -1.41467 -1.95073 -1.97828 -2.15811 -2.84873 
-0.80908 -0.666459 0.455408 1.29487 1.14747 0.156657 -0.658223 1.14721 0.352124 0.210206 0.623475 -0.192785 0.454832 0.172156 0.75386 0.163661 1.83152 0.231626 -0.0833388 -0.665079 -0.671363 -1.31109 -1.3008 -1.48581 -1.52421 -1.09433 0.125465 0.5586 0.792617 -1.87364 -1.28828 -1.32544 -0.239125 -1.06532 -0.523578 -1.38026 -1.00474 1.38716 -1.00605 
-0.727448 -0.136345 0.891781 2.62013 0.875293 -0.371848 -1.1581 0.351418 -0.514911 -0.599843 -0.291558 -1.32199 0.239288 0.29563 1.12931 0.89111 -0.16889 -0.766589 -0.789856 -0.598553 -0.264841 0.251424 -1.31239 -1.298 0.0760738 -0.910957 0.520552 0.558476 0.595816 -5.23444 -1.02176 -0.274518 0.0355541 0.0560991 3.20002 0.966182 1.6015 1.01854 0.137826 
-0.51345 0.462852 1.34652 1.12598 0.38088 -0.633199 -1.25678 0.882367 0.603548 -1.10219 -0.674528 -0.116711 -0.456125 0.692709 1.31234 0.759476 -3.40292 -0.790129 -0.357857 -0.629525 -0.615264 1.88893 -0.334623 0.115691 -0.50567 -0.956503 0.102074 -0.0869195 -0.614824 0.245704 0.635431 0.854783 0.20363 -1.36437 -0.659791 1.36136 2.42937 0.273136 0.292067 
-0.0347391 1.17599 1.65126 -0.782783 0.0851638 -0.729705 -1.78762 -0.263845 1.37402 -0.934466 -0.175867 -1.82766 -0.717215 0.397704 1.04239 0.276286 0.0768146 -0.131158 0.0649274 -0.394923 -1.62921 -0.408367 0.0489661 1.13136 0.34921 -0.61889 -0.824863 -1.18242 -1.07642 5.03695 0.884514 -0.373836 0.552094 0.227824 -3.9996 0.869048 0.902738 2.70964 1.15505 
-0.115745 1.50524 1.6228 1.2028 0.249722 -0.568272 -1.6517 -0.746847 0.195181 -1.05322 0.456837 0.232499 -1.07502 -0.132154 0.129921 -0.316948 1.63404 0.0943847 -0.731693 -0.0774316 -0.38744 -2.11067 0.534425 1.01843 2.20397 0.198547 -0.371927 -1.25737 -0.722569 -2.38733 -0.425171 -1.12006 -0.173371 1.03585 -0.063566 0.261975 -0.997819 -0.207385 2.32569 
-0.166894 1.30591 1.33431 0.851256 0.179548 -1.4614 -1.86506 -0.651286 -0.736649 -0.40004 0.842563 0.376302 -0.518668 0.0257774 -0.214981 -0.446283 -2.31051 -0.556329 -1.05513 -0.568294 -0.593364 -0.471933 0.310941 0.133546 0.141825 1.7068 0.338918 0.161413 0.253491 -3.22437 -0.507901 0.547355 -0.191844 -0.659902 2.55801 -0.719321 -0.88773 -3.47484 0.0714776 
-0.089968 1.29026 1.17652 -1.10771 -0.306607 -1.6234 -2.21999 -1.34021 -0.276752 -0.74228 0.590382 0.374324 0.631782 0.206763 0.291334 -0.0634568 -1.59033 -0.413516 -0.184338 -0.269276 -1.04734 0.447344 -0.184896 0.1307 -1.27088 0.270024 0.115392 0.908171 0.503133 2.83945 0.891004 0.624115 0.673143 1.02563 1.04377 0.99847 -0.0616396 -1.00234 -2.11111 
0.0398698 1.59725 1.27085 -0.739074 -0.233968 -1.64574 -2.13433 -1.69863 -0.289306 -0.584936 0.973262 -0.894576 -0.248644 0.141169 0.69319 0.0568497 0.528936 0.334676 -0.431018 0.104849 0.432264 0.571836 1.30941 0.0719059 -0.860513 -0.404313 -0.0479614 -0.0971329 -0.163207 3.92685 0.201825 -1.21254 0.917366 0.873432 -0.504652 2.04206 -1.91567 0.994781 0.524719 
0.0512011 1.98345 1.23337 -0.578778 0.0280687 -2.05442 -2.11514 -0.907948 0.295085 0.567131 0.662288 -0.486189 0.227469 0.158802 0.194201 -0.226664 2.33652 -0.211691 -1.39688 0.648091 -0.17391 -0.0573085 1.85716 -1.78497 -0.276098 0.794744 0.305348 -1.05783 -0.629895 2.4931 -1.22489 -0.42159 2.05786 -1.21805 -1.17138 -0.634623 -0.761779 1.87385 1.40875 
0.198672 1.79145 1.04419 1.59745 -0.445659 -3.04261 -1.48624 -1.87254 -0.346614 1.27222 -0.811705 -1.17067 0.5461 0.446517 -0.364639 -0.573045 3.02204 -0.890211 -0.852609 2.16271 -0.78579 -0.599544 0.674788 -0.689873 1.01334 1.00444 0.422316 -0.823995 -0.265002 -2.74469 -0.472083 1.30485 1.29215 0.226648 1.13323 -1.36198 2.42706 2.2339 -0.706745 
0.497718 1.61881 0.660325 2.44326 -0.862142 -2.90703 0.0475661 -1.69374 -0.304459 1.24192 -0.0275853 0.527153 1.2319 0.581118 -0.629794 -0.491666 -0.408167 -0.683774 -0.0920237 1.94024 0.0527378 1.07592 0.495179 0.642088 1.9578 0.0879988 0.00689004 -0.0868713 -0.489931 -5.93575 0.252619 1.23456 -1.29521 0.474142 1.9002 0.191591 0.89335 -2.24 -2.20713 
0.77979 1.16165 0.552523 1.18928 -1.12943 -3.13464 0.453998 -1.8198 0.729307 1.7674 -0.169618 0.787125 0.634098 0.453407 -0.45151 -1.06298 -2.91371 -0.637592 0.381947 0.867501 -0.311648 1.30066 0.866379 0.203477 -1.22666 -1.2027 -0.224294 0.581934 -0.270092 -1.13381 0.342169 1.36641 -0.63662 0.128892 0.344845 0.0441711 -1.32018 -3.53673 -0.131127 
0.951125 1.1673 -0.402651 -0.470449 -1.49973 -2.52508 0.915067 -2.00539 0.996196 2.1083 0.175892 -0.699505 0.0292064 0.356824 -0.0478597 -0.761758 -1.54198 -0.341605 1.27439 1.30362 0.181629 1.42077 0.53935 -0.678088 -1.57893 -0.0431283 -0.165653 0.304973 0.72243 4.08673 0.637975 0.644052 0.125936 0.94414 -1.26863 -1.56878 -0.809177 1.32567 1.50779 
1.13661 1.11379 -0.209235 -0.352699 -1.47104 -1.86025 1.75762 -1.63817 2.15007 2.30675 -0.847706 -0.791809 0.59097 0.287754 -0.146537 -0.340546 1.17302 0.000383618 1.026 0.993437 0.632491 0.0320257 -0.702405 -0.6057 0.0990105 0.30509 -0.227948 0.166297 -0.405554 3.09249 0.120741 -0.03885 -1.46242 0.0808966 -3.86162 -1.48739 0.745067 1.33058 0.156204 
1.23888 1.02076 -0.743196 0.70257 -1.49935 -1.49909 1.9085 -1.37289 1.02822 1.40589 -0.429808 -0.600495 0.334296 0.128876 0.118438 -1.16731 1.55051 -0.220864 1.23554 -0.158803 0.262526 -2.44086 -0.94804 0.0669791 -0.248355 0.113075 -0.162588 0.0474442 -0.533251 -1.53033 -0.179985 0.120219 -1.47487 -0.0139312 -1.7143 -0.271964 0.501067 -0.643398 0.434078 
1.26549 1.23223 -1.37655 1.19781 -1.6919 -0.624715 1.59882 -1.37565 -0.290784 1.35871 -0.780727 -1.04016 0.704045 0.125166 -0.0990933 -0.873796 -0.357308 -0.179601 1.14622 -0.481436 0.61856 -1.68227 -0.974369 -0.104633 -0.544387 0.739168 0.0347739 -1.03259 0.998296 -4.07043 0.383912 -1.69259 0.126445 0.0536474 1.16043 -0.325758 -0.521536 -0.322891 -0.639333 
1.36405 0.921671 -1.61699 0.345261 -1.67895 -0.352868 1.42707 -0.754334 -0.654048 0.431524 -0.534441 -1.14488 1.07346 0.16365 -0.914152 -0.169015 -2.51992 0.163047 -0.457055 -0.0323579 0.316173 -1.28043 -1.2738 -0.454557 -0.571246 -0.526258 -0.0133641 -0.125803 0.770466 0.535338 0.387445 -1.27081 1.09893 -0.35858 1.76771 1.19515 -0.610477 1.03481 -1.2058 
1.42914 0.318079 -1.54556 -1.3221 -1.52886 -1.08177 1.56646 -1.05947 -1.57122 0.0849161 -1.23528 -1.61141 0.177787 0.111802 -0.224896 -0.10333 0.17803 0.207843 -0.124589 0.617498 0.25998 0.0854442 0.220782 -0.71511 0.490418 -0.466636 -0.0365733 0.92392 0.0715167 3.30047 -0.0319273 1.01159 0.621306 -0.0804931 2.74992 2.0251 0.873654 1.74443 1.06288 
1.47585 0.696775 -1.72032 0.523291 -1.47111 -0.477457 2.04457 -0.494354 -0.568604 0.652306 -1.24955 -0.654464 0.606828 0.127077 0.0097684 -0.0974987 0.780551 0.13112 0.554536 0.588948 0.23568 1.46949 0.751304 0.419097 1.17318 0.536624 0.0815132 -0.42117 0.582759 -2.00075 0.0965005 0.55022 -0.666576 -0.182979 0.123032 0.638733 1.18513 0.312798 1.20792 
1.55622 0.327848 -1.64306 -0.541554 -1.39774 -0.527234 2.15541 -0.823792 -0.101727 0.836221 -0.816188 -0.438229 0.714411 0.193315 -0.646066 0.479429 -1.82272 0.304344 0.425632 -0.0490778 0.0770009 0.208477 0.859515 0.47002 0.803216 0.741288 -0.079364 -0.333754 0.0354789 -1.3783 -0.15634 0.187911 -1.38606 0.283817 -3.07332 0.145012 -1.09629 -0.133753 -0.0109104 
1.66916 0.0507087 -1.24089 -1.29943 -1.16676 -0.0518253 1.99549 -0.417353 -0.360127 1.51182 -0.779531 0.148751 1.34812 0.0477127 -0.323985 -0.0620197 -0.597745 -0.0252201 0.742447 -0.797109 0.519497 -1.60383 0.896316 -0.677198 1.03943 0.525713 -0.249208 0.654909 -1.0914 2.73674 -0.741855 0.429693 -1.06985 0.484009 -2.41633 -0.92546 -2.40241 -0.284594 -1.07566 
1.60393 0.00386233 -1.70508 -1.1393 -1.42296 0.215213 1.3583 -0.304295 -1.70556 1.73254 -1.49339 0.601199 1.24012 -0.0558929 0.00884247 -0.611969 0.914015 -0.437511 0.855325 -1.11893 0.56101 -2.20785 -0.0659454 -1.9324 0.518622 -0.334375 0.00171504 0.419398 0.200345 1.74282 -0.015892 0.0566947 0.581007 -0.0325974 1.06002 -1.31977 0.669928 -1.15469 -0.55817 
1.61327 0.0595512 -1.85286 -0.385419 -1.60428 0.803499 0.87656 0.143657 -2.56798 1.44587 -2.71193 0.667373 1.01374 0.0494278 0.0954125 0.138325 1.14507 -0.0411121 0.799142 -0.216102 0.486899 -0.543813 -0.423452 -0.0072701 -0.115258 -0.0324568 0.0821772 -0.168164 0.773424 -1.32295 0.628535 -0.658204 1.46899 -0.633882 2.94921 -0.383339 3.32623 -0.575624 0.53905 
1.65336 0.0992748 -1.56676 0.00577229 -1.46407 1.01435 1.14219 0.182604 -2.24937 1.30908 -1.50066 0.485941 1.20767 0.0262843 -0.159322 0.161455 -0.408932 0.191024 0.197121 0.350064 -0.0728723 0.741354 -0.449284 1.39384 -0.0570025 0.204674 -0.0178336 -0.255089 0.116778 -2.24873 0.281955 -0.816649 0.493477 -0.862807 1.50581 -0.33793 0.283384 0.476113 0.191914 
1.63955 -0.0997707 -1.69141 -0.794351 -1.41325 1.00062 1.22662 0.0707846 -1.82662 0.996591 -1.31809 0.61037 1.21842 0.0315941 -0.159677 0.255103 -1.10366 0.240842 -0.0175077 0.277375 -0.375908 0.961994 -0.761382 0.276114 0.360854 0.159457 -0.0745309 0.448456 -0.0889429 0.594072 -0.201065 0.437845 -0.721546 0.111957 -0.878932 0.301155 -2.58791 0.75217 -0.450592 
1.68495 -0.0604019 -1.31165 -1.09789 -1.22323 0.996847 1.41957 -0.193304 -1.28738 0.547703 -1.22454 0.846796 1.36712 -0.0482466 0.289134 0.0725121 0.185139 -0.0100413 0.634966 -0.371482 0.0390851 -0.137578 -0.148129 -1.19407 0.695168 -0.245918 -0.159086 0.482665 -0.478129 1.48296 -0.398871 0.804231 -0.827731 0.947752 -1.43367 1.15663 -1.38239 1.10795 -0.502378 
1.59131 0.189364 -1.6189 -0.609212 -1.42329 1.63559 0.855142 0.10987 -1.9642 0.848462 -2.51216 1.30554 0.972498 -0.127492 0.322988 -0.223026 0.379297 -0.158028 0.786724 -0.550356 0.571844 -0.471671 0.395252 -1.10627 1.46881 -0.342921 -0.0197681 -0.466308 0.0372689 -1.73114 0.0164567 -1.28989 0.582932 -0.594534 1.10884 -0.90634 1.72405 -0.633416 0.528761 
1.55746 0.262587 -1.53468 -0.718594 -1.38125 1.78357 0.869213 0.37854 -1.75905 0.942955 -2.33081 2.3156 1.0242 -0.0680147 -0.177174 0.109781 -1.546 0.0064154 -0.654926 0.21145 -0.555449 0.971263 -1.05447 0.529982 0.0617511 0.282843 -0.0333802 -0.42826 0.145107 -2.14779 0.0569369 -2.11328 0.935512 -2.34729 2.33098 -2.31428 1.87986 -2.82294 -0.541879 
1.52329 0.0121894 -1.50911 -2.15521 -1.41688 0.980659 1.06659 -0.445579 -0.99294 -0.206007 -1.98217 1.36729 1.25534 -0.160873 -0.105272 -0.0779185 -1.7685 -0.101092 -1.32656 0.385155 -1.77545 1.8593 -1.91903 0.773587 -1.35413 -0.8848 -0.131053 0.730443 -0.208524 2.30095 0.143367 0.810096 -0.324793 -0.00955766 0.573004 0.533853 0.446977 0.155379 -2.36912 
1.39659 0.157315 -1.6126 -2.48709 -1.48235 0.457011 1.25437 -1.39691 0.100256 -0.976072 -1.55723 0.961472 0.139404 -0.199068 0.553269 -0.0987435 0.754958 0.149782 0.155169 -0.113343 -0.565006 1.54427 -0.520616 0.976959 0.217131 -2.08628 -0.00345232 0.719664 0.101042 4.63729 0.448458 2.30866 -1.00425 2.30678 -1.76331 2.52878 0.683389 2.02738 -0.55005 
1.32423 0.565459 -1.60786 -1.40025 -1.2671 1.13583 0.953249 -1.01059 0.551327 -0.726623 -1.00522 1.58442 -0.830941 -0.164325 0.614392 0.0231237 2.8688 0.347366 0.982099 -0.619096 0.531332 0.0959982 0.609756 1.45698 0.673254 -1.43485 -0.0114479 -0.566238 0.258162 0.554317 0.14654 -0.183646 -0.471277 0.223554 -1.94699 0.138606 0.094442 0.653793 1.44206 
1.23226 0.771707 -1.58947 0.381708 -1.13498 1.43911 0.635272 -0.865576 0.196254 -0.366316 -0.100251 1.63473 -1.29545 -0.210516 -0.0129682 0.159419 1.30928 0.296322 -0.0284767 -0.58462 -0.341452 -0.402719 -0.38201 1.0714 0.870924 -0.644218 0.00705006 -0.922512 0.478923 -4.70178 -0.169779 -2.27601 0.591871 -1.25758 -0.273906 -2.31896 -1.96043 -0.262189 1.68327 
1.11371 0.552491 -1.44844 -0.0909745 -0.970773 1.10735 0.368629 -1.35204 0.148607 -1.10863 0.0661854 2.45534 -1.47516 -0.157275 -0.30812 0.502047 -1.83298 0.177587 -1.29391 -0.0272252 -0.726244 -0.177908 -1.7092 -0.503456 0.411065 0.248423 0.0767701 0.330026 -0.121884 -3.16762 -0.446945 -0.513075 0.614469 0.462788 0.711819 -0.71581 -1.80921 -2.3861 0.950696 
1.07499 0.463587 -1.08743 -1.45127 -0.957392 0.145199 0.608047 -1.59182 0.0183465 -2.07552 -0.603707 2.04579 -1.04702 -0.133746 0.317057 0.0375348 -1.85835 -0.150623 -0.541551 0.0298489 0.121336 0.309099 -1.09782 -0.737809 -1.51517 0.306478 -0.0629021 0.872833 -0.750666 1.26677 -0.257506 1.68634 -0.253959 1.31013 0.0123965 0.990747 0.555288 -1.29077 -0.94848 
0.979964 0.869548 -1.4109 -1.94932 -1.1214 0.565801 0.398478 -1.2307 0.457707 -2.20645 -0.671623 0.940172 -1.16868 -0.220177 0.564714 -0.248619 -0.566203 -0.0799192 0.392428 -0.281184 0.583885 -0.165511 -0.718457 0.0518327 -0.879701 -0.700056 -0.0444765 0.274951 0.388205 3.2014 0.483383 0.899136 -0.0787493 0.300712 1.42747 0.591078 0.786148 1.00442 -1.27645 
0.85481 1.0283 -1.33605 -2.01747 -1.03731 0.537627 0.326863 -1.00794 -0.147165 -2.79398 -0.551874 1.16609 -1.74708 -0.178222 0.592008 0.42574 1.34306 0.33276 0.357585 -0.0489005 0.422048 1.73657 -0.506742 0.0483388 -0.51075 -0.969972 0.0550991 -0.204038 0.953565 2.7901 0.574707 -0.0870453 0.702456 -0.326703 0.706258 2.24349 0.802217 -1.25979 -0.114129 
0.801742 1.46156 -0.985165 -0.606266 -0.788636 0.923385 0.349578 -0.808653 2.19427 -2.71319 -0.623284 0.429421 -2.13865 -0.165078 0.360676 0.704946 2.2239 0.494788 0.305383 0.421272 0.257181 0.540747 1.52504 0.85405 -2.13949 -0.814186 -0.114036 -0.298964 0.385588 -1.76727 0.342127 -0.749937 0.382273 -0.211043 -4.19928 1.80677 1.23823 -0.142327 0.759013 
0.689732 1.38898 -0.631101 0.20643 -0.542523 0.84301 0.748134 -0.750754 0.393582 -1.26894 0.302176 -0.973405 -2.56127 -0.292258 0.293043 0.811328 -0.424217 0.674888 -0.392352 0.333373 0.211005 -2.46271 1.30003 1.28657 -0.653077 -0.210959 -0.29374 -0.189739 0.367966 -4.23604 0.108368 -0.453454 -0.865626 0.621091 -1.24515 -1.82717 -0.549508 1.54083 1.1228 
0.509484 1.7546 -0.173837 -1.03048 -0.113748 0.531033 0.68295 -0.597648 -0.268442 -1.41317 0.663285 -0.223656 -2.34961 -0.458818 0.170937 1.07291 -2.01214 0.603155 -0.148071 -0.444355 0.878273 -0.704405 -0.302136 0.304542 -0.598667 0.30861 -0.33652 -0.995966 -0.186748 0.868026 -0.156468 0.542215 -1.25435 -0.206496 1.66984 -0.357197 -2.22095 -0.0464263 1.35918 
0.230914 1.55991 0.441811 -1.80571 0.0606318 0.694939 0.303779 0.127519 -0.310823 -1.57108 0.606718 -1.57207 -2.25266 -0.628777 -0.702923 0.624579 0.443809 0.51842 0.149863 -0.920974 0.00450963 -0.792869 0.942829 -0.934384 -0.699503 1.14822 0.0587592 -0.66922 -0.794877 4.02281 0.0314399 -0.292713 -0.829058 -1.39556 -0.15133 0.988508 0.880733 1.49862 0.474301 
-0.119294 1.05168 0.450742 -0.586674 0.404672 0.680896 -0.238024 -0.593138 -1.06131 -0.470338 -0.2711 -0.923159 -1.20139 -0.400059 -0.498283 0.278034 2.01067 0.634595 -0.440784 -1.27341 -0.517292 -0.855736 0.686371 1.18528 0.899954 0.782911 0.488284 0.458238 -0.307355 0.26892 -0.179914 -0.766355 0.584085 -0.128537 0.21761 -0.643219 3.21377 1.45664 -1.84909 
-0.169145 1.06163 0.719845 0.204955 0.695227 0.254154 -0.969634 -0.389774 -1.16656 -0.884704 1.79199 -0.672118 -1.46975 -0.140494 -0.244684 0.317225 0.712729 0.338506 -0.616492 -0.336889 -0.124027 -0.575259 0.29961 2.27939 0.757137 -0.700874 0.144863 -0.0589267 -0.198087 -2.44943 -0.666953 0.42739 1.90908 0.934187 0.117354 -0.30326 -2.8226 -0.813911 -0.511901 
-0.259787 0.806993 0.767966 0.126055 0.743178 0.0644036 -0.574912 -0.717165 -1.63657 -0.170728 2.00829 -0.166022 -1.90227 -0.255196 -0.55721 0.0799477 -0.438767 -0.032358 -0.0133943 0.635664 0.416894 -0.738381 0.383111 -1.63732 0.086043 0.271009 -0.154327 -0.209862 -0.198449 -0.739671 -0.619074 0.601434 0.154484 0.364377 1.28461 -0.619286 -3.84815 -1.80828 0.877519 
-0.424341 0.504421 0.799793 -0.233813 0.662869 0.24076 -0.33397 0.0271207 -1.90494 -0.501593 0.15467 -0.586074 -1.19874 -0.294821 -0.454546 0.118776 -0.0269425 -0.280568 -0.0150587 -0.182405 0.24035 0.709355 -0.319676 -1.56876 -1.05114 0.176645 0.0319268 0.0871637 -0.176568 1.28113 -0.0317664 -0.273682 -1.12488 -0.48189 2.93066 -0.630891 2.45748 -0.164608 -0.607078 
-0.554608 0.352447 0.886742 0.0991127 0.46261 0.0493448 -0.757317 -0.476815 -0.927214 -0.490404 0.439524 -1.21716 -1.72562 -0.223269 -0.470046 -0.0966204 0.842367 -0.0641243 -0.287076 -0.489215 -0.0649956 2.19228 -0.24778 0.820152 -0.0785645 -0.336068 0.0716292 -0.296165 -0.229067 1.19118 0.511952 -0.302644 0.351389 0.158779 0.288413 0.706012 1.18871 0.770876 0.66196 
-0.64761 0.034375 0.703172 0.608554 0.598744 -0.0463159 -0.823184 -0.037875 0.287334 -0.749373 0.974822 -0.664639 -1.5348 -0.223191 -0.750711 -0.110291 1.16424 0.231384 -0.317702 0.168984 0.399129 0.997768 0.386336 -0.380056 -0.280267 0.838605 0.0573108 -0.0726552 0.166567 -1.97398 0.152333 0.295046 0.905669 0.0779105 -3.6905 1.09774 -1.86515 -0.253976 2.17211 
-0.777799 -0.398264 0.776451 1.26335 0.693994 -0.268358 -0.588333 -0.0776867 0.0705543 -0.104068 0.0594681 -1.49743 -0.887016 -0.165958 -0.542701 0.0699462 -1.13161 0.0882085 0.00797044 0.416455 0.0129148 -1.49823 0.84996 -1.04499 -0.33254 1.83604 0.103867 0.381331 -0.0948932 -1.74087 0.131772 1.58863 0.243138 0.858134 -1.54099 -0.52099 -0.117603 0.460994 0.115403 
-0.813568 -0.508326 0.773119 -0.523061 0.686953 -0.0383455 -0.40673 -0.0249601 -1.21089 0.100587 -0.0701729 -0.997179 0.301234 -0.119324 -0.36938 -0.205184 -0.576629 0.363156 1.27093 0.412122 1.25726 -0.543218 -0.134654 -0.497659 0.180727 0.954008 0.109979 0.297456 -0.296365 2.89263 0.309078 0.261926 -0.469625 0.798764 4.07227 -0.598989 1.26188 0.447585 -2.06258 
-0.897124 -0.767644 0.571267 0.686725 1.05715 1.00257 -0.17621 1.17958 -0.472664 -0.238721 -0.438191 -1.31671 0.0669923 -0.0559793 -0.245245 -0.226419 1.76102 0.397287 0.269896 -0.0531702 0.811679 2.57405 0.250971 0.216888 0.115045 -0.226546 0.074052 0.0680891 0.210026 1.18662 -0.398871 -1.92414 -0.308618 -1.19812 1.00084 -0.71997 -0.113185 0.417856 -0.419144 
-0.869548 -0.753571 0.5467 1.23796 1.08424 0.231551 -0.4599 0.786718 1.36316 0.351558 0.146716 -0.882135 0.0746888 -0.0452725 -0.301291 0.00484185 0.609986 -0.0357146 -0.653214 0.103505 0.0591412 0.457624 -0.854624 -0.610844 0.598583 0.534863 -0.0358235 -0.00815838 0.2793 -1.79253 -0.355872 0.3437 0.427877 -0.980077 -3.99924 -0.484075 -0.0487912 0.115324 0.290627 
-0.942396 -1.06894 0.576109 1.29671 1.02144 0.349359 -0.0727056 1.23872 -0.0150397 -1.09335 -1.04904 -0.718122 0.601856 -0.0918028 -0.253403 0.0528809 -0.031513 0.0414149 0.613596 0.374707 -0.168398 -1.42519 -0.233104 0.168097 0.230368 0.0640812 0.0963897 0.616655 0.085658 -0.994666 -0.0872575 1.0648 0.192608 -0.216923 0.448877 2.03558 1.52068 -0.451708 -2.15385 
-0.961351 -1.00697 0.599581 1.20644 1.12565 0.845147 -0.0851933 0.61832 -0.0620333 0.118454 0.314813 -0.651766 0.13877 0.0511172 0.315363 0.0904999 -0.38468 -0.122972 0.411583 0.296113 -0.157782 0.906501 1.18096 0.909839 0.146875 -1.61899 0.216567 0.611023 0.0183675 -0.645823 -0.458202 -1.24501 -0.320074 0.877559 3.12547 0.584496 1.0124 1.91112 0.341847 
-0.891279 -0.753572 0.666609 0.912032 0.898463 0.760943 0.223407 1.08093 0.891461 0.087613 -0.139196 -0.571247 -1.01713 0.124764 0.35762 0.0712484 -0.677336 -0.416787 -0.631415 0.054633 0.709161 1.70029 0.351392 1.18049 2.14149 0.405928 -0.0821392 -0.531133 -0.0589545 0.73437 0.104367 -1.04701 -0.528942 0.484894 -1.20767 -1.92748 0.0539823 0.537389 2.07318 
-0.836587 -0.649355 0.670829 0.529107 0.708867 0.213731 -0.0305602 1.32748 1.63825 0.469847 1.49531 1.48972 0.544698 -0.0310219 -0.215769 0.0315454 0.349691 -0.0186054 -0.635424 -0.232829 0.327112 -0.301174 -0.746526 0.963822 0.684264 0.454195 -0.262223 -0.741761 -0.110944 0.133482 0.541957 0.505333 0.0043945 -1.1462 -2.9781 -0.980344 -2.00554 -3.38138 -1.47413 
-0.922301 -0.969342 0.698155 1.26172 0.879858 0.125519 -0.00942167 1.40805 0.590287 -0.658913 0.824626 0.113017 -0.562937 -0.137459 -0.384141 -0.0396956 -0.543854 0.125169 -0.126083 0.0590275 -0.437038 -1.27781 -0.628952 -0.82505 -1.23989 -1.0682 0.0640252 0.523662 -0.163114 -1.26837 0.00224989 1.04318 -0.174527 -1.28933 -0.2843 1.52493 -2.70799 -1.46425 1.29111 
-0.974045 -1.0335 0.631133 -0.014747 0.834037 0.0876484 0.0284673 0.890443 0.360441 -0.159105 0.670258 0.249826 -0.523503 0.0330032 0.307893 -0.131568 -0.918679 -0.0163555 0.407756 -0.407356 -0.962219 -0.585474 0.7784 -1.74417 -0.779987 1.74531 0.1516 0.484298 0.0440538 0.9011 -0.032909 0.206669 -0.396614 0.640952 0.896938 1.29837 1.48428 1.35215 2.19226 
-0.889298 -0.661449 0.566586 0.343043 0.863502 0.533275 -0.416778 0.445828 0.00481334 0.119487 -0.919545 -0.66697 1.18237 0.0141416 0.100157 0.00435819 0.357246 0.0922602 0.0805863 -0.337586 0.203913 -0.380874 0.669414 0.659227 0.112259 1.12406 -0.0200613 -0.393443 0.148694 1.02581 -0.0680152 -0.428635 0.44617 1.19535 1.01802 -1.01926 2.48495 -0.14414 -3.28795 
-0.959904 -0.933339 0.635492 0.342499 0.926297 0.168235 -0.309119 1.09436 -0.0204335 0.510309 1.32948 0.362085 0.600561 0.012942 -0.0855503 0.0171253 0.107127 -0.0843707 -0.0208793 0.0388134 0.233134 0.432544 -0.240862 0.740782 -0.924127 -1.54265 0.0523454 -0.0438421 -0.0513973 0.232134 -0.045431 0.299878 0.77636 0.419504 2.06371 -0.721475 -0.586404 0.319683 -1.58562 
-0.876356 -0.746999 0.583712 0.45017 0.779132 0.512395 -0.377965 0.678961 0.437357 -0.121375 -0.178763 -1.5911 -0.360275 0.066487 0.056315 -0.0470392 0.58938 0.0468291 0.380464 0.438774 0.623417 1.68284 -0.0520605 0.0728233 0.431942 -0.461553 -0.0751924 -0.112183 0.0532159 0.178372 0.198578 -0.150921 0.112303 0.362167 -0.657492 -0.30793 -0.53536 2.44172 2.35068 
-0.893417 -0.877024 0.588452 0.931879 0.973126 0.548699 0.129655 1.71777 1.66241 0.458249 1.40231 0.794027 0.139007 -0.0622504 -0.197733 0.0703412 0.285499 0.114207 -0.171801 0.151116 0.595301 -0.224948 -0.548792 0.205422 1.5176 0.808036 -0.119996 -0.137881 0.0895437 -1.05518 0.094864 -0.369243 -0.913551 -0.689333 -1.9636 0.246434 0.245875 -0.476971 0.721508 
-0.938606 -0.944733 0.654053 0.735668 0.893339 0.340595 -0.226849 1.27426 0.212409 -0.670167 0.0266588 -0.0735016 0.447761 -0.0535087 -0.0815661 0.0425045 -0.465795 0.141693 0.0112212 -0.474777 -0.0659154 -0.280756 0.194373 0.318698 -0.0450289 0.259955 0.069939 0.107159 -0.211339 -0.549126 -0.0305172 0.672631 0.242871 -0.23086 1.25482 1.5354 0.0250848 -2.57332 -1.80753 