-1.0121 -1.11396 0.773017 -0.105677 1.03975 0.290945 -0.0507577 0.990618 0.50146 0.0574509 0.663281 1.31684 0.851329 0.00501609 0.151264 0.177176 0.274222 0.143142 0.60948 0.222029 0.0672216 -0.0265118 0.053921 0.702774 0.205663 0.987996 0.0517453 -0.10696 -0.0196169 -0.587053 -0.51516 0.552918 -0.0897072 -0.256906 -0.598638 -1.84259 0.259442 -1.84132 0.0988986 
-0.991028 -0.969251 0.985522 -0.0844332 0.884271 0.92637 0.00562367 0.760404 0.566743 0.419151 1.03654 1.07764 1.59671 -0.00971962 -0.0647639 0.0167772 -0.267654 -0.357623 0.230427 0.138514 0.0523682 0.0765168 -0.597317 -0.0728982 -2.51808 -0.629082 -0.0262256 -0.498771 -0.296592 -0.696336 -0.430158 -1.10267 -0.234919 -0.030364 0.391868 -1.57248 -2.7384 -1.99108 -2.81464 
-1.02182 -1.17872 0.789795 -0.373331 0.682122 0.521371 0.0877562 1.04299 0.577977 -0.539866 0.590383 -1.20124 0.222247 -0.0212095 -0.347506 -0.119416 -0.422114 -0.287016 -0.493186 -0.0128899 0.0368577 0.365356 -1.51856 -2.03563 -1.78541 -1.82664 0.0321619 0.085452 0.0342285 0.123299 0.623603 0.00697115 -0.0156524 0.153181 0.693541 1.78298 -0.323132 4.20782 0.708813 
-1.01224 -1.31676 0.866107 -0.506547 0.597255 0.433184 -0.00726619 0.797262 0.932099 -1.09941 -0.999087 -0.707771 -0.229934 0.0224423 0.0206881 0.0510057 -0.144355 0.26598 0.237398 0.122862 0.20555 0.770058 1.18566 -0.39603 1.68974 0.0797311 0.0133635 0.480244 -0.0388427 -0.236858 -0.0820822 0.282654 -0.408238 0.359342 -0.75917 3.47067 3.88484 2.76523 3.24209 
-0.999377 -1.15804 0.8408 -0.517686 0.948102 0.758769 0.210618 1.24854 1.34803 0.645792 0.194353 0.488495 0.301978 -0.00784602 0.132738 -0.158258 -0.658972 -0.369098 -0.210531 -0.421128 0.3962 -0.393814 1.95211 1.84921 0.979813 1.41545 -0.0101482 0.177305 0.0296181 -0.106632 -0.8411 -0.523807 -0.926505 -0.561518 -1.84692 -2.37409 0.802842 -2.25393 0.130229 
-1.02008 -1.18402 0.707848 -1.16552 0.228157 0.222653 -0.428395 1.19346 0.538285 0.852705 0.850124 0.272041 1.18552 0.0122941 0.197993 0.0806238 -0.250987 -0.57512 -0.286409 -0.803643 -0.355968 -1.07686 -1.18843 0.406812 -0.564195 0.20996 0.0594268 0.0919886 0.224468 1.49859 1.00238 0.512113 0.318513 -0.919123 -0.292485 -4.11015 -2.4447 -1.56177 -1.94893 
-0.987083 -0.960043 0.921424 -0.768673 0.372982 0.47236 -0.593026 0.892568 0.271174 -0.542642 0.601165 -0.0757003 0.511938 0.0515808 0.224727 0.0662093 0.839613 0.633281 0.301582 -0.102615 -0.522924 -0.686299 -2.15804 -0.595485 -0.58196 -0.533474 -0.0624544 -0.629564 -0.17325 0.275412 0.224908 0.114935 1.57355 0.636486 1.84029 1.95713 -0.567373 1.28441 0.416616 
-0.968503 -0.959292 0.774058 -0.325906 0.861438 0.524235 -0.53101 0.670537 -0.148014 -1.30533 0.254639 -0.309919 0.652043 -0.0501603 -0.431571 -0.0926263 0.0244253 -0.350213 -0.171475 0.769906 0.280518 0.76343 0.768699 -0.160561 0.720216 0.626577 -0.107247 -0.453451 -0.0480755 -1.78527 -1.13066 -0.102762 0.358499 0.916533 1.64348 3.81125 0.737501 0.273243 -1.47744 
-1.03724 -1.39161 0.828798 -0.744248 0.0227694 0.300885 0.17688 1.17309 1.0346 0.226057 0.440604 0.644515 1.13852 -0.0556664 -0.228724 0.0181338 -0.945657 -0.497379 0.19882 0.255884 0.393609 0.95718 1.65321 0.142015 -0.308717 -2.01092 0.0864651 0.850043 0.10719 -0.156716 0.624925 0.187163 -0.687678 -0.838734 -1.94682 -1.56546 0.322067 -0.828643 -1.93742 
-1.02417 -1.18802 0.792191 -1.27156 0.364059 0.723054 -0.275125 1.06415 0.809166 0.347872 0.396654 -0.618636 -1.35888 0.0363048 0.418472 0.0145633 -0.132291 0.274713 0.0156879 0.0822281 -0.558217 -1.18339 -0.796766 0.161506 -0.108428 -1.31084 0.122091 0.323193 0.00843449 1.67585 0.675111 -0.236423 -0.335045 -0.763393 -1.26954 -3.1611 -0.531744 1.33557 3.20373 
-1.00094 -0.973143 0.843361 -0.876539 0.297482 0.316573 0.259108 0.614869 -0.148791 -0.570709 0.60211 0.536088 -0.172324 0.0664245 0.0944682 0.0265683 0.730189 0.177732 -0.0376031 -0.0791612 -0.369783 -0.312364 -1.5079 -0.389729 1.02685 1.19281 0.0322362 -0.447673 0.00888108 0.406357 0.0714399 1.02754 -0.351792 0.555391 1.73853 3.19745 0.218506 0.588823 2.02383 
-0.957745 -1.09355 0.81876 -0.541374 0.541791 0.685451 -0.354287 0.694363 0.496802 -1.16002 0.00692558 0.408214 -0.166063 0.068541 -0.0292006 0.0234444 0.274066 0.346152 1.04323 -0.269564 -0.00282535 0.555133 2.40069 0.380012 0.480395 0.712988 -0.121134 -0.171675 -0.0897266 -0.234787 -0.0824896 0.0566517 -0.0726519 0.675767 1.63372 3.33011 1.57131 -1.2052 -0.0839099 
-0.932397 -1.00234 0.866806 -0.602472 0.643634 1.3598 -0.010456 0.612043 0.406342 1.82998 0.982123 1.01648 0.540664 -0.0547099 -0.0772066 -0.0631584 0.495401 0.0952423 0.0190486 -0.151813 0.305983 1.32136 1.82221 1.18158 -0.178354 1.1089 -0.105736 -0.0767267 -0.177939 0.134085 0.178218 -1.70395 -0.319529 0.347051 -0.370116 -4.00243 -0.56836 -0.868651 0.265823 
-1.01245 -1.17076 0.755601 -0.0459732 0.637033 0.7045 -0.5061 1.00035 1.81816 0.662185 1.1885 0.22986 0.942839 -0.0371946 -0.105927 -0.154495 0.408152 0.524371 -0.660724 -0.589093 0.344226 0.185018 -1.60174 -0.188347 -0.388256 0.978811 0.130473 0.0257898 -0.148048 -0.389276 0.468355 -0.0311276 0.518417 -0.197768 -1.2596 -1.04901 -2.27269 0.528164 -1.15188 
-0.969592 -1.10827 0.712311 -0.194321 1.16801 0.699078 -0.599549 0.956269 0.59136 0.228237 0.793776 0.628226 1.51948 0.0757633 -0.0514168 -0.211207 0.106125 0.563597 -0.012079 0.366604 0.108216 0.0617575 0.773195 -1.09112 0.34981 -0.0429799 0.0539555 0.00544625 0.0736477 -0.495706 -0.926813 0.300715 0.29985 -0.800687 0.780876 2.33968 0.0557277 -0.0941413 -3.36692 
-0.936691 -1.22217 0.544395 0.0601522 1.20063 0.692421 -0.139496 1.10856 1.87992 1.43538 0.0973894 0.57967 0.899859 0.0167609 -0.100481 -0.0808473 -0.0875543 -0.402442 -0.36001 -0.289244 -0.456461 0.965893 0.737935 -0.132619 -0.482398 -2.38811 0.0110121 0.168562 0.481917 -0.536518 -1.35576 -0.213822 -1.13772 -0.527944 -0.975668 -0.955412 2.27112 0.71787 0.955754 
-0.952831 -1.20875 0.631463 -0.281875 0.765563 0.339068 -0.888793 0.499809 1.55725 0.966172 0.661156 0.145829 -0.868637 0.0867754 0.117145 0.27071 -0.430393 -0.792163 -0.2259 -0.771116 -0.419728 -0.91391 -0.182217 1.18 1.06768 0.912774 0.11768 0.0773287 0.10977 0.144171 0.490968 0.777365 0.734227 0.45316 -1.84165 -1.26223 0.912445 0.813167 4.59121 
-0.849916 -1.10503 0.815105 -0.37024 0.408467 0.46652 -0.910611 0.688834 0.966007 1.25316 1.27739 1.64735 1.81263 0.134441 -0.0231524 0.0289226 0.0566164 0.0885258 0.417355 0.444983 -0.00330096 -0.875758 -0.524294 0.779826 0.33077 2.2031 -0.053299 -0.236778 -0.314916 0.687912 1.03256 0.497311 1.72853 0.841803 0.882265 -0.291589 -1.65597 -2.75499 -2.20747 
-0.818389 -1.2319 0.660386 -0.225259 0.854089 0.756424 -0.44381 0.496508 0.681495 0.441878 1.44098 0.476598 1.33447 0.0334764 -0.119633 -0.0442062 0.257519 0.240396 0.271411 0.957416 0.422074 -0.0316449 -0.473806 -0.47597 -1.68731 -1.2947 -0.124425 0.306038 0.248475 -0.25848 -0.464749 -0.509798 -0.296392 0.11229 0.939377 1.9428 -1.03482 -0.479303 -3.77791 
-0.816439 -1.22466 0.770899 -0.112721 0.648863 0.737931 0.0468053 1.11091 0.934362 0.779358 0.801421 -0.0399626 0.517932 0.010016 0.282886 0.277398 -0.201864 -0.376223 -0.0924421 0.148592 0.108989 0.0636189 1.4185 -0.254994 -0.148533 -1.57481 0.306965 0.605731 -0.353596 -0.799293 -0.524294 -1.02107 -2.01853 -0.850053 -0.82511 0.0703901 0.134221 2.12455 1.1488 
-0.808373 -0.949018 0.937784 -0.427122 0.477866 0.663981 -0.295218 0.605497 0.745114 1.86038 1.18599 0.328065 -0.240344 0.340442 0.486098 -0.397802 -0.541774 -0.283898 -0.749656 -1.06112 -0.427979 -0.856755 -0.403416 -0.341749 0.43724 -0.145904 0.692249 0.7724 -0.915236 0.24893 0.0481142 -0.502336 -1.30013 -0.684953 -1.42287 -2.8029 -0.98878 -0.542735 0.935622 
-0.475998 -0.738562 0.373097 -0.654495 0.364965 -0.0117245 -1.01431 0.68293 0.077607 0.375942 0.459672 0.397277 0.372028 0.702265 1.05529 -0.637839 0.0470664 -0.328109 -0.594778 -1.15153 -0.575964 -1.35925 -1.3844 -1.24377 -0.691268 -0.639188 0.706686 1.68028 -0.0371386 0.41403 -1.90222 -0.317027 1.50088 -0.855189 -1.13902 -1.58024 0.513579 -0.808894 -1.42701 
-0.106108 0.106268 0.299945 -0.380056 0.149757 0.0692034 -1.44675 0.0295329 -0.614137 0.475986 -0.0577856 -0.363203 -0.879533 1.04713 2.16638 -0.43494 -0.127744 -2.18612 -1.06668 0.439767 -1.28317 -1.99578 -1.98366 0.17183 -0.371654 -1.57292 0.414732 0.298473 -0.170942 -0.36032 -1.72983 -0.3032 3.17219 -0.780845 0.88837 1.1242 1.69555 1.58729 0.549691 
0.57113 1.42781 -0.0618436 -0.782238 -1.82115 -1.07841 -0.574544 -0.600237 -1.91817 -1.60772 0.631502 0.0256234 -1.20089 1.117 1.35376 -0.808781 -0.313254 -2.05793 -0.897978 2.02066 -1.35681 -0.470881 -0.260193 0.451775 0.896024 -0.0894972 -0.49919 -1.96717 -0.290035 1.14573 2.3822 2.2982 1.66173 0.868176 3.57946 4.08977 -0.556695 0.8554 1.60519 
1.01089 1.46003 -0.508836 -0.69331 -1.90818 -0.828775 0.573906 -1.32728 -1.08502 0.215793 0.39399 0.532821 -0.96903 0.547938 0.199202 -0.724975 1.01799 0.196079 1.23152 2.1015 -0.414991 1.58368 2.10611 -0.384866 0.483746 0.032271 -0.865872 -2.16322 0.721791 -0.00496969 2.51818 1.40228 -1.45208 1.31312 0.302199 0.772463 -1.29772 -2.20027 -0.751632 
1.11907 1.62702 -0.786819 0.23575 -1.62508 0.153114 1.52695 -1.01523 -0.33449 0.49839 0.246636 0.509369 -1.16862 0.251124 -0.809462 -0.0869899 -0.318223 0.46025 0.504303 0.568577 -0.0436917 -0.168682 0.51227 -0.845942 -1.30425 -0.841129 -0.47204 -0.662824 0.0551904 -1.4346 -0.721098 -1.65239 -2.3743 -0.355168 -2.77748 -3.69726 -1.04559 -2.35392 -1.59218 
1.26201 0.650565 -0.595825 -1.01153 -1.44793 -0.324472 1.14248 -1.37097 -1.2537 0.728063 -0.451953 -0.771426 -1.81016 0.0758976 -0.463622 -0.669785 -0.416616 -0.525019 -0.420868 -0.272805 -0.770159 -1.1938 -1.59115 -1.43045 -1.87018 -1.55991 -0.192723 1.24749 -0.468223 1.30521 -0.494308 0.240267 0.0910411 0.100884 0.492602 -1.09848 1.0536 2.10151 1.52921 
1.19496 1.16339 -1.4566 -0.180867 -2.15009 -0.267754 1.25415 -1.78539 -1.52829 -1.09276 -1.18382 -1.36081 -2.72852 0.0584011 0.438025 -0.555213 0.98699 -0.0340582 0.74457 0.659618 0.0571923 0.32392 -0.586207 0.207657 0.797266 0.688082 0.12496 -0.159959 1.13552 -0.396944 1.28411 0.933501 0.759641 1.19439 1.12835 2.22495 1.86471 3.17609 3.21283 
1.32041 1.08859 -1.15104 -0.0245425 -1.48199 0.420099 1.8021 -1.31377 -0.929779 0.141856 -0.244296 0.0258398 -1.12208 0.200857 -0.623581 0.465739 -0.81356 0.759091 0.512633 0.486836 0.424235 -0.0654536 0.633798 0.434252 1.30592 1.65292 0.00788049 -0.785707 0.587679 -1.67994 0.0373104 -0.752769 -0.719819 -0.193869 -0.831214 -0.0578134 -0.646131 -0.926686 -0.436982 
1.39582 0.539814 -0.990865 -0.994427 -1.391 0.244878 1.74098 -1.36115 -1.59374 -0.45896 -0.749566 -0.0548922 -1.0756 0.0662816 -0.347683 0.0324664 -0.692945 0.0032522 -0.00819836 -0.0602005 -0.136676 -0.507293 -0.644021 -0.438474 -0.129419 0.2511 -0.215901 0.91338 -0.718985 1.21797 -1.08125 -0.112907 -0.515813 -0.418102 0.0256249 -1.23862 -0.503895 -1.64313 -1.20131 
1.3867 0.740906 -1.11857 -0.717487 -1.47873 0.4119 1.7419 -1.45045 -1.43707 -0.502165 -0.68277 -0.10358 -0.870977 -0.0150436 0.289799 -0.253246 0.40441 -0.322163 0.399726 -0.0289768 0.0061326 -0.0398287 -0.604819 -0.0696431 -0.337217 0.451616 -0.0551926 0.274711 -0.0920035 0.647312 -0.264233 0.281168 -0.0636326 0.307059 0.231967 0.212151 0.631696 -0.271728 0.539174 
1.38078 0.829613 -1.24411 -0.590017 -1.71317 0.644604 1.71201 -1.35502 -1.63357 -1.06378 -0.819209 -0.392109 -0.623984 0.011089 -0.0729715 -0.059537 -0.0456334 -0.26098 0.27297 -0.123833 0.170382 -0.275326 -0.43187 0.193222 -0.401147 0.790274 0.0622114 -0.519404 0.464892 -0.70156 0.498718 -0.331457 0.0798364 0.181436 -0.00690549 0.746908 0.374016 0.705165 0.198058 
1.39778 0.667935 -1.17811 -0.763121 -1.73971 0.68487 1.61807 -1.28007 -1.7124 -0.934035 -0.489548 -0.504727 -0.0807031 0.0471679 -0.229604 0.211646 -0.29715 0.176555 0.0682688 0.0508596 0.187568 -0.0467342 0.142089 0.304373 0.367949 0.649674 0.00318444 0.132449 0.100423 -0.00327498 0.510484 -0.361588 0.36019 -0.175144 0.312966 0.633097 -0.577055 1.08049 -1.11546 
1.42795 0.600009 -1.03247 -0.887167 -1.53661 0.712873 1.76287 -1.16745 -1.68031 -0.921689 -0.514836 -0.0241602 0.0256906 0.0142735 0.0594779 0.0408856 -0.0489083 0.249504 -0.0886175 0.236357 -0.0047614 0.0376399 0.201228 -0.383833 0.67934 -0.325188 -0.0792014 0.352651 -0.47273 0.14166 -0.151221 -0.425461 -0.00852879 -0.440307 -0.109714 -0.346298 -0.876025 -0.371324 -1.30972 
1.41206 0.727413 -1.13722 -0.812029 -1.49021 0.596253 1.85442 -1.28483 -1.67476 -0.732807 -0.873381 0.174613 -0.405891 -0.0320335 0.123047 -0.261084 -0.15549 0.0253335 -0.357192 0.0423308 -0.252739 -0.156449 -0.204209 -0.571652 -0.00337495 -0.660043 0.0281763 -0.206165 -0.00793237 -0.077558 0.0786298 0.282708 -0.0638407 0.144801 0.176914 -0.0179032 0.636228 -0.569957 0.603335 
1.39591 0.723056 -1.29355 -1.04266 -1.51128 0.355681 1.8052 -1.42019 -1.83676 -1.1259 -1.08649 -0.0275351 -0.634353 0.0424498 -0.146687 0.0329532 -0.126466 0.328134 0.194091 0.172516 0.14004 0.214554 0.183325 0.252395 0.109383 0.278147 -0.0239956 0.42412 -0.11683 1.47455 -0.5167 1.37744 -0.219445 0.388547 0.655087 -0.354289 1.45138 -0.267356 0.910663 
1.45451 0.580725 -1.10427 -0.938495 -1.16208 0.790344 2.02694 -1.14479 -1.4602 -0.549482 -0.620986 0.283996 -0.127744 -0.0560291 0.547167 -0.377915 1.31906 -0.491367 1.02024 -0.177114 0.135809 0.498638 -0.558498 0.87973 -0.270731 0.25062 -0.118643 0.0474994 -0.271759 -0.442344 -0.697661 -0.571904 -0.993167 -0.712798 -0.868415 -2.26792 -1.15222 -1.39803 -1.71472 
1.33988 1.27022 -1.67146 0.276405 -2.00264 1.37592 1.62808 -1.28438 -1.33812 -1.6844 -0.206757 -0.298266 -0.383733 -0.0761934 -0.0991879 -0.238806 -0.568811 -0.369527 -0.377814 -0.820651 -0.572759 -0.653861 -2.0846 -0.899829 -1.28865 -1.43657 0.0855089 -1.0472 0.748011 -2.3947 1.28494 -1.91632 0.0896122 -0.372829 -0.612589 0.963137 -1.91999 0.169765 -0.580043 
1.37831 0.481538 -1.34308 -1.50731 -1.5316 0.41253 1.20629 -1.71755 -2.11406 -2.63408 -1.52081 -1.00465 -1.56432 0.0294798 -0.500037 0.370096 -1.07564 0.793577 -0.89608 -0.0875016 -0.23702 -0.113951 0.404639 -1.04026 -0.100967 -0.329423 -0.0206134 0.805963 -0.0282362 2.02466 0.176177 0.328581 1.06022 0.771942 1.49212 3.43483 0.949083 0.99656 2.59698 
1.36936 0.770186 -1.30137 -0.799232 -1.20907 0.479845 1.54058 -1.5214 -1.45207 -1.27976 -1.24701 -0.399233 -0.713156 -0.0968068 0.706775 -0.267042 1.45585 -0.193349 -0.0492325 0.239571 0.199184 0.83826 1.35023 0.049254 -0.29209 1.1604 -0.103332 0.781326 -0.503554 1.52023 -1.16673 0.407033 0.0288286 0.322855 0.450288 -0.0316387 0.677202 -0.801133 0.583678 
1.28151 1.18831 -1.61012 -0.0514523 -1.72495 0.363298 1.44586 -1.51837 -1.2758 -1.28385 -1.47156 -1.29674 -0.403916 -0.0738523 0.28129 -0.133457 0.444592 -0.37315 -0.489047 -0.058673 0.085835 0.336337 0.373001 -0.363054 -0.9021 0.254254 0.0982642 -0.752367 0.536519 -1.47425 0.667919 -0.347594 -0.281562 0.0584178 -0.198015 -0.119968 -0.145656 0.0872582 -0.989169 
1.29551 1.05148 -1.43483 -0.35464 -1.58222 -0.00920199 1.48191 -1.43557 -1.11573 -0.906756 -1.61007 -1.30133 -0.458902 0.00145736 -0.045592 0.269477 -0.0184009 0.474569 -0.396826 -0.0419906 0.257601 0.640245 1.23026 -0.0964017 -0.204832 0.171233 0.0650118 -0.274095 0.149319 0.162379 0.926977 0.28658 -0.510581 0.0421813 0.290921 0.124023 0.0883012 -0.0111782 -0.328696 
1.28296 1.14272 -1.34064 -0.0698532 -1.25038 -0.0335289 1.40387 -1.26076 -0.63556 -0.0535872 -1.56796 -1.50158 -0.232683 -0.00884049 0.00719441 0.0158613 0.606971 0.553827 -0.202467 -0.569254 0.128016 0.627257 0.497024 -0.274753 -0.913278 -0.0744418 0.0245637 -0.177823 -0.589391 -0.0342775 -0.0442966 0.0641437 -0.664489 -0.379718 -0.619107 -1.60991 -0.253389 -0.478669 -0.83624 
1.28667 1.05867 -1.41896 0.252331 -1.02839 -0.211669 0.912655 -1.30755 -0.488475 -0.409732 -1.88482 -2.21461 -0.533343 0.0260211 -0.223415 -0.319914 -0.0526784 0.430273 -0.332683 -0.70648 -0.122116 0.0211379 -0.379643 -0.349791 -0.683501 -0.665007 0.0803018 -0.432591 -0.0261312 -1.26427 0.195359 0.0205845 0.322083 0.0515466 -0.545657 0.609998 0.582725 0.873213 0.178287 
1.30899 0.919305 -1.66056 -0.122532 -0.82011 -0.366212 0.69739 -1.38288 -0.614422 -0.43323 -1.91775 -2.18508 -0.89769 0.0714613 -0.425396 -0.0102699 -0.6573 0.749187 -0.181883 -0.247171 0.179563 0.0816006 1.10702 0.307972 -0.0400646 0.103845 0.0211846 0.025276 0.487899 0.185987 0.128172 0.332697 0.635729 0.307604 0.684773 1.72263 0.776462 0.800258 0.612398 
1.35813 0.633274 -1.42923 -0.404969 -0.279202 -0.393552 0.665483 -1.12799 -0.406874 0.69729 -1.57685 -2.25468 -0.429498 0.0472056 -0.198139 0.167985 0.133308 0.558445 1.36986e-005 -0.0707503 0.185488 0.70591 1.34299 0.426671 0.116757 -0.0526089 -0.0974915 0.377487 0.0135776 1.13529 -0.756381 -0.0824315 -0.219789 -0.0556995 0.931995 -1.28881 -0.277405 0.349337 -0.393607 
1.35619 0.721166 -1.49257 0.0107766 -0.261665 -0.366198 0.62664 -1.19739 0.0914887 0.909756 -1.49108 -2.06832 -0.950299 -0.0260302 -0.0479087 0.00330764 0.47799 -0.00719444 -0.264314 -0.466961 0.123863 1.0136 -0.18179 0.0305676 0.309272 -0.289762 -0.157886 0.100821 -0.0495745 0.0190381 -0.513045 -0.949973 -0.836408 0.0935027 0.257248 -0.979863 -0.371971 0.340382 -0.221702 
1.3321 0.585365 -1.42593 0.0730214 -0.286397 -0.657866 0.198523 -1.00412 0.606721 0.5155 -1.54628 -1.9454 -0.71926 -0.11068 -0.097318 0.118411 0.152346 0.0453993 -0.949959 -0.907158 0.278991 0.963158 0.363123 0.0547 0.457139 -0.274311 -0.232409 0.94083 -0.489552 1.3957 -0.726659 -0.393932 -0.356941 0.195358 -0.191619 0.64153 -0.139307 0.998673 -0.853199 
1.24551 0.623848 -1.37416 0.163123 -0.216266 -1.31616 -0.280518 -0.918402 1.05465 1.27288 -1.43638 -1.61118 -1.22461 -0.258439 0.892922 -0.486244 1.87369 -0.733853 -0.658246 -0.823902 0.319221 0.821976 0.45974 -0.108739 1.30795 -1.14296 -0.029385 0.409472 -0.265634 0.558623 -0.129682 0.0129653 0.60338 -0.0759168 -1.1448 -2.08271 -0.483921 0.732313 -0.350581 
1.07366 1.47829 -1.91217 1.94671 -1.02025 -1.31611 -0.625379 -0.684903 1.4287 0.97524 -1.65502 -0.637457 -1.86222 -0.140065 0.312154 -0.147224 0.710969 -0.0842827 -0.936994 -0.303778 0.203074 -0.181638 -1.71959 -0.429221 1.18945 -0.624892 0.192507 -1.07252 0.962717 -2.12525 1.70864 -0.259056 0.954017 0.065106 -1.03419 -2.18247 0.222476 0.152374 2.72933 
1.10545 0.936002 -1.52138 0.874092 -0.300549 -2.25315 -0.584296 -0.715328 0.873009 -0.446709 -1.8656 -0.42173 -1.8495 -0.065932 -0.179595 0.476473 -0.251565 0.974788 -0.917302 0.130115 0.384327 -0.212217 -1.72273 0.113736 1.46032 1.58637 -0.0198773 0.0301267 0.532614 0.670574 0.442195 0.677408 0.106854 0.143585 0.547559 1.70763 0.913849 0.106472 1.85894 
1.00773 1.29869 -1.4357 1.69514 -0.0454622 -2.23341 -0.495264 -0.300576 1.21648 -0.747493 -1.54128 0.822862 -0.275849 -0.159943 0.34228 0.38539 1.38154 0.357912 -0.259586 -0.196924 0.346658 0.365921 -0.0119598 0.484628 1.29592 1.23405 -0.122543 0.227509 -0.134392 1.21183 -0.904756 0.17691 -0.949492 -0.549402 -0.658477 1.38218 0.08077 -0.227951 -1.31852 
0.945503 1.27828 -1.13599 2.25564 0.0573633 -2.51274 -0.78122 -0.36867 1.23893 -0.458669 -1.38097 0.874194 -0.615456 -0.188475 0.0479144 0.342081 0.960263 0.0700315 -0.740392 -0.819377 -0.165075 -0.870694 -0.340555 0.194506 1.23237 0.267849 -0.00635089 -0.429753 -0.250324 -1.12869 -0.57804 -0.252815 -0.502307 -0.547123 -1.73129 -1.12021 -0.0373987 -0.396067 -0.52274 
0.819255 1.34661 -1.09362 2.65541 0.0245693 -2.97381 -1.31464 -0.465651 0.345787 -1.08805 -1.34678 2.05523 -0.00800046 -0.166293 -0.0874728 0.135067 0.25285 -0.220127 -0.5124 -0.699231 -0.200465 -1.36537 -1.13217 0.447229 0.899856 0.711306 0.0704588 -0.168822 -0.233087 -1.20621 -0.027149 1.60811 0.33553 -0.0263615 0.142482 -0.655101 0.492977 -0.818173 1.33202 
0.77921 1.19081 -1.00093 2.50849 -0.162764 -3.02514 -1.48045 -0.569135 -0.126438 -1.59084 -0.933745 1.77405 0.0958492 -0.118016 -0.120908 0.108994 -0.245951 0.0428825 0.867714 -0.483847 -0.191436 -0.728212 -0.995655 0.687483 0.414195 1.59987 0.0179758 -0.325768 0.467279 -1.08577 1.01169 1.07131 0.269395 -0.00447706 1.03514 0.190536 -0.475321 -0.0884943 1.39591 
0.701239 1.2257 -0.984623 2.40946 0.0674518 -2.10609 -1.79849 -0.657087 -0.382425 -2.0837 -0.659294 2.46943 1.59187 -0.148318 -0.413241 0.602345 -0.832916 0.791567 0.558913 -0.429836 -0.204942 -0.330233 -0.941639 -0.028092 0.811362 2.10722 -0.172057 0.403748 0.649651 0.635164 0.427816 -0.351767 0.24919 0.040575 1.17938 2.39824 -0.0482278 -1.22955 -1.04242 
0.630892 0.777569 -0.398582 1.67557 0.628803 -2.46622 -1.91029 -0.774077 -0.456671 -2.53248 -0.961837 2.58541 2.20307 -0.290073 0.282841 0.758645 0.389213 0.470699 0.515947 -0.234657 -0.150861 0.451164 1.40259 0.639255 -0.815351 0.557443 -0.171166 0.856505 -0.198647 2.1025 -1.02045 0.43226 0.0719469 -0.0938477 0.504485 3.63863 1.55985 -2.58114 -2.6557 
0.411166 1.50854 -0.225978 2.79867 0.538151 -1.59015 -2.03315 -0.807948 0.0687391 -0.681115 -0.0200385 1.65408 2.14931 -0.319483 0.443264 0.403699 1.26959 -0.228878 0.991173 -0.357889 -0.29879 0.174252 2.69699 1.53176 -1.76977 -0.548484 0.106652 -0.561384 -0.366215 -0.960815 -0.259173 -0.625561 0.488636 0.196718 -1.54465 0.358026 -0.991318 -0.738096 -1.72844 
0.311409 1.22083 0.00511675 2.94516 0.399925 -1.47505 -2.26818 -1.07287 -0.28242 0.164505 0.569922 0.815639 1.65458 -0.183421 -0.278544 0.39243 -0.571602 0.211526 -0.109614 0.253979 0.0458573 -1.09349 1.76061 -0.352063 -1.55345 -1.17099 0.105746 -0.293645 -0.00166877 -2.46976 0.690354 -1.40139 1.37285 1.33851 -0.681834 -2.89458 -1.70844 0.547582 -0.236755 
0.227745 1.23 0.166452 2.22707 0.749676 -1.69976 -1.77917 -0.76209 -1.02475 1.0795 -0.372101 0.100628 0.978316 -0.213737 0.14962 0.40203 -1.20017 0.461476 -0.410217 1.01496 1.03972 -0.507583 -0.19759 -0.176679 -1.22219 -0.785239 -0.134528 -0.0198466 0.148293 -0.552774 -1.11579 0.413962 0.262312 0.455237 0.60081 -2.67271 2.11908 0.113557 -0.796341 
0.0976714 1.37045 0.407147 1.74499 0.861401 -1.88527 -1.25322 -0.0331439 -0.790003 -0.0330847 0.393243 -0.406553 0.869345 -0.317949 -0.29839 0.540723 -1.12438 -0.904266 0.304348 0.516291 0.501094 -0.492676 -0.912096 1.76702 -1.43989 -1.96733 -0.16226 -0.70465 0.178565 0.653211 -1.20648 1.6421 -0.0647841 -0.117299 0.990703 0.67984 0.481018 0.684736 -0.215239 
-0.0902043 0.931606 0.707175 1.10269 -0.154589 -1.39541 -1.26288 -0.260996 -1.51742 0.167404 1.39492 -1.33926 -0.989017 -0.375997 -0.55503 0.580595 -0.546959 -0.745006 1.23188 0.950174 0.922423 0.48312 0.48225 0.30434 -0.537455 -1.00048 -0.110811 -0.418867 -0.350555 0.692027 1.50181 1.02423 0.936956 0.244793 0.945189 1.29738 -2.32104 2.91967 3.70889 
-0.278326 0.815423 0.987741 1.19803 0.116395 -0.653384 -0.303044 0.889279 -0.306883 0.449165 0.697583 -0.944008 -0.131132 -0.428759 -0.717258 0.190168 -0.432349 0.597545 1.32858 1.45325 0.745887 0.452514 0.385287 -0.55402 1.47978 1.74155 -0.112339 -0.853029 -0.905102 -0.238479 1.66949 0.372678 -0.455982 -0.931175 0.0110156 -0.29519 0.527852 2.16884 1.93483 
-0.518964 0.214348 0.897343 0.67034 0.442956 -0.0668351 0.190372 0.48489 -1.06491 0.552691 0.840896 0.140514 0.752535 -0.488337 -1.40806 -0.324508 -0.785438 0.92448 1.60456 0.494191 -0.00875157 0.494136 0.18706 0.832192 1.63138 0.934349 0.0749687 -0.574921 -0.522647 -0.732869 -0.29959 -0.771028 -1.752 -0.411757 0.566891 -0.626465 0.1095 -2.20646 -3.32193 
-0.766663 -0.592636 0.663234 0.412589 1.04087 0.951178 0.191148 0.880528 0.187253 0.636225 1.52977 0.687375 0.803217 -0.353791 -1.29218 -0.332479 -1.16522 0.297956 0.557549 -0.298753 0.334129 1.0194 -0.241178 -0.44452 -0.726682 -1.58037 0.362652 1.11143 0.522913 0.812723 -0.714111 -1.96957 -0.893722 0.386141 -0.0232424 -0.43226 -1.42192 -2.37235 -2.33382 
-0.872754 -1.07783 0.564864 -0.494878 0.740912 0.490713 -0.108381 0.81902 -0.0455038 0.311513 0.396376 -0.586168 -0.827839 -0.125684 -0.296633 0.198405 0.0272854 0.210369 -0.365011 -0.39953 0.377389 0.470893 -0.2452 -0.589731 -0.740967 -1.39947 0.351707 1.6496 0.459378 1.7562 0.208077 -0.327241 0.161762 -0.338505 -0.0245157 2.30795 2.00607 1.0249 1.95377 
-0.892347 -0.889268 0.861639 0.439874 1.25124 0.586167 -0.208382 1.25792 0.658146 0.391025 0.940044 -0.0535921 -0.596254 -0.00208337 0.35742 0.126899 0.590981 0.506033 0.230307 -0.13699 -0.0043756 0.994889 2.06677 1.56155 0.298217 0.373394 0.167305 0.34746 -0.294232 -0.473452 -0.152928 0.387031 0.0613169 -1.13439 -1.1217 0.936679 1.23068 1.90217 2.72076 
-0.874838 -0.720411 0.691762 0.0961029 1.24694 0.721021 -0.245371 0.814644 0.949385 2.37829 1.95792 -0.287952 -0.454446 0.0416207 0.0508273 -0.0958269 -0.446167 0.0574402 0.0220199 -0.338213 -0.756998 -0.650803 0.691478 0.640946 1.1612 1.32129 0.0572957 -0.247319 0.109696 -0.188113 -0.208116 0.0249553 0.304365 0.243637 -1.29764 -3.0093 -2.13406 0.215095 0.738955 
-0.850726 -0.838441 0.765812 -0.00629308 1.30868 0.608187 -0.546595 0.500919 0.00734326 1.0825 1.58099 1.10761 0.725032 0.0552124 0.110101 0.236595 0.402868 0.297917 0.255262 0.167374 0.239262 -0.302754 -0.942522 -0.572516 0.513311 1.11235 -0.0488474 -0.0697952 0.0106853 0.0231451 -0.685012 -0.0463801 0.590857 1.0034 0.521661 -1.66907 -2.01231 -1.60024 -0.740115 
-0.819625 -0.61031 0.928357 0.498971 1.54486 0.976283 -0.0779967 1.05391 0.646631 1.43576 1.38541 0.22536 0.657903 -0.00722672 -0.0189679 -0.0851415 -0.423022 -0.627572 -0.0243602 0.252644 0.246399 -0.129141 -0.977594 -1.37136 -0.439043 0.581172 -0.127979 -0.321729 -0.285112 -0.690995 -1.11146 -0.658434 -0.0466031 -0.372111 -0.140504 -0.235396 -0.493242 -0.922329 -0.492127 
-0.857953 -0.857409 0.680671 -0.429315 0.681111 0.583827 -0.293952 0.747318 -0.121798 0.104909 0.209625 0.668566 1.3062 -0.0727667 -0.211628 -0.0485174 -0.288127 -0.813543 -0.403172 0.120771 -0.132849 -0.443258 -1.17792 -1.06576 -0.409018 0.620222 -0.0216066 -0.0741576 -0.0473698 0.843033 1.3604 0.405356 0.329098 -0.0184865 1.05287 1.3721 1.38775 -1.60488 -1.16588 
-0.892392 -0.821938 0.87984 0.210844 0.731319 0.573111 0.0427747 0.921057 0.203373 0.257847 0.319648 -0.183658 1.27813 -0.0288334 -0.0931255 -0.132511 0.420011 0.732827 0.380996 0.581742 0.227912 0.923728 0.394506 0.0163811 -2.04393 -0.584707 0.0607344 0.0509924 -0.201684 -0.483341 0.739096 0.260004 -0.377994 0.189929 0.765679 2.50967 2.12808 1.29287 -1.26979 
-0.886786 -0.950535 0.548159 -0.00930353 1.41394 0.964823 0.28779 0.975231 0.80193 0.499415 0.226006 -1.37536 0.721498 -0.0120323 -0.160635 -0.250202 -0.771468 -0.0744477 -0.143168 -0.257223 0.0570796 0.322421 1.33176 1.06232 0.883857 -0.649573 -0.0426907 -0.11366 0.322124 -0.934671 -1.22618 -0.703164 -1.4655 -0.332276 -1.05183 -0.22977 0.556558 3.83525 1.06276 
-0.904424 -0.982573 0.629638 -0.560624 0.656871 0.429944 -0.214448 0.978136 0.525794 1.5896 1.38197 0.700199 0.628552 -0.0715241 -0.206785 0.189613 -0.51466 -0.493357 -0.322168 -0.883756 -0.104364 -0.128104 0.164736 0.572939 1.79133 0.478055 0.00794704 -0.0483418 0.298663 1.21533 0.134309 -0.0539387 0.476099 0.221219 -0.698185 -2.09685 -1.28912 -1.31008 1.10941 
-0.958311 -1.15732 0.737772 -0.523963 0.920582 0.642655 -0.595965 0.870867 0.673827 0.664151 0.798946 0.415967 1.19955 -0.00408525 -0.208977 0.0484617 0.443865 0.0598612 -0.197106 0.218877 0.278299 -0.375763 -0.765096 -0.226799 -0.426219 0.459835 0.127614 0.507679 -0.0624161 0.773996 0.48316 0.462396 1.60286 0.0141917 -0.209091 -0.605467 -0.954062 -2.47692 -1.96391 
-0.90851 -1.19155 0.6781 -0.116759 0.716732 0.232837 0.00442872 1.25644 0.150031 0.824507 1.15517 0.27398 1.08839 0.0560899 0.300894 0.127197 0.259336 -0.0101968 0.140228 0.719105 -0.0901718 -0.337195 -0.440731 -0.381122 -0.685595 -1.48585 0.000934013 0.526535 0.085924 -0.434771 0.061594 0.385734 -0.654596 -0.794358 1.50626 1.52372 -0.375423 0.423009 -2.79662 
-0.902221 -0.856426 0.864969 -0.264627 0.910385 0.782882 0.12314 0.780695 0.336632 0.22342 0.417823 -0.269628 -0.2863 -0.00315123 0.317557 0.134386 0.00909442 0.121455 0.188628 -0.435719 -0.516059 1.1305 0.758623 -0.602222 -0.00320955 -2.33678 -0.0400949 -0.167657 -0.151455 -0.324113 -0.376446 -0.0153557 -1.18567 0.404673 0.876687 0.34921 0.268597 0.253536 1.01323 
-0.911661 -0.873993 0.812486 -0.107664 0.838187 0.421465 -0.431291 0.740376 1.28053 1.58313 0.552948 0.27077 -1.24839 0.015995 0.133236 -0.0242587 -0.0647773 -0.386643 0.124872 -0.466566 0.314501 0.539492 -0.0915214 -0.112525 -0.432059 -0.472622 0.256409 0.624453 -0.00229197 -1.1426 -1.20744 -0.624291 0.484319 0.583107 -1.54737 -2.34685 0.193527 -0.829142 3.52464 
-0.886226 -0.72319 0.84071 -0.329405 0.523742 0.907754 -0.343426 1.0952 0.876124 0.131899 0.305298 -0.701687 -0.758922 0.253258 0.94201 0.132094 -1.1335 -1.08599 -0.435663 0.0486 0.067048 -0.416871 -1.58822 -0.408695 -0.832351 1.18786 0.248532 1.00329 0.299311 -0.915589 -0.334584 -0.705184 0.466111 -0.945499 -0.798153 -0.495388 -0.639737 1.61459 1.70424 
-0.658403 0.0680175 0.944579 -1.24117 -0.247801 -0.0141984 -0.382691 0.807424 0.863658 -0.00509432 0.144253 -0.561581 -0.0605379 0.264527 1.13653 0.275052 -0.980367 -0.721227 -0.580313 -0.00045454 -0.630998 -0.258661 -0.586909 -0.752262 1.18253 1.23161 -0.15364 -0.313755 0.41781 1.19413 0.884946 0.416473 -0.2815 -0.237617 -0.731123 0.96987 0.930045 1.6567 -0.535471 
-0.621698 0.413342 1.11576 -1.30977 -0.197485 0.327442 -0.343881 0.464198 0.617463 -0.455011 -0.446964 0.480843 0.472692 0.0996176 0.628256 0.549903 0.060627 -0.201043 -0.0191908 -0.2329 -0.170569 -1.14799 -0.618355 0.52135 0.824347 0.652384 -0.215958 -1.1929 -0.174828 1.88675 1.15053 0.756439 -0.637767 0.380921 -0.2783 0.415619 0.993671 -2.19077 -2.25872 
-0.558785 0.696273 1.49448 -1.18054 -0.448844 -0.0333892 -0.61559 0.636855 -0.284336 -0.623449 0.665603 0.262766 0.591846 0.0485697 -0.0563661 0.100224 0.906386 0.429307 0.176126 -0.638222 -0.250077 -0.536961 -0.171291 0.241408 -1.00824 -1.0271 -0.337987 -1.8208 -1.13893 1.0118 1.56038 0.568332 0.398457 0.585008 2.60677 3.04481 0.0357946 -0.556661 -1.01323 
-0.573129 0.356976 1.21599 -0.403385 0.231823 0.503568 -0.982103 0.214121 0.0805018 -0.626302 -0.205556 -0.527392 -0.554409 -0.23837 -1.19254 -0.58903 1.07243 1.35934 0.549142 0.165557 0.414439 1.45878 2.42646 0.557145 0.267686 -0.36085 -0.345358 -0.967224 -0.348139 -0.674426 0.0872394 -0.0884424 1.33788 1.14005 1.81256 0.350781 0.145688 1.18331 0.997619 
-0.797155 -0.496271 0.905453 -0.108113 0.910491 0.515753 -0.450033 1.05129 1.17444 1.80301 1.22275 0.530452 0.230996 -0.296789 -1.02359 -0.247915 0.231961 0.516547 0.0876837 0.699662 0.889972 1.2756 0.17949 0.387096 0.175071 -0.0294821 0.169694 0.983088 0.737825 -1.03682 -1.12814 -0.551441 0.146373 -0.0930646 -1.26653 -3.83833 -0.535002 -1.04001 -0.135062 