-0.899009 -0.496651 0.692845 -1.00749 -0.456309 0.756135 0.747658 1.23541 0.770773 -0.63425 -0.294944 -0.497259 -0.709135 0.0244697 0.0095889 -0.51645 -0.551605 -0.836202 -0.23201 0.470969 -0.269504 -0.128243 0.676217 -0.977969 -0.739615 1.25151 -0.107408 -0.365288 -0.406136 0.459256 1.99295 -0.417638 -1.04791 -0.896511 0.122671 1.7034 1.52412 0.41318 2.60896 
-0.901443 -0.524635 0.401614 -1.12375 -0.112199 0.852002 0.945427 0.877567 0.301447 0.445171 0.0708641 -0.783989 0.277351 0.00219512 -0.252803 -0.386606 0.0172549 0.851822 -0.451808 -0.61258 -0.536844 0.0296582 0.727568 0.313563 0.0511512 1.77637 -0.127674 -0.270948 0.21549 0.346543 0.804391 0.162383 -0.93479 -0.0885789 0.446968 -0.212248 1.54463 1.35942 -0.7354 
-0.896813 -0.749454 0.306239 -0.990232 0.395514 0.304327 0.135078 0.698571 0.800431 0.0933178 0.018619 -0.446108 1.06724 -0.103204 -0.261359 -0.30096 -0.205062 -0.0318113 -0.0696275 -0.463822 -0.358083 0.318725 0.463969 0.566665 0.619805 0.516115 -0.0542944 0.237641 0.503709 0.126173 -1.38323 0.883914 1.26141 0.637408 0.294082 0.796005 1.10826 -0.251409 -2.66437 
-1.00465 -0.785994 0.100653 -1.32881 -0.14401 0.782374 0.481606 0.519484 0.620172 0.909139 0.637529 -0.164184 0.793466 -0.0520993 -0.0151619 0.117103 0.143428 -0.531412 0.432106 0.648833 0.100565 0.32374 1.52357 1.42182 -0.200258 -0.888001 0.218301 0.302836 0.831538 1.34245 0.730246 0.384105 0.513595 0.409406 0.0897541 -0.157558 0.558639 0.212367 -0.26703 
-0.948913 -0.764616 0.423343 -0.846804 -0.135898 0.736433 0.783911 0.799136 1.12417 1.61689 1.44044 -0.646366 0.179235 0.115097 0.0414771 0.530578 1.13739 0.698435 0.314478 0.049773 0.051323 0.408479 0.306411 1.1253 0.832173 0.249085 0.167645 -0.0283689 -0.0997677 0.127698 0.21773 -0.00717207 -0.647804 -0.0109944 -0.195417 -2.68914 -2.30148 1.48849 1.2949 
-0.88955 -0.744517 0.631231 -0.191423 0.554425 1.09685 0.531379 0.570807 1.02865 1.21555 1.76283 0.667989 1.04255 0.115546 -0.0435308 0.0173356 0.271126 -0.313681 0.424934 0.001029 0.0895702 0.128323 -1.16557 -0.879657 1.28823 0.406898 -0.159475 -0.0748503 -0.750823 -1.54119 -0.561635 -0.598416 0.573094 0.859001 -0.533767 -1.00414 -3.04133 -1.98713 -2.16798 
-0.833367 -0.808147 0.440678 -0.575678 -0.449579 1.16137 0.78494 0.888706 1.25249 0.451323 0.560786 0.641868 0.586133 -0.0443785 -0.0333732 -0.220245 -0.403799 0.1368 -0.283938 0.622867 0.910324 -0.125288 -0.697725 -1.91603 -1.15496 -1.9189 -0.226986 0.271071 0.135095 -0.532909 1.44108 -0.599677 0.182452 0.27655 0.0979075 1.44625 1.36196 -2.3724 -1.10896 
-0.933929 -0.77789 0.410986 -0.595222 0.691225 0.812914 1.15425 1.48113 0.903363 0.517826 -0.153196 -0.486967 -0.876345 -0.11144 0.22754 0.152431 -0.261783 1.1274 -0.174743 0.183481 0.36612 0.22623 0.28068 0.482307 -1.08416 -0.702066 0.106324 0.0862563 0.359903 0.51247 -0.754795 0.320388 -1.60051 -1.90235 -0.050055 0.576044 2.02124 0.806059 2.62989 
-0.944807 -0.580607 0.593109 -0.837461 0.677817 0.986624 0.968421 1.25483 1.47872 0.732003 1.04309 -0.442296 -0.115933 0.0619457 0.0528831 0.139658 0.108671 -0.617996 0.03645 -0.977638 -0.992028 -0.175343 -0.121681 0.105213 -0.348897 0.710991 0.208939 -0.471428 -0.174922 0.661276 -1.82299 -0.0269144 -0.452999 -1.01135 -0.621716 -0.283488 -1.5058 1.48471 0.450674 
-0.871983 -0.725007 0.550645 -0.486552 0.0732294 0.849364 0.176608 0.489103 0.72802 0.396145 -0.0479834 -0.835864 -0.165353 0.0974981 -0.243889 -0.022491 0.399493 -0.695598 -0.201657 -0.269518 -0.645231 -0.395485 -0.00280773 -1.02349 0.400547 -0.251392 0.120034 -0.30807 -0.394027 0.496314 0.163583 0.0157749 2.10073 0.815454 0.622173 1.16335 0.308989 0.830156 -1.42982 
-0.847309 -0.824496 0.570618 -0.437967 -0.0177817 0.784967 0.698903 0.609595 1.08324 0.729196 0.0196032 -0.0417496 -0.367325 0.18198 -0.255186 -0.254369 0.604985 -0.454412 0.0522249 1.12309 -0.176574 0.44683 1.04166 0.414201 0.481259 -0.718827 0.178575 -0.0499927 -0.210678 -0.0771311 -0.540552 0.561282 1.24713 0.00272811 0.28533 1.1268 1.50103 -0.498171 1.51397 
-0.690003 -0.980194 0.296276 0.118433 -0.381183 0.901589 1.2997 0.312529 1.17485 1.43781 0.366218 -0.354605 -0.884181 0.276073 -0.293881 -0.233169 0.322362 -1.23615 0.359625 0.977615 -0.642502 -0.110155 1.124 0.477538 -0.0976238 1.26258 -0.0967583 -0.0863191 0.261651 -0.948748 -0.0120269 0.0457165 -0.750649 -0.0705577 -1.36901 -1.31385 -0.723916 -0.546273 1.81525 
-0.571236 -1.11838 0.33745 -0.115605 -1.25393 1.14459 1.67652 -0.0329072 0.973084 1.85319 0.497141 -0.139373 0.895256 0.0852216 -0.341506 0.00728205 -0.343763 -0.466439 0.0979415 0.372445 -0.247132 -0.922185 -0.272189 -0.309714 -0.065014 1.09642 -0.203463 0.0153357 0.279016 -0.515252 1.2553 -1.06558 -1.2739 0.652534 -1.14336 -1.85533 -0.0826227 0.765491 -0.563853 
-0.604782 -1.3217 0.303558 -0.22533 -0.847622 0.99953 1.67215 0.0653972 0.252664 1.16562 0.0565039 -0.419619 0.212243 0.0726105 -0.278546 0.0458473 -0.192889 0.0191447 -0.705957 -0.296284 0.0100314 -1.25351 -0.731336 0.394915 0.667867 0.698728 0.0694665 -0.157591 0.0463168 0.717853 -0.101794 -0.551054 -0.575303 0.394031 1.54302 0.75191 0.688881 0.00907725 -0.0227083 
-0.498626 -1.39692 0.383297 -0.308494 -1.23479 0.438635 1.38023 -0.0228758 -0.280428 1.12186 0.892056 0.528494 1.59398 0.154688 -0.499096 0.0535988 0.37409 -0.568234 -0.453113 -0.202859 0.146899 0.62084 0.479722 0.379167 -0.0559368 1.07372 0.0896866 -0.283114 0.267465 0.644089 -0.214616 1.06427 0.356301 0.230713 2.66693 1.04966 -1.08057 -2.25021 -2.67461 
-0.450094 -1.8208 0.357157 0.14876 -1.41586 0.546417 1.46929 0.212296 0.873504 1.64534 0.435671 -0.475555 1.28596 0.162297 -0.561659 0.313313 0.4512 -0.195471 0.358317 0.0600177 0.240745 1.41342 0.31832 -0.68566 -1.58234 -1.97588 -0.047069 0.735671 -0.0301503 -0.568748 0.896229 0.606423 -0.407653 -0.590051 -1.20975 -1.51457 -2.55042 -1.0448 -2.07948 
-0.336329 -1.95858 0.696609 0.142705 -1.43026 0.796952 1.44025 0.217869 1.13299 1.44018 0.206397 -1.05385 -0.3819 0.107619 0.236574 0.0234485 -0.194658 0.327996 0.15331 -0.610512 -0.443152 -0.588908 -1.03485 -2.17125 -1.10074 -1.00577 0.296283 1.46365 -0.473072 -0.292127 -0.0736614 -0.748254 -2.14535 -1.1676 -1.12322 0.525222 -0.138194 3.5758 5.22539 
-0.342475 -1.58422 0.380605 -0.0458978 -1.08786 0.699728 0.858775 -0.230856 0.284596 0.610494 -1.73558 -1.5763 0.280192 0.45858 0.901988 -0.159759 0.159073 -0.269132 -0.389937 -2.08534 -0.926856 0.290197 0.843542 -0.823853 1.99346 3.24951 0.351972 0.0517424 -0.169122 0.454502 -1.21578 -0.318008 -1.07737 0.355661 1.9414 2.93785 4.82875 3.95656 3.25682 
0.122252 -1.05659 0.53685 0.301779 -1.69939 0.407015 -0.645085 -0.708987 1.42319 2.28372 -0.617457 0.939612 2.86761 0.459591 0.288317 -0.145673 0.259844 -0.887783 -0.164698 -1.68788 -0.0874915 1.3525 1.903 2.6575 2.85582 2.25105 -0.8664 -1.17947 0.0735159 -0.534087 0.70298 0.619069 3.22143 1.44001 -0.821433 -2.27363 1.00824 -2.16736 -6.3069 
0.117116 -1.2959 0.234932 0.213946 -1.97564 0.53503 -0.829108 -0.318348 1.63709 2.5135 0.92192 1.27953 2.53125 -0.40782 -0.277485 -0.0862435 -0.375014 0.433848 0.229132 1.13609 0.513154 -0.531236 -1.43009 0.184388 -0.173907 -3.0574 -0.41388 1.27557 1.16133 -0.121541 2.87292 -0.0687474 1.69249 -0.363894 -2.95276 -4.50427 -4.87467 -5.1081 -4.84993 
-0.285568 -1.33408 0.450606 -0.073235 -1.26554 0.636147 0.491005 -0.195832 0.89195 0.853624 -0.433068 0.765704 -0.189792 0.0457102 1.56388 1.01566 0.138303 1.98513 -0.233445 0.00460415 -0.451386 -1.60026 -2.60126 -2.21717 -2.25228 -2.59888 1.45265 2.92393 -0.647535 0.084381 1.38585 -0.887576 -3.20484 -1.47731 -1.53058 0.611814 1.05082 -1.45873 2.61676 
0.162826 0.267978 1.25059 0.35225 0.00949012 0.301585 -0.824504 -0.769733 0.0368309 -0.0877669 -1.29525 -0.972752 -0.0676287 1.04483 2.64644 -0.733778 -0.290633 1.8197 -0.658443 -2.06875 -0.964153 -2.06182 -0.818278 1.2352 -1.63264 -0.440641 0.743244 -0.0379128 -3.88711 -1.13577 -0.338121 -0.908479 -0.522857 -0.00336952 -0.886195 3.44464 3.73363 0.879727 2.02171 
0.75926 1.31236 -0.283172 -0.363868 0.554156 -0.0222959 -1.57774 -1.15999 -1.16987 0.0353456 0.802136 -0.866934 -0.630433 0.788954 1.52597 -2.87145 -0.997464 1.64701 -1.14192 -0.518253 -0.454755 -2.48646 0.843377 1.51645 -1.37255 -0.57716 -0.86777 -2.2081 -0.639297 0.0527733 -0.812756 0.278542 1.66003 0.902598 1.42174 1.75836 -2.97819 -0.58329 -0.767018 
0.95178 1.79395 -1.62086 -0.645215 1.6565 -0.840339 -1.34276 -1.22449 -2.44963 0.75561 0.221202 -2.3453 -0.644789 0.177058 0.438341 -1.37308 -0.237859 1.00694 -0.379901 -0.408714 -0.0615553 -0.640081 0.940079 -1.74299 -2.21593 -1.20766 -0.662495 -1.81574 3.01241 0.816676 -0.737419 1.45221 -0.26277 0.28367 3.03854 -1.88328 -1.75842 1.69195 0.0229635 
0.936319 1.75071 -1.65625 -0.601727 1.5611 -0.402197 -1.98646 -1.22154 -1.80995 0.975424 -0.940851 -3.08286 -1.83809 0.126459 -0.289768 0.140955 -0.180788 0.909594 0.310287 -0.781023 -0.171085 0.552084 -1.0399 -0.241963 0.3194 -0.554197 0.0908806 -0.591213 1.47125 0.347276 0.603758 0.0864325 0.25442 -0.0233788 0.704981 -1.94427 3.37608 3.69474 2.34323 
1.07824 1.50418 -1.47991 -0.826003 2.5661 -0.530052 -2.12378 -1.39557 -1.89754 -0.284294 -0.0207612 -2.0259 -1.19899 0.267939 -0.152872 0.0981722 0.109417 1.6107 -0.293469 -0.154294 -0.0849341 0.0649005 -1.0042 1.63309 1.47881 1.13557 0.0544876 0.377956 -0.322278 0.944725 -7.47803e-005 -0.835516 0.410025 0.36813 -0.220376 1.99673 1.45868 0.0548513 0.419492 
1.20426 1.59783 -1.55807 -0.49231 3.1718 -0.695666 -2.14075 -1.30648 -1.74505 -0.0287716 0.692239 -1.60405 -0.702526 0.180947 0.0881874 -0.181322 0.763937 0.90952 -0.525229 -0.370998 0.197045 0.331708 0.956821 1.21671 0.374251 -0.134705 -0.140027 -0.0406127 -0.587396 0.526348 -2.53683 -0.415528 0.19667 0.0244822 -0.389547 0.391287 -2.91492 -1.36767 -0.846734 
1.25919 1.59237 -1.66123 -0.0620659 3.47562 -1.05528 -2.49478 -1.19853 -1.56583 0.672526 1.19595 -1.65165 -1.33369 0.127912 -0.193484 -0.489224 0.635765 -0.926125 -0.708997 0.0423754 -0.0604519 -0.324647 -0.612908 -1.28183 0.111142 0.288832 0.062479 -0.330001 -0.125696 0.0777664 -3.04296 0.268351 1.4593 -0.524726 0.133137 -1.78143 -3.3007 1.12017 2.05634 
1.33217 1.40435 -2.0473 0.143455 2.24568 -1.40466 -2.09838 -1.36693 -2.06969 -0.64168 -0.589592 -1.49291 -0.413694 0.243425 -0.241813 -0.307018 0.841703 -2.13344 -0.256878 1.0883 -0.327681 0.464845 -0.824614 -2.08398 1.49443 1.92164 0.0731993 0.0945878 0.482165 0.31429 -0.809321 0.87139 0.911118 -0.395068 1.73201 0.717495 0.636118 1.96584 1.83257 
1.50261 1.35055 -1.96825 0.779637 1.34217 -1.31216 -1.40648 -1.52621 -1.10099 -0.152088 -0.88803 -0.157227 0.587949 0.201111 -0.0988966 -0.0070595 0.950055 -1.73545 0.162393 0.953493 -0.45552 1.40736 0.104587 -0.645713 2.07698 2.1214 -0.13839 -0.340851 0.464805 -1.07255 1.01454 -0.0871649 -1.22578 -0.0897039 -0.67917 -0.363248 0.675585 -0.817681 -0.978304 
1.53328 1.30545 -2.05436 1.09351 0.51023 -1.24227 -1.14488 -1.82245 -0.662332 -0.537093 -1.23531 0.584072 1.70771 0.105036 -0.582665 0.157787 -0.230844 -1.1189 -0.344043 -0.137484 -0.417385 -0.214325 -1.18786 -1.4084 0.676745 0.943335 -0.151079 -0.0381732 0.077316 -0.648074 1.14502 -0.152019 -0.616356 0.66114 -1.35375 -0.845519 0.177559 -0.77746 -1.41142 
1.60765 0.767888 -1.81046 0.548794 0.223271 -1.6562 -1.54396 -1.94359 -1.31531 -1.33995 -2.29643 0.519518 1.53128 0.0500324 -0.13707 0.0702565 0.301981 -0.590427 0.0103741 0.337137 0.20562 0.0536092 -0.740933 -0.468155 1.29952 0.709984 -0.0365798 0.514551 0.198001 0.863879 0.802141 0.55092 0.849965 0.721536 0.901416 1.04397 1.5479 0.874605 -0.492605 
1.58331 1.16838 -1.9841 1.39549 -0.0801972 -1.2319 -0.807746 -1.61683 -0.608722 -1.27803 -1.70346 1.88359 2.41769 0.0684558 -0.0681136 0.355788 0.633035 -0.316763 0.206877 0.712481 0.304152 0.687091 -0.143888 0.139505 1.55135 0.450731 -0.00988216 -0.448375 0.404523 -0.172442 1.06376 -0.128686 -0.24669 -0.329135 -0.332137 -0.204641 -0.460678 -0.924009 -1.17545 
1.6761 0.699774 -1.45467 1.18183 -0.0934912 -1.44933 -0.831482 -1.63944 -0.628223 -1.48384 -2.15692 2.07087 1.98201 0.0401502 -0.585444 0.474779 0.129539 0.473334 -0.118312 0.0904472 -0.123515 -0.278527 -0.945573 -0.928833 0.375511 -0.465468 -0.0943955 -0.1165 -0.23109 -0.28392 1.10633 -0.232228 -0.608858 -0.155882 -1.34219 -0.492974 0.0659851 -1.63088 -1.01226 
1.62346 0.582939 -1.50932 1.52503 0.393137 -1.35021 -0.717298 -1.74034 -0.88725 -2.2236 -2.63229 2.2591 1.95223 -0.0259397 -0.184614 0.124697 0.349116 0.789568 -0.0253515 0.103623 0.14827 -0.655099 -0.636862 0.20549 -0.0795334 -0.561534 -0.0885223 0.614813 -0.414399 -0.0832834 -0.403843 -0.246554 -0.567913 0.394794 -0.0169538 1.31626 2.32637 -1.48367 -1.85716 
1.65016 0.51516 -1.32997 1.53094 0.696077 -1.47468 -0.727859 -1.49117 -1.28332 -2.1207 -1.95143 1.99133 1.42048 -0.048372 0.0293686 0.0603804 0.0462556 0.0694911 -0.364866 -0.477466 0.27128 -0.295481 0.370689 1.39754 -1.10816 -2.32263 -0.00570984 0.100216 0.133751 -0.443457 -1.14149 -0.0611345 -0.268213 -0.099403 0.882026 1.24488 0.467969 -0.648339 -1.3208 
1.57509 0.612308 -1.44894 1.57129 0.462628 -1.71507 -1.19476 -1.46906 -1.18273 -1.85291 -1.23475 1.15094 -0.370403 -0.0316496 -0.0843977 0.258448 -0.094341 -0.351926 -0.086486 -0.164589 0.0488666 0.226927 0.608022 0.673459 -0.727872 -1.88233 -0.0377715 0.101454 -0.0271099 0.328129 -0.397666 0.622034 0.944167 -0.460036 0.555565 0.550189 -1.44009 1.4441 1.07167 
1.61851 0.430762 -1.07153 1.4366 0.34415 -1.56116 -0.892449 -1.44231 -1.0564 -1.51268 -1.27797 1.26346 -0.461851 -0.0861436 0.130823 0.0332704 0.374385 -0.328175 0.257167 0.466701 -0.188756 0.260083 0.920878 -0.0425508 0.335942 -1.25096 -0.0625277 0.495478 -0.447815 0.377726 -0.233069 0.276588 0.798699 0.189927 0.0982867 -0.292852 -0.159434 0.931202 1.54918 
1.48895 0.743131 -1.41567 1.94567 0.134453 -1.45791 -0.728064 -1.65782 -0.922648 -0.932032 -1.2773 1.48688 -1.62137 -0.0941773 0.41108 -0.189367 0.283385 -0.584995 0.190102 0.634109 0.238794 0.325213 0.315169 0.514025 0.20333 -0.333151 0.06091 -0.26101 0.234431 -0.906506 -0.431895 -0.479588 -0.47069 0.688056 -0.572446 -1.28108 0.0213291 -1.15012 1.58252 
1.52434 0.841842 -1.26089 1.71999 -0.240844 -1.37106 -0.258339 -1.20351 -0.731182 -1.19751 -0.763947 1.46679 -0.795002 -0.0252336 -0.130187 0.267702 -0.532122 -0.76007 -0.222421 -0.00398966 0.4993 -0.312362 -0.360202 -0.0212218 -0.814175 0.331561 -0.0469574 -0.320732 0.31241 0.00708176 -0.664712 -0.319535 -1.0977 0.242187 -0.0600034 0.124297 -1.21706 -0.724255 0.558712 
1.46371 0.612944 -1.14797 1.41355 -0.625616 -1.68033 -0.732053 -1.15852 -1.23501 -1.29223 -1.29853 0.672707 -1.28981 -0.141135 0.0903481 0.123043 0.290467 -1.24971 -0.129432 -0.463587 0.480981 0.26521 0.439467 -0.703035 -0.520925 0.225561 -0.0809217 0.380532 -0.134576 0.858978 -0.193323 0.300831 0.354461 -0.014371 1.1936 0.383654 0.794861 1.10816 0.385872 
1.3832 0.93219 -1.13785 2.01045 -1.49055 -1.50049 -0.721926 -0.722531 -0.465972 -0.758042 -1.46698 0.945868 -0.569442 -0.106155 0.250345 0.133126 0.326857 -0.953392 0.0784098 0.350471 0.484929 0.881233 0.023452 0.77364 0.293988 0.717434 0.00240541 -0.126297 0.303613 -0.557841 1.24538 0.326139 0.984941 -0.214835 -0.586071 -0.276073 1.61886 0.627477 0.445702 
1.35756 0.863289 -1.01484 1.74041 -1.57901 -1.60192 -0.381582 -0.67359 -0.353777 -1.26878 -0.524886 0.966695 -0.572371 -0.138729 -0.0359491 0.426657 -0.267374 -0.00432452 0.196706 0.521355 0.266146 -0.320861 0.163394 0.915821 0.106552 0.671262 -0.12056 -0.455951 0.260919 -0.306956 1.88635 0.25577 -0.694472 -0.913752 -1.82547 -0.356043 -0.623454 -0.0532777 -1.02915 
1.24447 0.896241 -0.711194 1.74308 -1.49488 -1.30379 -0.200572 -0.456386 -0.786833 -0.594648 -0.55116 1.05242 0.101821 -0.226715 -0.205605 0.394044 0.0199002 0.932959 0.33418 -0.344 -0.428823 -0.944235 -0.332591 0.150185 0.24071 -0.311718 -0.0646952 0.0347975 -0.0250238 0.742317 0.586897 -0.151588 -1.07952 -0.251787 0.991171 -0.239167 -0.454932 -0.869751 -1.5795 
1.13084 0.657684 -0.6208 1.76031 -0.646049 -1.26774 -0.725582 -1.10241 -1.29801 -1.60137 -0.3747 1.2074 -0.88409 -0.203424 -0.00115161 0.401633 0.474943 0.582572 0.0451184 -0.558166 0.014359 0.67031 -0.0757736 0.460889 -0.763199 -0.908237 -0.0835389 0.710501 -0.0426783 0.305587 -1.35182 -0.332986 0.652579 1.11845 2.00242 0.685958 -0.670165 -0.991506 0.429086 
1.04105 0.89509 -0.309561 2.21802 -0.912303 -1.25867 -0.758737 -0.442027 -0.116523 -0.670422 -0.0902714 0.28922 -0.806417 -0.310254 0.504895 0.351366 0.325487 -0.418856 0.00119385 0.308578 0.689623 1.05818 0.353367 -0.519979 -0.750796 0.117367 -0.13383 0.318372 -0.333756 -1.07061 0.106653 -0.321653 0.684412 0.244498 -1.94385 -0.504384 -0.921206 0.258442 0.486616 
0.82059 1.16258 -0.269434 2.08579 -1.06491 -1.26654 -0.417004 -0.41279 -0.239828 -1.24801 -0.894679 0.456608 -0.766723 -0.337255 0.31722 0.0678772 -0.595671 0.689225 -0.276534 0.126246 0.258857 -1.27354 -0.580157 -0.460317 -0.504757 -0.421621 0.126716 -0.30942 0.0143949 -1.32646 1.70269 -0.0286358 0.0269805 -0.306116 -1.86171 0.448295 1.33321 0.340224 0.557823 
0.703793 1.21231 -0.241684 1.62235 -0.223079 -1.5352 -0.632491 -0.18317 -1.39006 -1.25058 -0.550588 -0.215537 -1.22804 -0.183538 0.195475 0.365761 -1.00098 1.28383 -0.0274419 0.335559 0.383507 -0.803522 0.801663 0.813236 -0.410572 0.67519 0.00692658 -0.226836 0.465248 -0.300836 -0.181387 0.400842 0.454488 0.457234 1.60092 1.02847 1.2086 0.693524 2.083 
0.637052 1.35805 0.0963271 1.08482 0.218926 -1.29399 -0.0814451 -0.0292833 -1.04335 -0.446342 -0.0814436 0.0460363 -0.0915327 -0.330328 0.090385 0.533126 -0.896507 0.507838 0.124307 0.580735 0.71609 0.327381 0.448312 0.74828 0.188767 1.66138 -0.230094 -0.137057 0.571504 0.515254 -1.89076 0.325585 -0.790582 0.090719 0.663377 -1.50313 0.111402 0.61103 -0.434712 
0.373464 1.3027 0.291442 0.725845 0.284759 -1.41089 -0.0517562 0.53292 -1.06268 -0.802267 0.197692 -0.0267702 0.433344 -0.413632 0.0584177 0.937265 -0.485723 -0.606928 0.298143 -0.455023 0.474226 -0.140144 -0.701462 0.924637 0.200458 0.240478 -0.0723452 0.27859 1.11093 -0.244475 -0.901381 1.43648 -1.11565 -1.1554 0.117347 -0.205828 0.771381 0.639375 -2.41466 
0.22342 1.41647 1.03359 0.599094 -0.388002 -0.995842 -0.536468 0.444943 -1.18349 -1.1478 0.843194 0.246494 0.148945 -0.402674 0.368975 1.64406 -1.14098 -0.393543 1.56079 -0.534911 -0.439313 0.444728 0.242484 1.51966 0.828142 -0.75328 0.0913215 -0.0689459 -0.22701 -0.679977 0.305906 1.09439 0.410865 -1.01998 0.688817 0.969783 -0.166072 -0.141955 -1.16545 
-0.0292093 1.67167 1.9355 -0.415137 -0.108784 0.149893 -0.586667 0.0936069 -0.617952 -0.559783 1.71735 0.801372 -0.319936 -0.32231 -0.0105281 0.710255 -1.1657 -0.301023 1.39254 -0.0441579 -0.545752 0.548673 0.268321 0.758565 0.058503 -0.924975 0.144914 -1.29535 -2.13042 1.19965 -0.0588297 -1.35801 0.773805 0.592107 0.347894 0.0391462 -2.70214 -1.93861 0.1866 
-0.0988903 1.40594 1.74385 -0.566606 -0.689025 0.396694 -0.580626 -0.100809 -0.634821 -0.879484 1.60176 0.304997 -0.77603 -0.257759 -0.926373 -0.486359 0.0586688 -0.452373 0.202781 0.238894 0.152794 0.792622 0.28163 -1.18248 -1.11047 -0.566681 -0.25553 -1.49634 -1.38266 1.13906 0.844118 -1.18519 1.00386 1.15751 -0.0286593 0.799055 -1.31594 -0.420894 1.99086 
-0.286969 0.745297 1.44914 -0.356468 -0.561156 0.352674 -0.347773 0.246401 0.17467 -0.278152 0.534879 -0.309101 -0.886617 -0.57784 -1.50686 -0.6724 -0.0266361 0.543096 0.207348 0.959702 0.611753 0.520013 1.06738 -0.557376 -0.362391 1.06588 -0.21942 -0.10537 -0.173325 -0.491238 1.23447 0.301457 0.60156 0.380725 -0.542125 0.484075 1.93958 2.0116 1.58513 
-0.67673 -0.10092 1.07145 -0.593242 -0.145929 0.604042 0.379076 0.510944 -0.114808 0.187891 1.04438 -0.0573939 0.289851 -0.477179 -1.03174 -0.659684 -0.432569 0.7821 0.504238 0.840455 0.533519 0.250497 0.765706 0.7571 0.901129 1.01845 0.44173 1.09862 0.0342391 -0.463112 -0.970212 -0.35613 -0.898675 -0.64053 -0.0681944 -1.39038 -0.205699 0.436359 -2.06705 
-0.764148 -0.286446 0.789456 -0.789038 0.220944 0.856912 0.492682 0.77992 0.425168 0.487554 1.29198 0.592028 0.131833 -0.13611 -0.408245 -0.638161 -0.489748 -0.427117 -0.148781 0.061027 -0.0287769 0.451819 -0.323005 -0.763076 0.0739679 -1.00117 0.441983 0.908076 0.415634 0.38326 -0.154931 -0.423031 -0.0733075 -0.336376 0.056352 -0.662755 -1.82992 -1.16384 -0.356219 
-0.81284 -0.509165 0.433286 -1.08299 -0.573046 0.455261 0.440103 0.482167 0.337011 -0.135114 0.281307 0.016574 -0.711316 -0.0351961 -0.123667 -0.244051 -0.0493091 0.627169 0.0812074 0.767147 0.197143 0.306849 0.102951 -1.07282 -0.262708 0.662232 0.0569187 0.331975 0.460344 0.852572 1.74993 0.604096 0.801651 0.617498 -0.481475 0.22449 -0.62636 -0.642516 1.06462 
-0.799344 -0.410113 0.545405 -0.838347 0.848113 0.93812 1.25983 0.977063 0.732017 0.590504 0.219156 0.32932 0.794065 -0.0791913 -0.0762702 -0.177817 0.362824 1.32281 0.455314 0.862678 0.588721 -0.0296561 -0.0985151 -1.38944 -0.568548 0.0634476 -0.059218 -0.00104977 0.514401 0.156029 -1.58366 -0.17424 -1.01113 -0.41772 -1.33748 -1.2505 1.61706 0.601257 -0.627899 
-0.892032 -0.585435 0.255469 -0.720167 0.749767 0.910575 1.30278 1.07089 0.307355 -0.233629 -1.10813 -0.551974 -0.647869 -0.0944141 -0.124717 0.27035 0.10672 -0.956492 -0.0930329 -0.243988 -0.220576 -1.03063 -1.14755 0.544238 0.338548 0.0343324 0.0514875 0.0823934 0.727086 -0.109154 -2.38808 -0.796072 -1.44444 -0.89547 0.501014 -0.425224 3.02019 1.42438 0.671705 
-0.893758 -0.53483 0.815755 -0.731627 -0.108379 0.845087 1.01584 0.756487 -0.298614 -0.557048 0.763394 0.667868 0.828398 -0.0277038 0.00612321 0.549269 0.253669 -1.06526 -0.340758 -0.581759 -0.306749 0.471358 -0.523739 1.63075 0.855827 0.735153 0.0653293 0.207578 -0.256451 0.0578245 1.01117 0.0792815 0.318633 0.611992 1.91332 1.80409 -1.24619 -0.260784 0.430254 
-0.919735 -0.579312 0.804738 -0.466497 -0.315496 0.569817 0.721023 0.76414 0.778712 -0.757367 0.52262 0.303852 0.0872837 -0.0290848 0.082861 0.0138996 0.164545 0.0546807 -0.0137515 0.0746451 0.391416 0.882687 0.656537 -0.701955 0.0777645 0.464586 0.00167184 -0.241147 -0.980129 -0.788995 0.972748 0.38047 0.899031 0.713779 -1.22576 1.28156 -1.93189 -1.69591 -0.985662 
-0.922843 -0.451969 0.829655 -0.567082 -0.053698 0.831335 1.09049 1.1479 0.584073 0.0994884 0.0614388 0.745633 1.29298 -0.026032 -0.235024 -0.430859 -0.535326 -0.092515 0.0397125 0.317272 0.40703 -0.7544 0.757821 -0.301136 -0.840083 -0.250509 0.0929797 -0.241197 -0.262416 -0.630123 -0.531189 0.105875 -0.923423 -0.227498 -0.697405 -0.293535 2.15478 -1.11242 -1.27615 
-0.945767 -0.814335 0.373879 -1.00182 -0.408011 0.60953 1.03829 1.17117 0.0243126 0.000453733 0.221484 -0.536231 -0.163225 0.0638949 -0.158336 -0.248516 -0.465579 -0.476509 0.0921232 -0.848778 0.163918 0.185283 0.363002 1.45282 -1.03465 -0.811564 -0.00169756 0.142793 0.809785 0.590259 0.539472 0.306153 -1.379 -0.10177 1.79818 0.240261 0.413665 0.468586 0.510526 
-0.858948 -0.610305 0.581138 -1.03266 -0.530207 0.923459 0.241709 1.31182 0.769356 0.46249 1.51426 -0.289019 0.48142 -0.0277295 -0.0922305 0.378926 0.0549335 0.446957 0.345866 -1.06173 0.30526 1.04378 0.998082 0.112529 -0.371497 0.260017 -0.0978365 -0.0225007 0.594612 0.785532 0.684701 -0.0780988 1.16856 -0.230429 -0.444245 -0.911355 -2.70293 -0.0574656 -0.0998171 
-0.973497 -0.906566 0.752805 -0.94689 0.038946 0.955396 -0.0234309 1.47643 1.06809 0.998536 0.334013 -0.907728 0.0967918 -0.0339416 -0.180836 0.346095 0.319953 0.208192 0.0140243 0.319785 -0.0665115 -0.258963 -0.548353 -1.25011 -1.09212 -0.911381 0.131437 0.198656 -0.380448 0.0909931 -0.596851 -0.328565 1.95704 -0.208197 -1.14275 -2.05691 -0.163747 0.418851 -1.24646 
-0.89289 -0.791141 0.927234 -0.712707 -0.322015 0.937483 0.561493 1.24531 0.510393 -0.0858631 0.264146 -1.38114 -0.429961 0.103707 0.106426 -0.00152164 0.145927 -0.149895 0.0173004 0.895315 0.0970629 -0.0989676 -1.05883 -0.0512183 0.0473542 -0.986446 0.00307604 0.300608 -0.600385 -0.167949 1.36135 0.0867595 -0.352625 -0.168992 1.08874 1.60808 0.969948 1.52261 0.494908 
-0.86979 -0.80014 0.751283 -0.800963 -0.110949 0.972696 0.871884 1.57349 0.969123 -0.0602889 0.282794 -0.860374 -0.889654 -0.0308656 0.119772 -0.254289 0.152004 1.56954 0.100784 -0.0328404 -0.235504 0.829781 1.05973 -0.280165 0.430491 -0.416473 -0.211491 0.0444176 -0.148374 -0.244435 0.417459 -0.498275 -0.830944 -0.676277 -0.0233757 1.44865 -0.198725 0.295503 1.07797 
-0.923756 -0.67137 0.672944 -0.560703 1.24753 1.03827 0.528653 1.0098 1.34017 0.973864 -0.0160184 -0.950645 -0.846433 -0.107784 0.150843 -0.149895 -0.0985083 0.267565 -0.480975 0.0643716 -0.579214 -0.122343 0.389825 -0.249944 0.342857 0.09152 -0.0751592 -0.237086 0.0707509 -0.676918 -3.0858 -0.554586 0.1209 0.00758681 -1.52408 -1.69457 2.11 1.31695 2.40597 
-0.977574 -0.649297 0.601388 -0.899471 0.156616 0.491721 0.936256 0.994278 0.84678 0.329536 0.0328504 -0.517516 -0.798135 -0.106025 -0.117315 -0.183539 -0.524914 -1.51625 -0.453803 0.08806 -0.227917 -0.6943 -0.634841 1.82983 1.74744 1.98949 0.10379 -0.247971 -0.233305 -0.0265299 -0.715802 0.640791 -0.791371 0.441146 0.116279 -0.116507 1.19859 -0.0732825 0.183842 
-1.02978 -0.788684 0.489406 -1.08562 -0.268726 0.584464 0.616713 0.781887 0.645874 0.339023 1.81382 0.796797 1.14306 -0.00399384 -0.0971278 -0.3832 -0.125038 -0.448237 0.159816 -0.727 -0.138068 -0.00606476 0.273318 0.948648 0.269575 0.275362 0.216842 0.518166 0.476923 0.727682 1.8923 0.377681 -0.544352 0.237469 0.840247 0.45149 -2.47555 -2.82081 -4.3172 
-0.981568 -0.746425 0.218188 -1.02451 -0.291621 0.651537 0.209256 0.85621 0.840715 0.602855 0.981498 -0.247942 -0.522773 0.110817 0.400852 0.293384 0.202768 0.376044 -0.0761212 -0.456292 0.00955191 0.145947 -0.183351 -0.645717 -1.07337 -2.32771 0.0574975 0.292356 0.837595 0.206527 1.06437 0.125125 1.25511 -0.057117 0.119444 -0.397398 -1.51062 0.158275 0.244086 
-0.918963 -0.387832 0.78279 -0.882849 0.107318 0.508343 0.160421 0.791439 0.791822 0.155673 1.1681 -0.276572 -1.18465 0.0535036 0.195228 0.454395 0.0814892 0.616129 0.284941 0.528113 -0.195185 0.113379 -0.124079 -0.561972 0.42785 0.519448 -0.0305139 -0.290781 -0.333874 -0.217394 -0.412593 0.406027 1.38714 0.0179986 -0.0370446 0.516949 0.232893 1.19932 3.11071 
-0.928064 -0.551197 0.672583 -0.94302 0.324507 0.936478 0.737369 0.661024 0.954094 0.478775 0.419526 0.179908 -0.00332517 0.0803033 0.11007 -0.0404891 -0.014626 -0.0365494 0.329905 0.93085 0.0275505 0.108902 0.333599 -0.412824 0.125946 0.783004 -0.00540413 -0.176913 -0.421987 -0.0663155 -0.911872 -0.666151 -0.669074 0.10106 -0.50712 -0.853898 -0.22285 -0.608906 -1.26614 
-0.83866 -0.277762 0.742301 -0.897475 0.0707685 0.838248 1.09127 0.81899 0.900724 0.489272 0.755276 -0.150626 -0.401646 0.0480995 0.0183158 0.0324086 0.0151737 -0.295743 -0.38121 -0.140962 -0.0941256 -0.393741 -0.977978 -0.784822 -0.181056 -0.746696 -0.126547 -0.427822 0.0592244 -0.0792223 -0.24495 -0.598523 -1.70177 -0.180607 -0.427325 -0.166505 -0.14582 -0.0738947 -1.26383 