-0.995312 -1.21311 0.378642 -0.490533 0.431023 0.845057 0.76761 0.927419 0.529884 -0.703863 0.132142 -0.35417 0.463377 -0.00468696 0.0634961 0.140968 0.198933 -0.449496 -0.220264 -1.98586 -0.466067 -0.416476 0.286858 0.383227 0.612484 0.226326 0.0963046 0.471458 0.629059 0.767264 0.483622 -0.246992 -2.21217 -0.544907 1.18732 1.19879 1.25104 2.16377 0.770088 
-0.962809 -0.905373 0.969194 0.285374 0.429715 0.322932 -0.588194 0.947064 0.613901 -0.364678 0.900856 0.284418 0.926048 0.0540564 0.0112754 0.161599 0.22905 0.625849 -0.167371 -1.06138 0.0474813 0.485175 0.211192 0.547256 1.68802 0.819414 0.0614749 -0.046563 -0.249215 -0.478566 1.09823 0.491048 3.12613 0.422231 0.855898 0.0400989 -0.400522 0.240838 -0.0543128 
-0.941256 -1.20184 0.540241 -0.261482 1.05687 0.677685 -0.293772 0.9749 1.01506 -0.492671 0.679398 1.33384 1.28279 0.0567879 0.016933 -0.108247 -0.279633 0.648736 0.270784 1.14026 -0.0438367 0.439422 0.326957 -0.0172945 0.853322 0.172013 -0.026826 0.407498 0.353669 0.193619 -0.847821 -0.0595771 1.13285 -0.0629689 -0.85982 0.274718 -0.547186 -2.90055 -1.76838 
-0.906021 -0.88844 0.860947 0.00574131 1.07845 0.593717 0.552068 0.903228 1.05332 -0.0377208 0.883562 1.13774 1.09806 0.0272305 0.418774 0.515267 0.422669 -0.221971 -0.226949 0.071464 -0.0154876 -0.374645 0.48591 7.00319e-005 -1.21253 -0.948961 -0.138613 -0.100866 -0.00366853 0.201461 -1.51931 -0.503731 -1.65663 0.0855181 -0.650081 -0.745945 -0.331825 -2.32572 -1.45848 
-0.914025 -0.783065 1.05551 0.161187 0.834901 0.450737 -0.222308 0.959412 0.640413 -0.0067606 0.679468 0.121314 0.33383 -0.0818254 -0.0839328 -0.111916 -0.078172 -0.870575 -0.232947 -0.516368 0.0416814 -0.21066 -0.418987 -0.34912 -1.47239 -1.28647 -0.0623319 -0.575794 -0.732021 -0.197722 0.130952 0.466045 -1.02083 -0.151511 0.551809 -1.43976 -0.191654 0.938924 1.29277 
-0.987847 -0.972372 0.749032 -0.0724307 0.207876 0.36077 0.0356999 0.944909 0.842663 -0.456708 0.534442 -0.334655 -0.188409 -0.0351014 -0.15702 -0.216754 0.224947 -0.0910193 0.239096 -0.949369 -0.166999 0.177164 -0.953852 -0.191583 -0.273607 0.343805 0.0427059 0.115069 0.0014011 0.294425 1.64019 0.754953 0.042475 -0.297372 -0.150098 0.242667 0.56811 2.004 2.11003 
-0.949127 -0.940085 0.838755 0.386134 0.743881 0.689833 -1.17168 0.792413 0.817577 -0.960613 0.487884 -0.152293 0.677635 -0.0391195 0.031136 -0.110514 0.216253 0.769614 0.522006 -0.473893 -0.25569 -0.360758 -0.17632 0.21899 0.531606 0.823554 0.00523164 0.24619 0.262682 -0.908013 -0.332639 -0.628061 2.65082 0.40778 -0.35356 2.18548 0.526134 1.14519 0.417758 
-1.02697 -0.941236 0.638517 0.143822 0.977491 0.882775 -0.438193 0.689219 0.481905 -0.633028 0.753432 0.196951 0.635145 -0.0298698 0.0891702 0.0459289 -0.683067 -0.423658 -0.388966 1.70145 0.24078 -0.176397 1.23163 0.334551 0.871586 0.761563 0.111281 0.0664926 0.148713 -1.07943 -1.23189 -1.29749 0.615358 0.54693 0.502 0.669375 0.292875 0.297753 -0.356984 
-0.978996 -0.850915 0.884684 -0.296933 0.320223 0.300867 0.529778 1.03319 0.64118 0.271013 0.822435 0.719293 1.4392 0.0721611 0.0976286 0.0381987 -0.863182 -0.462275 -0.775482 0.141465 0.29124 0.141242 0.493055 0.511866 0.829359 0.46657 0.0534871 -0.114828 -0.200484 0.42324 0.958734 0.737637 -2.2706 0.188746 0.925776 -1.15772 -0.262602 -1.27523 -1.69518 
-0.954805 -0.843608 0.676716 -0.71936 0.515216 0.107294 -0.296728 0.980459 0.623147 -0.139973 1.2653 1.02631 1.10172 0.0236173 -0.0256579 -0.154555 -0.259826 0.535076 0.348671 -0.569145 0.429526 0.749379 0.0739031 0.0719487 -0.403642 -0.933614 -0.102507 -0.26775 0.0368761 1.55397 0.0454008 1.01964 0.220117 -0.727706 -0.0970882 -0.767015 -1.01618 -0.995296 -0.77203 
-0.955379 -0.876573 0.730129 -0.556759 0.855299 0.649538 -0.0393671 1.46272 1.39056 0.344916 0.894384 0.315651 0.505584 -0.0303456 -0.170121 0.0750748 0.690792 -0.416874 0.244159 0.361582 -0.436466 0.0441538 -0.27396 -0.504317 -0.165937 -0.305459 -0.0604538 -0.258441 0.00560406 0.515401 -1.26111 -0.756708 1.01698 -1.32635 -2.01614 -1.64456 -0.260294 0.823333 1.1416 
-0.985151 -1.01373 0.751791 -0.0285682 0.0983418 0.351452 0.0648538 0.543993 0.667301 -0.413933 0.760981 0.860373 0.796256 -0.0368365 -0.284099 -0.148951 0.255575 -0.726039 -0.408037 0.447836 -0.89682 -1.26676 -1.57066 -0.188345 0.419691 0.207982 0.0710739 0.306809 -0.0359389 -1.28545 0.679918 -0.0615115 0.684689 1.3322 0.224263 0.767205 0.753317 -0.142676 0.0242832 
-0.992215 -1.16067 0.581178 -0.301184 0.12926 0.241501 0.408469 0.5659 0.123796 -1.22574 0.706038 0.735342 0.713566 0.0407283 0.136688 0.0391359 -0.594663 0.263044 0.182647 1.04627 0.89573 0.268417 0.493245 0.249 -0.308612 -0.281176 0.186952 0.30389 0.632188 0.314771 0.848792 1.04144 -1.10432 0.774062 1.35757 1.5647 0.372109 -2.78688 -0.984216 
-0.944422 -0.877041 0.790927 -0.623231 0.361386 0.5341 1.11112 1.43972 0.935718 0.079312 1.00998 0.551761 0.51508 0.150115 0.0197912 0.483237 0.570346 0.122754 0.633402 -0.656485 -0.122758 0.0908092 -0.00596179 0.183764 -2.36719 -0.776234 0.0323309 -0.331193 -0.132221 1.01804 -0.443489 -0.103303 -2.26609 -1.68546 -0.292982 -0.594802 -0.362536 0.296437 0.098193 
-0.8421 -1.14088 1.06441 0.269161 0.252014 0.874903 -0.248016 0.443141 0.214605 -1.23171 0.889802 -1.63185 -0.0626683 0.0730592 -0.194505 -0.0930849 0.423381 -0.180445 0.0793441 -1.21982 -0.789734 -0.024565 -0.101556 -0.113536 -0.0121756 -0.182983 -0.250772 -0.0935834 -1.03618 -1.10588 0.0185023 -0.987961 0.532296 0.361879 0.640541 1.63538 -0.303053 4.45376 1.5204 
-0.871363 -1.07155 0.697842 -0.199851 0.180941 0.613444 -0.108693 0.649989 0.911153 -0.0222444 0.896445 0.539585 0.332097 -0.100657 -0.0737922 -0.552941 -0.535534 0.141256 -0.354559 -0.124189 0.239121 0.73135 1.62942 -0.119289 2.08657 0.744164 -0.140091 0.0913236 -0.143153 -0.627456 -0.162787 -0.359669 1.02306 0.920105 0.774295 -0.120402 -0.169176 -0.152288 0.331148 
-0.942757 -1.21467 0.511473 -0.266373 0.393271 0.520345 -0.372205 0.682262 0.945956 0.397715 0.770513 0.454721 0.681496 -0.0670321 -0.103182 -0.236238 -0.204076 -0.343232 -0.280325 -0.196758 0.130371 0.74973 -0.221959 -0.282712 -0.164463 0.148165 0.120927 0.262045 0.533594 0.539807 0.234086 0.323374 0.543386 0.350757 -0.247867 -1.70701 0.288655 -2.11037 -0.757134 
-0.938395 -1.17473 0.461604 -0.403926 -0.162291 0.333119 -0.305451 0.78036 1.66088 -0.244203 0.613733 0.375122 0.480262 0.02027 0.188252 -0.0193474 0.00427275 0.375342 -0.031185 0.419197 0.589877 0.483483 -0.0775928 0.169366 -0.0238004 -0.0129698 0.0763846 0.120088 0.311445 0.761069 1.35 0.750234 1.98073 -0.013888 -1.40628 1.27771 0.835162 0.580365 -0.0386296 
-0.922487 -1.02642 0.492126 -0.2621 0.768612 0.48916 0.0469918 1.27214 1.42944 0.320122 0.939879 0.430921 0.668526 0.00935253 0.0169063 0.0752074 0.556993 1.00676 0.46991 1.78397 0.116483 -0.656553 1.05575 0.55245 0.415902 0.109535 -0.00284519 -0.128527 -0.115423 -0.209291 -0.428577 0.239404 -0.874841 -1.1269 -0.854305 -0.707053 -0.756348 0.13852 0.895346 
-0.929043 -1.15782 0.536811 0.153067 0.844473 0.803029 1.47852 0.896843 1.00433 0.811544 1.16618 0.791024 0.589797 0.0174248 0.0597259 -0.13477 -0.205018 -0.0532348 0.208219 -0.455644 -0.537026 -0.370822 -0.784645 -0.586982 0.11472 0.882376 -0.0211652 0.00445779 -0.0131928 -1.07784 -0.951951 -0.499296 -2.73087 -0.0446517 0.512647 -1.7758 -1.37316 -1.96056 -0.00402431 
-0.905062 -0.966694 0.357356 -0.467118 0.715378 0.697379 -0.408652 0.735113 1.05862 -0.464523 0.352897 0.54564 1.5509 -0.0118127 0.0213641 0.0620147 -0.520851 0.0548141 -0.0293864 -0.946901 0.0718313 -0.143906 -0.720052 -0.82071 -1.54465 0.105511 0.0118548 0.0928215 0.409168 0.733886 1.24342 0.0482646 1.0236 0.495519 0.118988 0.842568 1.28783 -0.184019 -2.30673 
-0.940855 -1.13646 0.598826 -0.367784 0.899288 0.773642 0.531616 0.968674 0.860423 0.0914926 0.345473 -0.753629 0.695308 0.0292796 0.152547 0.274398 0.528868 1.19019 0.256484 0.567959 -0.0415067 -0.251834 0.0579225 0.700852 -0.0692993 -1.42435 0.492352 1.75531 1.37647 2.57604 -0.471264 0.230759 -1.5251 -1.75357 -0.146619 -1.6151 0.886975 1.0934 -2.49063 
-0.875782 -0.814147 0.631754 0.0617494 1.90556 0.953863 0.159306 0.693606 0.806782 -0.406601 1.05375 0.476341 0.126551 0.480539 1.77668 1.43849 2.05519 -0.41645 0.201372 -2.472 -1.68174 -0.290525 -2.33515 0.0662646 -0.451256 -2.38512 0.823879 2.19 0.795033 0.576298 -2.72229 -0.962045 -5.73399 -1.85679 0.5822 -1.75058 -1.5601 -2.35756 -0.105663 
-0.460316 0.640218 2.03731 1.68741 0.482837 0.975015 -1.94038 -0.713063 0.569898 -2.24366 0.411737 -1.20488 -1.68981 0.853158 2.34255 1.06943 1.10517 -1.5321 -0.705561 -5.16604 -1.8983 0.330365 -1.69266 -0.859246 -2.42685 -1.53001 0.344666 -0.637345 -3.25213 -2.90365 0.437971 -1.03091 2.53678 1.02622 -0.646203 3.68142 0.0102897 -1.07572 2.83493 
-0.0226241 1.5284 1.70119 1.16692 0.373464 0.248301 -5.00673 -1.20469 1.13715 -2.09926 0.194502 -1.95051 -1.40346 0.825205 1.13933 -1.81364 -0.848458 0.0215207 -0.829542 0.0647864 -0.655513 -0.936729 1.34626 0.0765543 -1.52698 0.449811 -0.139712 -1.90813 -3.33726 -1.67499 0.753506 0.239607 9.28413 1.56227 -1.39858 4.17749 1.25946 2.75191 2.58827 
0.364888 1.77955 0.223673 0.838949 0.504358 0.145473 -1.8756 -1.36858 -0.366831 -0.897397 0.488292 -2.73186 -1.24 0.713446 0.434419 -2.26783 -0.569828 -0.778595 -0.465954 4.11809 -0.336031 -1.06821 2.48483 0.400215 0.325058 1.05825 -0.405443 -1.22241 0.619477 0.512986 -1.73857 0.886168 1.72206 -0.0485358 1.37114 -0.734177 -0.775922 3.09997 1.14054 
0.690822 1.96282 -0.566641 0.597087 -0.405131 -0.217653 -0.888636 -1.54073 0.0689348 0.385569 0.594717 -1.62546 -0.345213 0.419762 -0.0830835 -1.19416 -0.335472 -1.71705 0.0566261 1.78685 -0.704049 0.434416 0.612088 -0.699367 1.57299 1.59035 -0.487689 -0.894415 1.95875 0.577785 -0.145685 1.28597 -2.37868 -0.185563 1.51997 -3.28501 -1.46574 0.871572 0.00929515 
0.78465 1.69647 -0.970491 0.503477 -1.21269 0.202099 -0.0887502 -2.07263 0.0675854 -0.285309 -0.211076 -1.15887 0.35035 0.225757 -0.459997 -0.309079 0.00795739 -0.92428 0.820016 1.73942 -0.521595 0.451757 -0.800182 -1.06553 1.19663 1.06755 -0.220496 -0.526707 0.925834 -0.320014 0.655427 -0.301992 -1.61302 0.357918 -0.408679 -2.21844 -0.0235785 -1.78297 -2.40934 
0.916579 1.50282 -0.87572 0.605045 -1.32941 0.602364 0.85078 -2.06232 0.520692 -0.414613 -0.47081 -0.428825 0.722334 0.199265 -0.609791 -0.26833 -0.655486 -1.06162 -0.245366 0.173822 -0.346131 0.0257368 -1.60635 -0.722946 -0.209976 -0.818993 -0.109935 0.222468 -0.409908 -0.541706 -0.540891 -1.46083 -1.82139 0.498531 -1.29976 -0.191475 0.751866 -1.67152 -2.64264 
0.983916 1.08668 -1.23882 -0.152009 -2.27431 -0.0432673 0.0850714 -2.41876 0.0933222 -1.89166 -0.934021 -1.36885 -0.468643 0.115822 -0.237528 -0.718986 -0.533749 -1.46517 -0.640813 -0.0819727 -0.0230634 -0.848 -0.991657 -0.313661 -0.474886 -1.57509 -0.117614 0.832202 0.011186 0.861376 0.427147 0.372908 0.730054 1.11463 -0.638598 2.83766 0.512497 1.50401 -0.0216428 
1.0324 1.2653 -1.59471 0.0712957 -2.79458 -0.0384497 0.768807 -2.08538 -0.327308 -1.40627 -0.784471 -0.903711 -0.852756 0.0816516 0.222412 -0.257144 0.20589 -0.634475 0.127541 0.903876 0.768497 -0.612861 1.23131 -0.210449 1.29404 -0.840636 0.0224434 -0.0557541 1.2319 0.0121503 1.78962 0.952873 0.621125 0.794429 0.0204482 2.95225 -0.419932 2.74539 0.317706 
1.06557 1.30909 -1.49597 0.0538807 -2.90879 0.0842741 0.988947 -1.65026 -0.519539 -0.660348 -1.14447 -0.0748109 -1.30928 0.138265 -0.293282 0.512918 -0.521599 0.324448 0.31206 0.539152 0.771366 -0.827552 1.96059 -0.733593 2.2705 -1.25738 0.117405 -0.946624 0.71801 -1.2899 1.53629 -0.239579 -0.151778 -0.582466 -0.480906 0.0536387 -0.341135 -0.296662 -0.109362 
1.17067 0.972014 -1.08179 -0.450303 -2.47013 0.27361 1.30796 -1.31402 -1.15486 0.554323 -1.51806 1.36679 -2.11014 0.199057 -0.724213 0.460866 -1.08401 0.901813 -0.112038 0.752098 0.18603 -1.09377 1.28495 -0.551585 0.997377 -0.949998 -0.0200894 0.132416 -0.499603 0.304274 -0.0533744 0.347779 -0.486289 -0.507747 0.382103 -0.987658 0.727472 -2.1767 1.19045 
1.26462 0.584874 -1.0351 -1.03013 -2.00697 -0.0277639 1.74105 -1.46423 -1.61331 0.624602 -1.69606 0.922566 -2.25928 0.118176 -0.160866 0.0133155 -0.217325 0.271074 0.659838 0.0528633 0.263619 -0.445448 0.972934 -0.00612145 0.0938011 -0.0669305 -0.152693 0.88949 -0.438942 0.980541 -0.552333 0.845483 -1.56035 0.0823318 1.22825 -0.292263 0.641361 -0.421806 1.00105 
1.28884 0.811148 -1.06847 -0.667628 -2.19906 0.933448 1.36082 -1.0504 -1.60031 1.52726 -1.52419 1.46059 -2.17707 0.0463642 0.165277 0.0219238 -0.103472 0.34948 0.733445 -0.808247 0.268362 0.134483 0.992687 0.0897766 0.575571 0.0510547 -0.0896916 -0.0474261 0.155332 -0.617252 0.467413 -1.0663 0.0438709 -0.717202 0.502451 -1.22099 -0.0553563 -0.630096 0.568605 
1.31099 0.750151 -1.01318 -1.1336 -1.65749 0.705681 0.932798 -1.19587 -1.47882 1.61729 -1.60628 1.49814 -2.20822 0.0284845 -0.208292 0.168648 -0.834577 0.738487 -0.406461 0.0967341 -0.453583 0.0570022 -0.248056 -0.0614777 -0.536295 0.501674 -0.0435074 -0.103648 0.118879 0.0756112 0.242641 -0.696495 1.31053 -0.126213 -0.275607 -0.990835 0.14459 -0.471257 0.626558 
1.31733 0.602856 -0.899825 -1.50221 -1.46057 0.526987 1.45756 -1.50398 -1.54331 1.2792 -1.58566 0.924295 -1.67539 0.0028568 0.0616289 0.140802 -0.0278606 0.592121 0.03695 0.502287 0.142149 -0.141124 0.00185153 0.234366 0.104315 0.677612 -0.0157353 0.253234 -0.0580856 0.870803 -0.254248 0.318359 -0.19928 0.837193 -0.087057 0.231151 0.287362 0.774321 -0.488032 
1.31385 0.81178 -0.872373 -1.16147 -1.06537 0.742631 1.43509 -1.05372 -1.61995 1.61914 -1.37191 1.60245 -1.53061 0.0127492 0.0449415 0.110562 0.0362256 0.48424 -0.0881022 -0.102546 0.38361 -0.0300549 -0.016905 0.225884 0.238026 0.0136417 0.0289508 -0.34523 -0.046098 -0.501466 -0.640903 -0.440342 -0.435978 -0.414297 0.360337 -1.04114 -0.0286365 -1.23601 -0.648636 
1.33008 0.647797 -0.789263 -1.46598 -0.976332 0.438885 1.35501 -1.12037 -1.57336 1.2623 -1.35978 1.16232 -1.66175 0.0318076 -0.283601 0.0947043 -0.529327 -0.0487817 -0.403392 0.0663083 -0.272149 0.219213 -1.03929 0.20573 -1.13169 0.0289759 -0.0297397 -0.114889 -0.328273 -0.330703 -0.972546 -0.020858 -0.188425 -0.662869 -0.148567 -0.221774 -0.402287 -0.982773 -0.0351669 
1.34565 0.528179 -0.777669 -1.69079 -1.11415 0.339239 1.50139 -1.32587 -1.40073 0.57985 -1.16618 0.470759 -1.50163 -0.0169906 -0.0699474 -0.217711 -0.294478 -0.488306 -0.10896 -0.290971 -0.279258 -0.178622 -0.238679 -0.176403 -0.744747 -0.0215252 -0.0584715 0.510032 -0.259014 0.888362 -0.0566655 0.851942 -0.515723 0.597921 -0.556419 2.39332 -0.632756 1.76085 -0.0419018 
1.31309 0.57785 -1.00697 -1.76046 -1.46464 0.329925 1.06404 -1.39963 -1.75198 1.02362 -1.53618 0.417573 -1.68328 -0.0266639 0.22643 -0.16431 0.359035 -0.105447 0.44855 -0.449415 0.325772 -0.337206 1.35403 -0.427026 0.629161 -0.0129259 0.0268305 0.0452364 0.284993 0.197326 0.62611 0.209084 -0.0472933 0.326276 0.0339936 0.538593 0.0226958 0.673514 0.28843 
1.31899 0.754609 -0.941978 -1.33176 -1.2196 0.787789 1.05198 -1.00009 -1.73794 1.93388 -1.59321 1.09992 -1.51456 0.00983996 -0.024711 0.0672814 -0.0971514 0.137804 0.100124 -0.338264 0.0470172 -0.144629 0.299913 -0.153708 -0.0712334 0.266905 0.0350825 -0.428646 0.206767 -0.590285 0.190176 -0.402784 0.522942 -0.745217 0.522538 -1.9716 0.681561 -1.17931 0.253615 
1.32293 0.553139 -0.939693 -1.85761 -1.32683 0.430048 0.725776 -1.35261 -1.89661 1.32353 -1.68989 0.34634 -1.41637 0.00841861 -0.202215 0.0424571 -0.23125 0.0847288 0.0457659 0.0735278 -0.419444 0.185332 -0.617565 0.254535 -0.550153 0.240689 -0.0370946 0.221645 -0.0650258 0.75546 0.00471958 0.577044 0.654679 -0.0764728 0.501812 0.0643974 0.437331 0.456092 -0.188177 
1.32741 0.552394 -0.899521 -1.56301 -1.13487 0.833555 1.12551 -1.41954 -1.55261 1.31632 -1.33867 0.549766 -1.27387 -0.0272546 0.196934 0.00225563 0.658308 0.142523 0.677168 0.316415 -0.0294556 0.357184 0.364311 0.283624 0.384859 0.0787274 -0.0697941 0.440614 -0.0696307 0.368423 0.165244 0.0178091 -0.228141 0.434673 -0.185931 1.07829 -0.329744 0.623188 -0.264687 
1.29567 0.750072 -0.937437 -1.1993 -1.18431 1.10722 1.04219 -1.38207 -1.53943 1.68784 -1.40627 0.731199 -1.33765 -0.0613755 0.238398 -0.0271737 0.137173 0.249973 0.063575 -0.154614 0.0152285 -0.00059949 0.46072 -0.0752091 0.0730352 -0.0239979 0.0308954 -0.458539 0.0840229 -1.19971 0.471817 -1.36094 -0.537392 -0.141068 -0.382514 -1.06952 -0.0401039 -1.57721 0.0134338 
1.26603 0.790793 -0.926695 -1.42583 -0.8849 0.89713 0.970893 -1.40431 -1.55321 1.77704 -1.41388 0.622801 -1.29787 0.00364076 -0.261605 0.0862785 -0.541398 0.61434 -0.683775 -0.220978 -0.170524 -0.0253297 -0.705213 0.24352 -1.19235 0.0921612 0.0741416 -0.321282 -0.179474 0.181451 0.186151 -0.732519 0.258332 0.20097 -0.281207 -0.639376 0.150938 0.138415 -0.346832 
1.29931 0.488467 -0.851159 -1.7407 -0.569971 0.423441 0.821213 -1.55259 -1.56476 0.982627 -1.16275 -0.461156 -1.24549 0.0127661 -0.082883 -0.206648 0.318624 0.436124 -0.668944 0.103719 0.216198 -0.281807 -0.178656 0.0757292 0.21145 -0.37083 -0.0436805 0.534297 -0.497122 1.5165 -0.80088 0.449646 -0.130313 0.895908 -0.345853 0.894786 -0.478606 2.54902 -0.624933 
1.2788 0.70791 -1.13334 -1.10721 -0.448775 0.228186 1.07461 -1.18811 -1.83501 1.59838 -1.33815 0.834252 -1.6687 -0.0400398 0.272693 -0.410843 0.975105 -0.18654 -0.23413 -0.35129 0.725384 -0.371183 0.189573 -0.235086 1.35666 -0.532772 -0.0424715 0.205598 0.214997 -0.262148 0.151313 0.185021 -0.215808 0.302759 0.428203 -0.380827 -0.0539047 -0.429833 0.891143 
1.25927 0.76116 -1.262 -0.765594 -0.756511 0.189311 0.469923 -0.827208 -1.93594 1.1722 -1.39783 0.895505 -1.77826 -0.0297053 0.122715 0.00834918 0.0564754 0.587437 -0.483923 -0.11209 0.518957 0.146396 -0.559483 0.0218245 -0.218383 0.520313 0.0761169 -0.368954 0.724503 -1.36642 1.36764 -0.232493 0.364183 -0.61361 1.09293 -0.577301 0.561003 -2.95296 1.99533 
1.24909 0.830624 -1.12499 -1.05073 0.138662 -0.255737 0.962522 -0.669155 -1.68862 1.0389 -1.31633 0.615869 -1.14839 0.0360772 -0.0962618 0.31366 -0.391313 1.1811 -0.466623 0.0128923 0.111774 0.721749 -0.387728 0.325917 -1.5963 1.46256 0.0294174 -0.0842114 -0.184228 0.424397 -0.10163 0.307491 -0.954771 -0.436325 0.320499 1.62752 -0.633723 -0.308981 0.161907 
1.29535 0.664898 -0.948342 -1.15691 0.424587 -0.277312 0.482815 -0.715434 -1.21419 0.784472 -1.07192 -0.700791 -0.315701 -0.000287923 0.0385033 -0.175878 0.480873 0.485808 -0.176432 -1.06686 0.0826327 0.466895 1.06804 -0.611899 -0.527364 0.68222 -0.0607772 0.221436 -0.73216 1.16774 -0.642019 0.408038 -0.829268 0.0248966 -0.622335 1.57265 -1.07023 1.63319 -1.07132 
1.2488 0.869128 -1.30087 -0.569861 0.62447 -0.432169 -0.104339 -0.586522 -1.22172 2.10694 -1.92823 0.0885051 -0.466166 -0.0247001 0.125174 -0.418499 0.776426 0.539079 -0.0585845 -0.816376 0.136671 0.0994136 1.18493 -0.74431 0.0368899 0.391232 0.0285912 -0.327384 0.199117 -0.47653 0.129984 0.0548172 1.04538 -0.264033 -0.106977 -1.54128 0.893361 -1.08622 0.421441 
1.27065 0.790072 -1.36684 -0.380481 0.963666 -0.335896 -0.333561 -0.578763 -1.11478 1.9694 -1.81623 -0.663901 0.0755308 0.0283033 -0.28888 0.0232386 0.00434254 0.615791 -0.121615 -0.021479 -0.181401 0.359918 -0.473236 0.281462 -1.61358 1.10366 0.0263898 -0.248752 0.239509 -0.722138 -0.58768 -0.188967 1.04548 -0.0962775 0.00418038 -0.868931 0.625571 0.128371 -0.701029 
1.27711 0.580247 -1.27763 -0.565519 1.24026 -0.553783 -0.125818 -0.767923 -0.861806 1.6337 -1.64677 -1.52508 0.637495 0.00168972 -0.123578 -0.17899 0.0542881 -0.0486007 -0.247552 0.229102 0.0403935 0.103594 0.315994 -0.11874 0.165261 -0.309797 -0.00501543 0.146974 -0.240931 0.230179 -0.759188 -0.275754 0.643669 0.500928 -0.304832 0.552393 -0.0431816 2.19002 -1.73953 
1.27234 0.666494 -1.54583 -0.326193 0.915066 -0.583448 -0.104459 -0.538369 -1.01118 2.28539 -1.93497 -0.49864 -0.234266 0.0232878 -0.141906 -0.217692 0.234522 -0.143396 -0.397369 0.62219 0.319527 0.0550865 0.0791574 0.238281 0.576442 -0.635874 -0.0203377 -0.0411453 0.114569 0.421925 -0.205719 -0.684908 -0.022136 -0.229954 0.827737 -1.99991 1.43374 -2.35313 0.392318 
1.3004 0.438341 -1.49533 -0.330997 1.09686 -0.951152 0.496372 -0.448396 -0.806719 1.71286 -1.40849 -0.948634 0.00162077 -0.0186479 -0.164723 -0.0644211 0.476214 -0.25432 -0.93246 0.206965 -0.189561 0.931331 -1.68392 1.315 -2.18787 0.0825209 -0.16187 0.625245 -0.0517951 0.755812 -0.152529 -0.414283 -1.12256 -0.191372 0.954635 -1.5533 0.686095 -2.42384 0.694627 
1.25369 0.501771 -1.61025 0.150021 0.660746 -1.51591 0.102506 -0.72793 -0.0798532 0.601472 -0.619963 -2.68651 -0.151745 -0.138582 0.483339 -0.269487 0.990334 -0.295925 -0.811652 -0.500365 0.128156 1.00972 -1.47414 0.924375 -1.8474 0.0587525 -0.143041 0.684422 0.0444958 0.439203 0.783711 0.374044 -0.103799 1.093 -0.486124 1.03634 -1.20203 2.85086 0.425344 
1.16181 0.921681 -1.76481 0.659337 0.800939 -1.7628 -0.00399313 -0.32024 0.203003 0.238714 -0.48411 -2.79604 0.0603733 -0.161689 0.519699 -0.0199253 0.915416 0.529392 -0.558416 0.103167 0.90344 0.445207 -0.647575 0.11297 0.662992 0.507865 -0.0134599 -0.309998 0.42442 -0.265069 0.285415 0.189656 -0.429991 0.833036 -1.25932 1.29636 -1.36631 3.41305 -0.479591 
1.092 1.02147 -1.63018 1.06544 1.19014 -2.07432 0.205673 0.175509 0.365354 -0.0461034 -0.506994 -2.02351 0.35612 -0.152042 0.173342 0.154933 0.725264 -0.0105106 -0.621996 -0.930356 0.961192 -0.249594 -0.177784 -0.441939 1.56565 -0.420839 0.0145865 -0.428324 0.185313 -0.110585 -1.62773 0.115183 -1.61711 -0.204635 -1.00786 0.601346 -0.660273 1.62359 -1.27818 
1.00977 1.09502 -1.60988 1.3846 0.790429 -2.3848 -0.934349 0.640952 -0.0465911 0.0609297 -0.926049 -1.23039 -0.360466 -0.147102 0.0913743 0.165388 0.804831 -1.09834 -0.443233 -1.51394 0.698805 -0.562651 -0.0462295 -0.547303 2.28658 -0.770317 -0.00125106 -0.177073 0.149684 0.186413 -0.802 0.207042 0.875376 -1.15861 0.336086 -0.239167 1.16117 -0.797712 0.758129 
0.944899 1.11284 -1.46479 1.87027 0.0917983 -2.51756 -1.30827 0.874314 -0.197296 -0.0923329 -1.0543 0.263069 -0.414197 -0.153293 -0.00373156 0.304616 0.911678 -0.812511 -0.414955 -0.0549804 -0.197415 0.0864922 -0.416952 0.719228 0.767935 0.33729 0.015028 -0.303304 0.348968 -0.614022 1.37376 -0.202197 2.33261 -1.13763 0.664491 -0.560246 1.70792 -2.93536 1.80131 
0.85648 1.09129 -1.30526 2.29628 -0.022082 -2.79976 -0.98933 0.443536 0.0399011 -0.356022 -0.206821 -0.462454 -0.0231754 -0.132074 -0.21193 0.514355 0.190809 0.275419 -0.64543 0.818667 -0.438829 0.101841 -0.606476 1.16062 -0.648773 1.03099 -0.0133326 0.101235 -0.250075 -1.00541 0.556984 0.515728 1.26153 -0.0535621 -0.643494 0.522994 -0.32342 0.404038 0.601306 
0.812825 0.900914 -0.950434 2.06108 0.367218 -3.16299 -0.489603 0.435484 -0.0954559 -0.698809 0.106321 -0.385704 0.616796 -0.166625 0.0975037 0.0545419 -0.0937353 -0.255527 0.100774 1.20655 -0.250977 -0.557002 0.106042 0.395809 1.17197 0.938596 -0.116849 0.440558 -0.278725 0.169955 -0.105776 1.35317 0.0904256 -0.138401 -0.787097 1.07349 -0.6545 2.60967 -0.19604 
0.689855 1.18879 -1.25072 2.20254 -0.277609 -2.69898 0.217217 0.192559 -0.517101 -0.24998 0.188988 0.709519 0.915421 -0.248924 0.228628 0.23563 0.360764 0.169644 0.707737 0.909092 -0.577231 -0.685256 0.467009 0.506116 1.96089 0.834954 -0.106215 0.0657951 0.894734 0.210089 0.575226 0.111133 -1.53561 0.424802 0.152909 -0.957805 -0.0298102 -0.27527 -0.856358 
0.563901 1.12954 -0.714804 2.42184 0.536862 -2.45525 0.419489 -0.141746 -0.780712 -0.231799 0.612437 1.57519 1.45175 -0.27284 0.163299 0.949276 0.116354 0.319699 0.211907 -0.329061 0.173825 -0.404093 -0.851763 0.365999 0.896703 0.082238 -0.0740292 0.211949 0.55451 -0.723271 -0.897281 -0.250745 -1.80511 0.830923 0.779016 -1.86051 -0.0535753 -1.88232 -1.18914 
0.417014 1.35209 -0.301446 2.3189 0.0420907 -2.48707 -0.111844 0.366384 -0.921194 -1.10174 0.554986 1.60622 0.997659 -0.322953 0.440577 0.79014 -0.362507 -0.727637 0.456992 -0.896014 0.253692 0.0937602 -1.3935 0.452541 0.0785682 -0.35419 -0.0293926 -0.0861404 -0.0861447 -0.315304 -1.47595 0.396692 -0.733767 -0.523118 0.394897 0.831417 0.235734 -2.41487 -0.116931 
0.240948 1.57012 0.0753359 2.05933 -0.190775 -1.99826 -0.476526 0.111946 -0.686952 -1.6253 1.06498 1.65376 1.09756 -0.302233 0.0771584 0.863132 -0.198951 -1.15625 0.608599 -1.06283 -0.349293 -0.009196 -0.0203451 0.601733 -1.51817 -0.0346932 0.0491664 -0.665037 0.160702 0.669399 -0.163452 -0.293986 1.21389 -0.203842 -0.153795 2.17397 -0.398714 -2.21965 -0.0115098 
0.114782 1.42925 0.561686 2.11995 -1.11416 -1.87848 -1.17467 0.0170916 -0.93039 -1.12209 1.15672 0.0880509 0.962966 -0.273787 -0.22446 0.950842 0.306893 -0.891089 0.163006 0.317872 0.0498501 -0.0600344 0.780462 0.0538276 -2.14108 -0.3657 -0.011912 -0.474396 -0.00286327 -0.457447 1.0074 0.28374 1.06895 0.0141259 0.693847 -0.62445 -1.18834 0.0853573 -1.56109 
-0.032838 1.34566 1.02618 2.36623 -1.08186 -1.83525 -0.158654 0.161796 -0.746986 -0.844842 1.11881 -0.487321 0.73186 -0.314145 -0.397238 0.860268 -0.656397 -0.148851 0.892339 0.00612641 -0.335167 0.684651 -0.644795 -0.586602 -1.43281 -1.59578 -0.141955 -0.565065 -0.635797 -1.96658 1.91378 1.73388 -0.200599 0.521986 1.51482 -1.4832 -0.615357 1.36954 0.152225 
-0.199363 1.03201 1.42195 1.46355 -1.26301 -0.986137 -1.16855 -0.318075 -0.245739 -1.76688 0.570117 -1.34476 -0.632813 -0.415742 -0.789525 0.315045 -1.65969 1.02269 1.89689 0.117272 0.571836 1.45478 -0.702742 -0.56153 -0.771538 -0.213475 -0.170541 -0.667162 -1.26255 -0.0575109 2.17649 -0.33239 -0.0311238 1.19551 -0.247248 1.36035 0.627574 1.63831 2.67656 
-0.44858 0.556135 1.34122 0.706541 -0.0591772 0.061637 -0.0413814 0.733632 0.707796 -1.54758 0.557276 -1.25886 0.518385 -0.484686 -1.0644 -0.402284 -0.713908 2.02764 0.559949 -0.0249974 0.860344 0.437403 0.715556 0.0409721 0.205501 1.08078 0.118077 0.127448 -0.655183 1.49934 0.6781 -1.79749 -1.47113 -0.689763 -1.31053 1.7672 1.12405 2.83587 0.264479 
-0.684049 -0.0323853 1.01967 0.749641 0.764628 -0.426189 -1.19354 0.542269 0.191664 -1.05133 0.611089 -1.13926 0.447965 -0.297664 -0.662077 -0.340137 -0.160345 1.70079 0.0994024 -1.35386 -0.117927 0.144252 1.06446 0.562525 2.06433 0.0510043 0.32979 0.737496 0.523974 0.0567303 -2.60853 -0.156007 0.940878 -0.979543 -0.0884145 -0.451231 0.151206 0.508216 -1.47268 
-0.746244 -0.105942 1.00109 0.546196 1.64161 0.161039 -1.39524 0.615706 0.852047 -0.483124 1.1198 0.805473 0.56939 -0.154896 -0.326903 0.12169 -0.657178 -0.580887 0.403942 0.915881 -0.119199 0.348988 0.264326 0.192178 0.713717 -0.391904 0.163228 0.144043 0.326326 0.297548 -3.28258 -0.240487 3.0234 0.130372 0.10011 -0.482118 -0.660785 -3.37114 -0.37184 
-0.838945 -0.359289 1.14136 0.0924625 0.183741 -0.0222469 -0.277662 0.423071 0.540652 -0.787001 0.803267 -0.425545 0.0560614 -0.134436 -0.518034 -0.0138113 0.137203 -1.58179 -0.141085 1.66954 0.012445 0.244362 0.582342 -0.0982599 -1.30681 -0.320836 0.0599985 -0.097017 -0.230382 0.552774 0.924588 0.163629 -1.18068 0.488329 0.536879 0.469572 -0.0823744 -0.0580842 0.671233 
-0.88068 -0.623977 0.987274 0.683398 0.0598172 0.0199547 0.274294 0.628151 1.09641 0.0992176 1.02154 -0.501335 0.248554 -0.0948976 -0.42392 -0.108692 -0.104404 0.3437 0.567571 -0.264804 0.36913 0.885867 0.733898 0.109804 0.655633 0.27933 0.127862 0.141211 -0.136507 -0.930529 2.33662 0.904465 -3.02186 0.3256 -0.766574 -1.20251 -0.245695 1.55581 0.547716 
-0.933843 -0.783209 1.03267 -0.0119415 0.527441 0.545324 -0.542466 0.792201 1.42652 -0.0531033 0.913071 0.230088 0.335391 -0.0065741 -0.376823 -0.150318 -0.793326 0.754823 0.76338 -1.35232 0.338045 -0.522211 -0.620165 -0.343955 0.248997 0.22688 0.0913432 0.15201 -0.0203599 0.302771 -0.0492639 -0.76668 -0.357979 -0.194804 -1.72826 -1.19788 -0.531014 -1.45993 0.246285 
-0.887255 -1.0008 0.836956 -0.109928 0.814641 0.783335 -1.07803 0.966195 0.574198 -0.520947 0.677586 -0.252338 0.475434 -0.00355444 -0.271911 -0.129052 0.198367 0.294437 -0.199109 -0.622783 0.174327 -0.842389 -0.46398 -0.42121 -0.804302 0.525614 -0.000424712 0.505586 0.119949 0.610158 -1.40697 -1.35991 1.81583 -0.606875 0.672255 0.977623 0.371656 0.179705 -0.159386 
-0.937397 -1.05512 0.903616 0.186426 0.821878 0.346216 -1.16525 0.966527 0.58413 -0.517083 0.491861 -0.574214 0.861005 -0.00699882 0.128762 -0.0303692 -0.183168 -0.652144 -0.596529 0.463511 -0.26883 0.150044 0.357458 0.0277013 0.428702 0.067494 0.0042273 0.275011 0.00199529 -0.562121 -0.761773 -0.0107372 0.807703 -0.812035 0.940844 0.924505 0.490761 2.04916 -0.808361 
-0.894253 -0.872038 0.806587 -0.293096 0.162497 0.186806 -0.61452 0.697366 0.724242 -0.163489 0.705287 0.176364 0.542928 0.000672863 0.00310086 -0.127057 -0.363754 -0.467337 -0.209846 0.18492 -0.637709 0.0984553 0.460525 0.0695514 1.24486 -0.282747 -0.111418 -0.341131 -0.114648 0.215936 0.630088 0.860799 -0.0652258 0.384864 0.0524868 0.0155129 -0.209912 -1.07 -0.00481335 
-0.936724 -1.05202 0.77656 -0.177329 0.354541 0.13637 -0.980329 0.328819 0.682585 -0.0565582 0.561412 0.670644 0.578258 -0.118416 -0.212368 -0.145017 0.0327675 -0.0220555 0.264271 0.398285 0.116034 0.20253 0.372971 -0.182211 -0.641299 0.0626807 -0.0541928 0.0278303 0.0103036 0.149065 -0.0188194 0.154163 0.0735238 0.471527 -0.550114 -0.929403 -0.165572 -2.57378 0.0714534 
-1.01267 -1.08441 0.66157 -0.260329 0.140441 0.451076 -0.216235 0.813399 0.926772 0.209482 0.523077 -0.464935 0.605609 -0.05352 0.0309311 -0.116753 -0.21469 -0.486156 -0.0556828 0.258444 -0.166182 -0.451659 -0.468878 -0.0960204 -1.32892 -0.211294 0.159107 0.14365 0.163391 -0.11155 0.80383 -0.0290306 0.0384402 0.0551018 -0.270766 -0.396079 0.354708 1.28257 0.467575 
-0.990244 -1.02109 0.659806 -0.392019 -0.131616 0.080687 -0.721884 0.162637 0.230927 -0.525436 0.465392 -0.658277 0.366965 0.0406902 -0.0687179 0.0183738 -0.0787823 0.781775 0.23524 0.436725 0.171136 -0.0682361 -0.0231081 0.172497 0.641271 0.530255 0.140794 -0.0534059 0.101276 0.231929 0.525247 0.230857 -0.0352126 1.12664 0.805999 0.362332 0.1881 1.78154 -0.0138507 
-0.97198 -1.15312 0.679944 -0.339111 0.922216 0.686317 0.22049 0.984535 0.858536 0.186374 0.695574 0.176336 1.13586 0.0872737 -0.0224748 -0.0154775 0.0172394 0.0390909 0.175174 0.223232 0.960457 0.35434 -0.106546 0.0920793 0.452616 -0.225144 0.0268205 0.365806 0.0951656 0.0708426 -1.52884 -0.644955 -1.97504 -0.708463 -0.0243544 -0.884388 0.407864 0.764318 -0.923153 
-0.902971 -1.04356 0.644329 -0.374779 -0.0925247 0.255861 -0.498653 1.12309 0.585267 -0.631981 0.557471 -0.205661 0.14182 0.0675107 0.297088 0.113539 -0.00793968 -0.74706 -0.409715 -1.53832 -0.537327 -0.0925904 -0.907497 0.580361 1.40559 -0.392898 -0.125714 0.0899123 0.101699 0.259364 0.303615 -0.0396211 0.158659 -1.14834 -0.117523 0.729839 0.449091 0.208387 0.773102 
-0.904469 -0.856036 0.793483 -0.347051 0.175156 0.276601 -1.31783 0.447208 0.765945 -0.721123 1.27594 1.58193 0.742966 -0.0384401 0.0674375 0.0862219 0.276604 0.342706 0.135553 0.38189 -0.187887 0.236817 0.623293 0.541171 0.661003 0.547958 -0.126031 -0.508614 -0.0129498 0.574286 1.88856 1.27198 2.55531 0.607796 -0.0110811 1.28348 -1.1531 -3.37612 0.398932 
-0.941411 -0.976125 0.730551 -0.0981755 0.250181 0.391414 -0.116763 0.935207 0.822084 -0.00868802 1.09864 0.455342 0.689778 -0.05852 -0.211526 0.10059 0.566347 1.1415 0.862266 1.017 0.0704683 -0.103672 0.375986 -0.572739 -1.97053 0.00603359 0.0213485 -0.143572 0.278415 0.482716 0.221509 -0.118262 0.0561571 -0.0100628 -0.361584 -1.18938 -1.06249 -1.15335 -1.41055 
-0.962989 -1.06756 0.894073 0.219296 1.31665 1.13887 -0.30083 0.517676 0.662274 -0.345137 0.703196 -0.388602 0.749 -0.0170916 -0.0761342 0.364637 0.75932 0.564214 0.0172911 0.438047 -0.19795 -0.124767 -0.566083 -0.521316 -0.49235 -0.862594 0.0822169 0.151678 -0.165678 -0.291302 -1.52229 -1.16471 1.50283 0.550593 -0.0878378 -1.10472 -0.0162388 1.86849 -0.976383 
-0.958503 -1.05226 1.09519 0.661145 0.814395 0.408705 0.321285 0.737257 0.697317 -0.574771 0.577326 -0.0370072 -0.172816 0.0236969 -0.059848 -0.0650889 0.275045 -0.380788 -0.302441 2.51982 0.621061 -0.191509 -0.728733 -0.588978 -0.102032 -0.97035 -0.014236 -0.163375 -0.94068 -1.88511 -1.21938 0.163943 -0.533791 0.438432 0.659982 1.31285 0.570206 -0.585556 1.6019 
-0.939292 -1.12741 0.828984 0.494341 0.935865 0.836426 2.21899 1.13874 0.470765 -1.07387 0.114218 -0.490634 -0.22135 -0.0313276 -0.239509 -0.576043 -1.12579 -0.655164 0.181234 -0.0957432 0.240482 0.535215 0.746764 0.0488899 -1.07791 0.739308 -0.0703238 0.250103 0.0312406 -1.13049 -0.369321 -0.290979 -5.53891 -0.922758 0.56865 1.53197 1.15742 1.24932 2.40732 
-0.98983 -1.29177 0.519145 -0.46465 0.159231 0.58994 0.225542 0.977739 1.23253 0.171993 0.626216 -1.11491 0.566492 -0.0466269 0.190255 -0.0338483 -0.855444 -0.750109 -0.59342 -3.01909 -0.301697 0.377141 0.803241 0.568444 1.14729 1.43697 0.0616539 0.36113 0.772581 1.12132 -0.00891238 -0.38657 -0.192808 -0.80101 -1.34664 -1.62262 0.323898 3.0592 -0.213835 
-0.985919 -0.937155 0.795135 -0.361102 0.185755 0.243006 -0.800099 0.83704 0.847905 -0.270629 0.682662 0.656652 1.21562 0.0303263 0.121621 0.196538 -0.00447566 -0.664077 -0.205336 -0.288551 -0.560528 -0.81143 -0.875852 0.372788 1.98129 0.525473 0.0496008 -0.225423 -0.127848 0.853223 0.503411 0.510232 2.43158 0.0512754 -0.71998 -1.61859 -0.724801 -1.89581 -1.79653 
-0.959504 -1.17015 0.715684 -0.469126 -0.504846 0.384604 -0.0630092 0.417211 0.421101 -0.703858 0.999004 0.866381 1.09196 0.0029739 -0.0351689 -0.161697 -0.00222033 -0.246699 -0.0831877 -0.587515 -0.250422 -0.342839 -0.815353 -0.156357 -0.74852 -0.359566 -0.0256835 0.0745577 -0.0894463 0.336249 2.35261 0.578973 -0.138927 0.800192 1.11985 1.22769 -0.463173 -2.16948 -0.0763131 