44.4916 -0.705957 1.32664 -1.17573 -0.530029 -1.81999 -2.94941 -3.84165 -2.51269 -1.9975 -3.0558 -3.55793 -2.97122 
45.2514 -1.75592 0.502301 0.365883 0.676527 -2.95326 -3.42293 -2.26313 -2.88824 -3.47849 -3.77635 -3.69097 -2.40052 
49.5902 -0.718314 -1.33009 1.81721 4.42932 -3.1876 -5.88664 -2.02565 -2.73198 -4.47678 -2.77778 -0.234708 -1.71716 
51.8008 0.364299 -1.09048 2.65868 4.02811 -2.80726 -7.16876 -3.36179 -1.41551 -4.36241 -1.93326 0.490656 -2.05411 
49.228 -0.295172 0.241065 1.32833 3.1629 -2.52558 -6.36809 -3.54893 -2.81419 -4.07833 -2.42654 -1.18195 -1.5789 
45.6667 -1.2916 0.929203 1.65886 2.49898 -0.932135 -5.25169 -2.69963 -2.83038 -5.10045 -4.31057 -1.80568 -1.75094 
45.6895 -1.91354 1.41453 1.39064 2.82949 -0.478297 -3.20707 -2.39133 -4.16042 -6.66547 -4.83009 -2.01451 -0.583308 
47.6056 -1.17622 0.155613 1.6172 2.23002 -0.279799 -1.19778 -2.96378 -5.45539 -6.0676 -4.25031 -2.19059 -0.699147 
46.7427 -1.86401 -0.0562895 3.67499 2.08748 -2.30611 -1.85579 -1.94275 -6.4128 -6.55674 -3.77421 -1.10174 -1.44366 
46.3681 -1.23008 0.835119 3.46114 1.80315 -2.81516 -3.0433 -2.30158 -5.96674 -6.52598 -2.10382 -0.28114 -1.96129 
50.9586 3.60286 5.12903 6.58068 4.87413 -1.33035 -0.372419 0.824669 -1.85461 -3.2103 0.197531 0.132112 -1.08889 
56.8195 9.44803 8.68151 7.24418 3.37327 -0.998536 -0.451809 1.36819 -0.872165 -2.21528 0.149529 -0.119347 -0.469998 
72.0821 17.1131 12.3011 4.02674 -2.68032 -1.40621 0.80929 1.38302 0.739053 -2.49479 -1.38879 -1.15816 -1.98533 
98.871 13.7983 8.17066 1.19909 -2.13274 -1.4416 0.281323 1.08035 0.319268 -2.02502 -2.4537 -1.97385 -0.77237 
113.443 11.4215 6.64829 1.35123 -5.11384 -1.54834 0.15887 0.786378 0.67953 -2.65942 -2.15215 -2.22572 -0.608065 
124.624 11.5147 0.52542 3.53412 -7.18116 0.903681 -0.745865 0.614295 0.0977901 -2.31744 -0.631341 -1.51565 -0.320994 
128.021 9.55849 -0.395772 5.15621 -10.21 -0.0648885 0.608922 1.49848 0.655526 -2.76523 0.82602 -1.80534 -0.23779 
133.681 7.16926 -1.87232 3.64672 -8.06103 -0.0152558 0.544564 1.24402 0.855218 -2.63608 1.46249 -1.10336 0.351931 
138.717 4.66746 -2.73348 2.1277 -6.86484 0.394872 0.174518 1.20613 0.110076 -2.26913 1.99728 -0.327526 0.118269 
141.003 3.8766 -3.29632 1.28719 -7.41756 1.83313 0.128037 2.48779 -0.205944 -1.27324 1.21261 -0.971186 -0.471303 
139.375 4.42069 -4.42283 0.153374 -7.23575 2.88368 -0.597609 2.21023 -0.106314 -0.645269 0.867563 -1.40466 -1.40521 
137.728 4.38884 -5.39645 -0.0548874 -6.98583 2.14144 0.346466 1.68272 -0.277588 -0.451453 1.24818 -1.5284 -1.98485 
137.465 3.93842 -6.17227 -0.161434 -6.55788 1.93126 0.536175 1.52865 0.0851029 -0.665891 1.78225 -1.46983 -2.43705 
138.263 3.59333 -6.8903 0.152826 -5.00556 2.01378 -0.537683 1.44034 1.16545 -0.548772 1.3065 -2.00979 -2.72245 
138.341 3.3218 -6.34156 -0.0453033 -4.5072 3.03821 -0.869302 0.941731 1.34048 -0.692941 0.588751 -1.54194 -3.02086 
137.493 3.52474 -6.83031 0.67513 -4.83034 3.71303 -0.829036 0.678983 0.542299 0.118807 0.424511 -1.75579 -2.95795 
133.763 4.42131 -6.53156 2.00879 -4.34832 3.17848 -1.89298 0.392069 0.282274 0.987459 1.46447 -1.91422 -3.12452 
131.146 4.10495 -5.612 1.84311 -3.17019 2.91545 -2.28852 -0.45496 -0.0460399 0.436018 1.52836 -1.24043 -2.16758 
129.272 4.88697 -4.74481 1.73127 -4.4341 2.44653 -2.19362 0.707803 0.276958 0.903966 0.8659 -1.78395 -2.31608 
129.422 5.26529 -4.96365 1.23982 -4.71221 1.76831 -2.3641 0.932104 1.0799 1.09576 0.959931 -2.12069 -3.21433 
128.76 3.77925 -5.44031 1.36657 -4.43601 1.855 -2.59565 1.24514 0.788841 2.88294 0.919772 -2.13005 -3.27547 
127.61 1.76529 -6.65487 0.740846 -4.45911 2.78728 -2.75164 1.41205 -0.741817 2.13536 0.968841 -1.43995 -1.92461 
127.161 0.339942 -6.52873 1.03555 -5.18615 2.47043 -3.92597 2.49668 -0.320896 2.04257 -0.251147 -2.14002 -2.54641 
120.538 1.67617 -5.27077 0.272317 -4.17389 3.07685 -3.5034 1.39506 -1.11878 2.70751 -1.27552 -2.1544 -1.71524 
112.556 1.67199 -2.68683 1.1317 -3.20081 2.79316 -2.50439 2.40798 -1.59256 1.41073 -2.37756 -1.65988 -1.57654 
107.885 0.920235 -4.26596 0.428224 -1.52499 3.33932 -2.20431 2.00006 -0.40193 2.14291 -2.04937 -1.39664 -1.67751 
102.029 2.57076 -3.27055 -0.887836 -2.65891 3.90953 -2.21166 1.6748 -0.0162173 2.18046 -1.34348 -1.80069 -2.13345 
96.2298 4.44506 -3.125 -0.826593 -3.40118 3.92675 -1.49482 1.73376 0.813903 2.72441 -0.380538 -1.1606 -2.05767 
90.8583 2.93415 -2.47817 -2.86533 -5.26661 4.16533 -1.52532 0.370261 1.4366 2.38311 0.395109 -0.292622 -1.57015 
87.2505 4.19147 -1.65141 -2.38279 -3.83475 2.03461 -2.04581 0.150191 1.58055 2.16364 -0.109618 -1.39581 -1.92075 
81.4845 4.08026 -0.332535 -3.24459 -3.03884 2.2884 -2.21726 -0.206076 1.48339 1.29028 -0.393855 -2.03226 -1.76235 
75.62 3.56817 -0.247489 -2.5927 -4.32055 2.01628 -1.48017 -1.29457 0.547945 0.84726 -0.5156 -1.38738 -1.35545 
68.9974 2.38722 -0.243788 -1.42694 -3.32153 0.877851 -1.79116 -0.692566 0.684438 0.64215 -0.0882107 -0.991494 -1.71191 
65.9981 2.10357 -0.0753188 -1.18976 -3.7822 0.809805 -0.916101 -1.23163 0.793023 1.80271 -0.0966488 -0.823832 -1.84173 
62.0303 1.98417 0.547389 -2.02816 -3.98074 1.83107 -1.05591 -1.92688 0.826287 1.74793 -0.442715 -0.453302 -1.18717 
58.8117 2.70997 1.0117 -0.755532 -3.35031 1.46922 -1.55797 -3.75647 -1.0456 -0.0372894 -0.468184 -0.875929 -1.98674 
56.3163 2.46606 2.07031 -0.513609 -4.16915 -0.572259 -2.17963 -3.45471 -1.96709 -1.4777 -1.64334 -0.671931 -1.64908 
54.5821 2.53402 2.54053 -0.0640525 -2.95331 -0.240804 -2.84573 -4.56375 -2.83805 -0.655388 -1.81168 -0.422974 -1.33539 
50.6259 1.75987 2.38341 1.30049 -2.00825 -0.690819 -2.90911 -3.65092 -1.54474 -1.48808 -2.18974 -0.653162 -2.059 
50.1813 0.430858 0.96682 0.206982 -1.11237 -0.238071 -2.37228 -2.53846 -1.922 -1.83335 -1.19539 -0.730589 -1.20719 
42.345 10.2198 -5.59475 6.44873 -3.50519 -0.565664 -0.413962 -3.64637 0.378236 -3.36398 -1.16541 -0.623391 -2.00072 
47.7923 2.49656 4.25099 1.36915 -0.530525 -0.590789 -1.26558 -1.57877 -1.78845 -1.7214 -0.853799 -0.409607 -0.636107 
9.35698 4.38004 4.16531 0.241403 -1.99016 -1.06845 -0.690449 -0.684597 -1.37345 -0.369988 -0.898199 -0.684847 -0.0553434 
