-1.21288 -0.853945 -0.792553 0.081961 0.960071 0.989194 0.298581 1.13162 0.688819 -1.51043 0.723458 0.081077 0.941428 0.0716474 0.126378 0.350334 -0.143105 0.130927 0.566102 0.682693 0.186416 0.205873 1.41147 0.287667 0.0241218 0.424547 0.110056 -0.00922832 -0.29486 0.222791 0.154614 -0.194738 -0.700526 -0.756424 -1.63917 1.92461 -0.384221 -2.05027 -1.2632 
-1.13034 -0.725395 -0.428121 0.423461 0.91154 0.931057 0.354081 0.92023 0.703229 -0.0401025 1.09499 -0.03402 1.06209 0.0615174 -0.111334 -0.60355 -0.137499 0.134423 0.113493 0.118584 -0.205763 -0.871754 1.04857 -0.439182 -1.01011 -1.15186 -0.0326009 -0.293982 -1.19361 0.160957 0.0583692 -0.122868 -0.206024 -0.318712 -0.827934 -1.41059 0.375879 0.314057 -0.490726 
-1.15136 -0.965279 -1.3961 -0.0555377 1.09449 1.10269 0.417165 0.925852 -0.182934 -0.461864 0.284276 -0.92903 -0.210437 0.0390464 -0.167604 -0.843274 0.0178514 0.189296 0.443234 0.476669 -0.132297 -0.622061 0.000875605 0.663546 0.338179 -0.0661797 -0.0663819 0.0775265 0.675737 -0.201697 -0.338512 -0.164115 -0.802732 0.441816 2.25955 -0.407959 1.3298 2.66152 2.43592 
-1.0913 -0.892999 -1.27139 0.441313 1.10084 1.37429 0.83075 0.787933 0.0811679 -0.0392269 1.75853 0.304159 0.995906 -0.00486447 -0.0338072 0.0721878 -0.339196 -0.204089 -0.0506222 -0.684148 0.236053 1.3878 0.640611 0.890616 1.65141 1.28405 -0.105277 0.175455 1.94407 -0.339834 -0.512763 -0.915854 -1.64567 0.933714 1.51811 -0.0660343 -0.496544 0.228266 0.0342537 
-1.15622 -0.999086 -1.32391 -0.394734 0.890405 1.05206 -0.266984 1.1619 1.20486 0.178747 1.17489 0.722378 1.07362 -0.0662302 0.00785122 1.1008 -0.321983 -0.323467 -0.47262 -1.169 0.801417 0.896047 -0.0651587 0.167001 0.566445 -0.031926 -0.0169503 0.210744 0.928349 1.16482 0.268151 -0.00923204 0.627136 -0.216268 -2.70668 -2.11234 -0.835013 -2.01113 -1.16528 
-1.15753 -0.885148 -0.170597 0.11933 0.777369 0.901671 -0.338247 1.58935 0.977215 -0.104386 1.92554 0.870604 0.96398 -0.0218148 0.176937 1.00054 0.825624 0.0640618 -0.0598542 -0.0570122 0.0197845 -1.31888 -1.47173 0.0556035 -0.359726 0.118772 0.0377699 -0.0628946 -1.80956 0.35798 0.682144 0.462672 1.47961 -1.12281 -1.6385 0.0614791 -0.964271 -0.914113 -0.348444 
-1.17804 -0.822149 -0.323378 0.430891 0.954467 0.992211 -0.323996 1.18169 -0.114015 -1.29298 1.2305 0.362652 1.19239 -0.0284603 -0.0550434 -0.708763 0.0359975 0.358677 -0.00994751 0.310615 -0.321391 -0.742451 -0.00367968 -0.797269 -0.347667 -0.38037 0.0129451 -0.337967 -1.88936 -1.20672 0.277063 0.525791 1.09176 0.365049 2.56054 2.97948 -0.538426 -0.659322 -0.933732 
-1.18599 -0.940191 -0.87936 0.155327 1.13605 0.891724 -0.0276315 1.26796 0.234764 -0.108065 1.12827 0.522937 0.58361 -0.00886963 -0.161029 -0.888822 -0.381093 0.341125 0.465937 1.03475 0.384834 1.24166 1.50775 -0.482823 -1.01905 -0.81496 -0.0103624 -0.0144155 0.547542 -0.397432 -0.811141 -0.075215 -0.758185 -0.318725 0.640655 -0.850043 -0.216505 -0.643722 1.76735 
-1.18691 -0.983179 -1.2122 0.0497978 1.29559 1.45815 0.710755 1.56652 1.12764 0.214773 0.747674 -0.656397 0.377427 -0.0388227 -0.0694589 -0.16122 -0.361434 -0.452464 -0.0851625 -0.447569 -0.640116 -0.101795 -0.853722 -1.01377 -0.991389 1.38698 0.0316937 0.223749 1.16277 0.727711 -0.472649 -0.904316 -2.07323 -1.46194 -2.29027 -2.50824 0.128983 1.32585 1.68302 
-1.22481 -1.00965 -1.04058 -0.206107 0.683582 0.806561 -0.475201 0.627845 0.132968 -0.961788 0.114491 -0.468453 1.97059 0.0228241 0.0627192 0.273946 0.346618 -0.131524 -0.438379 -1.03848 -1.0771 -1.04861 -1.00048 -0.35384 0.306803 0.868059 0.101857 0.322204 0.782575 0.755754 0.663885 0.126597 0.578148 1.02125 1.73784 1.15354 1.96216 1.76614 -3.09605 
-1.16408 -0.920459 -0.938255 0.396416 1.16407 1.01977 -0.327726 0.489422 0.0790275 -0.78571 0.393834 -0.349593 1.24549 0.0630343 0.252745 0.621354 0.39432 0.211421 0.0414342 0.130579 0.381135 1.63605 0.299813 0.948386 0.774755 -1.70907 -0.021443 0.0930446 -0.00846624 -0.854576 -0.218309 0.785777 1.99994 1.97063 2.23103 1.06481 0.926667 0.466724 -0.377444 
-1.16177 -0.756905 -0.419226 0.188213 0.895003 0.847995 -0.344622 1.00898 1.76902 -0.661975 1.06288 0.306302 0.261517 0.00138103 0.155764 0.26548 -0.507958 -0.349833 0.347397 0.961455 0.893528 1.18241 0.0643235 0.572827 0.773527 0.490615 -0.132791 -0.524981 -1.8259 -0.813271 -0.163334 0.0991972 0.92739 -0.199874 -2.852 0.439543 -0.549566 -1.27057 2.07002 
-1.1627 -0.764696 -0.672775 -0.111542 0.814234 1.36717 0.63373 1.38295 1.26144 -0.721387 0.96666 0.423934 1.7361 -0.0697564 -0.272236 -1.20455 -0.418951 0.0480866 0.140631 1.05797 0.181261 -1.21595 0.739357 0.39882 -0.495815 0.36095 -0.047965 -0.466384 -0.899878 0.423189 0.555712 -0.611651 -0.401365 -0.173448 0.0106438 1.87485 -0.143787 0.449209 -0.768077 
-1.23153 -1.02914 -1.62377 -0.230737 0.943089 0.988627 0.713346 1.19024 0.553062 0.0773821 1.4617 -0.189513 0.622468 -0.046584 -0.31062 -0.634398 -0.0847689 0.205879 -0.264254 0.56009 0.72008 1.19306 1.93917 0.429039 1.22274 -0.277462 0.104352 0.379292 1.86974 1.29814 0.101268 0.0541756 -1.51434 0.11431 1.59082 -1.17705 -1.02808 0.29647 0.101303 
-1.20929 -1.07532 -1.30717 -0.196311 1.02011 1.10291 1.19382 2.10303 2.4545 1.21778 1.3957 1.64667 1.45864 0.0345958 0.107056 0.665198 0.879191 0.149355 0.194807 -0.456374 0.295571 0.374868 -0.437698 -0.629255 -0.199345 0.462254 0.189216 0.590397 0.631266 0.507079 -0.0872766 0.367172 -2.31124 -2.28508 -3.68659 -3.1567 -0.334712 -2.94312 -0.322659 
-1.19694 -0.922085 -0.958575 0.648454 1.09244 1.18343 0.256972 1.48581 0.92793 -0.360316 0.832442 -0.388858 1.08472 0.142632 0.279776 -0.00313183 0.42231 0.118602 0.102918 -1.75115 -1.565 -2.49354 -1.21753 0.0943274 -1.72039 -0.600121 0.0709574 -0.036729 -0.8912 -1.43413 -0.0458662 -0.00908065 0.422209 -1.02133 -1.71419 0.406198 -0.0683585 -0.516729 -1.50227 
-1.06665 -0.79554 -1.31031 0.225999 1.13871 1.20583 -0.55733 0.538029 -0.039039 0.000250381 1.49003 -0.0737183 0.858518 0.105553 0.0703268 -0.226001 -0.554937 0.103488 0.185726 -0.0341647 -0.725764 -1.33932 -0.0315 -0.697614 -0.716074 -1.04002 -0.192875 -0.285106 0.204542 -0.68692 -0.102133 -0.499262 1.64654 1.55795 2.76118 1.16933 -0.930709 2.12295 0.928467 
-1.09138 -0.851759 -1.18458 0.0935171 1.19593 1.36916 0.222808 0.760048 -0.411387 -0.391816 0.134828 -1.10493 0.0447031 -0.050243 -0.00532964 0.20141 -0.26461 0.0164694 -0.396344 -0.104608 -0.00705543 0.26764 -0.0482066 -0.836381 0.40256 0.328346 -0.149447 -0.0342294 0.186598 0.548732 0.0530207 -0.694021 -0.903469 1.00764 3.00329 0.535435 1.36027 1.49978 1.30736 
-1.1169 -0.800869 -1.1089 -0.0386105 1.15518 0.809486 -0.661938 0.530974 0.228601 -0.0479562 0.653646 0.328842 1.18686 -0.043894 0.0360974 -0.0394035 -0.0062052 0.156509 -0.508295 -0.937633 0.281878 1.66397 0.503935 0.662657 0.783706 0.267342 0.148294 -0.227893 -0.381963 0.417821 -0.283061 0.216459 0.386868 0.253129 0.0271598 -0.238001 0.604978 0.0644177 -0.577779 
-1.13528 -0.815661 -1.22398 0.0873119 1.35244 0.860865 -0.714826 1.04193 1.25258 0.11212 0.797485 -0.321226 0.312045 0.0980508 -0.233223 -0.180553 0.153211 -0.266592 -0.179884 0.282261 0.246073 0.294799 -0.286207 -0.231404 0.466978 -0.249433 0.221637 -0.326683 0.693133 -0.0650509 -0.701006 0.477795 1.42974 -0.185801 -2.70969 -1.11138 -0.278927 -0.110602 -0.325714 
-1.01885 -1.03409 -1.28945 0.114601 0.888592 0.629602 -0.379677 0.777047 0.5234 -0.334163 0.422242 0.79582 0.937431 0.177743 -0.290585 0.65373 -0.0712561 -0.544497 -0.0305001 0.492106 0.096077 -1.04572 -0.607443 0.38373 0.673104 -0.0583717 -0.0069886 0.0529062 0.466759 -0.677997 0.291978 0.594218 0.428006 -0.0420548 0.043351 0.208948 0.00946653 -1.47627 -0.661293 
-0.957533 -1.10625 -0.57025 0.0160559 0.807944 0.830365 -0.222719 1.138 0.206866 -0.495323 1.18122 0.351879 0.253674 0.0910622 -0.180317 0.286206 -0.524786 0.0253863 0.414334 0.710267 0.204018 0.33815 -0.0772595 -0.221937 -1.00929 -0.910726 -0.124982 0.339774 -1.34547 -0.760172 0.831208 0.560461 0.456771 -0.433723 0.84189 0.787685 -1.0786 -0.694637 0.0740251 
-0.927785 -1.21441 -1.00324 -0.410185 0.913978 1.04394 0.33059 0.981066 0.86155 -0.411423 0.200305 -0.213473 0.0267046 0.0527609 0.049189 -0.691744 -0.831428 0.286711 0.529961 0.948877 -0.337646 -0.203826 0.180242 -0.694867 -0.0215329 0.0156535 -0.024491 0.120645 -0.436748 1.45946 0.342834 -0.330559 -1.09265 -0.423154 -1.14421 0.24517 0.427088 2.23845 1.59866 
-0.904772 -1.05706 -1.26199 -0.815372 1.09466 1.36033 0.726158 0.800357 0.00303971 -0.315081 0.486348 0.330346 0.269327 0.0665712 -0.0596718 -0.150542 0.934669 0.368221 0.0837746 -0.382381 -0.219135 -0.806064 0.167911 0.205151 1.22916 0.687931 0.106584 -0.249104 0.777631 2.55835 -0.352148 -0.80278 -1.87298 0.229154 1.09432 0.64508 0.127974 0.372025 0.00221512 
-0.861214 -1.27408 -1.15379 0.524484 1.2822 1.12771 -0.0517907 0.76193 0.0554864 -0.243512 0.405456 1.01569 0.714635 0.159345 -0.199915 0.0858872 1.72692 -0.0654374 -0.27282 -0.924107 -0.108492 0.890495 0.825322 -0.566893 0.350492 0.0178686 0.031864 0.102984 0.385741 -0.836214 -0.51088 -0.0180587 0.446888 0.476243 2.55494 0.429873 -0.0419203 -1.65887 -1.64823 
-0.745427 -1.25697 -1.17611 0.911552 1.02922 1.08751 -0.19795 0.691865 0.893534 0.510241 -0.0805445 0.680838 0.287196 0.0984352 0.043312 0.235199 0.0984551 -0.14266 0.0657159 0.0645074 0.257107 1.74887 0.597784 0.163231 -0.429711 -0.960303 -0.25222 0.135534 0.725554 -2.51377 0.00903589 0.643154 1.54975 0.1646 -1.29306 -1.00736 1.03091 -1.04233 0.197236 
-0.762778 -1.23077 -0.918586 0.62294 1.13954 1.19343 0.0127168 1.01904 1.80436 0.354272 0.568687 0.585977 -0.245668 -0.0928749 -0.0643802 0.811441 -0.786846 -0.0564015 0.370334 0.625643 0.0561084 -0.402565 -0.182039 0.464018 -0.691838 0.215105 -0.231955 -0.124024 0.0500139 -0.578604 -0.072614 -0.061657 0.319069 -0.187881 -2.56389 -0.426942 0.356127 1.25165 1.28981 
-0.838302 -1.32135 -0.364666 0.124706 0.972817 1.45784 0.427694 0.747973 0.490969 0.328202 0.383473 -0.0110004 0.502301 -0.133519 -0.0807117 0.285213 -0.480149 -0.215274 0.00405887 0.383577 0.0692267 -0.815016 0.170843 0.519358 0.821939 0.329504 0.015772 -0.0824071 -0.970551 1.01454 0.12223 -0.983316 -1.73163 0.175616 0.285969 -0.0275164 0.59565 2.30282 0.56537 
-0.896298 -1.31148 -0.633373 0.14279 0.924266 1.19748 0.396293 1.08826 0.989343 0.525115 1.08804 1.40792 0.0838357 -0.0771029 -0.146787 -0.15911 0.227692 0.0658288 -0.612981 -1.10598 0.231724 -0.116596 -0.209555 1.05967 1.61099 0.780475 0.155701 0.00929403 0.369649 0.188434 0.498019 0.0352074 -1.35221 -0.487598 -0.194283 -1.20617 -0.822054 -0.720929 0.00758807 
-0.915404 -1.46814 -0.523776 0.352398 1.03865 0.84486 -0.67829 0.979697 0.374374 0.118647 1.44314 1.59999 1.28278 0.0221817 -0.0714177 0.654862 -0.291715 0.282745 0.0392662 -0.968634 -0.418371 -1.0093 -1.03532 -0.302696 0.10101 0.337092 0.170698 0.158609 0.254719 -1.32113 -0.192554 0.717055 1.444 -0.646991 -0.500508 -0.98085 -2.71599 -3.04951 -3.01932 
-0.874116 -1.3829 0.0214892 -0.148924 1.20701 1.23675 -0.572341 0.669893 -0.019956 -0.510208 0.785348 1.50893 0.420927 0.0935953 0.0118215 0.095609 -1.09344 -0.126725 0.104074 0.338017 -0.415267 -0.617104 -1.19041 -1.65632 -1.43852 -2.23885 0.0680064 -0.0517568 -1.68886 -0.843659 -0.557567 -0.013121 1.7995 0.544141 1.24784 2.21619 -0.422116 -1.03654 -1.26907 
-0.821809 -1.45632 -0.428167 -0.741039 0.91192 0.948934 -0.340272 0.56443 -0.24273 -1.07176 -0.213182 0.161461 -0.956072 0.090188 -0.123174 -1.03399 -1.13537 -0.274822 0.0261452 0.830867 0.12577 0.238536 1.18087 -0.724813 -0.935527 -0.93198 0.0663229 -0.00990539 -0.892091 1.40404 0.40863 0.328397 -0.0638703 0.16484 0.257257 2.42353 2.12824 0.766355 2.41677 
-0.783928 -1.50607 -1.0125 -1.2843 0.932188 1.2629 0.258526 0.795662 0.21858 0.670662 0.0605357 0.573399 -0.511052 0.159918 0.00191613 -0.796482 0.310599 0.281905 0.432471 0.274147 -0.250427 -0.359846 1.23313 0.471919 -0.672169 0.177926 0.320871 0.497295 0.0482636 0.913572 0.236852 -0.498585 -1.26478 -0.822711 -1.26757 -2.83436 0.231275 0.237848 0.742955 
-0.661891 -1.4544 -1.22465 -0.43044 1.19383 1.3814 -0.0661254 0.314003 -0.602576 0.161367 0.258737 -0.510707 -0.778146 0.411059 0.37412 -0.985729 -0.221801 -0.03797 -0.472439 -0.433911 -0.696942 -1.02903 -1.65349 -0.493538 -0.697679 -0.189025 0.692144 1.96915 2.63935 -0.401279 -0.696358 -1.51393 -1.07294 -0.203565 1.3787 -3.49845 -1.31404 -0.291518 0.0497696 
-0.372869 -1.13195 -1.99823 -1.5061 0.894218 0.790457 -0.175384 0.0987204 -0.810452 -0.982832 -0.433002 -0.12428 -0.700077 0.852062 1.97106 1.84286 -0.0906802 -0.414453 -1.08146 -0.798793 -0.453992 1.01885 -2.26532 -0.842119 -0.963687 0.227696 0.322701 2.1294 3.85375 0.50357 -0.777331 -0.579326 -0.585793 0.30101 1.77154 1.52178 0.560526 -0.878135 1.08896 
0.190171 0.51666 0.618216 -0.52112 0.779372 0.299948 -0.864918 -0.139989 0.416274 -2.10396 -0.583382 -1.47439 -0.55045 0.73376 2.50352 2.86802 0.281769 -0.815301 -1.05177 -1.0197 -0.395932 0.742505 -0.131712 0.0669879 -1.57581 0.899938 -0.335228 -1.465 -2.04356 0.313867 -1.05792 -0.465187 1.81976 -0.561591 -2.4483 3.90608 0.764989 0.0382225 0.82415 
0.360891 1.37157 0.869786 -1.22433 0.0789172 -0.261308 -1.19509 -0.297212 -0.0679474 -1.11454 -0.366014 -1.70009 0.199861 0.516834 0.506062 -0.200697 0.223187 -1.47238 -1.54664 1.02096 -1.01558 -1.42945 1.64076 -0.0771295 -0.925464 1.05185 -0.252478 -2.89594 -3.53765 2.39952 -0.241692 0.243209 3.0564 -0.670111 -1.31144 0.276003 0.535343 2.79833 -1.38372 
0.707004 1.02272 0.417519 -0.297934 -0.693006 -1.24669 0.156046 -1.15557 -1.01318 -0.463201 -0.660512 -2.39986 0.501397 0.481282 -0.392422 -0.669632 2.68129 -1.05699 -0.808556 2.0367 -1.06604 -0.568937 0.144291 0.602331 1.22252 -0.483778 -0.315178 -0.717839 0.639013 1.49308 1.1242 1.66267 -0.124126 0.603024 1.01108 -0.819321 0.0113971 3.88476 -2.52146 
0.842173 0.979144 0.200155 1.45696 -0.978076 -1.06986 0.841611 -1.36325 -0.636885 -0.970254 0.236317 -0.477576 -0.283917 0.201656 -0.211777 0.438316 1.71626 -0.348176 0.11603 0.896838 -0.41256 -0.418371 0.821437 -0.0657325 2.95929 -1.46961 -0.405562 0.128614 1.46856 -3.31689 1.05168 0.426403 -2.01052 0.926498 -1.31016 1.98452 -2.66491 0.419693 -1.33472 
0.90866 0.810944 0.855835 1.41833 -1.04118 -1.13066 1.05288 -1.56813 -1.43155 0.358236 -0.726244 0.559435 -0.968216 0.0757208 -0.263808 0.798928 -0.635593 -0.00530875 -0.382152 0.0261822 -0.139545 -1.8791 2.12881 -2.06258 1.64221 -1.8185 -0.121531 0.0476944 -0.044095 -2.04405 0.596135 -0.448462 -1.23033 1.0103 -0.291374 -0.149162 -0.835337 -1.82375 0.641183 
0.917894 0.715336 0.999083 0.82137 -0.983385 -1.45202 0.867793 -1.5028 -2.51598 1.15856 -1.82626 1.16463 -2.10242 0.0801246 -0.164083 0.394221 -0.327786 0.247959 -0.332432 -0.333493 0.597738 -0.709744 0.672274 -0.901069 1.13554 -0.82843 -0.042984 0.098672 -0.717814 0.295183 -0.100339 0.272538 -0.594535 0.171872 1.35018 -2.41577 1.92729 -2.49078 1.30183 
0.988785 0.646861 1.25006 1.09054 -0.793223 -1.4631 0.71939 -0.970394 -2.14129 1.03051 -1.62731 1.69498 -1.79665 0.0327368 -0.165136 0.0811137 -0.34041 -0.105648 -0.109615 -0.568353 0.0323269 -0.52892 -0.286954 -0.135281 -0.848566 -0.516674 -0.0585005 0.0929014 0.163379 0.14049 -0.37659 0.413497 0.359453 -0.587708 0.756772 -0.0328076 0.599151 -0.940986 0.649261 
0.950631 0.5502 1.0802 0.48096 -1.08903 -1.56163 0.29944 -1.47047 -3.0449 0.871604 -1.96154 0.316068 -2.61909 0.0216241 -0.0711817 0.5576 -0.187295 -0.128631 0.0810652 0.0259592 0.0100307 0.047028 0.639467 -0.301919 0.194554 -0.179169 0.081008 0.13697 0.0521098 0.515887 0.124328 0.284139 0.901494 -0.0287209 2.02469 0.346909 -0.076549 1.70379 1.38998 
1.01041 0.57568 1.80766 0.903248 -0.921854 -1.38203 0.745349 -0.960363 -2.09426 1.66998 -1.92923 1.88953 -1.97581 0.113745 -0.0281657 0.133223 0.175477 0.0186799 0.174525 0.333141 0.00360604 1.49577 0.0599554 -0.21183 0.855221 0.873308 0.0738415 0.121498 -1.21208 0.287874 -0.0579428 0.183972 0.421932 -0.471454 0.831339 -0.936047 0.261067 -0.260704 0.327716 
1.06438 0.522035 1.21342 0.656438 -1.07035 -1.38711 0.632581 -1.46687 -1.54913 0.931559 -2.17337 1.17129 -1.74578 0.0954656 0.0503161 -0.654482 0.100579 -0.186574 0.265038 0.447891 -0.461423 0.878367 -0.29658 -0.0408515 -0.0661502 0.148548 -0.0210706 0.0963747 0.0318263 -0.0166004 -0.0898075 0.194296 0.201202 0.367074 -1.37818 0.531156 0.501222 -0.0518806 -1.08393 
1.10587 0.625996 1.15317 1.00383 -1.10843 -1.11699 1.19324 -1.42179 -1.2159 1.3734 -1.97008 1.82338 -1.82727 0.0926742 0.068209 0.16505 0.158877 -0.0711276 0.36882 0.534343 0.37068 0.117595 0.591112 0.289392 0.803341 -0.210618 -0.00895273 -0.127089 0.782473 -0.613112 0.286201 -0.298501 -0.586814 0.956552 -1.40988 0.509501 0.275685 -0.00317336 -0.232111 
1.15705 0.590244 1.37847 0.815315 -1.14148 -1.01829 1.16692 -1.09619 -1.43153 1.52267 -1.88398 1.97463 -1.9564 0.0865129 -0.0767732 0.127991 -0.512533 0.0996275 -0.0334638 -0.138923 0.495129 -0.531512 0.212921 0.234834 -0.0693236 -0.0835636 -0.102726 -0.0336129 0.0184194 -0.33319 0.11212 -0.446785 -0.726808 0.0635629 -0.587586 -0.0106694 -0.238807 -0.940692 0.415273 
1.19239 0.549222 1.28117 0.491294 -1.0088 -1.15046 1.05432 -0.926657 -1.74741 1.58632 -1.73525 1.75406 -1.91083 -0.010052 0.0345961 0.183469 -0.174313 0.0409923 -0.0779643 -0.192465 0.434243 -0.469991 0.580442 0.0505853 -0.137352 0.204655 -0.13191 0.183086 0.0561076 0.445122 -0.197675 0.0572841 0.0566821 -0.429805 0.298007 -0.0778923 0.533475 -0.450564 0.174898 
1.147 0.62484 1.56194 0.641002 -1.10049 -1.09625 0.974458 -0.661945 -1.90152 2.10311 -1.83339 1.83728 -1.75175 -0.0453971 0.106313 0.184099 -0.0674102 -0.0980479 0.0238203 -0.0822406 0.065324 -0.233504 0.135029 0.768309 -0.519888 0.091334 -0.0233555 0.134029 -0.420564 0.470554 -0.176282 0.247275 0.127249 -0.849667 1.33714 -1.43561 1.17063 -0.858468 0.878859 
1.14699 0.655535 1.46526 0.423884 -1.10685 -1.12664 0.972076 -0.861333 -1.98091 1.72135 -0.966941 1.23417 -1.8195 -0.0334075 0.168625 -0.237095 0.296241 -0.13529 0.169311 -0.065216 -0.415424 0.86715 -0.855169 1.22122 -0.99582 1.08351 0.028781 -0.0389519 -0.137995 0.0617208 -0.00576223 0.207068 -0.0358275 -0.712833 1.23877 0.117448 -1.10723 0.103022 0.918267 
1.11359 0.793465 1.32484 0.937243 -1.23578 -0.926939 0.909242 -1.07737 -1.03437 1.24794 -0.612174 0.841458 -0.668233 -0.0166162 0.0673606 0.0461032 -0.00568945 -0.10381 0.230888 -0.118068 -0.647509 1.00526 0.252477 -0.338918 -0.416866 1.0096 0.13625 -0.347842 0.507142 -0.82955 0.290147 -0.233267 -0.124484 0.258719 -0.831246 2.02169 -2.29934 1.66902 -1.99082 
1.13037 0.722896 1.51137 0.418194 -1.21066 -0.895749 0.854008 -1.50884 -0.975652 1.97382 -1.30586 0.817302 -0.809895 0.102842 -0.179217 0.270047 -0.533309 0.154858 -0.0639557 -0.1897 -0.156705 0.0359037 1.16652 -1.07812 0.673201 -0.907311 0.0933018 -0.263727 -0.138854 -0.41066 0.159907 -0.487307 -0.368029 0.740711 -0.665461 -0.772242 0.125664 0.088422 -1.3282 
1.21643 0.614248 1.59489 0.403933 -1.08092 -0.990895 0.719542 -1.23407 -0.998471 2.41447 -1.6903 1.51466 -1.57554 0.0766856 -0.196366 -0.092751 -0.416349 0.0560972 -0.256419 -0.486097 0.0932022 0.339802 -0.519765 -0.213254 -0.328444 -0.3186 -0.125885 0.167703 -0.409414 0.453136 -0.279624 0.0163519 -0.00300393 0.253691 0.593982 -1.78391 1.56226 -1.62868 1.44259 
1.20706 0.52653 1.41862 0.00184488 -1.15456 -1.15217 0.367911 -1.41564 -0.63585 1.45406 -1.51911 0.488859 -1.12849 -0.0230427 -0.0115142 -0.139367 -0.0801737 -0.124766 -0.0476038 -0.192704 0.0969857 0.629885 -0.617391 0.484138 -0.955481 0.535279 0.177257 -0.201818 -0.431607 -0.0401978 0.29264 0.437523 -1.05542 0.640892 0.404306 0.0775508 0.578378 -0.653496 1.38203 
1.19339 0.602734 1.45552 0.32376 -1.20569 -1.0385 0.526838 -1.13709 -0.368586 1.79708 -1.20616 0.559179 -1.04026 0.253942 -0.398184 -0.524358 -0.456547 0.348738 0.181104 -1.54152 0.734094 0.744108 -0.442214 0.365125 -0.981939 1.06343 0.480595 -0.561291 -1.11647 -0.466796 0.954555 0.527841 -2.60224 0.834676 0.509508 -0.221655 0.833847 -0.535747 0.75352 
1.461 0.128346 0.894258 -0.454702 -0.805823 -0.971063 -1.17361 -0.681546 0.108258 1.01185 -1.15399 -0.493081 -0.0650664 0.457553 -0.572806 -1.25584 -0.54697 0.829789 0.480237 -2.79495 0.931662 1.13939 -0.839046 1.31799 -1.49123 1.2888 -0.00762894 0.227189 -0.476741 0.389326 0.388543 0.228894 -0.0104333 -0.269126 0.334508 0.190009 1.46256 0.415187 -1.11512 
1.65094 0.0299283 0.199684 -0.22321 -0.375898 -0.558261 -2.26811 -0.205426 0.770808 0.95803 0.111829 -0.932049 0.248535 0.246313 -0.170995 -1.0011 -0.0672218 0.737281 0.409999 -1.55195 0.464969 1.07862 -0.252206 1.82768 -0.566753 -0.0516879 -0.46883 0.612873 0.421303 0.284857 -0.455992 -0.648692 1.95485 -0.861422 -1.09669 0.718497 -1.23637 1.43976 -2.41468 
1.70732 -0.0426495 -0.106842 -0.521924 -0.0685426 -0.561064 -2.72556 -0.216577 1.18687 0.75964 0.673693 -1.05983 -0.116754 -0.0112772 0.0400673 -0.834537 -0.262113 0.373797 -0.168455 -0.8401 0.0702393 0.0427016 -0.120548 0.0816171 -0.0514651 -1.12588 -0.361 0.427651 0.674856 0.391758 -0.582619 -0.629928 1.7721 -0.374445 -0.874425 0.562145 -2.55093 1.34583 -0.800329 
1.63967 0.0699956 -0.634853 -0.485324 -0.00210085 -0.726716 -3.10821 -0.135187 0.81351 0.837482 0.193446 -0.983514 -0.87735 -0.114687 0.256656 -0.326244 0.324536 0.154662 -0.219929 0.220147 0.0905232 0.204191 0.309939 -0.723251 0.779077 -0.852017 -0.177936 -0.00391876 1.62569 0.544124 -1.16907 0.0774246 1.61833 -0.13403 -0.608626 -0.624089 -1.04283 -0.579939 2.16422 
1.59263 0.214006 -0.433086 -0.197388 0.0861192 -0.780993 -2.50541 -0.126054 1.39106 1.06958 -0.0495579 -0.280757 -0.968772 -0.189214 0.0361485 0.791157 0.282011 -0.795274 -0.0910302 0.778226 -0.0637902 -0.565924 -0.744637 -0.961208 -0.631404 1.03833 -0.404644 0.302654 1.38315 0.605369 -1.79506 0.239571 2.7462 -1.21225 -1.5743 -0.779075 0.0927622 -1.60667 1.86598 
1.45045 0.106144 0.156304 -0.203312 -0.797375 -0.817747 -2.32998 -0.198977 0.247585 0.0928451 -0.767762 -1.61492 0.160984 -0.519331 0.55931 1.0569 0.929905 -1.6404 0.0196423 2.96635 -1.12173 -1.37011 -0.469135 -0.630488 -0.827597 1.01397 -0.343076 0.89866 -0.518493 1.36558 0.0884779 0.15334 2.71613 -1.01349 0.815979 1.10128 0.855763 1.87364 -0.969196 
1.0733 0.773316 0.623816 0.732517 -1.55428 -0.761351 0.460937 -1.24778 0.0209527 0.600444 -0.680046 -1.10835 0.0451955 -0.53229 0.934808 0.272664 1.64759 -0.706796 0.0623101 3.49436 -1.07728 0.250055 0.356645 -0.105446 1.24223 0.0691375 0.361953 -0.378686 -1.32953 -0.390549 1.72887 -0.0883406 -1.909 1.01306 1.30628 -0.387532 0.9204 1.68896 -1.6193 
0.918162 1.04095 0.428967 1.44428 -1.50417 -0.755436 1.16438 -1.27626 0.497641 0.44949 -0.873208 -0.372684 0.230121 -0.157378 0.180624 -0.272628 0.539356 0.0884677 -0.0686983 1.05735 -0.10867 -0.0638297 -0.856667 0.289912 0.861361 -0.605328 0.502785 -1.03703 -0.564174 -1.83019 0.777239 -0.00601448 -3.28613 0.970788 -0.760727 -1.19986 0.544926 -2.02477 -0.41431 
0.91592 0.953941 0.351187 1.27187 -1.46582 -0.830049 1.51828 -1.35645 -0.0428771 -0.256223 -0.390135 -0.246992 -0.560133 -0.0295047 -0.10222 -0.29151 -0.182596 0.0704431 0.0562956 0.208233 -0.106492 -0.510671 -0.843215 0.43948 -0.78254 -0.345173 0.0803925 -0.230752 0.398537 -0.977743 0.093271 0.124502 -1.37069 -0.178444 0.150738 0.923966 -0.679466 -2.21201 1.35475 
0.888657 0.938732 0.137457 1.26168 -1.43373 -0.699141 1.37261 -1.38275 -0.0130309 -0.393725 -0.433727 -1.15522 -0.115052 -0.0769856 -0.0501279 0.125909 -0.438387 0.181739 0.0558039 -0.313339 -0.287114 0.0869079 0.0672992 -0.389554 -1.35065 0.749424 -0.0977221 0.316636 -0.069926 0.425316 0.151916 -0.00486482 -0.326265 0.0740233 0.580161 1.12173 -0.319324 1.13519 0.352366 
0.838934 0.903813 0.477096 0.833486 -1.28408 -0.774245 1.20495 -1.64357 0.0440309 -0.188924 -0.779689 -1.59764 0.189291 -0.127227 0.214416 -0.361436 0.24272 0.222359 0.0514308 -0.118032 -0.032469 0.0694901 0.278511 0.120156 0.352646 0.00719354 -0.0702508 0.280515 -0.657146 1.20437 -0.229021 -0.0856337 -0.134025 0.644547 -0.0101563 -0.150074 1.08671 1.79686 -0.576833 
0.76143 1.15315 -0.223979 1.5044 -1.21137 -0.64771 1.25458 -1.41522 0.0564592 -0.115214 -0.313571 -0.802578 -0.107858 -0.147236 0.230387 -0.531237 0.765984 -0.0472826 -0.0298297 -0.447364 0.357433 0.0767516 -0.0827749 0.697159 0.446206 0.172591 0.00198827 -0.096647 0.0164156 -0.285282 -0.472811 -0.19453 -0.641227 0.137274 0.586596 -0.372702 0.10831 -0.741331 -0.0892791 
0.691698 1.1342 -0.0541406 1.59947 -1.33136 -0.804075 0.757582 -1.28613 0.120782 -0.271699 -0.08253 -1.15144 0.361882 -0.125239 0.117769 -0.345021 -0.0425626 -0.250452 -0.143099 -0.759259 0.104805 0.656087 -0.0941912 0.228466 -0.388685 -0.0820856 0.204486 -0.484684 1.39884 -1.99776 0.198205 -0.167549 0.529069 0.0117082 0.698867 0.180395 -0.495376 -0.049291 -0.142656 
0.636192 1.27092 -0.569 1.46184 -1.46182 -0.790809 0.495321 -1.31041 0.712546 -0.209405 -0.085105 -1.19126 -0.189944 0.0572495 -0.254297 0.867602 -1.23178 0.150923 -0.197379 0.0817052 0.369141 0.775619 0.0976201 0.201783 0.396915 0.0299347 0.00800308 -0.148542 1.25017 -0.691243 0.304319 -0.500465 1.1893 0.636226 -1.35702 -0.751725 -0.348158 0.287742 0.490518 
0.748947 0.879902 0.813461 0.367691 -1.18044 -1.00145 0.839287 -0.916993 0.896402 -0.174079 0.119253 -0.754523 0.391817 -0.117236 -0.0307727 0.905147 -0.733805 0.0538669 -0.643564 0.430038 0.741031 -0.700929 -0.845916 -0.119692 -0.100942 0.408433 -0.306461 0.580025 -1.31075 0.564368 -0.0858833 -0.252773 0.00331211 0.237986 -2.154 -0.899696 -0.265177 -0.629301 0.199322 
0.518956 1.24014 0.336147 0.728033 -1.40795 -1.43437 0.925359 -0.569382 0.0116168 -1.05532 -0.204797 -1.29221 0.218489 -0.249211 0.325728 -0.443146 -0.667411 0.0650393 -0.450152 0.0850173 0.607127 -1.37838 -0.802076 -0.0633943 -0.232386 0.229256 -0.0190165 0.20864 -1.00189 -1.3432 0.652715 1.49651 -1.26799 -0.343236 0.379595 1.72578 0.334303 0.0111822 0.845578 
0.499736 1.20563 0.370315 -0.29972 -1.1154 -1.45161 0.924304 -0.309866 -0.481978 -0.976154 0.0558584 -0.986909 0.621073 -0.136252 0.177867 -0.0967423 -2.07701 0.706582 0.85295 -0.837952 0.397796 -0.321334 0.879864 0.214611 -0.08976 1.25401 -0.103015 -0.00322179 1.05027 -1.98219 0.571988 1.42692 -2.52985 -0.0608021 1.59717 0.133585 0.237056 0.0456673 -0.555482 
0.382704 1.41801 0.239404 -1.34898 -0.701372 -0.581424 0.0874072 -0.171586 -0.309717 -0.175457 0.00981384 -1.38197 1.4725 -0.352226 0.322506 0.60712 -2.64961 0.637027 0.976773 -2.44484 0.546325 0.218787 -0.668491 0.173662 -0.186719 -0.326226 -0.227564 -0.157861 1.22292 0.676074 -0.424299 -0.465058 -1.01641 -0.16065 0.930396 -1.98761 -0.534919 0.348521 -2.86348 
0.14751 1.52814 0.977435 -2.94932 -0.47837 -0.474833 -1.52053 0.236458 -0.263191 -1.64464 0.229521 -1.17363 0.294847 -0.363816 0.020006 1.12618 -1.40094 0.282282 0.387891 -1.85437 0.237145 0.609062 -1.10774 -0.320308 0.258761 -1.60947 0.217493 -0.351027 -0.533596 3.05877 -0.501802 -0.947612 2.18786 -0.669308 0.301874 1.00318 -0.586586 0.382758 0.643114 
0.0188881 1.43802 1.36558 -2.74991 -0.41909 -0.193533 -1.76696 0.065559 0.299345 -1.2832 -0.310494 -1.1232 -0.13697 -0.134733 -0.028521 0.0735244 0.409165 0.135225 0.0291606 -0.256975 -0.122984 0.520662 0.334685 -0.412924 0.196039 0.316888 0.390972 -0.120037 -1.10122 1.95195 0.0877665 -0.739988 2.40255 0.0257473 -0.264748 0.905073 1.08179 0.487322 2.39915 
0.0127771 1.49962 1.05096 -2.54016 -0.343145 -0.445673 -1.77751 0.113475 0.25747 -1.30996 -0.183403 -0.977588 0.611735 0.0271565 -0.100031 0.0249537 0.551015 0.370049 -0.352097 0.548181 0.262892 0.344314 -0.202669 0.761479 0.746083 0.78968 0.0646015 -0.156453 0.584046 0.794174 0.188768 0.060176 1.32465 0.632944 -0.036953 -0.267878 1.42579 0.89286 -0.0552281 
0.0460446 1.33799 1.39054 -2.1989 -0.0490409 -0.54563 -1.21878 0.328451 0.643659 -1.48587 0.450985 -0.377121 0.652709 -0.0701315 -0.184974 0.657571 1.20334 0.323993 0.0893366 1.06768 0.50996 0.483709 0.0668073 1.01287 1.0889 0.26166 -0.159731 0.102755 -0.477878 -0.344376 -0.462138 0.620941 -0.503272 -0.12995 -0.760663 -0.0564081 -0.602826 -0.493661 -0.819539 
-0.0573545 1.31464 1.70853 -1.33682 -0.0191524 -0.356336 -0.709829 0.623435 0.741179 -1.24315 0.829465 0.111311 0.873394 -0.132574 0.00272453 -0.452925 0.20664 -0.0920896 0.268844 0.0449091 0.132942 -0.416349 -0.259077 0.158653 0.252422 -0.0298595 0.0829236 0.240018 -1.98405 -1.98743 -0.576205 0.0856292 -0.736511 -0.982834 -0.571851 0.14342 -1.29341 -1.38533 -0.175014 
-0.0865296 1.34071 0.937611 -1.99226 -0.14113 -0.276786 -1.17387 0.461393 0.22731 -1.74494 0.609638 -0.124699 0.62285 0.012792 0.0550441 -1.32648 -0.784092 -0.252212 0.174966 0.331168 -0.472874 -0.0881423 0.210228 -0.280538 -0.296427 0.086646 0.175735 0.0117457 -0.375423 -0.631978 0.0678627 -0.0973108 0.575535 -0.322555 -0.125626 0.691554 0.533727 -0.650084 -0.398381 