-1.11218 -1.13775 0.657591 0.414778 0.552538 0.711667 0.833183 1.16001 1.38266 0.647106 0.453163 -0.346256 -0.431002 -0.118454 0.147978 -0.204952 0.091609 0.624411 0.314974 0.308269 -0.187143 -0.39264 0.040207 -0.218483 -1.58604 -0.597716 0.0618572 0.447614 -0.338274 -1.19359 0.89868 0.482357 0.464823 -0.461937 -3.20503 -0.348119 -1.00129 0.183326 2.09807 
-1.11055 -1.04264 0.49256 -0.0791952 1.25734 1.44629 1.43391 1.19368 1.62252 1.43553 0.530765 -0.0663698 0.611221 0.0487203 0.207434 -0.2395 -0.685694 0.220013 -0.00825921 0.174834 -0.356426 -1.8097 -0.151797 -0.775298 0.309901 0.984962 0.163714 -0.0751283 0.20938 -0.182546 -1.02909 -0.340005 -0.769063 0.00421657 -1.50122 -1.6372 0.196447 1.61409 1.31907 
-1.06346 -0.930311 0.418092 -0.270916 0.772551 0.703408 1.00802 0.803579 -0.427033 0.495309 -0.322135 -0.036355 0.55396 0.0452608 0.0728494 0.00442796 -0.0909366 -0.404678 -0.0250308 -0.460795 -0.182926 -1.89386 -1.597 -0.0220361 0.0280491 0.721354 -0.0596993 -0.33899 -0.0832734 0.392246 -0.877479 -0.33568 -0.855084 0.727812 3.72803 0.218588 2.15391 0.744015 0.221064 
-1.06529 -0.96979 0.496988 -0.170132 0.852667 1.42126 0.973115 1.01076 -0.271345 -0.161462 0.508729 -0.0383206 1.33257 -0.0109791 -0.131556 -0.322773 -0.293449 -0.657466 -0.343939 -0.68025 0.371387 1.91833 0.0667909 1.37862 1.05392 1.20603 -0.0716681 -0.153309 -0.0923907 -0.103203 -0.0411223 -1.07089 -0.624225 -0.0444155 1.90292 2.0751 -1.22535 0.0625443 -1.31433 
-1.07444 -1.06187 0.0953186 -0.564365 0.115085 0.359468 0.327766 1.17497 1.4913 0.5621 1.05648 1.01756 1.75999 -0.0264072 -0.0804599 -0.0879627 -0.19414 -0.4458 -1.09592 -1.08502 -0.227342 0.00905206 0.478102 -1.24739 0.0905934 -0.592974 -0.0231661 0.0928027 0.693584 0.816527 1.60641 0.473363 0.76581 -0.661896 -2.97834 0.401723 -2.67705 -2.36027 -2.91791 
-1.0917 -1.05025 0.409025 -0.364272 0.406867 0.325341 -0.111905 0.783417 -0.262293 0.316639 -0.73866 0.0522728 0.739601 -0.0341452 -0.0387529 0.370811 0.523079 0.948939 0.129424 0.0855592 -0.29051 -1.06002 0.468514 -1.29844 -1.30635 -1.71189 0.0115936 0.187235 0.223548 0.541138 1.33101 1.46691 1.55908 0.692189 1.12905 1.1311 2.38134 -0.00459819 0.846455 
-1.10858 -1.10062 0.46613 -0.0412859 1.06402 0.488892 0.413326 0.884456 0.431282 1.03061 -0.241954 -0.288791 0.0480995 -0.0148136 0.106775 0.135585 0.346998 0.885209 0.37099 0.474057 0.464847 1.1381 1.6092 1.13395 0.0859953 0.253481 0.0403583 0.109365 -0.325924 -0.51744 -0.953839 0.290299 0.246073 0.644843 1.03429 -1.41055 0.652533 0.544122 2.16654 
-1.10651 -0.943475 0.54461 -0.0172733 1.29208 0.69633 0.362153 1.24826 0.875807 1.92584 0.39529 0.138268 0.993082 0.0062131 0.0706125 0.0448871 0.00563888 -0.00489949 0.419723 0.331632 0.354333 -0.0257287 -0.942041 -0.645902 -0.76223 0.454651 -0.0274654 -0.248196 -0.254162 -0.507418 -1.69692 0.21351 0.269262 -0.924176 -2.19262 -3.5719 -2.72529 -0.327864 0.00940322 
-1.10237 -1.03001 0.511017 -0.035647 1.05912 0.908615 0.744958 1.23879 0.405553 0.0885724 -0.887856 -1.05102 0.50275 -0.042279 -0.141421 -0.118577 -0.16042 -0.81171 0.5845 0.743319 -0.459328 -1.05452 -1.9627 -1.59134 -0.241869 0.262884 0.0115227 0.120076 -0.0566045 -0.269039 -0.658949 -1.18593 -0.0912508 -0.562197 -0.464427 0.756668 0.969667 1.88173 -0.531294 
-1.14879 -1.0849 0.426033 -0.177693 0.480365 1.28083 1.10547 0.788935 -0.178715 -0.0368581 -1.19605 -0.103601 1.25597 0.0177358 0.190689 -0.0117174 -0.2634 -0.663849 -0.766203 0.240381 -0.207864 -0.490156 -0.185373 0.323765 1.1195 -0.0766437 0.101853 0.0959932 -0.0356699 0.0693859 1.29993 -0.266418 -0.224309 0.965346 1.4979 2.68453 1.12502 -0.722168 -1.31958 
-1.08464 -0.839318 0.4993 -0.299047 0.395276 0.142412 0.985339 1.03093 -0.0846026 -0.0968008 -0.564091 0.0684746 0.426106 0.059574 -0.0454278 -0.154247 -0.0910338 0.488221 0.318082 0.51901 0.506018 0.443379 0.721832 -0.466316 -0.964037 -1.0567 -0.0639766 -0.154204 0.150662 0.593024 1.1078 1.32827 -0.761344 0.218768 1.29453 0.824706 0.15018 -0.895394 0.296876 
-1.08922 -1.13032 0.271785 -0.268727 0.968586 1.59891 1.62448 1.29495 0.264664 0.684974 -1.66236 -1.06764 0.19927 -0.0462408 0.0364849 0.138945 0.329624 0.443951 0.56207 -0.520962 0.0109044 0.804375 0.639332 0.473945 0.224101 0.220232 -0.109321 0.211826 0.505427 0.579307 -0.461574 -1.24958 -1.41143 -1.03306 0.416666 -0.137816 1.06667 2.7725 2.72371 
-1.13088 -0.802833 0.638245 0.0305771 0.839227 0.704482 0.464377 1.04183 0.719772 0.542532 -0.0901462 0.292576 0.646339 -0.049747 0.166398 0.351179 0.488274 0.0266466 -0.931495 -0.892416 -0.52704 0.860045 0.584016 0.600349 1.80846 1.66702 0.103808 -0.0105853 -0.240177 0.0374009 -0.25503 -1.11983 0.562538 -0.453382 -1.27294 0.0511681 -0.633743 -0.718087 0.28248 
-1.13897 -0.963925 0.622965 0.219547 0.995233 0.667417 0.732066 0.767913 1.12471 1.26899 -1.06202 0.74082 1.86629 0.057567 0.0258996 -0.101232 0.367025 0.18892 -0.557759 0.0415755 -0.442478 -0.468562 0.6905 -0.159798 -0.493986 0.502712 0.13525 -0.0152612 -0.37711 -0.612869 -0.0704194 0.813887 0.879869 0.471629 -2.03542 -1.51355 1.23871 -2.70208 -3.45954 
-1.07331 -0.776934 0.537013 0.397602 1.02815 0.146723 0.505952 0.599352 0.251211 1.23303 -0.249944 -0.20141 1.14905 0.0855031 0.151137 -0.0259304 -0.124596 -0.0437728 -0.117608 -0.012547 -0.0554112 -1.17538 -0.929536 1.83906 -0.893618 -1.79252 -0.16055 -0.0702314 0.0521924 -0.840844 -0.236698 0.776558 0.0808088 0.986488 1.87338 -0.627846 1.64093 0.27517 -1.28258 
-1.05346 -0.812789 0.597034 0.094951 0.95146 0.549809 0.719519 0.712502 -0.0506674 0.339453 0.777046 -0.152798 0.0737633 -0.102983 -0.0443318 -0.0490392 -0.473819 -0.0477774 0.218799 0.122384 0.54401 1.40482 0.0626542 1.48113 -0.218817 -0.779868 -0.110779 -0.176766 0.280342 -0.0387487 0.00490589 -0.063403 0.120104 0.458444 2.26551 1.91078 -1.43158 1.22952 3.06645 
-1.17629 -0.821266 0.487974 -0.0762173 0.98037 0.365521 0.628337 1.14336 1.65603 1.29569 1.23119 -0.420227 0.369183 -0.0252763 -0.0256288 0.254412 -0.163345 -0.0388669 -0.181011 0.107557 0.403033 1.09013 0.981246 0.407481 0.335904 1.27393 0.177044 0.0015764 0.205247 0.724725 0.0523593 -0.179488 0.283535 -0.56064 -3.19306 -0.246561 -2.11295 1.36447 1.63625 
-1.07874 -0.838417 0.851446 -0.0683935 0.912593 0.368797 0.827077 1.11553 1.03947 1.3207 1.18453 0.183105 1.34769 0.0740606 -0.0427554 0.156208 0.250905 0.00458196 0.0393103 0.405919 -0.0166301 -1.78824 -0.183907 -0.631821 1.14565 0.856378 0.0249274 0.143502 -0.554916 -0.0697882 -0.398202 -0.392275 -0.00915758 -0.344971 -1.88323 -2.14098 -1.08022 0.379228 -1.90983 
-1.10223 -0.864021 0.644182 0.174688 0.984952 0.404832 1.03426 1.12673 -0.132215 1.11178 0.599368 0.725425 1.22556 -0.000348854 0.117873 -0.300505 -0.233133 -0.437069 -0.573286 0.0983997 0.0580618 -0.793101 -1.15974 -0.672738 0.715131 -0.635902 -0.108316 -0.0663864 -0.545712 -0.64764 -0.586067 0.314612 -0.479105 -0.161737 2.97419 0.627107 0.765402 -1.16765 -1.13843 
-1.07909 -0.720544 0.550942 -0.301526 0.475524 -0.204489 0.925476 1.1736 0.246364 0.160962 0.511789 0.898237 0.711787 -0.034255 -0.109142 -0.389504 -0.396734 -0.581485 0.353922 -0.0731866 -0.178367 1.18594 0.4432 0.133581 -0.0219944 -0.282055 -0.0576534 -0.362864 0.163177 0.386977 0.572586 1.88358 0.653888 -0.267362 1.56929 1.92196 -0.882615 -1.61309 0.382772 
-1.13649 -0.973163 0.254678 -0.222046 0.403467 0.758754 0.961069 0.948364 1.05373 1.55498 0.732949 0.703431 0.943506 -0.0580023 -0.244991 -0.137328 0.153845 0.135517 1.31029 0.752288 -0.209301 0.77619 0.762223 -1.55535 -0.897958 -0.25313 0.031071 0.201483 0.530835 0.262698 0.848994 -0.344894 -0.0626637 0.311382 -1.11408 -0.68208 -0.758788 0.265558 0.743336 
-1.13709 -0.965535 0.413614 -0.147682 0.611041 1.1058 1.67776 0.964295 1.02255 0.923185 -1.04356 0.000278909 0.458657 -0.00318407 0.0923414 0.14133 -0.134036 0.267509 0.00902796 -0.13585 0.133015 0.0718607 -0.23888 -0.625207 0.243563 0.461281 0.0645455 0.289152 0.421773 -0.0372491 -0.210065 -2.16308 -1.80399 0.121589 -1.14668 -1.13426 2.93143 1.74435 0.145378 
-1.13967 -0.880821 0.396008 -0.356082 0.670976 0.767782 0.825218 1.08138 1.12559 1.3161 0.107742 0.946994 1.40479 0.0065432 0.0441612 0.284445 0.116596 -0.0745475 -0.852793 -1.05171 -0.0877117 -0.370488 -0.37204 1.37607 0.84639 -0.107752 -0.00865133 -0.264104 0.0549354 0.168449 -0.297431 -0.140604 0.220348 0.130197 -1.44694 -1.03317 0.440592 0.0491295 -1.6798 
-1.13055 -0.921374 0.698058 -0.0310859 0.536494 0.253008 0.626058 0.876584 0.652066 0.551145 0.33251 0.846669 0.350904 -0.0118354 -0.171762 0.196266 0.0344129 -0.029922 -0.131576 0.0844973 0.263211 -1.37508 -1.27205 -0.184615 0.292693 -1.21852 0.0410683 -0.170294 -0.41851 -0.523929 0.127751 1.49985 1.40982 0.339145 0.695521 1.21334 -2.42428 -1.12175 0.441923 
-1.15151 -1.05258 0.592274 -0.32167 0.641054 0.636206 0.909716 1.34459 -0.249491 0.0440517 -0.0768724 1.23969 0.186272 0.0476115 -0.126133 -0.134065 -0.407333 0.0532038 0.647062 0.358116 0.251433 0.325032 0.841301 -1.04821 -0.275356 0.334171 0.168649 0.0222088 -0.273003 -0.164118 -0.52045 0.194458 -0.722944 -0.627878 1.888 1.61373 -0.0927731 -0.552986 1.68939 
-1.08293 -1.04751 0.563993 -0.438419 0.589698 0.90007 0.984174 1.12802 0.977098 1.39245 -0.715698 0.571313 0.685075 0.156813 -0.149554 -0.0767368 -0.129705 -0.550372 0.0628822 -0.638447 -0.364666 0.512917 0.341679 -0.277388 -0.260293 0.470872 -0.0416716 -0.0462828 0.111039 0.600942 -0.286075 -1.55265 -1.03024 -0.0559118 0.00288262 -1.23759 1.80882 0.632095 0.22124 
-0.994693 -1.20214 0.515537 -0.451374 0.0906818 0.699088 0.271269 0.979924 0.263426 0.385731 -0.35426 0.979394 0.657143 0.00593989 -0.172416 -0.023026 0.193609 -0.232871 -0.905593 -0.672127 0.195522 0.327915 -0.396292 0.760615 0.356739 0.555411 -0.149429 0.281927 0.231864 0.353665 0.775216 -0.277062 0.922684 0.574315 -0.871552 0.180644 0.319137 -0.440193 0.442505 
-1.07699 -1.21992 0.540967 -0.244809 0.356827 -0.00552377 0.312047 1.32354 1.30501 0.996154 0.0449169 0.928052 1.24049 0.00738407 0.132373 0.155128 0.22396 0.224844 -0.214179 0.284238 0.209648 -0.358635 0.522323 0.0417491 -0.700487 0.913377 0.147441 0.561404 0.11728 0.195252 0.595343 1.48042 0.309567 -1.06792 -0.590934 0.465117 -1.09093 -0.431018 -0.830668 
-0.987309 -1.06976 0.670665 -0.227415 0.315526 0.484908 0.555507 1.18957 -0.0952095 0.908054 -0.312511 0.278907 1.57052 0.153381 0.388989 0.0942537 0.388861 0.362473 0.574827 -0.36256 -0.872395 -0.263019 0.0688254 -0.330313 -0.0742787 -0.275257 -0.044025 0.114682 -0.0771343 0.205154 0.534147 0.814231 -0.168966 -0.315008 1.53684 -0.856032 -0.298678 -0.622355 -2.05649 
-0.923614 -0.830933 0.635221 0.144052 0.719299 0.569303 -0.0505135 0.451144 1.04199 1.06498 -0.285396 0.853773 0.96523 -0.0366409 0.247055 0.0779933 0.429114 0.758991 0.600051 0.115272 -0.10536 1.1782 -0.333709 -0.256929 -1.32284 -1.14312 -0.0818489 -0.228965 0.461409 0.11312 -0.3953 -0.463076 0.626194 0.847797 -1.19896 -1.62211 -0.772786 -1.55656 -0.883214 
-1.02395 -0.822709 0.748658 0.201699 1.07452 1.08496 0.670779 1.08421 1.08299 0.574346 -0.56944 -1.04393 0.427404 0.0715316 0.160024 0.555663 0.501981 -0.0328277 0.111751 0.263634 -0.0245982 -1.46198 -1.55328 -1.1031 -1.63083 -1.15847 0.352937 -0.119805 0.56776 -0.0890964 -0.992963 -1.01253 -0.849488 -0.704105 -3.16772 -0.142204 -1.21998 1.67341 0.526088 
-0.852083 -0.670909 1.19088 0.646033 0.686471 0.681054 0.213121 0.426546 -0.419984 -0.488305 -1.38849 -0.777061 -0.193241 0.316296 0.12725 0.645753 0.340017 -0.233973 -0.412481 -0.734216 -0.809464 -1.98952 -0.475913 -1.47691 0.350564 -0.617029 0.287867 -0.290016 0.0890012 -0.686307 0.36326 0.126289 -1.20729 0.2509 -0.114933 2.00031 1.51615 1.23663 1.21115 
-0.707653 -0.695459 1.39441 0.541717 0.840544 0.672479 -0.0634373 0.274749 -0.906526 0.0984327 -2.04635 -0.69337 -0.189625 0.359398 -0.129992 0.644664 -0.184326 0.330432 0.23804 -0.943655 0.226302 -1.57691 0.447028 0.413056 -0.394203 0.0526775 0.228603 -0.23246 0.134704 -0.680546 -0.266772 0.512802 -0.0912884 0.800915 0.39159 -0.318781 2.04448 -0.0652171 0.836141 
-0.492684 -0.800901 1.83555 0.461708 1.0169 0.919094 -0.730535 0.652848 -1.9969 -0.0412771 -0.975439 -1.17126 -0.140564 0.544899 -0.10521 0.780457 -0.340529 -0.500745 0.100322 -0.825504 -0.00854953 -1.59793 -0.794694 0.567571 0.285347 0.219112 0.255127 0.0812107 0.122472 0.0407332 -1.37299 0.336029 0.978866 -0.754526 2.08881 -0.811054 -0.777774 1.4085 -0.117522 
-0.162754 -0.800668 2.17487 0.201188 0.339799 0.772801 -0.888942 0.266199 -2.50445 -0.696261 -1.47878 -0.408024 0.0294869 0.614525 -0.0487815 0.767135 -0.143592 -1.04256 0.574068 0.0352108 -0.528224 0.511895 -0.364026 -0.364718 1.0143 -0.064845 0.177166 0.0172151 -0.731593 0.891317 -0.0237089 0.0481044 0.250086 -0.296558 2.75579 1.35964 0.569811 -1.95765 -0.0454503 
0.121841 -0.849683 2.60268 0.318115 -0.0256589 1.49316 -0.695324 0.124624 -1.485 -0.405303 -1.34016 -0.156968 -0.205409 0.722065 -0.0879944 0.0488633 0.550788 -0.524454 0.148426 -0.575419 -0.305107 1.15786 0.564949 1.13738 -1.6723 0.173662 -0.0307779 0.127487 -1.73524 0.405873 0.999537 -2.11047 -1.26158 0.0356685 0.750664 -0.69783 0.0483951 -3.9571 0.894458 
0.559311 -0.888663 2.22373 0.751976 -0.184655 0.921227 -1.46436 -0.0389085 -1.34659 -0.131312 -0.3414 -2.08033 0.203149 0.583747 0.0787056 -0.968103 0.262281 -0.0430255 -1.53641 -1.22637 -0.492556 1.26256 -1.06186 -0.316323 -2.9428 0.829613 -0.49548 0.600495 -1.03144 -0.962868 1.1714 -1.04202 0.78457 0.167721 -0.0145417 -1.97857 -2.55721 2.0521 0.787535 
0.705588 -0.770977 1.63458 0.580396 -0.0686844 -0.0432445 -1.9217 -0.367932 -0.222442 -1.46716 -1.65648 -3.09977 0.624204 0.226585 0.5125 -0.982572 -0.41208 0.64695 -0.893593 0.209152 -0.137387 1.14332 -1.41363 -1.41982 0.379791 0.961197 -0.408827 0.400406 -0.0660133 -0.292031 0.688217 1.3395 1.63058 0.490717 -1.90987 -0.138994 0.665701 4.86189 -0.486763 
0.785896 -0.376162 1.24116 0.339896 0.462295 0.027634 -1.25521 -0.176295 -0.203265 -1.54494 -1.76122 -1.70054 1.16435 0.17492 0.479112 -1.03412 -0.0297498 0.645192 -0.19691 0.404206 -0.00183839 -0.647308 -1.20085 0.349378 1.91909 0.34285 -0.0904391 0.0473599 -0.417614 1.46307 -1.0778 0.692262 -0.406294 -0.0435408 -1.89811 0.410423 2.47126 0.127555 -1.1741 
0.880508 -0.291866 0.600464 0.550646 0.576508 -0.240155 -1.51749 -0.36977 -0.86975 -2.66801 -1.3071 -1.18068 0.967055 0.136146 0.55986 -1.40019 1.05099 -0.430848 -0.20133 -0.197143 -0.180927 -0.754792 -1.0032 1.05144 0.507346 -0.212904 0.0231713 0.144846 -0.266671 1.53824 -1.55236 -0.487598 0.0493353 -0.459797 1.34427 2.00299 0.612611 -1.36301 -0.58963 
0.922042 0.183698 -0.159027 1.39089 0.0314473 -0.173696 -1.45235 -0.357223 -0.958056 -2.54814 -0.709785 -1.19319 0.951442 0.198091 0.623958 -1.30079 1.50849 -0.907167 -0.684508 0.453541 -0.461635 0.696959 0.80214 0.961989 0.556084 -0.246779 0.120812 -0.343506 0.638698 -0.0377748 -0.289011 -1.46642 0.997152 -0.616699 2.48223 1.28857 -0.280848 0.510971 -0.143979 
1.0786 0.332092 -0.700323 2.05913 -0.330659 -0.924663 -1.06395 -0.831405 -0.172792 -1.86587 -0.345112 -0.624593 0.720275 0.256958 0.216354 -0.761488 1.01322 -0.719858 -1.66775 0.800009 -0.797626 1.72744 0.285369 0.770591 1.01832 -0.356883 -0.0160392 -0.611603 0.819506 -1.20884 -0.0831726 -0.347192 -0.376558 0.108115 -0.291405 -1.41873 -0.663209 -0.648788 0.142307 
1.179 0.400052 -0.920515 2.4041 -0.688411 -1.84144 -0.652342 -1.15485 0.769384 -2.26277 0.0608054 -0.174874 0.594559 0.182052 0.0123542 -0.481281 0.299651 -0.990339 -1.0317 0.0769833 -0.35352 0.405554 -0.61659 0.29878 -0.0927034 -0.104472 -0.114241 -0.140032 0.304514 -0.911437 -0.162259 1.78694 -1.21372 1.05669 -2.22856 0.334496 -0.678319 -0.895887 0.502095 
1.26065 0.344446 -1.1816 2.35878 -1.321 -1.95636 -0.986967 -1.18493 0.232762 -2.48246 -0.0463317 -0.717296 0.615803 0.142717 0.0763221 -0.456974 0.10178 -0.882118 0.119194 -0.41371 0.259063 -0.501124 0.619865 0.0922716 0.12243 0.145212 -0.0567072 0.0239324 0.310526 -0.560013 0.854233 0.645272 0.0477844 0.505341 0.414636 1.54315 -0.284793 0.7869 -0.236136 
1.32172 0.476374 -1.37749 2.50588 -1.57053 -1.72225 -1.06605 -0.895786 0.26826 -1.64291 0.153077 -0.0524443 0.739772 0.125345 0.0362866 -0.170755 -0.260362 -0.136107 -0.386428 0.124768 0.151821 0.820189 0.926564 0.0139873 0.694197 -0.340608 -0.0508758 -0.166141 0.377148 -0.681933 0.946267 -0.541301 0.536141 -0.337311 1.24725 0.0268438 -0.999804 -0.154579 -0.738319 
1.386 0.380733 -1.35236 2.09842 -1.45711 -2.34279 -0.862199 -1.0331 1.05295 -1.5559 -0.0323444 -0.0230995 0.275196 0.0918414 -0.0898189 -0.0798259 -0.580153 0.0641491 -0.422107 0.12243 -0.0782482 0.746128 0.646709 -0.907533 -0.0321491 -0.593107 -0.0714072 -0.127046 0.0469985 -0.245728 0.265289 0.181546 -0.0420613 -0.316436 -0.639732 -0.344795 -1.24148 -1.32678 -0.147415 
1.41356 0.386555 -1.45731 1.92573 -1.50638 -2.14436 -0.943622 -0.974034 1.01439 -0.996197 -0.754456 -0.0845934 0.146665 0.0539379 -0.0907597 -0.123756 -0.506091 0.129182 -0.204883 0.0827064 -0.164615 0.180457 0.581768 -1.2275 -0.632586 -0.488023 -0.0960355 0.215405 -0.0433595 0.211807 0.400989 0.267655 0.50037 -0.0667298 -0.337798 0.354681 0.502935 -0.367464 0.212314 
1.43994 0.289973 -1.47611 1.59233 -1.32792 -2.54767 -0.779493 -1.19772 1.23341 -0.974127 -1.25984 -0.655686 -0.212827 -0.00419406 0.125586 -0.123185 -0.368346 0.465138 -0.154452 0.6228 -0.144978 0.408331 1.00139 -0.404598 -0.399613 -0.380793 -0.103225 0.385354 -0.0573723 0.27828 -0.0258467 0.915723 0.284914 0.0710814 -0.10024 0.391638 2.12273 -0.191259 0.0825708 
1.40936 0.512142 -1.5805 1.55739 -1.04124 -2.29881 -0.320821 -1.11901 1.42272 0.00519298 -1.15905 -0.484206 -0.234128 -0.0492875 0.294594 -0.181129 -0.22781 0.103336 0.71084 0.36762 -0.093534 0.0802177 0.973406 0.895232 -0.823845 -0.405452 0.0208484 -0.0483291 0.246016 -0.202492 -0.340984 0.960701 -0.265369 -0.0271333 -0.744816 -0.13696 1.4468 -0.742657 -0.324535 
1.39065 0.584567 -1.65724 1.36452 -1.22459 -1.83683 -0.411872 -1.29125 1.31363 -0.000720652 -0.364609 -1.47953 -0.618279 0.0166543 0.0772573 0.122831 -0.570838 0.124154 0.806248 0.357432 -0.172111 -0.336485 0.864429 1.04221 -1.14227 -0.705328 0.0373371 -0.185505 0.391628 -0.454367 -0.173037 0.177628 0.506456 -0.182891 -0.565237 0.0678097 -0.3438 0.503232 -0.747128 
1.42602 0.589399 -1.45767 0.986548 -0.917087 -1.49256 0.0366102 -1.29112 1.08623 0.869622 -0.116848 -1.62648 -0.939456 -0.0119504 0.109089 0.210499 -0.682177 -0.0697014 0.888468 0.874077 -0.276425 -0.485019 1.04122 0.551431 -0.320613 -1.15258 -0.131227 0.237598 -0.231229 0.324017 -0.83139 0.466672 0.210915 0.00218803 0.0856642 -0.969044 0.156143 1.31812 -0.377084 
1.3787 0.693656 -1.44674 0.682344 -1.29429 -0.948367 0.462205 -1.56768 0.828607 1.0405 0.186822 -1.80014 -1.77086 -0.114573 0.314856 -0.108398 -0.246822 -0.707236 1.27292 0.568347 -0.169923 -0.250821 -0.104614 1.19835 0.175848 -1.08241 -0.0749326 0.0477938 -0.24844 0.52916 -0.430801 -0.151662 -0.7941 0.521153 -0.318732 -1.83408 0.950384 0.712079 0.923305 
1.31145 0.904255 -1.56607 0.739726 -1.62432 -0.219641 0.604957 -1.46105 0.835412 0.765008 1.0815 -1.45063 -2.02187 -0.0868831 0.156883 -0.0379407 -0.153017 -0.500502 0.736806 0.0799763 0.244728 -0.803751 -0.792859 1.50182 0.391466 -0.229275 0.0502034 -0.358871 0.440401 0.00991254 0.529711 -1.27376 0.0281775 0.240684 -0.641834 -0.0909156 -0.39881 0.41763 1.55858 
1.29181 0.850538 -1.48468 0.529327 -1.79479 -0.21156 0.542181 -1.32295 0.0248556 0.247636 1.68864 -1.40868 -2.00013 -0.0643692 -0.0440155 0.332003 -0.236909 -0.177525 -0.000841214 0.596524 0.0707612 -0.892655 -0.19553 0.799539 0.593478 0.476171 -0.0255001 -0.165241 0.23596 -0.0601592 0.290645 -1.01276 0.471417 -0.521234 -0.226133 1.02925 -1.63591 -0.309302 0.639607 
1.24708 0.860239 -1.23406 0.502817 -1.80185 -0.220483 1.20148 -1.39029 -0.0572435 0.569478 1.88104 -0.85715 -1.5457 -0.112383 -0.00835802 0.198019 -0.213176 -0.209857 -0.275949 0.551393 -0.276506 -1.02988 0.236394 -0.134094 0.0821636 0.410332 -0.0492766 0.166295 -0.327569 0.115627 0.0933357 -0.30256 -0.742006 -0.198356 -0.355759 0.2902 -0.240812 -0.80727 -0.329822 
1.17943 0.84218 -1.28667 0.31615 -2.00465 -0.487509 1.09357 -1.59946 -1.00503 0.48403 1.55454 -1.32652 -1.5898 -0.113646 0.12228 0.00443417 -0.121283 -0.0841896 -0.303401 -0.145481 -0.127595 -1.24841 0.0946696 0.558727 -0.213792 0.146349 0.0300208 0.144571 -0.0369632 -0.0105457 0.850043 -0.0185898 -1.06086 0.590047 0.572005 -0.664566 1.13374 0.623115 -0.767234 
1.13343 0.982519 -1.22963 0.381534 -1.88604 -0.523884 1.056 -1.51788 -1.30566 0.664148 2.43977 -1.07094 -1.39935 -0.0823623 0.136213 0.161056 -0.223722 0.640186 -0.294538 -0.509469 0.313541 -0.457879 -0.428172 0.99965 0.705279 -0.356902 0.00174052 0.0243281 0.03812 -0.0803377 1.02387 0.189406 -1.08946 0.526481 1.50371 -0.873545 -0.303901 1.40456 -0.941051 
1.09707 0.978393 -1.12561 0.0924286 -1.36446 -0.782048 0.584104 -1.28592 -1.46291 0.0558582 2.55419 -0.621237 -1.9467 -0.111905 0.146608 0.0425542 -0.20162 0.939679 -0.113995 -1.23494 0.398886 0.255293 -0.778875 0.254826 1.19077 -0.794703 -0.0510636 0.101057 -0.15359 -0.174387 0.7121 -0.0449492 -0.797017 -0.153449 1.08452 -0.0272008 -1.36698 0.404648 0.280762 
1.02153 1.12913 -1.18708 0.179914 -0.94636 -0.637879 -0.178942 -1.11899 -1.05036 -0.114728 2.69459 0.11983 -2.19405 -0.133426 0.23727 0.00746546 -0.398108 1.35229 -0.339488 -1.30649 0.160092 0.626642 -0.455372 -0.367328 1.10993 -0.0761396 -0.0251425 0.0594983 0.193845 -0.687043 0.786467 -0.155181 0.369446 -0.397665 0.280138 0.508837 -1.69775 0.0284927 1.48389 
0.963643 1.21566 -1.11814 -0.30568 -0.0121749 -1.12154 -0.722382 -1.12582 -0.836266 -0.399514 2.18687 0.48869 -2.02284 -0.137048 0.206106 0.236399 -0.888663 1.72615 -0.269175 -0.865496 0.00122157 0.53543 -0.270039 -1.44293 1.21926 0.689187 -0.0851454 0.0204113 0.0474495 -0.358422 -0.669007 0.296628 0.312419 -0.329787 -0.751788 0.0260757 -1.85858 -0.498607 0.262308 
0.884479 1.33523 -0.950676 -0.708749 0.779786 -0.907054 -1.04444 -1.11777 -0.514934 -0.384766 1.25167 1.33909 -1.50486 -0.218571 0.257681 0.0549149 -0.75653 0.68328 -0.0428593 -0.994067 -0.169695 -0.125147 -0.429297 -2.22591 0.61132 0.186168 -0.0554706 0.152211 -0.20098 0.568957 -1.20564 0.306172 0.191071 0.4368 -0.701386 0.21598 1.10813 -1.2984 -0.0803379 
0.745071 1.47334 -1.06323 -1.06221 0.671105 -1.16439 -1.71645 -1.29552 -0.961413 -0.828811 -0.0390438 1.10001 -1.83668 -0.192518 0.358317 0.0354189 -0.319706 0.520504 0.0369963 -0.674426 0.438021 -0.165955 -0.0540584 -0.334792 -0.0791368 0.60885 0.0897761 -0.189462 0.0323418 0.383159 0.0851187 0.051337 0.54251 0.451527 0.128097 0.769855 1.87282 -1.50472 1.08907 
0.69196 1.69355 -0.915258 -1.02846 1.30029 -0.870058 -1.71886 -0.679751 -0.68089 -0.438825 0.916875 1.25996 -0.896014 -0.128795 0.0682195 0.0872568 -0.373372 0.768398 0.00847772 -0.451556 0.281832 0.00295 0.340558 -0.353091 -0.893397 1.27524 0.111372 -0.580523 -0.329482 0.0385835 -0.464793 -0.732686 0.0641264 -0.812876 -1.03288 0.102401 -1.48056 -1.63196 -0.45885 
0.616276 1.54156 -0.975973 -1.43558 1.4395 -1.15592 -2.168 -1.01369 -0.958463 -0.488253 -0.392135 0.206613 -0.561434 -0.081146 -0.222206 -0.294063 -0.281123 0.0557109 -0.69569 -0.610299 -0.374855 -1.19883 0.0483422 -1.81535 -1.7111 0.15 0.204737 -0.166522 -0.0892751 0.724065 -0.8719 -0.0745839 0.930377 -0.209642 0.293729 -0.18743 0.429238 1.33653 -1.48391 
0.610814 1.47134 -1.20932 -1.30958 1.356 -1.56575 -2.32916 -1.05461 -1.87972 -0.390483 -0.898474 -0.45114 -0.746014 0.075942 -0.0983021 -0.00201834 0.350693 -0.103501 -0.0661062 0.478821 0.07219 0.296679 0.153128 0.0761466 0.443137 -0.208671 0.166095 0.112134 0.569544 0.830185 -0.999114 1.98266 1.74014 -0.0402766 3.5727 0.0565502 2.20465 3.89108 -0.303535 
0.692218 1.44326 -0.977991 -1.08489 1.336 -1.22202 -1.68918 -0.941498 -0.661783 -0.335124 -0.315988 0.64975 -0.770105 0.0849494 -0.110071 0.27548 0.549062 -0.943403 1.28697 1.12984 -0.415131 2.37387 0.104892 0.389306 2.17998 -0.153535 -0.0507239 -0.0846898 0.116587 0.148666 -0.96464 1.09039 0.320714 -0.300039 0.733979 0.3241 -0.0252978 1.06431 0.114687 
0.695764 1.36127 -0.933841 -0.760516 0.412598 -0.278781 -1.19932 -1.46974 0.494146 -0.28559 -0.509168 1.72884 -0.899549 0.0252181 -0.182992 0.114568 0.49936 -1.06814 1.02429 0.799535 -0.227849 1.03066 0.477228 0.0508489 1.50745 -0.0939843 0.108505 -0.616531 0.350092 -0.669298 0.100522 0.13257 -1.97694 1.65607 -4.4125 0.484727 0.289056 -3.09708 0.633727 
0.717436 1.26027 -0.863423 -0.585529 0.267861 -0.197738 -0.889648 -1.16935 0.368875 0.142104 -0.265139 2.1572 -0.864089 0.193454 -0.726602 0.625572 -0.120235 -0.842881 1.41954 -0.847095 1.24094 -2.03863 0.58962 0.678362 -0.917103 0.480192 0.0783136 -0.324062 0.275446 -0.614039 -0.322114 0.372381 -1.54292 1.16382 -3.63917 -0.0281484 0.405947 -2.63517 0.366421 
0.889218 0.634671 -0.308269 -0.880751 -0.430284 1.14076 -2.04642 -0.2288 -1.54448 0.30403 0.169194 0.811739 -0.419357 0.103532 -0.507054 0.390014 -0.114679 -1.39026 1.39667 -0.743382 0.935971 -2.60852 0.44908 0.456796 -1.12772 0.272437 -0.377069 1.15848 -0.881378 0.364409 0.336996 -2.53969 3.1551 -2.08267 3.37257 -1.53347 -0.333264 1.81688 -1.14043 
0.820968 0.753216 -0.473409 -0.700208 -1.12239 1.19893 -1.63303 -0.233376 -2.23964 0.591183 0.191657 1.02948 -0.591652 -0.183615 0.431878 -0.255806 0.244174 -0.505886 -1.12016 2.308 -0.841728 1.33394 -0.943846 0.345098 0.899775 -0.660241 -0.323899 0.920389 -0.270535 -0.208825 1.19829 -2.31233 2.97412 -1.91184 4.14426 -1.63524 -0.816553 1.59038 -0.375122 
0.705603 1.06655 -0.564075 -0.636576 -0.936169 0.0205974 0.261586 -1.07053 -0.210541 -0.639816 0.514293 1.71151 -1.0796 -0.220368 0.413335 0.119479 -0.323504 -0.191964 -0.915662 2.23074 -0.97587 1.53575 -1.18616 -0.359757 0.462665 -0.102684 -0.0538639 -0.167688 0.749406 -1.31273 0.599193 1.36725 -2.36709 1.32415 -2.24603 0.87845 -0.871383 -1.80996 1.60897 
0.600601 1.16655 -0.35393 -1.02371 -1.31436 0.283267 0.597705 -1.20925 -0.703895 -0.594974 -0.1681 1.49214 -0.694336 -0.237479 0.264191 0.4936 -1.06855 0.0933074 0.247088 -0.0590852 0.48242 -0.912094 -0.0653963 -0.526285 -0.910185 0.948733 -0.0523071 -0.13133 0.325354 -0.666549 0.632368 0.496033 -2.69872 1.96889 -1.94333 0.601531 -0.1485 -1.25327 0.340033 
0.468125 1.33074 -0.0704744 -1.70513 -0.842862 0.267686 0.202501 -0.588108 -1.12263 -0.705213 -0.0119918 0.801329 -0.130864 -0.272675 0.282005 0.444833 -0.990053 0.440403 -0.419629 -0.467984 0.993016 -0.407586 -0.584626 -0.508257 -0.790606 0.237349 0.00212938 -0.0537035 -0.189363 0.759696 -0.20231 -0.0153386 0.0213197 0.0764304 1.46211 -0.402142 -0.00188262 1.07862 -0.897488 
0.327926 1.44856 0.0909026 -2.01377 -0.873955 -0.136362 0.129722 -0.216229 -1.11148 -1.1796 -0.676356 0.701535 -0.456987 -0.235349 0.210487 0.304237 -0.308855 -0.109002 0.23175 -0.0377655 0.558851 0.550014 -0.467539 -0.528167 0.168439 0.0512449 0.141375 -0.174745 -0.229234 1.13574 -0.371191 0.933795 0.83255 -0.630995 0.795494 1.35694 1.49377 1.03893 -0.0786752 
0.232775 1.54123 0.233762 -2.01398 -0.951864 0.499435 0.164735 -0.0292573 -0.572621 -1.17275 -0.540159 0.969768 -0.0796195 -0.131299 0.10726 0.215599 0.145683 0.0692121 0.514166 0.364567 0.362022 0.387908 0.772314 0.985515 0.248325 0.158674 0.180458 -0.280651 -0.197915 0.415773 -0.0869667 -0.688471 0.552754 -0.174802 -0.898598 1.2585 1.7172 -0.446987 -0.646912 
0.196627 1.55582 0.306502 -1.86808 -0.804743 0.377804 0.494288 0.145793 -0.723574 -0.407287 0.309158 0.94986 -0.298314 -0.0548913 -0.0701638 0.106322 0.106917 -0.195969 -0.456722 0.514988 0.384048 -0.348584 0.790965 1.18903 -0.278547 -0.595667 0.000750849 -0.259299 0.0996775 -0.0331635 -0.747829 -0.727741 -0.401887 -0.064506 0.0729626 -0.800507 -0.275354 -0.0432751 -0.557435 
0.177884 1.47106 0.340084 -1.90707 -1.14783 0.0427135 0.679724 0.354791 -0.921205 -0.381786 0.648876 0.69122 -0.675286 -0.130549 -0.152039 0.315277 0.11252 -0.678617 -0.213575 -0.0373207 0.297516 0.46087 -0.0281931 0.71016 0.20505 -0.398761 -0.0858249 -0.147614 0.216698 0.28782 -0.130358 0.4725 -1.09244 -0.537359 1.91065 -1.01373 -1.51035 -0.10108 0.503369 