-0.817911 -0.630861 1.02403 -0.22739 -0.00717367 1.16664 0.44484 0.906483 1.13586 1.11855 0.697098 -0.550705 0.262689 0.352964 -0.237113 -0.208343 -0.678676 0.102678 0.480398 -0.0271576 0.595954 -0.104786 -0.232296 -0.17782 -0.568594 0.737726 0.763908 0.776854 -1.39722 -0.135786 0.934542 -1.36181 -0.116834 -1.17838 -1.60211 -1.00042 -0.875239 0.263541 0.712212 
-0.821237 -0.589538 0.763508 -0.318118 0.785303 1.0732 0.423017 1.00273 0.718901 0.689717 0.535461 -1.29089 0.285784 -0.0540025 0.145993 -0.373193 -0.363176 0.927369 -0.195169 0.328007 -0.271899 -0.466252 0.118128 -0.178141 -0.287164 0.974902 -0.386022 0.19351 0.109623 0.464439 -0.569757 -1.08389 0.259095 -0.603146 0.695431 0.440623 -0.0671841 0.857391 -0.252422 
-0.871913 -0.484868 0.650833 -0.590566 0.920195 0.971476 0.772847 0.634584 0.669609 1.23668 0.518957 -0.83787 1.23759 -0.0330582 -0.0436035 -0.0987194 -0.214237 -0.467079 -0.60349 0.231937 -0.00719225 0.590645 0.208327 -0.245004 0.288797 0.485304 0.0423125 -0.0711796 0.666401 0.589817 -0.873001 0.198459 -0.0671597 0.521819 0.203574 -2.40911 -0.0615896 -0.197407 -2.87989 
-0.854295 -0.633142 0.664788 -0.532355 0.318225 0.469711 0.654954 0.995533 1.30955 0.898045 0.290457 -1.00209 0.771088 -0.01169 0.0748134 0.293208 0.226642 0.0543679 0.00329029 0.260847 0.24992 -0.262679 -2.29098 -0.239731 -0.484571 -1.90499 -0.0370398 0.252082 0.148923 0.809839 1.07176 0.751734 0.051908 -0.329552 -1.49398 -1.28746 0.26501 -0.541575 -2.6387 
-0.883603 -0.410055 0.944041 -0.363924 0.974563 0.974766 1.03369 0.884504 0.40693 -1.0543 0.279226 -1.32244 -0.667401 -0.070098 0.208479 0.0502034 0.595602 0.604679 0.148244 0.283845 -0.336744 -0.903337 -1.07914 0.0200054 -0.252778 -2.1534 0.00119335 0.0221913 -0.347863 -0.480356 -1.42665 -0.988193 -0.969024 -0.12766 0.850198 3.46407 0.672749 0.605898 2.67074 
-0.924393 -0.424663 0.714992 0.063247 0.922904 0.617954 0.938799 0.658789 0.406208 -0.181092 0.310462 -1.25487 -1.38231 -0.0104966 0.0970047 -0.0546547 -0.253715 -1.37228 -0.984902 -0.708177 0.12226 0.587519 1.17309 0.433018 0.121327 0.765749 0.11063 -0.130149 0.292889 -1.6041 -2.03737 -0.916215 -1.07056 0.357811 1.19028 1.76674 -0.0631848 0.385089 4.22989 
-0.8941 -0.31305 0.889386 -0.617639 -0.397716 -0.0101363 0.325517 1.00676 0.994449 0.118786 0.712243 -1.20111 0.0983475 0.0405316 0.0783296 0.343092 -1.0085 -1.43269 -0.767972 -0.78672 0.0210672 0.28694 0.687605 -0.0431794 0.132311 2.0765 -0.0258154 -0.200177 0.24278 0.254652 2.34929 1.46992 0.953419 0.0292173 0.762363 -0.399445 -0.307593 0.20367 -0.102975 
-0.883861 -0.346333 1.05808 -0.945253 -0.509789 -0.150017 0.15208 0.679857 0.693149 0.506513 0.267283 -1.12256 0.694186 -0.036312 -0.103172 0.188125 0.000937691 0.977011 0.485022 0.245242 0.151477 1.34988 0.77364 0.125425 0.324997 0.662774 -0.147766 -0.14645 -0.791308 1.20419 2.19982 1.44154 1.46142 0.324793 0.156504 -0.637069 0.51867 0.286271 -2.74515 
-0.930412 -0.416222 1.07751 -0.616701 0.579295 0.474886 0.570759 1.15824 2.34433 0.892426 0.837669 -0.876116 0.761122 -0.107235 -0.0681203 -0.448215 0.195686 0.767124 0.673573 0.674703 0.345861 0.443445 0.0505364 0.47549 0.418582 -0.668657 0.0841211 0.0443494 -0.380115 0.151302 -1.09588 -0.167431 -0.41214 -0.726026 -2.73172 -1.42175 -0.494683 -0.429097 -0.735465 
-0.991096 -0.414454 0.609869 -0.749567 0.257335 0.523556 0.826782 1.02572 1.13659 0.557049 0.742773 -0.703978 0.0255294 0.0478092 -0.0588223 -0.19199 0.15224 -0.118865 0.317592 -0.166898 -0.574549 -1.38183 -0.648112 -0.369258 -0.1041 -0.0726907 0.232527 -0.0203228 1.06455 0.189152 -0.626588 0.416871 -0.825001 -0.747618 -1.4282 -0.758927 -1.00235 -0.590767 0.665035 
-0.882602 -0.475044 0.885521 -0.464461 0.46043 0.792478 0.403861 0.583692 0.962496 0.244314 0.46841 -0.980216 0.688431 0.125293 -0.0884431 0.616339 0.384838 0.140536 1.09044 -0.150299 -0.401758 -0.984754 -0.70839 -0.526857 -0.172184 -0.0036217 -0.0424975 -0.115638 0.0562507 -0.596363 -0.881671 0.0224239 0.225775 0.73741 1.04086 0.883051 0.488824 -0.163765 -0.792464 
-0.865803 -0.502897 1.22621 -0.364729 0.397871 1.614 0.676484 0.62396 0.151839 -0.151341 0.215917 -0.876162 0.0219077 0.00531168 -0.17446 -0.135739 -0.444123 -1.00054 0.340016 0.0588774 0.16286 -0.340973 0.234939 0.119566 -0.267865 -0.865155 -0.171621 0.181557 -1.55943 -0.844522 -0.258759 -2.14627 0.347942 0.557115 1.35339 0.686277 0.452531 0.333545 1.22171 
-0.877291 -0.649504 0.749782 -0.908584 -0.540106 1.13249 0.462739 0.746552 0.621523 0.479253 0.587976 -1.24808 -0.176724 -0.0463282 0.0931134 -0.943093 -0.459684 -0.118223 -1.05583 0.197643 0.155357 0.368639 -0.0221128 -0.0743256 0.161361 1.21809 -0.0124374 0.299147 -0.00106311 0.966816 2.37994 -0.536429 0.243285 -0.20406 0.615233 -0.778895 -0.576744 0.7683 1.33198 
-0.912131 -0.409783 0.283115 -0.824413 0.279647 0.558174 0.874127 0.779317 0.520478 -0.173454 0.141591 -0.714801 1.24 -0.00712567 0.124686 -0.136802 0.522693 1.37941 -0.196413 0.302162 -0.0411992 0.27426 -0.543956 -0.457177 0.500435 0.466824 0.0997472 -0.343999 1.32406 0.872232 0.258547 1.2406 -0.809631 -0.16853 -0.0381444 1.12421 0.691394 -0.234015 -2.88043 
-0.884416 -0.524818 0.61298 -0.38589 0.839299 0.93608 0.764901 0.705353 0.895783 -0.0647034 0.130799 -0.747646 0.2901 0.0534191 -0.250885 0.380967 0.412548 0.140324 0.184776 -0.611987 -0.0131729 0.330495 1.1021 0.617068 -0.0726539 -1.66234 -0.118497 -0.437227 -0.340262 -1.20707 -2.71538 -0.694176 -0.978135 0.00543051 -0.970246 1.21667 0.598909 -0.790096 -1.40595 
-0.858712 -0.660669 0.664082 -0.411865 0.419972 0.74295 0.26214 0.766144 0.850973 0.928644 0.75866 -0.787455 -0.422343 -0.125623 -0.31254 -0.477064 -0.684381 -1.33598 -0.890589 -0.675972 -0.0357687 -0.695986 0.672714 0.141732 -0.289661 -0.939129 -0.116387 0.421669 -0.398505 -0.661151 -0.42135 -0.137733 0.882526 0.053709 -0.100008 -0.86041 -0.430777 -0.139595 2.75359 
-1.01004 -0.837358 0.135916 -1.07027 -0.49668 0.045491 0.0889283 0.669585 0.199797 0.608011 0.272531 -1.03731 -0.649029 -0.0629677 0.170783 -0.0175388 -0.248603 -0.281025 0.0470428 0.270539 0.0405361 0.230487 0.241688 0.186291 -0.212249 1.09125 0.206297 0.511437 0.962423 0.866009 1.79411 1.68946 1.72953 0.270998 0.771078 -1.19026 0.0337478 0.364172 1.27417 
-0.92168 -0.489885 0.646543 -0.660468 0.138946 0.789993 0.532679 0.80668 1.08146 1.17033 0.944951 -0.999704 0.668909 0.0806734 0.198897 0.485359 0.181628 0.458127 0.798868 1.05356 0.235229 0.0750925 -0.517541 0.17548 0.074511 0.335042 0.157381 -0.528694 0.138497 0.204004 0.181709 0.436585 0.168589 0.461996 -0.0525595 -0.481666 0.0114139 0.583056 -1.70868 
-0.929366 -0.638461 0.621275 -0.888643 -0.0385532 0.844359 1.14249 0.904814 0.27489 0.0904699 0.448011 -0.962795 -0.313986 0.0944134 -0.357911 0.120958 -0.0445997 -0.0993168 0.483628 0.439128 0.502532 0.177927 -0.239978 0.197705 0.370807 -0.617425 -0.0530555 0.000304986 -0.514939 0.0432037 0.588765 -0.680699 -1.76259 -0.258285 0.632903 -0.0484872 -0.923339 -0.345044 -0.716346 
-0.827266 -0.847796 0.767501 -0.705068 0.0396296 1.27362 0.971806 1.30921 1.25939 0.930354 1.14266 -0.628897 0.0514843 0.027618 0.199202 -0.0295805 0.224832 1.04689 0.118169 -0.709029 -0.0230556 0.707995 -0.566028 -0.747859 -0.270533 -0.381303 0.974052 0.291921 -1.75652 1.03419 0.793873 -3.35882 -0.515157 -1.80341 -3.42625 1.48478 -0.299522 0.528587 1.25672 
-0.901748 -0.439259 0.591694 -0.663811 1.00834 0.962528 0.433458 0.881758 0.982885 -0.475558 -0.299848 -1.23333 -0.69529 1.06847 -0.0659899 -1.63556 0.98959 0.694557 -2.87519 -0.0760292 -1.30088 -3.24832 1.2448 -0.101816 0.899395 0.639293 2.03087 -1.56568 -1.19484 -0.173531 -2.78692 -2.7984 0.583282 -1.17265 -4.36029 2.52739 1.05976 2.29068 0.959677 
0.241199 -0.913786 -0.868064 0.284522 0.734186 -1.60157 0.895777 0.00833142 -1.98894 2.17516 1.04084 0.270498 0.690778 2.05849 -1.36648 -1.22442 0.0513011 -1.74003 -2.68023 -0.125747 -1.1957 -3.6523 1.96136 0.311898 2.02014 0.578373 -0.114358 -1.35543 2.46761 -2.14551 -2.14202 3.14194 -0.0291098 1.16759 4.25488 -2.38293 -1.5827 -0.172291 -1.67421 
1.15674 -1.80574 -0.632725 -0.61251 -0.731689 -1.7177 0.307711 -0.313946 -2.66941 1.48581 0.0120501 0.786814 -0.116916 0.954108 -1.42142 0.832041 -1.15592 -1.44746 0.266753 -0.105139 -0.133295 1.00656 -1.13813 -1.68451 0.727104 -1.03492 -2.05224 0.794645 1.92914 0.590808 2.16461 3.3347 0.070625 1.61308 5.20684 -2.49024 -0.379785 -1.57472 0.150602 
1.19531 -2.33521 -0.0360229 -0.871401 -0.713276 -1.33481 0.790638 -0.124963 -0.982377 1.03703 -0.643672 0.997601 -0.344142 0.00624704 -0.571837 0.704719 0.642109 0.42458 0.654475 -0.055122 0.417374 1.55454 -0.528879 -0.0678866 0.445418 0.728976 -1.04327 1.50621 -1.04514 2.55782 1.96171 -0.44335 -0.972236 0.136136 -1.53581 0.615742 1.29751 -1.43773 1.53493 
1.16299 -2.37758 0.0719933 0.0295994 -0.30711 -1.06322 0.252589 0.103428 -1.11487 0.956927 -0.0558366 1.23223 0.61206 -0.089162 0.0847907 -0.2131 1.4019 0.514252 -0.176597 -1.07738 0.00284095 -0.529257 -0.522384 -0.387005 -0.710626 0.500009 -0.195332 1.1001 -1.08004 -0.0235875 -0.175647 -0.386528 -0.899714 -0.219597 -0.335373 0.997774 0.0298659 -1.33951 -0.703176 
1.10614 -2.25042 -0.249123 0.530495 -0.199024 -1.51141 -0.286737 -0.122122 -1.51163 0.514648 -1.03068 0.286976 0.155867 -0.189085 0.528262 -0.375318 0.618522 0.248933 0.267948 -0.954836 0.197777 1.21917 0.468894 -0.0380207 -0.894089 0.0258003 -0.112232 1.01172 0.226118 -0.356621 -0.274499 0.904782 0.220699 0.372302 1.97158 1.34386 0.648955 0.414143 -1.70908 
0.973904 -1.84932 -0.303325 0.648121 -0.0581765 -0.795277 -0.702247 0.301204 0.104291 1.42582 -0.0938572 0.338143 0.63786 -0.201394 1.09651 0.0130176 1.04527 0.239753 0.728185 -0.856676 0.375143 1.44233 0.821473 0.26195 -0.296483 -1.20907 0.0855218 1.45242 0.826401 1.6012 0.0910277 -0.756922 0.323977 -1.07123 -1.17592 -3.38817 -2.09339 -0.426892 -1.63363 
0.904751 -1.1539 -0.236106 1.57577 0.0407294 -0.783226 -1.14341 0.253021 -0.0693084 1.33612 -0.768727 -0.0095073 -1.0532 -0.103563 1.98068 0.451083 2.21972 0.339961 -0.488975 -0.630859 -0.873453 0.043247 -2.91928 -2.13141 -1.32098 -1.60783 0.486228 0.854873 -0.921758 -0.67255 -0.335724 -1.74551 -0.00983162 -1.66779 -1.85893 -3.34151 -2.16345 -0.0183526 1.01148 
0.870341 0.131362 0.147758 2.86784 0.281784 -1.28425 -1.33311 -0.572249 0.147538 -1.49346 -2.22527 -0.982838 -0.969974 0.284834 1.95139 -0.90874 0.372725 -0.0959709 -1.01733 -0.866508 -1.29265 -0.416609 -2.52004 -1.9015 -0.314835 -0.197592 0.752277 -1.80033 -1.49381 -3.58514 0.383982 -0.323455 -0.0310319 0.747466 -1.09662 4.34009 1.27593 2.87301 1.0457 
1.18958 0.797482 -1.14485 1.94849 -0.0552415 -1.80055 -2.00992 -1.03963 -0.485918 -1.18392 -2.67023 -0.324343 -1.2508 0.648714 0.180347 -1.04272 -1.36542 0.723943 -0.81243 -0.661891 -0.125988 -1.05337 1.42082 -0.855479 1.55203 -0.562135 0.200463 -2.66302 1.4254 -1.34893 1.29779 0.9334 0.930058 1.54382 0.290316 3.62118 1.68761 1.6142 -0.380348 
1.51906 0.31171 -0.894965 1.50242 1.00573 -2.09668 -1.995 -0.698237 -0.905831 -0.0726391 -3.08075 0.569195 -1.53211 0.485297 -0.711637 0.516665 -0.976207 1.20182 -0.0839255 0.0635509 0.251166 -0.126293 1.10114 -0.213893 1.29936 -0.57794 -0.484294 -0.567697 1.09057 0.615879 -0.541036 1.06275 0.916484 -0.496592 1.59725 -1.52939 1.44598 -1.14645 0.760669 
1.67488 0.085845 -0.628181 0.972287 1.14657 -1.88448 -1.94637 -0.788462 -0.612211 -0.0827808 -2.88412 0.975022 -1.82874 0.164421 -0.387349 0.0478459 -0.749542 0.182907 0.250321 0.254593 -0.62258 0.543881 -0.108576 0.590501 0.405582 0.198534 -0.487332 0.594047 -1.11705 1.38129 -1.10953 0.808426 -0.21622 -0.872603 0.223177 -0.215706 1.08022 -1.32557 1.77738 
1.68348 -0.0756398 -0.847119 0.752881 1.18863 -1.84636 -1.7404 -1.32082 -0.36195 -0.181215 -2.49025 0.974776 -1.33358 -0.00203577 -0.11759 -0.600383 0.405086 0.0922893 0.724501 -0.152669 -0.621436 0.0968834 0.885435 0.866322 -0.0262011 1.19944 -0.192757 0.739907 -0.668663 1.52035 -0.962072 0.820919 -0.641005 0.78151 -0.640031 1.42468 -0.194116 -0.745253 0.559411 
1.67285 -0.0317448 -1.22856 1.37737 1.23886 -1.15998 -2.09904 -1.4099 -0.515327 0.802654 -2.0178 0.948821 -0.629295 -0.0283363 0.352557 -0.620817 0.770809 -0.779165 1.07124 -0.386412 0.15893 -0.0961501 1.3161 0.396385 -0.339672 0.757945 -0.0653821 0.389547 0.351655 -0.148389 -0.889328 -0.161182 -0.0364334 0.788927 -0.704866 -0.470106 -0.817588 0.321553 -1.25121 
1.65514 0.276918 -1.46794 1.52369 0.40947 -0.775121 -2.12682 -1.16189 -0.4581 1.13489 -2.09386 0.635105 -0.57563 -0.0674179 0.271957 -0.248728 0.256697 -0.797039 0.563319 -0.189103 0.16749 -0.607982 0.415329 0.0487339 0.295352 -0.0517666 -0.0246071 -0.415416 0.635724 -1.02195 0.734741 -1.15696 0.258817 -0.3512 -0.789924 -1.35133 -0.288701 0.8471 -1.78382 
1.60543 0.240213 -1.47729 1.63407 0.441825 -0.596657 -2.28814 -1.24241 -1.12331 1.21798 -1.96906 1.24417 -0.681061 -0.0529434 -0.0628582 0.0149072 -0.251138 -0.0444232 -0.0857221 -0.127595 -0.19227 -0.886074 -0.0352247 0.107684 0.507429 -1.02588 0.0388613 -0.275436 0.0834631 -0.994349 0.636406 -1.11808 0.233647 -0.36359 0.497008 -0.802138 -0.0479323 -0.654837 -1.11715 
1.6022 0.214059 -1.45303 1.27255 0.365047 -0.860843 -2.25441 -1.35416 -1.34417 1.09967 -1.98618 1.14253 -1.60151 -0.0285565 -0.00347895 -0.165265 -0.737653 -0.160633 -0.554764 0.0445444 -0.1961 -0.110974 -0.386809 0.000801543 -0.359485 -1.16892 0.0145754 0.20864 0.119274 0.389614 0.629956 0.311158 0.421279 0.0847587 1.02902 0.0147644 0.525804 -0.518112 1.19532 
1.57687 0.236734 -1.64256 0.896418 0.281192 -1.15142 -2.2436 -1.43851 -1.23428 0.831174 -1.96826 0.884687 -1.84998 -0.0383681 0.145782 0.134182 0.138476 0.585533 0.225436 0.293683 -0.107511 0.142942 -0.0204603 0.633488 -0.0106831 0.169445 -0.0400955 0.329185 0.157179 1.10175 -0.151009 1.10252 0.327084 0.297335 -0.020948 0.575792 0.612559 0.705873 1.3404 
1.56383 0.359841 -1.31885 1.41103 0.95058 -0.635407 -1.96073 -1.46167 -1.20123 1.0792 -1.35269 1.13185 -1.43206 -0.0686521 0.325707 -0.00808595 0.364093 -0.311643 0.547756 0.371628 0.101235 -0.131922 0.188983 0.613361 0.346387 0.171478 -0.15029 0.459862 -0.762838 -0.141178 -2.21397 -0.554674 -0.0398391 0.157037 -0.436534 -1.088 0.116412 -0.0862092 0.0439596 
1.50822 0.56244 -1.65064 1.26051 -0.0304512 -0.603665 -1.87197 -1.33727 -1.36621 1.02016 -1.3549 1.23107 -1.6785 -0.188658 0.605643 -0.628656 -0.00270216 -1.62843 -0.329239 0.253844 0.0495257 -0.293593 -1.10846 0.7499 -0.0968924 0.213404 -0.099204 0.279893 -0.0802862 -0.307017 -0.122926 -1.12634 0.0228545 0.124498 0.0473887 -1.44909 1.07438 -0.755287 -0.27389 
1.37517 0.965484 -1.9475 1.40833 -0.677853 -0.964646 -1.70689 -1.41214 -1.49483 -0.0292575 -0.602793 1.03496 -1.21866 -0.167856 0.6056 -0.0883722 0.0570767 -0.434569 -0.578586 0.394483 0.225733 -0.0845335 -1.26011 1.68774 -0.408899 -0.102412 0.0846889 -0.450798 0.5212 -0.246361 0.604991 0.114722 -0.172595 -0.296332 0.299969 -0.0559429 0.120958 -0.390353 -1.63723 
1.34036 1.16804 -1.73902 1.31759 -0.46502 -1.18225 -1.47749 -1.11154 -1.45074 -0.23995 0.332841 0.822175 -1.78092 -0.103969 0.154845 -0.107456 -0.249063 -1.02344 -0.214517 0.0812488 -0.246807 0.00637639 -1.16441 0.870858 -0.487245 -1.42383 0.0945757 -0.444737 0.119281 -0.00368164 0.454848 0.587774 0.873618 -1.01022 0.801802 0.948118 -1.72726 0.37238 0.230093 
1.2712 1.12033 -2.05496 1.15926 -1.7013 -1.17916 -1.62564 -1.65895 -1.48845 -1.19366 0.268065 0.547713 -2.64249 -0.0732803 0.160863 0.0309087 0.0533951 0.0202795 0.00918773 1.2681 -0.784485 0.717268 -0.311989 -0.0395138 -0.0365196 0.127681 -0.0323454 0.00277831 0.369409 0.538865 1.72111 0.538488 0.937844 -0.0263548 0.465873 1.31169 -0.874397 0.765213 2.71468 
1.26708 1.3289 -1.70811 1.37098 -0.44474 -1.17306 -0.209386 -1.89602 -0.733471 -0.551939 0.293327 0.785656 -1.65324 -0.136314 0.157624 0.261953 0.289802 0.697672 0.323971 1.01909 -0.273161 0.47225 0.147286 -0.00353859 0.277968 1.29085 -0.0896898 0.0347981 0.2737 -0.258169 -0.7872 0.84148 -1.04884 1.09189 -0.544065 -0.818859 0.362651 0.0866862 0.891159 
1.13489 1.27795 -1.79301 1.44906 -1.00362 -0.855191 -0.606544 -1.93211 -1.0162 -1.04638 0.264526 0.825681 -1.35163 -0.16297 0.195661 0.304609 -0.204774 -0.766921 0.850667 0.219265 0.307403 0.173204 -1.13085 0.323137 0.0501666 1.01884 0.0743732 -0.0565064 -0.0391523 -0.917664 -0.595704 -0.274005 -0.38483 0.318667 -0.392285 -0.491434 -0.0321891 0.109329 0.412045 
1.10411 1.52456 -1.4035 1.16621 -1.21166 -0.322396 0.00987919 -1.58862 -0.560268 -1.68279 0.616465 0.835822 -0.634396 -0.0619413 0.101117 0.2228 -0.627862 0.101968 0.0499664 0.634263 0.0455053 0.0799647 -0.344149 -0.0357277 0.387296 1.7029 0.0509516 -0.192785 -0.401569 -0.52929 -0.325208 -1.30066 -0.336894 -0.352149 -0.520461 1.17376 -0.789237 0.251725 -0.243718 
1.07295 1.37907 -1.57021 0.821202 -0.901655 -0.805225 0.0277193 -1.8866 -0.936234 -1.39053 0.228799 1.21298 0.351265 -0.112019 0.00287568 -0.0969601 -0.734064 -1.09213 -0.449989 -0.117629 -0.0447463 -0.347257 0.0429146 -0.466099 0.301892 0.775122 -0.104472 -0.020877 -0.282797 0.291254 -1.98582 -0.419983 -0.95692 0.255497 0.209926 1.02437 0.782488 0.0901763 -2.24998 
0.992094 1.52744 -1.50046 0.432144 -2.30379 -0.772385 -0.107749 -1.63337 -0.907525 -1.63987 0.150365 1.13771 0.140726 -0.166413 0.0802403 -0.0599961 -0.336608 -1.88386 -0.370016 -0.322657 0.301002 0.289891 0.68022 0.74676 0.477473 -0.547083 0.02678 -0.162546 0.0631319 1.10716 0.207551 0.177126 -0.548961 -5.93823e-006 0.618585 0.186876 0.872936 -0.0186594 -1.61991 
0.906533 1.45931 -1.6302 0.484594 -2.78551 -1.17524 -0.294938 -1.5856 -0.646344 -0.710306 0.975558 1.69045 -0.195818 -0.0852385 -0.15967 -0.0338282 0.3731 -0.884577 -0.272862 -0.66659 -0.0447522 0.271328 0.229791 0.406836 0.283232 -0.84479 0.10793 0.106716 0.692344 0.717636 2.17821 0.696624 0.907407 -0.270161 -0.660781 -1.60949 -1.39362 -0.260661 0.887574 
0.906855 1.36777 -1.53429 0.805244 -3.18837 -1.04525 -0.774339 -1.67812 -0.636197 -1.41008 0.557202 1.42095 -0.704064 -0.0584832 0.186956 0.632348 0.381028 0.29435 0.326608 0.58475 0.0308409 -0.37089 -0.92927 -0.646861 0.216812 0.340491 -0.0546549 0.314559 0.338078 -0.577914 1.09408 0.548137 1.85925 0.623402 -0.406107 -1.15878 -0.667831 0.622023 1.04981 
0.848049 1.64627 -0.997854 0.865622 -2.49116 -0.848633 0.289812 -1.55476 -1.01723 -1.63958 0.328697 1.90726 0.144672 -0.139893 0.154889 0.30425 -0.204814 0.209504 0.275274 1.19266 0.57865 -0.134779 -0.928985 -0.260995 0.905256 0.20502 -0.0733713 -0.389642 -0.8149 -0.289904 -0.0293424 0.990518 -0.0259169 0.449236 1.01907 0.641905 1.02268 0.0589337 0.839974 
0.766962 1.52266 -1.23004 0.60043 -2.97886 -0.769973 0.418318 -1.09947 -0.770977 -2.33907 0.296207 2.3262 -0.499043 -0.131854 -0.202686 -0.182552 0.0911241 0.265008 1.31713 0.558833 0.480077 0.648181 -0.287365 0.375822 0.275746 1.18046 0.0320749 -0.175898 0.423999 0.659189 1.68855 0.500624 -0.933512 -0.223505 0.755169 1.00633 0.505729 -0.993185 1.82433 
0.716195 1.44358 -1.18041 0.956746 -2.22615 0.468493 0.848645 -1.07468 -0.369053 -1.92694 0.704519 2.18301 1.32514 -0.107819 -0.0210086 0.728249 0.454374 1.89806 0.775898 0.259145 0.355145 0.620389 0.0773455 0.244734 -0.0879292 2.02935 -0.0419704 0.207026 1.26794 0.0208979 0.556494 -3.00273 -1.12875 -0.0628017 -0.372155 0.251178 -1.35996 -0.834363 -2.0396 
0.659143 1.50165 -0.501788 1.0548 -1.08081 0.00592546 0.677464 -0.744325 -0.150587 -2.26172 0.540941 2.23827 1.53031 -0.173825 0.00434035 1.08539 0.112022 0.821502 -1.6856 -0.56992 0.417276 0.276026 -0.0361872 -0.984139 -0.558618 -0.859137 -0.230051 0.462257 0.108682 -2.12736 -0.693389 -0.562971 -1.0727 -0.239527 -1.59963 0.719123 -0.767733 -1.068 -2.31785 
0.54237 1.44792 -0.0950147 1.06877 -1.40465 -1.21711 0.278725 -0.657408 -0.0930265 -1.96313 -0.27962 1.62439 0.466 -0.337869 0.441249 0.836931 -1.67299 1.20467 0.212927 -0.813557 0.115617 -0.979237 0.796469 -0.522999 -1.15593 -0.288499 -0.196873 0.582805 -0.365336 -2.11421 0.674451 2.549 0.173378 -0.172827 -2.3642 0.615587 1.54112 -0.375249 1.55629 
0.321274 1.9429 0.335143 -0.618185 0.123859 0.218853 -0.136093 -0.628708 -1.12982 -1.46525 0.0179422 1.08235 1.24181 -0.370698 0.587146 0.720055 -2.00219 1.49595 0.863401 -0.396541 0.244449 -2.08818 0.5794 0.556977 -0.933866 0.697152 0.158728 -0.3016 -0.392568 0.290873 -1.52226 -0.0715446 1.1715 0.485329 1.10477 -0.363985 0.395958 0.749789 1.65969 
0.171672 2.03507 0.62504 -0.933424 0.091302 -0.353708 -0.117816 -0.41296 -2.1812 -1.38373 0.277358 0.690524 1.16315 -0.179141 0.139649 0.444363 -1.38212 -0.317595 0.141383 0.357943 0.600946 0.125529 0.432483 -0.127041 -0.406137 1.37119 0.314814 -0.904615 -1.00566 0.633703 -2.22685 -0.195216 0.499914 0.241639 3.57219 -0.623371 -0.995424 0.799755 0.483328 
0.142133 2.08255 0.779506 -2.0003 -0.193735 0.360236 0.22185 -0.0277619 -1.00429 -1.03277 -0.109098 0.67621 2.613 -0.0558836 -0.317469 -0.285609 -1.36849 -0.730893 0.668184 0.103373 0.486087 1.48401 -0.0439712 -0.438447 -0.134111 1.18048 -0.161147 -1.08854 -0.789311 1.55649 0.0465548 0.00185542 -0.564397 -0.189646 0.864201 -0.0177929 0.546773 -0.356245 -2.6307 
0.115788 1.7176 0.339431 -2.30191 -0.639591 0.314476 -0.0144435 0.0731276 -0.697191 -1.4277 -0.161089 0.556413 2.34363 -0.340288 -0.948895 -0.344948 0.174372 -0.27104 0.143238 -0.206454 0.4113 0.98973 0.41469 0.419732 -0.762382 -1.2595 -0.599491 -0.923842 0.893776 2.63697 1.67088 -0.334278 0.582105 -0.0891305 -0.749596 1.01431 0.649593 -0.720255 -2.02208 
-0.198156 1.13365 0.434558 -1.82593 -0.464775 0.503474 0.015396 0.383538 -0.0145646 -0.61808 0.310634 -0.0861725 1.3535 -0.655375 -1.24131 0.608167 1.26848 0.939988 0.333906 0.685477 0.396957 0.734415 0.970341 0.211146 -0.854366 -0.841602 -0.140281 -0.192947 1.26527 1.24774 0.655092 -0.128463 0.678933 -0.311317 -0.940522 0.219898 0.305154 0.42643 0.511513 
-0.539587 0.476288 0.947598 -1.03344 0.300397 0.648382 0.671034 0.470084 0.0372231 -0.457358 0.0500569 -0.297952 1.50203 -0.480569 -1.14184 0.920326 1.42211 0.384052 0.0147751 0.472479 0.0999821 0.0492084 0.634588 0.724886 -0.335953 -0.747991 0.457739 0.377805 -0.311877 -0.954959 -2.1312 -0.221643 -1.24447 -0.26659 -1.04238 -0.0323104 0.151771 0.574154 0.672748 
-0.678725 -0.00819033 1.35488 -0.403815 -0.0807225 0.518249 0.487875 0.48352 0.0346438 0.016508 1.03552 -0.422125 0.605509 -0.197636 -0.863505 0.29629 0.313517 -1.19121 0.112263 -0.55899 0.130367 -0.307968 0.938031 0.362917 -0.280212 -0.168854 0.338558 0.891558 -0.846613 -1.47939 -0.536736 0.0187334 -0.411605 0.138157 -0.0991012 -1.37517 -1.11242 -0.133984 0.0492992 
-0.737222 -0.387218 1.24389 -0.719921 -0.890811 0.760645 0.112044 0.600451 -0.270744 0.480673 0.412973 -0.578164 1.33318 -0.142011 -0.250285 0.0737126 -0.0572735 -0.152683 0.0335086 0.0608739 0.238139 -0.0498928 -0.740578 -0.387531 -0.469936 -0.698692 0.154543 0.91113 -0.346284 -0.590017 2.5698 0.620273 1.1754 0.433312 1.54018 -1.46716 -0.284209 0.509001 -1.53652 
-0.820736 -0.258476 1.4286 -0.461089 -0.233406 0.551758 0.548749 0.721659 -0.015249 -0.72407 0.647989 -0.892061 -0.0931827 -0.0430921 0.0476241 -0.0499949 -0.2765 1.37859 0.732535 0.616413 0.563679 1.23221 -0.529131 0.0787078 0.22879 -1.70537 0.217814 -0.171677 -0.696276 -0.468033 1.04461 0.903183 0.558054 0.150988 1.05758 1.71263 0.256615 0.70404 1.233 
-0.780314 -0.339593 1.19389 -0.996421 0.487784 1.49318 0.728457 1.16413 0.961466 -0.0484577 0.491681 -0.349374 -0.372194 0.0758029 -0.421962 -0.622563 -0.525306 0.89193 0.936691 0.618928 0.389126 1.00769 0.972054 -0.130916 0.234104 0.534313 -0.00892444 -0.0475677 -0.190823 0.369546 -0.513248 -0.856026 -0.338688 -0.857848 -1.52257 0.347657 -0.735852 -0.445604 2.42735 
-0.744933 -0.680438 0.806033 -0.986395 0.658525 1.48845 1.16768 1.11079 0.992441 0.247983 0.517073 -0.657958 0.44113 -0.0520166 5.64572e-005 -0.240818 0.0930452 0.865346 -0.123491 0.277725 -0.294169 -0.290363 -0.181473 -0.657144 -0.216814 0.721981 -0.0252532 0.745055 0.769793 1.21832 -0.71184 -0.325718 -0.865183 -0.94115 -1.3066 -0.345368 0.601835 -0.345509 -0.185928 
-0.832331 -0.339537 0.953075 -0.903376 1.35313 1.36969 1.00618 0.86996 0.671103 -0.229931 -0.165463 -0.566188 0.349787 0.0505497 0.323093 0.14723 0.69301 0.180091 0.610973 -0.246254 -0.552024 -0.298907 0.626686 0.470918 -0.111405 0.348385 0.0723252 -0.447571 0.0219608 -0.394611 -2.55693 0.438182 -0.54859 0.0845742 0.376433 1.66882 1.89795 0.380409 -0.988911 
-0.694384 -0.357345 0.953263 -0.293385 0.838615 2.09942 0.921423 0.558761 0.693534 0.874669 0.987991 -0.769363 0.789515 0.0203087 -0.447515 -0.218857 -0.301566 -1.69159 0.314691 -0.270865 -0.209595 0.0860699 1.48735 1.24081 0.163595 -0.26693 -0.174356 -0.488164 -0.23586 -0.809588 -0.724584 -1.95215 -0.156851 0.612205 0.264269 -0.973299 -0.348709 0.41107 -0.772143 
-0.812022 -0.787052 0.734218 -1.20494 -0.338457 1.68438 0.735317 0.660365 0.757172 1.25742 1.07535 -0.402593 0.0828578 -0.123806 -0.165072 -0.08863 -0.116578 -0.544494 -1.34117 -0.403105 0.0601808 -0.0346382 -0.346613 0.122209 0.299665 -0.423758 -0.00569419 0.620552 -0.0218884 0.951874 2.36967 -1.16957 -0.0616114 0.522017 0.101128 -2.82478 -2.07415 -0.69415 0.871933 
-0.81819 -0.522416 0.864633 -0.409963 0.294121 0.758248 0.518317 0.618942 0.658896 0.528056 1.1102 -0.469698 0.365757 0.0146145 0.173037 -0.240745 0.650308 0.678081 -0.854883 -0.332476 0.312422 0.187198 -1.33743 -0.833338 -0.530555 0.605004 0.0613455 0.260227 0.2736 0.0240228 0.677103 1.07799 0.368889 0.642716 0.375545 0.0252732 -0.435557 -0.459006 0.286456 
-0.797408 -0.614014 0.493473 -0.554633 0.339624 0.829497 0.40284 0.972787 0.944371 -0.0800084 0.242008 -0.933148 0.687861 -0.0624608 0.0951558 0.18497 -0.0925551 0.132609 -0.263183 -0.0342163 0.702897 0.340907 -0.32134 -0.313348 -0.159342 -0.137302 -0.154262 -0.142045 0.487692 -1.03594 -0.569413 0.654305 0.657616 -0.428529 -0.0237619 2.60082 1.28997 0.773189 -0.413655 
-0.880651 -0.42726 1.0496 -0.502518 0.42673 0.495065 0.484101 1.32184 0.999803 0.206716 0.796852 -0.62904 0.228455 -0.139648 0.0309919 0.246947 -0.385636 0.108667 -0.200578 0.325139 -0.116108 0.163436 1.26339 0.456634 0.242633 0.191349 0.110641 -0.0539307 -0.698527 -0.00455955 0.472717 0.836576 0.640408 -0.901413 -0.0574149 0.608115 0.277242 -0.0943394 0.474528 
-0.937055 -0.583023 0.74042 -0.940269 0.448291 0.628919 0.727979 0.856679 1.10781 1.18338 0.698642 -0.690515 0.87921 0.0481803 0.0412251 -0.513557 -0.0971147 0.605326 0.573393 0.606191 -0.198515 0.283492 0.286775 -0.0361062 -0.253681 0.337226 0.210548 0.142468 -0.322641 1.15939 0.952444 0.481123 -0.707035 -0.126116 -0.376196 -2.43769 -1.05182 -0.6189 -0.61557 
-0.832471 -0.386035 0.536046 -0.599632 1.03206 1.06846 1.09029 1.12332 1.2833 0.493491 0.760746 -0.882721 0.565681 0.0709008 0.17346 -0.0756943 0.773758 1.06111 0.280545 -0.381896 -0.242224 -0.212759 -1.1743 -0.59519 -0.376267 -0.424222 -0.0744257 -0.165438 0.762599 0.297596 -0.712927 -1.10203 -0.902095 -0.182625 -0.911602 -0.0948288 0.0859811 0.86089 0.149054 
-0.866154 -0.409563 0.664725 -0.166511 1.5094 0.909463 0.346084 0.614456 0.895048 0.00908235 0.103452 -1.06678 0.454988 -0.0262455 -0.124213 0.249042 0.200481 -0.107601 -0.528641 -0.295903 -0.38114 -0.62811 0.191946 0.0498748 0.607209 0.48628 -0.0376399 -0.163833 -0.167552 -0.867248 -1.77465 -0.586085 0.810555 0.252493 0.582718 1.1163 0.902953 0.597399 0.189099 
-0.858716 -0.510248 0.785088 -0.399151 0.924455 0.539817 0.794389 0.742184 0.655185 0.685437 0.81062 -0.275512 1.05196 0.0332609 0.00962712 -0.243246 -0.0934896 -0.713543 -0.30554 0.42866 0.0102694 0.369958 -0.0579939 0.307763 0.221133 -0.235123 0.0276864 0.11129 -0.971581 -0.818329 -0.152335 -0.0405212 -0.299359 0.519345 1.39267 -0.452883 -0.689614 -1.80941 -1.85891 
-0.832894 -0.399936 0.421479 -0.26 0.795859 0.603923 0.774743 0.624725 1.26501 -0.0489116 0.411215 -0.845649 0.219865 0.00144093 -0.0129233 -0.722539 -0.617848 -0.259936 -0.569162 -0.595262 0.138205 0.764561 -0.260937 -0.639739 -1.2022 -1.37263 -0.0538649 0.0104186 -0.0383713 -0.378799 1.01508 0.175052 -0.111621 0.65205 -0.648634 0.0739737 -0.156589 -0.403362 -0.598112 
-0.857275 -0.523171 0.0625489 -1.017 0.664519 -0.0293444 0.199127 0.880388 1.41975 0.4245 0.170881 -1.47771 -0.320669 -0.020604 0.0200457 -0.281618 -0.472289 0.30154 -0.130489 0.317039 0.662319 -0.278676 0.0159798 0.151174 -0.18223 -0.833235 0.0339559 0.181147 0.834803 0.925219 0.113506 0.769894 1.00757 -0.202109 -1.40345 -0.279818 0.935456 2.42214 2.31496 
-0.853498 -0.37989 0.139861 -0.732289 1.0974 0.473435 1.09178 1.28704 0.98633 -0.0329318 0.56239 -1.02788 -0.61337 0.0353968 0.168224 0.112263 0.307371 -0.14643 0.200732 0.412303 -0.0639048 -0.638885 -0.540755 0.295716 1.21994 0.942327 -0.00738094 -0.166393 0.362796 0.685614 -0.333135 0.283663 -0.68452 -0.91168 0.647086 -0.119435 -0.436833 0.432378 2.079 