-1.08666 -0.752015 -0.124324 0.954781 0.726012 0.954487 -0.602943 0.929841 0.358983 -0.303583 0.762965 -0.0679109 1.08862 0.0339972 -0.0938299 -0.437147 0.063634 -0.190839 -0.16897 -0.0931049 -0.165176 0.0398044 -1.46249 -0.462751 -0.376272 1.24292 0.284142 0.638346 1.54615 -0.233962 -0.525081 -1.07543 -0.352128 -0.595485 0.504595 -0.104169 -0.326149 -0.716158 -0.995769 
-1.00218 -0.507179 0.16745 1.0929 0.746317 0.629114 -0.606011 0.843363 0.396722 -0.827688 0.274733 -0.485664 1.54262 0.213291 0.318433 0.27087 -0.324594 -0.107033 -0.299175 -0.391619 -0.51536 0.772236 0.29308 -0.264552 0.0620931 0.0749299 -0.0802378 -0.0303794 -0.0508059 -0.203772 0.0331119 0.0442172 -0.512137 -0.0261577 0.05628 1.37744 0.413248 0.0596453 -1.46756 
-0.873366 -0.433582 0.146545 0.630187 0.618979 0.655312 -0.994563 0.414481 1.13122 -0.010503 0.498413 -0.00581787 1.16355 -0.0462406 -0.124209 -0.487953 -0.140138 -0.157727 -0.124753 -0.605241 -0.191334 0.0960844 -0.085045 -0.0495033 -0.316626 -0.224646 -0.397892 -0.585665 -0.478163 0.612981 0.407389 0.936425 1.51008 0.781443 -1.08159 -0.340513 0.516162 0.295795 0.120333 
-1.04842 -0.631388 -0.320503 0.952759 0.58859 0.504361 -1.21125 0.652029 0.492806 -0.912733 0.22523 -0.80229 1.31797 -0.184601 -0.267231 -0.207293 0.288388 0.300356 0.63725 1.11846 0.266083 -0.309353 -0.0474328 0.25161 0.357889 0.195263 0.0906691 0.314162 1.57426 0.284218 0.402263 0.443034 1.16733 0.346025 0.307986 1.22391 0.847216 1.71816 -0.572972 
-1.05797 -0.700813 -0.0607477 0.918575 0.919335 1.29256 0.123896 0.680564 0.821866 -0.0579359 0.750023 0.352071 1.35881 0.0444286 0.189953 1.08631 0.14408 0.244536 0.318281 0.562088 0.154691 0.404071 1.13887 0.797713 1.40154 -0.797618 0.183469 0.375123 1.05776 -0.114397 -0.275355 -1.14856 -2.03399 -0.816626 0.311209 0.556235 -0.369847 -1.27909 -2.07165 
-1.00399 -0.441435 0.765807 1.09684 0.833125 0.822642 -0.649165 0.80672 0.896877 0.226133 1.02294 0.599249 0.520354 -0.00113231 0.107892 0.850469 0.173991 0.0250006 -0.511305 -0.91553 -0.550543 0.00185552 0.508802 -0.118237 -0.9212 -1.87638 0.0732659 -0.31756 -1.63218 -1.5123 -0.605729 -0.644813 -0.70329 -0.685358 -0.968144 -0.770319 -1.16772 -1.7366 0.937017 
-1.0591 -0.592922 0.789721 1.09257 0.944336 0.781257 -0.791634 0.130021 0.823722 0.450867 0.631785 -0.56913 -0.517574 0.117694 -0.127606 -0.54587 -1.36822 -0.361194 -0.326532 -0.141202 -0.530667 -0.564073 0.368548 -0.370006 -0.335063 0.139399 0.331601 -0.255077 -1.65328 -0.848196 0.223679 0.646401 1.05425 0.471598 -0.478341 -1.22211 -0.163711 2.0175 3.06559 
-0.886295 -0.569042 0.219937 -0.271378 0.471931 0.496109 -0.790367 0.276053 0.332803 0.594682 0.652936 0.264185 0.659753 0.330469 -0.147185 -0.802813 -0.674204 0.248679 0.135096 0.138721 -0.078945 -0.476486 -0.713309 -0.281948 1.0963 1.18921 0.237875 -0.237715 -0.0881733 1.57376 0.924878 0.915862 0.768897 1.09999 0.633896 -0.75048 -0.189143 -0.0546652 -0.388825 
-0.72863 -0.740107 -0.0130912 0.418362 1.19302 0.916352 -0.652913 0.0510756 0.347236 -0.262442 0.349837 0.527171 0.671631 0.35557 -0.365321 -0.634043 0.205545 0.563684 0.58933 0.627696 0.56932 0.0698224 -0.381932 -0.559149 -0.389728 -0.249426 0.417057 -0.433033 -0.0444032 -1.603 -0.164497 0.176976 -0.475416 0.92254 0.231177 2.40501 0.0133906 -0.105589 -3.75963 
-0.530726 -0.934363 -0.414107 -0.0658335 1.03562 1.08544 -0.162671 0.845373 0.402626 0.21275 0.0937872 -0.125543 0.410327 0.747526 -0.580218 -0.847216 -2.2772 0.084182 0.312072 -0.336694 0.843596 -0.245309 1.6917 -0.268558 0.990712 -2.57042 0.258049 -0.270112 1.23667 -2.2924 -0.751706 -0.632106 -1.39517 -1.2866 -0.880604 0.0387044 1.07061 2.89539 -0.866123 
0.0188963 -1.32032 -0.860307 -1.85884 1.2772 1.22842 -0.989608 0.894671 0.101926 1.42925 0.0812795 1.51788 -1.89879 0.613619 -0.635433 0.602627 -2.08685 -0.188022 -0.0427767 -0.76747 -0.717283 -0.810782 -0.343227 0.51146 2.50567 -1.11555 -0.646718 0.147218 1.53604 1.79009 -0.459446 -0.626498 0.159346 -2.05787 0.162195 -1.39786 0.479451 -1.66293 4.47732 
0.082893 -1.5698 0.18852 -2.15268 0.847594 1.04266 -0.930141 0.12809 -0.408156 -0.130478 0.605248 2.38012 -0.705223 0.100808 -0.433 0.688825 -0.48711 -0.375264 -0.314426 -0.177348 -1.21427 -0.0831144 0.293836 0.210893 -0.672219 1.9069 -0.56337 0.24299 -1.61494 3.25983 0.345983 -0.563996 0.798314 0.089597 1.59448 2.41898 -0.519144 -4.20286 0.630621 
0.119705 -1.75332 -0.171482 -2.34595 0.901933 0.913998 -1.16696 -0.319601 0.0188119 1.72309 0.292173 0.845664 0.00810755 0.0502488 -0.392443 -1.01231 1.17298 0.157961 -0.606773 0.0308435 -0.627686 0.783695 2.07575 -0.00768379 -1.6972 -0.484928 -0.207849 0.0291229 -0.408831 3.26278 0.740838 -0.373791 1.21602 1.46531 0.570934 -0.0517554 0.455956 1.46156 -1.80269 
0.133142 -1.96224 -0.823794 -0.979702 1.00556 0.43589 -0.899298 -0.499596 0.375539 1.94528 0.597564 0.682923 -1.19015 -0.107041 -0.403877 0.279994 2.77568 0.365574 -0.688217 1.03867 0.251036 0.48782 0.24208 0.666849 0.789338 0.104212 -0.498519 0.5922 2.35435 0.900022 -0.128009 0.824908 0.980395 0.833537 -0.714334 -2.86205 -0.895728 1.8214 1.682 
0.012664 -2.1572 0.108511 0.429728 1.26751 0.225781 -0.128288 -0.0685657 0.506631 1.96517 0.959021 1.635 0.11232 -0.448271 0.199757 1.34204 2.073 0.0299519 0.218135 1.01124 0.205851 0.0693608 -0.786292 -0.903412 0.124201 1.19707 -0.443098 1.34201 1.2969 -2.1424 -0.702922 1.47924 -0.963613 0.311114 0.00652443 -1.61003 -1.59788 -1.54892 -0.452457 
-0.315129 -1.76248 0.518246 1.0933 1.03551 0.654025 0.111941 -0.293744 0.4449 1.15898 -0.305848 0.807124 0.00691873 -0.550138 0.938129 1.57689 0.633279 -0.337347 0.791025 0.0750552 0.56215 0.494344 -1.36795 -0.931032 -0.759584 -0.348245 0.1456 0.368682 -1.08406 -2.47892 -0.25564 0.0388245 -1.88641 -0.290615 0.0193787 0.762983 1.85659 -1.00502 -0.554015 
-0.537474 -1.21907 1.6854 1.06301 0.93016 1.01681 -0.0532323 0.493584 1.00098 0.597225 0.0279898 0.875418 -0.235925 -0.302671 0.568439 0.257981 -0.405912 -0.225688 0.25696 -0.875175 -0.0847636 0.0887395 -0.0233087 0.953178 -0.880821 0.643054 0.541412 -0.866634 -1.96273 -1.02221 0.580336 -1.32523 -1.13681 -1.89587 -1.45488 1.98165 0.887705 0.602634 0.903497 
-0.617799 -1.19404 0.776227 0.687391 0.80982 0.910984 -0.763234 -0.378508 0.533639 1.13568 0.64733 -0.0736966 0.649973 -0.00872622 0.0714949 -0.385832 -0.388935 0.242988 -0.534206 -1.06176 -1.33373 -0.96054 0.613706 -0.0433271 -0.15695 0.555252 0.45647 -0.496071 0.0428831 -0.00781334 0.43395 -0.291577 0.521799 0.514724 0.350393 0.421197 -1.20132 0.512077 -2.24882 
-0.546201 -1.14758 1.29957 0.674072 1.17315 0.4826 -1.11499 -0.840141 0.0404357 1.21093 -0.0153372 0.718467 0.319327 0.1538 0.072368 0.300864 -0.413725 0.208262 -0.0346176 -0.353376 0.429961 0.439133 0.397888 -0.248145 -0.368744 -1.60577 0.175833 -0.166575 -1.26398 -1.54468 -0.382508 0.395618 0.957158 2.35943 1.2249 -0.100728 0.8722 -0.815264 -2.43464 
-0.464 -1.12167 1.07709 0.273666 1.01808 0.876367 -1.11661 0.0514524 0.972772 1.53356 0.399185 -0.442441 -0.955794 0.167107 -0.0950801 -1.64981 -1.93362 -0.13952 -0.138588 -0.104598 1.0257 0.26436 0.512978 0.828873 -0.972214 -1.87938 0.115375 -0.238737 -2.61198 -0.814128 -0.0349459 0.261433 0.715168 -0.214965 -0.941864 -0.541225 0.0602553 0.528584 2.29964 
-0.379094 -1.24266 -0.35024 -1.25955 1.03363 0.344013 -1.21959 0.185562 0.304796 1.72391 0.813536 -0.253747 -1.56006 0.269174 -0.166369 -2.31112 -1.22785 0.173316 0.226815 0.361792 0.214995 -0.502732 -0.143337 -0.18789 0.15984 0.693876 -0.170184 0.250799 1.72437 3.2267 0.190658 1.03891 0.777173 -1.11767 0.370909 -0.934342 -1.23971 0.771889 3.78386 
-0.194826 -1.28804 -1.23403 -0.954187 1.1914 1.10318 -0.754819 0.266448 0.47004 1.39023 0.211295 -0.282601 -0.261918 -0.00307728 0.155719 0.0745565 1.29309 0.0511386 0.90032 0.672575 -0.0919645 0.635269 -0.421364 -0.410841 -0.200325 1.90448 -0.133373 1.51068 6.3394 3.02489 -1.06089 -0.920134 -1.30785 -1.76563 -0.376256 -2.7666 -0.175875 -0.895438 -2.06742 
-0.382171 -1.08694 -0.275684 0.0335375 1.08477 1.24433 -0.547011 0.0935975 0.940065 1.30254 0.402694 -0.454071 0.34442 0.135801 1.34431 4.02829 1.79703 -0.887571 -0.693318 -0.946062 -1.55063 -0.878987 -2.90994 -0.363764 -0.735598 -1.37355 1.01432 1.93149 2.1633 -1.57775 -1.95643 -2.31907 -0.774719 -1.26772 -1.80631 -3.44636 -0.135623 0.153161 -2.17094 
-0.0590246 0.0562649 2.79426 0.842846 0.303827 0.409864 -1.70088 -1.28419 -0.408947 -1.51971 -0.152469 -1.0182 -1.63546 1.01124 2.08721 2.23786 -0.284667 -1.90529 -1.41875 -0.102144 -1.35969 -1.17104 -3.86773 -0.546464 -0.0471635 -0.26646 1.01797 -0.160327 -8.83046 -1.48178 -0.717793 -0.641696 3.24958 0.978838 0.32805 4.59679 0.596442 2.42025 3.33886 
0.629071 1.00027 1.96217 -0.251129 -0.82052 -0.174414 -0.649155 -1.26609 -0.230975 -2.56518 -0.14377 -0.501235 0.0779598 1.15377 1.18398 -4.80217 0.315253 -1.60536 -1.33501 2.30352 -0.571795 -0.550937 1.68685 0.232678 1.68465 1.96531 -0.364761 -2.02345 -5.64456 1.27952 1.43603 0.264101 1.61062 0.340698 -0.4309 8.26528 -0.0502368 2.6794 -1.00578 
1.09474 1.24025 -2.00792 1.1581 -1.30154 -0.925151 0.602641 -1.85598 -0.959884 0.167144 0.0802084 0.666456 0.329849 0.646481 0.06376 -3.40671 0.994849 -0.469261 -1.15465 1.50847 -1.01899 -1.60194 4.39755 -0.596701 2.63224 -1.27224 -0.836992 -1.50619 6.3363 -1.57891 1.86095 0.838801 -1.89849 0.601056 -0.285209 0.0904026 -1.74444 -0.494747 -2.52614 
1.27555 1.06403 -1.44454 0.74372 -1.28978 -1.32906 0.85932 -2.28508 -1.83292 1.83237 -0.740471 2.131 -1.19428 0.316777 -0.322211 1.53413 -1.26366 0.255584 -0.496213 0.405035 0.0292611 -0.836147 1.77726 -1.51177 1.18991 -0.560825 -0.543165 -0.0390097 3.43332 -1.57314 0.628965 1.29285 -1.3666 1.48007 1.64828 -5.26083 0.0799361 -3.42941 2.5707 
1.41152 0.918035 -0.473789 -0.105561 -1.04595 -1.42136 1.00768 -1.82672 -1.79603 1.9444 -1.43156 1.85636 -0.230977 0.103316 0.0247503 0.0266131 -0.578295 0.159704 0.138205 0.141876 0.46108 0.0463423 -0.863272 -0.516765 -0.797172 1.29846 -0.301944 0.252203 -1.23616 1.28783 -0.265528 0.448923 -0.121875 0.521353 0.0942054 -3.59106 1.4878 -1.20547 1.0645 
1.37887 1.08878 -1.41792 0.165425 -1.13008 -1.19086 1.0012 -1.824 -1.78657 0.969101 -1.25724 1.33383 0.104174 0.0148338 -0.0700088 0.297973 0.024168 -0.00994354 -0.0472906 0.28316 0.550615 -0.741941 -1.8138 -0.0239655 -0.0155647 0.503674 -0.0651244 -0.172329 0.33921 0.80493 -0.288148 -0.352056 0.328907 -0.0361248 0.0832136 -1.25643 0.180963 1.22098 -1.6758 
1.42636 0.848026 -0.175815 -0.0813931 -1.0559 -1.46865 1.29084 -1.2761 -2.53797 0.130598 -1.45552 1.8408 0.272697 0.0381911 -0.147579 0.365823 0.226635 -0.128444 -0.213851 0.470783 0.424955 0.129556 -2.1197 -0.335802 0.423813 -0.377344 -0.00204738 0.195264 -1.57906 0.516076 -0.354244 -0.0473422 0.150226 -0.315876 1.65741 0.890998 -0.670534 -0.339779 -1.07732 
1.41706 0.941205 -1.0521 0.39206 -1.25852 -1.40471 1.47198 -1.39905 -1.65702 -1.1506 -1.59304 1.75764 -0.27317 0.0127864 0.125256 -1.28109 0.540244 -0.364188 -0.0946328 0.433386 0.234739 0.915468 -0.922804 -0.694499 -0.355344 -0.573642 0.0673838 0.0203998 0.274119 -1.38834 0.0680497 -0.230468 -0.258922 0.361104 -0.871916 2.59957 -0.323591 -0.732366 -0.713254 
1.43914 0.973282 -1.4569 0.458851 -1.42008 -1.56329 1.72422 -1.04137 -1.6225 -0.792206 -2.15002 1.48545 -0.300945 0.105575 -0.127179 0.639942 -1.16171 -0.0603943 -0.444319 0.211861 0.786059 -0.742361 0.479869 -0.659393 -0.308553 -1.0906 0.115311 -0.272377 2.56631 -2.18299 0.433428 -0.305624 -1.07505 0.363552 -1.39238 1.53541 0.551061 -0.504332 -0.185056 
1.52263 0.814026 -0.412158 -0.769647 -1.31892 -1.84902 1.68384 -0.612987 -2.39938 -0.670734 -2.25243 1.44909 -1.36377 0.128097 -0.147121 1.28522 -1.64275 0.0692403 -0.400257 -0.641662 0.598291 -0.476912 0.612609 -0.143439 -0.859675 -0.758699 -0.157802 0.473356 0.0421755 1.46575 -0.00472615 0.639022 -0.0563615 -0.738039 2.12682 1.33949 0.77298 -0.8906 1.59861 
1.56724 0.82616 -0.171683 -1.1839 -1.35084 -1.96354 1.08256 -0.443075 -2.09942 -0.179597 -2.29346 0.625779 -1.05964 -0.0522268 0.346177 0.682117 0.304047 -0.0651204 0.194703 0.155499 0.0480206 1.38446 1.81936 0.113587 -1.19915 0.508015 -0.252217 0.505226 -1.62837 2.62244 -0.355874 0.760319 1.34051 -1.07719 2.3526 -0.557336 0.927725 -1.86016 1.13273 
1.47041 1.1602 0.269959 -0.4656 -1.38404 -1.65432 1.83934 -0.564966 -1.01492 1.14862 -2.13884 0.249936 -0.855753 -0.124119 0.358104 -0.343152 0.979693 -0.286634 0.360062 0.698843 -0.478895 1.87568 0.0552731 0.784286 -2.71983 0.37403 0.0755665 -0.390358 -2.4397 -0.321677 -0.0500534 -0.13909 -0.260754 -0.378077 -0.415142 -2.87606 0.090912 -0.775193 -1.31571 
1.44312 1.18426 -0.514835 -0.204202 -1.63748 -1.60348 1.7814 -0.92197 -0.223733 -0.124324 -1.50917 -2.09406 -0.685614 0.0233397 -0.044181 -1.75758 -0.0176305 -0.115174 0.0556121 -0.105254 -0.330056 0.969317 -1.0567 0.204499 -1.97435 -0.807692 0.240059 -0.553241 0.0756562 -2.00934 0.61917 -0.423979 -0.917235 0.921258 -2.64556 0.628209 -0.795897 3.91287 -1.98115 
1.49375 1.11602 -1.48762 -0.48323 -1.49921 -1.59871 1.73408 -0.895022 -0.0456034 0.0919202 -1.93434 -1.72441 -1.66345 0.11594 -0.195136 -0.267496 -1.02965 0.332536 -0.0639177 -0.218392 0.442363 -0.769881 0.683482 -0.0116102 1.19303 -1.60712 0.00897489 -0.137936 1.6398 -1.06842 0.0348919 -0.262721 -0.725011 -0.343385 -2.69332 0.672966 0.172782 2.84755 -0.519807 
1.55906 0.989128 -0.782331 -1.23385 -1.30494 -1.6674 1.56301 -0.479607 -0.993615 0.559158 -1.52078 -0.901023 -2.29273 0.0323146 -0.182117 -0.117776 -1.08605 -0.0802819 -0.207109 -0.830265 -0.673441 -1.72401 -0.383738 0.377282 0.873206 -1.3275 -0.212075 0.352239 0.63136 2.03432 -0.284933 0.471939 0.172017 -1.32122 0.507965 0.289926 0.532339 0.864234 2.2981 
1.52606 0.933905 -1.6054 -1.56928 -1.57949 -1.80582 0.903818 -1.56846 -1.76961 -0.291818 -1.55706 -0.851203 -2.99094 -0.0961349 0.157103 0.363864 1.00467 0.0476026 0.408021 -0.0463742 -0.878859 -0.261916 0.973408 0.520729 2.05727 0.690976 -0.228131 0.389734 0.915834 2.94578 0.602134 0.52619 0.642518 0.460802 2.23822 1.48858 0.558531 1.03142 3.55724 
1.46293 1.14623 -0.418467 -0.22918 -1.25734 -1.25938 1.51664 -1.35847 -1.25553 1.53257 -1.00006 1.15624 -1.60176 -0.195816 0.207617 0.798058 1.85973 0.521852 0.319081 -0.187748 -0.212639 0.514215 1.10485 0.935813 1.90463 2.22974 0.0261635 -0.315134 -0.581945 -0.995314 0.0845112 -0.737167 -0.899929 0.867935 0.441376 -2.46282 -0.108309 -2.63718 -0.00851214 
1.33024 1.14152 -0.807338 0.290444 -1.05764 -1.48674 0.716071 -1.7811 -1.25539 0.813028 -0.62125 1.05342 -0.761208 -0.0699714 -0.158032 -0.218082 0.00935482 0.132114 -0.329146 -0.946304 -0.0109247 0.17946 -1.48941 0.412419 -0.579916 0.682464 0.287998 -0.456057 0.133921 -2.89804 -0.796617 -0.269182 0.440368 1.31066 -0.900543 -0.784922 -1.32884 -1.9131 -3.06218 
1.39295 0.988199 -0.636549 -0.219825 -1.12523 -1.58853 0.570333 -1.36939 -1.07607 0.0431534 -0.587636 0.576328 -0.919294 0.0921814 -0.248441 0.931979 -1.03832 -0.274765 0.0498995 0.252621 1.09802 -0.386328 0.319924 -0.393028 -0.00847283 -0.832442 0.0209732 0.182939 -0.425838 0.131514 -0.226981 0.381541 1.64477 0.485545 -0.120529 1.63467 -0.82491 1.51692 -1.23807 
1.42243 0.89308 0.124641 -0.747871 -1.3324 -1.43684 0.968692 -0.683085 -1.64172 1.13295 -1.01428 1.04495 -1.59365 -0.0489982 0.0249072 -0.64392 0.140869 -0.0948671 0.0523952 0.698462 0.47462 0.0589304 0.14526 -0.412491 0.937 -0.555609 -0.279844 0.497222 -3.05247 1.64662 0.361304 -0.0966541 -0.057987 -1.84084 1.03288 -2.27182 0.97829 -0.733567 2.4525 
1.34396 1.01311 -1.28047 -0.0789563 -1.22009 -1.53613 1.26879 -0.894771 -1.01714 0.188414 -1.00013 1.51333 -1.4749 -0.187662 0.248782 -2.12049 0.608305 0.0865395 -0.0467545 0.194634 -0.74282 0.646547 -1.95189 0.585263 -0.74204 1.62005 -0.0753129 0.13038 0.734819 -0.257051 0.0688676 0.34538 -0.422836 -0.745967 0.140942 -0.685311 1.1095 -2.5494 1.96476 
1.23476 1.14186 -1.99585 -0.139566 -1.24586 -1.48359 1.16333 -1.42591 -0.995175 -0.818943 -0.429015 0.302912 0.0264022 -0.124311 0.155288 0.0908994 -0.116182 -0.0259994 0.397776 0.275626 -0.271347 0.199872 -0.540051 0.697013 -1.6124 1.40915 0.149344 -0.187467 2.52416 -0.505169 -0.222932 0.588902 0.00337133 1.03859 -0.0815641 2.06645 -0.602039 0.0128852 -2.15314 
1.21965 1.16839 -1.18957 -0.195138 -1.24609 -1.13835 1.54442 -1.16612 -0.817269 -0.351638 -0.303113 -0.0990694 -0.065754 -0.0383189 0.0613148 0.403665 0.103136 -0.136393 0.542148 0.198005 0.29577 0.564983 0.11456 -0.0167763 -0.729155 -0.533084 0.0083546 0.056733 -0.5219 0.90794 -0.199314 -0.164554 -0.508924 0.708101 0.657539 0.572217 -1.26758 1.06029 -2.09678 
1.19644 1.20318 -1.59219 -0.0364295 -1.38226 -0.941446 1.36133 -1.13013 -0.430191 -0.704383 -0.445791 -0.426243 -0.506682 -0.115957 0.212021 -0.431001 0.791758 -0.225313 0.233222 -0.233298 0.436754 0.857411 0.0321655 -0.570566 -0.552112 -0.687627 -0.138249 0.0968944 0.237819 -0.0651659 0.0479627 -0.343221 -0.123414 -0.0612369 -0.390902 -0.102962 -0.848011 0.116322 0.740514 
1.10369 1.38041 -1.62057 0.59662 -1.4714 -0.905133 1.31112 -0.729364 0.0401424 -0.319472 -0.87368 -0.651181 -0.753381 -0.176568 0.158209 0.641484 0.0379705 -0.0884303 0.198926 0.0745915 0.234533 0.174081 0.0115984 -0.864787 -0.612833 0.20743 -0.0087649 -0.299963 1.68821 -1.72015 0.369622 0.0543134 0.628975 -0.378014 -1.66143 -1.09587 0.649883 0.371012 1.52081 
1.01988 1.36139 -0.950701 0.00154103 -1.47069 -0.742519 1.43592 -0.895602 -0.25611 -0.692784 -1.31058 -1.03908 -0.299252 -0.124721 -0.0879423 1.25721 -0.92839 0.144309 0.287535 0.395677 0.0587398 -0.804023 -1.06371 0.0793168 -0.1811 0.833188 -0.0760082 -0.109818 0.292642 -0.191594 -0.0104686 0.16584 0.0203332 -0.307294 -0.818063 -0.648826 1.20066 0.862288 0.347945 
0.978967 1.29247 -0.363363 -0.33177 -1.3271 -0.617598 1.7068 -0.670624 -0.763881 -1.38318 -0.794363 -0.832281 0.0798072 -0.252576 0.0483912 0.934126 -0.153624 -0.0988989 0.364767 0.0949247 -0.0727608 -0.643982 -0.637228 0.335872 0.249455 0.555375 -0.267439 0.289563 -0.188928 -0.141962 0.0236657 0.418752 -1.22917 -0.03848 1.76302 1.80554 -0.157411 0.708925 -0.807012 
0.7673 1.40978 -0.016575 -0.152083 -1.56959 -0.377752 1.53085 -0.968362 -0.900092 -1.33001 -0.974706 -0.789621 0.256123 -0.39216 0.20162 1.06828 -1.07035 0.167975 0.706287 -0.833496 0.0202597 0.958993 0.741836 -0.078094 0.527825 0.0261762 -0.196955 0.194777 -0.270625 -2.86621 1.19811 -0.266506 -2.56363 1.44068 1.26523 1.04262 0.624575 -0.34178 -0.231015 
0.586807 1.49409 0.704915 -1.40212 -1.15912 0.0886888 0.873304 -0.650365 0.195112 -0.641342 -0.872457 -0.304455 0.105983 -0.449531 0.243168 0.663501 -3.01983 1.09921 0.0982611 -2.4687 1.36792 0.621248 0.405389 0.960447 -0.0923247 0.32436 -0.0076901 0.00551141 0.274262 -0.302699 0.570848 -0.684173 -0.673526 1.18054 -0.813409 -1.43533 1.20968 -0.991561 0.424796 
0.317769 1.65295 0.646926 -3.17192 -0.470378 -0.279491 -0.937855 0.399553 -0.278845 -0.924624 -0.0142586 -0.881946 0.580482 -0.39985 0.207132 1.34254 -1.37305 0.738823 0.0221138 -1.50702 1.2008 0.145584 -0.693492 1.13158 -0.463736 0.450972 0.264993 -0.575971 0.798495 4.22173 -0.807837 0.443672 2.9135 -1.12525 0.515948 -1.36145 -0.873325 -0.685978 -1.02409 
0.186957 1.70122 2.04746 -2.77517 -0.420298 0.110803 -0.633719 0.550439 0.340697 -1.33483 0.259126 -0.768191 0.556956 -0.184539 -0.332803 1.462 1.2019 0.291373 0.541933 0.444796 0.24267 1.1372 -0.956059 0.0871222 -0.778303 -0.699727 -0.00552495 -1.1666 -0.951412 2.96856 -0.320215 0.840564 1.8524 -0.946037 0.860395 1.15125 -0.422826 0.354839 -0.452911 
0.13323 1.32014 2.10892 -1.97001 -0.179005 0.262442 -0.493059 0.642223 0.858351 -1.88068 0.0728635 -1.66025 -0.119245 -0.405375 -0.959465 0.391129 1.59551 0.418608 0.862678 0.345381 0.254767 1.00598 0.457759 0.708757 -0.108897 -0.00193921 -0.618784 -0.952399 -3.39505 -0.212019 -0.158962 -0.210105 -0.0692562 0.908455 0.0476581 2.32448 -0.2982 1.69387 2.59204 
-0.218418 0.74176 2.43858 -1.17966 -0.00168996 0.973481 -0.288338 0.805207 1.34668 -0.877075 0.967883 -0.877088 0.555016 -0.803323 -1.2852 -1.93306 0.989883 0.132411 0.331829 0.37554 1.15112 1.18485 1.36842 -0.211078 0.915567 1.89231 -0.12913 0.0898583 -2.41907 -1.10929 -0.374313 -1.45091 -0.351235 -0.256728 -0.962636 0.0957044 -1.89625 1.04629 0.934298 
-0.670092 0.0349402 0.175865 -0.980131 -0.0465942 0.594271 -0.117519 1.79335 2.0432 -0.51226 -0.138215 -0.744682 1.77306 -0.534505 -0.869606 -2.02794 0.486222 0.0442954 -0.588231 -0.00585404 -0.00196042 0.0433441 0.553463 -1.18749 0.937397 0.932359 0.655688 0.877579 1.99829 0.0336282 0.19796 -0.700571 -0.69637 -1.82953 -2.81039 -1.7537 1.92908 -0.162482 -2.64721 
-0.752923 -0.127847 0.410642 -0.693443 0.0426054 0.38525 -0.294192 0.803246 1.39002 -0.323612 -0.219608 0.0603096 1.48738 -0.147635 -0.407623 0.0652337 1.02351 0.330371 -0.368742 -0.32083 -0.678401 -1.62553 -0.38528 1.718 0.753085 -0.754904 0.365162 0.584696 2.11751 -0.339915 0.302009 1.04436 0.238919 0.360759 -0.142615 -1.29487 1.9962 -1.75461 -2.10057 
-0.817727 -0.372683 0.241099 0.0433797 0.283777 0.225529 -0.438349 1.11495 0.417673 -0.89754 1.57979 0.00840358 1.01816 -0.169344 -0.284911 0.0895652 0.146308 0.346305 0.456132 0.233064 0.358799 -0.0992711 -0.741404 0.808709 -0.817217 -1.16821 0.0695241 0.439931 -0.820059 -1.94762 -0.269966 0.327867 -0.459153 0.169095 1.3035 -0.0315848 -2.50336 -1.62957 0.205282 
-0.922267 -0.412758 0.500208 -0.547135 0.38891 0.841382 -0.0611271 1.16205 1.29075 -1.06502 0.589101 -0.756907 0.319169 -0.0781105 0.032308 -0.754826 -0.924109 0.0604048 -0.0408755 -0.779983 -0.509307 -0.322034 -0.416865 -0.785361 -0.876489 -0.549622 0.173665 0.294254 -0.536883 0.115716 -0.208282 -1.08749 -1.71951 -0.491271 -0.687811 0.989328 0.229966 1.12278 1.47512 
-0.895837 -0.340375 -0.513727 -0.880729 0.344182 0.184653 -1.21833 0.60564 0.0956389 -1.31441 0.794425 -0.868086 0.468537 0.00432115 0.00934308 -0.447317 0.262024 0.138022 -0.631361 -1.48645 -0.132472 -0.787082 0.247924 1.03867 0.305558 0.306911 0.0257754 -0.190117 1.47843 2.64132 0.284747 0.515906 1.20417 0.93043 1.45164 1.95098 1.7759 3.45458 2.41818 
-0.917946 -0.403414 0.0528902 -0.285111 0.526933 0.210021 -1.54758 1.02957 0.503667 -0.817092 1.62778 -0.451349 0.62608 -0.052335 -0.157809 0.723603 1.71721 0.345152 0.475031 0.42419 0.421123 1.12961 1.53411 0.990537 2.57809 1.86856 0.0292609 0.0239549 1.11607 0.777437 -0.0979332 1.19049 3.17264 0.433549 1.6525 0.301831 -2.53403 -1.0546 0.0598695 
-0.948173 -0.498184 0.209876 0.836484 0.689334 0.659684 -0.794142 1.02676 1.22525 0.219707 1.78496 1.71001 2.3371 0.0335821 0.033298 0.668754 1.03946 0.0400893 0.559131 1.68619 0.301077 0.865413 0.549755 -1.49536 -0.749043 0.36678 -0.0771232 -0.0797188 -1.70246 -2.17506 -0.500086 -1.15667 -0.649637 -1.01338 -1.44047 -1.13533 -1.94367 -6.02525 -4.12131 
-0.884364 -0.370116 0.721644 0.75435 0.567022 0.769152 0.138617 1.33065 1.36908 -0.267338 0.13242 -1.20039 0.99286 -0.129458 -0.237528 -0.978859 -0.457845 -0.154934 -0.681638 -0.225448 -0.592258 -0.310864 0.398779 -0.953138 -3.44716 -2.25275 -0.217337 -0.246025 -0.621066 -1.29787 -0.0182865 -1.07034 -2.40182 -0.763303 -1.82342 -0.859255 2.12131 1.74484 -0.575501 
-1.07763 -0.735712 -0.768983 0.378639 0.534399 -0.0219537 -1.01959 0.434505 0.914384 0.618486 0.831823 -1.73715 0.0843543 -0.183755 -0.212727 0.0476875 -0.258409 0.0218028 -0.511207 -0.715628 -0.462226 -0.958011 -0.3095 0.625954 0.995793 -0.208721 0.299943 0.578827 2.228 1.0129 0.349581 1.96717 1.01305 1.10138 -0.482671 -1.27263 1.07971 5.16393 2.19117 
-1.06812 -0.582844 0.769331 0.495941 0.588825 0.257946 -0.577012 0.868423 0.41107 -0.576837 0.758374 -0.204599 0.784139 0.170485 0.341299 1.24914 0.555051 0.194647 1.28553 0.787599 0.509127 -0.793534 -0.873848 0.126576 1.71677 -0.0615741 0.312879 0.278893 -0.879938 0.79768 0.0153147 1.25062 1.1375 0.504386 0.43429 0.100901 -0.193858 -1.183 -1.25764 
-0.907146 -0.394414 0.480159 0.93369 0.729046 1.26358 -0.231991 0.943632 0.12085 -0.255362 0.958399 -0.0203758 0.0227802 0.129124 0.0661658 -0.83225 0.539271 0.0371175 0.739409 0.421874 0.0421596 -0.523721 -0.208599 0.432095 -0.187205 -1.46636 -0.258284 -0.571355 -2.54409 -0.367378 0.0060105 -1.94233 -0.478807 -0.285298 1.37174 0.685523 0.0663467 -1.91855 0.837607 
-0.938995 -0.516678 -0.0629191 1.03521 0.625942 0.997354 -0.155138 0.910583 -0.112651 -0.785436 1.19047 -0.391804 -0.682223 -0.0877999 -0.230056 -1.29495 0.187673 0.200657 -0.656802 0.308792 0.223829 0.578207 -0.188325 0.192923 -0.201778 0.776033 -0.228528 -0.141246 1.40039 -0.311047 0.301198 -0.994256 -0.49177 -0.0457104 0.776586 1.60093 -0.317598 0.135415 3.33536 
-0.994946 -0.62447 -0.814793 1.12136 0.929704 0.606775 0.0768006 1.16746 0.699057 -0.443687 1.15132 -0.222154 0.798813 -0.0994042 -0.0750799 0.56814 0.228225 0.338316 -0.254848 -0.0698958 -0.00355083 0.252866 1.39234 0.114498 -0.0517899 1.869 0.0872099 0.332626 2.83976 -0.185723 -0.419172 0.308942 -1.63327 -0.631752 -0.554403 1.34277 -0.843133 -0.644628 -1.29639 
-1.0384 -0.591758 0.505221 1.26344 0.964258 0.742507 -0.225033 0.907032 0.140215 0.606899 1.30497 -0.443594 1.18678 -0.000590071 0.10257 1.54481 0.00194973 -0.218515 -0.34786 -1.32448 -0.407923 0.0238042 1.15444 -0.650211 -0.846406 -0.520353 0.230056 0.266501 -0.631086 -0.638902 -0.679572 -0.0114979 -0.398676 -0.273838 -0.0881822 -2.50494 -1.33001 -1.0443 -3.62665 
-0.995536 -0.5219 0.730018 1.12331 0.711189 0.258915 -1.24767 0.759538 0.722862 0.710755 0.501112 -1.06856 0.27846 0.130652 0.191421 -0.0629457 -0.410678 -0.341256 -0.266345 -0.468572 -0.277389 0.164683 -1.1126 -1.21552 -1.09609 -1.75765 -0.0132389 -0.036948 -0.85989 -0.431515 0.201827 0.51164 1.67873 0.293872 -0.218586 -2.57154 0.19512 0.213564 -0.153048 
-0.907747 -0.400337 0.442275 0.852758 0.623002 0.476161 -0.693605 0.629643 0.304898 -0.505703 0.0894504 -1.53969 -0.570866 -0.0138289 0.0656215 0.68492 -0.429565 -0.0166877 0.16378 0.354256 -0.114051 -0.194782 -1.4171 -0.45509 -0.632842 -0.673402 -0.222126 -0.168115 0.24872 0.0693295 0.575401 0.59237 0.77697 0.889541 -0.238361 2.0093 2.30201 2.23765 3.45715 
-1.00937 -0.456279 1.41494 0.693747 0.694501 0.422695 -0.893418 0.645487 0.528079 -0.706342 0.0460212 -1.7014 -0.394942 -0.0914737 0.0233057 0.185774 -0.341348 0.234144 0.326025 0.308399 0.612152 -0.0736774 0.896696 1.08649 1.14155 1.69951 0.0708859 -0.0706595 -1.21309 0.829431 0.0460828 0.0397385 -0.352482 0.853057 0.646439 1.53227 1.63123 1.80092 1.79413 
-0.999221 -0.377031 0.628049 0.51141 0.857146 0.802186 -0.385206 1.2418 0.231221 0.390994 1.17594 -0.398131 1.12864 0.057057 -0.00503797 -0.528167 0.399865 0.0293951 0.203519 0.00177445 0.739005 0.451657 0.115173 1.17614 1.16808 1.12073 0.074807 -0.273337 -1.70676 0.478018 -0.261888 -0.152494 -0.0324479 -0.426302 0.833267 -1.50704 -1.24121 0.204674 -1.20142 
-0.952308 -0.461317 0.886771 1.09361 0.723896 0.626214 -0.891644 1.38449 0.979736 -0.59117 1.22216 -0.533319 0.725786 -0.0166667 -0.250031 -1.52099 0.136669 -0.0277437 0.173531 0.275951 0.18585 0.75959 -0.610347 -0.154723 1.34623 0.498084 -0.108704 -0.0837477 -0.0544119 -1.03338 0.0661941 0.504099 1.0436 -0.578321 0.209597 1.69528 -1.01499 -0.671838 -0.98131 
-1.01589 -0.627063 -0.892938 0.64808 0.829403 0.975717 -0.109255 1.42764 0.990811 -0.219353 1.02122 0.948098 1.62672 -0.0516474 -0.0887856 -0.582579 -0.633511 0.0955893 0.707618 1.04537 0.160684 0.661254 1.81045 0.161151 0.496245 0.139418 0.0317998 0.35748 2.92054 0.440858 0.040753 -0.535783 -1.10941 -0.690544 -1.08289 -0.521255 -0.293051 -2.42514 -0.588576 
-1.00396 -0.550102 0.304192 0.460102 0.819486 1.33383 0.15373 1.54518 1.64099 1.21928 1.38331 -0.0370739 0.865204 0.0151331 0.107449 1.39955 0.577528 0.0130094 -0.362252 -0.833456 -0.504694 -0.323301 -1.1316 -0.447774 -1.07891 -0.0904914 0.0985509 0.258877 0.278479 0.818502 -0.0534875 -1.29178 -2.54943 -0.690925 -1.34651 -4.19293 -0.329346 -1.04674 -0.887305 