-0.93359 -0.935117 0.415877 0.301554 0.52534 -0.234131 -0.485361 1.28148 0.103761 -1.12573 -0.139581 0.0808948 0.17397 0.0190211 -0.254602 -0.203326 0.241373 0.504601 1.17153 -0.290186 0.331644 -0.774464 0.673357 1.59025 1.00773 1.37109 0.113464 0.430643 0.84934 1.05386 0.392451 2.92014 0.673828 -0.387925 1.15043 5.40735 2.26169 1.60593 1.20491 
-0.915871 -0.784886 0.635919 0.368722 0.92908 1.40338 0.0361959 1.44018 0.418626 1.46992 1.69101 1.03842 1.21233 0.058788 0.323752 0.451471 0.744838 0.348636 1.13824 0.355613 -0.313945 0.530335 3.52278 1.41942 0.694554 0.184412 0.0406934 0.238805 0.220816 0.409572 -0.867225 -2.00462 0.0428976 -0.807514 0.640975 -1.60343 -1.87121 -1.9266 -1.87703 
-0.874802 -0.611365 0.867348 1.04639 0.873976 0.904112 -0.129748 0.967537 0.634097 2.39705 1.27984 0.775449 0.358382 0.0597146 -0.0157969 0.01749 0.650945 -0.362624 -0.833093 -0.247289 -0.47587 -0.133489 -0.930076 -0.280966 -0.918874 -0.505944 -0.0924334 -0.568479 -0.52685 -0.815819 -0.774858 -1.45803 -0.104948 -0.0747659 -0.491242 -4.64809 -2.01276 -0.923879 0.570723 
-0.856157 -0.800683 0.653409 1.01967 0.566456 0.570288 -0.211093 0.964305 0.285138 0.539847 1.41004 0.119542 0.70639 -0.0336453 -0.244727 -0.0753789 -0.0709807 -0.426222 -0.319782 0.250665 -0.388711 0.0390932 -1.12531 -0.593341 -0.229325 0.755135 -0.0783795 -0.16761 -0.198224 -1.15925 0.119548 -0.1156 0.455733 0.240558 -0.559939 0.0891038 -1.03251 1.50277 1.05705 
-0.908447 -0.856092 0.79197 0.975411 0.447755 0.58433 0.120917 0.578826 0.67319 1.27174 0.686499 0.546123 1.11352 -0.018665 -0.183407 -0.180734 -0.508308 -0.243076 -0.948693 0.208444 -0.235312 -0.693428 -0.840972 -1.31347 0.583891 0.551108 0.0851848 0.213416 -0.265185 -0.915944 0.352938 -0.653394 -1.25177 0.493423 -0.527512 -0.200409 -0.425046 0.789009 -0.695399 
-0.874822 -0.98409 0.472675 0.51136 0.323379 -0.378405 -0.00264866 0.728993 -0.40829 -0.301125 0.0965696 0.703433 1.2575 0.0515395 -0.0313119 -0.340564 -0.986925 -0.0732835 -0.973177 -1.0011 0.104711 -0.488419 -1.32572 -1.01839 0.559683 0.059736 0.0806999 0.566615 0.713503 1.6587 0.976676 1.82606 -0.187796 0.332982 1.34916 1.13049 1.65266 -0.336602 -0.737829 
-0.856907 -0.887404 0.451406 -0.0115134 0.374471 -0.388847 -0.880184 0.683537 0.184771 -0.0539765 -0.331889 1.10581 1.17325 0.0620349 0.383208 0.532769 1.15039 0.7336 0.877364 0.0206485 0.0976699 0.655731 0.289521 0.339187 0.24729 -0.18672 -0.0639795 0.108935 0.650063 1.61238 0.658123 1.86084 2.19152 0.220081 0.375594 1.23281 2.03577 -0.151687 0.704178 
-0.812787 -0.600881 1.00544 1.66175 1.05698 0.498959 0.0179998 0.826663 0.247441 -0.0116035 0.435756 0.950723 1.07078 -0.01244 0.0776235 0.3095 0.625453 0.58484 0.887667 1.19042 0.324792 -0.112824 -0.0929143 1.01738 0.407996 0.763914 -0.0736906 -0.621457 -0.764399 -2.12882 -0.899571 -0.137377 0.649593 -0.307994 -0.587011 0.791084 0.441955 0.219978 0.527407 
-0.869347 -0.809781 0.760906 0.61394 0.959311 0.498821 0.310239 1.00833 0.0719467 -0.146891 0.685489 1.5138 1.93717 -0.0116557 -0.238249 -0.23163 -0.978433 -0.165971 0.739987 0.670241 -0.210324 0.0687199 1.08061 0.781141 0.467268 0.340687 0.142979 0.040101 -0.408159 -0.915836 -0.67008 -0.931024 -1.10876 -0.411197 0.377496 1.24427 -0.434852 -1.41849 -2.97453 
-0.824442 -0.83913 0.773813 0.683317 0.891008 1.23895 0.688241 0.616339 0.316161 1.069 1.2169 1.41799 1.41146 0.130539 0.117725 -0.0986589 -0.290383 -0.0852406 -0.0433568 0.0816636 -0.0864046 0.264671 1.15135 0.582526 -1.01049 -2.21062 -0.03515 0.0707098 0.16177 1.86887 0.397337 -2.17196 -1.62147 0.123828 0.261983 -1.10725 -2.32447 -2.01904 -2.15674 
-0.738808 -0.692056 0.662247 0.323557 0.87407 0.455464 0.391902 0.921925 0.336618 1.00446 1.26801 0.503311 -0.273452 -0.0468057 -0.167539 -0.0698607 0.890438 0.231366 -1.43197 -0.95123 -0.0864957 0.330703 -0.0266402 -1.54333 -1.55177 -1.81606 -0.0277147 -0.231162 0.334528 1.0707 0.0164193 0.569843 -0.546523 -0.343641 -0.0171635 -0.331385 -0.015543 1.52325 3.37004 
-0.871248 -1.00667 0.703953 1.57376 1.12237 -0.193023 -0.262989 0.529843 0.646864 1.04236 -0.326432 -0.133777 -0.404591 0.102824 -0.113437 0.235869 0.780316 -0.0688212 0.526487 -0.464859 -0.430045 0.247508 0.819967 0.566983 0.51276 1.15942 0.342849 0.185428 0.197968 -1.44373 -0.999256 2.47143 1.33887 -0.271398 -0.693761 -0.167689 2.38277 2.47037 3.01602 
-0.635984 -0.805494 0.898116 1.10387 0.805249 0.98195 -0.0729571 0.491879 0.584126 1.82443 1.835 1.01607 0.885969 0.296044 0.017889 0.128107 -0.553287 -0.767891 1.03946 0.387636 -0.357894 -0.363058 -0.194329 0.839445 0.918599 1.19996 -0.0807206 -0.329967 -0.382675 -0.748174 0.0780588 0.233737 0.835512 0.915241 0.13029 -2.2943 -2.6406 0.314658 -1.42262 
-0.575204 -0.98878 0.83206 1.02047 0.354483 0.846438 0.124648 0.171949 0.283806 0.848032 0.513012 0.784822 0.795372 0.0221037 -0.443405 -0.146806 0.0321418 0.00923758 0.760224 0.370652 0.485196 0.377797 -1.47433 -2.07362 0.827418 -0.263198 -0.21941 -0.308988 -0.232835 0.115868 0.809141 -0.893475 -0.648434 1.07091 1.12202 0.528403 -0.63496 -0.0486554 -1.68116 
-0.61388 -1.2489 0.751309 1.13601 0.814487 1.74217 0.297695 0.977075 0.961923 0.350097 -0.238619 1.84349 0.62277 0.0766338 -0.291099 -0.104728 -0.437419 0.0412506 0.145987 -0.260798 0.713015 0.75896 0.334073 0.204485 0.869944 -0.481198 0.124882 0.146293 -0.113986 0.214298 -0.0609191 -1.93124 -0.848039 -0.29493 -0.488128 2.83903 3.14312 -1.61424 0.080295 
-0.498571 -1.27988 0.727333 0.583049 0.395734 0.992425 -0.13615 0.884965 1.04277 1.18211 0.717497 1.65477 0.314174 0.146986 -0.297112 -0.260792 0.24644 -0.0516815 -1.17102 -0.477386 0.190266 -0.11033 1.3647 1.0695 -0.78682 -0.182903 0.0868408 0.212893 0.16104 1.0402 -0.0295681 0.334357 0.998694 -0.577402 -0.881662 0.429303 -0.297556 -1.38299 0.675658 
-0.466895 -1.54601 0.490517 1.38245 0.762805 0.571157 -0.179691 1.16734 0.851593 1.71479 0.830884 1.05667 0.439867 0.163475 -0.0782052 0.0563124 0.602785 0.0116825 0.480344 0.737897 0.135613 -0.122702 0.763377 -0.093071 -0.513048 0.19446 -0.0354864 0.213635 0.45603 -0.436891 -0.204425 1.4867 0.417973 -0.359127 -0.523039 -1.83276 -1.82943 1.61287 0.12481 
-0.335096 -1.35808 0.783645 1.18583 0.407416 1.47277 0.601747 1.02058 0.920064 1.94548 0.624426 1.14172 0.508634 0.111499 -0.0834768 0.195237 -0.190452 -0.256106 0.315684 -0.0594138 -0.168862 -0.633369 -0.468069 -0.759929 0.826052 -0.0580933 -0.203291 -0.0658323 -0.23423 -1.45282 0.220579 -0.294171 -1.34897 -0.138583 -0.245295 -2.29716 -0.0614696 0.361382 -1.00162 
-0.355396 -1.62949 0.685754 1.192 0.506699 0.88684 -0.239105 0.998479 0.218224 1.24672 0.0709553 1.88272 0.381774 -0.0398164 -0.144037 -0.177917 -0.850038 0.232261 0.186173 -0.611069 -0.00297048 -0.367996 -1.53378 -0.154541 -0.151667 -0.807159 -0.25977 0.511965 -0.288478 -0.390895 0.0400714 0.208538 0.811228 0.632455 0.571542 0.185073 1.78019 -1.6704 0.473327 
-0.374912 -1.50212 0.605728 0.335796 0.639678 1.65894 -0.00932228 1.01761 0.552067 0.411702 0.469886 0.990051 -0.298525 -0.148271 0.428488 -0.0932404 -0.581347 -0.216035 0.524221 0.751814 0.463593 -0.0618265 -0.282996 1.02026 -0.844344 0.415234 -0.245768 0.695596 0.0953135 0.0379864 -0.502644 -1.29873 0.319107 -1.04936 -1.13936 1.6113 -0.447351 -0.676527 2.22376 
-0.503666 -1.201 0.592514 0.610655 0.290664 1.41106 0.512709 1.46207 0.156398 0.963729 1.09121 1.03838 0.797008 -0.285585 0.551559 -0.0826038 -0.812052 -0.270383 -1.11256 -0.291962 -1.05233 -1.50736 0.0775178 -0.601891 -0.828194 1.4166 0.800586 1.61591 0.808785 -1.2297 -1.56275 -1.41191 -1.60398 -2.29675 -0.253142 -2.12138 -1.6666 0.334619 -1.41155 
-0.660497 -0.950562 0.523124 -0.476256 0.369295 0.546384 -0.301284 -0.0347246 -0.955294 0.48922 -0.132006 0.161857 1.11808 0.652315 2.0444 0.715545 -1.81105 -1.77878 -0.887693 -0.852164 -1.83315 -0.314968 -2.40437 -0.646339 -0.509725 -0.996321 1.75921 1.25958 0.0431616 -0.568684 -1.96638 -0.674476 1.60478 0.428373 1.1548 -0.598386 1.8849 0.106753 -1.70894 
0.148649 0.843399 1.30806 -1.20039 -1.48812 0.523368 -0.339455 -0.371082 -0.158571 -1.44064 0.444873 0.528653 -0.199314 1.47363 1.81114 -0.0394423 -1.38074 -2.23677 -1.78703 1.31282 -0.623959 -0.352559 -0.520868 1.28301 -0.721441 -0.29234 0.271703 -1.59422 -2.4782 1.67528 1.00893 -1.60857 2.55963 1.07168 -1.51842 4.02063 0.103154 -0.857763 1.95308 
0.813131 0.860577 0.483682 -1.85699 -1.86747 -1.24065 1.01154 -0.658684 -1.30785 -0.0316484 1.151 -0.559584 0.825736 0.924018 0.450176 -1.76265 -0.135763 -0.769852 -2.49627 1.70747 -0.761475 -1.83339 1.61625 -0.543186 -1.36749 0.956754 -1.27625 -1.42355 -1.24072 1.27517 1.39 1.42667 -1.03306 0.014407 -0.343521 -0.199539 -2.12239 -0.0700452 -0.237466 
1.07267 1.29357 -0.454594 -1.33616 -2.25797 -1.9729 1.36801 -1.13256 -1.99196 0.175611 -0.0983127 -0.838835 0.75744 0.197374 0.387584 -1.28016 -0.10557 -0.846762 -0.360367 0.279761 -0.609552 -0.69608 -0.720408 -0.839381 -0.791486 -0.529806 -0.883372 -0.609016 1.13116 0.275959 0.529903 3.41213 -1.93297 0.371973 2.53913 -1.39132 1.32553 0.561384 -1.24648 
1.01051 1.24816 -0.796482 -1.96256 -2.71423 -1.60102 1.2913 -1.26824 -2.00393 -0.752056 0.31162 -1.35107 0.295931 0.040646 -0.158841 -0.63149 0.140195 -0.239948 0.915861 -0.225505 -0.389502 0.705739 0.22493 0.782345 -0.806104 -0.289729 0.0439888 -0.702474 0.989675 0.750543 1.18975 1.14501 0.39117 0.148893 1.35085 1.24077 0.586168 1.83888 0.693885 
1.11331 1.13473 -1.08608 -1.19596 -2.49792 -1.05704 1.14251 -1.52206 -1.28622 0.400541 0.684033 -1.64494 0.467711 0.241363 -0.31489 -0.290489 0.644974 0.342987 0.78464 0.670931 -0.460659 0.654767 0.520365 -0.253213 1.04739 0.164079 0.100294 -0.00751954 0.261655 1.03083 0.263938 0.29164 0.55022 0.198918 -0.285519 -0.922556 -1.29033 1.44748 -0.238582 
1.25187 0.933271 -1.08697 -1.31759 -2.37125 -0.816376 1.96223 -1.7289 -1.34917 -0.231691 0.0584069 -0.303678 0.46001 0.14094 -0.16636 -0.369835 1.17103 0.0239894 1.2075 0.324716 -0.190585 0.42022 -0.697626 -0.507985 0.641379 -0.528311 -0.251874 0.448476 0.00504785 0.532066 -0.112508 0.193069 -0.455315 0.571674 -0.380217 -0.301522 0.662395 -1.35376 -0.783897 
1.25425 0.968374 -1.45592 -0.0249342 -2.47393 0.150465 1.46722 -1.71264 -0.866 -0.297086 0.176047 -1.00356 -0.0606005 -0.0105106 0.133586 -0.285441 1.17704 0.230479 0.977709 0.215616 0.111015 0.27455 0.218843 0.409182 -0.306364 -0.619818 -0.0970654 0.0880201 0.661048 -2.47521 0.890149 -0.984575 0.0951645 0.50422 -0.859945 0.444129 0.187967 -0.465159 1.0124 
1.24136 1.06686 -1.37241 -0.140548 -2.14077 0.161333 2.17785 -1.61788 -1.07462 -0.0128477 0.467588 -0.610042 -0.159808 0.0438747 -0.0783402 0.291212 -1.30418 0.914138 0.222926 0.41988 0.313635 -0.439725 -0.253497 -0.320019 0.176219 0.484086 0.0276242 -0.285556 0.283087 -3.37359 0.711097 -1.19565 -0.787659 0.526625 -1.09276 -0.750119 -0.939691 0.0577473 1.63202 
1.29813 0.890034 -1.16471 -1.32912 -1.55979 0.373392 1.8871 -1.39901 -1.30572 -0.550583 -0.143971 -0.827341 0.423486 0.0171136 -0.15197 -0.00235333 -2.19655 0.941576 -0.217938 -0.572043 0.63764 -0.818212 -0.531276 -0.530509 -0.248616 1.0122 -0.105479 0.197767 -0.682403 0.229249 -0.519307 -0.400665 -1.06534 0.307365 -0.397597 0.411867 0.109612 -0.734116 -0.203649 
1.25847 0.914887 -1.37476 -2.3371 -1.19919 -0.0566049 1.6058 -0.98024 -1.89283 -0.544124 -0.0629208 -0.858658 0.852395 -0.0616042 0.119427 -0.39119 -1.07493 0.394832 -0.177738 -0.645457 0.621001 -0.837321 0.158369 -0.210407 -0.557897 0.280437 0.0184578 0.218365 -0.106612 1.50859 -0.525537 -0.051953 0.478485 -0.595718 0.836316 0.648305 0.495259 -0.122892 -0.981634 
1.23652 1.00946 -1.5559 -2.40405 -1.16496 0.195653 1.24164 -0.778009 -2.14305 -0.392213 -0.354378 -1.38524 0.703923 0.0355714 0.066395 -0.108966 -0.687961 0.416039 -0.269891 -0.0935575 0.0419217 0.018104 0.117029 -0.0352504 -0.371508 0.0305689 0.176324 -0.0399471 0.115461 2.22449 -0.479984 0.219127 1.08227 -1.06168 1.30471 -0.408689 0.468144 1.23809 -0.686329 
1.29404 0.981282 -1.48373 -3.02506 -0.783152 -0.326496 1.51224 -0.938318 -1.87472 -0.427095 -0.0981712 -1.23017 0.882964 0.11472 0.0794799 -0.275729 1.14955 -0.0851527 0.0413889 0.436811 -0.44068 0.467385 -0.25032 0.257737 0.680198 -0.405891 0.00596286 0.0293752 -0.353613 3.08807 -1.21464 1.56913 -0.0371434 -0.491893 0.120783 -0.862421 0.132915 0.99049 -1.36381 
1.35124 1.08894 -1.83163 -1.2545 -1.25011 0.237042 1.67846 -1.21869 -1.67566 -0.642533 -0.0966402 -0.705039 0.298032 0.0415342 0.0957702 -0.462578 2.40011 -0.798598 1.29924 -0.130701 -0.449971 0.138887 -0.745392 0.0976649 0.618982 -1.33324 -0.108634 -0.318772 0.31749 -1.35412 -0.266948 -0.727498 -0.790823 -0.236249 -0.999939 -0.559331 -0.586708 -1.32522 -1.29761 
1.33558 1.07705 -1.94631 -0.624951 -1.58175 0.972745 1.38154 -1.38829 -1.73584 -1.17249 -0.000506223 -0.611184 -0.450277 0.00608611 -0.239292 0.0417607 -0.204565 -0.352101 -0.686109 -0.354012 -0.676929 -0.532554 -0.809651 -0.32897 -0.64502 -1.7035 0.140994 -0.475491 1.19669 -2.71623 1.53428 -2.34194 0.496089 0.394206 0.267999 1.63001 0.364217 -0.821015 0.798002 
1.35733 0.849649 -1.78987 -1.45906 -1.60221 -0.449067 1.32444 -1.89562 -2.20821 -1.45218 -0.42561 -1.35006 -1.40547 0.182528 -0.379721 0.73411 -0.316124 0.735678 -1.0427 0.365389 -0.055765 0.406886 0.884622 0.461882 -0.202033 -0.535239 0.199797 0.101045 0.217701 2.17681 0.41189 2.28359 0.0637769 0.971215 1.99227 0.90872 1.69277 0.795262 1.55556 
1.5181 0.697332 -1.2122 -0.941075 -0.846072 -0.0699543 1.74693 -1.44405 -1.32895 -0.287865 0.461376 -0.813217 -0.985516 0.205883 -0.138247 0.259462 1.97225 0.0597891 1.59748 -0.290235 0.294285 1.45971 0.0990691 1.3638 0.150242 -0.147941 -0.129964 0.428156 -1.23364 2.45197 -1.30602 2.06457 -1.28898 -0.234724 0.420031 -1.91351 0.022669 0.0855304 -0.810841 
1.56321 0.711401 -1.5304 0.513186 -1.54242 1.14842 1.03421 -1.60133 -0.748503 -1.35311 0.938186 -1.19982 -1.55341 0.0525633 0.048435 -0.499534 2.13585 -0.570341 1.02187 -0.92359 -0.290489 0.826917 -1.02889 0.484551 -0.116502 -1.34608 -0.168694 0.160151 -0.217067 -1.5172 0.450751 -1.60849 0.328604 -0.333701 -0.633176 -0.242992 -1.35613 0.75965 -0.648787 
1.57067 0.745767 -1.71173 1.19477 -1.41641 0.951919 0.823342 -1.73454 -0.502035 -1.31676 0.945926 -0.929719 -2.3316 0.0371887 0.0219039 0.0423949 0.455044 0.51054 -0.0110059 0.0383693 -0.0394154 0.826535 -0.143923 0.00766461 0.909892 -0.796728 -0.143422 0.138514 0.360966 -2.53192 0.936505 -1.14357 0.973817 0.567055 -1.1283 0.930794 -1.54395 0.374161 1.33115 
1.6004 0.733305 -1.48801 0.96823 -1.03188 1.13741 1.07258 -1.64075 0.0780318 -1.49704 0.945851 -0.289925 -2.35014 -0.0908585 0.186949 -0.138568 -0.396078 0.366164 -0.121701 0.0502269 0.276565 -0.301379 -0.0980971 -1.0594 0.257658 -0.014931 -0.229739 0.350554 -0.342205 -2.41931 0.158417 -1.17828 -0.522144 1.2187 -2.2779 0.219092 -0.959838 -2.49323 1.3534 
1.47981 0.932715 -1.8503 0.798694 -1.05025 0.830218 0.873569 -1.45798 -0.803414 -1.41485 -0.113475 -0.672061 -2.34653 -0.19255 0.372458 -0.29981 -1.96426 0.668958 -1.18928 -0.483774 1.17928 -1.45136 0.075169 -0.952173 -1.58334 0.556673 0.0405778 -0.0285614 0.328819 -1.4925 0.836079 -1.14864 -0.451608 0.878514 0.242248 0.126499 0.888827 -1.27057 1.04455 
1.40785 1.10576 -1.78782 -0.996032 -0.362927 -0.0518725 0.588804 -0.461466 -1.37333 -1.42187 -0.00632279 -1.87327 -1.79347 -0.0502807 0.158387 0.190251 -1.88857 1.20224 -1.27035 -0.401381 1.15508 -0.0591318 0.0284018 -0.170575 -1.01291 1.02962 0.179358 -0.321729 0.410178 2.60305 0.178227 0.421786 0.38741 -0.84786 2.37616 0.497384 0.702868 1.5945 0.230643 
1.42953 1.0911 -1.66005 -1.08988 0.151993 -0.440127 0.472188 -0.302899 -0.862546 -1.38645 -0.28405 -1.68497 -1.3169 -0.0131921 0.0507281 0.110368 0.638791 0.847184 -0.767496 -0.0963644 0.331423 0.924799 0.572553 -0.249305 0.0111536 0.787316 -0.0611084 -0.221419 -0.0949597 2.36464 -0.564035 0.379129 0.183604 -0.853805 0.30211 0.860685 -0.235453 0.533043 -0.345761 
1.39466 1.15649 -1.67745 -0.357241 0.484258 -0.819368 0.492439 -0.130043 -0.448531 -0.849316 -0.255628 -1.86211 -1.00615 -0.111389 -0.0630318 0.0952916 0.476067 0.638207 -0.891217 -0.217777 0.301274 0.242978 0.889087 -0.406027 -0.479868 0.683862 -0.205299 0.103281 -0.11672 0.62394 -0.69785 0.451584 -0.475854 -0.255614 -0.673312 0.205341 -1.02236 -0.0875955 -0.561613 
1.31814 1.02807 -1.56476 -0.613812 0.7902 -1.33134 0.254411 -0.00162438 -0.619568 -0.497365 -0.690077 -2.16484 -0.633041 -0.218491 0.154009 -0.00635147 1.26273 0.149334 -0.315911 -0.572218 0.0758094 0.251487 0.777893 -1.27166 -0.0764419 0.225702 0.0028877 0.0455711 0.297022 -0.261675 -0.409003 0.36621 -0.892155 -0.483044 0.724047 -1.21433 0.0241296 0.331809 -1.378 
1.17617 1.3105 -1.6838 0.905491 0.633592 -1.13528 -0.0797787 -0.0542333 -0.197044 -0.0714231 -1.52729 -1.93856 -0.78045 -0.108501 -0.0174607 0.392314 0.214393 0.229205 -0.525007 -1.10993 -0.18177 0.967025 -0.325245 -0.381898 -0.14806 -0.694136 0.146808 -0.218785 0.502737 -1.45324 -0.601734 0.937663 -0.606866 -0.532695 1.20802 -1.22148 0.620673 0.661652 -1.52528 
1.20964 1.01061 -1.17244 -0.399419 1.01941 -1.85635 -0.85552 -0.183394 0.347457 -0.82261 -1.07198 -2.3129 -1.32718 -0.0716828 -0.0647756 0.496385 -0.19051 -0.4524 0.621751 -1.17908 -0.456886 1.45951 -0.443589 -0.65099 0.58521 -1.29958 0.165438 -0.0695673 -0.190788 1.68535 -1.7262 2.24383 0.590336 -0.610778 1.20386 -0.491168 0.1098 1.99893 -0.810521 
1.10449 1.24572 -1.18742 0.714981 0.181192 -0.513528 -1.25886 -0.511119 1.26246 -0.515012 -2.17828 -1.35335 -2.08003 0.0569364 -0.087028 0.201526 1.89975 -1.49699 1.71882 -0.519596 -0.792548 2.17088 -0.816413 -0.272098 1.85087 -1.50466 0.0797596 -0.0346672 -0.216936 0.853237 -0.28357 -0.760299 0.383362 0.291652 -0.288319 -1.25131 -0.41564 0.882123 0.991697 
1.26657 0.923582 -0.970918 1.50033 -0.477587 -0.137528 -1.37512 -0.975942 2.51834 -1.63902 -1.34407 -0.462031 -2.83183 0.00807679 -0.0994428 0.27945 0.662727 -0.735969 -0.138547 -0.795722 -0.165234 1.17119 -1.6949 -1.06663 1.46733 -0.307879 -0.432899 0.538869 0.270579 -2.42797 1.7004 -2.5775 0.349104 1.15917 -2.55788 1.09375 -1.34384 -1.18046 3.60823 
1.11256 1.14628 -0.907968 1.37771 -0.554777 -0.652075 -2.05458 -0.676354 2.43365 -2.20991 -3.24491 0.113987 -2.3879 -0.375963 0.451841 0.472105 -0.528223 0.203404 -0.858675 -0.170492 0.36662 -0.386999 0.277334 -1.61594 0.670404 2.10357 -0.367239 0.395461 0.543571 -1.32553 1.13356 -1.52059 1.47371 0.110304 -1.91381 3.84538 1.27299 -2.18141 1.98235 
0.890612 1.37542 -0.498814 0.972105 -0.274183 -0.996204 -1.54561 -0.609322 2.13134 -1.36169 -2.96001 0.208372 -0.728265 -0.359162 0.296018 0.82302 -0.662808 0.397592 -1.65914 0.677988 -0.0549301 -0.742622 2.15048 0.206364 -0.714079 1.67447 0.144639 -0.319399 0.0640045 0.368148 0.267327 -1.04955 -0.273303 -0.532508 -0.192031 1.79143 2.4535 -1.65542 -2.63958 
0.7534 1.4423 -0.0849474 0.714899 -0.157185 -2.31121 -1.3766 -0.731284 1.69103 -0.0594256 -3.03855 -0.600092 -0.713434 -0.231324 0.132443 0.536109 -0.160075 0.470731 -1.90822 -0.443795 -0.165888 -0.57903 2.06876 0.837555 -0.985019 -0.536008 0.22501 -0.301625 -0.467662 -0.0723469 0.139604 1.53337 -1.48573 -0.115886 -0.0434272 -0.867291 1.73454 0.825452 -1.4139 
0.659288 1.50787 0.0372956 0.81203 0.196549 -2.90443 -1.9894 -0.77521 1.55231 0.707071 -2.12246 -0.776647 -1.26427 -0.134152 -0.00560687 0.355358 -0.735155 0.537196 -0.12577 -0.807746 -0.170816 -0.786049 1.28319 1.9409 0.111372 0.260568 0.11831 -0.14043 0.108307 -1.25869 -0.164818 3.45101 0.586784 -0.288952 -0.429982 -0.70452 0.340149 1.45512 2.00062 
0.619249 1.43669 0.270411 -0.0202559 0.380011 -2.43698 -2.18434 -0.9021 0.904984 1.22376 -1.09765 -0.48872 -0.452866 -0.113014 -0.00798767 0.644416 -1.41877 0.305914 1.54279 0.142989 -0.45484 -1.00901 1.36424 1.1777 0.470104 1.46461 -0.00697994 0.0857736 -0.078511 -0.157363 -0.103683 1.07162 0.675187 0.0882191 0.0155469 -0.807298 -1.97801 0.156222 0.563668 
0.546274 1.49988 0.681711 -0.606737 0.502462 -1.36164 -1.84641 -1.23005 0.5433 2.07131 -0.944755 -0.306543 0.200342 -0.141132 0.0801668 0.276847 -0.892518 0.433513 0.945852 -0.132559 -0.0825969 -0.770502 0.475892 -0.0371068 0.267594 0.824236 -0.0685977 -0.0661378 -0.475719 0.925489 -0.164173 -0.322276 -0.296108 -0.244056 -0.296633 -1.14425 0.4478 -0.634088 -1.71346 
0.478117 1.51686 0.547258 -0.912774 0.813524 -1.49113 -2.3169 -0.984697 0.134482 1.69966 -1.13475 -0.221126 0.37137 -0.181612 -0.0741255 0.168697 -0.493279 0.14174 1.22051 -0.153119 -0.698896 -1.30564 0.219994 1.6255 -0.163984 -0.248844 -0.24264 -0.292218 0.514566 1.47453 -1.31265 0.0890456 1.42738 0.122282 0.204593 -2.1879 2.33731 -0.277106 -1.30247 
0.364662 1.42575 0.850408 -1.10002 0.644202 -0.141127 -1.99953 -1.92895 -0.762345 2.2913 0.680749 -0.470528 -0.0485023 -0.383771 -0.212051 0.791413 0.582013 -0.879141 1.0349 1.29482 0.039685 -0.565909 -1.71201 2.3002 -0.0095115 -0.478236 -0.416701 -0.611228 0.459782 0.990255 -0.642289 -1.92409 1.10607 2.87609 1.79041 -2.47745 -1.14848 1.00735 0.440413 
0.0943457 1.30481 1.33867 -0.330761 -0.0656169 -0.456233 -1.02208 -0.945012 -0.431427 -0.0123534 1.16545 -0.230637 -0.106866 -0.598312 -0.685354 0.628479 0.496976 -0.500549 -0.703577 0.952952 2.1772 0.484761 -2.25746 0.477022 0.843366 0.191568 -0.400307 -1.23893 -1.22168 0.36058 1.46192 -1.13241 -1.49369 1.13675 1.0867 2.09929 -2.58965 1.02463 0.426434 
-0.23365 0.740399 1.47889 -0.60304 0.143653 -0.844704 -1.04658 0.248252 -0.277584 0.0338496 1.15777 0.372838 0.143066 -0.784079 -1.45098 -0.430266 0.942593 0.582774 -0.09751 -0.198871 1.17644 0.520791 0.38728 -0.289445 1.01512 -0.0518017 -0.0444772 -0.664438 -1.41963 1.16224 1.29358 2.38308 0.268567 -1.28165 -0.0196038 2.30162 -1.78269 -0.48595 -0.27089 
-0.689733 -0.146176 0.908405 0.611832 0.517157 -0.553743 -1.22095 0.231424 0.0893634 0.374927 0.876003 0.784482 -0.158668 -0.64279 -1.34979 -0.791151 1.65921 0.79303 1.67951 1.22152 0.895543 0.465157 0.0441662 -1.30566 0.357416 -0.0793213 0.601165 1.02861 0.361298 -0.265509 -0.287144 1.18836 1.36893 -1.01653 -0.721964 -1.15623 -0.688985 -0.52179 1.05463 
-0.87644 -0.609393 0.687736 1.05617 0.936684 0.834804 0.174939 1.14379 0.187573 0.0780158 -0.147893 0.730255 0.0637448 -0.182914 -0.422372 -0.0689677 0.677084 0.295631 1.09085 1.17006 0.159908 -0.201174 -0.768948 -0.97843 0.493329 1.00283 0.622315 1.43384 0.982953 -2.07395 -0.773258 -0.919602 -1.21101 -1.5555 -0.156134 -0.51849 0.559034 -0.61238 0.118623 
-0.872647 -0.568548 0.839437 1.28892 0.812788 0.537109 -0.0508884 0.391332 -0.11181 -0.394021 -0.102427 1.27781 0.844165 -0.0204746 0.0840445 0.191802 -0.414735 0.0197727 0.759905 0.0105114 -0.659953 0.309023 -0.474323 -0.74663 -0.254964 0.0393015 0.138065 0.298047 0.0497699 -1.50339 -0.538607 -2.02338 -1.62458 0.0271387 0.573925 1.38137 1.07614 -2.14579 -2.10264 
-0.896914 -0.525349 0.879538 0.641437 0.956456 1.59471 0.185451 0.483842 0.496596 -0.396308 -0.894523 0.475291 0.103046 -0.0448487 -0.124325 -0.0191978 -0.82631 -0.242976 -0.932524 -0.454515 0.187047 0.372752 0.612425 0.0977078 -1.65246 -1.09981 -0.0761842 -0.371204 -0.591395 -0.389298 -0.303926 -2.03864 -0.0247897 1.14644 0.187921 1.34186 2.68063 1.05346 0.932528 
-0.917495 -0.692873 0.82024 0.462606 0.569812 -0.395414 -0.505403 0.578379 0.260941 0.218404 -0.00471869 -0.374646 -0.255641 -0.0966588 -0.28716 -0.399593 -0.804033 -0.284153 -1.27874 -0.0142784 0.486491 0.496944 0.867533 1.934 0.798496 0.97183 -0.023447 0.0912619 -0.24611 -0.149675 0.0782764 1.40105 0.487796 -0.373355 -0.593753 -1.37181 0.233373 3.0834 2.47192 
-0.993573 -0.812508 0.479945 -0.162596 0.672303 0.315973 0.171172 0.970333 0.99354 0.471225 1.03948 1.27379 1.07488 -0.0682957 -0.0330631 -0.265307 -0.975986 -0.1647 0.46853 0.033281 -0.186309 -0.221002 -0.759381 0.331081 1.43095 1.37211 0.102622 0.360428 0.337814 1.02808 0.433408 1.4967 -0.720328 -0.602775 -0.689945 -1.03331 -2.47323 -1.65473 -1.76686 
-0.985791 -0.725936 0.554932 -0.51338 0.405112 0.0731161 -0.472122 0.392071 0.0399397 -0.540976 0.326362 1.0563 1.11647 0.00596366 0.0732682 -0.0617792 0.224043 0.149255 0.217967 -0.734606 -0.116284 -0.193001 -0.165774 -0.539232 -0.856237 -0.795032 0.0365312 -0.00415116 0.406586 1.98301 0.886542 1.71417 0.63507 0.935608 0.772237 1.2881 -0.113168 -1.99099 -1.38639 
-0.987609 -0.73924 0.418166 0.0614467 0.821558 0.53394 -0.563434 0.854049 0.800539 0.305451 0.500246 0.41755 0.279844 -0.0317645 -0.0372142 0.141279 1.00702 0.721842 2.1827 0.668351 0.749299 0.551236 0.528719 0.217913 -0.560043 -0.014281 0.0700457 -0.188757 -0.0907068 -0.878702 -0.505736 -0.810503 1.49483 0.607151 -0.681189 -0.279915 0.671595 1.40047 0.494165 
-1.01756 -0.763151 0.696211 0.493644 1.12695 2.25582 0.196228 1.14137 0.591176 -0.0122574 0.544276 0.496257 1.10219 0.0760094 -0.115489 -0.152486 -0.654659 -0.356481 -0.592536 0.76022 0.490867 -0.87419 -0.44569 0.132364 0.544232 -0.300866 0.0828383 -0.0099178 -0.332493 -1.63692 -1.31904 -4.58397 -1.21183 -1.74542 -0.780857 -0.489665 -0.905029 1.08927 -0.547029 
-0.9116 -0.854729 0.26568 -0.593212 0.465077 -0.0585963 0.196786 1.34492 -0.0736515 -0.140239 0.63261 0.961782 -0.0210219 0.0510738 -0.047132 -0.191215 -0.629893 -0.5972 -2.40126 -0.54348 -0.996124 -0.229621 0.0390535 -0.687116 0.529228 -0.56131 -0.121818 0.236699 0.370234 1.29395 0.268502 0.114417 -1.50261 -0.947823 1.68656 0.101693 -1.13751 -1.18197 0.740652 
-0.966482 -0.810283 0.504996 -0.13625 0.529755 -0.145447 -0.347252 0.145246 0.361554 0.026796 -0.14284 1.02548 0.540881 -0.0458091 0.12121 0.217748 0.639289 -0.0879793 -0.47812 -0.742386 -0.456956 0.812372 -0.343997 -1.00515 -0.637742 0.439786 -0.0585408 0.167773 0.212156 0.694336 0.609487 2.87965 0.338267 1.7218 0.149336 -0.466641 -0.186164 -1.1074 -0.545564 
-0.957409 -0.733519 0.483427 0.0460768 0.377098 -0.536716 -0.5456 0.88796 0.73872 -0.484235 -0.372536 0.32404 0.418764 -0.00746694 0.120641 0.0209413 0.0644433 0.012287 0.478383 -0.205214 0.725678 -0.0802855 -0.427587 -0.87328 -0.57817 -1.10687 0.00189814 -0.0853439 -0.0680468 -1.03001 -0.0158174 0.882601 0.699694 0.512113 -0.991075 0.80758 1.97584 0.552989 -0.638782 
-0.973949 -0.689641 0.525937 -0.0718064 0.542042 0.332936 -0.552466 0.870924 0.281269 -0.400791 -1.01612 0.447315 -0.565993 -0.043911 0.035866 0.149701 -0.390725 -0.103797 0.404481 -0.0426925 0.055157 -0.178703 0.463583 0.970696 -0.0847528 -0.198996 0.0571986 -0.185181 0.000970682 0.0169414 -0.453567 -1.59789 -0.117876 -1.32661 -0.321 0.290715 1.70775 0.75268 2.0162 
-1.00132 -0.697653 0.633128 -0.344648 0.273301 -0.132235 -0.588293 0.943117 0.560017 -0.020652 0.598159 0.239287 0.219768 0.0497317 -0.0645401 0.021912 0.0813846 -0.44128 -1.11951 -0.32309 -0.600937 -0.401286 -0.136872 0.83447 0.174511 0.909324 0.0431364 -0.276698 -0.284232 0.694802 0.10266 -0.547458 0.48251 -0.291444 -0.103957 -0.225874 -1.62804 0.288737 0.223841 
-0.924217 -0.754182 0.547849 0.00957822 0.100762 -0.786574 -0.875556 0.269988 -0.120017 -0.537663 -0.18165 0.621825 0.34333 -0.000774574 -0.240832 -0.134531 0.304077 -0.00113642 -0.142976 0.439818 -0.236286 -0.28266 0.23771 -0.657343 0.203984 0.0248448 -0.0519854 0.015409 -0.0369997 -0.293061 0.813941 1.76602 0.353734 0.947236 1.0487 1.36253 0.306151 -1.36377 -1.94449 
-1.00209 -0.938485 0.498597 -0.0405714 0.272165 -0.275211 -0.148475 0.70683 0.277357 0.217058 -0.0591841 0.443271 0.244613 -0.00225372 -0.0491311 -0.0150877 -0.211676 0.372661 0.646507 0.030644 0.346299 0.647416 1.22566 1.14062 -1.18926 -1.03517 0.0763372 0.498141 0.396524 0.737788 0.686563 0.600346 -0.395235 0.640098 0.908441 0.813803 1.24358 -0.862372 0.305915 
-0.926471 -0.803313 0.532762 -0.202098 0.473423 -0.140067 -0.844912 0.616287 0.527399 0.687992 0.95897 -0.567431 -0.691835 0.0755626 0.257309 0.261992 1.04187 0.685427 0.45737 0.0445825 0.403811 0.62578 1.05151 0.586238 -0.658388 0.33076 -0.142706 -0.122117 0.126062 -0.140488 -0.520377 -0.880618 0.370087 -0.576956 -1.27975 -3.3749 -4.15582 1.27877 1.92277 
-0.926532 -0.681176 0.76059 1.00129 0.957592 0.182159 -0.103892 1.11064 0.903137 1.26857 0.527054 -0.215117 0.575373 -0.144959 -0.171248 0.110974 -0.352163 -0.147716 -0.23411 0.400731 -0.230656 -0.632333 -2.14924 -3.0152 0.0895112 0.8876 -0.193431 -0.350435 -0.376384 -2.15474 -0.996836 -0.0296224 0.23138 -0.545585 -1.12218 -1.75308 -1.43434 2.29202 0.588651 
-1.07143 -0.974561 0.643736 -0.554261 0.325708 -0.374177 -0.444181 0.38563 -0.104934 -1.46125 -2.05623 -0.47792 0.195764 -0.117869 -0.0931266 -0.114391 -1.11287 -0.311409 0.427748 0.275962 -0.141774 -0.496396 -0.70157 -0.848101 1.63363 0.919411 0.236242 0.464728 -0.187111 -0.135777 0.241454 0.644337 -0.325897 0.298921 0.733157 3.11096 5.13234 0.858047 -0.604267 
-1.0444 -0.774303 0.646198 -0.111577 0.646183 0.609906 0.17207 0.968867 0.406741 0.567 -0.321047 1.41851 1.49478 0.0912831 0.29348 -0.0761373 -0.487941 0.0937389 0.410226 0.0748341 0.0682645 0.100825 0.961719 2.11714 0.947558 0.283333 0.0896081 -0.0167989 0.215064 1.97878 0.655659 -0.27923 -0.385349 0.446125 0.718834 -0.523235 0.78572 -2.68179 -2.19215 
-0.980147 -0.681081 0.567599 -1.0422 0.419447 0.0360492 -0.369347 0.453895 -0.00410919 -0.49953 0.060913 0.469638 0.479098 -0.0282608 -0.109926 0.100672 0.865913 0.34425 0.148518 -0.109387 0.304351 0.222439 -1.22481 -0.0623807 -1.04817 -1.27274 -0.205044 -0.63113 -0.238782 0.814236 -0.493967 -1.85347 -0.285551 -0.613093 -0.39276 -1.73279 -3.14225 -2.25315 -2.08526 
-1.07266 -0.884229 0.746871 0.754337 0.990433 0.758424 0.0626831 1.27322 0.62918 -0.657805 -0.383428 0.370344 0.222041 -0.113761 -0.33765 -0.314919 0.326295 -0.400228 -1.44325 -0.210717 -0.544829 -0.291935 -0.771073 -1.02511 -1.30559 -1.80193 0.00127254 0.301314 -0.0882437 -2.47123 -1.03895 -1.22689 -0.370378 -1.02765 -0.696807 0.856865 0.176514 1.80704 1.04182 