-1.03197 -1.10725 0.873112 -0.868319 -0.294355 0.588227 -1.01714 0.729924 0.971708 -0.216758 -0.224752 0.257623 0.408966 0.085207 0.340561 0.170171 0.278562 -0.46814 0.0708535 -0.95431 0.205463 0.158074 0.148971 -0.15522 -0.333424 -0.0166044 0.0695518 0.0835343 -0.258896 1.6952 2.38405 0.530663 1.0423 0.0390203 -0.265117 -0.777032 1.44605 1.3552 1.20254 
-0.917929 -0.782867 0.760808 -0.108968 -0.104825 0.540315 -0.895029 1.0747 1.16752 0.000243304 0.723559 0.61733 1.13278 0.0786824 0.255913 0.0325981 1.04445 1.11942 0.160942 0.261597 -0.0145052 -0.0326234 0.158934 0.200778 -0.176273 0.469375 -0.197887 -0.392599 0.127112 -0.207081 1.16049 -0.342489 1.58033 -0.421974 -0.175551 -0.314559 -0.482312 0.0947112 -0.896063 
-0.953288 -0.851339 0.90571 0.176129 0.825062 0.749168 -0.755545 0.715418 0.939084 -0.0578231 -0.0239736 0.0813496 0.878341 -0.11268 -0.0520376 0.297283 0.0714807 0.692347 -0.271635 0.626022 -0.216511 -0.0174766 -0.165588 -0.637532 -0.238713 -0.912668 -0.164037 -0.435462 -0.0776447 -1.27466 -1.39103 0.086374 0.761747 0.0202869 -0.352929 -0.0166529 0.718592 0.337352 0.188353 
-1.03061 -0.834904 1.05809 -0.0374872 0.587522 0.268679 -0.269007 0.858184 1.15004 -0.165344 0.0860275 0.378617 0.220113 -0.085355 -0.179549 -0.0450466 -0.23021 -0.271614 0.247316 1.02334 0.0057817 -0.385553 0.142282 0.919371 0.161079 0.657728 0.165053 -0.110767 -0.835423 -0.172409 -0.910357 0.488721 -1.06384 -0.0910063 -0.685659 -0.142635 0.614449 -0.301055 1.69733 
-1.03864 -1.03089 0.860663 -0.0540807 0.553447 0.996484 0.267798 0.7212 0.553532 0.0844585 0.895397 0.242428 1.53607 0.0523733 -0.162805 -0.53814 -0.100928 -0.21801 0.217086 -0.437815 -0.307517 -0.703136 -0.308222 -0.0230823 -0.539768 0.784658 0.136074 0.248988 0.0577525 0.422489 0.550336 -0.733712 -0.140134 0.39191 1.16023 -0.268546 -1.43772 -0.716867 -1.33453 
-0.978236 -0.997709 0.519951 -0.138415 0.369512 0.485765 -0.706821 0.550667 0.446907 -0.473567 0.0629452 -0.161151 1.00477 0.0507188 0.0694385 0.0127059 0.19228 0.278721 -0.486397 0.88321 0.397692 0.774676 -0.126264 -0.518347 -0.555788 -0.676799 -0.0857472 0.238102 0.990429 0.118139 0.772904 0.123968 0.493707 0.223797 0.757682 0.149917 0.801213 1.62124 -1.11525 
-0.987924 -0.961449 0.873369 0.138199 0.832168 0.510087 1.15101 1.11889 1.32821 -0.0418057 0.377051 -0.31336 0.859269 -0.0333738 0.0752972 0.452289 0.0172106 0.554894 0.341054 0.055892 -0.08372 0.0545469 -0.158306 0.778131 1.08147 -0.330596 -0.026657 -0.176635 -0.139407 -0.458922 -0.3642 1.02671 -1.06341 -0.626779 -1.12278 -0.120015 0.603083 1.25982 1.13633 
-1.01161 -0.922412 0.97224 -0.121205 0.924406 0.826819 -0.650929 0.466947 0.501454 -0.631872 0.841076 0.920317 0.674175 0.0240618 -0.107196 -0.126702 -0.266642 -0.0854791 0.540316 -0.180202 -0.229087 -0.348107 -0.246279 0.0847361 0.704029 0.459528 0.103109 -0.103404 -0.489456 0.311895 -0.41813 -0.316561 1.24277 0.652759 0.463707 -0.362524 -1.21261 -1.62218 0.895728 
-0.963863 -1.06865 0.746668 -0.128443 0.746689 1.0504 0.970806 0.889805 0.9801 -0.288085 0.461787 0.390669 1.3188 0.0697349 -0.0281063 -0.0371671 0.329105 0.136764 0.0244924 1.29867 0.569039 0.518253 -0.52083 -0.434478 -0.540711 0.565132 -0.0077821 0.20262 0.40556 0.461985 -0.341568 -0.950341 -2.1448 -0.0347284 0.248188 -0.0133911 -0.175859 -0.128351 -1.54988 
-0.941875 -0.950518 0.935073 0.207901 1.06117 0.851311 0.647737 1.03599 1.01971 -1.1527 0.406598 0.379606 1.23931 0.0162797 0.0954238 0.278858 0.195342 -0.427047 -0.410025 -2.325 -0.263815 -0.0999191 -0.25967 -0.0911229 0.575678 -1.09036 -0.0943756 -0.0250835 0.0201477 -0.810957 -0.676236 -0.337068 -1.69689 -0.396351 0.0530676 2.60178 0.779216 0.57733 -0.961706 
-0.947583 -0.973222 1.02553 0.066899 0.319642 0.640378 -1.35419 0.62599 0.880181 -0.547755 0.370664 0.966347 0.228442 -0.0246408 -0.0531898 -0.0170194 -0.481851 -0.539472 -0.312576 -0.398226 0.172688 0.571321 2.08095 0.344738 0.0366193 -0.396575 -0.026021 -0.0360489 -0.248932 -0.270582 1.30409 0.474881 3.28437 0.851383 0.564289 0.94686 0.446087 -1.39504 1.02656 
-0.966516 -1.00371 0.918054 -0.27395 0.521697 0.538735 0.249511 1.20867 1.59103 0.928246 0.751336 0.416225 0.842732 -0.00974128 0.0593749 0.0299265 -0.0752403 0.87704 0.0648554 0.959372 0.587567 0.46437 0.68719 0.354965 -0.819358 -0.0637969 0.034015 0.184469 -0.188674 0.765865 1.13919 0.674085 1.58897 -0.530171 -1.21133 -4.25888 -0.658347 0.297173 -0.0503753 
-0.957324 -0.913847 1.05545 -0.00834127 1.19668 0.705233 -0.394821 1.21356 1.34455 0.139434 0.725628 0.146989 0.164645 0.00937428 0.131279 -0.205693 0.284014 0.599719 0.361509 1.19074 -0.357482 -0.640008 -2.17793 -0.313609 0.333792 -0.44695 0.00424475 -0.0307425 -0.578529 -0.257022 -1.75895 0.0319388 -0.815831 -0.557491 -0.522171 -1.65919 -0.848532 1.20494 0.160336 
-0.957141 -0.872429 0.71236 0.0100643 1.12142 0.900245 1.44025 0.851191 0.95102 -1.24968 0.437727 0.750017 0.395782 -0.00549653 0.0286324 -0.548603 -0.332262 -0.881906 0.0967942 0.143541 0.0300764 -0.0578014 -0.971999 -0.493568 0.38558 0.0965388 -0.0690691 -0.302267 0.075701 -0.742369 -1.10554 -0.948341 -2.3997 0.561224 0.702915 3.45727 0.456635 0.063677 0.993512 
-0.962821 -0.885215 0.50685 -0.340604 0.314776 0.802027 -0.25128 1.24363 1.28675 -0.832564 0.23206 0.532569 0.261184 -0.0596948 -0.170989 -0.129993 -0.458354 -0.505821 -0.586831 -1.20896 0.203742 0.062907 1.27934 0.143026 0.397469 0.546562 -0.0533341 -0.222105 0.829396 0.425802 0.655858 -0.0157566 0.374338 -0.287791 -0.40884 0.796219 0.718738 -1.0251 0.602098 
-1.01684 -1.04342 0.582368 -0.44829 0.615595 0.313413 0.231292 1.05493 1.01393 0.0296558 0.580753 1.14749 0.942345 -0.0588306 -0.193473 0.280794 0.0935401 -0.226048 0.0810376 0.517879 -0.257714 -0.466641 -0.17578 0.22517 -0.639518 0.698637 0.0635146 0.15952 0.233355 0.31057 0.505511 0.776769 1.07889 -0.580123 -0.469026 -1.31996 0.297839 -1.59885 -0.608554 
-1.02165 -1.07869 0.787643 -0.247063 0.088728 0.883065 0.266599 0.985919 0.820108 -1.00834 0.457231 -0.106949 0.959821 0.00381977 -0.0114683 0.103362 -0.147784 -0.000310069 0.189938 -0.130065 -0.376382 -0.406119 -0.0406237 0.440865 -1.20139 -0.0619917 0.0931674 0.197088 -0.213804 0.241853 0.845997 0.13013 -0.661547 0.309182 1.00624 1.72859 -0.0120378 0.884367 -1.08274 
-1.01302 -1.05489 0.68573 -0.596074 0.615285 0.503351 0.101227 0.678552 0.607808 -0.0109679 1.02162 -0.0538988 0.880353 0.0343368 0.00361544 0.0669893 0.335393 0.619949 0.211168 -0.143669 0.0514675 0.539601 1.55281 0.213132 0.244848 -0.384103 0.15498 -0.145999 0.356385 0.795129 -0.160949 0.546425 -0.682962 0.78426 0.377797 0.819966 -0.51883 1.35085 -0.374428 
-0.987314 -1.07507 0.854633 0.0883298 0.708677 1.09423 0.12293 1.03739 1.35971 0.544467 0.670363 0.137899 0.575718 0.1588 -0.157468 0.459747 0.647345 -0.161259 0.736362 -0.813027 0.407879 -0.0283219 0.779342 -0.0779651 0.149462 -0.43642 0.0650415 -0.049908 0.0391672 -1.10266 -1.22457 -0.0406366 -0.0492991 -0.0334776 -1.28897 -2.86786 -0.719057 -0.433667 1.76106 
-0.854217 -1.21235 1.14548 0.0512714 0.454026 1.23971 -0.7118 1.08643 0.579486 0.768374 0.943653 0.095563 0.443933 0.0993783 -0.0462925 0.106157 -0.767263 -0.604624 0.170531 -0.192968 0.0179899 -0.749367 -1.31505 -0.505925 -0.188819 1.37696 -0.23945 0.573203 -0.684005 -1.02504 -0.284418 -1.51365 0.824488 -0.874257 0.811455 -0.659118 0.200196 0.352665 0.935077 
-0.887936 -1.12136 0.960789 -0.678933 0.104054 1.26476 -0.070038 1.05538 0.610342 -0.770583 0.164438 -0.0509196 1.95267 -0.0806507 0.415735 -0.224258 -0.377698 -0.445678 -0.777287 0.0114611 -0.466378 0.783133 0.120224 0.122231 0.502127 0.498658 -0.10424 0.70146 0.106233 1.54203 1.02547 -0.771034 0.161707 -0.365934 0.571018 1.28136 1.19742 -0.401875 -3.32274 
-0.934867 -0.796619 0.921219 -0.326427 0.00834806 0.462426 -0.700339 0.620053 1.36262 0.888599 1.06588 0.59769 0.942591 -0.00486164 0.655168 0.21239 0.774764 0.420842 -0.600503 -0.0312611 -0.347944 -0.178349 -0.0336865 0.691496 -0.590694 -1.94578 0.76297 1.12515 1.11176 2.27876 -1.02497 0.583365 -1.52049 -1.21826 -2.13157 -4.18313 -0.615355 -2.67455 -2.22191 
-0.892798 -0.466197 1.17318 0.0958304 0.524896 0.664261 -0.101299 0.707433 0.431994 -0.80427 0.855934 -0.641613 0.00689082 0.68232 1.54088 0.887504 1.90106 -1.47064 -0.193923 -1.50903 -1.68464 -1.34844 -4.0629 -0.493124 -2.17242 -1.72325 1.21053 0.858001 -0.808001 1.15125 -0.546681 -1.19965 -3.15156 -1.93913 -0.868794 0.303071 -0.365771 -1.82471 1.41392 
-0.252548 0.744261 1.80872 1.57464 -1.4623 0.268503 -2.20937 -1.06459 0.014183 -3.1743 0.572759 -1.57473 -0.78066 1.20567 1.51317 -0.595611 1.92601 -0.125839 -1.80015 -3.18282 -2.28707 -1.04714 0.269385 0.325725 -2.41541 -0.531861 -0.0524377 -0.914975 -2.63347 -0.907915 3.28799 -1.92205 0.34731 1.35173 0.909097 7.63367 0.924803 0.689642 1.47966 
0.312874 1.04697 0.577567 2.02184 0.399056 -1.13589 -3.28412 -1.57964 -0.615149 -0.534885 1.18166 -3.05702 -0.52497 0.629882 0.625905 -1.74597 0.993149 1.81735 -2.11597 -1.16172 -0.332907 -0.43934 3.57077 0.431679 -1.48278 -0.243593 -1.0194 -1.21273 -0.0888127 -1.82879 0.924235 1.3325 3.92409 1.94504 1.10599 1.34496 -0.614399 2.29581 0.281504 
0.377334 1.37017 0.0627549 2.56779 0.355052 -1.84747 -3.37109 -1.39749 -0.425157 0.39647 1.00444 -3.05751 -1.02425 0.186271 0.300439 -0.684424 0.0972225 0.798396 -0.46765 0.741271 -0.342035 0.0588454 1.61434 -0.288674 -0.1196 -0.250357 -0.477347 -0.385074 1.14975 -1.53313 -0.582832 2.12537 2.42483 -0.038705 0.147117 -2.62139 -1.14849 1.98581 0.911891 
0.499145 1.34741 -0.106856 2.11907 1.19745 -1.60354 -2.54285 -1.92167 -0.556303 1.07946 0.892986 -3.17662 -0.775327 0.152535 0.240831 -0.596221 -0.539978 1.23452 0.00939909 1.26311 -0.371612 -0.292223 0.949382 -0.716806 0.503027 0.668298 0.0100578 -0.0901837 0.0393286 -1.01968 -1.7612 1.00011 0.419102 0.845101 -0.415747 -3.33424 -0.3725 1.42548 0.574763 
0.52987 1.611 -0.533466 2.02781 1.58957 -1.83807 -2.10798 -1.76911 -0.717379 1.34585 0.287632 -2.55449 -0.355955 0.196329 0.210255 -0.645095 -0.922457 -0.962807 0.532463 1.16037 0.503066 -0.356901 -1.71989 -0.661174 1.30588 0.324406 0.322967 -0.421839 0.133483 -1.07638 -4.59192 1.48014 0.0896051 0.578905 0.884835 -3.50877 0.854389 1.03694 -1.60939 
0.695474 1.55767 -0.751952 1.19661 0.234646 -1.07108 -1.38247 -1.41861 -0.913204 -0.640436 0.231812 -1.87074 -0.45092 0.475502 -0.181008 -0.462738 -1.61636 -3.3574 1.48954 1.35272 0.207293 0.592612 -2.55939 0.137583 1.53997 -0.941095 0.250175 -0.577268 0.0685451 -0.374922 -1.42065 0.702735 1.20174 -1.2137 1.29179 1.49495 0.132985 -0.694158 -1.90879 
1.00537 1.42999 -0.996203 0.411449 -1.76783 -0.348524 -0.755263 -1.56181 -0.124767 -1.21354 0.425215 -1.01452 -1.29705 0.446504 -0.367013 -0.57655 -1.29738 -2.38346 1.2352 2.36212 -0.710634 0.934886 -0.224944 -0.528189 0.61172 -1.58438 -0.246636 -0.213961 0.111695 0.717038 3.24769 -0.896834 1.23337 -0.699605 -0.88564 3.81648 -1.45091 -1.06268 0.47624 
1.14198 1.19065 -1.3285 -0.10077 -2.14881 0.164118 0.979643 -2.12924 0.0216819 -0.86538 -0.296377 -1.25902 -2.0353 0.228866 -0.394969 -0.351042 -0.899321 -0.109707 0.592709 2.58609 -0.492312 -0.293028 1.25709 -1.31333 0.477287 -0.464855 -0.296778 0.118457 0.544828 0.963603 2.5266 -1.17564 -1.66569 1.01048 -1.49365 0.686225 0.0910042 0.142032 1.83026 
1.23424 1.03502 -1.34725 -0.487872 -1.87754 0.244184 1.83083 -2.05413 -0.417796 0.0435575 -0.888113 -0.53723 -1.76191 0.149726 -0.248556 -0.0317224 -0.333776 0.143138 0.0595608 0.696429 0.29985 -0.558759 0.461281 -0.437185 0.753751 0.245879 -0.162525 0.174995 0.31713 0.674882 0.120574 -1.14119 -2.62521 0.738755 0.0705759 -1.87848 1.49351 -0.369929 0.674128 
1.2917 0.942097 -1.36022 -0.434546 -2.00567 0.223679 1.67607 -1.82939 -0.537077 -0.404099 -0.733562 -0.505273 -1.78942 0.0663415 -0.219973 -0.0339119 -0.224439 0.0108671 -0.548478 -0.0391172 0.246443 -0.222453 -0.621383 0.180184 0.107358 0.209273 -0.145367 0.247133 0.0774867 0.292529 0.343876 -0.563887 -0.56627 0.138444 0.273864 0.586357 0.106704 0.214234 -0.358042 
1.30058 0.815048 -1.38116 -0.712311 -1.86667 -0.304294 1.79171 -1.80768 -0.640248 -0.577826 -0.707929 -0.429872 -1.55263 0.00435928 -0.00142296 0.0457643 -0.0412475 0.487014 -0.504327 0.130159 0.438294 -0.284896 1.04764 -0.330481 0.967986 -0.112163 -0.0531474 0.152634 0.24069 0.193558 0.517813 0.498172 -0.719242 0.515382 -0.300363 2.52019 -0.682364 0.835165 -0.280493 
1.29606 0.940674 -1.31446 -0.475794 -1.51866 -0.280647 1.80623 -1.3911 -0.821973 0.643539 -1.06404 0.462713 -1.90159 0.013194 -0.0673398 0.206778 -0.0308815 0.52868 -0.050306 -0.758359 0.761825 -0.522816 1.89881 -0.50218 0.942523 -0.0712198 -0.0241462 -0.311206 -0.0438973 -0.448661 -0.924929 0.155196 -1.67946 -0.398072 -0.388698 -0.36099 -0.43115 -1.01763 -0.168657 
1.31377 0.747708 -1.17438 -0.743192 -1.33799 -0.3546 1.03335 -1.04586 -1.16306 1.32098 -1.21011 0.512651 -1.62385 -0.019787 -0.312629 0.00186699 -0.489909 -0.437915 -0.34913 -1.5493 0.0402214 -0.673593 0.686648 -0.761631 -0.0496462 -0.28082 -0.0580613 0.0454179 -0.103115 0.0114704 -0.886495 -0.0290592 0.468173 -0.869067 0.53095 -1.68697 0.295582 -0.94228 -0.0140429 
1.27628 0.628046 -1.31259 -0.965703 -1.95658 -0.629778 0.256931 -1.35088 -1.49557 1.33019 -1.82567 0.413066 -2.18241 -0.0448672 -0.0219219 0.103663 -0.0194111 -0.357815 -0.0793651 -0.290186 -0.107242 0.00813396 0.211831 -0.206599 0.000242662 -0.0852627 0.0153482 0.329384 0.237234 0.27105 0.262419 0.472166 1.66053 0.199702 0.708383 -1.3293 1.20755 -0.37832 1.44518 
1.26891 0.725786 -1.07072 -0.762604 -1.69581 -0.433965 0.743165 -1.1531 -1.15493 1.53281 -1.41671 0.512894 -1.70911 -0.00443872 0.0167552 0.239101 -0.218859 -0.175496 0.123036 0.111234 0.239923 0.0347895 -0.642652 0.445916 -0.427966 1.16436 0.093081 -0.0938678 0.130985 -0.520324 0.502944 0.178206 0.507306 0.353972 -0.0940938 -0.947072 0.34619 -0.205303 1.22273 
1.27184 0.644801 -1.07349 -1.18456 -2.13207 -0.506742 0.368165 -1.11095 -1.46078 0.687536 -1.37976 -0.0148993 -1.01805 0.0482138 -0.11579 0.234648 -0.539735 0.145129 0.0988404 0.21712 0.24673 -0.0859599 -0.735241 0.139591 -0.20506 1.13747 0.0387453 -0.04452 -0.125842 0.122483 0.364456 0.108997 -0.102969 -0.0439095 -0.0442583 0.82368 -0.527952 0.64366 -1.16313 
1.31712 0.609997 -0.836069 -1.30234 -1.55068 -0.335125 0.960285 -0.906371 -1.24089 0.79757 -1.27712 0.307834 -0.57165 0.0343066 -0.0277648 0.113259 -0.0963763 0.18896 0.232032 0.00826526 0.196013 -0.00946882 0.181029 -0.0820362 0.215695 0.00123557 -0.0706527 0.308661 -0.409473 1.06541 -0.633534 0.353883 -1.10528 0.225786 -0.253734 1.84865 -0.479151 0.960383 -1.75807 
1.30614 0.617036 -0.960233 -1.28094 -1.94311 -0.27471 0.376431 -0.914941 -1.47025 0.868564 -1.46179 0.200795 -1.01681 -0.0224389 0.192872 -0.174825 0.52567 -0.488405 0.452723 -0.888161 0.472515 -0.339694 1.11341 -0.33956 0.755323 -0.620605 -0.0160995 -0.0133017 0.029238 0.206186 0.360805 -0.181164 0.44709 -0.0675797 0.162194 0.284437 0.244112 0.0599139 0.168052 
1.29468 0.802868 -1.01089 -0.776668 -2.03908 0.117599 0.072124 -0.433855 -1.58058 1.91098 -1.61668 1.06316 -1.19225 0.0182071 -0.0410665 0.142497 0.10981 0.549765 0.0508683 0.455355 0.128434 0.152725 0.465466 0.162076 0.275608 0.169287 0.0523813 -0.487337 0.281931 -1.10647 1.22023 -0.928806 1.31028 -0.897931 0.317081 -1.45472 0.234916 -1.12114 0.477414 
1.32435 0.57597 -0.817736 -1.17113 -1.39335 -0.223842 0.831786 -0.786508 -1.31752 1.33403 -1.29972 0.476404 -0.847522 0.0299424 -0.294465 0.107106 -0.580795 0.731823 -0.476083 0.422119 -0.425415 -0.0226133 -0.341308 -0.104644 -0.365822 -0.143191 -0.0424714 -0.0673168 -0.417855 -0.276275 -1.13751 -0.136053 -1.63637 -0.288385 -0.685007 -0.579593 -0.799121 -0.398941 -0.832271 
1.32462 0.508403 -0.903789 -1.35746 -1.30726 -0.358485 0.494243 -0.85927 -1.6032 1.56967 -1.72132 0.697335 -1.33545 -0.0242642 -0.108383 -0.275358 -0.166465 -0.587747 -0.0851847 -1.18102 -0.159951 -0.532282 -0.114128 -0.637045 -0.123332 -0.662983 -0.0304394 0.44534 -0.175729 1.02403 -0.939138 1.01133 -0.595252 0.646037 0.0888707 0.48116 0.290486 0.498931 0.185007 
1.30009 0.467586 -1.09309 -1.33759 -1.98109 -0.309027 -0.349231 -0.946458 -1.8498 1.2199 -1.93676 0.353071 -1.51051 -0.000496962 0.150875 -0.0686234 0.443239 -0.207314 0.535245 -0.173133 0.220621 0.0662575 0.139852 0.185843 0.133109 0.0418163 0.0525685 0.240355 0.412142 0.306652 1.36264 0.506862 2.081 0.36963 0.942246 0.0578936 1.28136 0.30028 1.16194 
1.32413 0.659278 -0.972412 -0.914224 -1.51457 0.17676 0.32111 -0.638649 -1.53694 1.70952 -1.53548 0.830445 -1.29363 0.0283042 0.131972 0.136784 0.140187 0.774889 0.421678 0.899988 0.209679 0.409964 -0.0562341 0.644319 0.176948 0.498952 -0.0154729 -0.149077 0.0422406 -0.957219 0.791963 -0.599903 0.542691 -0.323031 -0.107229 -0.830551 -0.119661 -0.495517 0.310331 
1.32839 0.599558 -0.956309 -1.19741 -1.20621 0.112651 0.550757 -0.736779 -1.43984 1.16367 -1.29244 0.530019 -1.01155 -0.0159699 0.00179725 -0.0263828 -0.51398 0.584649 -0.0646579 0.369558 -0.102409 -0.040972 -0.6907 0.0661814 -0.362408 0.352148 -0.0731835 0.0223113 -0.230113 -0.207667 -0.546549 -0.152343 -0.6061 -0.245779 -0.464358 -0.181095 -0.829602 0.00816171 -0.839453 
1.30816 0.661075 -0.998795 -1.4282 -0.929925 0.112102 0.690668 -0.741059 -1.57791 1.01882 -1.4693 0.468037 -0.941482 -0.0448793 0.154283 -0.0933288 -0.0674805 0.228339 0.269335 0.293888 -0.0360997 -0.0543933 -0.237329 -0.185283 0.185109 -0.340501 -0.0486447 0.22451 -0.00259081 0.676933 -0.382531 0.391964 -0.120015 0.112628 -0.105137 1.20828 -0.0950879 0.323232 -0.973768 
1.28351 0.753842 -1.04964 -1.26489 -0.977866 0.381986 0.844644 -0.772879 -1.49423 0.926339 -1.47773 0.715128 -1.35205 -0.0646146 0.226307 -0.0289736 0.162954 0.202118 0.327306 0.249543 0.0102183 -0.146109 0.517582 -0.0289066 -0.0391754 -0.621621 -0.00942762 -0.0910856 0.0773355 -0.108363 -0.353857 -0.155389 0.273533 -0.234198 -0.273293 0.772748 0.109692 -0.846312 -0.0782948 
1.24354 0.887383 -1.02777 -1.26525 -0.727808 0.439408 0.940211 -0.73084 -1.72402 1.5364 -1.4982 0.428862 -1.5631 -0.0543069 0.0631977 -0.0159933 -0.175843 -0.125518 0.113946 0.56742 -0.270297 -0.327686 0.535419 -0.0755913 -0.661203 -0.418795 0.0692202 -0.38317 0.0749265 -0.435124 -0.119404 -0.143653 0.991771 -0.32981 0.146805 -0.77014 0.205212 -0.643256 1.14249 
1.22921 0.817039 -1.06563 -1.44073 -1.10338 0.495932 1.41206 -1.04318 -1.82192 1.46176 -1.55332 0.0539254 -1.77085 0.00460558 -0.156863 0.0459529 -0.27217 0.082714 0.183653 1.24131 -0.319592 0.000695993 -0.252559 0.176305 -0.682432 0.520873 0.0302558 0.00502649 -0.100697 0.35049 1.03857 -0.0247361 -0.521223 0.236693 0.227617 -0.688415 0.445799 0.44888 1.08806 
1.24815 0.73052 -0.981816 -1.53742 -0.645094 0.623061 2.18152 -1.05043 -1.72332 1.28385 -1.3219 -0.25357 -1.04223 -0.0240511 0.0682242 -0.11669 0.174647 0.913051 0.0892096 0.0461976 -0.0336043 -0.100069 -0.152996 0.370208 -0.212323 0.669265 -0.0578152 0.20428 -0.216808 0.788061 1.16244 -0.683286 -1.6784 0.166295 0.0696066 -0.368237 0.443674 0.766888 -0.671555 
1.20515 0.885264 -1.18232 -1.26608 -0.190333 0.585141 1.45826 -1.07678 -1.92199 1.30876 -1.18311 -0.158398 -1.10159 -0.0532096 0.0474172 -0.170855 0.515891 1.24515 -0.499634 -0.437086 -0.153297 0.0703026 -0.620795 0.619979 0.0844562 -0.150681 -0.00470224 -0.40358 0.0830389 -0.103008 -0.60937 -1.46623 -1.11372 -0.0994175 0.594342 -2.00203 -0.317024 -0.50115 -0.621245 
1.19494 0.777937 -1.15267 -1.02153 0.600057 0.123427 1.74444 -1.20373 -1.65302 0.66305 -0.701918 -0.169114 -1.19291 -0.0287534 -0.335356 -0.0336515 0.0716395 0.303682 -1.37702 -1.06752 -0.133022 0.494273 -2.15502 0.0531844 -0.713472 0.0480201 -0.00639289 0.322617 -0.194155 0.373852 -1.7569 0.114468 -0.590035 0.523542 0.559735 0.832448 -1.56703 0.120639 0.96903 
1.1764 0.549908 -1.21597 -1.19444 0.113349 -0.791883 0.39074 -1.2098 -1.42771 -0.846261 -1.12993 -0.87187 -1.05357 -0.0596025 0.370034 -0.36501 0.889743 -0.511747 -0.385166 -1.02712 0.370245 0.630038 0.211653 -0.947046 0.205095 0.818348 -0.0622452 1.10369 -0.555247 1.26517 -0.374508 1.72456 0.793811 0.05238 0.367885 3.68087 -0.570615 0.262274 1.02015 
1.13534 1.14797 -1.51768 -0.131785 0.0883095 -0.261739 0.717318 -0.833484 -1.02298 0.874703 -1.64896 0.035981 -0.374562 -0.0909986 0.768331 -0.588898 1.33681 -0.0708258 0.347531 -0.273712 -0.0806417 0.862158 1.52585 -0.517431 -0.451198 1.06817 0.0472194 -0.817472 0.497394 -1.31172 0.817193 -0.204416 -0.0173279 -0.682953 -0.481153 -0.134933 0.60938 -2.41598 -0.269241 
1.0854 1.31824 -1.80487 0.142369 0.0425233 -0.444352 0.117028 -1.29044 -0.565554 0.679589 -1.64736 -1.32307 0.0146097 -0.0123832 -0.447439 0.132384 -0.421981 0.305445 -0.589582 -1.04445 -0.312708 0.148884 0.0767202 -0.337666 -2.21088 0.549107 0.0977833 -1.17075 0.938802 -1.5246 0.900529 -0.368912 0.395375 0.836639 -1.05426 0.293926 0.463574 1.00894 -1.14078 
1.12295 0.700532 -1.3853 -0.553766 0.393755 -0.851321 -0.32713 -1.14619 -0.8741 0.951423 -1.98663 -2.1749 0.174545 0.0067847 -0.402422 0.349903 -0.187788 0.829703 -0.0213812 0.121663 0.755998 -0.192101 1.81978 -0.0538569 0.557742 -0.0726014 -0.0775641 0.780979 -0.316489 1.19983 0.333795 0.20123 1.64727 0.755084 0.622352 0.198067 1.41458 2.71677 -0.438618 
1.09219 0.915817 -1.45497 -0.0454188 0.872227 -0.465733 0.238691 -0.534446 -0.757656 2.49937 -1.70121 -0.765327 -0.0579917 -0.0899473 0.33354 -0.184105 0.777852 0.63924 -0.388352 0.602827 0.442375 0.771237 0.274787 1.07691 0.50589 0.110489 -0.0838963 0.154372 -0.220206 0.427692 -1.05219 -1.34235 -1.12107 -0.90615 1.28769 -3.79887 1.27572 -1.87357 -0.329424 
1.03301 1.03407 -1.5694 0.224086 1.03299 -1.23967 0.275696 -0.703817 -0.102863 1.22621 -0.909721 -1.66901 0.285034 -0.0771116 -0.24805 0.129698 0.239904 -0.222484 -1.36373 -0.999404 -0.150152 1.09559 -1.9791 1.22187 -1.31583 -0.402025 -0.0160424 -0.141133 0.1803 -0.125152 -0.877592 -0.107595 -1.09929 0.145619 -0.160311 -1.56175 -0.651374 0.172769 -0.466057 
1.01508 0.667767 -1.32527 0.194485 0.649742 -1.82946 -0.760713 -0.684599 0.337934 0.520268 -0.479347 -2.08116 -0.460017 -0.10599 0.192407 -0.00380511 0.6527 -0.238352 -0.495948 -0.496461 0.587994 0.610926 -1.28696 0.425535 0.678659 -0.355568 -0.0864251 0.781527 -0.19746 0.478564 0.649618 0.962613 1.25873 1.06794 -1.05747 0.921881 -1.76721 2.63734 1.14034 
0.927016 1.22648 -1.57321 0.876786 0.794643 -1.73562 -0.220765 -0.115823 0.508063 -0.0607493 -0.484185 -0.99035 -0.0705332 -0.163537 0.533477 -0.0677617 0.718467 0.427134 -0.401116 0.259325 0.917784 0.0381201 -1.05722 -0.545339 1.32151 0.738315 -0.0343832 -0.114977 0.312052 0.142678 0.382944 -0.0722555 0.252853 -0.114355 -0.389877 0.750236 -0.919007 0.311159 0.735284 
0.851539 1.20124 -1.39303 0.912952 1.07688 -2.23058 -0.501388 0.233185 0.376054 -0.536948 -1.02469 -0.759648 0.278299 -0.140373 0.0774304 0.308247 0.795378 0.144592 -0.568203 -0.243608 0.473638 0.221048 -0.536723 -0.493471 0.989818 0.379717 -0.00676413 -0.149781 0.35905 0.298313 -1.33487 0.472829 -0.0209629 -0.530522 -0.329685 0.797549 1.20343 0.0538015 -0.841118 
0.786643 1.30391 -1.26496 1.67216 0.939234 -2.30382 -0.464373 0.357816 0.729111 -0.597473 -0.977656 -0.000532682 0.309184 -0.170301 0.383696 0.291288 1.01678 -0.907738 0.0717131 0.238362 0.387262 -0.291565 -0.259666 0.658096 1.37531 -0.102803 -0.0119847 -0.346605 0.274264 -0.369309 -1.10369 0.040079 0.241953 -0.477015 -0.753619 -0.450715 1.33747 -0.768959 -0.458707 
0.681238 1.58494 -1.10174 1.92973 0.169139 -2.15887 -0.263026 0.620447 0.0844886 -0.796614 -0.36659 0.615663 0.175496 -0.152358 -0.269175 0.582512 0.426069 -0.959101 -0.528124 -0.0016551 -0.00337688 -0.53257 -0.987439 0.843998 0.220858 -0.0789906 0.0772785 -1.0778 0.319629 -1.05592 1.43451 -0.261569 0.20256 -1.16012 -0.212705 0.318617 0.491812 -1.13623 0.319635 
0.634285 1.03473 -0.682448 2.09823 -0.0198668 -2.83195 -0.466028 0.354439 0.196541 -1.58491 -0.133658 0.220325 0.230193 -0.0930224 -0.694103 0.610917 -0.0391439 0.526772 -0.189856 0.440923 -0.772857 -0.50427 0.0589507 1.14991 0.239081 0.216832 -0.107627 0.40417 -0.443883 -0.00821741 0.656343 1.17133 0.135723 -0.578974 -0.399445 1.91971 -0.23693 0.79006 0.581904 
0.588215 0.890836 -0.490827 1.89059 0.695911 -2.34872 0.177897 -0.15241 -0.419781 -0.737663 0.783317 0.854744 0.392328 -0.259984 0.134995 0.138629 0.417851 -0.302758 0.643208 0.134068 -0.582351 -0.932015 0.93227 0.607068 1.01092 0.502913 -0.237042 1.28057 -0.253368 0.130571 -1.16894 0.792761 0.0342334 0.928483 0.0502384 -0.907174 -1.21368 0.0290502 0.51963 
0.374301 1.16973 -0.54382 2.51608 -0.322625 -2.18874 -0.331961 -0.227912 -0.735474 -0.652642 0.473409 1.23124 0.733106 -0.330065 0.586471 0.35755 0.0914275 -0.642169 0.602904 0.475156 0.155626 -0.454032 -0.848224 -0.0637715 0.268131 0.736462 0.0297473 0.121456 0.784254 -1.26358 0.312321 -0.0454924 0.273901 1.07363 0.815945 -1.70936 -0.365136 -1.87542 -1.00631 
0.25815 1.47731 -0.133277 1.98202 0.0537419 -1.74582 0.653053 0.00321664 -0.873813 -1.58589 0.719546 1.12288 1.12879 -0.230237 0.256451 0.922883 -0.845727 0.00956252 0.597716 0.407968 0.491275 -0.11607 -0.777093 0.241932 -0.864504 -0.503398 0.0557112 -0.840165 0.742373 0.163184 -0.1154 -0.591348 -1.28807 0.521123 0.785226 1.02026 -0.00887534 -1.34113 -1.49908 
0.144064 1.42618 0.379063 1.67036 -0.313063 -1.59102 0.0760072 0.263363 -0.851544 -1.42973 0.715341 0.36674 0.229708 -0.274354 -0.253693 1.09992 0.254612 -0.757569 0.0115562 -0.812918 0.676749 0.331195 0.17204 -0.0726468 -1.073 -0.762613 -0.10665 -0.756368 -0.0134212 0.818524 -0.211653 0.239571 -2.41096 -0.293053 0.856842 0.531956 0.397806 0.473149 0.127971 
-0.0162033 1.22361 0.966645 2.23663 -0.703827 -1.73426 -0.159866 0.679966 -0.542618 -1.41385 0.646899 0.0498738 0.366178 -0.336887 -0.499917 0.909462 -0.0272031 -0.20209 0.837287 -2.00299 0.198221 0.740772 -0.245137 0.639739 -0.391355 -0.375427 -0.222851 -0.670873 -0.618446 -1.19142 1.93884 1.59502 0.216481 -1.00464 0.558586 -0.728574 0.750926 2.37018 0.525071 
-0.192823 0.926264 1.28853 1.64315 -0.515153 -0.753736 -1.92698 0.461584 -0.110772 -1.67487 1.35508 -0.0246151 -0.145719 -0.497205 -0.924567 0.481476 -0.936807 1.18127 1.60658 -0.596437 -0.327888 0.88978 -0.556535 0.67828 1.29718 -0.237541 -0.25345 -0.898067 -1.01898 -0.618579 1.9457 0.801187 4.49797 -0.148431 -0.594205 0.492199 -0.978997 0.963438 1.96157 
-0.513408 0.299048 1.44812 1.29982 0.477444 -0.127683 -0.756302 0.352077 0.347162 -1.97038 1.32518 1.34705 0.128636 -0.590337 -1.39798 -0.109515 -0.645783 1.74361 1.63847 2.49498 0.0497908 0.146567 0.247062 -0.339259 0.572083 1.58614 0.184141 0.170088 -0.611627 0.274363 -0.929398 -0.901306 1.58262 0.229911 -0.947735 1.60427 -0.990688 -3.36088 1.08572 
-0.78316 -0.471719 1.17901 0.997372 1.22846 0.884738 0.568001 0.511375 0.0357954 -1.42781 1.01582 0.547468 1.44042 -0.313063 -0.754479 -0.13015 -0.662444 0.251873 0.705272 0.986184 -0.0979775 -0.0579546 1.04773 -0.312408 -2.0637 0.848179 0.474942 1.02844 -0.290562 -0.500158 -2.53161 -2.29508 -2.88814 0.416303 0.0498523 0.994186 0.219662 -1.45088 -2.50429 
-0.826471 -0.455431 1.31797 0.637377 0.729318 0.577589 0.229882 0.2541 0.289207 -0.92265 1.01277 -0.716644 0.976816 -0.115395 -0.369544 -0.400078 -1.14594 -0.787997 -0.656603 -0.393159 0.466094 0.196419 1.24125 -0.119597 -0.878796 -0.91815 0.204533 0.193686 -0.366825 0.167137 0.106261 -0.695173 -1.48232 1.08918 0.764158 0.0601299 0.599923 3.81879 -0.785326 
-0.898556 -0.841263 0.778932 -0.148569 0.440459 0.228135 0.174842 0.977469 0.232215 -0.186561 0.896224 -0.331328 0.522271 -0.10853 -0.560792 -0.496975 -0.495307 0.358135 0.0100991 -0.496138 0.9912 0.706204 1.10786 0.287515 1.75509 0.0628535 0.0536678 0.0836824 0.309926 1.16098 1.11691 0.923124 -0.825063 -1.14142 0.0240129 -1.77388 0.316957 0.908356 0.10392 
-0.935002 -1.01622 0.820996 0.14207 1.08745 0.587688 -0.266256 1.2453 0.995411 0.185213 1.30029 1.03844 1.03967 -0.0617277 -0.285861 -0.0901513 0.0150432 0.328917 0.266521 -1.21822 -0.675325 0.220432 -0.532627 0.19736 0.0295592 -0.814229 0.0995069 0.566709 0.351257 0.261151 -1.04929 -0.0591803 1.12962 -1.5466 -0.927658 -0.637287 -0.101965 -2.63366 -1.45802 
-0.960284 -1.12712 0.688781 -0.133526 0.769375 0.494655 -1.04338 0.302144 0.452647 -0.719188 1.09358 -0.301769 -0.291958 -0.00902335 0.0059164 -0.145718 -0.234157 -0.691152 -0.0490811 0.633485 -0.555398 -0.221454 0.470576 0.18555 -0.878569 -1.39516 -0.0310883 0.182075 0.325988 0.03753 -0.668978 -0.490652 2.06061 1.63145 -0.12865 0.174689 -0.489894 0.648493 1.70788 
-0.944025 -1.01031 0.675278 -0.0920869 0.3963 0.538607 0.367228 0.689902 0.773957 0.655788 1.48584 0.159875 -0.355495 -0.092816 -0.103786 0.235837 0.0525731 -0.340061 -0.224132 0.842391 0.956122 0.0917823 -0.357938 -0.292534 0.678052 0.893648 -0.0418402 -0.123402 0.234124 -0.137876 0.605825 0.427228 -0.612905 0.902127 -0.0459342 -1.64214 -0.526583 1.39857 1.82728 
-1.0531 -1.23091 0.924617 -0.0809527 0.429314 0.270524 -0.20099 1.25827 0.544429 -1.07713 0.80105 0.376283 0.60169 -0.0508635 -0.117485 0.0884059 -0.372033 -0.0853277 0.378147 0.0205799 0.346729 -0.267388 -1.17156 -0.341033 0.520005 0.432115 0.153307 0.259627 -0.381843 -0.147342 -0.290447 0.570002 0.0826793 -1.86287 -0.424983 0.938696 0.226092 -0.818572 -0.662827 
-0.994888 -1.12779 0.763684 -0.46412 0.310972 0.916754 0.387808 1.03663 0.506569 -0.515773 1.1448 0.679879 0.0766204 0.0604909 0.155841 -0.146006 -0.0947686 -0.630508 0.345871 0.92507 -0.906749 -0.333201 0.580758 -0.066442 -0.140521 0.230821 0.0677465 0.155142 -0.400154 0.353602 0.511465 -0.44491 -1.12455 -1.03328 0.496098 1.63318 -0.0782862 -2.17368 -0.210815 
-0.992609 -1.07507 0.778611 -0.175721 -0.201194 0.616394 0.72408 0.351517 0.211229 -0.496368 0.734608 0.235762 0.83251 0.016883 0.0376566 -0.311748 -0.0184306 0.426137 -0.0667627 -1.10397 -0.686549 0.22871 0.461617 -0.419319 -1.65368 0.2213 -0.0207644 -0.127961 -0.0832435 0.323533 1.55634 -0.303098 -1.93133 1.57316 1.02272 -0.731465 -0.349685 -0.162859 -0.477538 
-0.978005 -1.09014 0.451936 -0.48255 0.73711 0.849992 -0.716157 0.350081 0.735279 -0.0541565 0.725484 -0.973801 0.297921 0.0397265 0.0278796 -0.22925 0.228764 0.925828 0.0427732 -1.00626 0.666411 0.689516 -0.150707 -0.416127 -0.303379 -0.246717 0.0117286 0.021184 0.54693 0.57222 -0.0791338 0.339186 1.94021 0.897438 -0.267941 -1.06731 0.305172 2.33647 0.233662 
-0.952882 -1.04719 0.549361 0.0530428 0.724634 0.659168 -0.282177 1.01793 0.900745 -0.647076 0.31848 -0.0676173 0.585793 0.0286116 0.0588406 0.235182 0.55379 0.347003 0.272423 0.836247 0.210889 -0.0392312 -0.605696 -0.114147 0.682789 0.454963 -0.0054617 0.139292 0.440657 -0.444623 -1.45137 -0.0627601 0.772824 -0.993463 -0.784075 0.725801 0.510866 -0.372012 -0.237372 
-0.949394 -1.03129 0.687117 0.0712392 1.08411 1.12241 0.120091 0.56097 0.696047 -0.659853 0.611337 -0.291011 0.752883 0.0342648 0.167172 0.211407 -0.215859 -0.525544 -0.019987 -0.233433 -0.327052 -0.0945587 0.575094 0.0947387 -0.675391 -0.484089 -0.0246672 0.19886 0.00159411 -0.906062 -1.77311 -0.978339 -0.6634 0.202924 0.328571 0.633067 0.249901 1.31795 0.234746 
-0.918617 -0.880018 0.760768 -0.162816 0.19909 0.639181 -0.51561 0.690876 0.806186 -0.0719819 0.413219 -0.743008 0.101704 0.00394433 0.257701 0.236776 -0.352273 -1.42611 -0.705915 0.172847 0.413813 0.28934 0.027371 0.135754 2.00074 0.689709 -0.0576904 -0.106305 -0.276847 0.135664 1.45961 -0.110496 0.923286 0.241621 -0.0855106 -1.2419 -0.0207177 2.11847 1.50215 
-0.94545 -0.773594 0.923893 -0.281033 -0.341998 0.4165 0.292938 0.974783 0.985387 -0.632482 0.747091 1.70973 1.44259 -0.0234256 0.0608671 -0.0654403 -0.0801945 0.934064 -0.130483 0.689853 -0.0854306 -0.180069 -0.666806 0.074021 1.44308 1.01806 0.019009 -0.404345 -0.421189 0.0807613 1.99165 1.16217 -0.73347 -0.470148 -0.157619 0.505871 0.10935 -2.009 -1.23457 
-0.942043 -0.819151 0.695328 -0.243011 1.13315 0.508697 0.174243 0.605446 0.626117 -0.738788 0.48724 0.700072 1.11977 0.0229533 -0.146645 -0.184414 -0.271511 0.565544 0.456256 -0.560623 -0.0563355 0.131721 0.533242 0.245104 -0.00825232 -0.544862 0.00981468 -0.201695 0.298202 -0.099497 -1.59791 0.313614 -1.03475 0.267577 0.516928 0.603106 0.0825765 -1.53101 -0.27129 
-0.922496 -0.920239 0.739479 -0.552545 0.223546 0.872756 -0.267686 0.918447 1.11711 -0.0992397 0.992194 1.70148 0.89773 -0.0136109 -0.140828 0.232762 -0.179692 -0.663844 0.18313 -0.344899 0.182146 0.336859 -0.0637003 0.156597 -0.0879334 0.746774 -0.0964808 0.0173931 0.354041 1.16657 1.02218 0.0145304 0.997498 -0.0709656 -0.293561 -0.0293074 -0.364653 -1.40892 0.725788 
-0.955654 -0.959979 0.928089 -0.422702 0.46931 0.691828 -0.170655 0.787592 0.962976 -0.802488 0.643837 0.612139 1.86654 -0.0735275 -0.129251 0.169627 0.895061 1.58772 0.470786 0.436874 -0.127301 -0.16184 0.503935 -0.11955 -1.41717 0.180925 -0.0165338 -0.200976 -0.607939 0.616304 1.26591 0.440521 1.72142 0.301857 -0.140828 1.63069 -0.270091 -0.823988 -1.86092 
-0.996024 -1.04949 0.909107 0.342517 1.81127 1.34354 0.169189 0.791146 0.955268 0.404695 0.872644 0.284306 1.07866 -0.0301447 -0.341804 -0.375178 0.436613 0.602062 0.623652 1.37652 0.484003 0.196031 1.56699 -0.113494 -0.911921 -1.11415 0.122523 0.0433776 -0.297366 -1.55832 -3.18838 -1.55564 -0.82335 0.139223 0.325165 -0.531988 -0.079299 2.50403 -0.951338 
-0.985799 -1.30178 0.552912 0.0139107 1.07137 1.31548 1.20586 1.2716 1.15901 0.764499 0.530344 -0.299783 0.752395 0.0489951 -0.0858739 -0.127739 -0.663255 -1.60066 -1.08485 -0.386476 0.0119218 0.163325 -0.028053 -0.198849 1.08685 -0.770413 0.0894394 0.450298 0.806852 -0.729895 -1.54206 -0.702315 -3.81508 -0.98046 -0.186611 -1.57415 0.410713 0.435122 0.842222 
-0.947029 -1.13536 0.781368 -0.320738 0.210605 0.258692 -0.217287 0.803068 1.11859 0.376642 0.673796 1.37116 0.308242 0.0592947 0.108494 0.431674 -0.293282 -0.940001 -0.0786635 -2.43856 -0.496457 0.00941978 -0.0071631 0.29722 -0.476799 -0.271924 0.0302679 -0.0074886 0.339574 0.418702 2.11172 2.29651 0.0742674 0.642757 -0.345814 -0.68033 0.284392 -1.58921 0.925864 
-0.926504 -1.19329 0.984586 -0.279372 0.131372 1.23682 -1.2327 0.775138 1.16843 0.757336 0.827564 -0.776582 0.480471 0.079263 -0.0933625 0.211835 -0.244552 0.511064 1.21166 -0.312208 0.654679 -0.182489 -0.708383 0.0855437 -0.502355 0.155451 -0.135265 0.0492948 -0.622702 0.0132032 1.39323 -0.542944 3.47556 0.906094 -0.364515 -0.947349 -0.250926 2.42149 0.882577 