-1.06042 -0.99453 1.11507 0.249211 0.880966 0.182807 -0.71457 1.20781 0.880548 2.14415 1.5671 0.933873 -0.677848 -0.0609542 0.163538 0.0167858 -0.122258 -0.0539751 -0.317796 -0.134766 -0.221285 0.500042 0.387361 -0.686097 0.25938 0.285431 0.0436061 0.0923007 -0.681183 -0.592671 -0.368115 -0.444217 0.173446 -0.15317 -1.80708 -4.97064 -2.3464 -0.8153 1.00446 
-1.10795 -0.755151 1.10547 0.136887 0.751214 -0.159413 -0.830015 1.02816 1.29904 1.758 1.3947 1.43123 0.367027 -0.035906 0.163097 -0.30442 -0.169828 -0.252624 -0.590408 0.197154 -0.178707 -0.240465 -3.13006 -1.34796 -0.668191 0.156238 0.034822 -0.444305 -0.590858 -0.00863572 -0.0657333 0.151418 0.782946 -0.183997 -1.83857 -1.02083 0.171291 -0.696648 0.347586 
-1.09633 -0.831433 0.810649 0.0793831 0.628342 -0.407601 -0.517416 1.0291 0.640083 -0.985903 0.219142 0.265681 -0.52161 -0.0261322 -0.280767 -0.574072 -0.130894 -0.119708 -0.166378 0.64818 -0.405282 -1.33853 -0.63347 -0.514807 -0.437267 0.633017 0.0489647 -0.254353 0.405009 0.643675 0.370604 0.763122 -0.282958 0.0381148 0.477098 5.32946 1.27407 0.901478 -0.160371 
-1.13409 -1.03592 0.531399 0.00599299 0.631506 -0.325791 -0.181835 0.622877 -0.039488 1.12453 0.87989 0.993958 1.00004 0.0130587 -0.0912565 0.100589 0.473847 0.11798 0.172715 -0.0858044 -0.140592 0.236634 2.19941 -0.0738941 0.233287 -0.0041329 0.0930141 0.401665 0.927557 0.242052 0.0185246 0.560541 -0.785262 0.243247 2.30163 1.21767 0.577129 0.313165 -2.02515 
-1.08327 -0.92269 0.911238 0.55323 0.746322 -0.234886 -0.60322 0.88851 0.876717 1.2135 0.145248 0.498969 -0.525743 0.0668819 0.120898 0.353485 0.111158 -0.101184 0.394163 -0.137082 -0.162035 0.963105 0.584199 0.0623221 -0.124103 -1.39213 -0.001058 -0.0608285 -0.320661 -1.44371 -0.234931 0.450297 0.26895 0.0385346 -0.0070472 -2.63698 0.0480457 -0.244959 0.543691 
-1.0672 -0.915019 0.884884 0.117151 0.530322 0.0683719 -0.318917 0.460842 0.923617 1.70873 0.942213 0.869855 -0.392086 0.0120007 -0.152085 -0.220073 -0.969863 -0.116951 0.623011 0.183145 -0.102058 0.229587 -0.437571 -0.0258484 -0.0116719 0.539558 -0.0222324 -0.107859 -0.106581 -0.0904443 0.224114 -0.470138 0.0612326 1.12434 -0.043469 -1.01961 -0.502643 0.39175 2.19956 
-1.07127 -1.07477 0.691165 -0.416634 0.629371 0.388125 -0.420075 0.786452 1.1063 0.775932 0.1194 0.487297 0.0138153 0.0446495 0.0130388 0.246904 0.0207135 0.12293 -0.0759754 -0.0758497 0.962308 0.919636 -0.435414 -0.440321 0.267647 0.807424 0.0841825 0.0766807 0.220237 1.0095 0.0677508 -1.37064 -0.88985 -0.144301 -1.34686 -0.805655 -0.996067 -0.16718 -1.65932 
-1.02255 -0.901981 1.13179 0.137864 0.653253 -0.00760345 -0.394767 1.42315 1.84325 1.27332 0.501892 1.1375 0.415338 0.0961832 -0.0754042 0.000164523 0.0396416 -0.0492004 -0.747626 -0.706705 -0.246359 -1.11728 -1.24323 -1.02192 -0.178852 -1.11976 -0.0747208 -0.2284 -0.354951 -0.414828 -0.0019516 -0.377801 0.00266234 -1.24718 -2.28561 -2.20824 -1.33687 -1.59533 -2.74527 
-0.975087 -1.15018 0.69133 -0.376992 0.58017 -0.359501 -1.12678 0.540093 -0.010975 -0.467294 -0.902516 0.308445 -1.10595 -0.0300713 -0.215362 -0.108047 -0.394115 0.120979 -0.453776 -0.0731874 -0.284876 -1.36597 -2.64366 -1.77719 -1.32768 -1.93785 -0.104766 -0.0129569 0.561421 0.631019 0.423713 0.946625 1.43034 0.88669 2.11941 2.00855 1.68108 -0.302946 0.444125 
-1.05263 -1.11734 1.02374 -0.256251 0.774231 -0.46138 -0.467954 1.13827 0.477281 -1.37034 -1.2753 -0.190176 -1.52251 -0.00858314 -0.0883612 0.561586 0.670661 0.374512 0.198999 0.723631 0.640331 1.00213 0.765327 0.659166 -0.481798 -0.675637 0.150418 -0.110809 0.335895 1.22164 -0.0339124 1.54062 -0.219884 0.240491 1.96455 4.34931 4.40785 2.68245 3.26121 
-0.98367 -1.23854 1.25292 0.293669 0.954682 -0.160502 -0.40315 1.18042 0.991153 0.298032 -0.24335 -0.173353 -1.78158 0.120347 -0.32617 0.227848 0.827527 0.0870662 1.08684 -0.293071 -0.0443852 0.598575 1.70566 2.63067 1.35477 1.32336 0.0526986 0.0507933 -0.927393 -0.786435 -0.608859 0.132707 -0.836289 -0.787081 -0.664782 0.203765 0.541204 1.70469 1.52737 
-0.932279 -1.44351 1.25159 0.571276 0.861297 0.625462 -0.761025 1.09389 1.07586 0.335316 1.35537 1.1646 -0.199151 0.0441154 -0.0375679 -0.365807 -0.115774 -0.234347 0.331706 -0.112658 -0.14675 0.337346 0.969092 1.20037 1.2229 0.851736 0.0128171 0.650136 -0.860555 -1.50582 -0.194497 -1.73921 0.308374 -0.593753 -1.96853 -1.30165 -3.77786 -1.79805 -0.863695 
-0.939554 -1.27611 0.887108 0.177895 0.720335 0.171204 -0.515808 1.03367 1.3285 1.26712 0.957019 1.04954 -0.929848 0.133164 0.323966 -0.632707 -0.678296 -0.10743 -0.652367 0.0153032 -0.638139 -1.36996 0.404003 -1.14719 -0.443272 0.459667 0.0531781 -0.148586 0.0570667 -0.707019 -0.139742 -0.701099 -0.0657568 -0.115243 -1.5188 -2.07234 -1.29291 -1.51703 0.657624 
-0.799115 -1.11955 0.618881 -0.10702 0.753867 -0.0269049 -0.745722 0.45575 -0.294105 0.739319 0.208178 0.721327 0.260516 0.0972935 -0.186154 -0.308741 -0.822793 -0.374089 -0.369393 -0.178415 -0.261993 -1.18145 -1.10325 -0.0925387 -0.294129 1.50936 -0.0888675 -0.406641 0.874423 0.913873 0.146212 1.17949 0.270721 0.70659 2.72392 -1.49706 0.470751 0.255208 -0.795969 
-0.842261 -1.46226 0.578367 -0.644898 0.346246 -0.198189 -0.694223 0.771681 0.147048 0.163873 0.864481 0.755415 0.579513 0.0442962 -0.0826756 0.241716 0.235577 0.0387811 0.527127 0.286024 0.0684514 1.35396 -1.09306 -0.676439 -0.188064 -0.336302 0.00757678 0.454544 0.519169 1.10404 0.988765 1.04472 0.381629 -0.0596275 2.65631 1.65177 -0.864684 0.237322 -2.30649 
-0.754819 -1.20222 0.860598 0.128557 0.792648 0.500222 -0.459698 0.524202 1.05985 -0.353741 -0.468261 0.533262 -0.0757861 0.10487 0.26839 0.210428 0.281251 0.614676 0.675324 0.203213 -0.32162 1.47486 0.548523 -0.957223 -0.0568073 -0.797131 -0.00353906 0.187703 -0.0845388 -0.644286 -0.183241 -0.687493 -0.219548 -0.196094 -2.47269 2.60802 2.28374 0.834949 0.827854 
-0.73739 -1.19387 0.788795 -0.363647 0.960922 0.477135 -0.49101 0.450061 1.62191 0.712396 -0.0927419 0.698607 -0.217619 0.0407571 0.105027 0.157178 -0.408709 -0.14446 -0.160366 0.0664765 -0.127643 -1.11874 1.51496 1.6073 0.646885 0.491552 -0.0599852 -0.400388 -0.0252374 0.418948 -0.778953 -0.779954 -0.256777 0.266293 -2.97287 -1.46591 1.072 0.718842 0.500913 
-0.714062 -1.0972 1.01778 -0.280152 0.648189 0.339856 -0.393221 0.396559 -0.0588863 1.16122 1.13904 1.18015 0.415766 0.0448851 -0.131998 0.185191 0.700198 -0.164277 -0.10463 -0.0535636 -0.0553274 -1.49801 -0.917382 0.114782 0.662035 -0.296218 -0.0285851 -0.592679 -0.414192 0.572068 0.032537 0.341116 -0.207801 0.318617 0.946611 -3.14691 -3.36175 -2.07526 -2.44546 
-0.692505 -1.32587 0.973986 0.336551 0.796645 0.372505 -0.544573 0.394734 0.123896 -0.204986 0.02204 1.36064 -0.513837 0.012172 -0.487652 -0.257015 0.163359 -0.111923 0.18075 -0.141325 0.190975 -0.172125 -1.63195 -1.75445 -1.42837 -1.95391 -0.090891 -0.0468233 0.112856 -0.63269 0.222191 0.542573 0.301796 0.248921 2.03713 -0.100029 0.0577728 -1.81486 -0.330473 
-0.70189 -1.58485 0.760761 -0.116794 0.536266 0.520605 -0.534546 0.587534 -0.231012 -0.470728 -0.615414 -0.248223 -1.53815 -0.0460059 -0.178821 0.298047 0.0675081 0.0579137 0.437944 0.248232 0.193593 0.539116 -1.01741 0.172555 -1.15282 -0.626692 0.741322 3.38471 0.894541 -1.6976 -0.627785 -0.671116 0.245835 -1.17278 -0.917432 -0.611756 2.30331 3.02588 4.32819 
-0.738511 -1.50469 1.27203 0.40406 0.854558 0.810449 -0.296341 0.588327 0.663012 -1.2224 0.194595 0.20782 -1.14053 0.753494 2.89706 0.637526 -1.53424 -0.739707 -0.490367 0.10451 -0.981802 -1.08956 -2.2437 0.548859 1.59751 2.37428 1.32395 3.2602 -1.14291 -2.03222 -1.67891 -1.7914 0.551826 -1.94319 -2.45461 2.14043 -1.13806 1.73827 1.94576 
0.051604 1.31221 1.39829 -1.65103 -0.203441 0.0302386 -0.430036 -0.394269 -1.32057 -2.71443 -0.0665549 1.34929 0.83613 1.27794 3.08138 -0.844861 -1.96471 -1.62099 -1.35346 0.800058 -1.74959 -1.91549 1.12302 -0.965504 0.585447 1.31907 0.0565372 -2.70683 -2.23583 2.36702 -0.612711 0.132827 1.39965 -0.651194 1.86911 4.90834 -1.83107 -2.551 -3.68206 
0.53943 1.57668 0.427172 -1.56065 -0.766435 -0.543012 0.503716 -1.16127 -1.25248 -0.0993743 -0.77091 0.793267 0.178537 0.810031 0.190227 -1.5983 0.832784 -1.35242 -0.35754 1.50416 -1.633 0.779553 2.66463 -1.28221 -0.953487 -1.30778 -0.735624 -3.52602 0.389402 2.45173 0.94202 1.49723 0.0162753 1.60589 3.38564 -0.509442 1.59391 -0.489704 -1.00093 
0.861635 1.50244 -0.200012 -0.81825 -1.55586 -0.327301 1.07412 -2.02726 -0.541016 -0.0498004 -1.34877 0.395803 -0.471655 0.542317 -0.444647 -0.455459 0.487015 -0.678974 0.143768 0.816333 -0.143708 1.47015 0.613582 0.628407 0.095743 0.31814 -0.540604 -0.649412 1.38635 -0.705346 1.25033 0.761305 -1.28919 2.57245 0.030337 -3.24082 3.19638 0.651257 2.08126 
1.08175 1.13204 -0.0282868 -1.07364 -1.44541 -0.399244 1.32005 -1.30497 0.217671 0.514207 -0.142502 0.88901 0.496677 0.269428 -0.459185 -0.211953 0.127439 -0.102087 0.403765 0.214971 0.939456 0.80989 -0.576187 1.91417 -0.30223 0.773472 -0.488594 0.464174 -0.254036 0.321254 0.131646 0.79504 -0.714159 0.417767 -2.28315 -2.63244 0.0433927 -1.4381 -0.326646 
1.13106 1.04325 -0.411965 -0.690812 -1.65795 0.0764634 1.28909 -1.08781 0.268875 -0.625987 0.565403 0.0935737 0.301817 0.0537228 0.0195268 -0.709495 0.808269 -0.547328 0.938808 0.102174 0.274059 -0.813 -2.01886 0.6718 -1.34236 -0.00850597 -0.148634 0.322907 0.0233476 -0.143299 0.0171842 0.0306215 -0.145421 -1.08677 -0.957876 0.287323 -1.88784 -0.255888 0.0519429 
1.13547 1.15156 -0.737781 -0.265371 -1.99274 0.539564 1.42222 -1.03092 -0.595329 -1.50465 0.529298 -0.453345 0.488171 0.120794 -0.136278 -0.188605 -0.0158609 -0.0849028 0.434386 0.0695494 -0.147317 -0.147986 -0.288863 0.0263252 -0.558118 0.825415 0.0897651 -0.288434 0.803113 -1.09846 0.590974 -0.539999 -0.344144 -0.346051 1.33339 2.18837 -0.808684 0.983901 1.07584 
1.25186 0.906977 -0.600571 -0.706673 -1.74285 0.51085 1.35864 -1.23513 0.120888 -0.91485 0.591728 -0.464544 1.12723 0.143488 -0.268907 0.0936184 -0.290188 0.0436467 0.398809 -0.24197 -0.0719922 0.520385 0.169512 -0.136884 -0.358454 1.06733 -0.166727 0.152396 -0.131201 0.0980638 -0.291965 0.463031 -0.0964433 0.501992 -0.0931862 0.590104 0.100097 0.450996 -0.364425 
1.27896 0.882657 -0.644163 -0.555559 -1.94909 0.938373 1.18025 -1.10291 -0.0749445 -1.33514 0.392414 -0.8118 1.5555 -0.0459326 0.0161184 -0.319806 0.0822029 -0.376867 0.897417 -0.026894 0.354675 -0.241173 0.301241 0.126422 -0.107122 0.46099 -0.234844 0.229629 -0.536117 0.305122 0.0497388 0.0238006 0.28258 0.299941 -0.118327 0.356817 -0.0222713 0.671699 -0.694582 
1.20592 0.923095 -0.920377 -0.62447 -2.11972 1.40827 1.33175 -0.880451 -0.120284 -0.613609 0.71815 -0.571666 1.58822 -0.0913565 -0.0392785 -0.442499 0.0149335 0.0933855 0.422609 0.0406104 0.227949 0.402058 0.526329 -0.159156 0.313245 0.372749 0.102085 -0.25495 0.414275 0.0372887 0.830133 -1.19404 0.133585 -0.673767 0.438122 -0.481987 -0.43117 0.137516 -0.865079 
1.1876 0.843379 -1.08666 -0.540625 -1.8557 1.36098 1.22086 -0.874959 0.327114 -0.808812 0.233258 -0.498555 1.92825 0.0561519 -0.238832 0.0944682 0.119492 0.453266 -0.296625 0.106691 -0.319091 0.19695 -0.180746 -0.304748 0.0303938 -0.404089 0.160747 -0.192227 0.49799 -0.00495843 0.164252 -0.425257 -0.148808 -0.577577 -0.650828 -0.442893 0.129518 -0.618167 -0.595948 
1.26208 0.684263 -0.825909 -0.504978 -1.66645 1.11164 1.43844 -1.19954 0.0766655 -0.794355 0.413402 -0.541273 1.18413 0.0693909 -0.231506 0.0554914 0.00997511 0.257638 -0.00264725 -0.108198 -0.349628 -0.248769 0.0834361 -0.0296381 -0.304922 -0.223199 -0.156943 0.156863 -0.637239 -0.245981 -0.570239 0.667882 -0.677417 -0.183687 -0.592307 0.555267 -0.235859 -0.155936 0.445726 
1.25699 0.611873 -1.03117 -0.53065 -1.59807 1.35834 1.11267 -1.22459 0.0783442 -0.725376 0.20362 -0.803477 1.70505 -0.100791 -0.081969 -0.54277 -0.12649 -0.116973 0.371257 -0.570725 -0.502778 -0.395357 0.374521 -0.540606 -0.125542 0.0416364 -0.0975384 0.297679 0.0390381 -0.00786795 -0.0816461 0.338847 0.516693 0.0830727 0.914922 0.736952 0.629746 1.04135 -0.293517 
1.16129 0.602294 -1.36868 -0.631468 -1.78342 1.4829 0.867714 -1.70232 -0.318692 -0.419834 -0.127204 -0.666815 1.22577 -0.0281474 0.0661733 0.0945295 0.00210716 0.175991 0.3362 0.408496 -0.266555 0.666153 0.820388 0.600108 0.736427 -0.516716 0.109332 0.195875 0.617449 0.0420244 0.416724 -0.603898 0.929195 0.879097 0.577351 -0.182374 1.67528 1.30674 0.636868 
1.22884 0.678047 -0.936641 -0.528543 -1.42208 1.69454 1.52116 -1.49114 0.744497 0.0950128 0.803728 -0.0670504 1.18833 0.00854162 0.113906 0.0746782 -0.0844651 0.299751 -0.232641 0.358469 0.376319 0.181994 0.192147 1.13467 1.1812 0.678505 -0.0548657 -0.0917002 -0.751967 -0.688947 -0.241289 -1.61079 -0.396807 0.554668 -2.01802 -1.65205 -0.682777 -0.0343358 0.381037 
1.16983 0.7162 -1.294 -0.715933 -1.48367 1.25026 1.22618 -1.326 -0.136697 -0.227687 1.00747 0.514383 1.90427 -0.0830131 -0.0255269 -0.657438 -0.68684 -0.0652974 -1.27459 0.0116889 0.288113 -1.35187 -0.831657 -0.0826689 0.702091 -0.135679 -0.0105594 0.0916082 -0.00370167 -0.652046 -0.165935 -0.312271 0.164942 -0.423453 -0.681636 -0.656593 -2.02978 -1.63141 -1.68951 
1.14583 0.65252 -1.59408 -1.21538 -1.48737 0.419944 1.53285 -1.20303 -0.607371 -0.736644 0.721059 0.63504 1.05266 -0.00201778 0.205514 0.0709765 -0.736511 0.133816 -0.544912 0.523411 -0.0471343 -0.499642 -0.464446 -0.895106 -0.45021 -1.01101 0.194118 0.159656 1.16156 0.393393 0.491105 1.64656 0.206339 -0.156577 1.60163 0.641823 -0.33014 -0.972085 0.348905 
1.16781 0.921714 -1.22302 -1.45244 -1.34986 0.705346 1.74959 -1.37314 -0.636339 -0.692133 0.11236 0.0641727 0.893264 0.111105 0.134129 0.504119 -0.293446 0.425808 0.37197 0.218028 0.131536 0.249758 -0.189834 -0.412809 -0.269994 0.213226 0.0867551 -0.3631 -0.0440436 0.974342 -0.0239957 0.997615 -0.694402 0.303267 0.654693 -0.0115481 1.00552 0.415061 2.19325 
1.25694 0.786649 -1.08996 -1.50883 -1.06156 0.791914 1.75088 -1.07149 -0.357612 -0.926478 0.308251 0.365047 1.26588 0.0847373 -0.157586 0.0269329 0.237831 0.109821 0.452703 -0.17099 0.256133 0.155051 -0.475994 0.110418 -0.035149 1.18224 -0.080029 -0.448991 -0.583105 0.381939 -0.706777 0.155096 -0.629197 -0.0228347 -0.761677 -0.429906 0.800949 -0.670442 0.938734 
1.25255 0.764128 -1.19609 -1.21461 -1.24004 1.15805 1.5786 -1.117 -0.481288 -1.16813 0.222778 0.0290237 2.0755 0.0310762 -0.314861 -0.0789856 0.0884929 -0.280969 0.527066 -0.411169 0.108701 -0.511919 -0.61974 0.38814 -0.940435 1.15196 -0.141716 0.0605743 -0.242321 -0.151381 -0.429519 0.0913784 -0.0918473 -0.138033 -0.814294 0.218232 0.750471 -1.09839 -1.04795 
1.28801 0.471788 -1.16894 -1.42034 -1.34253 1.31898 1.33971 -0.962793 -0.869531 -1.54622 0.696391 -0.575389 2.41784 -0.0569791 -0.0970118 -0.215388 0.0864502 -0.319698 0.544081 -0.262838 0.1181 -0.659243 -0.257762 0.860889 -1.13354 0.134288 0.00302017 0.298476 0.509251 -0.139311 0.465143 -0.438462 0.784488 -0.326347 0.120013 1.3651 -0.22303 0.717291 -1.85465 
1.19557 0.667116 -1.41148 -1.12816 -1.55973 1.70213 1.31577 -0.998904 -1.14053 -1.42589 1.08367 -1.10452 2.20979 0.0340964 -0.0163853 0.430266 -0.0508178 0.184174 0.0886042 0.373319 -0.217646 -0.391906 0.745357 0.16511 -0.223145 -0.702686 0.0148058 0.315118 0.427168 0.616467 0.381477 -0.489268 0.396642 -0.0351034 0.298105 0.321834 -0.168404 1.41158 -1.58793 
1.32211 0.455402 -0.738679 -1.47115 -1.15836 1.40758 1.71303 -1.18044 -1.26144 -0.800861 0.861501 -0.798533 1.71516 -0.0421733 0.218106 0.21178 0.702917 0.0617787 0.0548132 0.133805 0.0829964 -0.361138 0.0640726 0.692485 0.278039 -1.45364 -0.221965 0.0199106 -0.806149 1.17228 -0.240457 -0.430652 -0.896719 -0.303199 -0.500999 -1.75898 -0.109187 -0.163621 -0.437789 
1.15339 0.885222 -1.1997 -0.425246 -1.49795 1.75694 1.44957 -0.915908 -1.50167 -1.36182 1.77615 -0.826476 0.75615 -0.187869 0.00352536 -0.375883 1.12146 -0.0562824 -0.342048 -0.5234 -0.520845 -0.892906 -1.01362 0.0559225 -0.386766 -1.14047 -0.0335569 -0.437763 -0.211927 -0.508688 0.188361 -0.418262 -0.663852 -0.281008 0.210122 -0.0934334 -1.78564 -1.14589 1.34339 
1.13424 0.458928 -1.11456 -0.349693 -1.21464 1.06554 1.18963 -1.70128 -2.15434 -1.81448 0.917423 -1.1853 0.574683 -0.0757302 -0.219657 -0.000147249 0.194229 0.25014 -0.363449 -0.530048 -0.198011 -0.151016 -0.0293608 -1.09316 -0.867847 -0.110246 0.117128 0.566204 0.236988 -1.21364 0.169333 0.320116 0.839314 1.00848 1.34925 1.68582 -0.272994 0.40101 0.307565 
1.07766 0.665565 -1.19985 -0.231017 -1.24781 1.39349 0.919523 -1.11392 -1.65268 -1.39118 0.682995 -1.69432 0.645904 -0.070741 0.569729 -0.138894 -0.0921748 0.113051 -0.0219319 0.315914 0.487631 0.456344 0.672203 -0.217072 0.0142436 -0.832909 0.0939888 0.274657 0.238551 -1.48575 0.430944 -0.656727 0.926376 0.219276 -0.734073 0.572363 0.736583 0.816801 -0.534341 
1.0635 1.02866 -1.25346 -0.441868 -1.10159 1.0436 1.50554 -1.21365 -1.698 -1.14228 0.700351 -1.17106 -0.258226 0.0182586 0.0550002 0.238403 -1.29152 0.681084 -1.02018 0.396328 0.0212651 -0.885089 0.543003 -0.356574 -0.0510458 -0.644587 0.0755995 -0.618614 0.1948 -1.18912 0.882265 -0.988235 -0.162231 0.277936 -1.65032 0.738802 0.118407 -0.522992 0.711599 
1.09592 0.720566 -0.961444 -1.52254 -0.56673 0.373318 1.31585 -1.09265 -2.53777 -0.848175 0.326421 -1.74537 0.00131762 0.00485848 -0.0488851 0.0559058 -1.2813 0.995316 -1.01017 0.153683 0.765566 -1.19397 1.41101 -0.0986652 -0.508749 -0.12131 -0.0370202 0.248596 -0.63762 1.78887 -0.39979 1.00976 -0.416638 0.177826 0.975719 1.09808 0.474892 -0.62312 -0.138511 
1.06836 0.979772 -1.19755 -1.72316 -0.106275 0.033438 1.65923 -0.448086 -2.89197 0.268727 0.601686 -1.6798 -0.379535 -0.0187616 0.303596 -0.399216 0.497357 0.281295 -0.0104119 -0.0203102 0.199091 0.0906296 1.64108 0.118318 -0.674165 -0.783097 0.0347912 -0.00577418 -0.229605 2.10308 -0.933547 0.81111 -0.913228 -1.08699 1.58803 -0.439371 0.907207 0.34764 0.183017 
1.07716 1.02416 -1.36066 -1.02518 -0.285436 0.362906 1.29554 -0.893563 -2.44714 0.792907 0.444739 -2.41953 -0.78178 0.0396496 -0.0546593 -0.173699 0.821783 0.0617689 -0.199056 -0.759545 -0.321424 0.39406 0.971634 0.808542 -0.161108 0.0617071 0.0113487 -0.133414 0.260343 0.243373 0.0717701 -0.481496 -0.557637 -0.59974 0.827737 -1.46467 -0.873532 1.32253 0.755789 
1.10801 0.925113 -1.37125 -0.90138 -0.0445064 -0.165618 0.899682 -0.769511 -2.49791 1.24036 1.41023 -1.84091 -0.317828 -0.00741284 0.170182 -0.138874 0.74073 0.353065 -0.491908 -0.577947 -0.400649 0.918366 0.176413 -0.755214 0.648368 -0.0273083 -0.110728 0.407222 -0.163644 0.29018 -0.10501 0.213784 -0.0847128 -0.106468 1.40862 -1.20492 -3.5977 0.555536 -1.21551 
1.06975 1.19434 -1.49953 -0.284449 0.0676291 -0.129002 0.717593 -1.29421 -1.52878 0.96932 -0.310475 -1.77117 -0.809088 -0.0710783 0.352563 -0.337343 1.11196 -0.0432415 0.0147284 -0.844258 -0.427892 1.80268 -0.233284 -2.78916 0.394428 -1.1538 -0.0154377 -0.122635 -0.0495828 0.660583 -0.389239 0.243726 -0.484705 0.565321 1.03904 0.00989326 0.373886 -1.20487 -1.15582 
1.03693 1.27768 -1.70859 0.210583 -0.0877479 -0.15089 0.055424 -1.1974 -0.69523 1.00708 -1.37893 -1.44648 -1.47163 -0.0228506 0.047547 -0.188456 1.40131 -0.0361747 -0.248181 -1.06265 0.164672 1.95741 0.186307 -0.381328 -0.556506 -1.18313 -0.0398147 -0.204539 0.310056 -1.04219 0.343481 -0.773715 0.209099 0.624963 -1.61153 -0.555246 2.31322 -1.02834 0.760324 
1.0469 1.24189 -1.68799 1.11686 0.0314545 -0.377183 -0.345059 -1.12954 0.428632 1.15563 -0.691803 -2.32767 -1.99222 -0.110893 0.148024 -0.0272876 0.0697731 0.30024 -0.758987 -0.635159 0.197071 0.191151 -0.78853 -0.47594 -0.633911 -0.393477 -0.107135 -0.0176506 0.305269 -1.73503 0.236698 -0.948078 0.870234 0.496185 -2.30848 -0.922094 -1.10646 1.08638 1.9612 
0.926037 1.4257 -1.73588 0.280356 0.212492 -0.909876 -0.579735 -1.00033 -0.504079 0.218546 -1.85487 -2.0804 -1.86511 -0.129986 0.0298964 0.116812 -0.333719 0.200523 -1.19626 -0.192418 0.660857 -0.351072 -0.735788 -1.48779 0.529877 0.778068 0.0412879 -0.211277 0.513758 0.953745 0.0753866 0.201877 0.798986 1.27632 1.28919 1.94861 0.972013 0.872713 1.76454 
0.916911 1.27179 -1.57118 0.783145 0.231977 -1.57344 -0.537477 -0.468682 0.0775595 0.419839 -2.17959 -1.79779 -1.21415 -0.0696051 -0.0632534 0.48647 1.02352 0.375626 -0.55711 0.163827 1.47339 1.48034 1.16008 0.496073 0.238802 1.37106 -0.0260473 -0.0343567 0.421935 1.57822 -0.0103412 0.829253 0.110865 0.21377 1.53884 2.17928 0.910462 0.0609379 0.254723 
0.856432 1.36245 -1.24941 1.30387 0.588118 -1.46699 -0.415908 0.473063 0.976261 1.37863 -1.3588 -1.84159 -0.494042 -0.156033 -0.00446033 0.538748 1.2445 0.190182 -0.367006 -0.0815533 0.874628 1.18776 1.44349 -0.577329 0.590815 1.03279 -0.112841 -0.110346 -0.235805 -0.488469 -0.685927 0.176348 -1.3736 -2.24553 -1.7924 -2.27441 -1.7416 0.420856 -0.694863 
0.760878 1.26733 -1.03243 2.02764 0.422159 -1.94045 -0.61903 0.405946 1.26532 1.86333 -2.75692 -1.20698 -0.181361 -0.182446 -0.173599 0.250665 0.535049 -0.310301 -0.380762 -1.20977 -0.772134 -0.312059 -1.11433 -1.24553 0.659657 0.676202 0.00939813 0.0619487 -0.226709 -0.942164 -0.350357 -0.121357 -0.346029 -1.41181 -1.50524 -3.10497 1.35366 0.550864 -0.875893 
0.673985 1.18885 -0.998746 1.83892 0.277817 -1.84775 -1.62568 -0.299071 0.664202 0.264293 -2.60433 -1.18194 0.18216 -0.146635 0.0574883 0.312039 0.302335 -0.160175 -0.488363 -0.427582 -0.537183 -0.317481 -1.66149 0.77633 1.14168 0.156897 0.0283966 0.0241781 0.286638 -0.213064 0.446952 -0.708231 1.42647 0.978226 0.692328 -0.0665153 2.22187 1.34448 -0.71123 
0.614243 1.32482 -0.720392 2.32998 0.261984 -2.42881 -1.04661 -0.131237 0.947842 0.201841 -1.98059 -0.0653009 -0.0244637 -0.15405 -0.149421 0.537302 0.321985 0.13665 -1.08899 0.216699 0.206092 0.380268 -1.18085 0.976343 2.00414 -0.0350281 0.0418411 -0.211473 0.026205 0.208482 0.176118 0.215817 0.387052 0.176704 0.126412 1.16913 -0.645833 0.218232 0.41662 
0.519935 1.03943 -0.461444 2.16091 0.414467 -2.93674 -1.40898 -0.0929794 1.04447 -0.916555 -1.62799 0.822203 0.147132 -0.104794 -0.153985 0.338244 0.510817 0.0159434 -0.272546 -0.0405298 -0.36048 -0.191069 -0.492358 0.130497 1.35991 0.573517 -0.0312254 -0.017785 -0.175176 0.811638 -0.134543 1.4418 -0.408913 -0.709722 -1.71225 2.00683 -1.61098 -1.09877 -0.588465 
0.509449 1.17083 -0.382148 2.8408 0.277928 -2.70136 -1.08714 -0.491717 0.756773 -0.290517 -1.8501 1.29461 0.549053 -0.185275 -0.167206 0.362127 1.13362 0.00210766 0.352808 -0.192214 -0.50363 -1.33199 0.825983 -0.634634 0.905373 -0.623493 -0.306142 0.012482 0.630536 -1.03986 0.345536 1.07706 -0.464444 0.765863 -0.212066 0.0353049 -0.483687 -1.30358 -0.776613 
0.33466 0.87222 -0.0993168 3.29453 0.416575 -2.58393 -1.6012 -0.59661 -0.287516 -0.0905721 -2.26262 1.72758 -0.476361 -0.410936 -0.141503 0.96878 -0.529041 0.361479 0.804518 -0.504974 0.405383 -0.403135 -0.457053 -0.35319 0.0563336 -0.203096 -0.410133 -0.309088 0.544688 -2.78466 0.388931 0.314236 -0.0325162 1.93502 0.397516 -2.67194 2.18551 -2.58774 0.434114 
0.098513 1.02933 0.586631 2.31176 0.639407 -1.89684 -1.59212 -0.0863337 0.353638 -0.747571 -2.20329 1.35094 0.345957 -0.595408 -0.476294 0.906815 -1.65104 0.391039 0.667044 -0.22473 1.43139 -0.93447 -1.84595 1.55087 -1.68237 -0.189378 -0.225452 -0.850829 -0.278851 0.0933724 -0.316386 0.14985 0.584636 0.568087 -0.23017 -0.0674106 2.37417 -1.48983 -0.879065 
-0.260748 0.395926 0.807498 1.64349 0.807613 -1.91689 -1.82593 0.834782 -1.22199 -1.93653 -0.711748 0.0452076 -0.665739 -0.636387 -0.992331 0.689929 -0.435669 0.0450926 0.954368 0.0796616 0.97347 -0.633306 -0.524464 2.02098 -1.4335 -1.08216 0.0609717 -0.396357 -0.882505 0.80509 -0.302095 1.51978 1.47717 -1.19479 2.81358 3.42153 -0.734423 1.74553 -0.485957 
-0.537874 0.0369966 1.27656 1.87609 0.684499 -0.942469 -1.51245 0.887136 -0.279668 -1.27203 -0.182308 -0.0825519 -0.736204 -0.534437 -0.872651 0.0243099 -0.845948 0.0889435 2.18682 1.25244 0.236604 1.87911 1.57558 0.81645 0.0631657 -0.675336 0.271133 0.367235 -1.11296 -1.19325 0.074029 -0.127647 0.94205 -1.20867 1.16696 1.85265 -2.0175 2.09753 0.491065 
-0.795185 -0.476725 0.831808 0.797545 0.896557 0.26993 -0.573484 1.07139 0.657124 -0.360947 0.104702 0.108373 -1.34107 -0.365255 -0.625096 -0.423031 -1.62892 0.119122 0.826721 1.02171 -0.235203 0.533657 1.32819 0.00347401 0.664039 -0.591096 0.33352 0.435765 -0.0685227 0.605313 -0.219115 -2.57575 -0.922543 -0.586388 -2.6331 -0.810434 -1.09734 0.657832 1.37571 
-0.903129 -0.5881 0.85353 0.247169 0.803621 -0.115748 -0.490743 0.651934 0.253989 0.0561561 -0.178834 0.581487 -1.3273 -0.200916 -0.436886 -0.0442128 -0.240635 -0.130172 -0.388928 0.329899 -0.349783 -0.75399 0.765145 -0.280891 0.720998 0.700377 0.325263 0.386196 0.258121 1.54532 -0.121621 -0.921009 -1.13294 0.802445 -0.131823 -0.519783 1.18315 -0.32673 2.18492 
-0.996101 -0.91361 0.787595 0.55691 0.766385 -0.118998 -0.243585 0.721602 -0.0968659 0.404198 -0.176189 0.829371 -0.640697 -0.0399916 -0.238901 -0.16491 -0.0835974 -0.00249915 -0.094288 -0.111229 0.567242 0.401833 0.808407 1.18662 0.337309 1.59382 0.2575 0.681387 0.166459 -0.47025 0.218593 0.711161 -0.519108 0.735317 0.967789 -1.23117 -0.39254 -1.68063 -0.408548 
-0.943121 -0.827001 0.68862 0.163572 0.801122 -0.210036 -0.601973 1.21918 0.655822 0.864564 1.00779 0.918795 0.266519 0.0565836 0.244502 0.122246 -0.710885 0.0884215 0.322233 -0.189208 0.385534 0.2138 -0.466026 -0.673431 -0.959629 0.29183 0.0645222 0.469272 0.27898 0.280771 0.0631105 0.374141 0.621793 -0.31104 -0.205867 -0.791318 -2.72766 -1.00566 -2.36865 
-0.939518 -0.669108 0.909841 -0.153975 0.854807 0.203235 -0.432793 1.10714 0.116934 -0.0618272 -0.849619 -0.130258 -0.348867 0.0245306 0.230371 0.11407 0.197174 0.0606113 0.279853 0.510564 0.256202 0.195966 0.0170894 -1.54104 -0.668352 -0.774835 -0.0995504 -0.489775 -0.115222 1.07788 0.173543 -0.0353436 0.175032 -0.467283 0.0796212 0.97704 1.70299 2.1374 -1.15689 
-0.91859 -0.59663 0.80269 0.360746 0.861733 0.0698168 -0.0914087 1.47538 0.851789 0.881653 -0.533248 0.250443 -0.508316 -0.0429668 -0.245273 0.00702403 0.366997 0.261964 0.286889 -0.0141769 -0.0817491 0.293421 0.511014 1.02956 1.17777 -0.865063 -0.117359 -0.61563 -0.19488 -0.725433 0.000645565 -0.381652 -1.41804 -1.00081 -0.996681 -0.269314 2.17456 -0.0349095 0.331508 
-0.982485 -0.914381 0.916865 0.213022 1.11677 0.490124 -0.44697 1.02539 0.410354 0.449187 0.17994 1.04751 -1.21393 -0.0928286 -0.385259 -0.0808096 -0.528259 0.0612569 -0.101799 -0.907476 -0.744608 -0.800714 -0.252224 0.63352 -0.703262 -0.443327 0.0242235 0.282883 0.177219 0.257946 -0.546431 -1.04455 -0.237059 0.0961783 -0.538131 -1.27732 -2.16333 -2.32176 1.59166 
-1.01142 -0.981889 0.721881 -0.167513 0.92299 -0.0319826 -0.998885 0.730769 0.0510744 0.629429 0.100272 -0.452818 -0.951642 -0.0187434 0.0376101 0.184243 0.624943 -0.284467 -0.757663 -0.251236 0.0144291 -0.244711 -0.766304 -1.13377 -1.14399 0.726597 0.0304889 0.643802 0.341883 0.91219 0.031393 0.286955 1.50523 0.981178 0.702775 -0.103487 -0.922135 1.97648 0.39568 
-1.00123 -0.876771 1.10111 0.837964 0.832304 -0.267538 -0.698206 1.03982 0.165644 -0.317117 -0.953831 -0.0964769 -0.487334 -0.0623397 0.258542 0.261073 0.383931 0.09265 0.185156 0.597754 0.23657 -0.0979389 -0.355711 -0.288615 1.27322 -0.0476465 -0.0813346 -0.00607104 -0.411331 -1.57184 0.268076 1.19079 0.579639 0.117563 1.4798 2.17011 2.37599 1.70455 -0.233856 
-1.07376 -0.723347 0.982954 0.216417 1.01564 0.153173 -0.40113 0.967339 -0.0468645 0.273717 -0.188343 0.820405 -0.999289 -0.100078 0.0315391 -0.227088 -0.946902 -0.0163906 0.433123 0.328404 0.131992 1.23509 1.4038 1.24222 0.560558 0.492741 0.0049159 -0.567858 -0.790631 -1.22502 -0.689263 -0.968152 -1.4202 -0.354119 0.731308 0.657393 0.406807 -2.01244 1.79792 
-1.10131 -0.845232 0.874021 -0.108938 0.815914 0.165584 -0.369802 1.17181 1.40074 1.08669 0.288391 0.464081 0.00540727 -0.0574238 -0.309316 -0.529557 -0.841085 -0.596613 -0.782997 -0.822444 -0.117549 0.633369 0.301682 0.118192 -0.739214 1.75027 0.19416 0.00415867 0.0590629 1.03099 -0.0291785 -0.765384 -0.270951 -0.104933 -3.41372 -3.46039 -1.29319 -1.05691 -1.1455 
-1.13118 -1.03266 0.453396 -0.624668 0.419027 -0.629823 -1.22357 0.849789 0.586505 0.575399 -0.0701508 0.0811909 0.750983 0.0940816 0.0356977 -0.168025 0.0840902 -0.0455692 -0.332262 0.0574528 0.0270594 -2.17863 -2.05659 -0.0509686 -0.496352 -0.652762 0.148093 0.443301 0.693785 1.68814 1.07541 1.54725 1.54849 0.269421 -0.902841 -0.134685 0.680018 1.57489 -2.0414 
-1.00722 -0.809534 0.705996 -0.0248477 0.770345 -0.166678 -0.312349 1.19887 -0.777892 -0.969902 0.237422 -0.032271 -0.647355 0.0906693 0.133985 0.164227 0.847052 0.478801 0.764257 0.726044 0.151872 -0.269472 0.166997 0.79821 0.83568 -0.291129 -0.149599 -0.163518 0.142537 -0.126255 -0.00223528 -0.576519 -0.775713 -0.85465 2.82849 3.78635 0.352982 -0.199264 -0.417475 
-1.04051 -0.898678 0.617624 0.222384 0.897828 0.134434 -0.49753 1.00166 0.317033 0.742396 0.72806 0.916871 0.459854 -0.0555178 -0.127821 -0.025488 -0.042165 -0.0478044 -0.908781 -0.71826 -0.82759 0.649856 1.72977 0.302014 -0.695616 -1.07024 -0.147099 -0.0654849 0.00559352 -0.970974 -0.402665 -1.01094 -0.971453 -0.150994 0.709978 -1.06024 -1.44777 -1.90183 -1.11442 
-1.06274 -0.937355 0.680508 -0.0670127 0.72254 -1.07546 -1.03061 0.371278 -0.128036 0.759864 0.539436 -0.727887 -1.71759 -0.0564299 0.0684999 0.169821 -0.123922 0.0761356 -0.246678 -0.245409 0.000877624 0.440507 -0.893241 -0.649559 -1.06615 -1.40555 0.00517354 0.344521 0.266706 0.219507 0.263071 2.00996 1.30292 1.36095 0.233483 -2.25907 -0.81867 1.61529 2.30171 
-1.09694 -0.830178 0.787445 0.0984617 0.973963 -0.112244 -0.742939 1.00254 0.75754 -0.150845 0.0785006 -0.149276 -0.945699 -0.0503443 0.2167 0.241218 0.177342 0.215266 1.10118 0.584658 0.533363 0.883339 -0.529303 -0.516656 0.919676 1.23148 0.0824196 -0.0131752 -0.184812 -0.0912708 -0.347515 -0.311833 0.362368 0.156585 -0.0453975 1.41895 0.536406 2.93123 1.9845 
-1.11309 -0.720655 0.921726 0.11033 0.937806 0.0257223 -0.445952 0.904641 0.755303 0.23056 0.0227798 0.191789 -0.486116 0.0259897 0.0553247 -0.0149916 -0.215193 -0.271379 -0.558511 0.116959 0.157462 0.395109 0.525705 -0.113153 1.86508 0.578946 0.12392 -0.473023 -0.550905 -0.192463 -0.45231 -1.7162 -0.947559 -0.534069 -0.222426 1.8931 1.23115 -0.449501 -0.533636 
-1.07095 -0.774853 0.772453 -0.116731 0.702584 -0.670756 -0.625979 1.16 1.15265 0.37486 -0.0346524 1.7158 -0.366753 0.0735754 -0.256323 -0.309687 -0.0151207 -0.237044 -0.615015 -0.362902 -0.000706817 0.660913 1.36379 0.71449 0.470174 0.69784 0.0303532 0.171076 0.0517702 0.656193 0.414982 1.04564 0.166646 -0.690702 -1.31922 0.315045 -0.368231 -3.17254 -0.487618 