-1.1284 -0.938379 1.00393 0.431691 1.18148 -0.792406 -0.200141 1.33485 0.511731 1.792 0.949936 0.810536 0.869837 -0.0299051 -0.0399584 -0.0824858 0.437003 0.199617 0.636948 1.53429 -0.0638018 -0.72476 -1.67639 -0.746632 -1.06844 -2.14273 0.0286468 -0.711187 -0.550713 -0.698597 -0.4007 0.18508 0.326095 0.00169291 0.819976 -1.30936 0.68233 0.752216 1.52828 
-1.14206 -1.07187 0.857491 0.740034 1.22459 -0.224701 0.841338 1.20718 0.225431 0.718328 1.03825 0.39384 0.278416 0.00394447 -0.488321 -0.410238 -0.326333 -0.280854 0.211512 0.532339 -0.101234 0.126363 0.290189 0.718442 0.89151 0.705123 0.0170573 -0.352977 -0.0776211 -0.816757 -0.390215 -1.11884 -3.17872 -0.69967 0.246549 0.880328 -1.0462 0.778272 2.15884 
-1.12445 -1.4267 0.593691 0.105358 0.900626 -0.580894 0.332198 1.23362 0.638094 2.08219 1.66838 1.70205 1.57496 -0.0128478 -0.392936 -0.160107 -0.379754 -0.190598 -0.481896 -1.64443 -0.763472 -0.478211 -0.796058 -1.79283 -0.290166 0.0161135 -0.0394239 0.750865 0.601352 0.762815 0.39542 -0.0666847 -1.38427 -1.11722 -1.99105 -3.34263 -2.21884 -1.546 -3.44993 
-1.15491 -1.4648 0.697384 0.36028 1.034 -0.706597 -0.803093 0.44371 -0.25278 -0.0777304 -0.754583 0.103674 0.29453 -0.0354795 0.262544 0.191114 0.436482 0.114566 0.144827 -0.851927 -1.21845 -1.86469 -3.05244 -1.5004 -0.654492 -2.74481 0.0428433 1.0243 0.662962 0.0856045 0.0181637 0.220674 1.55005 1.38886 1.65692 1.01897 2.74383 1.33836 -0.229149 
-1.15993 -1.16416 0.784805 0.541841 1.01519 -0.436067 -0.519729 0.0151636 -1.22659 -0.970254 0.167982 1.04755 -1.16985 0.0299955 0.63136 0.502855 -0.29415 -0.172435 -0.261222 -0.0943781 0.625388 1.17871 0.222911 0.950997 1.04819 -0.213035 0.119644 -0.155118 -0.254275 -1.07324 -0.157241 -0.127936 1.51319 1.92772 2.89005 3.29327 0.519063 -0.521037 3.5182 
-1.12492 -0.833441 1.20024 0.0661306 0.861562 -0.967819 -0.897471 1.0691 0.925928 0.145181 0.196414 1.15187 0.0814947 0.0841646 0.107426 -0.0631614 -0.636755 -0.0426756 0.0168912 0.661265 0.709268 1.02537 0.240827 -0.981334 -1.17553 0.773393 -0.0451194 -0.936481 -0.742439 0.155007 0.156835 0.291407 0.903784 -0.853588 -1.46163 1.00498 -0.735966 -2.97967 -0.760295 
-1.07577 -1.05673 0.721643 -0.0949148 0.972516 -0.419176 0.141536 0.724431 -0.201227 -0.729427 -0.813352 -0.127975 -0.396458 -0.0151239 -0.305121 -0.239585 -0.139142 -0.0155997 0.0301845 0.809406 -0.2282 -0.282925 1.22789 0.215031 -1.93148 -0.97333 -0.164451 -0.226922 0.218075 1.07731 -0.0130621 -0.266307 -0.412318 -0.805571 -0.551596 1.94806 2.51244 1.24912 -0.970193 
-1.14004 -1.13856 0.960654 -0.0730117 0.845962 -0.937635 -0.0880655 0.840898 0.643003 1.37307 0.411445 -0.779615 -0.891835 -0.0802868 -0.119496 0.154914 0.440553 -0.0557376 -0.249416 0.248947 -0.0963034 0.47377 2.18889 1.53111 0.0735953 -0.1968 0.0234233 0.0890951 0.259646 0.974105 0.336956 0.959548 -0.239757 0.133968 0.121896 -1.69961 -0.525707 3.44518 2.35595 
-1.15606 -1.17623 0.876557 0.345638 0.916779 -0.668592 0.390483 0.628128 0.272543 1.45946 0.717757 -0.0543792 -0.593258 0.00829941 -0.216026 0.0200613 0.834962 0.321357 0.989733 0.569649 -0.0942315 -0.161029 -0.471716 -0.310676 1.5137 1.38262 0.0965552 0.0122348 -0.120663 -0.127475 0.2674 0.735108 -0.753195 0.526066 -0.736821 -2.85096 -2.25545 -0.347894 0.744413 
-1.13174 -1.35459 0.980716 0.761951 1.16732 0.0520981 0.481583 0.746667 0.481974 0.901358 0.100769 0.734082 0.49079 0.0162684 -0.107261 0.0342509 0.313078 0.211662 0.485692 -0.504248 0.429763 -0.263051 -0.662069 -0.724343 -0.274299 0.547614 -0.0334615 0.0639907 -0.0671123 -1.34737 -0.725897 -1.61928 -0.915563 0.10593 -0.486219 -0.763679 0.263955 -1.4547 -1.57932 
-1.13979 -1.28349 0.910808 0.658717 1.12844 -0.182899 -0.113765 1.05789 0.00949152 0.797392 -0.00658524 -0.328678 -0.045644 -0.0251621 -0.152035 -0.047051 -0.512409 -0.404541 -0.629548 -0.345914 0.011698 -0.647248 -1.23539 -0.0467213 0.0589991 -0.196697 -0.0179494 0.118081 -0.0615893 -0.73615 -0.423523 -0.855958 0.150362 -0.458842 2.05981 0.783667 0.786738 1.68143 -0.420449 
-1.1569 -1.50662 0.933665 0.249542 0.762778 -0.57745 0.135669 0.758365 -0.165274 -0.334036 0.0540476 0.793081 0.294092 -0.00168095 0.0108204 -0.0273384 -0.423072 -0.211861 -0.370266 -0.353886 -0.0290793 1.79676 0.121598 0.0623958 1.40713 0.127165 0.0214684 0.571914 -0.0446031 0.534847 0.540682 0.535345 0.0414246 0.525194 1.66117 1.94784 0.768993 -0.487525 -0.0267732 
-1.14147 -1.27267 0.883469 0.235645 0.916581 -0.553165 -0.467652 1.02881 1.80625 0.91899 0.0558106 1.07845 0.0815206 -0.00369374 0.419879 -0.0916541 0.0224379 0.136142 -0.094203 -0.304489 0.536892 1.01392 0.712443 0.722272 -0.428526 -0.223471 0.00955411 0.33296 0.202129 0.530733 0.3224 0.488302 0.860897 -0.210986 -2.03888 1.26943 0.959302 -2.67804 0.104411 
-1.1606 -1.08674 0.842011 0.271979 0.89892 -0.671653 -0.16882 1.29526 0.848649 0.378406 0.776319 0.364555 0.0706216 0.00787316 0.343781 0.174791 0.107662 0.110539 0.118037 0.507011 -0.240066 -0.242119 1.39102 1.0217 -1.27091 0.231576 0.0705367 -0.0193636 0.254379 0.124622 0.0243331 -0.256417 0.679578 -0.912554 -0.571865 0.906757 -0.748692 0.552695 1.54606 
-1.13359 -0.928885 1.05826 0.343307 1.02712 -0.435129 0.0393589 0.788746 1.56413 2.31001 1.07751 -0.19246 0.313096 0.066843 0.400516 0.162725 0.14706 0.160475 -0.35062 0.375088 -0.375661 0.442057 1.6192 -0.0264198 0.124169 1.32259 0.046417 -0.422549 -0.325654 -0.251452 -0.02537 -0.046498 0.199355 0.887626 0.163018 -2.30763 -0.20454 3.40237 1.06537 
-1.09375 -0.686229 1.00474 0.419039 1.05939 -1.02227 0.206269 0.919596 1.29071 1.99761 0.7499 0.488724 1.39321 0.0542901 -0.0787677 -0.150863 -0.14379 0.0851695 0.0715385 0.706366 0.647561 -0.079101 -0.916606 0.817158 2.13146 1.29694 -0.0631713 -0.919128 -0.334065 -0.363825 -0.467986 0.430417 -0.273549 0.856188 0.361216 -2.12848 -0.332394 0.0398402 -0.872537 
-1.0793 -1.00765 0.907398 0.199517 1.11229 -0.36359 0.745725 1.43631 1.48503 1.39341 1.89467 1.939 1.61004 0.00367165 -0.518612 -0.17134 -0.216765 -0.307511 0.079797 0.10154 0.480527 0.803273 -0.509283 -0.358813 0.164009 0.450049 -0.0861662 0.069383 0.163129 0.473247 -0.191315 -0.606541 -1.66854 -1.1956 -0.984077 0.632865 -0.923222 -2.39958 -0.292248 
-1.09008 -1.20484 0.833396 0.202275 0.751883 -0.942476 0.307809 1.40012 2.09398 1.48832 0.391086 0.652733 1.84326 -0.031876 -0.00938473 0.0122658 0.329457 -0.106145 -0.535003 -0.962178 -0.548042 -1.06318 -0.283741 -0.106064 -0.268116 1.0047 -0.079128 0.519658 0.32077 0.032567 0.619348 0.142504 -0.755704 -0.590543 -1.88889 0.0726608 0.442022 -0.400773 -0.703563 
-1.11118 -1.01704 0.919663 0.528973 1.00614 -0.898593 -0.216453 0.888265 0.421854 1.10967 1.7886 1.67088 2.61473 -0.0754564 0.00104585 0.14943 -0.184198 0.311836 0.222301 -0.654164 -0.110016 -1.08561 -0.436622 0.0832089 -0.236764 -0.253513 0.0456034 -0.248935 0.0161299 -0.236693 0.123684 0.453148 0.915563 0.63554 1.50774 0.933149 0.308035 0.158754 -3.36924 
-1.16554 -1.20379 0.982825 0.0180768 1.06372 -0.720174 -0.346356 1.29011 1.00837 1.0517 0.474295 0.415969 1.58974 0.0137274 -0.25832 0.0283957 0.0927635 0.0175385 -0.0818553 -0.0466152 0.0874983 0.444561 0.649408 0.201971 -0.109362 -2.36455 0.115424 -0.0141718 -0.225056 0.266825 -0.73583 -0.565987 1.10504 -0.430787 0.178636 -0.249857 -0.208852 0.263799 -1.61626 
-1.09745 -1.27536 0.948059 0.621737 1.02368 -0.980448 -0.263069 0.975763 0.866415 1.75907 1.99057 1.56152 0.250187 0.0399677 -0.0131259 -0.0756262 0.0826273 -0.423994 -0.343685 0.450878 -0.540804 -0.906976 -0.686478 -0.125643 0.0270357 -1.86977 -0.153293 0.180194 0.0308276 -0.549071 0.088526 1.0597 1.09447 0.320809 0.0626094 -0.732629 -0.486561 -0.0139001 1.86529 
-1.12557 -1.21692 0.907199 0.100704 0.639725 -1.06386 0.104522 0.749302 0.10139 0.365224 0.348652 0.443005 -0.280026 -0.139566 -0.0781262 0.0592232 -0.456307 0.106065 0.977843 1.04785 0.408307 0.50717 -0.083221 -0.28459 -0.123262 -0.499257 -0.0285237 0.0803038 0.0529486 0.142248 0.890328 0.69107 -0.133726 1.2869 2.11703 1.09619 1.05719 0.158133 3.31529 
-1.23702 -1.35348 1.00728 0.165429 1.12975 -0.00260525 0.784784 1.38407 1.37359 1.67585 1.70598 1.43826 -0.24907 0.011444 0.0671779 -0.0226776 0.224875 0.466334 0.347385 0.317152 0.7461 1.21005 0.409708 0.93155 0.185169 1.44553 0.253828 0.427168 -0.0288018 0.789209 -0.399184 -1.89928 -1.914 -0.668767 -1.53403 -1.13517 -0.63519 -0.59052 0.873895 
-1.11413 -1.14974 0.884521 0.32558 1.10606 -0.716475 0.421674 1.4954 1.31144 0.774932 1.2802 0.628174 1.1655 0.114262 0.349042 0.0304214 0.332902 -0.29312 -0.921442 -0.866143 -0.26046 -1.02686 -1.21839 -0.91978 -0.713782 0.374638 0.0211856 -0.558362 -0.181762 -0.113099 -0.793916 -0.664583 -1.48638 -0.855286 -2.58526 -1.47479 -2.13333 0.00511784 -1.72834 
-1.12276 -1.00444 1.0377 0.498331 0.836628 -0.924047 -0.0813586 1.12361 0.346721 0.457464 0.786204 0.724478 0.125569 0.0326295 -0.491184 -0.204439 0.111777 -0.327582 -0.317199 -1.16923 -0.109186 -1.37521 -1.06508 -1.20178 0.190287 -0.282813 0.0213443 -1.01483 -0.559397 -0.595667 0.343888 0.926754 -0.380764 0.642285 1.87447 1.71741 0.715097 1.13954 -0.139234 
-1.0815 -1.64093 0.680082 0.437356 0.778477 -1.03367 -0.747557 1.38622 -0.0637679 -0.290152 0.0784168 0.81846 0.882687 0.135606 -0.665791 -0.528976 -0.262766 0.0507684 0.00531208 -1.24691 0.381825 0.847611 0.499018 -0.204683 0.425761 0.235404 -0.119774 0.993925 0.45926 -0.390446 0.501894 0.589418 1.34022 -0.46008 2.4503 1.78774 0.505969 -0.882074 -0.336409 
-0.987151 -1.67023 0.508728 0.235565 0.887396 -0.918735 -1.32827 1.50544 1.19433 0.956482 0.58152 1.15024 0.360973 -0.0871445 0.502741 0.254821 -0.278669 0.174312 0.272219 0.170992 -0.569265 1.07509 0.722659 -0.695816 -0.691787 -0.619221 -0.279894 1.15408 0.963484 0.605274 0.197648 0.195559 2.61558 -0.704511 -0.809117 -0.425428 0.539231 -2.00611 -0.513975 
-1.16864 -1.13819 0.934903 0.158687 0.952788 -0.761454 -0.576566 0.816952 1.01132 0.432507 -0.617399 0.126673 0.263465 -0.144288 0.488289 0.434508 0.342509 0.248416 0.200871 1.36867 -0.322686 0.0384935 0.0735897 0.334548 -1.58035 -0.278571 0.19387 -0.139237 0.322355 1.43435 -0.00289773 -0.263929 1.47447 1.2006 -2.08492 -0.744963 1.37643 -0.0887644 -0.694976 
-1.13144 -1.18194 0.943236 0.578074 1.13581 -0.717864 0.0404085 1.18275 1.23283 1.03007 0.916069 -0.430107 0.0824023 0.106726 0.363504 0.577176 1.15568 0.171414 0.00829093 1.64546 0.631331 -1.00983 -0.0223043 0.680612 -0.780551 -1.3142 0.319154 0.545909 0.275277 0.528032 -0.415473 -0.298672 -2.36797 -0.638817 -1.05217 -1.35877 -1.23286 2.92315 -0.657403 
-1.06192 -0.774681 1.51208 1.31437 1.1242 -0.753163 1.0689 1.44828 0.00148633 0.410203 0.0632129 -0.653878 -1.05073 0.174867 1.0342 0.709785 0.870541 -0.167057 -0.0978006 -0.999299 -0.961503 -1.01368 -1.28518 -0.898315 1.34281 -0.935974 0.113893 0.690145 -0.30819 -1.24302 -0.240885 0.257846 -3.94505 -2.14273 0.767774 0.0338746 -0.0269226 1.80149 1.37911 
-0.956572 -0.147746 1.65302 1.44862 0.968756 -0.815665 -0.958891 0.221247 0.21915 -0.255105 0.0177534 0.912701 -0.853571 0.220619 1.05365 0.268986 -0.0873394 -0.0694714 0.266137 -2.29958 -1.5114 -0.242058 0.0115703 0.653689 1.02094 0.0649128 0.320851 -0.231423 -1.45529 -0.713512 -0.137246 -0.759523 1.32487 0.501262 -0.991313 0.80215 1.88207 -2.26655 -1.29631 
-0.841298 0.278968 1.78106 1.22703 1.05473 -0.487026 -1.23068 -0.0631199 -0.240572 0.421773 0.716902 0.367061 -0.985819 0.495718 0.802775 -0.745503 0.157029 -0.304303 -0.857324 0.325566 -0.460241 -2.00499 -0.483027 0.983752 -0.923739 -2.23229 0.33809 -0.48595 -1.51543 1.36959 -0.242921 -1.46539 2.87827 0.939019 -1.62064 -0.609181 0.428578 -0.204869 -1.56055 
-0.460854 0.65503 0.907518 1.60564 0.664453 -1.67299 -0.633324 -0.238994 -1.78584 -0.738132 1.00151 -0.0110384 -3.08586 0.558709 0.567699 -1.24645 1.28225 -0.312392 -1.19925 0.578687 -0.572384 -1.8627 -0.597611 1.08227 0.816069 -1.49564 -0.358534 -0.0688886 0.825398 -1.21767 -0.0228153 2.09768 -1.1665 -0.415054 1.77446 -0.0342698 -0.599452 1.01128 3.3569 
-0.282588 0.846667 0.534618 2.50929 0.742339 -1.68628 -0.651995 -0.635504 -2.10327 -0.175838 1.79917 1.18313 -2.48146 0.137184 0.733887 0.0798952 -1.06064 -0.327118 1.24036 -0.840932 -0.875295 -0.230528 -0.517297 0.3843 0.0875406 1.12461 -0.372505 -0.140188 1.96529 -4.0948 -0.291296 3.14011 -2.03108 -0.097127 2.59541 -0.536344 -1.26796 -1.2334 2.47308 
-0.32367 1.38892 0.987413 0.545006 0.337335 -0.432631 -1.47426 -1.11429 -2.01637 -1.25543 1.38581 0.0765022 -1.96124 0.186204 0.427511 0.71884 -2.81255 -0.603689 1.94086 -1.45239 -0.669511 0.732712 -1.13396 -0.185696 -0.41733 0.977443 0.262348 -0.844944 0.164875 0.670306 -0.00583935 -0.531626 1.01097 0.568662 1.35429 0.308984 -0.623277 0.955401 -0.593395 
-0.0963844 1.27418 1.25346 -0.303261 0.13865 0.254585 -2.10439 -1.30501 -1.37056 -1.30979 1.61347 0.7658 -1.50402 0.399532 -0.111057 0.24477 -0.390333 -0.332958 0.708731 0.170043 -0.306633 1.12377 -0.208313 -0.238977 1.04294 0.531219 0.22508 -0.780369 -1.14462 2.1334 0.995099 -2.68399 1.71899 1.44184 -0.884795 0.99789 -1.87924 0.154333 -2.05112 
0.0758626 1.27786 1.23218 0.154673 0.00437715 0.2761 -1.30421 -1.42092 -0.8926 -1.46374 1.14683 1.11944 -1.43002 0.411284 -0.352858 -0.425776 -0.679146 0.39141 -0.743125 0.266594 0.772332 -0.152083 -0.136066 -2.06493 -0.262997 -1.07367 0.240371 -0.0392685 -1.74539 -0.873203 0.0400427 -0.695952 -1.1209 1.33913 -1.13537 0.749367 -1.37149 -3.2338 -0.81045 
0.3149 0.92132 0.827682 -0.982407 0.53006 -0.48854 -1.83779 -0.532683 -1.52264 -1.44586 -0.451458 0.502803 -2.57769 0.639904 -0.150325 -1.50062 -1.26354 -0.292915 0.0127791 -0.950854 1.0325 -0.0116023 0.541055 -1.61047 -2.19086 -0.27923 0.146928 0.572862 -1.20501 0.18138 -1.27786 1.47368 0.838258 -1.16667 1.64654 0.664303 1.57937 -2.75145 3.67658 
0.715766 1.12753 -0.268441 -1.10886 -0.288538 0.288879 -2.25507 -0.388423 -0.904202 -0.922687 -0.46364 -1.07141 -1.70925 0.558212 0.220005 -1.63079 -0.497765 -0.886455 0.730557 1.10485 -0.394341 1.49445 0.528237 -0.485561 -3.01445 2.60291 -0.429855 0.178967 0.759566 0.869327 0.0887914 -0.054548 3.00018 -1.50227 0.457488 -0.0087048 1.03784 0.981429 2.17498 
0.873112 1.14133 -0.803107 -1.48017 -0.356395 0.242017 -0.732942 -0.927024 -0.0281879 -0.917622 -0.937019 -2.51165 0.0252182 0.210049 0.0286411 -0.741057 -0.394208 -0.204123 -0.0417689 2.04933 -0.46977 0.445886 0.53235 -0.572634 -1.20943 1.89574 -0.394605 -0.366785 1.59135 0.885934 0.887865 -0.472304 0.405122 0.803992 -1.64276 0.679137 1.04363 4.14399 -2.09974 
0.925815 1.15618 -1.0095 -1.50307 -0.492661 0.24711 -0.20574 -0.858193 -0.458317 -0.390337 -1.03627 -2.28084 0.186491 0.163607 -0.14678 -0.0394383 0.388169 0.00141016 0.258253 1.50997 0.40965 -0.148306 1.20737 0.558074 1.12954 0.503166 -0.105849 -0.36776 0.715971 0.799436 0.0280302 0.166038 -0.985609 0.262372 -0.383821 -0.647555 1.0127 1.74177 -1.95957 
1.03672 0.994545 -0.842545 -1.092 -0.354985 0.50027 0.777033 -0.517373 -0.176494 0.289753 -0.378946 -1.38211 0.528385 0.1042 -0.339119 -0.0250861 0.405228 -0.176093 0.124269 1.06372 -0.207398 0.0620648 -0.115205 0.440067 0.532344 -0.0638225 -0.185059 0.0438457 -0.280275 0.0449757 -0.647515 0.0723262 -1.91504 -0.869524 -0.253387 -2.09669 -0.854959 -1.30975 -0.886166 
1.03002 0.817057 -1.03458 -1.09784 -0.668755 0.37138 0.857978 -1.06559 -0.396252 -0.505542 -0.596208 -1.74849 0.122668 -0.0214519 -0.102935 -0.319713 0.433145 -0.646105 0.330579 -0.405068 -0.459873 -0.401693 -0.889317 -0.296886 -0.18021 -0.382999 -0.134152 0.242892 -0.207062 0.175142 -0.53538 0.47632 -2.20194 0.251729 -1.13653 0.230489 -1.20063 -0.46904 -0.847054 
1.01527 0.89161 -1.16226 -0.658859 -1.00109 0.830849 0.371965 -0.977247 -0.578186 -0.599564 -0.675831 -1.56232 0.145386 -0.0299517 -0.0962263 -0.232148 0.580371 -0.711473 0.600589 -1.13822 0.0443303 -1.07447 0.115284 -0.760564 0.0633039 -0.910877 0.0630079 -0.200073 0.689109 -0.803617 0.782083 -0.365272 0.983093 0.278465 0.764872 0.73577 0.620338 1.32548 -0.278549 
1.00006 0.720831 -1.26673 -0.517472 -1.38023 0.971969 -0.280243 -1.02126 -1.47072 -0.390258 -1.35677 -1.68519 -0.788209 0.041556 -0.303007 0.369396 -0.370473 0.135978 -0.034693 0.578024 -0.181409 0.363179 -0.153546 0.323452 1.14527 -0.661548 0.0772927 0.132367 0.597288 -1.04476 1.25483 -0.734706 2.6272 -0.340276 2.26935 -0.459419 1.85632 1.42051 1.39633 
1.05682 0.588603 -0.792862 -1.02933 -0.865113 0.796156 0.949989 -1.15866 -0.215008 -0.75311 -0.352379 -0.417052 -0.516162 0.047341 0.0361411 0.36514 -0.464384 0.543361 -0.134117 1.48898 -0.295945 1.19488 -0.344135 1.09575 1.48381 0.485457 -0.0636527 0.614009 -0.658442 0.839009 -0.614203 0.71732 -1.28517 0.405036 -1.25138 -0.15528 -0.280522 -1.52481 1.34878 
1.0474 0.756972 -0.901592 -0.981856 -0.836866 0.837852 1.20873 -1.31721 -0.275841 -0.734393 -0.261017 -0.201377 -0.302751 -0.0220967 0.311002 -0.289046 0.468536 -0.478225 0.682627 -0.70715 0.223627 -0.888199 -0.308826 0.0429308 -0.379539 0.687234 -0.0222513 -0.0717623 -0.547022 0.673348 -1.32475 0.814116 -2.75712 0.776717 -2.5275 0.0753793 -1.96931 -2.06567 -0.723226 
1.03473 0.899605 -1.08191 -0.560795 -1.34334 1.47878 0.242839 -0.935028 -1.10321 -1.06194 -0.309448 -0.79659 0.171072 0.0250897 -0.0356212 -0.181882 0.208964 -0.781388 0.679999 -1.26814 0.480772 -1.33262 -0.268756 -0.873556 -0.581851 -0.237769 0.162063 -0.793882 0.724162 -1.09275 0.69576 -0.829649 1.6119 -0.324104 1.57249 0.400528 -0.3306 1.10259 -0.981287 
1.07249 0.72135 -1.08347 -0.772892 -1.61825 1.51785 -0.059409 -0.836435 -1.60846 -1.00315 -1.13457 -0.783228 -0.54052 0.139966 -0.48288 0.435116 -0.62421 0.217535 -0.147022 0.904754 -0.100476 0.684296 0.0917015 -0.28767 0.723052 -0.294053 0.0721643 0.0480534 0.442436 -0.0523191 1.02081 -0.303231 2.21678 -0.387182 2.2103 1.02895 1.05846 1.71033 1.25143 
1.17469 0.416725 -0.646792 -1.185 -1.1258 1.33176 1.14759 -1.0355 -0.418911 -0.970235 -0.597118 -0.0735384 -0.122981 0.097254 0.0124322 0.260554 0.156645 0.239425 0.376768 0.948631 0.09359 0.877681 0.760198 0.184901 1.12848 1.01366 -0.124676 0.420531 -0.635403 0.922273 -0.436934 0.308642 -0.97142 0.0589831 -1.00476 -0.0912944 -0.210344 -0.592123 1.10232 
1.16975 0.733783 -0.822921 -0.616247 -1.37883 1.89462 0.889222 -0.742845 -0.730777 -0.242951 -0.949672 0.345248 0.473141 0.0152904 -0.062349 -0.200286 0.298063 -0.219399 0.16162 -0.0666654 -0.0414933 -0.320463 0.000407085 -0.498014 0.130928 0.808271 -0.0823231 -0.481609 -0.34826 -0.537585 -0.258261 -0.973615 -0.82292 -0.529689 -1.05011 -1.87923 -0.619422 -1.4743 -1.00598 
1.18998 0.354376 -0.847078 -0.886942 -1.3452 1.49338 1.08093 -1.077 -0.739374 -0.969828 -1.09513 0.0573901 0.68529 0.0149309 -0.469176 -0.0877067 -0.380941 -0.0188359 -0.596846 0.125711 -0.436099 -0.172433 -1.11903 -0.434521 -0.345821 0.00768028 -0.0141415 -0.0271774 0.282986 -0.322397 0.254749 -0.154539 0.296204 -0.102851 0.295141 -0.331149 0.672756 -0.0919201 -0.688619 
1.18468 0.264606 -0.910628 -0.997188 -1.39767 1.29777 1.01493 -1.17894 -0.90321 -1.36199 -1.38419 -0.000573265 0.480821 0.00114885 -0.0895264 0.0826996 -0.0243342 0.0353507 0.00708054 0.229539 -0.144344 -0.0253212 -0.330742 0.174742 0.0390083 0.119652 -0.0473723 0.544835 0.0556545 0.467601 -0.146558 0.734176 -0.454634 0.377462 -0.407409 1.05357 0.596837 -0.232595 0.203753 
1.19113 0.26485 -0.764378 -0.911276 -1.30985 1.50046 1.31047 -1.22134 -0.764695 -1.30057 -0.92039 0.0963984 0.804943 -0.0324414 0.075659 -0.0320523 0.0866608 -0.165394 0.13733 -0.328923 -0.0586369 -0.579842 -0.0654617 0.162317 -0.578416 0.211433 -0.0682213 0.362907 -0.302864 0.387945 -0.421261 0.293025 -0.70082 0.162546 -0.2726 0.798875 -0.269539 -0.277519 0.383916 
1.15224 0.340265 -0.94268 -0.910527 -1.56306 1.4351 0.686011 -1.23758 -1.48305 -1.42745 -1.22188 -0.578989 0.692254 -0.0670724 0.273381 -0.220164 0.363611 -0.38591 0.300106 -0.471281 0.0182025 -0.297921 0.468133 -0.0947969 -0.23851 0.503568 -0.00788526 0.253817 -0.0423042 0.603635 0.153426 0.299421 0.794848 0.362612 1.18078 0.939286 -0.146075 1.91638 -0.328677 
1.12406 0.53823 -0.984542 -0.547665 -1.69576 1.80057 0.839186 -1.20314 -1.06262 -0.832438 -1.01519 -0.142112 1.30851 -0.0403267 0.329476 -0.0743565 0.690296 -0.011968 0.436751 0.465925 0.303975 0.600942 0.873824 0.0162418 1.33796 -0.117244 0.0790908 -0.410891 0.465211 -0.919634 0.894782 -0.790576 1.20961 0.0637347 0.818149 -0.775664 0.0690132 0.548647 -1.75237 
1.11191 0.669742 -1.01704 -0.220231 -1.57503 1.87185 1.15194 -0.933605 -0.88211 -0.553622 -1.20563 0.758974 0.575011 0.0120184 -0.13751 0.245047 -0.556022 0.508872 -0.49047 0.738333 0.0819372 0.520228 -0.307531 -0.0257837 0.310137 -1.2488 0.0399575 -0.569923 0.161766 -1.39464 0.130461 -0.850845 -0.535572 -0.31221 -0.676858 -1.47132 0.0131642 -2.23005 -0.342113 
1.13608 0.40072 -0.739495 -1.10369 -1.18689 1.3101 1.57752 -1.1212 -0.542388 -1.13997 -1.04097 0.168025 0.0597134 -0.00036919 -0.240447 0.0874097 -0.704341 0.118493 -0.414094 -0.069647 -0.00823492 -0.0759159 -0.597497 0.0294061 -0.892085 -0.459357 -0.087477 0.280446 -0.611186 0.993345 -1.01856 0.745724 -1.4781 0.230922 -1.08849 0.266754 0.0197114 -1.02254 0.95239 
1.11154 0.429295 -0.929627 -0.924572 -1.45653 1.45776 1.08229 -0.94184 -0.958026 -1.15112 -1.17623 -0.133111 0.115654 -0.0754586 0.142936 -0.366139 0.437322 -0.509684 0.255254 -0.739763 0.31286 -0.568259 -0.0407774 -0.00607226 -0.7124 -0.296408 -0.00600276 0.0738993 0.109652 0.512247 0.170155 0.161075 0.457694 -0.178462 1.02841 1.19931 0.14656 1.31826 -0.0147115 
1.06062 0.543656 -1.10563 -0.666365 -1.69657 1.56535 0.837756 -0.808343 -1.11065 -1.18075 -1.04704 -0.544375 -0.236694 -0.00637195 -0.166547 0.197061 -0.192094 0.288648 -0.253019 0.388047 -0.186697 0.952495 0.601816 0.175966 0.426178 -0.474068 0.118177 -0.489724 0.757042 -0.95864 1.25453 -0.619014 1.31057 -0.612479 1.60055 0.798465 0.432159 1.4731 0.543996 
1.10517 0.262748 -0.732565 -1.11667 -1.16789 1.20474 1.47034 -1.12854 -0.0055307 -0.549303 -1.00026 0.293067 -0.358414 0.042718 -0.346788 0.390902 -0.521317 0.744842 -0.36376 0.570807 -0.29962 1.03229 0.757687 0.426087 0.760699 0.247588 -0.0781295 0.485163 -0.599937 0.747209 -0.607035 0.779402 -1.18312 0.489839 -1.514 -0.442105 -0.242367 -0.933428 0.59741 
1.10334 0.196868 -0.714732 -1.18768 -0.951731 1.20159 1.40856 -1.10796 -0.0783547 -0.423059 -0.620956 0.216324 0.0108939 -0.0845014 0.318616 -0.402876 0.555116 -0.318386 0.526383 -0.79507 0.303142 -0.561507 0.159711 -0.0664012 -0.507249 0.123342 -0.111331 0.438674 -0.762378 0.563294 -1.20233 0.272963 -1.08098 0.373684 -1.25084 -1.34812 -1.23693 -1.9291 -0.824673 
1.02067 0.581363 -1.13544 -0.56155 -1.48627 1.73112 0.675266 -0.825395 -0.567038 -0.389592 -1.06666 -0.214182 -0.235072 -0.0686128 0.0918855 -0.371475 0.0419769 -0.457488 -0.0907967 -0.510171 0.0740648 -0.218546 -0.590429 -0.810848 -1.1684 -0.577085 0.0263505 -0.367355 0.214125 -0.938913 0.188547 -1.12715 0.729964 -0.319565 -0.0014482 -0.70318 -0.692665 -0.0881759 -0.31229 
1.03472 0.288754 -1.08621 -1.14571 -1.40922 1.11079 0.898391 -1.0339 -0.296901 -1.01349 -1.4318 -0.952077 -0.566191 -0.0581509 -0.0487389 -0.188751 -0.383797 -0.129839 -0.600768 -0.0651064 -0.0164225 -0.562955 -0.543469 -0.759066 -0.595425 -0.188948 -0.0132146 0.365425 0.183146 0.360322 0.637242 0.124078 1.22121 0.0210677 0.234929 0.816792 1.42276 1.50846 1.34664 
0.962518 0.532625 -1.32419 -0.945347 -1.61611 1.13036 0.610159 -0.841817 -1.12999 -0.933061 -1.82573 -0.809607 -0.42402 -0.0818274 0.45731 -0.188329 0.402299 0.179754 0.0332812 0.711036 0.0951325 0.0163829 0.226363 0.611908 0.340061 0.769556 0.0917984 0.016329 0.477209 0.259811 0.947913 0.365139 1.43277 -0.254365 1.91694 0.78127 1.97344 0.858896 0.491132 
0.952897 0.746064 -1.27454 -0.743407 -1.22946 1.14408 1.60943 -0.938765 -0.280518 -0.787125 -0.819896 -0.612016 0.203365 0.0336476 -0.0324099 0.288459 -0.123986 0.818074 -0.235629 1.36766 -0.270787 1.35399 0.237801 1.21438 0.263471 0.302184 0.0963552 -0.460295 0.202577 -0.401498 0.378685 -0.388539 -1.00494 -0.130826 0.186064 0.40285 0.29973 -1.14614 -0.838513 
0.996165 0.500215 -1.03573 -1.06933 -0.798038 0.894728 1.97782 -1.1126 0.223995 -0.69526 -0.611355 -0.546136 -0.121836 0.0145278 -0.00298482 0.0142483 0.000800831 0.558439 -0.355258 -0.2939 -0.0356934 0.202446 0.629213 0.911637 -0.806082 -0.0689573 -0.0718227 -0.0328862 -0.425196 -0.0765697 -0.498171 -0.535642 -2.45783 0.204734 -1.79499 0.605712 -0.6432 -1.93799 -1.0692 
0.967425 0.743079 -1.26029 -0.742606 -0.671026 0.788818 1.31553 -0.974459 -0.0780719 -0.157912 0.0917408 -1.4181 0.134407 -0.0381752 -0.0652961 -0.136738 -0.200556 0.319903 -0.771271 -1.09017 -0.0660533 -0.441003 0.843513 0.571175 -1.67452 -0.767012 -0.0966003 0.338068 -0.417505 0.612362 -0.433983 0.194627 -1.03551 0.27238 -0.325007 0.27237 -0.997152 0.623873 -0.971346 
0.95799 0.434919 -1.17247 -1.26989 -0.478135 0.123457 0.887651 -1.17866 -0.217008 0.148253 -0.0401797 -2.22065 -0.888848 -0.0820725 0.335083 -0.403257 0.613163 0.124455 -0.16063 -1.32941 0.236686 -0.12256 0.901583 -0.0855146 -0.182209 -1.0403 -0.103245 0.880821 -0.379972 1.22122 -0.0395045 0.873443 -0.00311432 0.499616 0.783075 -0.226976 -1.15875 2.60682 0.854044 
0.885352 1.07816 -1.66354 -0.129443 -0.546571 0.628188 -0.0138804 -0.737772 -0.200632 0.74367 0.00622616 -1.60031 -0.905896 -0.14142 0.815525 -0.51671 1.02067 0.280398 0.102173 -1.09329 0.433563 0.342072 0.616537 -0.587577 0.932306 0.0870323 -0.0347231 -0.126894 0.541691 -0.694807 0.411909 -0.984333 0.89319 0.169524 0.91894 -1.06414 -0.466752 -0.192895 2.01061 
0.81657 1.25044 -1.68918 -0.249221 -0.197737 0.22563 -0.205634 -0.745095 0.125064 0.76479 -0.627757 -1.28835 -0.801815 -0.116796 0.208189 0.138434 -0.0816437 0.536364 -1.14496 -0.436217 0.40621 0.796379 -0.16256 -0.552267 -0.375105 0.970304 0.0186801 -0.613679 0.929207 -1.03245 0.223306 -1.11231 0.371051 0.586247 0.532152 -0.916169 0.280007 -0.653042 1.15481 
0.768557 1.28635 -1.52511 -0.211086 -0.010207 -0.516776 -0.450098 -0.331562 0.595747 0.581111 -0.54604 -1.97541 0.0644073 -0.12274 0.201846 0.412497 -0.0117855 0.503705 -1.01013 -0.722234 1.01981 0.874224 -0.299632 -0.30757 0.279265 1.24184 0.0294529 -0.342834 0.452756 0.752614 -0.448605 0.907453 -1.19022 1.16616 -1.05859 0.38708 0.0234088 1.84676 -0.307784 
0.69383 1.45229 -1.27668 -0.261006 0.305968 -0.784504 -0.927868 0.274715 0.999288 0.465158 -0.935326 -1.00908 0.440025 -0.0873426 -0.134646 0.59119 0.67097 0.0877595 -0.237511 -1.62644 1.57237 -0.262216 0.224521 -0.528858 1.47166 0.66252 -0.00256829 -0.319678 0.0189877 1.15685 -0.515793 0.222643 -0.455109 -0.463099 0.185049 -0.567323 0.220888 0.178298 -1.67438 
0.681214 1.15171 -0.93392 0.459884 0.0775526 -0.754287 -2.07654 1.2408 0.333531 0.805631 -1.0749 -0.503755 0.726927 -0.125308 -0.117832 0.431484 1.14506 -0.0120884 -0.787491 -1.17734 0.556711 1.05927 -0.866955 -0.0866813 0.457563 -0.432543 -0.0754744 0.356255 -0.380778 0.648816 0.00493032 -0.629207 2.16417 -2.28602 2.45159 -1.65538 1.23189 -0.283487 -1.68889 
0.568522 1.33446 -0.8452 0.884057 0.29388 -1.57199 -2.10521 0.831426 2.05856 -0.401797 -1.02201 -0.551519 0.00748205 -0.162817 0.22161 0.210411 1.31979 0.0926899 -0.866718 0.537729 -0.713653 2.18937 -1.43086 0.703036 1.18817 -1.02637 0.00716239 -0.161437 0.185797 0.244239 -0.60232 1.48189 0.90985 -0.96731 -1.65365 0.569924 0.680588 1.14795 0.298421 
0.518397 1.37332 -0.723508 1.77967 0.170242 -1.62101 -1.53881 0.527151 2.5229 -0.625231 -0.371862 0.684415 -0.299447 -0.118146 -0.279269 0.617282 1.3893 -0.614409 0.694402 -0.267494 -0.410599 -0.594377 -0.297031 0.593907 1.60551 -0.134122 0.0133918 -0.536144 0.481329 0.26226 -0.576712 1.2169 -0.0768136 0.523081 -4.80108 1.94921 0.816643 -0.321088 1.21936 
0.450376 1.05519 -0.227918 2.27336 -0.320529 -0.877592 -2.3727 0.420827 1.46418 -0.698829 -0.428101 1.054 -0.12664 -0.149425 -0.314534 0.691741 1.58205 -0.484022 0.350179 0.460915 -0.190572 -2.61171 0.518353 1.51968 0.867081 0.19299 -0.075273 0.0521804 -0.0760774 -0.330495 0.232287 -0.990731 2.1337 0.0240925 -1.63942 0.646187 2.16603 -2.99133 0.261196 