-1.18269 -0.256758 0.641814 -0.880768 -0.0938343 0.70504 0.881714 0.529598 0.410678 -0.237829 -0.560915 -0.895634 0.12714 -0.0636176 -0.13941 0.0470022 0.0366369 0.103521 0.320862 0.498398 0.308465 0.203653 -0.677878 0.0424674 1.70551 1.67467 0.115479 0.0528932 0.00258069 0.492153 1.79713 0.0760359 -0.0608127 0.154292 0.427695 1.16542 1.00135 1.57745 0.238452 
-1.21772 -0.286307 0.6257 -0.813282 0.265711 0.877345 0.736871 0.86455 0.804597 0.0603461 0.199863 0.557912 1.95229 0.0502696 0.0533254 0.0142651 0.288985 0.91862 -0.187949 -0.674582 0.0430581 0.155636 0.475876 0.884809 1.32573 0.750852 0.11994 0.173153 -0.12147 -0.384552 0.000935259 -0.707114 -0.546235 -0.213841 0.399947 1.12926 0.345006 -2.09821 -3.41465 
-1.13242 -0.203433 0.656079 -0.591783 0.824785 0.517091 0.207132 0.572656 0.566314 0.238047 0.323894 0.4301 0.877992 0.0563225 0.033743 -0.0744678 -0.347915 0.104457 -0.386253 -0.0478362 0.0946243 0.603601 0.451378 0.387473 -0.392703 -1.73998 -0.0465507 -0.000359013 0.043419 -0.507768 -1.11282 0.299799 0.916205 0.197589 0.177215 0.0387677 -0.587922 -2.48535 -1.16064 
-1.1614 -0.252564 0.551233 -1.1612 0.370168 0.491092 0.689035 0.959175 1.4082 0.511724 0.587337 0.165209 0.212308 0.00371897 0.0529664 0.057684 -0.218783 -0.194205 0.111849 0.241624 0.240647 0.332852 0.514644 0.296887 -1.15962 -0.409789 -0.019159 -0.122041 0.0214551 0.870475 0.277184 0.517265 0.239309 0.125272 -1.25241 -0.56938 -0.700359 0.65577 2.61044 
-1.1287 -0.150467 0.713764 -0.810565 0.630581 0.62894 0.448756 0.813303 0.899166 0.752691 0.620781 -0.729516 0.468203 0.0371635 -0.0882979 -0.0530127 0.52256 0.38164 0.131012 0.191472 0.219896 -0.648805 -0.118002 -0.312885 0.263067 0.870454 0.0916568 -0.257952 -0.301663 0.373207 0.132614 0.247556 0.332294 -0.193835 0.00917835 -0.654244 -0.544711 1.62505 -0.237234 
-1.12424 -0.340862 0.49822 -0.638637 0.751808 0.622104 0.880508 1.17907 0.759393 0.393722 0.274451 0.428276 1.08276 0.0953758 -0.204985 -0.243979 0.154424 -0.06159 0.359406 0.573917 0.0468117 0.34203 -0.1396 -0.247824 0.46543 -0.647023 0.139053 -0.00254581 0.29076 -0.497603 -0.857394 0.26313 -0.800336 -0.703886 1.5079 -0.167393 0.446684 -0.180202 -2.00249 
-1.03332 -0.355452 0.469784 -0.656141 0.568991 0.988346 1.02267 0.860115 1.2412 0.613091 0.372957 -0.264086 -0.17882 0.176216 -0.0908437 0.237747 0.0249567 -0.475754 0.394142 -0.608864 -0.48399 0.859096 -0.285395 0.133798 0.0828649 -1.13203 0.188629 -0.171299 0.648202 0.197392 -1.15829 -0.113264 -1.51053 -0.530095 -0.430463 -0.297759 0.170335 0.109518 -0.0296484 
-0.948019 -0.431706 0.735967 -0.613681 0.276054 1.01625 0.271644 0.695081 1.61849 0.108327 0.40825 0.511141 -0.0492721 0.284005 -0.376284 0.404223 0.351816 -1.21988 0.246142 -0.936608 -0.483283 -0.0884327 -0.437359 -0.0774889 0.574948 -0.676672 0.0813482 -0.555953 -0.204324 0.105874 -0.518777 0.0328231 0.990895 0.755201 -1.06132 0.107885 -0.0900957 -0.556734 -0.574444 
-0.749318 -0.731736 0.874007 -0.304325 -0.65089 1.23449 0.0860649 0.376832 1.15276 0.175731 0.295468 0.310862 -0.855492 0.257564 -0.646797 0.0334232 0.13083 -0.994531 0.426965 0.382031 0.271212 -0.202224 -0.17751 0.0437027 -0.473869 -1.70648 -0.166862 -0.0105916 -0.260724 -0.731493 1.01713 -0.392373 0.669403 0.806048 0.123557 0.652756 -0.0334301 0.0204776 1.45738 
-0.690455 -1.0785 0.76939 -0.48285 -0.718477 1.44321 0.653675 0.966293 1.41626 -0.0691828 0.451952 0.0372717 -1.75575 0.117143 -0.386876 0.143499 -0.379677 -0.202749 -0.146232 -0.267205 0.322765 0.0351246 0.215396 -0.110919 0.595425 0.780709 -0.0536476 0.0705876 0.586992 -0.617832 0.865085 -0.572163 -1.45319 -0.720065 -0.243108 0.422724 -1.7792 2.27419 1.94486 
-0.632175 -1.11861 1.01751 -0.684001 -0.853639 1.08826 -0.18114 0.699596 1.18789 0.391128 0.184549 0.906287 -0.0747825 0.203917 -0.576209 0.620415 -0.487002 -0.129446 -0.145198 -1.07116 -0.448853 -0.445332 0.245214 -1.7355 1.80032 0.238381 0.193864 -0.785635 0.707546 0.345555 -0.648813 0.898737 -0.941952 -0.414215 -0.138474 -0.59814 -2.04357 0.753038 -3.03794 
-0.486539 -1.65471 1.38981 -0.969852 -0.847923 1.29801 -0.417481 0.517439 0.970932 0.176032 -1.28355 1.8376 -1.51737 0.311007 -1.17251 0.851045 -0.034122 -0.851562 0.752506 -1.20916 -0.09145 -0.10335 -0.382744 -2.15449 1.34846 -2.25723 0.0952097 0.114398 -0.293912 0.389862 -1.02999 0.644959 0.171452 0.592215 0.286135 0.265635 1.18828 -2.41036 -0.473673 
-0.321168 -2.29112 1.86855 -0.718123 -1.7052 1.84076 -1.3903 0.608146 1.08454 0.00838401 -1.96994 2.25475 -2.33201 0.299126 -0.461812 0.326503 -0.09714 -1.15944 0.499761 -0.899703 0.143361 -0.159197 0.51085 -0.547217 -0.610031 -0.235292 -0.0154197 1.23036 -1.21203 -0.549879 1.19118 -0.693037 1.5377 0.135328 -0.308391 1.20368 3.07179 -1.84748 2.37212 
-0.187412 -2.11652 1.71631 -1.06699 -2.00736 1.79777 -1.31718 0.660801 0.811735 0.686881 -1.83077 1.22756 -1.75266 0.295588 0.0578459 -0.360988 -0.584001 0.339619 0.0594684 0.328539 0.0438783 -0.41174 0.82094 0.917297 -0.499022 0.114893 -0.153869 0.213835 -0.436355 0.223746 1.60379 -0.57334 1.33728 -0.20747 0.388828 -0.0580004 1.81332 1.49993 0.607332 
-0.02558 -2.23328 1.50756 -1.30212 -1.36558 1.90023 -1.06176 0.652025 0.672799 0.829324 -1.05264 1.75573 -2.21712 0.145257 -0.247977 -0.109852 0.126606 0.444352 -0.0735791 0.437574 -0.0641089 0.229631 0.452849 1.2661 0.889897 0.37204 -0.333242 0.0209818 0.403126 1.36847 0.41382 -0.0373372 1.0056 0.332249 1.1687 -0.29471 -1.22446 0.155436 0.454918 
-0.042155 -2.3645 1.60646 -0.940386 -1.56301 1.7242 -0.87961 0.596692 1.04137 1.13973 -0.564663 2.11746 -1.38062 -0.0376547 0.0788278 0.0421378 0.78447 0.753439 0.0221311 1.33414 0.376127 0.756961 0.52623 -0.307158 -0.343586 0.56981 -0.355345 0.882753 -0.1184 0.166051 0.523995 0.185365 0.844452 0.142128 -1.15582 -0.370715 -1.75214 -1.52521 0.440506 
-0.0632346 -2.15445 1.5497 -0.517655 -0.612144 1.92236 0.272386 1.02815 1.42976 1.35555 -1.3598 1.41214 -1.64731 -0.210088 0.634777 -0.228252 0.292657 0.968346 0.111786 1.28203 0.078019 -0.92619 0.0821346 -0.486039 -0.635311 0.812546 -0.289062 0.377547 -0.432735 -0.497656 -0.414475 -0.803544 -1.17015 -0.8574 -2.41549 -0.665896 0.802026 0.0562222 1.17628 
-0.252243 -1.72972 1.3782 -0.647729 -0.594663 1.83598 0.402416 0.674711 0.115176 1.22187 -1.0507 1.48215 -0.568075 -0.326717 0.456375 -0.390597 0.286813 0.338964 -0.781413 0.163993 -0.481273 -1.65853 -0.139665 0.494868 -0.287364 1.74609 -0.0321934 -0.13713 -0.797685 0.479572 -0.129107 -1.62304 0.695817 0.445495 0.336044 0.0823685 2.22761 -0.555597 0.236489 
-0.389952 -1.69807 1.1591 -0.230842 -0.27318 1.14095 0.436379 0.546878 -0.228773 1.21589 -0.864934 1.12478 0.0987844 -0.242282 0.497647 -1.02594 0.772229 0.83924 -1.51126 1.97784 0.523514 -0.590147 0.164503 1.74157 -1.19091 1.04903 0.374319 -0.00543775 -0.738223 0.383883 0.963351 -0.260367 2.17149 1.31811 1.30137 -0.232375 0.853728 -1.45562 -1.58702 
-0.494525 -1.23208 0.352268 0.1245 0.244576 0.324726 2.38026 1.19822 -0.474971 1.38637 0.690872 0.291242 0.48096 0.0476021 0.450937 -1.12882 0.670696 1.30231 -1.04178 2.33548 0.836837 -0.357167 -0.372041 1.3486 -1.74298 0.159076 0.717792 -0.699114 0.0109551 -0.180943 -0.200187 0.914249 -1.83954 -0.736914 0.824947 -0.444232 -0.614234 0.444918 -1.72244 
-0.342349 -1.24714 0.0302823 0.439854 1.02913 0.0991691 2.77186 1.38372 -0.58594 0.843849 0.483661 -0.618203 0.257861 0.475511 -0.201467 -1.01498 0.591286 0.639053 -0.597007 0.138301 -0.2134 0.2348 -0.279728 1.12734 -0.74599 -0.673406 0.252481 0.0245135 0.72228 -0.231674 -0.85583 0.79384 -3.76277 -1.6304 0.612835 -0.544835 -1.92926 0.616271 -0.719309 
-0.019014 -1.43354 -0.662713 0.715786 0.883629 -0.27228 2.51856 0.984824 -0.240171 1.10664 1.81821 -0.454748 -0.192447 0.300083 0.475451 -0.40654 0.439023 0.446485 -0.24794 -1.42729 -0.793561 0.255668 -0.916876 -0.580665 -1.12671 -0.560233 0.212722 2.43408 1.49247 -1.27812 -0.393966 0.723499 -3.47127 -1.28385 -1.46527 -1.25311 -2.20481 -0.271287 -0.157897 
-0.0422661 -0.771686 -0.376258 0.878877 1.47562 -0.148771 1.34457 0.590155 -0.330272 -0.0730272 -0.0970037 -1.74491 -0.302373 0.688233 2.23261 0.477487 -0.686837 0.245087 0.126492 -3.33297 -1.49726 -1.23047 -1.53284 -1.07747 -1.01728 -0.831303 0.634076 1.60151 -0.421293 -1.44106 -0.446347 0.32471 -1.2969 -0.774867 -1.62595 2.11037 2.13879 2.16786 1.77391 
0.669219 0.799068 -0.185226 0.0289489 1.12872 -0.145788 -0.814414 -0.512431 -1.47064 -0.426197 0.740747 -1.47202 -1.02375 0.934159 2.07696 -0.827833 -1.00204 0.000137709 0.0767702 -2.72419 -1.56843 -1.37028 1.19349 1.55813 1.04115 1.21368 -0.3923 -1.56678 -1.65768 0.166339 0.0761902 -0.370369 2.99232 0.686659 0.764118 3.34801 1.50268 1.52065 2.79988 
0.891893 1.30527 -1.20409 -0.123163 1.47576 -0.0720004 -1.37962 -0.978273 -1.70056 1.12047 1.46112 -0.703762 0.911305 0.295933 0.665836 -1.18019 -0.520498 0.321277 -0.243877 -0.340654 -0.810596 -0.466356 1.81517 0.425218 0.503375 1.96858 -0.810694 -1.69404 0.484623 0.407956 -0.211221 -0.545101 3.42021 1.13475 1.08268 -1.17847 -1.58103 -1.12205 -0.90754 
0.965152 1.4649 -1.36542 -0.491549 1.44999 -0.389665 -1.15507 -1.32303 -1.937 1.38897 1.16597 -0.968649 0.944828 0.123465 0.382915 -0.34321 -0.594083 -0.211084 -0.468331 0.696024 -0.433681 -0.2876 0.0150184 -0.0229016 -0.0808939 0.306137 -0.170188 -0.517343 1.09539 0.215677 -0.576597 -0.00945268 0.680208 0.515452 -0.0885963 -2.69114 -0.483479 0.0134851 -1.78691 
1.01536 1.68819 -1.5473 -0.717246 1.26467 -0.540332 -0.683597 -1.41195 -1.98816 1.13548 1.43822 -0.784656 1.21744 0.125746 0.148492 -0.0847969 -0.304821 -0.25532 -0.253329 0.339554 -0.295144 -0.554952 -0.875975 -0.0582612 0.51686 0.181672 0.0451355 -0.577965 0.729866 0.511069 0.176174 0.42251 -1.00552 0.253174 0.192702 -0.471342 -0.395357 0.244433 -0.513426 
1.0909 1.6134 -1.45021 -0.79637 1.19467 -0.642994 -0.815514 -1.61817 -2.49195 0.512997 1.1077 -0.451789 1.1265 0.168601 -0.19505 0.386656 -0.0830137 -0.0349097 -0.0458216 -0.309494 -0.180507 -0.0948983 -0.456324 -0.418258 0.163539 -0.207289 -0.0212886 -0.137809 0.361354 0.524503 0.395498 0.455278 -0.206849 0.45633 1.0196 1.63812 0.707598 0.00123983 -0.546251 
1.18396 1.49314 -1.16064 -0.800259 1.22976 -0.586153 -0.993091 -1.59246 -2.08305 0.679161 1.01996 -0.621117 1.01015 0.104457 0.0106829 0.276557 0.219681 0.140178 0.201949 0.132706 0.161186 0.464652 0.762146 0.649337 0.5181 -0.364579 -0.188839 0.381251 -0.645149 0.0692169 -0.338935 0.0710478 0.33211 -0.0401603 -0.0464004 0.405553 0.824776 -0.189546 -0.337741 
1.19536 1.62408 -1.17366 -0.576689 1.33485 -0.441045 -0.682808 -1.45698 -2.0273 1.27514 1.75704 0.066311 0.761922 -0.0202388 0.186201 -0.258493 -0.0137968 -0.373845 0.0252262 0.022616 -0.220668 -0.141299 -0.0507706 0.406517 -0.0260076 -0.54503 -0.0522119 -0.110461 -0.275478 -0.35661 -0.103167 -0.291123 -0.625852 -0.375224 -0.126264 -0.921025 -0.363307 -0.918555 0.901992 
1.16372 1.67934 -1.41914 -0.814056 0.85592 -0.560927 -0.970475 -1.81313 -2.22435 0.62839 1.42648 -0.647125 0.465123 0.0522453 -0.0997786 0.0010788 -0.136929 0.037011 -0.0891746 -0.493147 -0.214038 0.338388 -0.158879 0.28603 -0.400455 0.537413 0.178184 -0.458714 0.413135 0.2238 0.963818 -0.0875412 -0.540725 0.343852 1.08462 0.841524 0.0238762 0.654581 1.1628 
1.2476 1.5243 -1.17258 -0.713618 1.37186 -0.53022 -1.17595 -1.67102 -1.68891 1.11626 2.04307 -0.334144 1.29933 0.157945 -0.272512 0.154642 0.210003 0.589973 -0.062315 -0.518109 0.123185 0.94332 0.790753 0.430394 0.628574 0.617772 0.0790989 -0.00476443 -0.330162 0.455494 0.00254123 -0.304305 0.266735 0.386934 0.355364 0.700546 -0.773028 0.311092 -1.36305 
1.32166 1.40683 -1.2645 -0.604053 1.44589 -0.623242 -1.48858 -1.68995 -1.28103 1.41914 1.85687 -0.0185514 1.08289 0.131344 -0.104543 -0.329083 0.318565 0.0395522 -0.39348 -0.226412 0.172896 0.693752 0.541667 -0.486998 -0.0893632 -0.825637 -0.126142 0.347427 -0.675615 0.566652 -1.29739 -0.472821 0.597403 0.0741091 0.0831405 -1.07835 -1.44261 -0.511595 -1.31166 
1.37894 1.41976 -1.50166 -0.395053 1.41141 -0.9237 -1.40237 -1.49813 -0.99516 1.65793 1.55607 -0.423507 0.473698 0.0318029 0.0749149 -0.520973 0.776655 -0.707413 -0.535136 0.079294 0.197294 1.02646 -0.287593 -1.01221 0.116978 -0.693885 0.0304642 -0.352801 0.411514 0.382566 -1.14087 0.0949547 0.158698 -0.0501607 0.780833 -1.08916 -0.881058 1.08328 1.47601 
1.35347 1.48174 -1.78547 0.172602 0.738481 -1.15838 -1.40929 -1.49265 -0.254573 1.13155 0.84466 0.0984271 0.38901 0.161808 -0.457344 0.0824307 0.701131 -1.10131 -0.298525 -0.0677132 0.122735 1.47458 -0.547496 -1.36806 0.993919 0.650378 0.127402 -0.470252 0.64287 -0.153436 -0.155899 0.508719 0.110354 -0.201787 0.301421 0.0190166 0.433352 0.282438 1.52452 
1.54075 0.962413 -1.41923 0.306078 0.310101 -1.22223 -1.47008 -1.37539 0.479425 1.11043 0.188018 0.570412 1.12408 0.159205 -0.395337 0.121897 0.623219 -0.863311 -0.0264177 0.189648 -0.00449307 1.32788 -0.268576 -0.578862 0.399416 0.830639 -0.0517118 -0.038785 0.172513 -0.61374 0.750109 0.0106769 -0.0828961 0.0465846 -1.52007 0.346008 0.325152 -1.23658 0.191718 
1.51267 1.0864 -1.66357 0.795821 -0.124831 -1.1848 -1.21964 -1.49714 1.07331 0.862974 0.265798 0.497843 1.21965 0.110097 -0.496129 0.254944 0.0873903 -0.351204 -0.287848 -0.150609 0.16932 -0.0454902 -0.201487 -1.0429 -0.242661 0.842096 -0.143048 0.130471 -0.0165006 -0.305928 0.393989 -0.140497 -0.440366 0.615338 -1.45513 0.0218994 -0.550781 0.0226236 -0.097891 
1.65085 0.466285 -1.16429 0.393468 -0.0411031 -1.51007 -1.62069 -1.20607 0.433935 0.908947 -0.854886 0.327751 1.96617 0.0161563 -0.264866 0.105396 0.317291 -0.469323 -0.166914 -0.250718 0.610845 -0.127253 -0.246677 -1.12964 0.42204 0.732748 -0.205085 0.672578 -0.42578 0.776183 -0.0423131 0.222099 0.965769 -0.0324722 0.710475 -0.49007 1.27761 1.36412 -1.4167 
1.52883 0.821539 -1.55818 1.11311 -0.594153 -1.35171 -1.47036 -0.886299 0.946056 0.616298 -0.863845 0.919883 1.9524 -0.0949882 0.17645 -0.170836 0.863573 -0.393518 -0.065749 0.81516 0.136848 0.664985 -0.691557 0.234705 1.12146 -0.574602 -0.0779006 0.0352747 -0.217746 0.0292801 -0.0686768 -0.0629525 0.240676 -0.964816 0.0559608 -1.0315 1.65593 -0.0736722 -2.02949 
1.55586 0.642735 -1.33512 1.25704 -0.434621 -1.57582 -0.805529 -1.06922 1.09892 0.21739 -0.620181 1.44921 1.39157 -0.0617443 -0.229591 -0.11235 0.346571 -0.537999 -0.229867 -0.0100426 -0.353971 -0.071292 -1.27818 0.526289 0.348368 -1.29674 0.0902857 -0.618682 0.410372 -0.82643 0.153094 0.189019 -1.02365 0.00552286 -1.27348 -0.45905 0.650579 -0.764723 0.517044 
1.46708 0.591948 -1.67053 1.45968 -1.13215 -1.58158 -1.4804 -1.24027 0.874764 -0.661882 -0.337555 1.26825 0.655657 -0.00470257 -0.442232 0.239536 0.0371429 -0.240424 0.12327 -0.208489 0.14237 -0.608497 -1.15061 0.885284 0.356733 -0.0575581 -0.0599311 0.0220045 0.490379 -0.113718 0.402352 0.384878 0.195893 0.489137 -0.368438 0.409504 -0.852273 -0.115015 0.989569 
1.55116 0.200503 -1.09559 1.29418 -0.675044 -1.45255 -1.01402 -0.926853 0.490423 -0.933217 0.265104 1.80594 1.33401 -0.121675 -0.207587 0.378029 0.232853 -0.135647 0.155011 0.18585 0.135166 -0.43973 -0.868675 -0.325984 0.233353 -0.307171 -0.159659 0.180313 0.314948 0.203746 0.505619 -0.101671 0.19583 0.000860972 0.584916 1.01982 -1.23974 -0.0407301 0.160674 
1.34541 0.384361 -1.2925 1.69254 -1.2678 -1.42657 -1.29455 -1.1051 0.435033 -1.53056 -0.663539 1.5016 0.348485 -0.164362 -0.261919 0.554484 0.240889 0.265195 0.0215993 -0.0126594 0.143231 -0.0235808 -0.130783 -0.35446 0.316003 0.103116 0.0153628 -0.00475255 0.037626 -0.252781 -0.144694 0.125816 0.565012 -0.00848954 0.289122 1.4501 1.70461 -0.447165 1.18603 
1.3868 -0.0614159 -0.541104 1.53507 -0.409849 -1.43095 -1.02668 -0.783622 0.466842 -1.064 -0.089356 2.12194 1.43713 -0.106313 -0.212339 0.415655 -0.0199279 -0.280341 0.280828 0.750863 0.126677 -0.150608 0.581423 1.37863 -0.213812 0.878859 -0.120374 0.565916 -1.11979 0.286409 -1.23389 0.19241 0.508353 -0.217252 -0.174068 -0.511306 0.447867 -0.685674 -1.05301 
1.2391 0.172022 -0.876843 1.67261 -1.54814 -1.14574 -0.54369 -0.978427 0.284425 -0.949134 0.71509 1.28779 1.22734 -0.284736 0.303997 -0.565311 0.527297 -0.968693 0.214009 0.495693 -0.0740204 -0.197648 -0.642089 0.0934071 -0.36967 -0.949898 -0.126643 0.150258 -0.713697 0.251562 0.284709 -0.491866 -0.771617 -0.130433 0.0251369 -1.8992 -2.80267 -0.238848 -2.67093 
1.10206 0.242582 -1.10641 2.06237 -1.37854 -1.21694 -0.530985 -0.857642 0.269194 -1.70609 0.00405109 1.75227 0.487228 -0.232955 -0.0620816 -0.298043 0.231634 0.00436798 -0.211038 -0.0207547 -0.00375662 -0.125471 -1.31778 -1.42404 -0.45266 -1.79207 0.144449 -0.409647 0.725057 -0.685251 0.608248 -0.0921644 0.0695531 0.231666 -0.0816583 0.683281 -0.921891 -0.50859 0.268888 
1.00614 0.10994 -1.17489 1.90424 -1.54377 -1.35678 -0.564445 -0.982184 0.158954 -2.26691 -0.708951 0.835131 -0.564723 -0.140287 -0.105649 0.159746 -0.157954 -0.360445 0.121845 0.565246 0.157646 -0.279307 0.0411913 -0.828484 -0.87826 -0.681011 -0.00293851 0.0533404 0.689847 -0.148127 -0.486231 0.253984 0.5786 -0.0939725 -0.0539894 1.50576 0.566567 -0.36778 1.79415 
0.961773 0.136932 -0.946669 1.90442 -1.73899 -1.0951 0.0342616 -0.699997 -0.010113 -1.6649 -0.824433 0.874014 -0.193783 -0.235894 -0.00874126 0.391804 0.0835076 -0.481863 0.0429458 0.557845 -0.0977291 -0.179461 0.187979 -0.857474 -0.82044 0.00208459 -0.101353 0.0660934 0.114179 0.257024 0.295705 -0.331041 -1.01352 -0.299045 0.357739 -0.14865 -0.125482 -0.0106543 -0.0461539 
0.770247 0.101199 -0.783081 1.98775 -2.02564 -1.31383 -0.00659977 -1.07991 -0.0205066 -2.07893 -1.56642 0.0146911 -0.562638 -0.24164 -0.0395561 0.273925 0.09907 -0.0647402 -0.209196 -0.448271 -0.1414 0.0784323 -0.107459 -0.953965 -0.888915 -0.727165 0.0732871 0.28139 -0.0839839 -0.172033 0.604571 0.154777 -0.30198 0.303149 -0.0727214 0.187419 0.551333 0.656283 0.363616 
0.720134 0.0973759 -0.672744 2.00349 -1.80373 -1.30429 -0.414009 -0.841397 0.0683193 -1.77236 -1.7784 -0.0149009 -0.920947 -0.162607 0.272648 0.30782 -0.0885251 0.122708 0.197722 0.255865 0.20542 -0.252182 0.375398 -0.306141 -0.164157 0.365701 0.0457966 0.317593 -0.0995436 -0.228698 0.445047 0.293393 0.193779 -0.367778 -0.911551 0.585882 1.81441 0.828772 0.313558 
0.607641 0.373847 -0.475261 1.89923 -1.90293 -1.11611 0.249265 -0.874494 -0.272689 -1.70354 -1.87257 -0.149466 -0.196937 -0.195843 0.278037 0.174381 -0.129628 0.380306 0.0841975 -0.254491 -0.509178 -0.833119 0.478423 0.860447 -0.0601421 -0.413607 0.000555875 -0.194318 -0.0157824 -0.341847 0.428071 -0.0876392 -0.52321 -0.185853 -0.308528 -0.379326 0.322302 0.29023 -1.11356 
0.52429 0.375413 -0.498362 1.87386 -1.42342 -1.2201 -0.6685 -1.35057 -0.764799 -1.29393 -0.917951 -0.075043 -1.33455 -0.162051 0.0783298 0.292038 -0.430372 0.550779 0.110083 -0.267345 0.0195665 -0.56071 -0.00392875 0.0161612 0.126073 -0.747864 -0.0881366 -0.267658 0.543872 -0.339897 0.1297 0.0672801 1.3309 1.43733 0.728457 -0.397345 -1.69031 -0.640108 0.199342 
0.44559 0.452177 -0.183223 1.46885 -1.35215 -1.00602 -0.0180795 -0.854927 -0.833399 -1.70746 -1.8564 -0.0233926 -0.944801 -0.28398 0.0103788 0.718254 -0.469525 0.510006 0.151478 1.07641 0.928156 -0.104662 0.081078 -0.82986 -0.70025 -0.214265 -0.249946 0.0333112 0.347952 -0.0902555 0.729843 0.184541 0.467784 0.748484 0.489928 -0.0204814 0.498668 -0.314268 0.839887 
0.24031 0.385792 0.219892 1.40433 -0.913414 -1.06862 0.407908 -0.422418 -0.869461 -1.21286 -1.74781 -0.775293 -1.54882 -0.411996 0.111641 0.63999 -0.520628 1.28062 0.294624 0.200439 0.76805 -0.0707825 -0.0244102 0.514829 -0.188195 0.0920236 0.0252289 0.315587 -0.0714706 0.0175222 -0.0178542 0.18467 -1.09256 -0.159845 -0.00584359 -0.651474 2.88598 0.463333 1.04596 
0.0335936 0.563818 0.456766 0.948226 -0.0715264 -0.711401 0.18236 -0.0868769 -0.904181 -1.73187 -1.34157 -0.211587 -0.852778 -0.258751 0.325966 0.646783 -0.452003 0.492152 0.336147 -0.0161542 0.768312 -0.110506 -0.570396 2.05612 -0.236917 0.831699 0.231977 0.339756 0.037005 -0.156266 -1.63778 0.174993 -0.138543 -0.259881 -0.263265 0.392191 1.58412 -1.14064 -0.101087 
-0.0184405 0.711758 0.866675 0.952331 -0.421262 -0.732472 0.391753 0.345894 -0.979967 -1.78325 0.308309 -1.01221 -0.717119 -0.180019 0.451397 0.676995 -0.676894 -0.357161 0.469617 0.0618958 0.508169 -0.334047 0.367781 2.09895 -1.32883 -0.00906316 0.0455693 -0.0954262 -0.321207 -0.513691 -0.694685 0.441358 -0.333304 -0.923328 0.470588 1.58963 -2.3565 -0.0336588 -1.04806 
-0.146426 1.01521 1.13376 0.271332 -0.428687 -0.241784 0.244255 0.421292 -1.23823 -1.36409 0.757377 -1.54042 -0.861841 -0.213182 0.23054 0.325577 -0.965694 -0.202533 0.777505 -0.349459 -0.155016 0.360082 1.01923 -0.300383 -0.270576 -0.216362 0.0976609 -0.758018 -1.24265 0.86633 0.8607 -0.575828 0.152449 -0.264004 0.511696 0.485426 -2.53008 1.20223 -0.299825 
-0.231622 0.942297 1.19225 -0.013363 -0.623795 0.045033 0.0422946 0.190878 -0.619885 -0.764024 0.00792623 -1.28279 -0.933481 -0.0823582 -0.306621 -0.565654 0.189436 0.503539 -0.106211 0.214345 0.244165 0.177649 0.853207 -0.431126 -0.126604 -0.308888 0.0946535 -0.80948 -0.849527 1.75574 1.54143 -1.07385 1.24092 0.174119 -0.630643 -0.853328 1.51109 0.42544 0.00579084 
-0.228784 0.708593 0.568107 0.460769 0.0748522 -0.347995 0.4586 0.665457 -1.06058 -0.510886 0.326251 -1.66703 -1.17073 -0.118528 -0.57894 -0.52395 0.790051 1.3389 -0.296349 0.891466 0.0191029 -0.27056 0.1659 1.21071 0.154864 -0.210571 -0.295252 -0.229632 0.68993 -0.515203 -0.0127054 0.40775 0.350208 -0.041283 -0.372287 -1.25729 1.5732 0.845986 0.436636 
-0.35015 0.363357 0.668302 0.776688 0.715106 -0.251316 0.93376 0.209981 -0.890445 -0.598124 1.21863 -1.12792 -1.14405 -0.37761 -0.536253 0.124275 -0.325767 0.490834 0.301539 0.564553 0.202882 -0.194639 -0.404082 1.14207 0.719382 0.127748 -0.622764 0.0992383 0.555681 -2.01965 -1.30554 1.25755 -0.79979 0.807735 1.45955 0.205538 -2.65597 -0.0131987 1.55702 
-0.606394 0.17234 0.692382 0.135002 0.565686 -0.046456 1.02315 0.868339 -1.25522 -0.914968 1.46832 -0.947644 -1.04298 -0.741292 -0.479702 0.0317307 -1.2296 0.0333629 0.961196 0.0916758 0.826838 1.18899 0.371439 -1.44526 0.141665 1.34645 -0.13059 0.271933 -0.0429767 -0.36592 -0.235608 0.295794 -1.4172 -0.558475 1.55048 2.04907 -2.59 -0.92435 0.297107 
-1.09144 -0.116345 0.700032 -0.452909 0.748468 0.70988 1.02544 1.03682 0.298546 -0.226685 -0.226632 -0.986257 0.202399 -0.5082 -0.26432 0.0812986 -0.691687 0.255226 0.597333 -0.852649 -0.355593 1.35584 1.64499 -1.44793 -0.204967 0.424855 0.734158 0.493163 -0.287917 0.763792 0.16723 -0.686411 0.329839 -0.894069 -1.40181 -0.70282 1.2095 -0.0201247 -2.45467 
-1.11459 -0.0919796 0.77368 -0.556685 0.820912 0.550877 0.170504 0.512746 0.100622 0.730018 0.0203872 -1.15261 -0.618125 -0.00713361 0.0134608 -0.256187 -0.465805 0.200593 0.274785 0.421515 -0.0672302 -0.212815 -0.331382 -0.235763 0.121541 -1.10822 0.525487 0.214184 -0.12537 0.662464 -0.221709 -0.591429 1.51551 0.722741 -1.05659 -2.66269 2.52499 1.06186 -0.541104 
-1.09858 -0.102884 0.443846 -0.918714 0.949061 0.984665 1.44695 0.969589 0.0857309 -0.558066 -0.462396 -0.864716 -0.905819 0.0172871 -0.050136 -0.0440718 -0.0292233 0.0335167 0.00590338 0.662862 0.367148 0.299252 -1.0177 1.07706 0.856889 -0.116249 0.0193381 -0.135367 0.388197 0.649946 -0.317277 -0.741215 -1.5235 -0.0678713 0.271711 0.424458 0.459363 0.137714 1.95543 
-1.09731 -0.142116 0.729609 -0.585908 0.854429 0.55678 0.833366 0.879893 0.399874 -0.287683 1.09744 -0.295722 -0.734374 0.0122045 -0.121906 0.132011 0.184141 -0.116685 -0.46643 -1.10199 -0.135101 0.0588959 0.0930765 0.2236 0.259255 0.847215 -0.0706575 -0.0237549 -0.305356 -0.287758 -0.445231 0.0205485 -1.07161 -0.672168 -0.303351 1.3568 -2.18503 -1.44004 0.92126 
-1.08637 -0.22479 0.575856 -0.734573 0.832377 0.518235 0.344964 0.834488 0.144627 -0.46499 -0.238796 -0.605461 -0.0586036 -0.0533704 -0.0738909 -0.349428 -0.316981 -0.411714 0.0264519 -0.408748 -0.30502 -0.00409832 0.339094 -1.10797 -0.583154 0.805011 -0.0801268 0.260643 -0.110807 -0.188648 -0.385965 0.456487 0.968836 0.229097 -0.00736502 -0.389038 0.310751 -0.106057 -1.17116 
-1.15068 -0.216006 0.38018 -0.902889 0.442715 0.583232 0.424618 0.574873 0.395776 0.0514111 -0.0105273 -0.878876 0.0706372 -0.0679223 0.138737 0.0212032 -0.00450728 -0.50265 -0.00994272 -0.133152 0.0939952 0.0515309 -0.295961 0.534351 0.153198 -0.323941 0.0287735 -0.116979 0.418446 0.248038 -0.24961 -0.333887 0.343497 0.701687 -0.124208 -0.421558 1.06077 1.01045 -0.354335 
-1.15429 -0.0860538 0.59706 -0.739081 0.329727 0.508292 0.211812 0.928483 0.196158 -0.760951 0.295555 -0.452263 -0.382545 -0.0245969 -0.19087 0.0690176 -0.0689428 -0.661324 -0.307435 -0.0652515 0.396667 -0.128307 -0.0824634 -0.0472031 0.4273 0.450676 0.0858678 -0.318532 -0.19795 -0.249135 0.607385 0.155502 0.567494 -0.101176 0.136476 1.17555 -0.732271 -0.606597 0.631325 
-1.17527 -0.406877 0.449198 -0.971832 -0.21861 0.275797 0.359366 0.97154 0.267469 -0.0310523 -0.0577305 -0.451576 0.521313 0.0179455 -0.179796 -0.176747 -0.253642 0.104735 0.14556 0.434343 -0.00718031 0.188007 0.879594 -0.197919 -0.4534 0.307384 0.0212103 0.372589 -0.00071253 0.118497 0.833101 0.590452 0.536363 -0.0846405 0.491454 0.720395 0.852672 -0.123409 -0.00204572 
-1.13635 -0.265849 0.420313 -0.992723 0.434462 0.653852 0.646155 0.921303 0.384165 0.118643 0.097636 -0.905663 -0.0751609 -0.00338658 0.181719 0.0683051 0.0495544 0.171777 0.283018 0.471111 0.312026 0.363148 0.637932 0.805469 0.303891 0.44863 -0.0554947 0.251021 0.147242 0.247 -0.0933463 0.141541 -0.0373232 0.353152 0.450959 -1.10829 0.541118 0.708973 -0.24824 
-1.17866 -0.225157 0.517503 -0.922278 -0.046833 0.558815 0.830477 1.28357 0.630617 0.606879 0.747739 -0.147685 0.969943 -0.0375492 0.0712251 -0.0295051 -0.00664226 0.0113891 0.287101 0.397019 0.345972 0.638966 -0.228699 0.343198 0.255573 0.0591438 0.0384758 -0.161306 -0.16372 0.0644116 0.82266 -0.31103 -0.484182 -0.425454 -0.0466407 -0.596731 -1.84656 -0.985462 -0.842661 
-1.1739 -0.194624 0.390807 -0.999365 0.445852 0.940953 1.04317 1.26727 1.02313 -0.110056 0.440834 -0.65009 -0.0160172 0.0350892 0.0204131 -0.0954153 0.113966 0.994437 -0.0280122 -0.0130706 -0.113428 0.316507 0.0412006 -1.04109 -0.681572 -0.394031 0.0495116 -0.0540359 -0.0379457 0.0591946 0.386422 -0.66857 -0.280922 -0.495886 -0.957444 0.635066 -1.09898 -0.0100296 -0.174664 
-1.14357 -0.204744 0.422088 -0.808312 0.947604 0.530803 0.817407 1.17014 0.947124 0.64808 -0.293354 -0.829257 0.575913 0.0119623 0.0171891 -0.0674508 0.0525524 0.397811 -0.381469 0.116098 -0.149914 -0.318478 0.406367 -0.755783 0.245544 -0.115521 -0.149442 -0.0946447 0.0336488 -0.213556 -1.45126 -0.0619719 0.0138298 -0.0642293 -0.639247 -1.05133 0.233543 0.785946 0.76567 
-1.16194 -0.177435 0.323357 -0.946813 0.843662 0.559484 1.15927 1.11736 0.704653 0.296311 -0.314948 -0.404546 -0.131538 -0.114353 -0.0742316 -0.0617666 -0.0995905 -0.456819 -0.089984 0.00075922 -0.177657 -0.32274 -1.01013 -0.807549 0.104374 0.371639 0.0236056 -0.0880429 0.26803 0.00505174 -0.81031 0.32936 -0.746594 -0.107786 -0.821289 -1.52007 -0.612853 -0.981702 0.442932 