-0.904363 -0.149464 0.621402 -0.621184 0.477643 0.765084 0.661042 1.27326 0.886803 0.66336 0.489013 -0.0726677 0.775168 0.150715 -0.232467 -0.135475 -0.0356598 0.215498 0.157722 -0.6899 -0.0134665 1.25499 1.04658 1.71613 0.369587 0.372252 0.724885 -0.205129 -0.919596 0.440734 -0.331155 -0.542662 0.165886 -1.45345 -1.20026 -1.16045 -0.891071 -0.546282 -2.24922 
-0.981724 -0.29362 0.660016 -0.659413 0.820767 1.06356 0.726609 1.0197 1.27593 0.388591 0.107734 -0.774063 0.269721 -0.179479 -0.354594 -0.298193 -0.18045 0.146489 0.222422 0.826928 -0.180183 -0.31346 -0.497091 -0.402058 -0.61895 -1.47405 -0.191873 0.270481 0.0576462 -0.287259 -0.707159 -0.503597 0.927604 0.0119696 -1.95653 -1.01996 -1.33625 0.800119 -0.739786 
-1.08384 -0.504058 0.323209 -0.801633 0.624132 0.987506 1.48797 1.09308 0.573343 0.16627 0.0869554 -0.691617 -0.698883 -0.0411574 0.0380133 -0.0778287 -0.322919 -0.491661 -0.345875 0.237704 -0.00149699 -0.701539 0.0266139 0.379881 1.16971 -0.367534 0.206559 0.530288 0.601149 0.118357 -0.528777 -0.488882 -1.75227 -0.0985777 0.427342 1.38534 1.06934 1.15417 2.48466 
-1.02288 -0.255606 0.582187 -0.982331 0.329106 0.717686 0.964313 1.0182 0.574389 0.415205 0.487615 0.395643 -0.0978132 0.0270799 0.175694 0.302955 -0.0620926 -0.382289 -0.26646 -0.925342 -0.278761 0.113882 0.888253 0.66728 0.53522 1.01061 0.0249957 -0.265362 -0.0913516 0.488286 0.641602 0.120002 -1.29523 0.0949861 1.11211 0.275168 0.690651 -1.28728 1.22589 
-1.05676 -0.328364 0.626165 -0.863726 0.241843 0.721046 0.562628 0.814319 0.687225 1.05452 0.754235 -0.156398 0.311723 -0.0161617 -0.227348 -0.16918 0.165367 0.149942 -0.225873 -1.05752 0.0934891 0.410574 0.301782 1.07053 -0.117572 0.858352 0.09098 -0.163858 -0.763585 -0.140212 0.827471 0.223023 -0.11637 0.0464128 -1.13227 -1.80638 -1.50842 0.118945 -0.623701 
-1.03904 -0.482955 0.413007 -0.816964 0.479047 0.491814 -0.0932099 1.11169 0.984962 0.716987 1.55815 0.278071 0.760539 0.11806 0.0118367 -0.460629 -0.202305 0.445182 -0.0434365 -1.04171 -0.232348 -1.01839 -0.918126 -0.841138 0.654165 0.386906 0.182392 0.347769 -0.249654 -0.293518 -0.298149 0.424933 0.42829 -0.519129 -1.11009 -0.619509 -2.37481 0.388932 -2.44234 
-0.938702 -0.316527 0.165535 -1.06603 0.687025 0.67761 -0.479084 0.581971 -0.331166 0.136397 -0.0869026 0.497767 0.698629 0.16623 0.120421 -0.418834 -0.128151 -0.148207 0.199061 -0.629233 -0.42564 -0.699519 -0.317727 -1.30428 0.27136 -1.58398 0.00804401 -0.302984 0.529788 0.330662 -0.972026 -0.180353 0.810931 0.40439 2.6615 1.0599 0.133466 -1.53559 -1.33853 
-0.872814 -0.362534 -0.00582732 -0.945116 0.33084 0.690874 -0.722443 0.686051 0.285444 0.39926 0.253865 0.549431 -0.823445 0.126104 -0.291148 0.0691583 0.128358 -0.526844 -0.223789 -0.230781 0.172042 1.64311 0.141771 -0.707672 -0.881425 -0.951625 -0.102877 -0.538283 0.789286 0.396316 0.20728 0.267876 0.417094 0.193259 0.989424 0.264677 0.411012 -0.71257 1.83645 
-0.812598 -0.607675 0.234694 -0.937673 0.160181 0.45382 -0.709865 0.754013 1.31194 0.278168 -0.794575 -0.383658 -0.252996 0.0633526 -0.417862 0.370452 0.268165 0.0590727 0.466936 -0.212139 -0.232381 0.289905 -0.0530502 -0.89327 -0.44121 0.252461 -0.0123738 -0.34313 0.400813 0.25726 0.156917 0.975249 -0.395753 -0.253155 -3.01963 0.533957 1.00553 1.67546 -0.404765 
-0.809461 -0.780396 0.364624 -0.676951 0.389913 1.15781 -0.934582 0.45367 0.575349 0.34621 -0.639405 0.108222 -0.570983 0.11373 -0.634278 0.469971 0.385617 -0.369927 0.751459 -0.626534 -0.081112 -1.37652 0.675729 0.297856 0.794034 -1.35639 0.121775 -0.124084 0.0776966 -0.424202 -0.510687 0.116683 0.805261 0.472223 -0.910463 0.583982 1.8115 0.90475 -1.0455 
-0.698868 -1.24195 0.704665 -0.552055 -0.209745 1.20528 -1.3364 0.672901 -0.0645854 0.953897 -0.496718 0.410377 -1.60939 0.185127 -0.541946 0.448148 -0.156037 -0.451614 0.583619 0.593122 0.239842 -0.620558 0.530932 0.918232 0.463541 -0.793042 0.0502257 0.516062 0.0997028 -0.356889 0.396462 -0.490273 1.52083 0.0325665 1.64563 -1.48739 -0.159093 -0.450847 3.19137 
-0.624334 -1.32234 0.812772 -0.832988 -0.0617009 1.74143 -0.34146 0.693511 -0.0452095 0.877142 0.278827 0.571762 -1.36403 0.163956 -0.118215 0.569674 0.0287286 0.0265349 0.261187 0.894301 -0.0485456 0.269104 -0.811657 0.138763 0.343187 1.83498 -0.0392447 0.466163 0.0164907 0.341944 0.399704 -0.786859 -0.79796 0.017397 1.15031 0.141829 -0.452593 -0.857988 2.38138 
-0.534912 -1.36017 1.27434 -0.523327 -0.18321 1.46647 -0.442098 0.624356 0.204519 0.14224 -0.357955 0.753564 0.22559 0.145883 -0.0757838 0.464639 0.185907 -0.0519101 -0.203239 -0.204838 0.257239 0.529748 0.672761 0.465639 -0.394447 1.58834 -0.0971788 -0.0930555 -0.763377 -0.358353 -0.170566 -0.597363 -1.25368 0.775141 0.739256 1.56473 0.8699 -0.366803 -1.62965 
-0.478451 -1.39813 1.27741 -0.647081 -0.113611 1.53819 -0.546298 0.95075 0.484539 1.5499 0.744466 0.177315 0.224313 0.0667771 -0.211271 -0.193704 -0.329624 -0.144031 -0.336177 -0.359377 0.726595 1.00836 0.753069 1.00866 -0.0236158 0.20533 -0.106208 -0.111494 -0.898796 -0.562086 -0.147923 -0.150603 0.311035 -0.374088 -0.38904 -1.95552 -1.83565 -0.422745 -3.24007 
-0.468135 -1.57144 1.08063 -0.852951 -0.327242 1.13029 -0.801475 1.35095 1.21288 0.895309 0.650708 0.729948 0.43092 0.0396745 -0.187278 -0.434158 -0.376179 -0.199833 -0.353842 0.106196 -0.11685 0.140708 -1.28276 -1.37001 -0.817192 -1.65173 -0.0177219 0.185802 0.187925 0.105824 0.269716 0.163861 -0.295074 -2.13278 -2.62964 -1.27806 -2.76073 -0.813005 -1.89893 
-0.438777 -1.5854 0.843254 -1.02326 -0.313444 1.18435 -0.440102 0.8339 0.625247 0.267143 -0.62554 -0.639877 -1.42742 0.0490552 -0.0254691 -0.00577836 -0.2238 0.125684 -0.172316 -0.654451 -1.40619 -1.62128 -0.524992 -1.75206 -0.836621 -1.6936 0.151949 0.251846 1.07689 0.492743 0.12649 0.0736581 0.493063 -0.417262 -0.298947 2.02418 0.640218 1.82341 1.65942 
-0.41908 -1.59691 1.07486 -1.07675 -0.201558 0.957974 -1.45593 -0.0552386 -0.408396 0.370317 -1.10136 -0.106673 -1.26268 0.191624 0.0645681 0.642731 0.116565 -0.0733432 -0.280184 0.59926 -0.534112 -0.158239 0.741416 -0.729788 1.00622 0.00768915 0.2044 -0.690126 0.326218 0.726226 -0.422979 0.193937 3.87985 1.60748 3.02912 0.726248 0.542391 1.34785 1.59946 
-0.247153 -1.52084 1.48598 -0.906695 -0.386788 0.904164 0.159158 0.299789 0.467009 1.00856 -1.35533 0.366345 -1.41973 0.253455 -0.715595 0.320439 0.502426 -0.297295 0.0216214 3.2254 0.201293 1.40784 0.201255 -1.20967 0.511227 -0.0941432 -0.0343492 -0.84885 -0.91011 0.534031 0.218088 -0.412448 2.17902 0.0806349 0.464889 -0.976069 0.4341 -0.861587 0.395448 
-0.165625 -2.3125 1.3953 -0.574324 -0.498852 0.979595 1.76947 0.146054 0.999447 0.571572 -2.31103 0.404554 -1.35682 0.157275 -0.784282 -0.267379 0.650596 0.144745 -0.692632 2.77828 -0.453477 0.30665 -0.234653 -0.295688 0.144635 0.403137 -0.132032 0.555105 -0.556354 -0.141249 0.753398 -1.24207 -1.61643 -0.347148 -1.38031 1.76054 2.52098 -0.827596 1.93004 
-0.0898782 -2.30512 1.21861 -0.256099 -0.242043 0.211532 2.93744 -0.153688 0.773659 0.773907 -1.65102 0.510981 -1.01659 0.121423 -0.160491 -0.235915 0.361177 0.456103 -1.22045 1.60897 -0.145855 0.0275327 1.9618 1.31131 -0.31637 1.83589 -0.0141703 0.462426 -0.291447 -0.356458 1.0905 0.194834 -2.95822 0.586542 -0.668626 1.70054 0.163726 -1.72889 -0.534027 
-0.0442014 -2.47299 1.15938 -0.213147 -0.0427492 -0.24085 3.37844 0.000198971 1.02698 2.53337 -0.999724 0.0881842 0.479069 0.143104 -0.321855 -0.558826 0.294138 1.23524 -0.497798 -0.17994 0.133065 -0.361976 1.46588 -0.131962 -1.58425 -0.130891 0.102506 0.904457 0.046146 0.169043 1.64102 0.987815 -3.17834 0.323217 -2.37867 -3.65148 -2.53432 -0.952434 -4.878 
0.0532261 -2.62697 0.659779 0.038039 0.993199 -0.286266 2.7575 -0.0206227 0.411683 2.23979 -1.78298 -1.07327 -1.14748 0.223929 0.743967 -0.189769 0.53022 2.09712 -0.23263 -1.56937 0.177362 -2.35114 -1.68969 -1.22301 -1.2688 -3.04211 0.544221 2.86759 0.0221734 -0.092114 -0.398557 0.499724 -2.71291 -1.10995 -1.26859 -2.58122 1.38528 2.14839 -1.10661 
0.179728 -1.72903 0.969611 0.317074 2.05437 -0.47348 1.80908 0.177561 -1.32416 0.843685 -2.22274 -1.18062 -2.56304 0.687325 2.54574 -0.536653 0.202024 0.836685 0.00192577 -2.89285 -0.976883 -1.63057 -1.11534 1.25332 0.56414 -1.2375 0.4653 1.60763 -1.33985 -1.14217 -3.13032 0.386139 -1.13427 -1.49271 1.48373 1.15124 1.88717 1.50085 3.67449 
0.740551 -0.0812334 0.123126 0.240063 1.82988 -0.28434 -0.135353 -0.997505 -1.21888 1.12445 -0.529658 -0.509133 -2.38499 0.68923 2.3516 -1.52961 -0.611946 -1.03321 0.153509 -2.70364 -1.31535 -0.867411 -0.538445 0.664157 0.232049 0.632384 -0.525703 -1.25651 -0.360175 -0.937979 -1.27296 -0.0614123 2.06493 0.58086 0.480408 0.941729 0.0284399 -0.615807 3.09209 
0.868957 0.622572 -0.560003 -0.294873 1.02116 -0.319971 -0.894562 -1.13779 -2.19157 0.305239 -1.55858 -0.948571 -1.93066 0.161623 1.28923 -0.896828 -0.735955 -0.436276 -0.0594865 -0.827922 -0.396023 -1.15016 -0.173607 1.28176 -0.0516671 1.85459 -0.582486 -1.54636 1.03558 0.439857 1.08305 -0.12616 2.8931 1.17309 0.527987 0.910362 2.65009 -0.196211 1.12013 
0.902174 1.20799 -0.773702 -0.495892 1.39361 -0.343827 -0.963275 -1.39353 -2.36904 0.950847 0.752102 -0.5608 -0.530401 0.106744 0.805238 -0.494034 -0.172089 0.0498446 0.0273489 0.189457 -0.142262 -0.339424 0.371917 3.31424 0.035838 1.75252 -0.0266233 -0.853012 0.32149 0.749687 -0.3324 0.116756 1.21794 0.183721 1.32641 0.238612 -0.0689051 -0.245494 -1.89234 
0.975701 1.42781 -1.05404 -0.466962 1.07101 -0.292623 -0.705105 -1.28005 -2.53099 0.677156 1.75566 -0.912733 -0.178142 0.134999 0.436215 -0.575338 0.0137319 -0.768677 0.0572695 0.390013 -0.212302 0.176255 0.0650048 1.21285 -0.297161 -0.037751 -0.0164623 -0.663864 0.254974 -0.0326573 -0.550343 -0.154836 -0.445355 -0.25954 0.726431 -0.00997338 -3.11631 -0.937572 -1.71956 
1.03717 1.64421 -1.34904 -0.48216 0.624931 -0.286557 -0.573262 -1.60583 -2.19279 1.01585 1.96496 -0.857961 -0.568152 0.0902817 0.141374 -0.23906 -0.204747 -0.500498 -0.127487 -0.255897 -0.401802 0.387007 0.361944 0.197932 -0.901733 0.0329531 -0.0643919 -0.60244 0.957168 -0.331912 0.795477 -0.18054 -0.860288 0.273276 -0.0358085 -0.0419622 -1.80013 -0.421121 1.01636 
1.06598 1.56918 -1.2931 -0.671708 0.57051 -0.42011 -0.961002 -1.68185 -2.14399 1.0391 1.95359 -1.81447 -0.145189 0.0706076 -0.166225 0.381829 -0.318181 0.0268001 -0.12327 -0.470275 0.0609734 0.140446 0.0230426 -0.587278 -0.718282 0.978612 -0.0754567 -0.0393882 0.234654 0.217489 0.234155 0.117578 0.115509 0.387038 0.0621048 -0.822445 -0.748093 1.09097 0.254229 
1.10778 1.47798 -0.96721 -0.80034 0.651731 -0.409827 -1.04354 -1.54486 -2.05234 1.03889 1.37768 -1.57624 0.410459 0.014825 0.101986 -0.00440662 0.0127424 -0.266343 -0.00990921 -0.140388 -0.0147637 0.449112 -0.460502 -0.550161 0.189235 0.287182 -0.0450089 0.323107 -0.707291 0.449796 -0.149452 -0.0471351 0.438699 -0.110533 0.318278 -0.0581476 0.351807 0.922706 -0.847468 
1.08081 1.67117 -1.2975 -0.658966 0.304167 -0.430019 -1.10139 -1.69661 -1.69487 0.578598 1.40343 -1.62523 0.141993 0.0255987 0.156882 -0.325462 0.131615 -0.122652 -0.170405 -0.0315765 -0.04956 0.458724 -0.035105 -0.23547 0.204424 0.131144 0.107361 -0.17949 -0.176955 0.0543886 0.533485 -0.131584 -0.0444465 0.111334 0.012854 0.824665 0.208217 0.403891 0.458884 
1.13338 1.63486 -1.29267 -0.668725 0.529079 -0.580233 -1.07511 -1.59442 -1.59362 1.00379 1.14221 -1.37182 0.541603 0.122186 -0.0775043 -0.181362 0.0671309 0.267142 -0.141493 -0.184835 0.0965708 0.461966 0.364163 -0.341944 0.593127 0.746067 0.170455 -0.324895 0.112109 -0.0432803 0.395405 0.152758 -0.342522 0.110021 0.413018 0.197249 -0.413395 0.41317 0.504588 
1.20299 1.59366 -1.47887 -0.591835 0.57131 -0.571512 -1.28623 -1.60004 -1.23291 0.942761 1.06149 -1.0321 0.88806 0.196053 -0.168013 -0.213352 0.0883348 0.272753 -0.017647 -0.374099 0.0604615 0.871742 0.162144 -0.648865 0.617594 0.635732 0.0193011 -0.019707 -0.233435 0.390115 -0.161698 0.0553713 0.0434627 -0.130827 0.842856 -0.475683 -0.180253 0.336789 -0.328312 
1.32943 1.46685 -1.50602 -0.580391 0.801832 -0.59788 -1.44921 -1.53396 -0.721877 1.16593 0.493344 -0.754226 1.17733 0.141487 -0.0972113 -0.414797 0.457246 0.105445 -0.0861217 -0.141372 -0.0342559 1.30482 -0.11152 -0.522197 0.929916 0.417755 -0.0976073 -0.0203762 -0.16548 0.68304 -0.827612 -0.0462138 0.215807 0.0329527 0.271221 -1.06799 0.448184 0.166423 -0.496891 
1.34448 1.49645 -1.89366 -0.134589 0.676754 -0.657634 -1.4276 -1.6343 0.0719142 0.831241 0.539291 -0.102189 1.30581 0.0984462 -0.188389 -0.378832 0.771374 -0.55486 -0.0638608 -0.158292 0.0934142 1.14296 -0.905846 -0.200681 0.784016 0.138841 -0.0325004 -0.202934 0.265731 0.0691123 -0.762679 -0.150746 0.0527982 0.212638 -0.629466 -0.814461 -0.0984752 -0.467688 -0.350794 
1.42788 1.27846 -1.88486 0.190984 0.246972 -0.661741 -1.60751 -1.44054 0.421085 0.260088 0.292663 0.02979 1.31618 0.108986 -0.300145 -0.149066 0.526358 -0.657235 -0.236868 -0.0885738 0.178382 0.675356 -0.925981 -0.620673 0.462228 0.0669606 0.00331755 0.054896 0.282115 -0.345941 0.235921 -0.248269 0.577274 -0.00796599 -0.507618 0.82892 -0.633992 -0.211354 0.157504 
1.45347 1.19631 -2.04273 0.39177 0.0195199 -0.894502 -1.51617 -1.45592 0.74727 -0.09474 -0.0813821 0.360039 1.37278 0.101764 -0.133493 -0.096717 0.425433 -0.318939 -0.31213 0.418982 0.0854482 0.635344 -0.076926 -0.834673 0.572662 0.296345 0.0257809 0.0424074 0.263889 -0.172271 0.28263 -0.194756 0.820514 0.101543 -0.624472 1.38672 -0.0818652 -0.0651142 0.81209 
1.52964 1.14497 -1.98157 0.616417 -0.071967 -0.973871 -1.18852 -1.35509 1.05643 0.183162 -0.54201 0.602453 1.61252 0.134767 -0.257738 0.114823 0.354087 -0.374604 -0.431624 0.731941 0.279925 0.0508847 0.460742 -0.702538 0.397114 0.879051 0.00610555 -0.336503 0.474998 -0.0405779 -0.465993 -0.106588 0.274551 0.0510522 -1.15878 -0.499035 0.902953 0.107806 -0.018112 
1.58823 0.93857 -1.92791 0.745857 -0.355084 -1.32613 -0.784231 -1.17599 0.798155 0.366002 -0.78392 0.757153 2.25183 0.107869 -0.469997 0.378281 0.384855 -0.784931 -0.418718 0.693532 0.1365 -0.523439 -0.575961 0.0682799 0.680468 0.278233 -0.0898632 -0.20528 0.27824 0.0142778 -0.496498 0.111357 -0.727596 -0.286584 -0.190982 -1.66838 0.782129 0.591329 -1.75611 
1.63751 0.674972 -1.60329 1.00127 -0.856898 -1.39259 -0.494991 -1.21859 0.532991 -0.392799 -0.47373 1.28292 1.89075 0.0449041 -0.463018 0.393063 0.368365 -0.871102 -0.320267 0.00434461 -0.00665894 -0.140097 -1.20764 0.0795909 0.988443 -0.877056 -0.106574 0.177604 -0.179302 -0.0288407 0.264738 0.370419 -0.493441 -0.147715 0.251246 -0.38247 0.818615 0.56412 -1.28228 
1.63314 0.475552 -1.53484 1.11422 -1.22619 -1.64639 -0.779886 -1.18265 0.658058 -0.841634 -0.704329 1.7456 1.37477 0.00129534 -0.292392 0.198979 0.356015 -0.520193 -0.0482992 0.200091 -0.0112149 -0.272193 -0.958431 0.886895 1.24459 -1.00405 -0.0689057 0.424464 -0.347669 0.13646 0.67593 0.706236 0.675884 0.276403 -0.184612 0.794773 1.19745 0.377155 1.12859 
1.63881 0.38258 -1.40431 1.35729 -1.37709 -1.44089 -0.2949 -1.22981 0.260798 -1.35123 0.413165 2.52751 0.886703 -0.0240015 -0.0385536 0.0453939 0.504825 -0.195172 0.385968 0.680228 0.269744 -0.324709 -0.412863 1.27704 1.3656 0.251532 -0.126842 0.0604043 -0.540973 -0.519105 -0.0635079 -0.117318 -1.65578 -0.300238 -0.543811 0.419614 -2.64334 -2.33715 -0.313857 
1.60914 0.436999 -1.48945 1.61905 -1.42136 -1.26043 -0.0996577 -0.912907 0.333349 -1.2545 0.572708 3.11119 1.6263 -0.125546 -0.231988 -0.341993 -0.16309 -0.583701 -0.165617 -1.45569 -0.311453 -0.816003 -0.538816 -1.75645 -1.09256 -1.31791 -0.145828 -0.00862505 0.111908 -0.415931 -0.1786 -0.480006 -1.34064 -0.396102 -0.136999 0.456552 -1.56819 -2.04436 -1.33195 
1.51326 0.150592 -1.74631 1.1942 -1.96079 -1.6065 -1.75059 -1.54126 -0.555205 -1.89005 -1.34328 1.43495 -0.431206 -0.16983 -0.0471787 0.157302 0.0888941 -0.373772 -0.0940379 -0.660408 -0.126358 -0.461708 0.0436886 -0.291152 -0.678766 -1.08042 -0.0136175 0.544736 0.83223 0.881299 0.49999 0.438245 2.84115 0.71446 1.08352 1.34478 4.04645 0.96314 1.80148 
1.43931 0.38982 -1.33215 1.70794 -1.79513 -1.35446 -0.760066 -1.03926 -0.128359 -1.21081 0.281556 2.43243 0.545881 -0.139164 0.312748 0.490237 0.718209 -0.083711 0.272628 1.38545 0.403008 0.267513 0.805966 2.29 -0.129417 0.483571 0.0689032 0.0338653 0.241602 0.211517 0.405214 0.0252447 1.04405 0.0367326 0.623087 -0.0740798 0.907537 -0.244283 0.422614 
1.3741 0.463339 -1.25607 1.91241 -2.0445 -1.33388 -0.365139 -1.13825 -0.287693 -1.08408 0.946718 1.30554 0.0523655 -0.100926 -0.0133134 0.398903 0.300411 0.031441 -0.0687932 0.383642 -0.0896251 0.161379 -0.0303911 0.616385 -0.923049 -0.657808 0.0452282 -0.493815 0.110172 -0.641904 0.244844 -0.436493 -1.12987 -0.173913 -0.398314 -1.29324 -3.31657 0.303319 0.202406 
1.33838 0.376507 -0.933244 2.00835 -1.76369 -1.42326 -0.376423 -1.12889 0.0330202 -1.2412 0.89794 1.50938 -0.111927 -0.0939356 -0.181067 0.600409 0.0763045 0.161133 -0.163865 0.255585 0.229095 -0.130801 -0.487272 -1.02657 0.173902 0.685977 0.00267287 -0.276958 0.313602 -0.536786 -0.0357753 -0.246496 0.0293314 0.554078 -0.321669 -0.0822501 -1.91611 1.01014 1.1282 
1.28016 0.282273 -0.655661 1.98871 -1.88337 -1.49774 -0.109554 -0.909158 -0.418494 -1.57135 -0.0798485 1.47944 0.738342 -0.0982535 -0.290271 0.712506 -0.236375 -0.0043343 -0.31529 0.412974 0.464453 -0.16029 -0.112641 -1.29973 0.087092 0.470395 -0.0584451 -0.106623 -0.279882 -0.55067 -0.0675881 0.151828 0.599023 0.345137 -0.141271 0.123261 0.724996 -0.411718 -1.99606 
1.24013 0.0862354 -0.220739 1.77198 -1.76802 -1.73855 0.0365502 -0.664436 -0.12727 -1.35384 -0.401787 1.59647 0.358467 -0.152381 -0.28769 0.320527 -0.474366 0.0935444 -0.012037 0.854608 0.574232 -0.272072 -0.364011 -0.301571 -0.237815 -1.31008 -0.201939 0.43182 -1.09029 0.407332 0.0798805 0.682442 -0.370397 -0.494414 -0.259277 -0.239741 0.649622 -1.23459 -1.70408 
1.12778 -0.00541776 -0.335133 1.51434 -1.78983 -1.50978 0.745054 -0.334926 -0.690565 -1.93536 -0.38142 1.24162 -0.571739 -0.300192 0.141549 -0.377784 0.170957 0.0755462 0.367152 0.0425763 -0.0299606 -0.419567 -0.352382 -0.650106 -1.1475 -1.23369 -0.17421 0.64569 -0.712993 1.14253 -0.601267 -0.0535411 -2.1012 -1.01437 0.401807 0.404957 0.226238 -0.202585 1.52442 
0.939935 0.227785 -0.598522 1.94293 -1.69248 -1.37139 0.0791265 -0.694397 -0.546837 -1.70622 -1.05189 0.448972 -0.87522 -0.326591 0.358 -0.392465 0.668165 -0.507722 -0.0655781 -1.2466 -0.440135 0.129735 0.0409462 -0.0753328 -0.4404 0.214336 0.064891 -0.0368842 0.447917 -0.0701545 -0.435613 -0.258727 0.0748459 0.460989 0.472593 -0.148245 1.54474 2.30792 2.52967 
0.801191 0.352582 -0.727599 2.18251 -2.29755 -1.57536 -0.501542 -0.775061 -0.56083 -1.89442 -0.456753 0.801223 -0.357402 -0.235301 0.104665 0.0701331 0.100803 -0.360067 0.108425 0.117422 0.431028 0.0530256 -0.500627 0.894639 1.16042 1.29598 0.104079 -0.206093 0.888425 -1.06883 1.11422 0.106851 2.12077 0.608501 -0.397823 0.343241 -0.376723 -0.0831982 -1.66563 
0.704634 0.332449 -0.528389 2.04374 -2.05254 -1.26297 0.196549 -0.263369 -0.493811 -2.20685 -0.157254 1.60939 0.420763 -0.222512 0.151908 0.495959 -0.400669 0.606496 0.0412732 0.874178 0.168365 -0.268088 0.384187 -0.452056 -0.523598 -1.45129 -0.0132523 0.326316 0.448251 -0.266293 0.767887 -0.256831 0.433267 -0.311611 -0.3524 1.53788 -1.80427 -2.08186 -2.71565 
0.578679 0.50449 -0.23164 1.78184 -1.69105 -1.53408 0.372636 -0.606696 -0.828918 -1.51023 -0.908809 0.277625 -1.80869 -0.248554 0.430981 0.518384 -0.16549 0.40782 -0.148406 0.55069 0.119417 -0.299374 1.03725 -0.909632 -0.921436 -1.41966 0.0285564 0.0117868 -0.286379 0.33591 -0.26088 0.340211 -0.583512 0.277345 0.34372 -0.411284 1.19749 0.994061 2.58533 
0.45608 0.76343 -0.010005 1.87825 -1.64472 -1.41137 0.747238 -0.143952 -0.793186 -1.1696 -1.06689 0.687959 -0.998901 -0.193955 0.163694 0.209581 -0.0647587 0.345616 0.381484 0.290667 0.44571 0.0756324 -0.0270968 0.745433 0.470463 1.13404 0.160676 -0.405275 -0.48796 -0.0650055 0.259386 0.453191 -0.395536 0.438276 0.630073 -1.2357 0.31982 -0.0047312 2.83844 
0.384724 0.668184 -0.0220591 1.71708 -1.34544 -1.1526 0.663303 -0.160986 -0.753286 -1.53733 -0.163375 0.748088 -0.674651 -0.0878774 0.0257056 0.0304243 -0.230496 0.667206 0.304785 0.155154 0.557693 0.330699 -0.198443 -0.589812 -0.926167 1.41878 0.0581122 -0.0330088 -0.0450317 -0.521138 0.256244 -0.372657 -0.829167 0.444579 -0.138075 0.674736 -1.15468 -1.85632 -1.76859 
0.368203 0.789136 0.0204193 1.64775 -0.977518 -1.10659 0.902392 0.413741 -0.462487 -1.36804 -1.6567 -0.238208 0.419876 -0.135843 0.130686 0.164549 -0.585897 0.60186 0.00882765 -0.5385 0.890289 -0.0624425 0.64764 -0.409251 -1.38586 -0.634544 -0.190192 0.164929 0.327172 -0.389444 0.369287 -0.00884493 -0.486309 -0.465406 -1.93001 0.500424 3.56771 1.85858 -2.66918 
0.248881 0.79887 0.14249 1.13119 -0.743578 -1.14377 0.124803 0.729303 -0.815728 -0.889687 -0.572627 -0.637773 -1.3092 -0.278069 0.190635 0.357596 -0.61994 1.03649 0.29594 -0.331156 0.0922872 -1.59931 0.301982 2.9779 0.932412 -1.25041 -0.289508 -0.181206 0.536943 -0.0744891 0.0907417 0.848789 0.514806 -0.711812 -0.102292 -0.997255 2.12781 1.25639 1.00519 
0.0901336 0.979771 0.378015 1.02781 0.0589758 -0.810648 0.571236 0.506028 -2.06179 -1.06606 1.3212 0.694205 -0.83053 -0.425351 -0.0505203 0.701492 -0.660386 0.692601 0.857616 -0.0236946 0.178477 -0.164735 -0.349615 1.71856 -0.129471 0.370648 -0.219317 -0.290488 0.855828 -0.369238 -1.30216 0.823202 -0.393752 -0.423302 3.60449 0.0201167 -3.94304 -1.34585 1.57182 
-0.17647 0.74835 0.843982 0.470799 -0.0509769 -0.286155 0.101108 0.90778 -0.980463 -1.2393 1.14593 -0.767244 -0.938547 -0.497386 -0.0998533 1.21342 -0.989178 -0.265666 1.11914 -0.724907 -0.331014 2.00518 0.322098 -0.965144 -0.413441 0.321419 -0.0668728 -0.156167 0.00638111 0.246105 0.179977 0.015296 -0.916351 -0.73365 0.548716 0.416743 -2.76625 0.432944 0.119 
-0.407253 0.879917 1.59144 0.0386323 -0.20669 0.308494 -0.153671 0.175014 -0.0566123 -0.743959 0.356055 0.280764 -0.509111 -0.492224 -0.206687 0.707873 -0.414281 0.872578 0.872912 -0.940046 -0.555173 0.383981 0.0671284 -1.04769 0.303473 0.489648 0.0514776 -0.509065 -1.55449 0.740587 1.46629 -0.627772 0.300064 0.454502 -2.11885 -0.384478 0.547662 -0.0540809 0.136444 
-0.668694 0.541662 1.55185 0.0565179 0.821602 0.586758 -0.838937 0.352606 -0.596483 -1.17217 0.0982361 -0.463772 -0.448899 -0.445909 -0.608918 -0.341065 -0.248591 1.20062 0.49137 -0.424843 0.123488 -0.113665 -0.0623795 -0.417483 -0.467522 0.457862 0.177887 -0.497162 -1.6168 -0.0500954 -0.86194 -0.608068 2.00593 1.30637 0.708456 1.47555 1.69626 -0.0490807 1.00609 
-0.853161 0.270999 1.25037 -0.209958 0.993933 0.799864 -0.578514 0.298502 -0.170277 -0.806338 -0.0614277 -0.186758 -0.0512489 -0.314337 -0.703849 -0.908929 -0.464377 0.0106384 0.264844 1.06588 0.751199 1.09244 1.54268 0.648569 0.254392 1.49574 0.246237 0.0443576 -0.359677 -0.168045 -1.67447 -0.403115 1.40036 0.594241 1.79954 1.58052 1.2777 -0.198046 -0.44154 
-0.983031 -0.162186 0.642926 -0.407859 0.83224 0.851602 0.226943 1.10381 0.495954 0.370509 0.746805 -0.20938 1.04684 -0.199671 -0.564561 -0.700742 -0.416635 -0.473851 0.0882559 0.975513 0.717728 1.68587 1.51814 0.860213 -0.665568 0.0163223 0.241504 0.638925 0.741276 0.29645 0.295666 0.251316 0.187538 -0.563526 -0.673833 -2.2743 -0.725703 -1.02805 -2.77268 
-1.05283 -0.293561 0.549633 -0.626594 0.520082 0.88812 0.396999 1.01623 1.5156 0.711798 0.798786 -0.852326 -0.0349266 -0.0728328 -0.0649233 -0.167653 -0.167927 0.306304 0.51616 1.25342 0.187673 0.418604 -0.731619 -0.0771339 -0.773657 -1.27694 0.212991 0.651268 0.746125 0.193049 0.564485 -0.206267 -1.07553 -1.00986 -2.75232 -2.06035 -1.50459 1.07185 1.61725 
-1.05586 -0.22711 0.475273 -0.575785 1.13854 1.36776 1.48036 1.29148 0.914559 -0.36111 0.669671 -0.983036 -0.230097 0.0133201 0.0867072 0.0453833 -0.223587 0.0906337 -0.118011 -0.100016 -0.292136 -1.06644 -0.542217 -0.644381 0.406282 1.63357 0.139976 0.129677 0.174442 0.134911 -0.990596 -0.814204 -2.59749 -0.802315 -0.462852 1.19383 -1.52321 -0.14374 1.92251 
-1.03951 -0.206854 0.595016 -0.850181 0.610715 0.770109 0.296982 0.724093 0.449151 0.169581 0.154404 -0.446044 1.59865 0.0671429 0.0647534 0.00678843 -0.0330158 -0.684292 -0.298044 -1.34407 -0.614642 -0.0442474 0.462212 -1.60034 -0.917397 0.645571 -0.0516497 -0.191196 -0.0874238 0.699065 0.154005 0.291893 0.50282 0.730845 1.77594 -0.0290094 -0.463691 -1.34233 -3.15819 
-0.988721 -0.162356 0.482061 -0.608801 0.454253 1.06972 0.136295 0.676837 0.870311 0.101102 -0.930672 -1.90043 0.415474 -0.0383296 -0.104489 -0.0420405 0.475479 0.244639 0.173882 0.402803 0.438708 0.709496 -0.571227 -1.10807 -0.936051 -1.52462 -0.105473 0.00144227 0.25935 0.129164 1.1306 0.129499 1.69145 0.963135 0.688607 0.0975575 1.85685 2.47851 -0.905871 
-1.07784 -0.311343 0.552976 -0.374702 0.855355 0.943991 0.699786 1.1628 1.15865 -0.401646 -0.953668 -1.3821 0.0740223 -0.0383302 0.0661956 0.266138 0.0961484 0.446311 -0.168545 0.347388 0.348493 0.64436 0.55977 0.256508 1.56112 -0.2603 0.0488049 0.200326 0.169413 -0.506588 0.0702575 -0.234993 -0.902474 -0.55284 -0.452837 1.94918 2.2072 2.01638 2.3653 
-1.02705 -0.0961607 0.748199 -0.512653 0.900563 0.901174 0.483682 1.02533 1.51467 0.660872 -0.674163 -0.339317 0.155174 0.0104753 0.0958377 0.127373 -0.0311095 0.314897 -0.0611113 -0.499671 -0.114132 0.256659 1.37795 1.09913 1.08033 0.840676 -0.00701016 -0.247383 -0.537399 -0.203736 -0.873612 -0.0810188 -0.44355 -0.491853 -2.38855 -1.00371 0.45226 -2.06421 0.754088 
-1.06737 -0.215505 0.680349 -0.405812 1.17025 0.88288 0.200115 1.04867 1.41531 0.976306 0.145458 -0.301763 0.914698 -0.0453404 -0.181188 -0.271261 -0.107588 -0.427302 -0.249564 -0.0961624 -0.14336 -1.74419 -0.443942 0.708768 -0.503093 0.493789 -0.0353523 -0.136702 -0.44347 -0.508865 -1.40341 -0.315232 0.806748 0.365999 -1.02009 -2.13794 0.36832 -1.42592 -1.12091 
-1.07239 -0.277348 0.476938 -0.620241 0.473262 0.65161 0.38752 0.88197 -0.229519 0.21693 0.0346048 -0.84241 0.648963 -0.0248769 -0.0408641 -0.316097 -0.539974 -1.08852 -0.376343 0.307077 0.251867 -0.763429 -0.75999 1.46745 -0.345588 -0.280234 0.0797058 0.00808943 0.0771621 -0.20818 0.499291 0.325632 0.288368 0.412232 2.55281 0.513102 1.81609 2.11157 -0.094933 
-1.09224 -0.256369 0.364251 -0.945786 0.081734 0.506537 0.507192 1.30054 0.651877 0.216316 1.6129 -0.647351 0.634464 0.0343655 -0.173098 -0.194099 -0.315769 0.0719899 0.0760685 0.192206 0.268872 0.808618 0.0691598 2.52486 1.60848 0.398856 0.0286058 0.0685489 0.498136 0.744476 1.75683 0.718195 -0.554946 -0.92858 0.579685 0.789186 -3.1563 0.384426 0.357384 
-1.03803 -0.450446 0.282839 -0.93601 0.545252 0.727678 0.579726 1.15084 0.579099 0.28609 2.55946 0.766066 1.04782 0.00372884 0.0276848 0.182039 0.204502 0.66831 0.341851 -0.247869 -0.676712 -0.183744 0.0291963 -1.68886 0.0388383 0.0771499 -0.050941 0.308862 0.43119 0.307289 -0.135571 -0.0385764 -0.740389 -0.803997 -0.389108 0.272396 -5.63195 -3.03913 -0.990762 
-1.08851 -0.228684 0.546291 -0.741284 0.750044 0.848388 0.259324 0.623825 0.468133 0.245513 -0.0759534 -0.608513 0.711614 -0.0165755 0.135764 0.237091 -0.00847963 -0.0635811 0.0374921 -0.548183 -0.535125 0.41951 0.341556 -3.10709 -1.43066 -0.591906 0.0838994 -0.159328 -0.125975 -0.279913 -0.958735 -0.476167 -0.0878695 1.05879 0.89893 0.518281 1.81041 0.536036 0.555592 
-1.0546 -0.314683 0.519931 -0.944489 0.48167 0.76517 0.0315432 0.615716 0.998609 0.627645 -0.547629 -0.664593 0.455912 0.0876283 -0.131644 0.0560642 -0.0754113 -0.290424 -0.134315 -0.335738 0.382079 0.715186 0.547478 0.121557 0.574874 0.632742 -0.00185297 -0.118864 -0.194892 0.2997 0.176939 -0.152742 0.952893 0.78414 -0.416734 -0.611372 2.68708 0.821861 0.665083 
-1.00089 -0.360328 0.602355 -0.816696 0.45962 0.714073 -0.0764144 1.0059 1.18332 0.79299 0.0456033 -0.0336387 1.34436 -0.0184285 0.0169 0.0421991 0.291221 0.113358 -0.11525 0.40471 0.249015 0.0027762 -0.269816 -0.420009 -0.608798 0.0731772 -0.234203 0.139632 -0.0437889 0.0794424 0.58814 0.673044 1.32667 -0.411258 -2.01317 -2.18522 0.0878024 -1.29535 -3.52224 
-1.07303 -0.297783 0.56213 -0.653268 0.595029 0.64992 0.436254 0.864731 1.00139 0.357829 -0.967639 -1.27339 0.529089 -0.146574 0.00798822 0.0122753 0.00403111 0.297716 0.538729 0.990934 -0.029179 -1.29798 -1.63774 0.209359 -0.720477 -2.88949 0.0759698 0.124444 -0.00538021 -0.403711 0.333308 0.388324 -0.596914 -0.400744 -0.408653 0.100987 2.96592 1.7178 -0.214973 
-1.14746 -0.35234 0.61463 -0.812665 0.757336 1.2528 0.914519 0.976725 -0.114662 -0.84475 0.254962 -0.754116 -1.54514 0.0575413 0.141344 0.0368189 -0.11249 0.446666 0.273074 -0.192204 -0.15173 -0.405877 -0.168829 2.54592 1.109 -0.141796 0.188308 -0.0192783 0.0245636 0.130756 -0.0907657 -0.787476 -0.869445 0.514925 2.54944 1.95655 0.0723289 0.69158 3.82746 