0 0 0 0 0 0 0 0 0 0 0 0 0 -1.62169 -0.915161 1.17907 0.163295 0.920495 1.22221 0.813562 0.497097 -0.487926 -1.0656 -0.704395 0.402357 -0.498446 -0.768127 -0.927025 0.925122 0.20282 1.25912 1.22866 0.91904 1.14913 0.264542 -0.811939 -0.930411 0.179081 -0.138183 
-1.62169 -0.915161 1.17907 0.163295 0.920495 1.22221 0.813562 0.497097 -0.487926 -1.0656 -0.704395 0.402357 -0.498446 -0.768127 -0.927025 0.925122 0.20282 1.25912 1.22866 0.91904 1.14913 0.264542 -0.811939 -0.930411 0.179081 -0.138183 2.45229 0.886686 -1.70246 -0.313205 -1.08247 -1.95942 -1.0681 0.204234 1.50006 2.84656 1.41639 -0.583803 2.92886 
-0.768127 -0.927025 0.925122 0.20282 1.25912 1.22866 0.91904 1.14913 0.264542 -0.811939 -0.930411 0.179081 -0.138183 0.830598 -0.0284751 -0.523391 -0.14991 -0.161977 -0.737212 -0.254535 0.701331 1.01213 1.78096 0.711999 -0.181446 2.43041 0.726091 0.908602 -1.32085 -0.614703 -2.0819 -1.78743 -1.46692 -1.65445 0.100402 1.39919 1.60666 -1.29069 0.563482 
-0.791096 -0.943637 0.655675 0.0133858 0.758518 0.484995 0.559026 1.19843 0.524203 0.715358 0.00760447 0.220911 1.93197 -0.0420359 -0.0184233 -0.39573 -0.411883 -0.822778 -0.558778 -0.547881 -0.505318 0.364943 0.587252 0.676248 -1.11161 0.4253 -0.864872 0.0364705 0.632699 0.480491 0.0173435 1.01864 0.0710972 -1.65825 -0.913016 -1.52643 0.423608 0.677692 -3.59817 
-0.810163 -0.945448 0.529392 -0.209062 0.436339 0.669878 0.371159 0.643815 0.629485 -0.224687 -0.254163 -0.932528 0.287117 -0.0342741 0.00799539 0.109308 0.330581 -0.144634 0.281428 -0.183438 -0.95692 0.0991134 0.254529 1.13561 0.496245 -1.16776 -0.0544022 -0.0148605 0.488607 0.489744 0.75222 0.458643 1.27268 1.75673 0.259794 0.0321801 -0.0964813 2.02405 -0.334907 
-0.825371 -0.935641 0.764983 0.343967 0.613884 0.766422 0.375588 0.241508 0.623317 0.969886 1.14321 0.717157 0.764212 -0.0964381 -0.0332838 0.0928766 0.0778615 -0.0705584 -0.100135 0.724801 1.25141 0.624738 0.619432 0.579767 0.912441 0.0903925 -0.00209851 -0.175541 -0.779845 -0.646207 0.593059 0.248627 0.53914 1.6215 0.279282 -0.398604 -0.925461 -0.392949 0.157966 
-0.906601 -0.978732 0.622269 -0.131201 0.365781 0.569743 1.09596 1.89522 1.25422 0.394745 0.325604 -0.0200862 0.377509 -0.0363726 -0.167546 -0.670537 -0.315626 0.448425 0.530054 0.355702 0.664575 0.378395 -0.144075 0.210146 0.103297 -1.00979 0.178031 0.200137 -0.178842 0.180707 0.662038 0.288825 -1.20347 -2.29363 -1.3877 0.45797 -0.678374 -1.66268 -0.637748 
-0.861743 -1.10319 0.0944463 0.028341 1.06231 1.29648 0.73129 0.906084 1.00171 0.825811 1.35336 0.820453 -0.24558 0.0815927 0.166853 -0.0859651 0.258569 0.59148 0.18869 -0.478671 -1.04222 -0.762963 1.0774 -0.0986076 -0.750236 -0.547355 0.12944 0.400526 0.988891 -0.142326 -0.885085 -1.35737 -0.866299 -1.38505 -0.416149 0.0307612 -1.93967 -0.588387 1.62395 
-0.825008 -0.811878 0.536304 0.127368 0.957261 0.758433 0.617289 0.853003 0.491259 1.47215 0.226996 -0.770323 -0.169846 0.0930675 0.23298 0.318354 -0.457952 -0.43666 -0.827315 -0.510597 -0.720474 -0.0377537 -0.113314 -1.72953 -0.48509 0.614162 -0.163013 -0.401668 -0.0682005 -0.609392 -0.887188 -0.163667 0.68504 1.19561 1.03358 -1.05647 1.56167 1.83217 1.25961 
-0.768676 -0.870207 0.412801 -0.429611 0.625648 0.469161 0.220694 0.185609 0.963958 0.712497 -0.376171 0.335363 0.368582 -0.0814206 -0.234814 -0.154166 -0.350823 -0.295709 0.0250228 0.206369 0.15339 0.270617 0.0209267 1.46306 1.08193 0.712259 -0.168619 -0.287285 -0.479993 0.81686 0.483949 1.34773 1.03443 0.953092 -0.602286 -1.44956 1.48862 -0.68659 -0.74464 
-0.906429 -1.04669 0.382138 -0.223455 0.661552 0.783456 0.823659 1.00639 0.761877 1.49307 1.69006 0.311607 0.542413 -0.0755515 -0.0543043 -0.161639 0.358908 0.047289 0.520418 0.523832 0.232618 -0.64004 -1.56287 -0.240906 -1.17168 -0.130478 0.194021 0.312511 0.294283 0.336236 -0.0922167 -0.442115 -0.816962 -0.373512 -0.868398 -1.90506 -2.33319 -0.667222 -0.0825671 
-0.844227 -0.924511 0.251161 -0.0707025 0.672937 0.989579 0.744525 0.418227 0.323918 -0.850376 -0.617076 -0.836317 0.238105 0.112601 0.0776968 0.140117 -0.0145865 -0.387925 -0.417093 -0.610593 -0.220122 -0.59778 -1.88413 -0.870127 0.414708 0.629692 0.0623868 0.0307623 0.64158 -0.204647 -0.245142 -0.687089 -0.573855 0.505716 0.835303 3.17147 1.92588 2.3862 0.839326 
-0.793828 -0.968996 0.522255 -0.238041 0.273627 0.366364 0.213065 0.78627 0.164097 -0.391061 0.81993 0.726314 1.1721 -0.0131647 -0.0235419 0.479941 0.154261 -0.197853 -0.166671 -0.0500234 0.738334 0.195263 1.60859 1.68497 1.21452 0.708848 -0.0586526 0.0816009 0.0220815 0.575518 0.588318 0.843108 0.231297 0.645267 1.54016 1.70141 -0.76531 -2.66285 -1.99931 
-0.857392 -0.948053 0.731102 0.0835586 0.475084 0.822907 0.694502 1.15656 0.519181 0.758218 1.0679 0.378206 0.946953 0.0539482 0.159298 0.162199 0.560932 0.200393 0.426016 -0.379296 0.425145 0.942378 -0.182722 -1.63544 -2.24815 -1.36962 0.252245 0.232199 0.0995307 0.294977 0.174289 0.24762 -1.35897 -1.3313 -1.06571 -3.31915 -3.8908 -3.91995 -1.16548 
-0.73988 -0.809698 0.684454 0.32289 0.47402 0.792379 -0.166231 1.21142 1.10647 -0.573783 -0.815507 -1.52183 -0.197516 0.239081 0.208657 0.579472 0.449238 -0.0235639 0.0809489 -1.409 -0.592962 -0.870444 -1.71055 -2.20583 -2.70543 -0.456629 0.0973179 -0.223312 0.302611 -0.679983 -0.634546 -1.11735 -0.301034 -1.21286 -3.46105 -1.29625 0.31774 1.48699 1.66918 
-0.618311 -0.739396 1.31057 0.532796 0.451521 0.903856 -0.714493 0.563599 -0.351263 -0.952333 -1.13793 -2.32722 0.490324 0.151266 -0.0640141 0.464809 -0.119052 -0.434154 -0.691339 -0.68033 -0.78772 -2.51867 -1.47897 -1.3177 -0.761155 0.299561 -0.0856909 -0.161769 -0.517416 -0.477335 -0.240451 -0.350605 1.38511 0.41662 0.938361 0.987553 2.40175 4.37042 -0.0973313 
-0.588614 -0.873712 1.14926 0.203839 0.0398661 0.101041 -0.846561 0.423696 -1.4122 -2.05275 -2.1332 -2.28299 0.102045 0.15339 0.046888 0.0620561 -0.0280969 -0.264015 -0.269656 -0.0238832 -0.176342 0.067917 -0.722998 0.195925 1.66499 -0.55396 0.0514165 0.377066 -0.349111 0.355011 0.701021 2.05351 0.966723 -0.0349022 2.89464 1.61944 2.94874 2.4728 0.405702 
-0.464921 -0.692508 1.37263 0.5047 0.187505 0.6342 -0.738376 0.387257 -0.283346 -1.67533 -0.942007 -0.662235 -0.0636368 0.202683 0.313052 0.115699 0.235959 0.266868 1.36217 0.286393 -0.822622 0.37597 0.140474 1.63104 1.71164 0.705263 -0.0170147 0.108158 -0.199514 0.144118 0.162907 0.417313 0.276648 -0.992217 -0.282641 0.599784 0.397525 -1.2537 1.31659 
-0.385931 -0.56066 1.26496 0.439798 0.306734 1.46321 -0.560167 -0.398926 -1.03623 -1.91228 -0.502166 -0.571345 0.807308 0.136375 0.155046 -0.137458 0.116022 -0.101108 0.147657 0.252764 -1.16856 -0.214724 -0.123214 0.59345 0.411287 0.76263 -0.0620802 -0.235638 0.0320976 0.5157 0.164299 -2.59315 -0.80958 1.13838 0.744834 0.481547 -1.36689 -1.12088 -1.3412 
-0.328546 -0.537462 1.23517 0.620721 0.0863968 0.781857 -0.485612 -0.781302 -0.49807 -1.79855 -0.348557 -0.250948 0.698994 0.140602 0.0774144 0.147797 0.751659 0.431166 -1.23098 -0.523186 0.315756 1.1208 0.622022 0.264145 0.590759 -0.635935 0.137241 0.0266137 -0.434217 0.669306 0.70356 -1.09626 -1.94643 0.987808 0.207618 1.52678 -0.196197 -1.30592 0.127494 
-0.245329 -0.483245 1.41276 1.19146 0.7379 0.232226 -1.08335 -0.0831702 0.0845761 -1.29025 -0.238021 0.0194143 0.171373 0.273616 0.18166 -0.571675 0.785328 0.602452 -0.948606 -1.69367 -0.18075 -0.0071063 1.40357 0.397253 -0.89463 0.890125 0.980571 0.775195 -1.85653 0.310129 -0.843983 -0.547242 -0.30294 -0.873912 -0.658828 0.92759 -1.90605 -1.31532 1.23094 
-0.0549299 -0.355802 0.663497 1.40605 0.688849 -0.166749 -2.17928 -0.962053 -0.505176 -0.394976 0.0486965 -1.14558 1.58912 1.12117 0.852609 -1.70873 1.06179 -0.412816 -1.77823 -0.826126 -0.558156 0.461976 1.54961 -1.6419 -0.724563 0.595006 1.08374 0.433074 -0.772535 -0.0438155 -1.04123 -0.857545 2.19186 -0.572287 1.33032 -0.970112 -2.00806 2.16095 -1.49977 
0.875845 0.369364 -0.295972 2.25325 0.325084 -1.546 -1.90948 -0.641326 0.546552 0.259357 -1.87992 -0.705149 0.766379 1.35736 0.614734 -1.34421 0.741512 -0.438777 -1.80615 0.498192 -0.753037 1.32321 0.433457 -1.61081 1.26632 -0.609648 -0.559882 -0.93938 0.874726 -0.644505 -0.774446 1.44537 0.957877 -0.825974 0.657792 -2.57329 2.0692 2.17748 -0.565186 
1.30243 0.258931 -0.680713 2.14756 0.250071 -1.9729 -1.68109 -1.71509 0.818034 0.038481 -1.56211 0.120737 0.979471 0.561291 -0.086771 -0.834005 0.417283 -1.18726 -0.332856 0.131751 -1.38413 1.11977 -1.02368 0.427295 1.45292 0.0298194 -1.02103 -0.841733 0.934144 -0.457444 -0.712872 1.68921 -0.875516 0.960542 -0.133847 -0.601936 1.86294 -0.989594 0.192966 
1.43714 0.282593 -1.12998 2.67053 -0.862178 -1.87886 -1.77773 -2.02546 1.66632 -0.764321 -1.45263 0.747768 0.796199 0.336336 -0.227 -0.410065 0.284068 -1.15165 -0.116939 -0.377324 0.207504 1.18936 -0.168479 0.252133 0.276721 -0.416682 -0.283206 -0.0379668 0.300551 -0.838547 0.523909 -0.035567 -0.0804005 1.7951 -0.679364 1.94198 -0.582359 -1.49496 -0.272828 
1.63877 0.0319319 -1.09078 2.43163 -0.901578 -2.08984 -2.05841 -1.50759 2.0074 -0.129998 -1.30998 0.397458 0.562789 0.278085 -0.124738 -0.533454 -0.421264 -0.663353 -0.368423 0.0513502 0.41097 0.440404 0.918305 -0.155063 -0.0420473 -0.243009 -0.266988 0.497734 -0.653772 -0.881412 0.521955 0.126449 1.1753 -0.742657 -1.79114 -0.412708 -0.232186 -0.534679 0.00613538 
1.71522 0.157855 -1.66343 2.24926 -1.52553 -2.24728 -1.72638 -1.61449 2.10672 0.153984 -1.60769 0.705721 0.55319 0.0693475 0.270734 -1.06384 -0.597344 -0.629694 0.00951024 0.797971 -0.535152 -0.601782 -0.581187 0.0199466 -0.257958 -0.410546 -0.347871 0.639842 -0.134531 0.0922837 1.02801 0.913126 0.639175 0.139258 -1.5668 -1.21947 0.896737 -1.33217 -0.495296 
1.70811 0.302666 -2.15462 1.83428 -1.53127 -2.08033 -1.26044 -2.04274 1.40561 -0.711185 -1.29004 0.1395 0.152243 -0.069786 0.515104 -0.667984 -0.328981 0.364654 0.544703 0.690525 0.550227 -1.1264 -0.301164 0.741673 -1.37422 -0.738305 -0.0828416 -0.0946207 1.08048 0.0918074 0.918425 0.353869 -0.596143 1.14039 0.00625193 1.17027 0.349005 -0.557551 -0.345786 
1.64544 0.672959 -2.33142 1.92028 -1.16088 -1.70258 -1.03585 -1.06426 0.980327 -0.14718 -0.866017 -0.668498 -0.185115 -0.0134941 0.176114 0.0166453 -0.505537 0.28873 0.36338 0.201828 0.605236 -0.59553 0.589088 0.368951 -0.815509 -0.756332 0.0694694 -0.618626 0.905874 -0.955066 -0.627461 -0.164176 -0.508044 -0.948742 0.747076 0.776559 -0.476859 1.11686 -0.235201 
1.69462 0.47878 -2.13797 1.32875 -1.24254 -1.71695 -1.05861 -1.4375 0.810083 -0.122098 -0.921084 -0.676009 -0.60409 -0.000316661 -0.103522 0.237889 -1.28405 -0.262807 0.380527 0.182481 -0.398515 -0.379321 0.475395 0.264814 -0.257359 -0.973506 -0.0582572 0.269988 0.135134 -0.243278 -0.10592 0.490024 0.866404 -0.356206 0.197746 -0.311697 0.770987 0.139758 -0.263914 
1.64512 0.569437 -2.09353 0.636236 -1.42368 -1.32205 -0.853372 -1.46277 0.601005 0.328215 -0.601203 -0.925857 -1.15862 -0.0717513 0.446101 0.151779 -0.748816 0.18281 0.853404 1.06823 0.24903 -0.397784 0.27739 1.13994 -0.675752 -1.02025 -0.0364152 0.545582 -0.355387 1.16318 0.287706 0.0373183 0.897175 0.409863 -0.630722 -0.608385 -0.00174852 0.0189381 0.445635 
1.62287 0.924881 -1.98619 0.579932 -1.05973 -0.863544 0.00962129 -1.18847 0.412299 0.155293 0.218855 -1.35176 -1.62434 -0.0367318 0.44206 -0.117498 -0.120868 0.0248988 0.417845 1.07966 0.0113477 -1.01004 -0.13299 0.263066 -0.238421 -0.527871 0.0703255 -0.359579 -0.49951 0.71194 -0.835603 -0.748352 -0.236245 -1.06781 0.22337 0.627131 -1.36655 1.69025 0.90621 
1.60839 1.0115 -2.21102 0.515368 -1.39879 -0.904207 0.226283 -1.45143 -0.409038 0.195225 -0.338137 -1.16428 -1.68649 -0.00142581 0.086522 -0.34773 -0.0368752 -0.652793 0.105052 0.831987 -0.818784 -0.174414 0.904521 -0.226615 1.0145 -0.114037 0.0539015 -0.540017 0.438555 -0.298182 -0.168798 -0.286814 -0.516451 -0.0454045 0.751844 1.11287 0.952862 0.792692 0.466466 
1.62144 1.0114 -2.33392 0.543057 -1.71252 -0.758493 0.841609 -2.00726 0.237885 1.05981 -0.00775973 -0.337265 -1.73837 0.0171696 -0.097957 0.321057 -0.41905 -0.143899 0.131031 0.563205 -0.0340568 -0.258199 0.979879 1.21593 0.55427 -0.0614052 -0.0481484 -0.107095 1.15652 -0.34743 0.773082 -0.156308 -0.609433 1.5609 -2.43393 0.539755 1.77487 -0.884302 -0.101205 
1.62556 0.913541 -1.88997 0.0963179 -1.54268 -0.773176 0.789488 -1.48548 -0.667237 1.1751 0.877791 -0.610008 -1.7479 -0.0495742 -0.0205725 0.80879 -0.384305 0.12029 -0.0512565 0.222554 0.74212 -2.60834 1.44428 1.54826 0.130193 -0.215242 -0.131818 0.196908 0.309129 0.429302 0.132734 -0.534105 0.4645 -0.313779 -1.22893 0.850497 0.0942227 -0.46475 0.531009 
1.57187 0.99083 -1.52513 0.158751 -1.59223 -0.809749 1.06416 -1.26514 -2.37046 2.50409 1.5405 -0.207072 -1.95361 -0.114648 0.0989506 0.630186 0.0102517 -0.011165 -0.403074 1.0277 -0.347836 -1.48713 1.83038 1.31015 0.0895207 0.469604 -0.130675 -0.0277264 -0.505725 -0.042837 -0.700989 -1.06996 -0.188202 -1.80028 2.31223 -1.72489 -2.51661 -2.39639 -0.0232149 
1.51091 1.01249 -1.25978 0.10657 -1.55385 -1.17625 1.81719 -1.83332 -2.15437 3.00548 2.18794 -0.520487 -1.27829 -0.18025 -0.0482989 0.303065 -0.427142 -0.580699 -1.12122 0.0343527 -1.05816 -0.296108 -0.28061 -0.968347 -2.2662 -0.238457 0.0243041 0.132287 -0.567944 0.200306 -0.148388 -0.124177 -1.60859 1.18577 1.49199 -3.46665 -1.29545 -0.476524 -0.911008 
1.39162 0.942531 -1.22207 -0.268391 -2.17293 -1.93096 1.09852 -2.3233 -2.66656 2.22348 0.572153 -2.47327 -2.19207 -0.0903443 0.231238 0.0622415 0.210557 -0.159553 -0.527251 -0.580881 0.837939 0.00485724 -1.63628 0.0147019 -0.387003 -0.441404 0.148494 0.694301 -0.308058 0.2062 2.44532 1.46486 -0.810207 3.13392 1.00183 -1.55718 2.76197 5.7969 0.931622 
1.42056 1.24373 -1.19754 0.317127 -1.7134 -1.7035 1.23631 -0.995381 -2.14951 1.3692 2.20264 -0.907491 -1.7197 -0.0317557 0.646002 -0.00499214 -0.220942 1.86462 0.343646 -0.775854 2.07575 0.70572 -1.83779 1.79362 3.53071 0.693166 -0.0775773 0.234628 0.0926057 -1.71419 2.31593 1.12351 -1.74677 -0.439139 0.255711 -0.97377 -0.496254 3.72266 0.783662 
1.35986 1.58853 -1.22706 -0.489333 -0.308311 -1.58732 0.322661 -0.247548 -1.96084 0.385687 2.36577 1.05743 -1.49891 -0.167922 0.465866 0.154847 -1.50363 2.15638 0.596256 -2.32765 0.3988 0.260568 -2.61005 -0.481552 3.33566 0.342258 -0.0822112 -0.44448 0.489699 -0.911794 -0.832831 0.488707 -0.866811 -2.36694 0.411219 0.880504 -2.875 -2.56691 0.25998 
1.25264 1.7096 -1.04269 -1.18651 0.442977 -1.10725 -1.09133 -0.596581 -1.88894 -1.24084 1.72109 2.42817 -1.37744 -0.113967 0.201522 0.484707 -1.13274 1.03179 0.832353 -1.64267 -0.291192 1.11694 -0.957288 -1.08138 0.963792 0.953146 0.0791154 -0.373653 0.389244 0.783948 -1.57801 0.155826 1.71049 -0.445642 1.2239 3.92822 -0.400958 -4.39831 1.25587 
1.2459 1.79005 -0.742351 -1.62207 0.72348 -0.754966 -1.32 -0.538739 -0.843906 -0.571601 1.2844 2.02123 -0.54576 -0.0888062 0.0922137 0.544091 -0.719686 0.578365 0.752082 -0.617161 -0.0468425 1.48447 1.31818 -0.88251 -1.06265 1.59813 -0.0667237 -0.139029 -0.355509 1.17812 -0.834692 -0.37346 1.00627 0.0116651 -0.989878 1.62311 0.815719 -2.4706 -0.363844 
1.16384 1.80181 -0.498601 -1.90619 1.02134 -0.355163 -1.7085 -0.643423 -0.404471 0.0773345 0.838581 1.36552 0.220691 -0.180691 0.0624925 0.129198 0.0453885 0.197099 0.458894 -0.636396 -0.279526 0.127061 0.665818 -0.265657 -1.50681 0.589302 -0.044908 -0.244799 -0.662786 1.24308 -0.730933 -0.740245 0.289462 0.229068 -1.61829 -1.24717 1.50594 1.11622 -2.5825 
1.06521 1.85255 -0.613153 -1.57668 0.920579 -0.296073 -1.9564 -0.818266 -0.716845 0.0942169 1.01874 0.514419 0.043542 -0.133714 -0.152585 -0.118695 0.523394 -0.152568 0.0118375 -0.327699 0.182225 -0.133822 0.0710072 0.623426 0.0535769 -0.984372 0.105471 -0.37225 -0.187229 0.0279926 -0.21981 -0.37901 1.16755 0.637943 -0.120011 -1.7627 -0.0404378 2.85489 -1.29465 
1.03012 1.64922 -0.617296 -1.3828 0.868774 -0.343325 -2.03619 -0.461198 -0.538294 0.148342 1.46201 1.4191 -0.76368 -0.0752199 -0.309757 -0.0580311 0.0733811 -0.0227112 0.0798839 0.531157 0.358416 0.00705019 -1.09688 -0.306095 1.34808 -0.705347 0.127488 0.0496187 0.066446 -0.632654 -0.191545 0.362273 1.43189 0.0322613 0.347378 -1.96569 -1.35276 0.567852 0.989671 
0.989986 1.54279 -0.671184 -1.5033 0.897867 -0.216189 -1.42524 -0.459849 -0.709795 -1.00267 0.712643 1.8625 -0.661805 -0.00622641 -0.102966 -0.0522488 -0.10926 -0.344113 0.374111 1.10419 0.214487 0.213555 -1.89468 -0.729338 0.621429 0.00529911 0.0487297 0.444106 0.171369 0.32368 -0.647643 -0.490008 -0.199233 0.622611 0.0258625 0.91852 0.279732 -0.849281 -0.642221 
1.0239 1.54626 -0.669545 -1.49206 0.524661 0.0307856 -0.932 -0.246711 -0.324738 -1.74634 0.732669 2.04053 -0.758381 -0.0264902 0.134349 0.113338 0.397061 -0.670355 -0.410124 0.331925 0.981027 0.0329127 -0.178363 -0.0263629 0.498802 -1.34757 -0.17428 0.220886 0.942059 0.119113 -0.342281 -0.717788 -0.891816 -0.185217 -0.438461 4.39442 1.58171 -1.98877 -1.51186 
0.963496 1.67714 -0.557846 -1.10624 0.227513 -0.626313 -1.09332 0.521178 -0.676882 -1.18103 0.68628 2.3613 -2.00937 -0.180506 0.11792 0.88981 0.00985287 -0.686394 -0.343677 0.212378 0.0292692 -0.224905 2.49974 0.85237 -1.36735 -1.50656 -0.263388 -0.210138 0.636261 -1.15117 -0.848346 0.173382 -0.322442 -1.98971 -0.337553 1.35737 0.0140751 -3.74133 0.785914 
0.843389 1.66418 0.220266 -1.48221 -0.161733 -0.312892 -0.719622 -0.217442 -0.549644 0.7534 1.58504 0.673182 -2.26494 -0.289878 -0.0757894 0.749599 -0.754108 -1.5187 -0.236743 0.00948264 -1.00868 -0.304641 1.17901 -0.0122878 -3.24253 -0.561655 0.104639 -0.192353 -0.845455 0.016689 -0.446805 0.474078 1.68751 0.25435 -0.451088 -2.78777 -1.54922 0.600174 4.71875 
0.673617 1.60135 0.191754 -1.86035 -1.29119 -0.863056 -1.08384 -0.487505 -0.981522 -0.00202122 0.673993 -0.881223 -2.57103 -0.0758671 -0.0744333 0.0443557 0.0265419 -1.1332 0.130401 1.89989 0.283619 -0.675993 -0.288034 -0.696852 -0.767171 3.2122 0.373439 -0.342243 -0.787493 1.80638 0.741457 0.41236 2.67655 1.76288 -0.670102 -0.899604 -0.777386 2.95131 4.99262 
0.767522 1.58974 0.264621 -1.45567 -1.29493 -0.182491 1.18027 0.0661772 -1.22564 0.465366 0.888187 -0.0939897 0.947257 0.0835612 -0.418032 -0.0378935 1.05227 -0.777244 0.175617 2.68603 0.754196 -0.974743 0.279404 -0.789674 -0.291222 4.43097 -0.0575192 -0.341569 -0.0653435 0.433585 1.23374 0.149168 -1.65718 0.128295 0.820102 0.965047 -0.376076 0.111442 -2.936 
0.757179 1.18332 0.15386 -0.80808 -2.06843 -0.687438 1.60219 0.266692 -1.95627 0.277383 -0.115681 -1.17244 1.85994 -0.133386 -0.416002 -0.0209878 0.460127 0.100542 0.279569 0.242713 0.411914 0.144108 0.677013 -1.07293 -0.65573 0.276199 -0.336073 0.197519 0.45556 -0.934868 1.82783 1.07875 -3.60969 -0.475776 3.52167 -0.287592 0.281223 1.13263 -5.31553 
0.634136 1.17374 0.243634 -0.995538 -1.19439 0.0970783 1.42298 0.478091 -1.08153 1.14238 -0.184741 -0.74972 1.22346 -0.252512 -0.220514 0.417666 0.117399 1.05058 1.25437 -0.923659 0.27842 2.54693 -0.00818732 -0.50845 0.841413 -0.884565 -0.0870788 -0.110339 0.31673 -1.01068 -0.476131 0.0710611 -1.18872 -0.684768 1.10231 -2.43415 -0.0351291 0.93811 -1.21452 
0.504667 0.962803 0.571526 -0.690681 -1.01785 0.566932 0.678533 0.545112 0.590663 0.269196 -0.624132 -0.331032 0.975374 -0.220465 -0.526341 0.295742 -0.55055 -0.375589 0.35063 -0.946009 -0.272854 1.24642 -1.75714 -1.10806 0.28238 -0.93832 -0.173549 -0.396891 -0.253303 -0.234706 -1.20705 -1.64407 0.416786 -0.117821 -2.94333 0.934422 1.29995 0.0173009 -0.251096 
0.413671 0.647402 0.539376 -1.54609 -1.56998 0.447708 0.476972 0.205237 0.164891 -0.614758 -1.2928 -0.467339 0.285135 -0.426061 -0.617405 0.164363 -0.117307 -0.15647 -0.389698 -0.506873 0.160599 -0.396404 0.926234 0.791501 0.858714 -1.13566 -0.305768 -0.0568141 -0.387323 1.28107 0.683443 -0.50501 1.18161 1.13851 -1.58226 2.19708 2.50727 0.942551 1.37835 
0.0786055 0.345399 0.735889 -0.807989 -1.17432 0.177233 0.171659 0.705711 0.194259 1.19543 0.16737 0.527682 -0.160287 -0.526233 -0.583155 -0.0915808 0.730521 0.307854 -0.15438 0.235601 0.865659 -0.335842 0.439942 1.39922 1.22493 0.44003 0.0170222 0.141531 -0.544377 -0.261747 0.0497411 0.428373 0.713135 -0.0592291 -0.0965236 -3.70926 -0.794768 -1.52826 2.0206 
-0.112562 0.0642466 0.447795 -0.815567 -1.26212 0.293328 0.712573 1.0709 -0.170951 -0.174816 0.106417 0.757592 0.725165 -0.409039 -0.475874 -0.380014 -0.379055 -0.106729 0.0386745 0.206262 0.10137 -0.492927 -2.78303 -0.00326636 -0.669548 0.884934 0.149839 0.172077 0.165936 -0.400043 0.426685 -0.246331 -0.528134 -1.87014 -0.431746 -1.35322 -1.88666 -2.4075 -0.469671 
-0.330434 -0.130475 0.355874 -1.18704 -1.28105 0.215908 0.377921 0.807081 -0.298668 -1.5876 0.164103 -0.141865 0.724647 -0.376394 -0.411078 0.0743555 0.330478 0.734539 -0.400711 -0.292533 -1.00448 -0.767588 -0.913277 -0.487447 -1.18257 -0.0296407 0.143077 -0.204444 0.409311 1.21798 1.75883 0.340688 0.414433 0.081365 0.941635 3.8109 -0.984489 0.547761 -1.64502 
-0.488956 -0.346831 0.52215 -0.485089 -0.527586 -0.107383 0.420039 0.066416 -0.938538 -1.08809 -0.381029 -0.424977 0.695524 -0.265962 -0.680318 0.0292964 0.838925 1.6521 0.379362 0.620695 0.182735 0.448708 1.02787 -0.987755 -0.121787 -0.760083 0.313784 0.0594573 0.279084 -0.0932379 -0.191036 1.1987 0.195245 2.08751 2.22974 2.93826 1.21974 2.37691 -1.28996 
-0.596396 -0.810793 0.385171 -0.348119 0.371048 0.59527 0.998616 0.989816 0.15004 -0.559725 -0.823652 -0.263652 -0.0354355 -0.0626103 -0.35162 0.353439 0.23724 0.543503 0.797994 -0.0972887 1.08303 1.46215 2.02498 0.732295 1.19434 -1.3196 0.236549 0.620692 -0.0235585 -0.5067 -1.30672 0.0349641 -1.04947 0.0889018 0.505735 -0.595717 0.432936 -0.536345 1.01271 
-0.551567 -0.698451 0.87559 -0.247848 0.0159172 0.690611 0.32275 1.14945 0.523612 0.936886 0.351266 0.76936 -0.624081 -0.0294128 -0.0596254 0.00573788 0.332225 0.345382 0.414326 -0.428771 0.271637 0.954443 0.432155 -0.554819 -0.658132 0.252624 -0.0906538 0.0237043 -0.811185 -0.261154 -0.112335 -0.878985 -0.0794755 -1.33694 -0.961151 -2.62969 -1.88205 -1.46864 2.2728 
-0.625808 -0.870418 0.390909 -0.0158941 0.716429 1.0096 0.569845 1.26145 1.10448 -0.127569 -1.37847 -0.921784 0.217188 -0.153264 -0.327916 -0.457746 -0.0239138 0.431168 -0.0809917 -0.176764 -0.253906 0.501 -0.604715 -1.14975 -0.2743 0.953191 -0.172954 -0.292827 0.447547 0.330576 -0.599983 -0.727194 -0.428041 -1.07267 -1.8022 -0.0614641 2.37148 1.61433 -0.177021 
-0.704831 -1.02637 0.417844 -0.271762 0.447085 0.609619 0.145986 0.895544 1.02461 0.332171 -0.798485 0.495061 0.329111 -0.202367 -0.352452 0.453285 0.662801 -0.254602 -0.312867 -0.856812 -0.801029 -0.847756 0.370691 1.81666 0.9562 0.0756027 -0.0484791 0.235413 0.610559 0.531345 0.488582 0.666206 0.476315 0.171839 -0.973855 0.507979 1.47212 -0.233731 -0.0950037 
-0.828175 -1.22287 0.844194 0.646907 0.461828 0.696729 -0.286967 0.460423 0.256727 0.243122 0.438187 0.0344154 0.292791 -0.201743 -0.0925031 0.152813 0.507431 0.91975 0.585214 0.299551 -0.0820672 -0.472855 -0.0967369 0.322371 -0.508031 0.858188 0.238866 0.712056 -0.676957 -1.44844 0.34831 0.354967 2.05559 1.38276 2.25485 0.0751207 -2.1801 0.641851 0.611307 
-0.906574 -1.11887 0.570657 0.235669 1.36684 1.19483 0.445537 0.813477 0.551757 0.235434 -0.476114 -0.0129707 1.1873 0.0364994 0.359604 -0.223672 -0.785636 0.0937081 0.0421001 1.19877 0.581727 1.40709 0.445812 -0.363442 1.59805 0.686909 0.334209 0.382322 -0.424002 -0.974081 -1.71165 -1.46682 0.039422 0.344545 0.699389 -0.437116 -0.522864 1.13658 -1.27582 
-0.791676 -0.863267 0.620522 -0.13873 0.555536 0.738829 0.911806 1.04215 1.66382 0.688934 0.0747449 1.63247 0.9797 0.132466 0.289819 -0.271189 -0.466649 -0.791903 -0.88161 0.338973 0.262478 0.226534 -0.533853 -0.200493 0.628545 -0.417635 -0.014561 -0.344643 0.10347 0.758148 -0.20119 -0.22309 -1.92972 -0.892758 -2.56697 -0.592662 0.998762 -3.94138 -1.81136 
-0.774108 -0.829052 0.299468 -0.23098 0.574932 0.313223 0.78451 1.07595 0.778291 -0.298419 -0.676607 0.615574 0.769663 0.0219384 0.0149612 -0.120202 -0.0274885 -0.107482 -0.18099 -0.730948 -0.311031 -1.15987 -0.14685 0.63532 -2.34333 -1.12445 -0.202896 -0.412626 0.249573 0.227603 0.206326 1.15344 -0.833875 -1.25616 -1.51241 -0.643234 0.0348656 -1.61628 -0.291519 
-0.769737 -0.848306 0.500319 -0.166218 0.448054 0.557839 0.180858 0.731119 0.503948 0.542084 0.710065 -0.710862 -0.144748 -0.0704302 -0.122807 -0.0216162 -0.239047 -0.585577 0.27183 -0.494902 -0.993678 -1.28588 -1.17709 -0.165627 -0.98774 -0.709155 0.000175294 0.16943 0.322203 0.148552 0.146697 0.11217 1.15321 0.769541 1.13856 -0.967514 -1.04563 4.59177 2.196 
-0.844538 -0.951859 0.277852 -0.470027 -0.0106449 0.585053 0.289608 0.0822771 -0.507588 -1.47551 -0.842234 -0.372166 0.0605084 0.0221137 0.184391 0.202001 0.121063 0.0392154 -0.0688198 0.422258 0.45851 -0.0213162 -1.11436 -0.410314 2.24844 1.07155 0.185949 0.249379 0.138264 0.873777 1.73046 0.235328 1.35064 2.4146 2.66017 3.37391 1.63131 2.35158 1.16022 
-0.747624 -0.663915 0.70232 -0.0451551 0.487269 0.489019 0.603116 1.18963 0.482632 -0.572281 0.299751 1.53758 0.926801 0.115519 0.126572 0.116648 0.634731 1.14488 0.507158 0.855735 1.42092 1.37429 2.19682 1.46568 1.36384 0.451067 -0.0508249 -0.605355 -0.339917 0.0623095 1.02713 0.947648 -0.582373 -1.14596 -0.0609577 3.07291 0.512283 -2.91623 -1.02448 
-0.729019 -0.825287 0.3945 0.164704 1.13424 1.09221 1.14534 1.5032 0.866704 0.721316 0.623446 0.991678 0.511575 -0.0287112 -0.420964 -0.137916 0.183373 1.06634 0.878828 -0.160115 -0.68745 -0.0822739 1.95855 0.101969 -0.667797 0.0470647 -0.135043 -0.430024 -0.07624 -0.465966 -0.48198 -0.287109 -1.34804 -2.80471 -2.38351 -2.42179 -2.50287 -2.41678 -0.325135 
-0.776335 -1.08488 0.564404 0.138218 1.55361 1.36785 0.443001 0.502179 0.400358 1.38627 0.40172 0.869778 0.973866 -0.0195243 -0.303452 0.0404082 0.168765 0.6629 0.220049 -0.492303 -1.38379 -1.00922 -0.224967 -1.03719 -1.05293 0.125932 0.0961688 0.58831 0.0171011 -0.0247306 -1.49096 -1.09946 0.278024 1.03324 0.351697 -3.73118 -1.53183 -1.03574 -0.592614 
-0.748544 -1.12874 0.434908 0.333469 1.79714 1.31226 0.653039 0.119408 -0.142516 0.496349 -0.413739 -0.0612536 0.637507 0.0674576 0.167346 -0.120815 0.158642 -0.424618 -0.220631 0.117909 0.345792 0.269423 -1.77263 -1.42986 -1.70354 -0.545549 0.0173332 0.432224 -0.0605265 -0.381345 -1.38549 -0.234168 0.468748 1.92 1.02515 0.90325 2.5155 0.826684 -1.2722 
-0.708877 -0.917532 0.443589 0.29686 1.12899 1.14722 0.560911 0.847971 0.669781 -0.386359 -1.02814 -0.833758 0.428317 -0.00219108 0.128772 -0.0201182 -0.21258 -0.722591 -0.0141188 -0.0235557 0.536206 0.0159345 0.678283 1.47832 -0.226248 -1.14626 -0.253604 -0.352048 0.0776702 -0.215354 0.450433 -0.109135 -0.186723 -0.72776 -0.606164 2.62193 1.53088 1.7168 0.523558 