-1.34736 -0.749843 0.97996 0.579508 0.689329 0.067179 0.0299563 0.795845 -0.206054 -0.434616 0.325552 0.309307 0.75858 0.0269047 -0.153264 -0.303158 -0.229069 0.286268 0.981059 -0.104078 0.170049 1.054 0.490249 0.784086 0.172274 -0.124565 0.13753 -0.426898 -0.872192 -0.188266 0.528254 0.81484 -0.0481851 0.746678 1.62817 2.75587 0.800903 0.751546 0.887075 
-1.29349 -0.883162 0.461222 0.270659 0.842105 0.334864 -0.0198232 1.21403 1.13079 1.18349 1.50929 1.70462 1.77313 0.152506 -0.334776 -0.449538 -0.133788 0.0158691 0.824687 -0.0709808 0.400581 1.56021 1.13403 -0.42579 0.125901 0.860989 0.0852647 -0.133369 0.677531 0.314719 -0.440429 -0.323902 -0.583128 0.124259 -1.73092 -1.18758 -2.9741 -2.34192 -2.47553 
-1.19485 -1.08462 0.530423 0.44572 0.705198 0.891866 -0.0410246 1.19643 1.35415 0.699414 -0.100238 0.435208 1.61957 0.112169 -0.286633 0.374373 0.0856495 -0.154161 0.657157 -0.687205 0.294308 -0.676919 -0.697328 -2.19001 -2.16965 -2.60009 -0.22466 0.249825 0.145244 -0.191671 -0.25232 -2.49332 -0.0510429 -0.956493 -3.46897 -1.77667 1.20666 0.433351 -2.50211 
-1.18133 -1.1698 0.835595 0.356309 0.687944 0.992021 -0.707028 1.50834 0.453872 0.486159 -0.680717 -0.465024 -0.826963 -0.0721536 -0.0849508 -0.304294 -0.325458 -0.236451 -1.66864 -0.122024 -0.555912 -1.90876 -0.642644 0.780869 0.559252 -1.64113 -0.120274 0.410334 -0.916345 -0.249617 0.0973467 -1.73659 1.2992 -0.595662 0.139477 0.521838 3.21803 2.94807 2.35269 
-1.26701 -1.16957 0.226129 0.120262 0.468747 -0.776769 -0.163048 0.640514 -0.554608 0.0567698 0.68063 0.99446 -0.0215576 -0.00810509 0.123701 -0.541973 -0.163967 -0.0568145 -1.07943 0.611995 -0.301354 -0.537442 -0.175491 1.02803 0.778426 -0.2474 0.0993006 -0.0352397 0.253746 0.238837 0.229575 2.56589 0.420093 1.19245 2.91327 1.17554 -1.01603 -1.67 -0.369645 
-1.18943 -1.04609 0.293622 0.192341 0.631129 -0.0874111 -0.0950336 1.20698 -0.0835704 0.310669 0.347309 0.313402 -1.07436 0.027147 -0.120191 -0.0505476 -0.086621 -0.00687683 0.89725 0.29807 0.636535 1.00451 0.532894 -0.235162 -1.11075 -2.01077 -0.0179799 -0.132904 0.556521 0.485902 0.495612 1.50074 -1.06699 0.191597 1.18533 0.690635 -1.12645 -1.32698 -0.0725482 
-1.23986 -1.28976 0.175581 0.033641 0.46187 0.120481 0.135021 1.27705 0.449901 0.589663 0.445468 -0.116285 -2.03233 -0.026085 -0.00920309 0.0145486 0.321935 0.438798 0.421311 -0.454999 -0.109758 0.647884 0.515144 -0.0984284 -0.548558 -0.319949 0.17445 0.30228 0.371098 0.63444 0.214923 -1.0928 -0.724747 -0.973586 -0.431245 0.169114 1.39569 2.04338 2.43596 
-1.21552 -1.0553 0.308171 0.514276 1.06993 0.3339 -0.550032 1.09722 0.564314 0.825813 0.24888 -0.235156 -1.39431 0.201597 0.18209 0.32055 0.547819 0.208046 -0.195553 -0.426677 -0.337051 0.573263 0.702008 1.16053 0.932632 0.425191 0.290024 -0.273637 -0.125662 -0.971395 -0.636933 -0.107058 0.671588 -0.0129216 -0.902504 -0.28344 0.642804 1.51356 2.34435 
-1.03826 -1.10767 0.496131 0.58146 0.669915 -0.0750721 -0.291656 0.939997 1.02316 1.29167 1.606 0.816347 -1.60714 0.263939 -0.28284 -0.111113 -0.64946 -0.198135 0.314253 0.216589 -0.122679 -0.25462 0.231704 0.544376 0.965 2.0244 0.0289537 -0.364124 -0.717807 -1.16216 0.368628 0.724666 0.265146 0.167446 -1.32467 -0.868034 -2.47271 -0.4056 1.46464 
-0.951576 -1.33814 0.197057 -0.135184 0.871792 0.648153 -0.333443 0.974544 0.309693 1.05752 0.793256 0.729844 0.630089 0.230551 -0.182034 -0.397257 -0.614342 0.576674 0.529112 -0.161531 -0.169605 -0.751409 -0.166026 -1.31218 0.527032 1.88983 -0.0790644 0.205317 -0.0121233 0.452524 0.0768623 -0.462888 0.353184 0.575841 0.633715 -0.731465 -0.27417 0.252999 -1.90635 
-0.807712 -1.2897 0.0988748 -0.0328823 1.24659 0.45404 -0.453187 0.770393 0.271755 1.12564 0.293814 1.34338 0.282691 0.184875 -0.077523 -0.123237 -0.196936 -0.121273 -0.148635 0.569773 0.453161 0.379095 -0.499761 0.270206 1.218 0.118048 -0.177409 0.146465 0.646701 0.573503 -0.873746 -0.196998 0.0830008 0.433553 1.43418 0.00680282 0.980822 -1.32577 -1.52362 
-0.766701 -1.41566 0.0738203 -0.33212 0.75052 0.499518 0.236331 1.42771 0.688788 0.557756 1.06346 1.94784 0.748137 0.0531415 -0.0355693 0.249445 -0.0408392 -0.297072 0.332115 -0.07853 0.263948 0.682767 -0.159223 -0.331362 -0.798741 0.366205 -0.147148 0.0612272 0.34446 -0.130118 -0.266766 -0.793471 -1.8434 -1.34205 -1.64286 -0.0343424 -1.1458 -2.64026 -1.22879 
-0.754571 -1.32527 0.34832 -0.0737215 0.949517 0.786155 -0.531717 1.03434 0.954522 0.966422 -0.0375478 0.544639 0.648895 0.0377269 -0.0162958 0.221224 -0.327054 -0.388039 -0.942106 -1.27363 -0.888886 -1.26376 -0.534103 -0.875595 -1.42226 -1.11075 0.0213357 -0.117255 -0.284998 0.265376 0.00924521 -1.98251 -0.0482608 -1.27876 -1.65109 0.246516 1.24649 2.29758 0.532058 
-0.728974 -1.43196 0.295044 -0.659174 0.362481 -0.442589 -1.0373 0.53882 -0.574973 0.0236534 0.187867 0.525582 -0.362609 0.0744772 -0.152824 -0.0355528 0.224536 -0.287827 -1.6504 -0.126791 -1.01481 -0.968319 0.0872926 0.915123 1.49884 0.898263 0.0396553 -0.177278 -0.171632 1.34077 0.815684 1.25576 1.9468 1.05248 2.41813 1.72457 1.38025 1.90861 1.63998 
-0.680093 -1.4781 0.312767 0.150815 0.66169 -0.86424 -0.658507 0.0195276 -0.0137977 1.05371 0.877575 2.04348 1.54716 0.0773821 -0.193574 0.0495914 1.01371 0.427645 0.31365 0.673177 0.163591 1.15437 1.19047 0.50466 0.486351 0.529236 -0.0681368 0.0949466 0.644139 0.0302621 0.582484 3.04133 0.409096 1.96649 2.13543 0.478188 -0.621455 -2.36605 -3.4163 
-0.651592 -1.62553 0.344635 0.354538 0.790126 -0.128939 -0.36412 0.702411 0.579398 1.21412 0.692527 1.01193 0.166627 0.00634036 -0.0578773 0.608586 0.254799 0.294657 1.39094 0.282305 0.951675 1.16711 0.565481 0.293668 -0.867211 -2.51803 -0.223685 0.148746 0.322087 -1.08284 -0.512857 0.619197 -0.542201 -0.211601 -0.19155 0.91085 0.500124 0.299482 -0.190371 
-0.673753 -1.53597 0.921353 0.405613 0.956347 0.526698 -0.376202 0.971203 1.15331 1.6192 1.17124 1.17627 -0.970876 -0.146302 -0.0448287 0.371678 -0.0691259 -0.0852117 0.932847 0.130976 -0.0480103 0.962821 2.10132 1.00478 0.785833 0.338865 -0.133631 0.148902 -0.58473 -0.542098 -0.516326 -0.849704 -0.792726 -1.10843 -1.53498 -1.60302 -0.532632 1.23169 3.0472 
-0.797894 -1.67036 0.716313 0.285412 0.704914 0.803908 -0.233144 0.654401 1.54222 3.31544 1.69731 1.79777 0.505492 -0.12729 0.091025 0.0238563 -0.2873 -0.22167 0.541234 -0.510421 -0.156755 -0.367873 -1.03754 -0.238965 0.364481 0.529166 0.0807366 0.355045 0.120252 0.347917 -0.0998448 -1.96131 -0.569952 -0.247043 -2.49482 -5.62333 -1.94759 -0.691858 -1.73785 
-0.801043 -1.44495 0.94521 0.118314 0.734678 1.06793 -0.886623 0.814448 0.785438 0.581657 0.932278 1.54075 -0.44171 -0.0655658 0.310217 0.49193 0.278791 -0.185056 -1.02847 -0.438976 -0.295053 -1.532 -3.52202 -0.94281 0.0939748 -1.39898 0.21815 0.602241 0.236945 0.532662 -0.158739 -2.63233 0.342104 -0.378557 -0.0875189 0.496472 -0.948701 -1.46171 -0.692802 
-0.86346 -1.36014 1.20824 0.564203 0.519858 -0.224558 -0.67212 0.359348 0.0102179 -0.20658 0.754499 1.89174 -0.893489 0.0908599 0.693266 0.260801 0.245362 -0.380409 -2.0911 -0.168317 -0.535311 -0.455392 -0.541066 -1.18767 -1.09723 -0.163636 1.03726 1.45797 -0.309444 -1.30883 -1.28068 0.240057 0.479274 -0.305961 1.36542 2.18301 0.987913 -1.89044 1.8104 
-0.710184 -0.751684 1.20601 0.363676 0.354269 -1.02317 -1.05494 0.279137 0.330045 0.0405916 -0.255387 0.443518 -0.605346 0.971697 1.76818 0.182486 -1.03004 -1.46574 -0.78841 0.0402974 -0.601014 -0.166577 -1.33901 0.045103 -1.79647 0.411419 1.35165 0.999792 -0.640477 -2.05276 -1.06857 2.63363 0.606901 0.185356 0.697375 -0.0824998 2.83737 0.670608 1.44148 
0.108237 0.40804 1.39073 -0.465836 -0.945878 -1.01297 -0.631822 -0.241665 -0.156359 -1.54559 0.799603 0.09527 -0.48207 1.44251 1.69306 -0.379676 -1.8074 -1.44898 0.54253 0.438584 -0.349956 0.241983 -0.623565 1.6497 -0.426623 1.27784 -0.373949 -0.872569 -1.81111 -0.26959 1.28531 0.220071 -0.191677 0.210533 0.151756 2.74072 -2.02222 1.63187 -0.491132 
0.732324 0.941374 0.826334 -1.44372 -1.09471 -0.480637 -0.616356 -0.0708189 0.572029 -0.582974 1.39431 0.0168951 0.672495 0.597749 0.895613 -1.62862 -1.29963 -0.180429 -0.568339 -0.15138 -0.39048 -0.0148215 1.40171 -1.97712 -0.164603 -0.0797129 -1.28172 -1.38634 -1.02402 1.89584 0.978634 -0.845677 0.90884 -0.191559 -1.41912 1.99439 -4.09566 0.208554 -0.521018 
0.705986 1.30365 -0.23789 -1.76546 -1.12631 -1.58131 -0.783202 -0.632146 -0.171181 -0.143872 -1.17752 -0.0693332 -0.561783 0.160788 0.306719 -1.40369 0.0884387 -0.470344 -0.303148 1.34742 -0.541515 -1.17714 1.37083 -2.44596 -0.218069 0.756823 -0.10049 -1.47949 1.07355 2.02137 -0.661622 0.865343 2.36316 -0.455937 -0.629386 -1.47022 1.85685 -0.427419 1.74546 
0.893112 1.24809 -0.577357 -1.35528 -1.56505 -0.783785 0.731068 -0.612334 -0.605111 0.787852 -1.05165 -0.201174 1.42932 0.497258 -0.583873 -0.555068 0.721746 -0.842051 0.297005 2.21178 -0.846418 -0.644208 -0.0685061 -0.120273 -0.592023 1.66575 0.295136 -0.845059 1.01743 0.861559 -0.162186 0.917907 -0.494474 -0.433118 1.14862 -2.47099 2.46342 -0.263202 -1.5104 
1.20324 0.71978 -0.792958 -1.04372 -1.96836 -1.2843 1.42858 -1.47856 -0.815389 -0.212378 -1.29779 -0.661356 1.10397 0.455924 -0.53834 -0.386263 0.949998 -0.63253 0.614759 0.85295 -0.974633 -0.0285228 -1.10016 0.017452 -0.481271 -0.753575 -0.267167 0.539962 0.0916978 0.0557646 0.524266 1.6834 -2.18024 1.00639 0.948681 0.0566102 0.236506 1.30682 -1.73907 
1.34904 0.709752 -0.96362 -0.405286 -2.19758 -0.169026 1.58402 -1.58697 -0.633634 -0.312309 -1.0342 -0.682445 0.675743 0.230091 -0.043911 -0.46337 0.77751 -0.317785 1.98041 0.0315421 0.159977 0.304473 -0.0118959 0.116233 0.714795 -0.0733223 -0.398893 0.509373 -0.0636655 -0.86499 0.232068 0.609546 -0.690584 1.03995 -0.23009 1.60689 -0.618804 0.618523 0.986432 
1.43334 0.675869 -1.25633 -0.266208 -2.28614 0.696108 1.46012 -1.31859 -0.510916 -0.224274 -1.18156 0.0534389 1.03065 0.057031 -0.0289673 -0.449929 0.0850076 -0.400462 1.22431 0.162366 0.065321 -0.258613 0.506734 -0.601352 0.137252 0.232857 -0.22549 0.0743721 0.147839 -0.97005 0.368726 -2.06741 0.128661 -0.400339 -0.250432 -0.195355 -0.594527 -1.41084 -0.185805 
1.40607 0.680785 -1.41355 -0.320279 -2.59805 1.05528 1.74638 -1.52165 -0.892247 0.194426 -1.63555 -0.545193 0.9086 0.00460102 0.030461 -0.315532 -0.192539 0.0509415 -0.087004 0.160203 -0.240362 0.0540411 -0.207251 -0.478295 -0.696043 -0.259128 -0.0382619 0.170272 0.139571 -0.0559247 0.855618 -1.81548 0.0596984 -0.105998 0.87014 -0.661795 1.12793 -0.370661 -0.320011 
1.43794 0.70633 -1.57186 -0.458748 -2.2352 0.609104 1.62032 -1.55895 -0.456875 -0.431524 -1.65985 -0.642604 0.771519 0.0187691 0.141305 -0.310358 0.0290829 0.455155 -0.591172 0.222065 -0.0406772 0.611527 -0.155061 0.526581 -0.233409 -0.0871542 0.0828068 -0.148084 0.538673 0.119123 0.368033 -0.15283 0.335585 -0.160355 0.289069 0.549825 1.17176 1.01117 -0.252011 
1.42484 0.82209 -1.72391 -0.291196 -2.14289 0.464108 1.96845 -1.56232 -0.28072 0.0393646 -1.10897 -0.778602 0.821445 0.0874078 -0.117623 0.223141 -0.0734161 0.418974 -0.239834 0.495788 -0.400717 0.34311 0.342575 0.693463 0.315124 -0.511139 0.0880419 -0.351062 0.814174 -0.0628121 -0.155912 1.05505 -0.0641463 -0.67403 -0.584703 0.514363 -0.293708 0.730114 0.369669 
1.52534 0.588706 -1.34872 -0.532164 -1.81623 0.36927 2.11611 -1.95967 -0.113765 -0.0889493 -0.966391 -0.32748 0.260381 0.106811 -0.209757 0.503816 -0.0337292 0.299243 0.463881 0.157918 -0.714707 0.0268238 0.359301 0.232872 0.496705 0.282514 -0.112739 0.200044 -0.301563 0.523525 -0.613058 1.23414 -0.728698 0.15515 -0.422163 0.0153997 -1.08828 -0.129556 1.77421 
1.53165 0.612334 -1.22009 -0.324925 -1.84365 0.927989 2.12637 -2.27703 -0.253896 0.398666 -0.876098 -0.281897 1.10396 -0.0253313 0.0824207 -0.0784211 0.450109 -0.194084 0.994304 -0.23291 -0.245567 -0.0790531 0.357974 -0.394812 0.185568 1.26307 -0.205899 0.450373 -0.72999 0.425075 0.0637389 -0.866633 -0.0992335 1.04939 -0.52002 -0.210936 -0.576316 -0.344025 -0.167568 
1.50001 0.671127 -1.42714 -0.0820548 -2.01031 1.36357 1.8832 -2.20523 -0.192818 0.269025 -1.3612 -0.141912 1.52345 -0.0990879 0.240616 -0.226174 0.391346 0.362982 -0.402752 0.0586849 0.334684 -0.493196 0.148365 -0.343443 0.15268 0.114947 -0.16401 0.172894 0.229656 -0.369997 1.0056 -2.21747 -0.0302508 0.593285 -0.426661 0.945253 1.20512 -1.17394 -2.69305 
1.43256 0.85295 -1.44627 0.0664206 -1.48067 0.525237 2.18505 -1.94235 -0.747092 0.547031 -1.21954 -0.129217 1.21891 -0.189341 0.255315 0.151235 0.0801124 0.811513 -1.22317 -0.263161 0.347719 -0.505714 1.30323 0.810303 -0.98837 -1.42998 -0.144402 -0.0311157 0.465411 -0.469886 -0.186369 -0.132254 -1.2001 -0.261683 0.191771 1.44878 0.639105 -1.52979 -1.73867 
1.31067 0.926442 -1.27591 -0.0019424 -1.1988 0.140404 1.62004 -1.85751 -0.698532 1.57225 -0.5509 -1.13028 0.0934708 -0.24349 0.209501 0.239237 -0.0785402 0.176613 -0.535005 -1.14142 0.0730002 -0.301424 1.59714 0.295662 -1.3771 -1.62372 -0.0189879 0.0433248 0.0926562 -0.603528 -0.300901 1.02115 -0.781551 0.0367029 0.0465521 -1.05287 -0.413403 1.58975 0.897775 
1.18907 1.06245 -1.20703 -0.0121197 -1.30405 -0.00976815 1.04364 -1.86935 -1.04852 2.14418 -0.923879 -1.50632 -0.404816 -0.208329 0.29864 0.243892 -0.523416 0.510611 -0.202016 -1.04471 0.384422 -0.459162 0.250354 0.396901 0.601383 -0.532205 0.0378561 0.263572 0.277047 -1.28784 0.95116 1.42347 0.535904 1.17038 0.129134 -3.41134 1.05736 2.77152 2.30717 
1.10234 1.22508 -1.03201 -0.525358 -0.688186 -0.0616121 0.575327 -1.47309 -1.15769 1.82261 -0.153999 -0.528899 -0.438734 -0.205634 0.473073 0.516283 -1.36638 1.12777 0.888464 -0.605513 1.24338 -0.172291 -1.81419 1.35302 1.39441 0.683451 0.01538 0.0952082 -0.0957549 -0.670867 -0.214321 0.974409 0.883469 0.602782 -0.260412 -2.27625 -0.0616354 -0.915186 0.719483 
0.983436 1.53552 -0.690745 -1.3785 -0.176281 0.878696 0.438123 -0.625968 -1.22081 0.329982 0.429139 -0.111911 0.278635 -0.192949 0.393848 0.148137 -1.19428 0.296291 0.772392 -0.161242 0.987203 -0.719574 -2.0259 0.335265 -0.313804 0.187278 0.180226 -0.512878 -0.283598 0.840897 -1.0336 -0.28966 0.62473 -0.526269 -0.420799 0.494813 -0.72314 -1.2229 -0.466149 
0.909393 1.61893 -0.883877 -1.71964 -0.391895 0.71078 0.414085 -0.48589 -1.87727 -0.203293 0.181266 -0.842703 -0.251455 -0.0254082 -0.0398046 0.232685 -0.525483 0.0941736 0.598805 0.0192174 0.717108 -0.593089 -1.31938 0.629878 0.171508 0.217301 0.214058 -0.722598 0.0640112 0.732681 -0.0220074 -0.752099 0.291874 -1.18194 0.442562 -0.0802679 -0.909404 0.163662 -0.947796 
0.958028 1.49572 -0.45806 -1.90398 -0.0821069 1.4775 0.457341 0.0911396 -1.8139 -0.989399 1.05902 0.0595967 0.495937 0.0211084 -0.32875 0.212148 -0.461602 0.274284 0.0202939 0.130632 -0.194741 -0.277012 -2.10617 -0.574139 -0.150142 -0.760518 0.142767 -0.00429013 -0.413423 0.597354 0.0497374 -1.02799 0.456505 -1.31915 0.917608 1.24221 -1.85127 -1.10762 -0.248062 
0.930501 1.29018 -0.671729 -2.18124 -0.117612 0.731074 0.544717 -0.680631 -2.15428 -2.30946 -0.392872 -0.992845 -1.01197 0.117359 -0.0440947 -0.180738 0.0718709 0.143911 -0.42919 0.475722 -0.602041 0.324519 -0.0771709 -1.22139 -0.93611 -0.0307604 0.117131 0.3009 -0.724531 1.22394 -0.306837 -1.12696 0.472553 -0.355357 -0.978798 3.99942 0.791462 -0.751075 2.85355 
1.07539 1.45162 -0.638798 -1.83211 0.0618041 1.04831 0.933063 -0.510901 -1.48938 -1.06657 -0.162378 -0.876513 0.465176 0.138239 -0.0278508 -0.512383 0.762342 -0.0325533 -1.10667 0.603184 -0.550098 -1.25581 1.89325 0.217323 -0.901217 2.09303 -0.135212 -0.19151 -0.718983 0.766815 -0.225812 -0.127872 0.421752 0.649787 -0.990526 1.89244 1.82159 -0.278386 -0.0851878 
1.06874 1.26233 -1.18411 -1.4189 -0.150165 -0.375594 1.1479 -1.23073 -3.41009 -0.416213 -0.17555 -1.89406 1.08106 -0.0178535 -0.235605 -0.899721 0.838686 -0.0819013 -0.557062 0.897474 0.0477466 -0.666008 1.81527 0.600195 -1.2145 -0.115948 -0.127655 -0.0449756 0.0460886 0.0657681 0.395404 2.07566 -0.23639 1.26195 2.84489 -0.409967 0.0245891 0.938632 -3.54212 
1.05753 1.21602 -1.53852 -0.993424 -0.0200971 0.491249 1.83054 -0.463155 -2.15539 0.748701 0.437817 -2.09101 0.349228 0.0105844 -0.0728264 -0.466295 0.82811 0.362851 0.96899 0.366794 0.711854 1.58908 1.48328 0.241912 0.0374153 -1.44909 -0.0089466 0.0462027 0.449344 -0.202717 0.256092 0.881862 -1.07434 0.128767 1.58118 -1.76251 -0.18213 0.880152 -1.7739 
1.07932 1.1895 -1.65041 -0.590791 0.212686 0.593396 1.5147 -0.518875 -1.82101 1.06707 0.0663623 -1.85665 -0.368032 -0.0268001 -0.189402 -0.450378 0.635969 0.17419 0.3248 -0.176864 0.176513 0.915169 0.0527566 0.418065 -0.334345 -1.88985 -0.14435 -0.0278387 0.802782 -1.30535 -0.0051103 -0.444335 -1.4568 -0.645631 -0.897488 -2.26138 0.945213 -0.458094 0.0242233 
1.03073 1.02662 -1.9889 -0.357455 0.154093 0.816049 1.65367 -0.286641 -1.24022 0.801457 0.855882 -2.42535 -1.54062 -0.133766 -0.100665 0.336487 -0.477241 0.357741 0.524655 -1.09 0.0662235 0.691588 -0.7781 1.18713 -0.420679 -1.42486 -0.0533105 0.325252 1.35148 -1.79193 0.691551 0.147247 -2.03995 -0.409571 -0.368682 -1.53217 -0.878637 1.77819 2.483 
0.945559 1.08884 -1.31392 -1.06803 0.570427 1.11805 0.424692 -0.452652 -1.12943 0.288967 1.25349 -2.27733 -1.7929 -0.0801106 0.135849 0.901105 -1.15597 0.865742 0.472047 -2.21681 -0.233058 0.546487 -1.47942 -0.460572 1.44384 0.593152 0.14531 0.106755 0.0561839 0.205225 -0.241379 0.489039 -0.275043 -0.297885 0.344512 0.330061 -3.32933 1.62017 2.55956 
0.950623 1.16247 -1.08779 -1.51342 1.01984 1.2881 -0.563138 -0.519699 -0.69373 -0.677958 0.395309 -0.981511 -0.947471 0.0115443 0.00609026 0.392671 -0.272016 0.116362 1.01369 -1.36505 -0.231661 1.0361 -0.448039 -2.14221 1.19949 1.1347 0.0442628 -0.530773 -0.738477 1.38637 -1.14 -0.0897374 1.76666 0.395534 1.12666 1.64108 -0.714922 -1.75201 0.147342 
0.957104 1.09493 -0.921249 -1.34005 0.686788 2.13174 -0.940354 -0.684313 -0.0933259 -0.159072 -0.888718 -1.07784 -0.658198 -0.0358477 -0.394924 0.162628 0.230406 -0.274256 0.38231 -0.450153 0.162476 1.67315 0.161662 -1.17549 -0.308169 0.740494 -0.123399 -0.508775 -0.374994 0.160698 -0.149091 -1.91449 0.767639 0.793364 0.276171 -0.436104 1.5859 -1.28829 -1.15099 
0.914775 0.767543 -0.925164 -1.28301 0.745579 1.67041 -1.01329 -0.357223 0.979419 -0.516296 -0.780185 -1.28968 -0.206977 -0.111855 -0.502685 0.0176774 -0.111318 -0.0327293 -0.900801 -0.597407 0.561703 1.31227 -0.884143 -0.556303 -0.0888003 -0.0162886 -0.0590319 0.399622 0.0517092 0.0825497 0.105191 -0.952605 -0.0806709 -0.213228 -0.826296 -0.757023 0.29049 2.12091 -0.0881466 
0.845249 0.592243 -0.903572 -1.45137 0.654059 1.23094 -1.53776 -0.12261 1.21895 -1.04322 -1.44502 -1.16664 -0.674487 -0.0948796 0.00469784 0.214337 0.312956 -0.169065 -0.570295 -0.530824 -0.0507524 0.846854 -0.59536 -0.885004 1.81274 0.652347 -0.17802 0.723491 0.0260558 1.278 -0.122003 0.515116 0.930857 -0.596125 -0.609735 1.81751 -0.626204 1.40892 0.916844 
0.819895 0.772241 -0.710826 -0.970058 0.576515 1.10011 -1.54412 -0.407976 1.82627 -1.11166 -1.66519 0.523061 0.44537 -0.289874 0.220806 0.0437332 1.16668 -0.154732 -0.385685 0.33345 -0.0344221 0.702536 0.933362 -1.18251 1.32012 0.900556 -0.586722 -0.260501 0.277313 0.53046 -0.224593 -0.694569 1.06834 0.204972 -1.18525 1.41725 0.445611 -3.19252 -1.23932 
0.555375 0.813049 -0.859838 -0.284683 0.499327 0.845259 -1.20431 -0.157032 1.92148 -0.109853 -2.62753 0.153485 0.226069 -0.681602 -0.255804 0.49165 0.843416 -0.393657 -1.26486 0.537512 0.15422 -0.338395 0.821892 -0.439393 -1.37978 -0.586977 -0.0329549 -0.800087 0.821023 0.223677 -0.366168 -1.21987 0.575668 0.34409 -0.845376 -0.760359 2.22134 -2.3363 -1.09337 
0.138293 0.516437 -0.219176 -0.126642 0.182858 -0.164753 -1.0066 -0.253756 1.48788 -0.289764 -2.10458 -0.856719 -0.141607 -0.322829 -0.579281 0.864757 1.39036 -0.520901 -1.60555 0.909118 0.309668 -0.14284 0.173003 1.03883 -1.01618 -0.192814 0.517956 -0.131867 0.390709 0.833894 -0.266931 -0.131525 0.425053 -0.0294397 -1.17804 -0.802278 2.22431 1.33012 -1.34377 
0.232545 0.233768 0.00491817 1.10568 -0.0215742 -0.760293 -0.295193 0.152636 1.77864 0.0631503 -1.5887 -0.862691 0.0332543 -0.163645 -0.387671 0.882359 1.67731 -0.660588 -1.39639 0.962566 0.12478 -1.51644 0.0196147 1.78492 -0.0496568 -1.93074 0.0230212 0.623102 0.657355 -1.08968 0.272247 1.21533 -1.55246 -0.537032 -1.188 -0.788538 1.45899 2.29843 -1.03485 
-0.0253521 0.128767 0.663183 1.55067 -0.47773 -1.56114 -0.0440374 -0.128975 -0.0285602 -0.270149 -0.319663 -0.906376 -2.07235 -0.299808 0.0438219 1.52211 0.300679 -0.248654 -0.390225 -0.64334 -0.227364 -1.33084 -0.615535 2.49781 1.28225 -1.22767 0.123803 0.496259 -0.189552 -0.758574 0.956691 0.268906 -1.62413 0.496296 2.17194 -1.2823 0.201804 1.38735 2.93096 
-0.0672626 0.27759 1.52703 1.40636 -0.270228 -1.15052 -0.938533 -0.0747278 0.447804 -0.552385 0.909116 0.419563 -1.19441 -0.0398423 0.108588 0.692807 0.918736 0.296103 -1.12748 -0.66156 0.621076 0.655504 -1.26268 1.98672 1.3377 1.00022 0.527714 0.00790342 -1.66465 0.909107 0.180434 -1.74929 1.33872 0.852084 1.28288 -0.152702 -2.59455 -1.63309 1.3214 
-0.0651944 0.237355 1.35599 2.4694 -0.181627 -2.68862 -0.705598 0.492101 0.626944 -1.53283 1.66706 0.431319 -1.07213 0.227906 0.0517253 -0.142543 1.20979 -0.0682194 -2.13951 0.695378 0.62472 -0.0479549 -0.768237 -0.0967346 -0.350838 0.0937288 0.104635 0.185499 -0.6034 -1.89456 -0.251554 1.77691 0.537457 -0.909526 -1.23826 1.65262 -2.46725 -2.45023 -1.28228 
0.160643 0.329316 1.38449 2.61614 -0.338447 -3.29003 -0.243154 0.549992 0.399849 -1.32062 0.812382 0.0687247 -1.10068 0.0647924 0.294087 0.0894073 -0.975819 0.0445494 0.649426 -0.124103 -0.28845 -0.582753 0.389934 -0.480524 -1.11254 -0.282064 -0.482074 0.107779 0.367816 -2.51005 0.405048 3.91569 -1.77592 -1.05585 0.134748 0.774194 -0.0353405 0.452528 -0.113148 
-0.000401946 0.531442 1.4454 1.49359 -0.137077 -2.0392 -0.829701 0.203651 0.044191 -1.1429 1.18654 -0.681219 -1.35419 -0.254168 0.159504 0.225274 -1.30026 0.336829 1.77618 -1.08055 -0.431129 0.0867935 0.00595681 -0.132075 0.10169 -0.0194197 -0.270589 -0.383109 0.304517 0.583907 -0.034973 0.42538 -0.332121 0.386668 1.25735 0.0727595 0.475616 2.66894 0.433498 
-0.0935251 0.48882 1.60976 1.31588 -0.00161849 -1.51385 -1.3237 0.118863 0.486643 -1.31467 0.680307 0.170415 -1.1201 -0.205796 -0.0890219 0.393924 -0.391912 0.00957641 1.07481 -0.456224 0.0982183 0.674595 0.462693 -0.00490811 1.5564 0.151434 -0.110665 -0.47111 -0.298059 1.12414 -0.349175 -1.30614 1.87811 0.26429 -0.272924 0.477704 -0.278446 0.465966 0.562338 
-0.206198 0.44242 1.83932 1.10167 -0.127501 -0.964393 -1.28592 0.301869 0.718786 -0.680204 1.18163 0.875182 -1.20276 -0.364834 -0.311605 -0.072785 -0.176129 -0.0123466 0.470047 0.797565 -0.166839 -0.186131 0.483661 -0.410521 0.567656 0.542919 -0.327853 -0.672337 -1.10495 0.364743 0.492525 -1.05056 1.19439 0.688393 -1.12212 -0.736764 -0.580479 -1.34574 0.325609 
-0.458359 0.177214 1.53698 1.13975 -0.0139651 -1.0438 -0.526135 -0.0479759 0.300512 -0.831004 0.269786 0.738071 -0.577184 -0.53365 -0.761358 -0.711021 -0.0271689 0.502102 0.0242491 0.738167 0.786611 -0.447522 -0.27407 -0.585388 0.210665 0.477043 0.0198824 -0.157699 -0.371757 0.101495 0.333106 -0.684146 -1.13694 0.741195 -0.584588 -1.60632 0.557678 -0.548672 -1.82615 
-0.739848 -0.318938 1.1283 1.0745 0.374601 -0.940144 -0.547757 1.08848 0.271264 -0.954274 0.59624 1.08585 -0.725716 -0.344951 -0.469305 -0.444542 -0.0746343 0.320759 -0.214099 -0.339378 0.574356 -0.770719 -1.12266 0.147157 0.018984 -1.28323 0.26019 0.577775 0.39751 -0.510928 -0.0810315 1.47884 -0.512271 -0.584467 -0.143364 0.996127 1.34 -0.774576 0.56907 
-0.80331 -0.29209 1.09243 1.06511 0.306794 -1.2579 -0.865512 0.52638 -0.470207 -1.95367 0.416942 0.757055 -1.86042 -0.273459 -0.183583 -0.313511 -0.538097 0.42107 1.50309 0.225896 0.202144 -0.590886 0.722057 0.754614 -0.563911 1.04611 -0.00467142 -0.00740513 0.0782067 0.315416 0.401194 2.11968 1.06498 -0.33179 2.00394 1.90058 -0.896159 -1.70166 4.77313 
-1.01331 -0.502522 0.81479 0.536408 0.795671 0.562947 -0.321861 1.29062 -0.319622 -0.232217 1.35085 0.521936 0.320397 -0.349623 -0.47671 -0.366335 0.240781 0.721953 1.90558 0.725598 0.242566 1.23322 0.777922 -0.749002 -1.68268 3.48989 0.167163 -0.0771887 0.196565 0.930037 -0.520336 -2.26556 -0.141902 -0.73356 1.39504 -2.50366 -2.89146 -0.128143 0.721234 
-1.15293 -0.7688 0.726099 1.3059 1.02875 0.647683 -0.139914 0.768945 0.763012 -1.17574 -0.33206 -0.925625 1.62948 -0.106296 -0.260772 -0.116946 0.39194 -0.0992656 -0.762465 0.0839939 -0.531416 0.804157 -1.78161 -2.13684 -0.692053 1.76735 0.49862 0.652311 0.366749 -0.685704 -0.701876 -2.85197 -1.30519 0.113123 -0.966145 -0.944714 0.566219 2.96546 -4.20755 
-1.1196 -0.763294 0.697844 0.928347 0.696405 -0.199519 -0.237867 0.759209 0.484535 -2.01382 -0.785989 -0.170117 2.08774 0.148998 0.175601 0.00041375 -0.444922 0.0200772 -0.946394 -0.579589 0.355689 0.267075 -0.166793 -0.182783 1.28278 -0.717656 0.172337 0.0751045 -0.492286 -0.798177 0.0833707 0.592285 -0.801489 0.773915 -0.169043 3.33878 2.66646 1.19338 -3.10688 
-1.00394 -0.5932 0.726513 0.860973 1.04882 -0.298711 -0.719503 1.12463 1.03009 -1.34254 -0.514843 0.357155 0.911821 0.066041 -0.185668 -0.609232 -0.406237 -0.0158949 -0.17018 -0.717495 0.242499 0.635114 1.55717 0.529617 0.501326 -1.33953 -0.247998 -0.672394 -0.640321 0.318035 -0.491663 -0.110255 0.143322 -1.44591 -0.827298 0.301896 -0.402144 -1.62022 -0.358553 
-1.05356 -0.948961 0.0886121 0.52211 0.68051 -0.369699 -0.955362 1.00171 1.11965 -0.456654 -0.256371 0.331209 0.748212 -0.0989999 -0.496793 -0.639907 -0.126887 -0.471586 -1.05665 -0.436267 -1.09022 -0.560223 0.135103 -0.584927 -0.337445 -1.07621 0.000823658 0.370118 1.61981 1.07276 0.060653 0.1375 1.25105 -0.222851 -0.982436 -1.15321 0.748716 -0.349187 0.944748 
-1.10294 -1.08999 0.0866055 0.734086 0.577238 -1.35536 -1.15577 0.0344092 0.469864 -1.20743 -1.09977 0.0197103 -0.164388 0.0668647 0.184451 1.01057 0.666526 0.044758 -0.0326808 0.533553 0.0196479 -0.347321 0.403959 1.27833 0.152139 -0.394784 0.164132 0.949807 1.29013 0.300759 1.08747 2.22248 0.804154 1.33092 0.720104 1.58728 1.5566 0.111305 0.792322 
-0.986697 -0.764511 1.09919 1.18864 0.725269 -0.40238 -0.421809 1.02136 0.772328 -0.0526949 1.02196 0.483347 0.353427 0.0651324 0.453014 0.650219 0.173872 0.615883 1.16583 0.367887 0.240692 0.15988 1.72238 0.971671 -0.22614 -0.283888 -0.119469 -0.0950329 -1.28819 -0.908542 0.320454 0.710749 -0.63161 -0.665492 -0.482318 -0.609146 -2.56134 0.844046 0.632947 
-1.0378 -0.636979 0.736824 0.907958 1.19312 -0.189528 -0.787884 0.275101 0.629744 0.514946 -0.128099 -0.20643 -0.448275 -0.052604 0.0894177 -0.277617 -0.242016 0.365212 0.678068 -0.0980566 -0.645844 -0.82964 -0.205187 -1.28301 0.996184 0.238163 -0.119306 -0.562252 -1.1448 -0.838846 -1.56715 -2.11164 -0.390842 0.87695 -0.537527 -2.33932 -0.911436 0.690762 0.342556 