-0.93144 -0.648426 0.762881 -0.411503 0.852239 0.801356 0.353739 1.31546 -0.244407 -1.14528 0.20612 -0.31281 1.70781 -0.0572405 -0.225469 -0.350519 -0.269721 -0.288623 -1.88274 -0.224796 0.190094 0.223094 1.01186 0.392266 -1.1043 1.51921 -0.166978 -0.257565 -0.594201 0.308466 -0.314322 0.338904 0.37242 -0.286394 2.30972 2.07249 -0.983708 0.580924 -2.306 
-1.04718 -0.866728 0.503106 -0.489162 0.47167 -0.851664 -0.299448 0.813755 0.532581 0.44735 -0.204167 -0.767459 1.61566 -0.0781021 -0.0468016 -0.150075 0.0916278 -0.259819 -0.28435 -0.21336 0.139939 1.75659 1.41088 -0.722809 0.178705 -0.194121 0.0915828 0.412085 0.615338 0.690754 0.69923 4.01196 0.614791 -0.0477447 -0.123971 -0.510987 0.237242 1.21539 -2.14165 
-1.00954 -0.695228 0.612806 -0.319875 0.59242 0.517006 0.140379 1.4554 1.51218 0.265593 -0.516689 -0.134105 1.51369 0.0343424 0.186616 0.264818 0.421033 0.410607 2.12921 0.389996 0.142349 0.0991233 0.500872 0.629508 0.111081 -0.622439 0.0394594 -0.407801 0.105469 -0.185137 0.417153 0.549374 0.00694507 -1.03873 -3.36337 -0.122932 1.78978 0.400287 -1.68293 
-1.01284 -0.680113 0.767924 -0.0681291 0.882278 1.27755 0.0905478 0.956104 0.631704 0.948222 0.42534 -0.656378 0.99322 -0.0386427 -0.454603 -0.0446054 -0.0935088 0.157333 0.265023 -0.206415 -0.898789 -1.60679 1.28794 1.06697 0.578992 -1.87705 -0.0299933 -0.435535 -0.346383 -0.881841 -0.342899 -2.36772 -0.70132 -0.543451 -0.732111 -1.0905 -1.08415 0.706308 -0.479284 
-1.04818 -1.14983 0.568201 -0.413384 0.749753 0.78203 -0.0660358 0.556608 -0.0946097 1.55354 0.55028 0.444887 -0.363364 0.00434906 -0.248919 -0.0815645 -0.460808 0.0677087 -0.238503 -0.311324 -0.401102 -0.632988 -0.589629 -0.454645 0.817389 -1.10172 0.138027 0.761832 0.509803 0.199527 -0.0516176 0.226756 0.677918 1.66731 1.96374 -3.62854 -2.6359 -1.65985 2.78192 
-1.00849 -0.929032 0.68636 -0.528937 0.949986 1.03904 -0.220776 0.555002 -0.00128336 0.358593 -0.029305 0.161011 -0.108503 0.0993845 0.307229 0.465198 0.106018 0.105716 0.49178 0.471503 0.768524 0.356956 -2.34059 -1.56893 -1.08086 0.904874 0.0708683 0.387856 0.0981928 1.04295 -0.0824899 0.306998 0.721536 0.747413 0.317732 -1.23677 -0.302342 -1.1211 1.42796 
-0.9488 -0.842602 1.0334 -0.307366 0.855469 1.27381 0.405467 1.32513 0.262347 -0.787056 -1.01865 -0.635972 0.54151 0.0752174 0.138937 0.0166283 0.582147 -0.0147812 0.0684948 0.410212 0.34631 -0.315256 -1.8264 -0.756987 -0.303713 0.32624 -0.0618228 -0.183581 -0.952435 -0.0826898 0.0201087 -0.331889 -0.996592 -1.80795 -0.133082 3.54015 1.78545 1.1869 -2.10693 
-0.933269 -0.790095 0.702988 0.0532094 0.935205 1.10754 0.189436 0.901312 -0.31654 -1.46781 -0.786292 -0.142702 0.217737 0.0375617 0.123647 -0.487237 0.0233282 0.125824 0.159891 -0.52509 -1.03942 0.223874 1.19955 0.216518 0.106041 -1.20206 -0.128327 -0.176243 -0.326164 -0.882751 -0.123457 -0.175638 -0.711079 -0.799411 0.888573 2.69558 0.668041 -0.315318 -0.216619 
-0.911239 -0.718954 0.546162 -0.284038 0.981293 1.4337 -0.119623 0.285709 0.486221 0.412496 -0.802134 -0.529931 -0.660547 -0.0531099 -0.0373064 -0.309536 -0.300605 -0.138238 -0.107144 -0.300867 -0.4531 0.573316 0.86918 -0.0889454 -0.619032 0.109621 -0.0927151 0.0447126 0.763286 -0.0104973 -0.319796 -0.626159 0.905936 1.48689 -0.381313 -1.88249 0.521966 0.254481 2.46098 
-0.986379 -0.827401 0.393452 -0.247395 0.796967 1.0004 -0.111431 0.448212 0.256777 -0.598628 -0.875237 -0.761734 0.327358 -0.0551534 0.16836 0.276048 0.0128309 -0.193972 -0.466269 0.380846 0.447472 -0.157439 -0.682938 0.738484 0.360522 1.25892 0.0224206 -0.153588 0.626623 0.263062 -0.158986 -0.761699 0.388649 0.979797 -0.806076 -0.900773 0.681595 0.44211 0.449898 
-0.966392 -0.550594 0.82221 -0.271207 0.787321 0.967431 0.261224 0.733181 0.328782 -0.270442 -0.06365 -0.169408 0.598376 -0.0306894 -0.190894 0.317087 -0.0375423 -0.297224 -0.868842 0.0877824 0.526697 -0.23276 -0.0315927 0.59265 -0.176921 0.559519 0.0151186 -0.794896 -0.503909 -0.336499 -0.283698 -0.571331 -0.460558 -0.186768 -0.638852 0.736865 -0.707729 0.714244 -0.285863 
-1.01707 -1.0183 0.710539 -0.284938 0.499743 0.131554 -0.0236485 0.974908 0.0240171 -0.630221 -0.282588 -0.938655 0.886877 -0.0400348 -0.626536 -0.22786 -0.323668 -0.47767 -1.0376 -0.0797114 0.260704 -0.796291 0.0539261 0.0307551 1.07477 0.97306 0.0409562 0.158581 -0.44005 -0.244516 0.544481 1.19585 0.108408 -0.310416 1.02446 2.65173 -0.4094 -0.515674 -2.92623 
-1.00643 -1.17713 0.59435 -0.594875 0.30965 -0.0701688 0.181512 0.993885 -0.467509 -0.216516 -0.0328949 0.905358 1.57144 0.0102669 -0.0323138 -0.122963 -0.282058 0.247257 0.327007 0.196191 0.216281 0.7917 2.62013 0.183249 -0.692596 -2.36671 0.0777197 0.999359 0.732487 0.643349 0.7051 1.91687 0.296633 0.0147252 1.99612 1.22927 -0.543598 -2.60795 -1.30245 
-1.0068 -1.05061 0.587576 -0.566995 0.746999 0.458561 0.172542 1.19119 0.815717 1.98991 -0.0993381 -1.63125 -1.47983 0.0376849 0.372823 0.504627 0.319681 0.227429 0.879271 0.216921 0.275429 1.19983 1.28319 -0.512842 -1.53318 -0.329388 0.0648681 0.132134 0.640795 0.438396 -0.0912313 -0.373666 -0.370961 -0.0330182 -1.35931 -3.5932 -0.875062 2.05231 3.93756 
-0.968742 -0.804307 1.09898 -0.275194 0.537079 0.809102 0.398433 1.26931 0.732318 1.06668 -0.545737 -0.627826 1.24205 0.0751349 0.0998204 0.517832 0.156338 0.156026 -0.0466589 -0.17477 0.183263 -0.567609 -0.973062 -0.691813 1.35971 1.57085 0.133759 -0.703783 -0.365051 -1.11188 0.086725 -0.982267 -0.377081 -0.512961 -1.08726 -1.17555 -0.367395 3.01884 -1.31198 
-0.931666 -0.950789 1.10541 -0.410657 0.903025 0.411902 -0.00222822 1.37445 0.248108 1.01685 -0.791151 -0.271537 0.0910177 0.171444 -0.33096 0.139576 -0.7922 0.314154 -0.102996 -0.16016 -0.237532 0.112565 0.10764 -0.880237 1.48566 -1.64137 0.130166 -0.715181 -0.268771 -1.12118 -0.330453 0.356923 0.0952627 -0.619576 0.369387 1.05484 0.632773 -0.547786 -3.00815 
-0.797298 -1.13527 1.23855 -1.06739 0.851234 0.706106 0.238274 1.03178 0.844883 1.17432 -1.42597 0.857831 -0.399317 0.205301 -0.61536 0.249061 -0.964841 -0.174427 0.310264 -0.0795075 -0.436313 -0.198222 0.0817798 -0.0590403 0.811928 -1.4373 -0.0461856 -0.349382 0.0745163 0.422003 -0.354569 -0.163636 -0.219993 0.0903939 -0.930625 1.63882 2.19607 -0.902665 2.76712 
-0.726365 -1.56615 1.35447 -1.3755 0.728598 0.722166 -0.0817358 0.93814 0.0498856 1.09863 -0.850191 0.540391 -1.34629 0.125258 -0.680342 0.214092 -0.370196 -0.0404153 -0.266631 -0.380152 -0.147138 -0.81806 1.74646 1.31584 0.582992 1.12576 -0.0820301 0.227185 -0.204043 1.01146 0.2269 -0.647697 -0.148322 0.237548 0.1258 0.176686 -0.293164 -1.73447 1.69147 
-0.67204 -1.81561 1.45264 -1.43759 0.810818 0.439475 -0.141879 0.884645 0.0268222 2.92077 -0.110138 1.44082 0.726439 0.123271 -0.388176 0.045018 0.0466234 0.0524727 -0.337433 -0.22783 -0.198765 -0.0724224 0.258466 -0.352205 -0.922543 0.254167 0.294034 1.27968 0.777478 0.95928 -0.0764287 -0.214317 -0.502776 -0.880183 -0.22554 -3.9518 -2.67544 -2.26841 -2.85016 
-0.603095 -1.95433 1.39949 -1.32887 0.78107 0.384733 -0.309566 0.739375 -0.0225368 1.3571 -1.2024 -0.382152 -1.09212 0.419292 0.599341 0.99157 0.589083 -0.116844 -0.480948 -0.882928 -1.02732 -1.0436 -2.20534 -1.35961 -1.68542 -1.7244 0.859003 1.73654 0.595768 2.42744 -0.79049 -1.07106 -0.832206 -0.547256 -1.35305 -0.701571 0.318721 0.289629 2.30889 
-0.252748 -1.21627 2.44421 -0.848507 0.693974 -0.0414733 -1.02481 -0.142676 -1.01678 0.715432 -1.46975 -0.244597 -0.997966 0.982274 1.34836 0.640786 2.47406 -0.738018 -1.40849 -1.06004 -0.746021 -1.42547 -0.443105 -0.0334831 -0.632914 2.56305 0.646432 0.499712 -2.75353 2.1482 -0.854458 -0.556238 -0.528235 0.63886 1.42149 1.38263 1.34442 0.357947 2.74055 
0.379179 -0.605962 2.04027 1.14519 0.0430528 -1.02376 -1.3696 -0.00664598 -1.44801 0.913993 -1.23588 -1.01507 1.47093 1.06572 1.09905 -1.76196 2.73729 -0.971302 -1.03719 -1.41116 -0.388461 0.377885 -0.822713 -0.0151893 -1.32747 1.01615 -0.355135 -0.58219 -2.79922 -0.931752 0.0800532 1.43545 0.728429 -0.356963 3.61055 -2.0134 0.51742 1.04535 -2.50843 
0.812977 -0.117215 0.682254 1.88878 -0.277328 -1.07866 -2.43597 -0.531137 -0.638894 -0.107281 -1.48494 -1.57207 0.0181804 0.627138 0.766173 -2.15844 1.54231 -0.657964 0.0269593 -0.331606 -1.10298 2.18508 -2.4565 0.483937 0.412438 0.0546254 -0.696547 -1.02716 0.563078 -2.12747 0.65198 0.240962 1.58448 -0.800801 1.28664 -1.18542 1.68679 2.52228 0.661136 
1.00632 0.160211 -0.118166 2.6875 -0.614912 -0.996801 -1.70121 -1.10963 0.737069 -1.54251 -0.751942 -0.602628 1.52556 0.369178 0.0718895 -1.19888 0.609812 -0.319322 -0.796224 0.173314 -1.18926 1.66452 -2.00813 1.6716 1.1948 1.67728 -0.331811 -1.08056 1.78955 -1.75662 0.582844 -1.29517 -0.0165118 0.695643 -0.967977 2.35743 0.536383 0.634665 0.418979 
1.18215 -0.045325 -0.516629 2.49859 -0.59665 -1.87488 -2.26266 -1.7204 1.02563 -2.11541 0.186668 -0.377268 1.69546 0.295328 -0.314388 -0.368893 -0.214303 -0.0751205 -1.26821 -0.348118 -0.407341 1.2171 -0.0990749 1.02032 1.0471 0.473604 -0.21557 0.0943958 0.63669 -0.121402 -0.225196 0.655496 -0.154879 1.41421 -1.33931 2.96574 -1.95641 -0.480711 -2.27765 
1.30164 -0.154177 -0.487059 2.4732 -0.690032 -2.26501 -2.04933 -1.51697 1.95417 -1.64158 0.268379 0.444475 1.99916 0.153608 0.166285 -0.562192 0.48841 -0.544518 -0.140729 0.018435 0.224953 0.325212 0.95761 -0.284806 0.714092 -0.600368 -0.121077 0.551674 -0.445619 0.364439 -0.192307 1.76277 0.9364 0.551304 -1.53305 0.714872 -0.875237 -0.432197 -1.41752 
1.33576 0.12096 -1.07882 2.987 -1.14117 -2.01561 -2.24422 -1.49545 1.35084 -1.1578 -0.098139 0.336824 1.09509 0.17425 0.237286 -0.814512 0.150137 -0.267427 0.494562 0.588282 0.143963 -0.315947 0.615797 0.145084 0.614906 -0.943915 0.0577004 -0.0520261 0.166838 -1.20457 0.502148 0.295687 0.906604 0.241154 0.767514 0.179983 0.688376 -0.69993 0.630084 
1.4759 0.0831092 -1.30157 2.62334 -0.957459 -1.77045 -1.46104 -1.37301 1.63822 -1.02579 0.413462 1.05938 1.05525 0.211309 0.114259 -0.395355 -0.716158 -0.0423703 0.154958 0.925039 0.466107 1.09273 1.13759 0.403569 0.0141622 0.0297155 -0.0434723 -0.273013 0.594783 -1.19311 -0.0324934 -0.748808 -0.396513 0.35927 1.08696 1.64537 -1.02817 -1.59966 0.0365546 
1.54707 0.235219 -1.47418 2.27084 -1.18354 -1.86065 -1.31918 -1.02934 2.44357 -0.0202102 0.30543 0.350986 1.12481 0.130778 -0.035727 -0.219729 -1.04297 -0.299921 -0.254247 0.19177 0.503233 0.771013 2.26116 -0.883088 -0.984751 -0.90736 -0.149072 -0.144969 0.338409 0.0729866 0.00232121 1.09097 -0.707812 -0.358651 -0.865842 0.403169 -0.470749 -0.8523 -0.616171 
1.60667 0.0473823 -1.5213 1.58036 -1.25738 -2.02469 -1.26927 -0.869775 2.40924 1.23538 -0.469626 0.0746299 0.147888 0.0622363 -0.0307104 -0.0569453 -0.643171 -0.0400491 1.24593 0.217227 0.107456 0.226884 1.54076 -0.0671796 -0.838138 -0.586456 -0.247967 0.335632 -0.157483 0.659077 0.487571 2.22453 -0.0850633 -1.10564 -1.36715 -3.59259 1.8865 0.425478 -0.574838 
1.60931 0.204509 -1.53112 1.62767 -1.22359 -0.614729 -1.10196 -0.921883 2.67045 1.52055 0.238251 -0.487152 0.538354 -0.117189 0.299905 -0.377212 -0.383897 0.187651 1.97028 0.106706 -0.602404 -0.59614 -1.33142 1.00341 -0.559273 -1.4822 -0.156368 0.118557 0.00498078 -0.378825 0.387609 -0.394762 0.415633 -0.542949 -1.95921 -2.70157 1.27378 0.528866 -1.64669 
1.48948 0.347287 -1.89851 1.19647 -1.06973 -0.0544076 -1.16257 -1.47218 1.8131 -0.0960453 0.533782 -0.484643 -1.33431 -0.0941314 0.0878462 -0.0519645 -1.022 0.34756 0.851164 0.632861 -0.435493 -1.73232 -1.16081 1.2066 -0.309272 -2.23314 0.13633 -0.0858553 0.364243 0.0420855 -0.768706 -1.18049 0.694359 1.20137 -1.26361 1.63131 0.324316 -0.571456 1.48905 
1.51518 0.292355 -1.58309 0.605677 -0.876028 0.236435 -0.469095 -1.35738 0.938128 0.359742 1.44485 -0.796424 -1.69479 0.0191413 0.214049 -0.0129687 -0.341811 -0.581056 0.789791 0.801065 0.598962 -1.85975 0.299885 1.32772 -1.13073 0.00685557 0.134035 -0.154803 0.187778 0.602621 -1.1939 -1.25577 -0.235333 0.971243 0.140521 1.18056 -1.04909 -0.175407 3.25147 
1.50863 0.561336 -1.91148 0.854655 -1.65079 0.735384 -0.361503 -0.873216 -0.0466517 0.20384 1.86151 -1.61537 -1.32746 0.0399037 -0.0669565 0.135814 -0.419375 -0.846337 -0.40461 0.397528 0.535749 -1.5918 0.019747 0.157509 -0.48468 1.01832 -0.089638 -0.244584 0.311736 0.102822 0.309308 -1.73288 -0.396469 -0.622523 1.12292 -0.0216981 -1.46031 1.99852 -0.0961711 
1.55508 0.225399 -1.44727 0.186303 -1.72236 -0.168175 -0.0715675 -0.821628 -0.653674 0.379489 1.60236 -1.2811 -0.676468 -0.0704967 -0.0305348 0.298767 -0.238989 -0.271748 -0.943092 0.404596 -0.0235608 -0.736824 0.278187 -0.13259 0.867796 -0.0893155 -0.237716 0.328093 -0.295154 0.349246 0.582306 -0.280384 -0.103081 -1.39387 1.24782 -0.672848 -0.430689 0.841054 -1.65198 
1.43813 0.530801 -1.61271 0.615666 -1.92253 -0.207709 0.043093 -0.896777 -0.783476 0.482027 1.72892 -0.747576 -1.41677 -0.197813 0.261137 -0.159341 -0.0701281 -0.264031 -0.684994 0.294447 -0.858124 -0.343978 -0.653101 -0.27318 0.356375 -0.633654 -0.0400816 0.0817814 -0.112794 0.00458987 0.24715 0.369485 0.184175 -0.54295 0.471375 -0.507059 0.231434 -0.218859 1.27922 
1.35727 0.486535 -1.60661 0.116175 -1.9864 -0.853169 0.222879 -1.67975 -0.997652 -0.273612 1.32918 -0.924729 -1.31012 -0.110578 0.0512466 0.185973 -0.234399 -0.024598 -0.573607 0.588771 -0.566511 -0.26545 -0.228872 0.0988446 0.648937 1.1899 0.168091 -0.188389 0.592111 -0.0968082 0.743119 0.199748 0.598069 0.96759 -0.477756 1.52864 0.558725 0.432341 0.787212 
1.32755 0.582048 -1.42674 0.381267 -1.94713 -0.781316 0.631864 -1.46329 -1.04893 0.253155 1.82776 -0.0986396 -0.226868 -0.0297213 0.0727476 0.43277 -0.166936 0.479088 -0.485247 0.892516 0.109465 -0.821734 0.875544 0.285545 0.788716 0.153558 0.0124967 0.403317 -0.149562 0.0422877 0.830396 0.145255 -0.191343 0.977783 -0.111339 0.988009 0.522301 -0.109026 -1.67912 
1.32755 0.559283 -1.17384 -0.0507616 -1.50731 -1.33842 1.1154 -1.57029 -1.81939 0.601931 1.61473 -0.136013 -1.15656 -0.0980815 0.454564 0.0364119 -0.192111 0.805798 -0.428352 0.397428 0.411272 -0.376788 0.759136 0.621145 0.539911 -0.489221 -0.13209 0.493381 -0.775246 0.217561 0.0349331 0.73879 -1.58462 0.379227 2.06026 -1.11106 0.600923 0.402489 0.198846 
1.22947 1.03661 -1.39033 0.189156 -1.14133 -1.20967 1.02929 -1.05202 -1.42571 1.01229 2.44891 0.441271 -0.716089 -0.161812 0.566129 -0.342476 0.0506249 0.514021 0.253544 -0.692107 0.488692 1.23853 -0.235513 0.886468 1.19121 0.352404 -0.0247163 -0.465757 -0.320483 -0.760703 -0.392929 0.407058 -1.85148 -0.852012 1.4185 -2.5579 -1.8973 1.17168 0.580268 
1.16573 1.12541 -1.51632 -0.000136659 -0.993287 -1.08487 0.423288 -1.08159 -0.580854 0.366419 2.50119 1.05519 -0.80416 -0.122798 -0.0111932 -0.284072 -0.952814 0.412868 -0.0212944 -1.45405 -0.440741 1.04172 -1.79877 -1.27616 1.71159 0.0910468 -0.0258967 -0.111876 0.386404 -0.465317 0.100835 0.257254 -0.19527 -0.692363 -0.447891 1.00338 -1.67814 0.171815 1.36473 
1.10667 1.02542 -1.6744 -0.763659 -0.728465 -1.23096 -0.424763 -1.49276 -0.383997 -0.786476 1.17275 2.15287 -0.625042 -0.187708 0.454253 0.0439284 -0.414692 0.614856 0.510797 -0.887377 -0.203671 0.79064 0.767872 -0.791671 1.36302 1.71713 -0.0601937 0.302934 1.12503 1.03734 0.145382 0.43111 0.432031 0.350207 0.533166 3.67334 1.4473 -1.4165 0.542036 
0.978026 1.57966 -1.47239 -0.414829 -0.378431 -0.574075 -0.464089 -1.28527 0.209785 1.13429 1.70952 2.41821 0.912969 -0.182992 0.291741 0.840954 0.084528 0.55825 0.409815 -1.02202 -0.0905338 1.57488 1.87458 0.171138 0.295091 0.633083 -0.0733216 -0.113177 0.664397 -0.385957 -0.0523786 -0.246286 -0.135182 -0.0908328 -0.919663 -0.189248 0.207783 -1.86172 -0.926494 
0.92368 1.31716 -0.833446 -0.679131 -0.170215 -0.821147 -1.44679 -1.58329 1.19088 1.0881 1.34388 2.44796 0.00804053 -0.26103 0.341075 0.708326 -0.800649 0.562477 0.264511 -1.02256 -0.294504 -0.129023 0.578624 -0.583888 -0.498702 0.790635 -0.0244463 0.602277 -0.74029 -0.916679 0.41417 0.0254922 0.861669 0.869402 -3.2314 -1.90866 0.117656 -0.37625 0.293728 
0.716996 1.92074 -0.764065 -1.21548 0.184046 -0.309564 -1.48665 -1.57977 0.0807624 1.71292 1.12563 1.91951 1.7036 -0.207438 0.894018 0.100664 -0.832151 0.97242 0.435308 -0.160354 0.778868 -1.65652 -0.0340819 0.288794 -0.081159 0.926811 0.243777 -0.0306985 -0.707714 0.130181 -0.0698155 -0.418967 0.81265 1.12303 -0.339229 -2.02023 0.813575 0.683738 -2.44664 
0.716242 2.21118 -0.732782 -1.51128 0.802204 -0.385839 -1.60714 -0.804423 -0.465633 1.05402 1.63268 2.3668 0.934852 -0.0172528 0.310377 0.000611506 -0.670468 0.492662 -0.154455 -0.209909 0.828527 -0.468252 -1.44161 0.229687 0.185036 -1.656 0.213149 -0.959676 0.00947711 0.614167 -1.20469 -0.445093 0.57813 -0.650719 2.01672 -0.997972 -0.834277 -0.690392 -0.668309 
0.699743 2.23112 -0.763453 -1.88595 0.676708 -0.46402 -1.69656 -0.751241 -0.38749 0.271309 1.35532 2.10455 0.0476013 0.00571142 -0.0656572 0.110141 -0.217984 -0.232272 -0.00978508 0.417776 0.128149 0.3602 -1.03205 -0.545483 -0.771551 0.258502 -0.00280807 -0.485485 -0.192387 1.09532 -0.669323 -0.512275 0.736601 -0.403964 0.338166 -0.273084 -1.07489 -0.352556 2.24762 
0.721953 2.14552 -0.622641 -1.72927 0.569933 -0.395625 -1.18936 -0.676275 -0.105433 0.0219652 1.08719 1.59525 1.19335 -0.0200608 -0.175108 -0.191775 0.424857 -0.176661 -0.66673 0.526693 0.424563 -0.130087 -1.71469 -0.845206 -0.16752 0.59162 -0.00153695 -0.378933 -0.228043 0.678557 -0.0832542 -1.03179 0.060328 0.393808 -0.875138 -0.569634 -0.384756 0.755372 -1.22093 
0.679683 2.05601 -0.955228 -1.46109 0.500047 -1.13075 -1.16986 -0.326678 -0.517577 -1.44338 0.510116 1.93703 0.639222 0.00417448 -0.444591 -0.117902 0.460573 -0.315526 -1.04157 0.478104 0.521957 -0.514938 -1.60169 -0.93024 -0.0161787 -0.962428 -0.00278732 -0.145086 0.251156 -0.110722 -0.371402 0.305786 0.432779 -0.316282 -1.03552 1.52534 0.451463 -0.728761 -1.58485 
0.726128 1.70093 -0.740544 -1.26869 0.254407 -1.4372 -0.71126 -0.154318 -0.620372 -1.57972 0.156955 1.57907 0.230925 -0.0228482 -0.320194 0.059381 0.314134 -0.548063 -0.360944 0.959472 0.108281 -1.1656 -0.189346 -0.393743 -0.89628 -0.993228 -0.03713 0.461846 -0.0405336 0.480897 -0.164312 0.838593 1.04003 -0.171311 -0.797522 2.94819 1.74865 -0.249164 -0.358644 
0.656834 1.73581 -0.895847 -1.14695 -0.048016 -1.49169 -0.210392 -0.218397 -1.68318 -1.63273 0.116373 1.04075 -0.354006 -0.0329556 0.0172552 -0.158436 0.941471 -0.479838 -0.202982 1.51813 0.350646 -1.31246 1.3465 0.818411 -0.265342 -1.32107 0.0946919 0.103201 -0.185702 0.977557 0.0138283 -0.167607 0.520789 -0.0345068 0.30887 1.71184 1.70077 -1.10235 -0.128627 
0.693172 1.71819 -0.89898 -0.327221 -0.225432 -1.64018 0.80687 0.196328 -1.93283 -0.233223 0.975365 1.31373 -1.09015 0.0718437 -0.216993 -0.126321 1.29169 -0.534235 -0.528551 1.48026 0.0737747 -0.856732 1.52249 1.30703 -1.99863 -1.12185 0.133598 -0.524242 0.516929 0.0447959 -0.539297 1.13702 -0.265654 -1.17721 1.06937 0.0818319 -0.5849 -2.03568 1.18984 
0.728678 1.51882 -1.02217 0.144737 -0.582251 -2.02025 1.26987 -0.144622 -2.53991 -0.110233 1.4234 -0.957884 -1.47586 0.100643 -0.506987 0.358493 0.986267 -1.01914 0.934035 1.25248 -0.826561 -0.243092 1.42833 0.233511 -2.30102 -0.131232 0.0159598 -0.381727 0.518598 -0.953676 -0.325917 1.64243 -0.712003 -0.766659 1.43725 -1.18476 -2.46987 1.99552 1.2307 
0.793815 1.2112 -0.540487 0.659046 -1.24457 -0.706146 2.05935 -0.630233 -2.17592 1.19511 1.20888 -0.987295 -1.22138 0.0878036 -0.59872 0.392277 0.338015 -0.860152 1.11388 0.768258 -0.692885 0.580516 0.337732 -1.16284 -0.00310455 0.108845 -0.140592 0.361612 -0.373836 -0.644371 0.679847 -0.451282 -1.39405 0.725428 1.58217 -2.58042 -1.57887 3.13956 0.479656 
0.816482 0.920101 -0.629891 0.482752 -1.4424 -0.906369 2.03813 -0.837507 -1.95939 0.227499 0.260568 -0.960988 -1.36702 -0.0399497 -0.145375 -0.015343 0.341896 -0.339288 0.482754 -0.141578 -0.101133 1.33907 -1.15209 -1.34536 0.838539 0.348423 -0.235182 0.494485 0.00482422 -0.3675 0.62693 -0.144859 -0.9713 0.580239 0.74559 -0.473438 -0.297671 0.75034 1.43629 
0.753865 1.06582 -0.55583 1.00094 -1.58386 -0.223392 1.91777 -0.731366 -0.836851 0.043018 -0.136482 -0.148756 -0.872956 -0.147378 -0.104235 0.397101 -0.0294848 -0.233221 0.969018 -0.203041 -0.112646 1.32611 -0.135706 -1.46051 0.747235 1.54514 -0.0817806 -0.0132471 0.227017 -0.95838 0.118459 -0.0412516 -0.206157 -0.207485 -1.55179 0.318599 0.0266693 -1.3611 0.0732351 
0.669104 0.815866 -0.23279 0.453267 -1.67562 0.0626487 1.83509 -0.950153 -0.633287 0.0917927 -1.19994 -0.213753 0.17812 -0.12173 -0.158623 0.211674 -0.616484 -0.220829 0.441502 -0.347735 -0.308618 -0.21272 -0.833491 -1.31869 -0.522558 0.421659 0.114357 0.0540796 -0.368591 -0.199408 0.185 -0.816149 -0.190051 0.0733015 -1.19173 -0.624938 1.99492 -0.724924 -1.54373 
0.632135 0.907201 -0.344156 0.384458 -1.80469 0.21811 1.57003 -1.03998 -1.04957 -0.790473 -1.45517 -0.671313 -0.451297 -0.0330213 -0.0501554 0.0285106 -0.228892 -0.0482211 0.152868 -0.393092 -0.0393443 0.134372 -0.760645 0.534415 0.0223112 0.00140436 0.0542791 0.232979 -0.299678 0.569777 0.457928 -0.59537 0.231615 0.303169 0.491136 1.51175 0.924606 1.14187 -0.371119 
0.636082 0.765711 -0.204279 0.224375 -1.72384 0.215517 1.442 -0.989497 -0.498915 -0.668852 -0.665524 -0.191442 0.179524 -0.0674513 0.074356 -0.0880036 -0.0467071 0.237099 -0.153868 -0.11612 -0.00544919 0.278415 0.67826 -0.394083 0.619313 0.0505392 -0.123645 0.130203 0.172806 -0.158572 0.468944 -0.498272 0.715557 0.248497 -0.759202 1.27928 -0.613126 0.0203641 -0.122135 
0.564684 0.981557 -0.432159 0.33775 -1.56759 0.0642421 1.45391 -1.04543 -0.771156 -0.112213 -1.84925 -0.0520003 -0.400758 -0.156666 0.080048 0.201317 -0.387465 0.420723 -0.345404 0.322466 0.209153 -0.62483 0.51864 -0.0787111 0.0426753 -0.120731 -0.286158 -0.14201 0.820924 -1.13378 0.180951 0.310594 -0.4834 0.720504 0.333229 -1.86081 0.8775 -0.259038 0.425429 
0.479416 0.845759 -0.00296229 -0.16309 -1.30312 -0.129886 1.76446 -0.780344 -1.12375 -0.150212 -0.744235 -0.148767 0.0587933 -0.35361 -0.0676541 0.73292 -1.18049 0.41805 0.156727 -0.599521 0.715055 0.611644 -1.18255 0.483417 0.360276 0.475968 -0.568004 -0.293453 0.529893 -0.117664 0.456418 1.08663 -1.34452 0.690717 1.77279 -0.735197 0.39138 -0.706574 -1.02369 
0.211074 0.913903 0.300761 -0.842735 -1.14954 0.220969 0.854392 -0.330378 -0.159512 -1.29477 -1.36584 0.308275 0.07521 -0.72467 -0.213405 0.731209 -0.505129 0.87714 0.741231 -1.02205 0.89987 1.14796 -0.216557 0.312668 -0.663899 -1.14442 -0.606185 -1.15159 -0.16331 1.84116 1.2622 0.752875 0.48787 0.179139 -0.0147408 2.03109 -0.549175 -2.30809 -1.58518 
-0.245254 0.632354 0.728247 -0.668219 -0.425982 0.611345 0.74241 0.119525 0.0242141 -0.366769 -0.431567 -0.812666 -1.08562 -0.959795 -1.21924 0.569609 0.660674 1.68025 0.909602 -0.11165 0.894194 0.596903 0.848531 -0.0657588 -1.94782 -1.10921 0.134818 -0.826917 -0.552307 0.829783 0.429073 -0.284543 1.10569 -0.176551 -0.822846 0.682828 -0.267774 0.775626 0.0725827 
-0.748721 -0.305339 0.87037 -0.18206 0.53071 1.13057 0.742742 0.563816 0.437391 -0.446237 -1.4316 -1.63954 -1.034 -0.589851 -1.04032 0.178902 0.324654 1.30621 0.456688 0.0836378 0.723318 0.325114 0.466271 0.0448948 0.111728 -1.07183 0.824499 0.903633 -0.844835 -0.681154 -1.21611 -0.641681 0.0269219 -0.340236 -0.346254 -0.466335 1.70549 3.00059 0.671426 
-0.835105 -0.407968 0.907149 -0.343565 0.880232 1.06803 0.826048 0.842844 0.349328 0.0995024 -0.386672 -0.700938 -2.15746 -0.135296 -0.315609 -0.275226 -0.0204801 0.464141 0.267921 -0.0847285 0.553958 0.250649 0.382196 1.63973 1.05277 -0.437784 0.50031 0.770937 -0.662864 0.0159799 -1.13933 -0.189787 -0.0921277 -0.548413 -0.554474 -0.0377006 -0.17968 0.679907 3.0534 
-0.884017 -0.620949 0.595144 -0.20254 0.994851 1.39849 0.658013 1.11777 0.68804 -0.0640415 0.208137 -0.586767 -1.47178 -0.0895413 -0.269385 -0.483962 0.340634 0.166883 0.266901 -0.00848981 0.174905 -0.22936 0.428571 -0.134786 0.791634 1.98156 0.0486394 0.30297 0.281582 0.186489 -0.299462 -0.188604 -0.322595 -0.84879 -0.897535 1.02997 -2.05616 -0.793839 1.30389 
-0.924647 -0.677353 0.423187 -0.00293096 1.04711 1.33493 0.817558 1.01775 0.119968 0.528073 -0.521457 0.0906964 -0.175892 -0.0866569 -0.0126388 0.00635575 0.166009 0.164679 0.079317 -0.407324 -0.294832 -0.646886 1.41216 -0.416432 0.258934 0.866102 0.145343 0.519155 0.708576 -0.431879 -0.0401695 -0.330528 -0.305443 0.0100751 0.500513 -1.96979 -0.119678 -1.80155 -2.59564 
-0.970674 -0.633587 0.6015 -0.036531 1.15953 1.47781 0.250689 0.822941 0.041154 1.34812 -0.208295 -0.327832 -0.605681 0.0558013 0.249769 0.224614 -0.091245 0.126713 -0.063627 -0.313933 0.18498 0.271153 -1.54122 -0.254463 -1.00991 -0.614077 0.126066 0.11925 0.0407605 -0.542722 -0.567193 -0.664357 0.279021 0.107747 0.783771 -5.0565 -0.629906 -1.33046 -1.07564 
-0.868845 -0.427584 0.647801 -0.0941759 1.17383 1.27131 0.503625 1.20273 0.39112 -1.01314 -0.775921 -0.919217 -0.78997 0.0394093 0.106612 0.0471163 -0.376713 -0.402514 -0.58504 -0.128303 -0.187086 0.136885 -3.64434 -1.04634 -1.07153 -0.209543 -0.179175 -0.54897 -0.139732 0.403168 -0.295167 -0.428948 -0.225215 -0.822776 -2.01952 0.802302 0.264274 1.72697 1.92433 
-0.931265 -0.526976 0.648616 -0.413244 0.757017 0.892768 0.122386 0.635856 0.178039 -2.29622 -1.25463 -1.39936 -0.815224 -0.123374 -0.299201 0.0848818 0.311923 -0.168454 -0.492575 -0.539148 -0.637796 -1.74837 -0.738913 0.0098106 0.717058 1.31025 -0.0880084 -0.138071 0.1217 0.759872 0.423171 0.274115 0.52978 0.73092 0.38968 4.32386 1.77325 1.55313 0.0173812 
-0.992219 -0.726785 0.732683 0.217747 1.00537 0.778731 -0.0355223 0.564933 -1.35725 -1.75206 -0.76611 -0.202159 0.520281 -0.0485991 -0.0314595 0.168816 0.383159 0.0206569 -0.310924 0.401477 0.543835 0.526564 0.679517 0.726909 0.481599 -0.192161 0.141662 0.48103 -0.03821 -1.14146 0.0113851 0.447929 0.75388 1.64296 4.39641 2.9225 0.811808 -1.33277 -2.27485 
-0.979864 -0.558435 0.817433 -0.0300842 0.777674 0.581844 0.523863 1.17969 0.704603 -1.61671 -0.527723 -0.917761 -1.00739 0.0182881 0.181829 0.0466718 -0.829536 -0.157069 -0.0446461 0.214733 1.00517 2.64804 2.18359 0.821619 -0.615708 -0.964601 0.0532822 -0.0847489 -0.264088 -0.417915 0.210962 0.0360428 -0.600673 -0.6008 -0.854754 2.37078 -0.604344 -0.565239 1.22214 
-0.973931 -0.544956 0.779355 -0.611789 0.848304 0.734085 0.17921 1.5701 1.29079 0.431535 0.0555085 -0.817866 -0.44432 0.0046831 -0.116208 -0.095271 -0.034756 0.231619 -0.274881 -0.199196 -0.056965 -0.32819 3.0503 0.122565 -0.0836398 1.02998 -0.00617398 -0.155436 -0.0532649 1.51196 0.413246 -0.255029 0.174963 -1.40028 -3.91719 -2.95908 -0.791886 2.87726 2.4909 
-0.975181 -0.674644 0.722162 -0.0648402 1.00929 0.306963 0.324667 1.12273 0.376413 1.43359 -0.405158 -1.0014 0.0225945 0.0121141 0.0263933 -0.00659316 0.68242 0.256176 -0.299676 0.389696 -0.395118 -1.26915 -0.775492 0.0297322 2.26155 1.5263 -0.00728881 0.0589338 0.0626955 0.443949 -0.459581 1.10086 0.254129 -0.133138 -0.0583168 -5.18747 -0.14129 2.41176 1.00709 
-0.961817 -0.518563 0.772762 0.0706304 1.10448 0.43441 0.568906 1.17498 0.0216438 -0.343958 0.0852407 1.44368 1.08198 -0.00260571 -0.0572746 -0.0325755 0.409193 -0.227962 0.825978 0.0549322 -0.190103 -0.386507 -2.13717 -0.018725 2.32812 2.03707 -0.0958918 -0.318562 0.0667257 -0.629526 -0.412007 1.18819 -0.524055 -0.17562 1.30693 1.59966 0.0204181 -3.91171 -2.87759 
-0.977787 -0.731918 0.689586 0.344353 0.78133 1.13294 0.379599 0.932622 -0.0100933 -0.703579 -0.423883 1.32672 2.05967 -0.0837777 -0.292168 0.0601325 0.0528934 -0.15583 0.888511 -0.134359 -0.570738 0.037781 0.824165 0.0501503 -1.65016 -1.35129 0.0279017 0.163434 -0.102684 -0.784719 0.385898 -1.24807 -0.419059 -0.155353 0.481353 2.70847 0.487982 -2.78086 -3.19006 
-1.04559 -0.810731 0.832894 0.123524 0.94865 1.32292 0.434547 0.604242 0.0594248 0.480208 0.135391 -0.206479 -0.269314 0.025296 0.106159 -0.13526 -0.375526 0.157935 -0.422094 -0.364127 -0.345456 0.0948469 0.571302 0.469257 -0.452741 -1.15299 0.104427 0.359703 -0.292193 -0.295582 0.310879 -1.27946 0.296846 0.904727 -0.494261 -1.15583 0.0213735 2.10529 2.4895 
-0.952491 -0.625759 0.554326 -0.0311737 0.939265 0.710847 0.0154719 0.587166 0.0847536 -0.132276 0.0453737 0.873978 0.906678 0.0206498 0.0675351 -0.232061 -0.242689 0.155048 -0.39095 0.162487 0.333989 -0.45648 -0.33166 0.0715238 0.455131 1.13821 -0.048856 -0.140925 -0.203823 -0.371811 -0.573664 0.283528 0.215984 0.0625893 -0.245424 -1.22869 -1.75619 -1.3814 0.284646 
-1.02495 -0.743196 0.600834 -0.119165 1.1037 0.93197 0.597034 0.938231 -0.397055 0.148548 0.206915 0.248651 0.868891 -0.02356 -0.0347656 -0.339082 -0.747337 -0.415729 -0.138566 -0.148143 -0.282867 -0.150577 -0.657383 -1.28693 -1.83414 -0.868341 0.016709 -0.0144358 0.217993 -0.325971 -0.644553 -0.0959017 -0.763296 -0.431925 0.995481 -0.447504 -0.48453 -0.192174 -1.07941 
-0.976051 -0.660525 0.215244 -0.778511 0.523536 0.572281 -0.132671 0.304299 -0.0658238 -0.789659 -1.24156 -0.960165 0.0383366 0.0373588 0.0530993 -0.0140675 -0.568659 -0.489504 -0.486852 -0.600809 -0.097936 0.539001 -0.779164 -0.413006 0.262956 0.0587908 -0.00413474 -0.0522188 0.895327 1.41729 0.592691 -0.770255 0.310385 1.12547 0.79852 0.669252 1.6042 2.70797 1.29753 
-0.987586 -0.690097 0.586766 -0.687824 0.614194 0.445118 -0.0037754 0.840295 0.141946 -0.630616 -0.206091 0.511608 0.927682 -0.0276948 -0.0869844 0.556245 0.669952 0.176962 -0.90882 0.162243 0.842608 0.647942 0.0118691 0.317268 0.873831 0.42919 -0.0715392 -0.104993 -0.199996 0.990729 0.854379 0.445381 0.916339 0.0935543 -1.14525 1.06492 0.284081 -1.05275 -1.16305 
-1.00375 -0.747509 0.771489 -0.108559 0.700498 -0.336539 0.0295722 1.14691 0.582119 -0.77779 -0.924291 -0.0863345 0.467526 -0.0341805 -0.0518936 -0.214063 0.42207 0.364875 -0.0414713 0.31553 -0.00438166 -0.606247 0.285754 -0.128925 -0.789793 -1.10426 0.0336875 0.201749 -0.865115 -0.939172 -0.248361 1.62181 0.265174 -1.23057 -0.807205 1.0266 -0.64087 -1.47205 -1.34559 