-0.989238 -0.790118 0.137272 -1.60684 0.0747051 -0.588151 -0.0864594 0.0473084 -2.96341 -2.39897 -1.71363 -0.48783 -1.55943 -0.0467584 -0.421341 -0.123774 -0.606049 0.00243461 -1.06132 -0.503094 -0.415526 -1.3335 -1.22866 -0.80756 0.793565 2.29593 0.0564518 0.728212 0.883273 1.99918 1.41249 2.69961 2.56255 1.50945 5.37445 3.76801 2.76312 3.50189 4.79827 
-1.02864 -0.838956 0.491024 -0.985492 0.402306 -0.0406564 0.749377 0.500397 -1.35786 -1.3084 -1.41611 0.877673 0.89341 0.00539462 0.331705 0.512624 1.41743 0.96631 1.36914 1.31137 0.617975 2.63352 1.45191 1.46551 1.83836 3.09973 0.125177 0.682539 0.0963153 1.17438 0.591988 2.20857 1.16639 1.01353 2.75653 1.00301 1.1917 -1.42586 -5.45427 
-0.983844 -0.458413 0.649897 -0.189406 1.04102 0.780989 1.22491 0.665283 -0.329892 -0.947059 -0.248118 1.35053 1.5403 0.078419 0.261199 -0.0274587 0.56833 0.594423 1.14725 0.663297 0.598007 1.42303 -0.225654 0.384142 -0.632297 -3.15834 0.00311413 -0.686075 -0.658445 -1.51675 -1.46252 -2.67776 -1.80208 -0.695661 -4.29453 -2.65409 -2.84744 -2.8423 -3.87452 
-0.950225 -0.577757 0.463565 -0.417162 0.996729 1.1066 1.41267 1.0984 0.0651706 -1.53405 -1.03196 0.245376 -2.26493 0.00850875 -0.35437 -0.145821 -0.0993176 -0.496212 -1.30862 -0.490712 -0.077686 -1.66101 -1.20218 -1.38192 -1.00394 -0.774792 -0.0624634 -0.150361 0.269503 -0.293526 -0.72149 -2.2546 -1.18052 -1.0567 -2.71083 0.706723 0.567487 1.09562 6.11027 
-0.975335 -0.812783 0.504076 -0.288724 0.544803 -0.527632 0.734197 0.587597 -1.9909 -2.14924 -1.63004 0.346586 0.765503 0.0159556 0.110838 0.242044 0.274803 -0.127067 -1.10734 -0.517223 -0.45869 -1.2878 0.48107 0.951629 0.463319 2.95193 0.0128626 0.467316 -0.0563982 -0.630199 0.522265 2.3759 1.32737 0.311749 2.9491 3.23714 3.06292 1.46497 -0.821008 
-0.934269 -0.46692 0.70561 -0.142358 0.869662 -0.000748093 0.895451 0.639715 -1.22263 -1.05298 -0.0803339 0.708695 0.687005 0.0213713 0.112946 -0.202219 -0.729516 0.0260532 1.06728 0.836662 0.234063 1.28809 2.03496 1.68099 0.461033 -1.5958 -0.0287587 -0.339002 -0.416401 -0.87053 -0.376827 0.777184 0.451287 0.531371 2.60151 -0.222851 -1.35088 -0.412449 -3.34479 
-0.953964 -0.699837 0.301857 -1.01824 0.570856 0.539651 1.57086 0.82166 -0.702811 -0.114275 0.0509481 0.807619 -0.830297 -0.0128031 -0.228164 -0.174357 -0.595727 -0.503893 -0.33016 -0.0659356 0.0726817 1.31371 0.258219 -0.399255 0.0508701 -0.392851 0.0145478 -0.0756892 0.31547 0.635604 -0.0628186 -0.950035 -1.65967 -0.31872 -0.218995 -2.98098 -2.48816 -0.211678 3.06666 
-0.947072 -0.695084 0.531253 -0.738085 0.365769 -0.330908 0.829516 0.712396 0.0910757 -0.794764 -0.479589 0.759565 0.294154 0.0359191 0.0372568 0.113251 -0.0939123 -0.0367653 0.117248 -0.823012 -0.0846574 1.0691 -0.946019 -0.807172 0.249356 1.47086 -0.0118118 0.299202 0.126268 0.431727 0.809716 0.725376 -0.0822063 -0.0677665 -0.650153 -0.0337732 0.117657 0.177162 -0.797601 
-0.918044 -0.66258 0.415109 -1.11215 0.534091 0.656898 0.747848 0.737003 0.366287 -1.06029 -0.756224 1.05697 0.640568 -0.0246149 0.071038 -0.048089 -0.164 0.305823 0.395217 -0.148142 0.00491528 0.663553 0.224445 -0.281598 0.228032 -1.19045 -0.116997 -0.0491199 0.134346 0.701877 0.353257 -0.0427635 1.19142 0.506551 -0.878578 1.42442 1.6772 -0.71611 -4.60154 
-0.971687 -0.624046 0.483164 -0.902085 0.671592 0.0643091 0.681374 0.717312 0.754629 -0.570318 -0.761186 0.987597 -0.896298 -0.0810774 -0.011863 0.247597 0.607965 0.316492 0.0744842 0.368412 0.421893 0.19052 0.478405 0.870023 -0.466754 -3.13067 0.0546537 0.00535976 0.240327 0.511481 -0.219868 0.655332 0.586807 0.0352973 -0.993301 -0.0988701 0.954128 -0.163804 3.19319 
-0.999122 -0.674443 0.662706 -0.504187 0.850583 0.731382 1.11626 1.1589 0.556807 -0.581889 0.113799 0.590221 -2.49011 0.0300389 0.0763978 0.192238 0.347481 0.0859544 1.05055 0.438665 0.0402126 -0.329748 0.125575 0.67253 0.0642277 2.00274 0.177369 0.262216 -0.211822 -0.33715 -0.441867 -0.563736 -0.703827 -0.85074 0.393756 0.589335 -0.627042 1.23941 6.25798 
-0.941648 -0.547648 0.675402 -0.554603 0.757546 1.11486 1.12004 0.757524 0.424881 -0.444743 -0.0886561 1.05182 1.10644 0.0962911 0.250353 0.0357751 0.270815 -0.125375 -0.489251 -0.335415 -0.428847 0.584277 1.06774 0.242982 0.772656 3.12731 -0.0413679 -0.0731959 -0.157974 -0.0276673 -0.32747 -1.9948 -0.64735 -0.202852 0.572663 -0.223172 -0.240701 -0.185428 -2.31617 
-0.902831 -0.42409 0.698481 -0.233372 0.725208 0.242131 0.780844 0.73005 1.14108 0.485851 0.356781 1.36288 0.637205 -0.011329 0.00320188 0.0342639 0.319814 -0.241516 -0.944251 -0.208685 -0.162639 0.242916 -0.0975971 0.431829 -0.1212 -0.313429 -0.211493 -0.507666 -0.22627 -0.980176 -0.0977607 0.277066 0.431792 0.273472 -2.1187 -2.71624 -1.39568 -1.60795 -4.08007 
-0.952977 -0.544446 0.709666 -0.234789 0.51603 0.170606 0.911353 0.594885 0.667797 -0.54234 0.343173 0.930624 0.793009 -0.115202 -0.257313 -0.190495 -0.709361 -0.223136 -0.212186 0.0963764 -0.155375 -1.53442 -1.6485 -1.1527 -0.835297 -0.95276 0.0481305 -0.000903852 -0.0392588 -0.481754 0.624496 1.23839 0.503359 0.357656 -0.155301 0.324851 -1.60127 -0.214527 -1.56343 
-1.01803 -0.681403 0.507986 -0.942734 0.502072 0.029945 0.87722 0.574675 -0.393335 -1.16265 -0.795918 0.527579 -0.315555 0.0368015 0.00229803 -0.00499495 -0.16194 0.38298 0.294139 0.294674 0.195016 0.0876149 0.227254 -1.16944 -0.335727 -1.87686 0.215247 0.157992 -0.0745774 0.219165 -0.355637 -0.232741 0.0986613 0.105267 -0.149011 1.76165 1.21131 1.00358 0.991746 
-0.916176 -0.542148 0.704671 -0.396729 0.89901 0.464745 1.20603 0.789901 0.755412 -0.315086 -0.826265 0.594897 -1.08385 0.100046 -0.0993213 -0.265072 -0.490196 -0.578773 -0.444927 0.195038 -0.0501079 -1.68343 0.113156 0.0586086 0.168283 0.0389864 -0.138066 -0.18821 -0.105683 0.15971 -0.443959 0.587949 -0.299771 -0.513261 -1.86783 -0.174116 1.75827 1.10555 4.37424 
-0.917987 -0.780725 0.242914 -1.43293 -0.0767017 -0.414982 1.07226 0.524567 -2.07676 -1.04949 -0.73731 0.695862 -0.276568 -0.101265 -0.185912 -0.110678 -0.00223003 -0.0609785 0.882088 -0.00509678 -0.318244 -1.78022 0.0531385 0.588831 0.769825 2.49738 -0.175252 0.0925817 0.677283 1.46168 1.83071 2.08516 -0.323637 0.0785108 3.51452 0.341842 0.505879 0.208064 0.32627 
-1.01744 -0.728061 0.593994 -0.398959 0.838032 1.34683 1.20093 0.471657 -1.02481 -0.261947 -0.237434 1.36472 1.41353 -0.0752068 -0.00673954 0.412211 0.971487 1.25193 1.64023 -0.128599 0.0284029 1.83109 0.454998 0.564488 0.376348 0.365256 0.246919 0.418273 0.110433 0.11019 0.19531 -1.02672 -0.350803 0.338266 4.04658 -0.542439 -0.829634 -1.60132 -2.67492 
-0.993194 -0.787464 0.655125 -0.461443 1.17523 1.22525 0.943658 0.55297 -0.245673 -0.594494 -0.172822 1.07221 0.0886884 0.145654 0.232361 -0.000244028 0.10796 0.134331 -0.14463 -0.3559 0.0200222 2.26636 -0.4893 -0.240804 -0.831497 -0.177537 0.140059 -0.0110581 -0.356453 -1.00775 -1.83512 -1.80319 -0.63639 -0.119955 -1.29513 -0.869655 -1.68605 -0.527885 0.212247 
-0.871786 -0.4957 0.59375 -0.290999 0.972363 1.2022 0.845031 0.491679 1.24156 -0.751248 -0.478238 0.533224 1.23599 0.0648523 -0.0177976 0.0557581 -0.0362616 -0.583182 -0.162962 -0.76499 -0.0915525 0.535959 -0.414656 -1.12156 -0.151537 0.577503 -0.134194 -0.695957 0.0382558 -0.787326 -0.455347 -0.327954 -0.439815 0.470127 -4.51079 -0.700607 -0.683801 0.653942 -1.81717 
-0.928341 -0.805262 0.710883 -0.497705 0.59205 1.06229 0.178669 0.461417 0.290286 -1.00915 -1.29438 0.920673 0.666192 0.0114605 -0.463597 0.0380118 -0.679367 -0.321015 -0.472584 -0.795715 0.49015 -2.24443 -1.18991 -0.924605 -0.177555 -1.99471 0.0391727 -0.227061 0.115589 -0.210472 0.679229 0.133245 0.618783 0.452002 -2.29062 -0.255592 1.80028 -0.376122 -1.44129 
-0.860326 -0.959297 0.631762 -0.970366 0.651348 0.729619 0.0493156 0.981828 -1.00287 -1.94116 -1.40284 0.355669 -0.758719 0.104025 -0.244859 0.171347 -0.246734 0.0960474 -0.029717 -0.146207 0.360449 -1.75466 -0.670248 0.678721 -0.52766 -0.863786 0.0904187 0.0498775 0.220624 1.25235 0.628231 1.80517 1.57049 -0.0773955 2.76575 2.27915 0.952118 0.963126 3.31038 
-0.824316 -1.05012 0.88223 -0.744438 0.688098 1.03257 0.0324619 0.821866 -1.46437 -1.6794 -0.615661 0.393013 -0.197594 0.101879 -0.413719 0.258636 0.572983 0.307215 1.33259 0.774773 0.412754 0.521325 1.08924 0.027513 0.785571 1.31567 -0.0196249 -0.359684 -0.0282495 0.164707 0.330786 0.471699 1.12168 0.451015 2.04018 1.84113 -1.39726 1.52749 0.797927 
-0.758446 -1.37302 0.890397 -0.397383 0.958563 2.06221 0.824088 1.39458 -0.481547 -0.851914 -1.37533 1.14124 0.556952 0.0844001 -0.604542 0.143097 -0.0820266 0.426833 0.441982 0.975474 0.811464 0.285524 1.17088 -0.718541 0.999832 -0.0658591 -0.0268111 0.127034 0.10024 -1.55006 -0.0955995 -2.58851 -0.732271 -0.339109 -0.390253 -0.546341 -0.670915 -0.561088 -3.02902 
-0.739916 -1.65466 1.02533 -0.826465 1.11493 1.47455 1.00794 1.63333 -1.17885 -0.50852 -1.3342 1.39285 -0.263453 0.0750681 -0.286685 0.358876 -0.977082 0.211616 -1.25593 0.0425021 0.0736451 0.131072 0.5429 -0.643402 0.224483 -1.71335 -0.0351668 0.738384 0.397428 -0.206988 -0.417506 -1.33098 -1.38864 -1.60061 0.342311 -0.757179 1.72283 -2.11704 -1.01763 
-0.683378 -1.6597 1.24927 -1.37446 1.17018 0.806281 0.86659 1.46823 -0.350475 -0.309014 -2.01873 1.36572 -1.15639 0.0492333 0.133841 0.540526 -0.289015 0.00932758 -0.889003 -0.413168 -0.789149 0.627834 0.413699 1.00429 -1.11721 -1.08349 -0.0198725 0.653251 0.000599768 1.3346 -0.324256 1.75849 0.51124 -0.32113 -0.407948 -0.778356 1.89156 -0.635058 2.66929 
-0.690683 -1.52082 1.56585 -1.11548 1.12426 0.58555 0.594768 0.844182 -0.551016 -0.0948209 -0.329912 0.275636 -1.34694 0.0551956 0.366566 0.359476 0.357523 -0.112641 0.502566 0.553742 -0.247485 -0.276876 -0.235456 1.24816 -0.410575 0.955942 -0.0495978 0.171417 -0.397627 0.497575 0.0238796 0.84479 0.743711 1.00554 -0.905856 0.159245 -0.662888 1.7302 1.36535 
-0.628183 -1.29314 1.60875 -1.01694 1.05754 1.30885 1.42033 1.22074 -0.627351 -0.54447 -0.770575 0.955148 -0.200452 -0.000364492 0.305259 0.142899 0.20856 0.0332072 -0.0442128 0.330543 0.216388 -0.278021 0.572944 0.341401 0.612992 0.281859 -0.0864115 -0.488622 -0.492352 -0.206893 0.554459 -1.43141 -1.30719 0.23456 1.9246 2.31905 -0.55714 0.638598 -0.56763 
-0.691047 -1.21556 1.70875 -0.90692 1.15747 0.541338 0.925311 1.06057 -0.829037 0.478123 0.0114891 0.888628 -1.06508 -0.0312159 -0.122056 -0.132876 0.150631 0.441819 -0.92884 -0.753449 -0.0129249 1.64772 2.08359 0.691017 0.228023 0.388312 0.0177203 -0.400075 -0.57408 -0.699772 0.00207038 0.485682 0.00750326 -0.0290566 0.174111 -1.03402 -1.33595 -0.666526 2.00024 
-0.659398 -1.41519 1.47587 -0.866311 1.49936 0.380008 0.666883 1.20782 1.02037 1.53912 -0.0795575 1.18317 0.187861 0.0173558 -0.0948167 -0.431181 -0.491211 0.0352775 0.441469 0.338046 0.187332 -0.103911 -0.461071 -0.99455 -0.0535337 2.2821 0.0756061 0.251477 -0.265366 -0.425448 -0.911247 1.51183 1.06091 0.0729253 -1.62338 -2.30294 -1.57671 -0.91963 -0.206425 
-0.673691 -1.31038 1.27757 -1.39813 1.19274 0.982807 1.26336 1.2479 -0.932948 0.0170522 -0.983061 0.835095 1.21702 0.0443902 0.129421 -0.398242 -0.274818 -0.469429 0.582987 0.307461 0.0600003 0.0243481 -0.219347 -0.885697 -0.691608 0.181888 0.0564009 0.0379881 0.112513 0.85124 -0.000161148 -1.04033 -0.760988 -0.152468 1.04762 1.43091 1.4069 1.22733 -2.21413 
-0.615008 -1.28577 1.07763 -1.14113 1.02993 0.962994 0.974344 1.26782 1.04472 1.31977 -0.965255 0.491563 0.369748 0.0737568 -0.0568286 -0.318668 0.360029 0.0351164 -0.598856 -0.422941 0.0348635 0.943714 0.969838 0.412353 1.1738 0.0679663 -0.0246324 -0.451957 -0.0123411 0.509468 0.950486 -0.0540089 -0.45768 0.165279 -0.640836 0.0949032 1.09233 1.30434 0.742752 
-0.599935 -1.36721 0.958902 -1.0381 1.22786 0.383951 0.840416 1.28277 0.0107668 0.98689 -0.570708 2.0089 1.28498 0.0197578 -0.322536 -0.410583 0.234651 0.481058 0.528978 -0.150219 0.225279 -0.616488 -0.124443 0.206634 0.612732 0.92464 -0.0791456 0.193156 0.174389 -0.116663 -0.156668 1.59482 -0.186019 -0.39628 -1.67696 -0.826678 -0.771219 -2.59814 -0.950284 
-0.59525 -1.60831 0.667049 -0.906478 1.51099 1.49197 0.824125 1.4931 0.428233 1.19533 -0.75862 1.1043 1.29439 -0.00538889 0.136327 -0.144279 0.243366 -0.121551 0.995964 -0.60896 -0.361417 -0.733241 0.14316 -0.358866 -1.42434 -0.882318 0.772591 2.77868 0.906643 0.16936 -1.17325 -0.718098 -2.93026 -2.60238 0.299366 -0.371964 0.613731 -2.02588 -2.41139 
-0.605324 -1.23088 0.814623 -0.794737 1.10631 1.37991 0.231456 0.921348 -0.722474 1.13005 -0.929575 0.584556 0.402664 0.792349 2.45614 0.49606 0.404011 -0.692189 -0.18912 -3.08048 -2.3771 -0.317123 -0.496407 0.820365 -1.41314 -1.48675 1.36965 2.44196 -0.49608 -0.214577 -0.79286 -2.85937 -1.76873 -1.38006 0.603757 -1.07141 2.35302 -0.351696 1.81935 
0.197099 0.847837 1.16311 -0.502467 0.818797 1.30285 -2.25636 -0.884 0.11111 0.698923 0.0617448 -0.308848 -0.19236 1.36427 2.57829 -0.640359 0.0287893 -0.914411 -1.86341 -2.37769 -1.74148 -0.129484 -0.928249 1.99416 -1.77604 0.937028 -0.00947858 -1.58719 -2.21182 -0.128925 0.17698 -4.10846 4.32445 2.33552 -0.791913 0.805956 -0.537724 0.689323 3.4946 
0.758942 1.34741 0.174265 -0.765948 0.191897 -0.483493 -2.14624 -0.820131 -0.851958 0.201801 1.06458 -1.19148 1.33969 0.782871 0.868949 -1.71576 0.275086 -0.515209 -4.29757 1.24397 -0.0415746 -1.10904 0.309549 0.282641 -0.72382 2.00785 -0.89662 -2.8373 -0.221832 1.43859 0.506014 0.398637 3.58819 1.45141 2.07298 1.60273 -2.27404 2.58869 -0.075352 
0.97997 1.71679 -0.552651 -0.227381 0.303588 -2.99472 -1.01238 -0.925574 -0.997925 1.00847 0.344386 -1.03267 1.81549 0.467646 -0.25901 -0.862191 1.46738 -0.408397 -1.46477 1.2105 -0.290073 1.9435 0.674482 -0.279885 0.812656 0.861676 -0.555426 -1.18616 1.00155 1.41517 -0.705251 5.77917 -1.43726 0.156735 2.78925 -0.705916 -0.380738 1.26733 -2.23021 
1.22659 1.0884 -0.687926 0.701436 -0.216499 -1.94826 -0.935736 -1.1102 1.09154 0.876284 0.784698 -0.378823 2.20137 0.227445 -0.317212 -0.714213 1.69026 -1.22046 1.4816 -0.193284 0.115161 1.68022 -0.396367 -0.0980966 0.543515 -0.222363 -0.436849 0.505661 0.113209 -0.969455 -0.262598 2.21323 -1.25949 0.671727 -1.90476 -0.872821 -0.29787 -0.843432 -1.46277 
1.20741 1.39957 -1.26686 1.46288 -0.916872 -1.51312 -1.20567 -0.810414 0.682292 0.612105 0.24629 -0.489153 1.59312 0.0307965 0.246651 -0.748982 0.497929 -0.670995 0.748461 -0.0489932 0.381654 0.0387433 -0.198338 -0.577755 -0.0307756 -0.601092 -0.186634 0.0979067 0.281857 -2.11655 0.973772 -1.92675 0.231989 -0.289262 -1.28432 -0.513333 -0.73325 -1.0376 -1.51396 
1.25738 1.33505 -1.43691 1.19936 -0.887495 -1.1998 -0.98473 -0.72855 1.13028 0.677945 0.206943 -0.409599 1.60028 0.0408113 -0.219306 -0.432357 -0.426292 -0.246688 -0.445149 0.0387047 -0.174101 0.3959 -0.909699 -0.831347 -0.49409 -1.73633 0.0625457 -0.721656 0.736063 -0.988887 0.741582 -1.84799 0.299167 -0.616017 0.199361 -0.621302 0.253979 -0.499549 -0.594469 
1.24823 1.18027 -1.69922 1.03659 -1.16356 -1.95827 -1.16696 -0.984515 1.07819 -0.297594 -0.585057 -0.983243 -0.143202 0.0933422 -0.475005 -0.0129195 -0.490959 0.0705871 -1.09953 0.250174 -0.234363 0.238104 -0.819641 -0.323776 -0.530324 -1.19556 0.0516948 -0.0270426 0.440561 0.547408 0.130422 0.68261 -0.239112 0.49405 -0.433739 0.664839 1.3423 0.0423655 2.36848 
1.35073 0.860044 -1.44983 0.708406 -0.816908 -2.29933 -0.734556 -0.962914 1.36839 -0.141695 -0.116833 -0.939923 0.404715 0.0925061 -0.246348 0.00820487 0.121116 -0.116267 0.237462 -0.200407 0.319949 -0.037839 -0.244861 0.510956 -0.451724 0.632156 -0.0361585 0.329034 -0.0313114 1.11322 -0.490794 2.33893 -0.975158 0.617089 0.0348669 0.449546 0.818436 -0.0680596 1.19117 
1.34073 0.933919 -1.69102 1.1577 -1.27983 -1.72081 -1.36737 -0.664566 1.04035 -0.542455 -0.0741009 -1.43497 0.488953 0.0571837 -0.145971 -0.0442309 0.622262 -0.420207 1.2394 -0.724984 0.382726 0.272971 -0.370095 0.49466 -0.598384 -0.00439116 -0.0207201 0.122121 0.101194 0.150585 -0.223274 1.11501 0.119654 -0.1572 0.329083 0.359961 0.0423545 0.59017 -0.496539 
1.40791 0.714072 -1.49406 1.33067 -1.23711 -1.05994 -1.45954 -0.580188 1.64136 -0.51179 0.377827 -1.53831 0.400324 0.0717859 -0.124227 0.109399 0.271701 -0.339541 1.35248 -0.0807533 0.162749 0.291244 0.1151 0.553311 0.138446 0.135616 -0.024021 -0.00409798 0.156512 -0.776727 0.12604 -1.10324 0.840529 -0.44921 -0.993895 0.408086 -0.819928 0.556188 0.0222444 
1.41252 0.809692 -1.58162 1.4294 -1.61937 -0.368334 -1.44812 -0.501817 1.3316 -0.427355 0.47921 -1.29652 0.62457 0.0331627 -0.150069 0.112282 -0.154465 -0.294167 0.136159 0.115545 -0.0664835 -0.720924 0.0379914 -0.325267 -0.0421962 0.0178532 -0.119538 0.0878332 -0.153258 -0.355042 0.418814 -1.41255 0.0452406 -0.45534 -1.48893 0.019222 -0.381097 -0.601868 -0.594053 
1.44107 0.564003 -1.38178 1.1762 -1.53128 -0.923777 -1.344 -0.646671 0.920436 -0.473799 0.0525595 -1.5805 0.418177 -0.0477524 -0.0363942 -0.043859 -0.0833404 0.0792733 -0.0600731 -0.0355127 -0.292591 -1.19768 0.134322 0.172214 -0.463422 -0.458437 -0.0990103 0.429733 -0.215201 0.563906 0.582884 0.421849 -0.081297 -0.156845 1.36734 0.0674854 1.39729 -0.254728 -0.108393 
1.36477 0.773298 -1.62548 1.34606 -1.54009 -0.428408 -1.48364 -0.794408 0.133914 -0.293033 0.651424 -1.75994 0.166133 -0.0658476 0.279664 -0.102919 0.409441 0.288717 0.558009 0.034248 -0.223329 0.646421 0.105477 1.07203 -0.296924 -0.0905394 0.0467482 0.00311434 0.294771 -0.0814108 0.180079 0.210448 0.0574897 -0.075091 1.68569 -0.192579 0.193737 0.642896 -0.583071 
1.37523 0.843666 -1.4847 1.58564 -1.24257 -0.365768 -1.30975 -0.87 1.56686 -0.368322 1.12459 -1.87743 0.327638 -0.00100423 -0.0332798 0.250912 -0.164751 0.259353 0.150375 0.021977 -0.367682 0.488008 -0.0582573 0.365951 0.179475 -1.04151 -0.168851 -0.129639 0.373498 -1.19367 -0.481058 0.284648 -0.264246 -0.306205 -3.84175 -0.148473 -1.04415 1.07602 -2.01222 
1.36376 0.740018 -1.37456 1.18131 -1.28074 -0.278033 -1.46166 -1.16209 0.621922 -0.35129 1.01738 -1.58047 -0.875374 -0.234699 0.150024 0.270579 -0.78423 -0.192341 0.842657 -0.229998 -0.529534 -3.19533 -0.0429967 0.0278761 0.779096 -2.10276 -0.706913 0.530794 0.574446 -0.594122 -0.0650478 0.402872 0.593899 0.481343 -2.52436 -0.534344 -0.530886 0.890914 -0.0526526 
1.14053 0.993691 -1.21412 0.801414 -1.43491 0.476889 -1.53975 -1.39953 -1.62847 -0.411319 1.15246 -1.09833 -1.77512 -0.707917 0.497514 0.825358 -0.758873 0.194305 0.553247 0.615876 0.113661 -2.03635 -0.592601 -0.164934 1.07039 -1.09416 -0.74362 -0.1756 0.831009 -0.141365 1.07591 -2.09379 1.20582 1.52316 3.39671 0.140186 -1.62399 0.588301 3.12324 
0.655844 1.23753 -0.549206 0.422439 -1.08644 0.275214 -0.845783 -1.04843 -1.41443 -0.943891 0.852441 -0.510079 -1.96953 -0.978319 -0.0255753 1.10159 -0.925594 0.883566 -1.25114 0.975826 0.993627 0.201385 0.0971898 -1.59611 1.3674 1.02048 -0.37121 -1.25117 0.286859 0.310462 1.19313 -1.47448 -0.0414803 0.6818 2.45494 1.37811 -1.18181 -0.91597 1.88328 
0.162208 0.968116 -0.11253 -0.12418 -0.55134 -0.774247 -0.563919 -0.405907 -1.42708 -0.314129 -0.443648 0.269066 -0.754638 -1.07913 -0.75366 1.11222 -0.448411 1.38743 -0.921229 0.574395 0.795461 0.418594 0.785509 -1.34674 0.154419 0.789119 0.0821609 -1.03293 -0.315266 0.751552 0.101387 1.67284 0.427394 -0.0480433 1.50871 0.644476 1.43389 -0.921584 -0.368008 
-0.423283 0.483872 0.563011 -0.0259724 0.300994 -0.646015 -0.271387 -0.252969 -0.995831 -0.158382 -0.494302 -0.35566 -1.18042 -0.896158 -1.05851 0.786322 -0.174043 0.984953 0.421702 1.40322 0.945583 1.71009 0.741666 -0.162225 0.445813 0.652472 0.656789 -0.212195 -0.828808 0.0151442 -1.1563 1.13321 0.624873 0.276713 1.67811 -0.54553 1.49051 0.999642 0.313014 
-0.73395 -0.090392 0.673791 -0.298223 0.433613 -0.352546 0.839301 0.539676 0.283009 0.427537 -0.605873 0.71488 -0.102166 -0.422337 -0.965854 0.283409 -0.433267 0.231135 0.21198 1.19927 1.07217 2.09671 0.23998 0.143767 1.15406 1.10213 0.734406 0.576398 -0.701153 0.152948 -1.14414 -0.923125 -2.13132 -0.99025 -0.673647 -0.721809 0.74261 -1.06734 -1.98516 
-0.84562 -0.481982 0.84642 -0.459239 0.532129 -0.434035 0.927881 0.819204 1.10087 0.0815972 -0.350535 0.7984 -0.0782834 -0.161752 -0.482109 0.0851685 -0.0210948 -0.159186 -0.501424 -0.728099 -0.0446665 1.03645 0.0198573 0.580385 -0.62153 -1.33269 0.345306 0.665215 -0.519376 0.516034 -0.0921084 0.510987 -1.40756 -1.35252 -2.82296 -0.80264 -0.202203 -1.11984 -1.0472 
-0.895702 -0.572501 0.75896 -0.319318 0.274427 -0.853969 0.111202 0.49501 1.31946 0.447394 -0.0254871 0.0933498 -1.43486 -0.0770311 -0.300639 -0.235967 0.0827667 0.139026 0.722967 -0.208293 -0.280342 -0.726252 -0.56266 -0.0584354 0.0342249 0.0549303 0.184903 0.339876 -0.319281 -0.596331 0.167407 1.02678 1.22202 0.405863 -2.78546 -1.09418 -0.81674 1.43188 2.0462 
-0.922651 -0.782622 0.610453 -0.376473 0.671155 0.288933 0.719588 0.538861 0.374623 -0.481063 -0.408971 0.832625 -0.0233531 0.0231515 -0.142233 -0.234112 -0.617426 0.00822036 0.525354 0.49392 0.361197 -1.74901 -1.07432 -0.236355 0.810349 0.71351 0.139708 0.355123 0.181446 -0.444637 -0.235511 -0.114176 -0.00486772 0.519861 0.317846 0.698681 0.0575622 -0.0992152 0.294519 
-0.87255 -0.714734 0.524848 -0.936743 0.282648 -0.328615 0.605122 0.856207 -0.429557 -0.626924 -0.261842 0.903698 -0.721347 0.0626772 0.0544843 -0.0545211 -0.36187 -0.0964846 0.608791 -0.213161 0.239518 -0.408406 0.136021 -0.000873222 -0.0649902 0.349449 0.0120809 0.263905 0.467598 0.915195 0.374804 0.563737 -0.450703 -0.290787 2.12933 0.821192 -0.0680223 -1.32248 0.0722263 
-0.859974 -0.728137 0.555932 -0.738342 0.574671 0.897723 0.506427 0.77838 -0.0337837 -0.345042 -0.409844 0.767635 0.326096 0.0352324 0.121672 0.233485 0.297769 0.383025 1.08909 0.0432175 0.07041 0.38032 -0.253126 -0.304377 -0.512129 0.785736 -0.099593 0.219639 0.471305 0.618145 0.560434 -0.0276719 -0.154746 -0.535147 -1.17222 -1.12791 -0.589689 -0.839022 0.125988 
-0.837318 -0.593062 0.758333 -0.638974 0.665672 0.760476 0.648339 0.926616 -0.0492368 -0.88005 -0.566219 0.391569 0.0643893 -0.0369158 0.274124 0.416784 0.256276 0.463949 0.581119 -0.367907 -0.295629 -1.58063 -0.991894 -0.590562 -0.904012 0.475437 1.33364 1.53259 -0.497232 -1.3121 -1.15699 -1.80561 -1.24115 -2.175 -2.41649 1.79893 3.1736 0.634576 -1.29413 
-0.89689 -0.454014 0.972716 -0.482067 1.03862 1.47884 0.138521 0.482751 -1.61442 -1.33694 -1.00041 -0.136378 0.801533 1.36887 1.65426 -0.263747 -1.01433 -0.77397 -0.716519 -1.19793 -2.10459 -2.03617 1.5458 2.86923 0.122447 -0.508398 2.13237 1.40876 -2.38504 0.59564 -2.86154 -2.67625 -0.413923 -1.85767 2.19645 3.05108 3.87154 0.142352 -2.13466 
0.531551 1.0612 0.494586 -1.65331 -0.108298 0.0439571 -0.549594 -1.17797 -2.0854 0.665753 2.30301 0.514016 -0.444009 2.09545 1.68289 -1.96826 0.851915 -2.39759 -2.09514 -0.78183 -2.1533 0.615822 2.05919 3.28098 -0.76166 -1.65922 -0.609495 -1.58545 -1.57678 3.69968 -0.842731 -0.094482 0.859746 1.57053 3.80448 -1.36473 -3.09278 -1.57093 0.0620996 
1.19857 1.22887 -0.995544 0.369848 -1.35897 -0.616293 -0.643309 -1.67055 -0.998593 0.72225 2.28057 -0.898038 -0.857688 0.759373 0.068814 -1.84052 2.68535 -1.6167 -0.811001 -0.338188 -0.534064 1.76832 0.181072 -0.223555 -1.44849 -0.446299 -1.96971 -1.93775 1.44993 -0.544272 2.13511 1.77046 0.720156 2.40177 0.550207 -1.64016 -4.03947 0.655846 2.31294 
1.29092 1.13001 -1.34594 1.03204 -1.725 -0.767044 -0.887782 -1.71204 -0.317089 0.846825 2.07945 -0.93447 -0.890308 0.125744 -0.254863 -0.518326 0.307644 -0.262481 -0.32468 -0.0616734 0.248473 1.16603 0.419021 -0.758487 -0.105814 0.653717 -0.706553 -0.432383 1.91916 -2.98235 1.98406 0.173359 0.666111 0.873296 -0.571224 0.633868 0.25423 1.07275 0.801266 
1.32431 0.97401 -1.51387 0.677492 -1.62145 -0.940973 -0.704982 -1.42208 0.167436 1.14127 1.52209 -1.00385 -0.203971 0.0528202 -0.363569 0.0786371 -0.296998 0.367363 -0.637642 0.327923 0.339232 1.19709 0.814939 0.0306743 -0.375737 0.354968 -0.116265 0.0642793 0.613395 0.0520396 0.398068 0.692536 -0.055745 -0.0632039 -0.578853 -0.0596601 1.41369 -0.387131 0.410344 
1.34374 0.766442 -1.2673 0.73504 -1.35764 -1.40469 -0.559859 -1.37281 0.880003 1.66176 2.11013 -1.31021 -0.53534 0.00947894 -0.190584 0.0950689 0.359683 0.135587 0.367857 -0.117418 0.185269 0.587176 0.35936 0.655199 -0.492945 1.06406 -0.118411 0.560483 -0.175259 0.836168 -0.376593 1.56701 -0.897887 -0.0949906 -1.12312 -0.223747 0.131692 1.03641 0.791603 
1.33379 0.783427 -1.4188 1.03718 -1.48587 -0.573116 -0.822401 -1.23681 0.754612 1.50063 2.17729 -1.4968 0.86009 -0.065591 0.196913 -0.096622 0.53917 -0.00923017 0.929368 -0.569964 0.244241 0.0739749 0.591193 0.162366 0.660678 1.14657 -0.0585653 0.290273 0.0424036 -0.260201 -0.265744 -0.864046 -0.0327666 -0.184333 -0.499199 0.312244 -1.13011 0.608085 -1.8048 
1.27815 0.963355 -1.36392 1.27421 -1.36687 -0.475318 -1.12982 -1.12857 0.953977 2.25296 2.27249 -0.649529 0.611231 -0.0490864 0.0996899 0.137472 0.0994821 -0.130157 -0.49619 -0.150185 0.000936138 0.0879765 0.671605 -0.474913 0.11514 -0.740739 0.0987221 -0.141011 0.23941 -0.283417 -0.217261 -0.137039 0.510929 -0.2498 -0.17131 -1.08855 -0.743941 -1.56235 -1.00763 
1.2847 0.883117 -1.28133 1.13666 -1.61602 -1.06931 -0.972586 -1.23587 0.842588 2.17224 1.70237 -1.38166 0.119351 0.0331311 0.0559024 0.142788 0.255753 -0.226491 0.792329 -0.0590351 -0.00555885 -0.0973348 -0.497361 -0.581575 -0.901669 0.138943 0.0526442 0.053864 -0.0840009 0.086441 0.22235 1.4059 0.0476641 0.385063 -0.479785 -1.7051 0.0705763 -0.325471 1.22593 
1.31128 1.01926 -1.22113 1.52996 -1.59336 0.317011 -1.18886 -1.13412 0.856643 1.7556 1.69092 -1.5512 0.750174 0.00355783 0.153554 0.0534715 0.185923 0.0921927 0.909712 -0.102521 0.385999 -0.391808 -1.0335 -0.404337 -0.210332 0.485192 -0.138452 -0.0802177 -0.153291 -0.166471 0.380765 -2.38449 0.115706 0.0278246 -0.688707 0.258449 -0.456112 1.04872 -0.62284 
1.28826 1.03667 -1.22786 1.32258 -1.52383 -0.159594 -1.07511 -0.849873 0.45078 1.13874 1.29804 -1.59199 0.604543 -0.105321 -0.0243153 -0.0105031 0.089282 0.154274 -1.59216 0.0566706 0.0222658 -0.786042 -0.238912 -1.03769 0.147055 -0.483897 -0.173125 -0.0729898 -0.108243 0.249384 0.123779 -2.08953 0.0511802 -1.22775 0.275853 0.80505 -0.33937 0.940778 -1.76524 
1.20596 0.994942 -1.23164 1.61924 -1.43908 -1.27515 -1.13219 -1.11186 0.0706007 1.51668 0.653231 -1.40414 0.266277 -0.169567 0.080564 -0.0547712 0.435308 0.215972 -1.17982 -0.0513408 -0.841748 -0.115955 -0.228449 -0.743707 0.730446 -1.28004 0.00756007 0.257129 0.294155 0.410286 0.332126 2.30539 0.553463 -0.425643 1.13829 0.180371 1.36674 0.748778 0.967162 
1.11869 1.11723 -1.28263 1.75789 -1.30786 -1.33941 -1.12645 -1.69162 0.334825 0.910287 0.554329 -0.861543 -0.675501 -0.0977605 0.232813 0.283652 0.499568 0.4864 0.713229 0.610134 -0.403377 0.352246 -0.058541 0.329051 0.895834 0.483265 0.0832852 0.102745 0.70991 -0.685936 0.643782 1.46698 0.594036 0.876076 0.501161 0.622297 1.05918 -0.089134 1.87394 
1.1082 1.22776 -0.947985 2.11881 -0.952682 -0.561921 -0.522054 -1.51524 0.422846 1.45814 0.982282 -0.508309 0.749542 -0.0862821 0.183309 0.655138 -0.250628 0.859754 0.287158 0.542695 0.0343277 0.385206 0.393849 0.315471 0.641312 0.593899 -0.0937977 -0.0186672 -0.111228 -1.15626 -0.485855 -0.620541 -0.342674 0.536934 0.371554 -0.186658 -1.46033 -1.40118 -3.11977 
1.03241 1.30054 -0.62749 1.50726 -0.448104 -1.05226 -0.583753 -1.65729 0.720031 1.30414 0.8698 -0.220231 -0.0816016 -0.191558 0.214146 0.172424 -0.656693 0.000544691 0.0926875 0.267459 0.133557 0.7238 -0.245199 -1.13128 -0.505343 -2.6365 -0.153683 0.106445 -0.413665 0.587098 -0.850127 1.6152 -0.63563 0.615411 0.0884268 -0.909007 -1.1436 -1.36605 -0.675304 
0.916645 1.4419 -0.775561 1.46212 -0.952138 -0.469233 -0.254594 -1.38168 1.14665 1.21294 -0.148997 -1.01365 -1.88696 -0.239965 0.289754 0.241474 0.33647 0.00962662 1.90236 -0.0929356 0.649739 0.473633 -0.515158 -0.828132 -0.724739 -0.0814042 -0.0308768 -0.20171 0.601065 0.0305014 0.730759 0.599144 -0.0923092 0.33416 -1.78075 -0.560833 0.848829 0.373878 2.8723 