-1.36847 -0.795973 -0.426251 1.21192 1.09624 0.556311 0.0629955 0.281875 -0.957482 0.127979 1.08146 0.288351 0.987153 -0.0371007 -0.282188 -0.667974 -0.182079 -0.207085 0.204458 -1.28195 -1.14238 0.379154 -0.0730025 -0.526422 -0.492756 -1.05696 0.301749 0.10813 -0.786075 -1.33199 -0.333424 0.673911 2.57127 1.564 3.01227 1.41672 0.335402 -0.0953845 -1.80436 
-1.28254 -0.942554 -1.3482 0.204022 0.465434 0.460951 0.0401542 0.249808 0.656488 0.791614 0.224094 -0.963962 -0.330696 0.253147 0.0357874 -0.458522 -0.275523 0.0225582 0.806415 2.22924 0.652548 1.94902 0.361675 0.459265 0.42997 -0.975301 0.427128 0.43905 1.30066 0.341428 0.292095 0.245539 2.2348 1.15243 -0.60201 0.098554 1.57413 2.42448 1.25716 
-1.11532 -0.760186 -0.884772 0.936399 1.11879 1.36273 2.29223 0.934423 0.991536 0.489654 1.54072 0.718321 0.0118516 0.390027 0.156862 0.632682 0.159349 0.08501 0.449997 0.952849 0.0100546 -0.222855 0.0255514 1.04771 1.93172 0.2002 0.169383 -0.172891 -0.0926142 -0.408226 -0.595676 -1.73324 -5.21172 -1.01953 -2.86422 -0.620024 -1.10164 -0.45862 1.95745 
-0.892515 -0.785692 -0.715517 0.363371 0.550444 0.910948 0.993004 0.259863 0.433633 0.817165 1.2718 0.967759 -0.130496 0.42253 -0.137104 -0.551136 -0.683749 -0.573118 -0.926826 -2.98248 -0.366981 -0.915202 -0.258349 -0.642379 -0.0286497 0.982148 -0.245833 -0.483691 -1.01224 -0.247772 0.0614709 -0.782606 -2.04787 -0.271362 -0.0250886 -0.912826 -1.00398 -1.71878 -0.762677 
-0.69279 -0.897289 -1.43591 0.25265 0.545676 0.435901 -0.690248 0.567443 0.0763337 0.231305 0.898343 0.689672 0.994 0.144194 -0.326829 -0.379557 -0.0884233 0.146481 -0.332609 -1.09502 -0.261308 -0.247944 -0.887275 0.0437254 0.212942 -0.562477 -0.638162 -0.180265 1.35913 1.32066 1.35044 1.01654 4.78774 -0.652466 -0.158631 -0.172263 -0.41137 -0.452541 -3.42368 
-0.748321 -1.11252 -1.09507 0.274948 0.696925 0.578339 -0.102015 -0.00144496 0.185689 -0.0701097 1.31553 1.1807 -0.692972 -0.215631 -0.317368 0.807992 0.636911 0.777323 0.0897148 1.80525 -1.01945 -1.07383 -0.430612 -1.05375 -0.481191 -2.44153 0.0349415 0.140001 0.506891 0.0168515 0.151864 0.189938 0.830386 -0.582655 -1.16338 0.198826 -2.0906 -2.6696 -1.52837 
-0.908421 -1.21466 -0.627916 0.889561 1.323 0.525615 1.11501 -0.452004 -0.9975 -0.199307 -0.155406 0.208481 -1.44753 0.179135 -0.186828 0.127334 -0.0715719 0.298345 -0.142672 -0.264633 -0.843963 -1.41133 -0.688449 -2.04687 -2.45666 -2.09084 0.66608 0.146372 -1.41169 -0.957957 -1.20191 0.166105 -3.56341 1.29374 2.72589 1.57387 2.21197 0.912717 3.03194 
-0.569185 -1.29935 -0.96774 0.203376 0.99527 0.435667 -0.366648 -0.845408 -1.22564 -0.758559 -0.731347 -1.27596 -2.78382 0.450448 -0.170996 -0.6037 -0.321046 -0.424591 0.255819 -1.75816 0.27429 1.65205 1.14325 1.15822 0.431526 0.590412 0.101483 0.189105 -0.0552068 0.916903 -0.457457 0.303619 1.80244 2.2774 2.15939 1.76544 3.46577 3.90655 3.12363 
-0.457973 -1.38565 -1.23162 0.568515 0.898408 0.781435 -0.64315 -0.177714 0.654553 0.943946 1.00281 0.640007 -0.857121 0.280619 0.00227722 0.0721276 0.845331 -0.159111 0.160948 1.53781 1.43344 0.74806 1.07699 1.41889 1.44989 1.03279 -0.153659 0.163617 0.308155 0.252314 0.266101 0.29128 3.14016 0.941434 -2.10556 -2.06132 -2.9938 -1.30464 -1.90459 
-0.288567 -1.29707 -0.895612 1.04871 0.836158 0.596615 1.17116 0.588029 -0.477577 0.318432 0.687548 0.173933 -1.75103 0.296789 -0.00737972 -0.295546 -0.0687322 -0.15849 0.547099 1.382 1.21572 -0.45351 -0.918067 -1.83559 -0.873115 -1.31418 -0.361854 -0.178502 -1.48575 -0.683214 0.30668 0.934885 -0.946001 -0.6778 0.0467826 -1.20356 -1.54772 -0.121361 -0.190587 
-0.161184 -1.39303 -1.52716 0.499783 0.739918 1.32853 0.738852 1.03801 0.201043 0.0258789 -0.832775 -0.233108 -2.1713 -0.0812353 -0.176225 -1.41362 0.162117 0.147568 1.09583 0.591807 0.755637 0.794842 -0.126569 -0.128824 1.32853 0.842203 -0.486193 0.0456149 0.231044 0.12808 -0.395044 -0.676494 -1.31747 -0.834383 1.37563 2.27852 3.80725 2.92855 2.17271 
-0.369802 -1.4733 -2.30923 1.21082 0.983726 1.69245 1.76297 1.34367 0.317265 0.191863 0.558725 1.50246 -0.908823 -0.189405 0.0382352 -0.0645016 0.0593478 -0.553534 -0.129395 0.0645356 0.381342 0.922117 1.36045 1.97166 2.05543 0.858531 0.282505 0.36073 2.33191 -1.20926 -0.717207 -1.03494 -2.16182 -1.59811 -1.43963 0.540864 0.476159 -1.03532 0.176576 
-0.350589 -1.3548 -1.59166 0.559131 0.186384 1.19914 0.803387 1.41935 1.12316 1.38633 1.13888 1.82232 -1.31277 0.20127 0.184505 0.918289 -1.04714 -0.569638 0.0608904 -1.57002 -0.84247 -0.644783 0.414295 0.347335 0.29321 1.01878 0.558014 0.145087 0.0314575 -0.0433204 1.01575 0.398649 -1.09887 -0.808535 -2.50369 -1.69414 -0.662995 -0.664477 0.590599 
-0.168532 -1.28879 -1.39094 0.163681 0.414088 1.75334 0.192949 0.501197 -0.327518 0.606157 0.90606 1.79567 0.109957 0.36861 0.183322 -0.0330441 0.0160274 0.462214 0.269254 -1.03434 -0.427193 -1.58157 -0.333691 1.30866 1.39095 1.44913 -0.069147 -0.103243 -1.94558 1.06992 1.16248 -0.645967 -0.263176 0.893504 0.636866 -0.390352 0.358269 -0.524578 -1.06107 
0.0180207 -1.17148 -1.62471 0.575158 0.648598 1.46839 -0.230949 0.992159 -0.458412 1.05264 2.44755 3.21328 0.136358 0.132123 0.0812619 -1.02729 0.0227764 0.592843 -0.585077 -1.83319 0.0510346 -0.00791622 0.0239421 0.705604 -0.231368 -0.0422903 -0.553516 -0.323129 0.236722 -0.0717385 0.0846573 -0.370564 0.455917 -0.508526 0.506348 0.600749 -2.84051 -3.5587 -1.35731 
-0.0364087 -1.20753 -2.41823 0.186458 1.00693 1.16826 -1.64024 0.552232 -0.335434 0.630099 1.61166 1.56431 0.0676664 -0.184907 -0.139807 0.203678 -0.0557112 0.546871 -0.10131 -0.578419 -0.935719 -1.07523 0.267058 -1.53185 -2.16775 0.091822 -0.345094 -0.212815 1.96465 0.741435 -0.805732 0.253394 3.17231 0.0518661 0.132918 1.84099 -2.26771 -0.290011 -0.336076 
-0.166886 -1.31128 -1.42103 0.519447 1.19547 1.36708 -0.809369 0.0564397 -1.53364 1.3197 0.915702 1.04553 0.22818 -0.212971 -0.131553 0.937361 0.764211 -0.212889 -0.331683 1.33912 0.102901 0.125002 1.86493 -1.56211 -0.521379 -0.378366 0.0937724 0.33543 -0.0479939 -0.0704047 -1.16012 -0.603676 1.47984 1.66112 3.14358 -0.743232 1.21662 3.34864 -0.175343 
-0.24938 -1.33908 -1.48087 0.950669 0.794042 0.836579 -0.301123 0.655132 -0.210432 2.49503 0.0495563 1.04293 -0.3107 -0.0911341 0.195624 0.155684 -0.126116 -0.613252 -0.704986 0.901421 0.725397 2.06835 -0.476174 -0.315226 1.18089 -0.0835207 -0.0180848 0.486174 -0.225296 -1.47474 0.286979 0.371574 0.291502 -0.173786 0.316477 -3.71076 0.560223 -0.779245 -0.280538 
-0.25802 -1.11566 -1.26534 0.393331 0.582217 0.662098 0.0920519 0.781837 0.534718 0.843525 0.600476 2.22641 0.144659 -0.231056 0.354621 0.712065 -0.710526 0.0740901 0.0398917 1.63062 -0.0708856 0.441479 -1.84583 -1.00188 -1.30062 -0.658904 -0.0204082 0.586534 1.85428 1.35728 0.690878 0.108647 -0.93606 -1.80738 -2.87617 -1.36213 -2.027 -4.02563 -1.8254 
-0.480436 -0.984462 -0.768802 0.240143 0.868132 0.876471 1.3295 0.584247 0.231047 0.649198 -0.952328 -0.257696 -0.969604 -0.111542 0.782157 2.00996 1.23116 0.0776258 -0.596339 -0.0346397 -1.08198 -0.80782 -1.8383 -2.34222 -2.84474 -1.90892 1.20338 1.2754 2.4012 1.04219 -1.35391 -1.20857 -4.24278 -0.543807 -0.844284 -2.6963 0.856496 2.04199 1.07706 
-0.369562 -0.333502 0.74462 1.62449 0.659843 0.0657591 0.0574122 -0.300143 -0.273102 -0.994779 -1.74175 -0.618327 -1.76426 0.972324 1.63002 3.11326 0.331664 -1.27982 -1.16868 -2.61216 -0.614693 -0.402805 -4.54213 -0.145389 0.74137 0.41816 1.30054 0.729102 -1.88207 -4.01242 -1.23624 0.12484 -1.92896 0.119584 -0.537498 0.515417 4.14423 2.92415 3.50714 
0.491888 0.645558 2.34446 0.571807 -0.411693 -0.292212 -1.28266 -0.0304459 -0.171758 -3.89293 -1.09772 0.483674 -0.551443 1.189 1.51126 0.127895 -2.78125 -1.15862 -0.471499 -1.9636 -0.962395 -1.34532 -1.32289 1.802 0.0794123 1.59822 -0.529342 -1.13957 -4.18902 -1.1211 1.09285 0.564462 1.8949 -0.565317 -1.00881 7.10735 1.52767 -1.67009 -1.27955 
0.819438 1.17776 0.872515 -1.15676 -0.498775 -0.405739 -1.90619 -1.26254 -1.61842 -2.31767 0.060259 -0.538915 -0.166039 0.442982 0.490451 -1.07576 -0.789435 -0.18698 -0.60422 -0.717264 -1.18001 -1.41162 2.56522 1.38228 -0.928719 -0.861387 -1.04647 -1.53877 0.203931 3.75815 0.748744 -0.384464 2.46482 0.732424 1.96572 2.56431 -1.63379 -0.559473 -2.13017 
0.93487 1.13601 1.2687 -0.217628 -0.598672 -0.896432 -1.99993 -1.21046 -1.58337 -1.32771 0.284562 -0.445045 -1.41283 0.142534 -0.0275075 0.331826 0.976898 -0.409874 -0.855963 0.501222 -0.229971 0.620406 1.24142 0.168217 -0.480061 -0.531948 -0.414673 -0.491968 1.37249 0.829636 -0.0175857 0.522571 0.720952 0.943234 1.57258 -1.27921 -1.85993 0.815233 1.34102 
0.961973 1.15025 1.20434 -0.179862 -0.908649 -1.2617 -1.40497 -1.49251 -0.998014 -1.07624 0.228476 -1.01898 -0.697986 0.0283088 -0.0015175 0.296729 0.0402016 -0.204565 -0.0816497 0.00368878 -0.236776 0.160959 1.28602 -0.477648 -0.113486 0.479638 -0.106271 0.0418976 -0.306183 -0.99722 0.191477 1.1034 -0.444139 0.435325 -1.99261 0.191654 -0.854918 0.782593 0.406921 
0.963179 1.13449 1.56543 -0.177427 -0.803238 -0.978082 -1.99624 -1.44723 -1.42242 -0.0416905 -0.193086 -0.558531 -0.933192 0.0362636 0.0143901 0.0256421 -0.0203226 -0.218397 0.247438 0.057083 0.205354 -1.3722 1.43308 -0.686702 0.302533 -0.125027 0.120202 0.0207759 -0.328983 -0.674265 0.163377 0.174379 1.43414 0.0649161 -0.469183 -0.965186 1.26121 0.151179 -0.268943 
0.998236 1.16464 1.22998 -0.200185 -1.12705 -1.01426 -1.34788 -1.28716 -2.37021 0.356834 -0.458226 -0.716442 -0.823013 0.148511 0.0192584 -0.0322537 -0.634063 -0.0411886 0.0927292 1.43783 -0.17186 -0.308224 0.32083 0.783559 0.0376931 0.210695 0.0317334 0.043639 -0.378109 -0.643496 0.404943 -0.475368 0.269486 -0.526142 3.08271 -2.17331 -0.203541 0.537648 0.562861 
1.11169 1.15375 1.53318 -0.81149 -0.844426 -0.885353 -0.558408 -1.61909 -1.73064 0.27914 0.590473 -0.520838 -0.722497 0.0679969 0.0580292 -0.352467 -0.663818 0.186546 -0.22793 0.326569 -0.320789 1.71051 -0.740236 -0.890243 0.840181 0.437834 -0.164571 -0.0787146 -0.330828 0.228153 -0.146959 -0.520008 -2.00726 0.261676 -0.797191 -1.70808 -1.4355 -0.168523 -0.0110541 
1.06623 1.22267 0.877516 -0.864003 -0.9405 -1.24219 -1.02131 -1.60794 -0.659705 -0.383402 -1.34847 0.123738 -0.385179 -0.0160595 -0.0594562 -0.363082 -0.405911 -0.188148 -0.427279 -0.569426 0.0898159 -1.10542 -1.38725 -0.651941 -0.130829 0.199641 0.0136125 -0.232268 -0.00175088 0.310451 -0.502719 0.0598468 -1.18754 0.0701441 -3.27537 -0.60176 0.580905 -2.77345 -0.576314 
1.09563 1.09429 1.1701 -1.2174 -1.03257 -1.31263 -1.12783 -1.52928 -2.83606 -1.10811 -0.0614679 -0.651667 -0.522856 0.0816094 -0.174239 -0.354218 -0.353367 -0.316173 -0.168083 -0.860972 -0.250644 -1.56486 -1.342 -0.309338 -1.93327 -0.13848 0.122775 0.142613 -0.117981 0.412752 0.220099 0.809736 0.371842 -0.303595 3.11683 1.9733 0.17234 -0.683284 0.66937 
1.14784 1.04843 0.523297 -1.21737 -1.25667 -1.41028 -1.88229 -1.85859 -2.22456 -1.7254 -1.65781 -1.80953 -0.523658 0.106716 0.0831566 -0.481063 0.0068414 0.0319507 0.382457 -0.197585 -0.213779 2.01142 0.586051 -0.479602 -0.814114 0.869011 -0.121144 0.331652 0.502301 0.459246 0.269926 0.445552 1.61935 0.603512 2.69156 1.84035 1.0782 3.14922 0.877639 
1.20235 1.17745 0.689034 -1.21056 -1.00062 -0.930174 -1.32542 -1.74305 -0.824637 -0.522055 -0.541069 -1.46578 0.346155 -0.0395342 0.157414 0.148083 0.105879 -0.0462469 0.277468 0.758381 0.352867 1.1267 0.498359 0.768864 1.21596 0.73916 -0.071804 -0.199136 1.15809 -0.34009 -0.278511 -0.751257 0.675612 0.880956 -1.33761 -0.617323 0.306263 2.09781 -0.0815703 
1.10831 1.20584 0.67138 -1.11149 -1.30292 -1.13281 -1.12391 -1.50572 -1.09786 -1.22704 -0.888943 -0.593573 0.215501 0.0349119 -0.115979 0.677032 -0.333249 -0.24656 -0.3688 0.478028 0.667176 0.673805 -0.0312718 -0.173338 1.2837 0.787441 0.30177 -0.481957 0.119859 0.851299 -0.366546 -0.594833 -0.329407 -0.613555 0.481076 0.739491 -1.09324 -1.36171 -0.170709 
1.23726 1.06147 1.36607 -1.54381 -1.24718 -1.29897 -0.847391 -1.07588 -0.150832 -0.553327 -0.714408 -0.18208 1.1336 0.262236 -0.324543 0.267942 0.957178 -0.412793 -0.317365 0.428974 -0.260688 1.60778 1.23785 -0.324373 -0.145751 0.568451 0.141037 -0.0818295 -1.53929 2.18028 -0.354223 0.0969147 0.192126 -1.43493 -0.316624 0.811891 -0.645784 -1.29667 -0.887665 
1.37054 0.881301 0.939322 -0.154313 -1.71571 -1.45017 -0.694931 -1.76641 0.50992 0.0108111 -1.21332 -0.739324 0.783952 0.175949 -0.197809 -0.862256 1.84703 -0.600784 -0.271885 0.670154 -0.767751 0.357182 0.780619 -0.819122 -0.0129706 -0.100224 -0.496596 0.497564 0.184477 -1.26254 0.488274 0.227608 0.162302 1.11146 -2.75138 -1.52102 1.28459 1.28878 0.591201 
1.41321 0.863662 0.503809 0.30322 -1.84797 -1.57086 -0.177236 -1.84363 0.20635 0.227292 -1.53353 -0.195051 1.03337 -0.23436 0.17302 0.452419 -0.305367 0.0754812 -0.0897571 0.591276 0.85077 -1.1436 -0.28317 0.960216 1.14302 1.15965 -0.472887 0.381938 1.34745 -2.96515 0.860802 0.535073 -1.31643 1.0665 -1.32392 -1.45428 1.57974 0.000884622 0.275881 
1.13618 1.05432 1.39174 -0.45968 -1.64023 -1.53993 -0.103655 -0.91564 -0.63368 -0.272359 -0.2531 0.403701 1.9436 -0.296938 0.184129 0.485198 -1.11812 0.260019 0.263188 -0.646278 0.298746 -0.966739 -0.673659 0.76062 -0.0120859 0.175657 0.228247 -0.230594 -0.918386 0.0108888 -0.0873701 0.420391 -1.75242 -1.00879 1.68609 -0.216865 -1.42607 -1.68491 -1.93774 
1.11627 1.04779 0.989007 -0.814901 -1.58795 -1.30767 -0.823514 -1.54488 -0.760389 -0.446367 -0.772911 -0.207136 1.20903 -0.00611304 -0.0575734 -0.465967 -0.294478 -0.0118889 0.330634 -1.16115 -0.158018 0.542492 -0.500036 -0.465854 -0.541881 -0.778093 0.300558 -0.228359 -0.700633 1.40234 -0.0424987 -0.167027 0.163656 0.106079 2.29055 1.32987 -0.588856 1.08026 0.565075 
1.13007 0.996747 0.925773 -0.754158 -1.65212 -1.2093 -1.2648 -1.07366 -0.0911881 -0.772395 -0.718953 -0.13818 1.16551 0.00361966 -0.0442301 -0.215435 0.284219 0.21752 0.0961611 -0.482622 0.404824 1.32381 0.656209 0.171763 1.06818 0.740732 -0.0402348 0.228431 0.289008 -0.0536157 0.473667 -0.214809 2.06919 0.392277 0.0652092 2.25193 1.19795 1.60753 1.01352 
1.11989 1.00356 0.773572 -0.530682 -1.37043 -1.21151 -1.30614 -1.14006 0.563426 0.209842 -0.601147 0.861041 1.94976 -0.0463479 0.170857 -0.176959 -0.348094 0.461778 0.115824 0.90804 0.234259 0.607701 1.75189 0.7321 1.06565 0.23543 0.0097488 0.14127 0.0639196 -0.977454 -0.108218 -0.445757 1.38138 0.372687 -1.52183 -1.59644 -0.525487 -0.657108 -1.09053 
1.08372 1.1676 0.748814 -1.10225 -1.19034 -1.09347 -0.35676 -0.8394 0.516513 0.979496 0.0131465 0.92747 1.40094 0.0133685 0.09704 -0.151516 -0.693235 0.109302 -0.349596 0.898763 0.777511 -0.198015 -0.940229 -0.353724 0.411069 -0.349795 0.207732 -0.221424 -0.0254403 -0.465042 -0.26643 0.0662103 -0.91866 -0.418242 -0.833483 -2.32319 -0.655869 -1.78389 -0.996696 
1.13326 1.1006 0.622056 -1.22392 -1.26113 -1.56111 -0.407373 -0.362548 0.36541 -0.730387 -0.954871 1.27211 1.59997 0.161384 -0.0505663 -0.2024 -0.813135 0.195348 0.182035 -0.0106204 -0.183983 -0.225782 -0.571304 0.0762309 -0.718241 -0.761265 -0.0401852 -0.0980382 -0.0353178 -0.408741 -0.331149 0.410242 -1.33045 -1.60055 -2.24531 0.381073 0.811491 -3.224 -2.20546 
1.24511 1.11704 0.546414 -1.91539 -0.994994 -0.911438 -0.367381 -1.02338 0.290731 0.408192 0.0893774 0.209229 0.639676 -0.0268168 -0.000998233 -0.186833 -1.10198 -0.221847 0.0606455 -0.431685 -0.823038 -2.44332 -0.559156 0.457767 -2.81293 -2.55526 -0.211065 0.0598181 0.68151 0.967169 -0.480169 -0.698492 0.224481 0.525216 -0.197135 0.239047 -0.283792 0.130169 0.875018 
1.10644 1.0996 0.435223 -2.32589 -1.48297 -1.50046 -0.839058 -1.18559 -2.07791 -1.28954 -0.497105 -1.54082 -0.955293 -0.0496803 0.00925183 0.47911 0.154034 -0.284821 -0.516457 0.213861 0.341233 -0.422918 -0.332257 -0.207561 -0.588072 0.113753 0.113255 0.0874507 0.822019 2.32362 0.408251 0.0048856 1.29519 1.54768 5.29853 2.21439 -0.123479 4.53617 4.96335 
1.19543 1.12629 1.02552 -1.76135 -1.27982 -1.4279 -0.15352 -0.68215 -0.132187 0.075935 -0.118183 -0.378843 0.753429 0.0864378 0.0864525 0.635186 1.22164 0.186404 0.0655311 0.863503 0.724637 2.85521 1.65523 0.334287 1.72324 2.40809 0.00142893 0.0864773 -0.639255 0.497606 0.390011 0.530931 -0.626518 -0.542187 1.81021 1.30272 -0.11347 -0.0218945 -0.457101 
1.19288 1.18606 1.07041 -1.10425 -1.29657 -1.43493 0.0244444 -0.460948 0.777298 0.36569 -0.162817 0.182416 1.4528 -0.0482514 0.0957291 -0.160145 0.65164 0.10519 0.0144739 -0.412657 -0.200955 1.38729 0.97046 -0.32103 -0.609966 -0.343348 -0.140764 -0.0276597 -0.901072 -1.25539 0.239918 0.0509049 -1.34938 -0.814338 -3.52349 -1.18498 0.567196 -2.77628 -3.29702 
1.14718 1.22202 0.865379 -1.10971 -1.17463 -1.41342 -0.566176 -0.883105 1.25511 1.0464 -0.439214 -0.988809 0.410081 -0.0543264 0.0587927 -0.265886 -0.0337438 0.426322 0.116436 -0.485881 -0.0897 -0.668284 0.470253 0.901483 -1.05304 -0.888933 0.0144265 -0.0381617 0.308347 -1.44858 0.0245936 0.334781 0.896132 0.9184 -1.93399 -2.221 0.879398 1.75148 0.629985 
1.13855 1.24485 0.804522 -1.138 -0.870247 -1.31849 -0.461436 -0.550648 0.109013 0.835943 0.738666 -0.870624 0.563864 -0.0338249 0.0575674 0.148202 -0.796937 0.129783 0.349254 0.483475 0.717445 -0.546698 -1.25054 0.558367 1.14151 0.286637 0.103781 -0.102144 0.424644 -1.23612 -0.477043 0.271597 0.0673192 0.512919 1.32518 -1.91689 -1.31023 1.26509 0.0103168 
1.11335 1.27959 1.01358 -1.90665 -1.04484 -1.06417 -0.0827009 -0.16566 0.708408 -0.20414 0.119154 0.152704 0.696718 0.0494549 -0.0433516 0.158758 -1.26987 -0.0507205 0.388033 -0.418561 0.423219 0.656893 -1.44664 -0.40875 0.212052 -0.878616 0.0690839 -0.0697136 -0.388038 0.561133 0.0721567 0.145988 -1.08981 -0.483776 0.875717 0.832592 -0.550092 -1.52336 -0.54015 
1.18801 1.2015 0.96328 -2.40786 -0.920967 -0.930459 -0.879997 -0.127429 0.765906 -0.610699 0.329915 -0.658572 -0.314753 0.035259 -0.0121462 -0.239835 -0.235804 0.20194 0.495243 -0.606331 0.233669 0.329019 -0.417943 0.00827536 -0.38185 -0.253513 -0.221961 0.0917001 -0.498416 2.21094 -0.0508461 0.014669 1.61991 -0.6603 0.100836 1.52439 -1.3883 1.83716 2.03964 
1.14861 1.26744 0.773746 -2.14245 -0.842902 -0.568925 -0.689032 0.0680095 1.03743 -0.622083 0.127429 -0.229146 0.443206 -0.172506 0.0483485 -0.339658 0.94107 -0.101567 0.402702 1.20135 -0.237081 0.757729 0.0777443 -1.79705 2.04921 1.16102 -0.197722 -0.151614 -0.205589 1.71892 -0.410069 -0.65501 1.89691 0.239605 -1.06778 0.389472 -1.2723 0.899402 1.07569 
1.0155 1.24984 0.623622 -1.46679 -1.02253 -0.527757 0.321356 -0.36451 1.52364 -0.532954 -1.46713 1.39064 0.846267 -0.162463 -0.16376 -0.445424 1.48311 -0.208129 -0.159767 1.29057 0.473274 -0.738757 -0.0284706 -1.26402 0.517552 0.822175 0.101242 -0.287854 -0.0474303 0.186518 0.462741 -0.271601 -0.4576 0.268507 -1.49033 0.250183 0.710773 -3.45819 -0.382747 
0.986147 1.10368 0.328322 -0.659342 -1.05103 -0.728692 0.601543 0.541284 0.29867 -0.650553 -1.13659 0.288406 1.26538 -0.0712643 -0.239506 -0.387089 1.12759 0.361175 0.131101 0.743754 0.0314256 -0.732601 0.327927 -1.08627 -1.40898 0.778273 -0.057787 0.00887285 0.570541 -1.8178 0.611436 0.582636 -1.74683 -0.897944 0.446619 -0.64607 0.573473 -1.95232 -1.85913 
0.944236 1.01034 0.236533 -0.339203 -0.661359 -0.396656 1.06511 -0.333084 0.791034 -0.205027 -2.55341 -0.0183334 1.62454 -0.22025 -0.154887 0.125117 -0.334692 0.403308 0.422868 -0.456259 -0.42467 -0.292138 -0.67454 -0.690549 -1.43477 -1.03695 -0.251393 -0.120008 0.958346 -0.175333 -0.163632 -0.102633 -1.90552 0.909136 0.38606 -1.27634 2.49569 1.67926 -2.12701 
0.765897 0.948794 0.453439 -0.994034 -0.647723 -0.305823 0.145284 0.116614 0.00653222 -1.32509 -1.82714 -1.14637 0.228427 -0.322657 -0.359513 0.571258 0.952256 0.197543 0.0284684 -1.16176 0.940562 -0.346541 -0.948416 1.40941 0.270286 -1.34874 -0.39247 -0.394222 -0.212336 1.8294 -0.0062912 -0.256078 0.507162 0.207174 0.225298 1.13245 1.21082 2.15325 0.34066 
0.621578 0.650826 0.807791 0.613053 -0.463817 -0.368188 -0.0966522 0.607478 0.444493 -1.15344 -1.14399 0.251953 0.2758 -0.61272 -0.549109 -0.0872186 1.4947 0.397016 0.166791 0.0509031 -0.217495 -0.0668399 0.457909 0.520268 0.718481 -0.696294 -0.632455 -0.211668 -0.422864 0.0716379 0.742667 0.953614 1.63645 -0.873876 -0.670892 1.61512 0.41253 -0.946107 0.0960097 
0.153177 0.399685 0.366221 0.50067 -0.250707 -0.139033 0.196187 -0.100881 -0.0603077 -0.867184 -1.30687 -0.427885 -0.467867 -0.955112 -0.571182 0.148394 1.02389 0.94021 0.982082 0.47469 0.0666861 -1.01743 0.666705 1.82194 -0.675821 -1.25273 -0.28141 -0.241935 -0.0857165 -0.943649 0.757698 0.827285 0.378113 0.870514 -1.1096 -0.356726 -0.397945 -3.0539 0.985691 
-0.333534 0.0796442 0.956185 1.63695 0.476393 0.613894 0.378038 0.674164 -0.572939 -0.486738 0.677953 -0.423869 -0.976931 -0.89413 -0.791044 -0.172935 0.551055 1.15471 0.994076 0.429016 0.653019 -1.17644 0.101183 0.122323 -2.33542 0.289397 0.505779 0.281419 -0.746378 -2.08604 -0.655821 -0.66062 0.008475 -0.0449641 2.16991 -1.1451 -2.95554 0.0888859 2.88724 
-0.740953 -0.391359 0.193286 1.05173 0.904008 0.855043 0.625204 0.552137 -1.23675 -0.766001 -1.18455 -2.76331 -0.178469 -0.449333 -0.289762 -0.597984 -1.06215 0.284389 0.321462 0.483165 0.021722 1.15248 -0.478392 -1.1336 -0.586935 1.63451 0.673744 0.690304 -0.122517 -0.950248 -1.22103 -0.605696 1.04664 -0.0513022 3.47877 1.66044 0.528052 4.24379 0.025865 
-0.782867 -0.210118 0.358201 0.574799 0.760782 0.935356 0.861204 0.695886 0.579538 -0.96513 -0.455643 -1.0108 0.657582 -0.220386 -0.100739 -0.295452 -0.399193 -0.0663187 0.38838 1.47566 0.601716 2.30233 1.76162 0.650375 1.90836 0.315262 0.312483 -0.00932944 0.200237 1.44019 0.0268524 -0.545175 -0.091079 0.600583 -0.89052 1.77251 2.00099 0.717691 -3.07354 
-0.961339 -0.492099 -0.102166 0.652533 0.837689 1.24342 2.10086 1.15385 1.06558 0.995618 -0.534177 -0.854944 0.136793 -0.13685 -0.299092 -0.397747 0.37804 0.311241 -0.223713 0.392086 0.622305 0.261957 1.29412 0.867394 0.130755 -1.43902 0.197216 0.0348734 0.59141 0.697714 0.221196 -0.379749 -2.87654 -0.681951 -1.99819 -3.40391 -0.104983 -0.258907 -1.37615 
-0.919716 -0.50921 -0.0395461 0.952839 1.07202 0.711642 1.25329 1.31819 0.841494 0.328987 0.411751 -0.880048 -0.781441 -0.0231701 -0.065866 0.295958 0.298521 0.154878 0.00863057 -1.40088 -0.0802347 0.304135 -1.64229 0.545392 1.64946 -1.06088 -0.153338 0.162239 0.684157 -0.531253 -0.692981 0.526823 0.218452 -0.545637 -0.28332 -1.72614 -2.78656 1.19551 4.35864 
-0.984509 -0.557965 0.193792 0.951054 0.992567 1.25205 0.699989 1.07362 1.36971 -0.646671 0.0112152 0.794513 -0.924092 -0.290188 -0.136852 0.28641 -0.153213 -0.38174 0.303109 0.610538 0.0766683 -0.021363 -0.432026 -1.91916 1.32626 2.91961 -0.0790404 -0.0478018 -0.764468 -0.665422 -0.1932 -0.381144 1.49592 -0.140524 -1.08245 2.64712 -1.4762 -3.93046 1.87876 
-1.2099 -0.646062 0.246864 0.799626 0.690282 1.01475 1.86383 1.39486 0.820131 -0.103039 -1.50741 0.446216 2.13817 -0.10221 -0.113668 -0.46851 -0.3669 -0.0383219 -0.372513 0.0950404 -0.220759 -0.778312 1.00483 -0.930806 -2.281 0.817877 0.349833 0.152603 -0.863993 -0.109681 0.648135 -0.58696 -2.19968 -0.629837 -0.500206 1.34334 4.18515 -1.12002 -5.06537 
-1.08672 -0.671633 -0.274718 0.584154 0.954245 0.879541 0.795029 0.85286 0.5914 0.358159 -0.91959 -1.48649 -0.106215 0.0596445 0.015751 -0.577583 -0.262895 0.266395 -0.28385 -1.58914 -0.553168 -0.521569 0.911315 2.26599 0.206246 -2.14576 0.0862127 0.211361 0.422067 0.634064 0.184747 0.423543 0.656353 1.03707 0.538198 -1.6972 1.93159 4.01328 -1.06796 
-1.15026 -0.630311 -0.330719 0.536731 0.956677 0.730901 0.274687 0.84169 0.298563 0.808276 0.758582 0.652461 -0.00758417 -0.0159977 0.0976929 -0.0464429 0.267164 0.146425 0.0510296 0.751394 0.816309 -0.240114 -0.69237 1.00078 1.73228 -0.250085 -0.0619019 -0.0722094 0.673032 0.819925 0.00047921 0.548375 2.41245 1.01682 1.00627 0.337119 -1.87047 -0.0957641 2.33133 
-1.10272 -0.57394 -0.321161 0.851317 1.10067 0.93057 1.54642 1.66917 0.351285 -0.334211 0.0811922 0.245787 -0.3563 -0.00225738 -0.0564584 0.0954496 0.55703 0.266874 0.264524 0.823304 0.463648 0.4847 1.24843 0.395524 0.110481 0.18557 -0.0933448 -0.337188 -0.414782 0.170759 0.000895912 0.099371 -0.658601 -0.938266 1.30405 1.76862 0.00549341 -2.76703 0.348847 
-1.15252 -0.686769 -0.235269 1.09376 1.22355 0.995426 1.09799 1.30534 0.783263 2.05671 1.15411 0.762943 0.177986 -0.109343 -0.239495 -0.461225 0.437923 0.147321 0.150401 0.0927926 -0.121957 1.06394 1.07625 1.00628 -1.03476 0.0987618 -0.0674331 -0.0477756 -0.43391 -0.185431 -0.605507 -0.627397 -1.40658 -1.08844 -0.526163 -2.06705 -1.08527 -2.85875 -1.51256 
-1.21206 -0.813435 -0.782386 1.28924 1.24799 1.08097 1.63922 1.54721 1.41522 0.742043 1.08747 -0.788971 -0.257538 -0.0696905 -0.104234 -0.33846 0.3716 -0.338633 -0.362872 -0.583279 -0.62479 -0.0414628 -0.818618 -0.689741 -2.74827 -1.32699 0.0519873 0.350199 1.07433 -0.473319 -0.744061 -0.652136 -0.893788 -0.0214103 -0.321619 0.20743 0.384471 1.51859 -0.426059 
-1.22221 -0.791003 -0.573729 1.46536 0.884918 0.632553 0.514712 0.680549 0.7418 1.23809 0.464366 -1.98533 -1.14901 -0.0573553 0.110704 0.613102 -0.0353959 -0.59674 -0.501736 -0.800995 -0.143368 0.742317 1.28368 1.39075 0.483831 -0.327297 0.0541371 0.162825 0.523746 -0.660517 0.535688 0.775938 1.81794 0.764662 -0.495345 0.214861 0.456912 5.25611 2.9935 
-1.26941 -0.70273 -0.169285 1.25384 0.651251 0.579235 0.83822 1.40384 2.15754 2.02573 2.47822 -0.30514 -0.584835 -0.0155534 0.0585909 0.185286 -0.288917 0.197055 0.413066 1.23466 0.139873 -0.536807 -0.603757 -0.232829 2.50784 1.66651 0.139616 -0.0548189 -1.06591 -0.758886 0.922078 0.543262 0.703726 -0.571896 -2.83098 -2.11235 -2.83556 0.0155447 0.612406 
-1.23776 -0.732413 -0.388443 1.17644 1.08197 1.04562 1.74938 0.820421 0.204992 0.634335 0.231538 0.522517 0.517502 0.0822611 0.0558852 -0.452805 -0.794282 0.325338 0.0415263 -0.097269 -0.715264 -2.08867 -0.828661 -1.44481 0.499376 0.285109 -0.0384089 -0.185905 -0.908663 -0.940886 -0.601749 -1.00969 -3.09774 -0.128362 1.53173 0.719622 0.938103 -3.06861 -1.52782 
-1.18715 -0.646845 -0.62209 0.459563 0.976589 0.620761 0.740951 0.68858 0.0688702 1.19707 1.0334 0.194235 -0.299726 -0.0539623 -0.127315 -0.723377 -1.2298 -0.404694 -0.59662 -1.86308 0.0115109 0.99492 0.115865 0.705274 -0.560763 0.138689 -0.161617 -0.233188 0.163698 0.897053 -0.186319 0.0986157 -0.352762 0.976153 2.63175 -0.823132 1.80241 0.87024 1.14389 
-1.29172 -0.859727 -1.11182 -0.0533596 0.677279 0.448999 -0.113704 0.831932 1.19991 0.7502 0.936811 -0.0382459 0.65619 -0.0793556 -0.177303 -0.289107 0.102771 0.139019 0.140142 -0.450031 0.260889 0.543085 -1.65179 0.357593 1.36962 1.429 0.0459225 0.148564 1.32458 2.30763 0.935095 0.627314 2.27814 -1.01157 -4.16871 -2.37333 -1.90591 1.59756 1.00202 
-1.26651 -0.824148 -0.911197 0.562334 1.11561 0.760903 0.29092 0.94947 0.611955 -0.454725 1.391 1.56385 1.12927 -0.00803975 0.0212494 0.601203 1.07782 0.530401 0.0306935 0.415066 -1.00006 -3.17379 -2.25746 -1.20063 1.0368 1.14071 0.111387 0.310012 0.65399 -0.111731 -0.3989 -0.561916 0.444979 -1.02573 -0.492252 2.49524 -1.8273 -3.44214 -3.35439 
-1.29976 -0.838478 -0.510617 1.02446 1.20768 0.479692 0.301362 -0.168125 -1.97387 -1.50726 -0.263821 0.998554 1.7969 0.0320315 0.132709 0.364883 -0.00895958 -0.259881 -0.421774 -0.00505272 -0.764842 0.0508328 0.843451 -1.46971 -2.07252 -1.92539 0.0775857 0.060429 -0.726042 -1.08238 -0.910321 -9.55445e-005 -1.37623 2.08776 6.84415 3.25626 2.76493 -2.65427 -4.50799 
-1.23448 -0.691439 -0.546314 0.553375 0.855727 0.33913 0.285867 0.184627 0.662788 0.388725 -0.0787087 -0.508668 -0.796119 0.0695459 0.0816784 -0.124839 -0.00455617 -0.37992 0.030598 -0.961163 1.0877 3.67037 0.998797 1.5643 -1.61747 -3.36729 -0.0431519 -0.242313 -0.620094 -0.169155 0.133984 0.72018 -0.218683 1.27596 -0.108157 -0.867051 2.00883 2.53534 1.86173 