-0.852596 -0.507709 0.55043 -0.569558 0.569619 1.61522 1.48296 0.730495 0.498151 -0.172763 0.671488 0.87113 1.69673 -0.0367936 -0.17953 -0.124968 0.0541678 0.0271146 -0.11244 0.128172 -0.102003 -0.725424 0.526876 -1.41747 -0.0352496 0.213793 -0.186059 -0.313516 -0.0310921 -0.355754 -0.374964 -2.4397 -1.69304 0.488302 0.822878 1.4472 0.703291 0.490666 -1.9241 
-0.926571 -0.799974 0.375808 -0.59373 0.779298 0.942017 1.01734 0.92505 0.649447 0.472852 -0.225959 0.802088 0.836707 -0.0806647 -0.0879561 -0.0761456 -0.091964 -0.189833 -1.48305 -0.114861 0.405156 0.377419 0.660413 -0.397137 -0.385406 -0.915497 -0.055302 0.166837 0.107011 -0.306346 -0.189772 0.0612044 -0.0663251 -0.175633 0.432796 -0.62833 2.71347 1.49354 1.15469 
-0.93326 -0.595665 0.474285 -0.661522 0.379786 0.13217 1.3681 1.13565 0.87557 0.48765 0.274351 0.485724 0.781235 -0.0920957 -0.012693 -0.017957 -0.252178 -0.162657 -0.0512353 0.0618472 -0.277636 -0.292628 -0.101454 1.296 1.45829 1.36849 0.039313 -0.289969 -0.129337 0.0309076 0.596975 2.14451 -0.0725352 -0.587861 -1.46648 -2.394 -0.25539 0.512337 0.875763 
-1.01867 -0.812667 0.357851 -0.845908 0.616641 0.890781 1.07918 0.647414 0.356818 0.371399 1.07004 2.26038 2.20519 -0.0413517 -0.377925 -0.205482 -0.0610564 0.407142 0.661463 -0.187396 -0.182705 -1.08907 -1.73359 -0.652527 0.126931 -0.0397338 0.222663 0.189035 0.0119614 0.298006 0.299642 0.506871 -0.395308 0.485643 0.621922 -0.835551 -1.84428 -3.52956 -3.78815 
-0.974612 -0.97359 0.268803 -0.722578 0.786928 0.793633 1.18071 0.952945 -0.213496 -1.24594 -0.378176 0.612656 0.741501 0.130567 0.176342 -0.00599556 0.0458276 0.136985 0.455635 -0.333461 0.208007 0.329293 -0.937005 -0.548276 -2.07128 -2.41967 0.125204 0.676609 0.501922 -0.222083 -0.836248 -0.789278 -0.99427 -0.398918 1.06109 3.0281 1.34671 -1.13244 -1.30489 
-0.888099 -0.636324 0.351856 -0.800081 0.753625 1.34642 0.745723 0.855421 0.686111 -0.565606 0.521768 0.1891 -0.214475 0.0838519 0.298684 0.29644 -0.283139 -0.429106 -0.127815 -1.18167 -0.581624 -0.0279768 1.29451 0.694187 -1.00551 -1.34462 -0.099269 -0.300828 0.0578805 -0.452219 -0.828792 -1.58975 -0.815089 -0.547974 -1.97964 0.065764 0.3569 3.10302 2.93142 
-0.89076 -0.674906 0.565242 -1.00572 0.357821 0.665818 -0.000960609 0.371321 -0.241473 0.0485724 0.316011 -0.39285 -0.603118 0.0312984 -0.124486 0.0518849 -0.406391 -0.691807 -1.13412 -1.14855 -0.339967 -1.65034 -0.871241 -0.191376 1.03175 0.511757 0.0307552 -0.573107 -0.323391 0.742989 0.39668 -0.209274 1.14195 0.897985 -0.631529 -0.964797 -0.471419 1.73947 2.4496 
-0.856801 -0.76081 0.403741 -1.20647 0.0618184 0.212298 -0.402826 0.515454 -0.964232 -1.43685 0.330392 1.22084 0.297282 0.114607 -0.274423 -0.0269517 0.45985 -0.0324258 -0.337089 -0.0397152 0.316362 -0.659506 0.329715 0.222769 0.733967 1.10498 0.133243 -0.144203 0.354065 0.697663 0.788726 1.23073 0.497715 0.58684 2.12113 2.92773 -0.452107 -1.31324 0.506114 
-0.776153 -0.949329 0.538291 -0.545868 0.325396 0.328729 -0.0406758 0.687683 -0.900979 0.378287 0.53878 0.341116 0.501862 0.164542 -0.268688 0.40595 0.291272 0.0969186 0.0966065 -0.650834 0.246873 0.470785 2.05649 -0.643483 -0.281491 1.01787 0.00412393 -0.00155264 0.522228 -1.0759 0.36861 0.651244 -0.207773 -0.0524506 0.601432 0.308025 -1.36899 0.289029 -1.25543 
-0.692259 -1.0295 0.809691 -0.9152 0.158737 0.308904 -1.05366 0.762327 -0.493447 0.619643 -0.313091 0.939354 1.31515 0.118731 -0.275976 0.495276 -0.616048 0.336184 0.314155 -0.247488 0.263911 -0.0580745 0.63774 -1.14622 1.023 -0.150453 -0.096855 -0.360786 -0.335503 -0.53796 0.575765 0.340978 1.57793 -0.10499 -1.39783 -2.15522 1.22711 0.178971 -2.18024 
-0.657422 -1.22531 1.03357 -1.16192 0.66158 0.642884 -0.288164 0.951594 -0.959054 1.01603 -0.60744 1.36411 0.351409 0.0676866 -0.629474 0.0704473 -0.246688 0.672684 0.437585 0.927098 0.141883 -0.927041 -0.0987322 0.583623 -0.10252 -1.16236 -0.0728415 -0.0650677 -0.457445 0.274339 -0.0523633 0.254897 0.459442 0.000971849 0.611164 -0.627549 1.21778 -0.795777 1.04564 
-0.624573 -1.65897 0.880138 -1.16189 0.831421 0.746489 -0.126562 0.90421 -1.42049 0.52091 0.270532 0.836834 0.152789 0.0458894 -0.341043 0.0378314 -0.34171 0.283821 0.569052 0.211954 0.264883 0.55309 0.0101906 0.0715606 0.227219 0.895191 -0.0966609 0.633057 0.128652 0.448476 -0.621531 -0.255086 0.136967 0.148393 1.70646 0.536875 -2.37185 0.489612 1.64888 
-0.611533 -1.56635 1.0714 -1.50363 0.945401 1.21194 -0.0762098 1.21648 -0.405964 1.02622 -0.535879 1.59133 1.2466 -0.0289743 0.00358347 0.199099 0.201788 0.0511534 0.182499 1.06407 0.290276 0.779416 0.438143 -1.78822 0.387092 0.486511 -0.147071 0.086142 -0.395385 0.27513 -0.582001 -1.76988 0.30111 -0.314234 -0.736402 -0.901886 -0.236383 -0.812317 -1.30124 
-0.653547 -1.65539 1.07924 -0.9601 0.882574 0.928988 0.937504 1.19449 -0.641072 0.959054 -1.51769 1.22393 0.6393 -0.101181 -0.254901 -0.357554 -0.0665792 -0.29818 -1.20083 0.513063 -0.0493515 -0.183312 -0.891696 -0.164823 -0.585098 -0.406052 -0.0378771 0.128089 -0.178081 -1.24431 -0.500245 -1.49642 -2.34147 -0.932886 -1.35128 -0.731667 2.4688 0.0965312 0.451337 
-0.712714 -1.82125 0.713844 -1.5702 0.647221 0.0111045 0.436854 1.16713 -0.589276 0.134522 -0.700702 1.00623 0.840548 -0.0668513 0.131673 0.021018 -1.04252 -0.449092 -1.31392 -1.27741 -0.642611 -0.571864 -0.293524 0.68058 0.483623 0.937849 0.0817946 0.759858 0.667513 0.0935294 0.55914 1.60784 -0.715984 -0.303088 1.05303 1.44712 0.369808 1.31206 -0.244906 
-0.720398 -1.52372 1.10026 -2.00262 0.433482 -0.384929 -0.339903 0.551875 -1.21294 0.66553 -0.837111 1.70755 1.57715 -0.0193869 0.504956 0.309959 0.0269501 0.26096 0.407005 -0.202921 -0.352439 0.869717 0.555429 0.204986 0.726965 -0.650958 -0.013235 0.262739 -0.226532 1.54458 0.894753 1.99885 1.46408 0.473093 2.11065 0.222786 -0.73944 -1.11715 -2.01747 
-0.732101 -1.31629 1.0238 -1.54325 0.908182 0.41811 0.233933 0.814686 0.280441 0.689951 -0.495716 1.7332 0.189589 -0.0800864 0.394412 -0.205514 0.50206 0.445661 0.684933 0.186673 -0.169518 1.53878 -0.070738 -0.0588598 -0.633525 -1.07962 -0.0198713 -0.227565 -0.489633 0.269407 -0.426625 -0.712619 0.515151 0.0975631 -1.47651 -0.506468 -0.847644 -1.23456 1.31452 
-0.800485 -1.1293 0.894742 -1.50056 0.879144 0.300004 -0.15323 0.382357 0.325846 0.594792 -0.895971 1.07402 0.497529 -0.0392582 0.277391 -0.179674 0.296357 -0.165665 -0.305614 0.31223 -0.254876 -0.606791 0.0489608 -0.642659 -0.507593 0.663564 0.102379 -0.44453 0.0225859 -0.0535633 -0.418304 0.0519957 1.48058 0.729297 -2.07814 -0.322091 0.53045 0.585753 1.12611 
-0.771359 -1.0389 0.844129 -1.2469 0.742517 0.112496 0.546163 0.55981 -0.326351 0.738912 -1.13837 1.2256 0.853154 0.0222926 -0.0501179 -0.182928 0.448497 0.027357 0.736929 1.66725 0.559778 -0.539358 -0.392829 0.47159 -0.0477714 0.0464907 0.157048 -0.259501 0.543579 -0.112742 0.575191 0.818657 0.385925 0.842447 1.20935 0.0940527 1.33231 0.748207 -1.89876 
-0.778192 -1.17942 0.711814 -1.05206 0.906501 1.03693 1.51402 0.942135 -0.213512 0.201962 -0.424381 1.02625 0.54402 0.11779 0.0178901 0.363906 0.183615 0.409526 0.513043 0.698155 0.587571 0.60256 0.143014 0.689646 0.240614 -1.23519 0.173555 -0.148353 0.699861 -0.29993 0.259524 -1.42083 -2.6211 -0.594205 -0.653264 1.00454 -1.40224 0.124751 -0.233244 
-0.653569 -1.02101 1.20803 -1.06328 1.15204 0.625539 1.24432 1.14738 0.276209 0.881926 -0.448729 1.46622 -0.38204 0.195848 -0.198471 0.516933 0.148567 0.286881 -0.683897 -0.953851 -0.0344263 -1.19262 0.61171 -0.930649 0.0769792 -0.186753 0.123261 0.378072 -0.296889 0.625406 -0.663792 -0.790209 -1.48017 -1.14056 -2.08616 -1.05538 -1.48075 0.0785017 2.28883 
-0.582344 -1.37789 1.22875 -0.903493 1.19338 0.353035 0.560169 0.907709 -1.40613 0.813673 -1.35503 1.10323 0.357266 0.241051 0.395963 0.067017 0.809021 -0.254266 -0.277166 -0.782012 -0.552993 -1.4836 -0.912364 -0.791101 0.319115 1.05364 1.10802 2.3981 -1.26989 1.54321 -1.25413 -0.954101 -1.3357 -2.54376 1.92497 -0.739916 2.42027 -1.14138 0.0301827 
-0.412518 -0.62505 1.27505 -0.254261 0.897778 0.348373 0.462305 0.594388 -1.20739 -0.0304389 -1.23983 1.78533 0.671601 1.30387 2.19963 -0.752953 1.69178 -0.967248 -1.638 -2.28955 -2.57819 0.732347 -0.128205 1.48962 -1.06441 -0.156571 1.38413 1.24925 -2.21044 1.2563 -1.83603 -2.12361 -1.96238 -2.0851 3.16164 1.20456 1.91671 -2.44736 -2.35498 
0.721529 0.821739 0.475794 0.788286 0.226134 -1.28496 -1.72938 -1.67048 -0.673787 0.685467 0.134593 0.0388273 0.200696 1.62518 1.64522 -2.14342 2.06532 -2.0903 -2.40078 -2.7444 -2.63809 1.67805 0.292193 1.1256 -2.12824 -1.30134 -0.543781 -2.42242 -0.63143 -1.41747 -0.414442 0.762128 2.24643 2.82413 1.16664 0.14816 -1.16371 1.16167 0.876965 
1.21266 1.02017 -0.868369 1.81106 -1.19252 -2.05241 -2.28209 -2.0437 0.470659 0.261755 -0.114225 -0.342906 -0.629741 0.760092 -0.222783 -1.38438 0.274309 -1.38169 -0.87587 -0.0431128 0.245945 1.89898 0.0199547 0.325909 0.0972664 0.720395 -1.27194 -1.92977 1.77148 -2.51345 2.11932 2.94332 3.54179 3.48309 -0.884819 -0.238868 -0.4941 2.6695 2.71219 
1.48162 0.598956 -0.908589 1.06259 -1.15556 -2.16083 -1.77249 -1.42453 1.2252 0.705422 0.460502 0.136094 0.92109 0.353245 -0.284558 -0.371943 -0.448127 0.0290259 0.542539 0.797391 0.845001 0.793228 0.0533257 0.631504 0.541256 1.41084 -0.648865 0.541505 0.387844 0.0919136 0.812415 1.77119 0.366817 0.422811 -1.84793 -0.885626 -0.921372 -0.103366 -1.33189 
1.56591 0.735608 -1.24031 1.36293 -1.16349 -1.50987 -1.4847 -1.1987 1.26389 0.31508 0.517279 0.19835 0.781103 0.111227 0.318722 -0.996538 0.366222 -0.569275 0.895321 0.323704 0.668756 0.0510513 -0.865671 -0.595463 -0.00609926 -0.611494 -0.298138 0.176021 -0.418474 0.362316 -0.618512 -0.572661 -0.866619 -0.472013 -1.18201 -1.40252 -1.58582 -1.40634 -1.98765 
1.59285 0.917677 -1.90513 1.42882 -1.72483 -1.26551 -1.44879 -0.755776 1.27625 -0.160249 -0.134961 0.129994 0.309597 0.055107 -0.108537 -0.790417 -0.0858114 -0.589486 -0.0301215 -0.0692278 0.372988 -0.388786 -1.34919 -0.954319 -0.865087 -0.576802 0.0118044 -0.900598 1.29089 -0.626416 1.13254 -0.818333 -0.0775269 -0.71059 0.00188939 -0.104583 1.22386 0.118533 0.860736 
1.62101 0.627071 -2.03073 1.27712 -1.75298 -1.53999 -1.55393 -0.825714 0.875102 -1.03411 -0.43704 -0.666737 0.204301 0.123032 -0.581876 0.294356 -0.260193 0.563268 0.0769877 0.246177 -0.041834 0.0529406 -0.970254 0.628402 0.112434 0.249242 0.0771588 -0.372378 1.21026 -0.0374011 1.10149 0.650047 0.0688769 -0.334427 0.555739 1.28594 2.15484 1.64822 1.42238 
1.71588 0.335801 -1.61077 1.16862 -1.16156 -1.18852 -1.20261 -0.79761 1.32919 -1.1305 0.493441 0.242428 0.558839 0.132266 -0.480914 0.419846 -0.123212 0.512008 0.619926 -0.000350817 0.0385615 0.166953 -0.0632534 1.20052 0.783129 0.845581 -0.0377087 0.495615 -0.231101 0.57499 -0.565716 0.578313 -0.0708389 0.347648 -0.337391 1.30997 -0.275955 -0.173708 0.515692 
1.75328 0.146157 -1.61088 1.15391 -1.24097 -0.920064 -1.55428 -0.787153 1.04205 -1.09736 0.763481 0.116392 1.04988 0.085323 -0.0862616 0.0632555 0.314797 -0.00244792 0.655301 0.175338 0.305814 -0.28445 0.33972 0.352447 -0.0612746 0.764934 -0.0970061 0.606275 -0.548433 0.265807 -1.01869 -0.388447 0.238816 -0.0624233 -0.173109 0.375226 -1.33728 -1.31976 -1.038 
1.8012 0.249539 -1.54751 1.48342 -1.16401 -0.533224 -1.02727 -0.491795 1.04474 -0.790783 0.845888 0.181154 1.32377 0.0352597 0.125361 -0.128586 0.142595 -0.506678 0.231478 0.238465 -0.0238618 -0.00615673 0.311973 -0.136755 -0.536633 -0.192414 -0.107133 0.190391 -0.237491 -0.587 -0.640475 -0.969643 -0.631646 -0.547715 0.0273482 0.21985 -0.547554 -0.913799 -1.13937 
1.78854 0.271518 -1.73947 1.29651 -1.74765 -0.688586 -1.31581 -0.811015 1.0359 -0.785392 0.626726 -0.42024 0.857469 -0.0218097 0.104129 -0.174236 -0.272203 -0.642923 -0.314342 -0.456308 -0.241901 -0.257102 0.559571 -0.195107 -0.975073 -0.374434 -0.0911806 0.0603628 0.130031 0.12501 0.243066 -0.214778 -1.1269 0.0961137 -0.798432 0.421495 0.283584 -0.061143 0.34911 
1.77939 0.353668 -1.72175 1.21122 -1.80693 -0.847566 -1.48358 -0.733696 0.787639 -0.231212 0.650781 -0.79392 0.94934 -0.0559209 0.185724 0.00144441 0.267605 -0.263613 0.0167006 -0.888431 0.0722519 -0.804589 0.733468 0.146829 -0.597776 0.156696 -0.0737393 -0.0427176 0.417761 0.0142941 0.635916 0.254309 -0.378703 -0.138709 -0.806736 0.110932 0.424383 0.341679 0.326281 
1.73262 0.457242 -1.73803 1.56411 -2.01126 -0.671885 -2.20424 -0.738763 0.231309 -0.0519241 0.773555 -1.01802 1.01417 -0.0955489 0.0614114 0.243525 -0.257909 -0.00700718 -0.0600331 -0.835011 -0.38061 -1.06384 0.670503 0.229276 -0.633394 -0.0481526 -0.23756 0.142621 0.459062 -0.602902 0.213276 0.378239 0.786573 0.113772 0.155144 1.38812 1.345 0.817617 -0.515909 
1.68384 0.41508 -1.47823 0.953308 -1.81394 -0.907599 -2.31859 -1.11431 -0.276199 0.439291 0.880057 -1.42731 0.901187 -0.293481 0.328345 0.460506 -0.335297 -0.0503366 0.39494 -0.101858 0.186024 -0.649445 2.12158 1.49183 0.219841 -0.359212 -0.672029 0.296632 0.838854 0.22883 0.845218 0.0955169 2.93401 1.17868 2.25582 -0.824917 0.106226 1.80939 -0.710948 
1.43914 0.785587 -1.27752 1.22881 -2.0616 -0.276945 -2.3061 -0.552739 -0.418136 2.06966 2.26539 -0.798175 0.654953 -0.767578 0.358043 1.08238 -0.0290795 0.83821 0.0354838 2.099 0.798068 1.19199 -0.154415 0.335502 1.176 -0.759101 -0.612911 -0.125427 0.0672276 0.00573766 1.71956 -1.27967 1.58751 0.327821 1.41568 -4.31967 -5.6743 -1.45268 -1.65649 
0.916266 0.773123 -0.395847 0.924229 -0.975732 -0.872115 -0.219592 -0.316239 0.915789 0.284876 1.21556 -0.251314 0.142087 -0.906392 0.202918 0.527734 -0.329559 1.66923 -0.884727 1.48566 0.513845 0.766236 -2.19809 -4.18247 -1.23284 -2.01571 0.066903 -0.298537 -1.07239 -0.0181954 0.415308 -0.465891 -2.71474 -0.621547 -1.57137 -1.12758 -3.46339 -2.16258 -1.18874 
0.532746 0.988504 -0.749786 0.899254 -0.392373 -1.16167 -0.820446 -0.0388936 0.348099 -0.128428 -1.91708 -2.03101 -1.36075 -0.700675 0.0595067 0.00999111 -0.0472749 1.25352 -0.430407 -0.615745 0.176521 -0.379382 -1.282 -3.12789 -0.986575 -1.94784 0.00864266 -0.727819 0.84734 -0.500811 -0.635789 2.22393 -1.34629 -0.0453122 -0.70053 2.58052 6.43745 2.50368 3.45251 
0.215591 0.83263 -0.385856 0.876954 0.277787 -1.30252 -0.835338 -0.139718 0.536407 -0.997119 -1.91233 -1.23789 -1.80575 -0.897749 -0.524901 1.37507 -0.83037 1.03344 1.33921 0.13937 0.468533 0.065706 0.382427 2.25499 1.27084 1.4368 0.104815 -0.341517 0.936533 -1.44126 -1.04214 1.7439 1.55391 0.280811 -0.727831 1.20698 5.27332 2.36293 3.33346 
-0.365003 0.463603 0.625288 0.0688841 0.641065 0.177533 -0.681076 0.429639 0.413805 0.253999 0.337906 -0.760173 0.0760506 -0.59586 -0.28201 0.946524 -1.48854 0.211378 1.3135 0.938162 0.457332 -1.10721 -0.075014 2.14543 1.37635 1.38562 1.87604 1.24049 -2.59254 0.321778 -2.19899 -2.63715 -0.162482 -2.71163 -2.05349 1.02886 -1.00964 -0.358835 -2.25984 
-0.380269 0.55062 0.560668 -0.611581 0.489164 0.0109765 0.102824 0.317614 -0.570806 -1.07213 0.233104 0.138464 -0.420127 0.978286 0.715584 -1.21746 -0.508592 -1.16555 -1.29795 -0.023112 -2.2431 -1.98779 1.41129 1.24535 0.912005 -0.823032 2.32667 0.546774 -2.28699 2.26727 -1.69545 -2.66366 -1.12215 -2.99956 1.01594 3.06009 -0.17253 -1.26438 -2.2801 
0.613284 1.17919 -0.592174 -0.439708 -0.524484 -1.12041 -0.704188 -1.81346 -1.57398 1.66529 1.58325 0.151832 -0.746982 1.73081 0.264764 -1.34046 0.778731 -1.48407 -1.35016 -0.18399 -2.54223 -0.0912703 2.98507 1.9729 0.11197 -0.894482 -0.162216 -0.879672 0.493006 1.25342 0.297992 0.959785 0.461958 2.06395 3.69954 -1.58645 -0.603809 -1.22563 0.386466 
1.35054 0.815384 -0.779795 0.16715 -0.994903 -1.33918 -0.081166 -2.22461 -0.662077 1.91294 2.20601 0.250434 -1.31461 0.816071 -0.164088 -0.724456 0.744829 -0.867557 -0.33816 0.438846 -0.179144 1.71176 -0.175161 0.641539 -0.313626 -0.436566 -1.70661 -0.0650959 0.574338 -0.398858 0.967538 1.30989 0.0564349 2.94197 1.54168 -3.7024 -2.96576 -0.759513 0.778905 
1.42935 1.0151 -1.31663 0.305121 -1.39204 -1.45857 -0.265342 -1.9926 0.137773 1.49012 2.22479 -0.161794 -1.18355 0.0241978 0.199668 -0.766125 0.379873 -0.516529 -0.040269 -0.127555 0.399747 1.45041 -0.717323 -0.99286 -0.647543 -0.115577 -0.898651 0.154528 0.33363 0.0541156 0.712965 0.221829 -0.317158 0.539749 -0.848213 -0.386882 -2.44545 0.246296 0.614932 
1.37474 1.01505 -1.54592 0.547023 -1.51143 -1.37945 -0.208721 -1.82486 0.788336 1.19562 1.21315 -0.397109 -1.43019 -0.0825807 -0.00956012 -0.390826 0.798945 -0.154593 -0.116331 0.121688 0.360605 0.863542 -0.562043 -1.80391 -0.0673298 0.178366 -0.0809011 -0.0523994 0.439515 0.152603 0.00645004 -0.0240894 0.275761 -0.076953 -1.09783 -0.449301 0.281707 0.613045 0.806435 
1.34677 1.00554 -1.70746 1.10407 -1.54663 -1.5749 -0.143654 -1.632 1.00131 0.928081 0.420885 -0.229124 -1.00518 -0.0567033 0.147269 -0.326611 0.532476 -0.510079 -0.0643584 0.148206 0.322794 0.352587 -1.16662 -0.711153 -0.034498 0.690858 0.0801904 -0.0586085 0.386313 -1.27034 -0.0857775 0.183875 0.177678 -0.138799 -0.344135 0.20804 1.54502 0.192649 0.234072 
1.31803 1.16232 -1.87253 1.0795 -2.02151 -1.44381 -0.0605147 -1.50207 1.14092 0.0289917 0.501993 -0.431607 -0.739328 -0.00239028 -0.0681686 -0.00451346 -0.471395 -0.24037 0.0675439 0.299366 0.221806 0.519407 -0.354003 -0.258886 0.12532 0.412438 0.0645345 -0.343596 0.681729 -0.666697 0.85579 0.246664 0.341018 -0.162101 -0.465441 2.73333 0.218313 -0.464728 -0.291737 
1.34438 0.93737 -1.71197 0.632671 -1.787 -1.50736 0.155712 -1.41019 1.52072 0.574078 0.161999 -0.103805 -0.592743 0.00783123 -0.196327 0.355118 -0.13422 0.345711 0.182306 0.489224 0.160693 -0.112854 1.56671 -0.49284 -0.499226 0.399122 -0.0924836 0.318935 0.202782 1.1173 0.220804 0.127199 -0.435114 -0.347068 -0.558696 0.902129 -0.979646 -1.1572 -1.11296 
1.32586 0.965993 -1.51741 0.945279 -1.6758 -1.2615 0.428709 -1.34138 1.02807 1.5957 0.00915294 -0.930833 -0.340207 -0.0948739 0.250766 0.198268 0.645904 -0.0195659 0.194742 -0.135748 -0.125262 -0.0392887 0.548126 -1.23853 -1.03188 -0.700519 -0.110978 0.372411 -0.0404125 0.719282 -0.112788 0.123426 -1.12607 -0.0985593 0.737136 -1.37158 -0.180481 0.302546 -0.522193 
1.24951 1.18814 -1.5137 1.27857 -1.80657 -1.31262 0.0199638 -1.53545 1.48143 1.1222 -1.07653 -1.13569 -1.29326 -0.103147 0.176084 0.314706 0.585062 0.232923 0.305732 -0.636844 0.0621334 0.624282 0.195133 -0.673321 -0.19668 -0.123072 -0.0262956 -0.309372 0.141606 -0.790667 0.39519 -0.00236653 -0.345298 0.0740977 -0.271168 -0.114509 1.62958 0.493175 0.304651 
1.22272 1.14208 -1.20271 1.53034 -1.44288 -0.955772 -0.208135 -1.27924 1.65235 1.79084 -0.664168 -1.12751 -0.463278 -0.121169 -0.058606 0.339874 -0.144764 0.375624 0.192376 -0.481046 -0.0511639 -0.310457 0.433618 0.391045 -0.538706 -0.395868 -0.0890887 0.0626721 -0.394954 -0.950565 -0.118993 0.643243 1.32471 -0.414795 -2.0107 -1.20446 0.824169 0.65122 -1.04468 
1.12834 1.12953 -1.17383 1.13381 -1.43095 -1.12024 -0.461082 -1.58662 1.17098 1.55582 -0.685488 -1.67439 -1.68913 -0.192236 0.238756 -0.0802476 -0.365503 0.113929 0.948975 0.687867 -0.352662 -1.38641 -1.00933 0.150847 0.45454 -1.16775 -0.0839676 0.153578 -0.0787746 -0.006276 0.253378 0.807589 1.16451 -0.10759 -0.231633 -2.08762 -0.376617 1.55925 0.575243 
1.03048 1.38083 -1.28295 1.16484 -1.32895 -0.00679706 0.479732 -1.63191 0.265937 0.781504 -0.513321 -0.672973 -1.63103 -0.205137 0.0949717 0.2611 -0.15104 0.629002 0.999965 0.683462 -0.158754 -0.54209 -1.654 0.0144278 1.02054 0.179374 -0.196946 -0.302993 0.708039 0.505087 1.1967 -0.946108 -0.20957 0.583842 -0.380644 -0.99212 -1.08842 -0.126099 1.55028 
0.923203 1.2245 -0.912727 0.982771 -0.801943 -0.120276 0.22238 -1.74537 0.628886 -0.0981755 -0.67106 -0.653849 -1.50976 -0.389181 -0.0642374 0.627791 0.139584 1.31063 0.00286664 0.478297 0.23118 -1.76706 -2.00145 -0.937572 0.328441 0.382525 -0.240578 0.236185 0.232458 0.641453 1.14229 -1.67538 -0.892535 1.27368 -2.38978 2.10812 0.726264 -1.65796 -0.739054 
0.641299 1.3166 -0.655163 1.30442 -0.0183203 -0.00393042 0.958029 -1.40073 -1.50112 -1.21995 -1.45089 -0.344531 -1.2485 -0.445715 0.331157 0.493558 0.490414 1.7713 -0.675417 -0.209073 1.11493 -2.93187 0.454122 0.740691 -0.637419 -0.559679 0.184752 0.198226 -0.318964 0.495627 -0.518277 -1.57657 -1.30858 0.648567 0.696721 3.40998 1.94387 -1.70562 -0.970696 
0.477487 1.55566 -0.419169 1.47318 0.969353 -0.795692 0.013307 -0.630441 -2.30299 0.355947 0.0696311 -1.29127 -2.06944 -0.20443 0.133989 0.308827 0.635212 0.792351 -1.5737 -0.830286 0.879747 -1.07034 1.40853 1.00629 -1.37717 -0.588171 0.321739 -0.310919 0.123143 0.010001 -2.43651 -0.237159 1.0803 -0.472431 2.99291 -0.422839 -0.564104 -0.262614 0.714415 
0.436869 1.45058 -0.346335 1.93963 0.774031 -1.57763 0.127743 -0.520979 -2.57146 0.188586 -0.444599 -1.72171 -1.83668 -0.123977 0.0202372 0.616701 0.500415 -0.665215 -0.912576 0.871229 0.642498 0.0610415 0.0312832 0.176587 -0.900033 0.154736 0.104911 -0.049319 0.0303875 -1.49064 -0.759469 1.94177 1.2366 -0.697664 0.779919 -1.61431 -0.93039 0.88511 0.179586 
0.353511 1.5759 0.197532 1.9736 0.304138 -1.70827 0.884536 0.0120568 -2.24195 0.38723 0.246218 -2.1913 -1.9147 -0.0995193 0.0846699 0.339215 -0.855425 0.0328825 0.368074 0.406317 0.182084 -0.290419 -0.205776 0.0759041 -0.492065 -0.408585 -0.144242 0.20699 -0.0947337 -2.00231 1.47287 2.4847 -1.83604 -0.835692 -0.29395 -1.1334 0.408237 1.47712 0.058453 
0.33735 1.53525 -0.00712052 1.08421 0.806913 -1.20956 0.53406 -0.338895 -2.86188 -0.0171899 -0.368695 -2.21377 -2.24526 -0.268218 0.227227 0.521967 -1.5019 0.807658 1.57212 -0.964815 -0.193194 -0.232909 -1.10212 0.584824 0.577086 0.213189 -0.398165 0.264293 1.24573 -0.203622 -0.336614 1.05243 -1.85783 -0.181484 1.85875 -1.15503 -1.18466 1.39429 1.5742 
0.0852924 1.80312 0.719498 0.471702 1.1118 -0.136144 -0.0802794 -0.181137 -2.47485 -0.714888 0.831042 -1.61421 -1.70151 -0.497684 0.348963 1.58495 -1.05905 -0.303732 1.4205 -1.45152 0.000600137 1.56833 -1.36081 -1.10876 0.902222 1.16562 0.0100786 -0.423039 0.171973 1.42896 -1.31661 -1.08739 0.318061 0.513918 1.5294 0.0914642 -3.50584 -0.57533 0.0405304 
-0.160334 1.88422 1.57783 0.0251617 0.503182 0.210949 -0.917455 -0.338295 -1.29355 -1.378 -1.47745 -1.31155 -1.07964 -0.25814 -0.195812 0.69394 -0.0729365 -0.508948 0.484735 -0.646754 0.320724 1.2965 -1.01065 -2.92101 0.001756 0.253719 0.481034 -0.610943 -1.94355 0.674666 0.186118 -1.22594 2.4323 0.662552 -1.39081 -0.0994236 -0.243532 -0.802333 -1.28266 
-0.172847 1.60731 1.41344 0.398765 0.602848 0.348591 -0.727034 0.139587 -1.17836 -1.72554 -2.08997 -1.61246 -1.44779 -0.0166499 -0.26198 -0.358597 -0.384381 -0.117614 0.194562 0.98078 0.663152 0.177527 -1.46023 -1.35229 0.0998888 -0.117046 0.208905 -0.157917 -0.661161 -0.078955 0.0556503 0.024431 0.0401322 -0.551255 -0.0645236 0.485839 3.41957 0.435959 0.262764 
-0.176984 1.62224 1.21923 -0.359219 0.385567 0.405511 0.0633249 0.324857 -1.11602 -2.83823 -2.82974 -1.21166 -1.19669 -0.049235 -0.353729 0.032779 -0.151891 -0.453297 0.509166 -0.606622 -0.23053 1.23197 -0.524815 0.498557 0.437715 0.516483 -0.345014 -0.816841 0.306195 0.757624 0.220197 -0.0473386 -2.67875 -0.941547 0.574122 2.18259 2.12713 0.565646 1.19805 
-0.222082 1.25358 1.44622 0.246874 0.149551 0.857757 -1.33366 -0.0909429 0.0536127 -2.25036 -1.59141 -1.17474 -0.931309 -0.361664 -1.07882 -0.0524013 0.373243 0.102583 0.147224 -1.69797 -0.278395 0.751649 0.722362 0.774843 0.665535 1.08101 -0.525227 -1.02101 -0.752184 -0.261477 1.20154 -0.14674 2.69534 0.487718 -1.99182 1.44337 1.16326 0.45325 0.414528 
-0.538648 0.543416 1.16683 0.0140236 0.48815 0.552735 -1.63464 0.0464617 -0.364368 -2.11587 -2.05489 -0.546125 -0.115681 -0.574462 -1.37474 -0.719405 -0.413368 0.748245 0.362426 2.08872 0.257188 -0.759844 0.918552 1.66182 0.890965 0.931011 0.0817936 -0.016177 -0.656479 -0.563373 0.532786 0.758449 3.71677 0.55208 -0.929601 -0.997069 0.352393 -0.976889 -2.15125 
-0.796545 -0.121158 0.726812 -0.166495 0.897795 1.22018 0.755066 0.166245 -0.706231 -1.3318 0.0704057 -0.283779 -0.000298165 -0.27987 -1.095 -0.70888 -0.19013 0.635368 0.905673 2.0188 0.273685 -0.177951 -0.274708 1.12724 -0.311355 -1.07024 0.522801 0.945275 0.481332 0.203662 -0.522568 -0.254042 -1.62218 0.769626 1.31259 0.376324 -0.0648221 -1.09368 -1.05419 
-0.818518 -0.551582 0.457951 -0.176106 1.12352 1.45841 0.38416 0.320147 -0.54232 -2.39058 -0.927659 -0.85748 -1.18592 -0.0516609 -0.429465 -0.238074 -0.209706 0.225676 0.108384 0.466543 1.02681 0.552751 1.29488 1.597 -0.202716 -0.123179 0.243963 1.23112 0.944894 -0.131265 -1.10719 -1.80907 -1.6955 0.0955625 0.516602 2.74313 0.547008 1.34969 2.63657 
-0.848205 -0.550623 0.488738 -0.3762 1.12347 1.32857 1.22161 1.19306 -0.15348 -0.0369273 1.6674 -0.486494 -0.123478 -0.0359075 0.136119 0.236014 -0.321395 -0.47182 -0.903398 0.323303 0.369247 0.338651 2.46842 1.67424 1.03834 1.56633 0.0368429 0.221609 0.270655 0.532552 -0.25323 -0.824663 -1.23117 -1.27787 0.672258 -1.23037 -2.80819 0.503694 0.202884 
-0.854425 -0.415462 0.693965 -0.497501 0.651699 0.55501 0.707463 0.689394 -0.203669 0.0778451 0.746585 0.180855 0.380411 -0.0148179 -0.207856 0.032581 0.322846 -0.0275541 -0.716279 -0.764629 -0.251061 1.22501 0.064507 -1.21119 0.300978 0.0797045 0.0427384 -0.260119 -0.390193 -0.0497691 0.361494 1.36317 -0.532714 -1.0908 -0.289372 -3.32133 -2.14695 -1.16338 -1.29429 
-0.863023 -0.758479 0.52132 -0.0533543 1.09592 0.612288 0.456981 0.941998 1.07153 0.0275797 0.456211 -0.185516 -0.043773 0.00683099 -0.124 -0.154179 -0.371164 -0.110325 0.459771 -0.209412 -0.721549 0.0492782 -0.852911 -0.472703 -0.125049 0.272047 0.0186574 0.405911 -0.0962081 -0.923731 -0.474165 0.917132 0.925383 -0.342661 -2.31966 -0.70359 0.554886 -0.116751 0.391224 
-0.847594 -0.539463 0.539786 -0.868664 0.541373 1.01478 0.498051 -0.0321553 -0.154391 -0.775066 0.273882 0.055806 0.652458 0.00383946 0.198055 -0.063627 -0.600885 -0.501719 0.200853 0.160754 -0.593722 -1.09465 -0.639083 -0.656305 0.184227 0.470929 -0.0636125 -0.206198 -0.0567596 -0.111903 -0.0464407 -0.606452 0.148237 1.40982 0.966048 2.5985 -0.811316 -0.203146 -0.188687 
-0.859184 -0.560423 0.457693 -0.654239 0.594198 0.813141 0.617735 0.348276 -0.0231215 -0.611504 -0.200094 -0.00128896 0.427156 -0.0567815 -0.330198 -0.210939 -0.483067 -0.156766 -0.146681 -0.0611744 0.688269 1.01533 1.74559 -1.28402 -0.328195 0.0833601 -0.0632149 -0.572217 -0.184005 0.364333 0.53017 -0.0648006 0.485558 0.92381 0.78771 0.576838 1.0466 -0.107879 -1.28705 
-0.904376 -0.869661 0.328847 -1.35173 0.384607 0.8681 0.436877 0.656113 0.860936 0.970525 -1.01014 -0.272389 0.735818 -0.0593754 -0.374162 -0.247632 -0.236552 0.0284503 0.136052 0.646312 0.330088 -0.30694 -0.062245 0.390299 0.0763484 -0.81612 0.0939671 0.564535 0.386079 1.55096 0.43927 0.204261 1.0933 -0.137342 -1.60731 -3.5306 1.66193 1.35677 0.137065 
-0.918559 -0.934585 0.210061 -0.890791 0.622648 0.949193 1.26405 0.678364 -0.330062 -0.673749 0.190205 0.0750594 -0.388964 0.0371856 0.234336 0.17514 1.06789 0.282504 0.0575804 1.03213 0.550927 -0.591981 -1.78501 0.377908 1.02858 0.220425 0.114938 0.820354 0.610643 0.188377 0.0202729 -0.124637 -1.25646 -0.575206 0.324275 0.463771 0.650384 1.45445 2.29336 
-0.86719 -0.635325 0.503987 -0.283837 0.667111 0.92568 1.469 1.20704 0.268954 -0.814484 -0.632228 0.75619 0.956243 0.0555622 0.446192 0.363011 -0.0481741 0.0487232 0.0114148 -0.610153 -0.245118 0.0173347 0.401526 1.04068 1.5308 1.47724 -0.106431 -0.403921 -0.126683 -1.6363 -0.475503 -0.177523 -1.6572 -0.951196 0.566022 2.87194 1.07015 -0.892772 -0.10497 
-0.862997 -0.488393 0.573072 -0.938965 0.671372 0.960608 0.653894 0.433246 -0.312727 -0.272223 1.23089 1.60586 1.08828 -0.0692455 -0.169585 0.0484572 -0.568401 -0.192999 -0.119943 -0.625076 -0.400269 -0.0259596 1.08693 1.44806 0.135807 0.115455 -0.0737684 -0.479707 -0.324293 0.456192 0.035141 -0.200679 0.340655 0.888067 -0.114314 -1.29078 -2.11698 -1.535 -1.6932 
-0.936436 -0.80491 0.552444 -0.852238 0.474111 0.805738 0.843926 0.806771 0.242995 0.272451 0.815829 0.891996 1.0717 -0.0182063 -0.033515 0.0387185 0.408018 0.0838642 -0.189264 -0.269498 0.642949 -0.0969792 -0.889257 -1.07629 -0.00420067 -0.215961 0.153065 0.300503 -0.109002 0.997369 0.269637 -0.029289 0.379713 0.497604 0.295801 -1.59447 -2.10524 -0.481781 -0.558382 
-0.881203 -0.521908 0.611791 -0.530947 0.755236 0.771344 0.384397 1.0762 -0.409706 -1.16148 0.154597 1.60166 0.872315 0.0838192 0.130918 -0.0605453 0.428968 0.0766373 -0.149232 -0.245363 0.097334 0.269841 -0.507534 -0.657178 -0.345974 -0.442927 -0.00124742 -0.225393 -0.380408 -0.770913 -0.0695364 0.570903 1.53125 -0.298981 1.80074 2.63142 1.64946 -1.16099 1.05757 
-0.852616 -0.673992 0.491899 -0.42327 0.550749 0.656506 0.598563 0.904105 0.512836 -0.235083 0.15865 0.546022 0.628772 -0.0194537 -0.258908 -0.341689 -0.362895 0.0143278 0.381639 1.26175 0.343969 1.70376 1.74216 0.57317 -1.16519 0.84161 -0.135934 0.00309665 0.0374815 -0.545017 -0.183491 0.493445 1.24918 -0.298595 -0.0611022 2.0596 1.78852 0.122299 -0.80595 
-0.900657 -0.780816 0.270101 -0.893842 0.769564 1.15298 1.64615 1.42016 1.29406 0.580683 0.727766 0.436467 1.71393 -0.0521151 0.134015 -0.0230637 -0.116049 -0.106854 0.344213 1.00382 -0.201261 0.208739 1.55206 1.13134 -0.223675 -1.24888 0.0174276 0.304831 0.47915 0.495252 -0.0308092 -0.448041 -1.23473 -0.816534 -3.01667 -2.52709 -1.19108 0.901586 -2.18649 
-0.904731 -0.539977 0.468835 -0.539319 0.443895 1.00072 1.60238 0.702844 0.721575 1.31698 1.28999 0.322346 -0.620105 -0.00202608 0.0459234 0.137461 0.132357 -0.0164814 -0.0664025 0.0270232 -0.472566 -1.31291 -0.784925 -0.617915 -0.263603 -1.34488 0.100596 -0.455143 -0.00359378 0.128705 0.308636 -0.881935 -1.48945 0.118727 -0.694534 -2.08737 -2.57304 -0.40895 1.0848 
-0.902683 -0.734892 0.407563 -0.761485 0.753082 1.08658 1.67317 0.947599 -0.0188494 -0.204243 0.109852 0.172865 0.369048 0.0484813 -0.321129 -0.0266575 0.0126559 0.201782 -0.537722 -0.485631 -0.0825339 -0.485796 -0.535304 -1.44169 -0.632625 -0.164081 0.00657585 -0.0784436 -0.199419 -0.13492 -0.421418 -0.73507 -0.998446 0.277468 2.40609 1.15054 1.65626 0.697778 1.72095 
-0.85625 -0.861106 0.442177 -0.526663 0.645677 0.462997 1.11675 0.62031 0.235779 0.781675 -0.151697 -0.310279 -0.784186 0.00454978 -0.0325202 -0.0619575 -0.00256277 -0.437899 -0.801473 -0.971423 -0.195098 1.09319 0.365614 1.03835 0.434175 0.376069 -0.0329141 0.469106 -0.183221 -0.27524 -0.167361 0.868929 -0.0278562 0.396788 0.509984 -1.25074 1.91175 1.11316 1.65454 
-0.898133 -0.767413 0.345605 -0.764048 0.315183 0.285107 0.701748 0.752501 1.07434 0.161371 1.1482 0.60704 0.745117 0.0155673 0.147977 -0.209878 -0.262584 0.0344217 0.331208 -0.513487 0.314254 0.0241885 -1.78604 0.470057 0.480532 1.49046 -0.082831 -0.279892 0.453143 0.467645 0.39427 1.05871 -0.697564 0.0626422 -2.31309 -2.15899 -3.33949 -1.03881 -0.970514 
-0.840683 -0.713129 0.232299 -0.789248 0.680099 0.794205 0.603262 0.934564 0.259968 -1.00437 0.31836 0.170254 0.706273 -0.0782812 -0.312413 0.391185 0.465082 -0.0436297 0.257241 -1.66899 -0.132456 -1.2199 -1.79338 -2.30114 -0.604632 -0.594445 -0.0630685 -0.171664 0.766684 0.522742 -0.34087 0.726515 0.633933 -0.229265 -0.555824 1.60736 -1.07785 -0.783911 -1.97421 
-0.976415 -1.07983 0.73679 -0.298966 0.271553 0.542348 -0.967239 0.620045 -0.145566 -1.63201 -1.15295 0.00240764 0.150672 -0.0475012 -0.0236866 0.556806 0.260157 -0.306448 1.05772 0.120446 0.0849889 -0.531635 -0.178685 -0.607796 -0.303378 -0.483754 0.17467 0.61203 -0.471794 -0.679344 0.277162 0.436356 3.19936 0.539144 1.43819 3.08147 3.38422 -0.434436 0.460055 