23.6472 -9.2435 -0.39094 0.12004 -0.258427 -0.263567 -0.0710072 -0.208767 0.179387 0.394126 0.157248 -0.42313 -0.0443237 
23.7174 -9.6406 -1.41246 -1.59878 -0.610627 -0.677269 0.190344 -0.314766 0.456285 -0.0626364 -0.509174 0.0803755 0.329621 
24.9386 -11.0905 -1.25637 -1.86497 -0.826936 -1.01096 0.140142 -0.202078 0.604973 0.843739 0.877735 0.585474 0.768413 
22.5513 -10.5049 -1.36604 -2.5362 -0.891343 0.391021 0.0313771 -0.334348 1.6258 1.67556 0.57185 -0.201795 -0.114419 
23.7443 -9.99645 -0.522854 -0.91805 -0.916256 -0.90067 -1.09221 -0.862166 0.164186 -0.352399 -0.0559537 -0.244763 0.00391461 
24.5125 -10.8271 -0.365976 -0.85395 -0.587227 -0.819012 -0.918927 0.366936 -0.111084 -0.275748 0.350392 -0.341454 0.111645 
25.8468 -9.91612 -0.327631 -1.3999 -0.567336 0.0581049 -0.310432 0.304809 -0.432808 -0.310346 -0.614026 0.289407 0.870758 
31.5047 -5.72063 2.16177 0.651675 0.300248 0.0327265 -0.227091 -1.10667 -1.37638 -0.307975 0.403176 0.713006 -0.116415 
31.2486 -5.8831 0.414582 -0.247362 1.07508 0.406248 -0.0201295 -1.06844 -0.454163 0.385889 0.201559 -0.517923 -0.174635 
34.1428 -6.09635 0.0398207 -0.0341237 0.288017 -0.683613 -0.290464 -0.379336 0.234291 0.522904 0.00136465 0.161338 -1.07243 
30.8067 -6.87553 0.0468849 -0.747391 0.504724 -0.297203 -0.170782 -0.310404 -0.196668 -0.289168 1.0394 0.624523 -0.551944 
25.1937 -10.5965 -2.24274 -1.55302 -0.745759 0.366807 0.157736 -0.155905 -1.26045 -1.09277 0.217994 -0.140812 -0.271263 
31.8808 -5.49923 0.936386 1.02825 1.32646 1.467 0.93063 0.505073 1.58089 0.315183 0.484183 0.139844 1.48031 
38.4956 -1.90092 4.95521 2.97616 2.528 1.47845 -0.276899 0.538165 -0.206128 0.259845 1.36202 1.10924 1.46924 
47.1429 6.04368 10.5877 4.58428 1.70828 -0.0858173 -1.00967 -0.601639 0.0774685 -0.782703 -0.977077 -1.50115 -0.177082 
53.4224 10.9096 12.7737 3.62827 -1.74572 -2.61638 -0.682936 1.45531 0.582671 -0.91649 -2.36133 -1.96514 -1.35802 
58.5562 14.8811 11.3257 1.75206 -2.53073 -4.79663 -0.98243 3.37429 2.20977 -2.15513 -2.60506 -2.05839 -2.2918 
67.0162 16.1021 8.22905 0.754478 -3.09707 -5.8325 0.547947 5.16888 0.444846 -3.67338 -2.08343 -0.499305 -2.16374 
78.2119 15.3395 4.28509 1.37457 -4.07764 -5.75984 1.50883 3.61838 1.16056 -5.30975 -1.17809 0.753561 -1.66027 
91.0562 13.6965 -0.120192 2.08091 -4.90549 -4.35664 2.34178 1.06396 2.03053 -5.54623 0.203645 0.22688 -0.634024 
100.743 12.7723 -4.18631 2.74941 -6.82054 -2.19624 1.4382 0.171446 1.40187 -4.90899 1.36345 -0.133489 0.999569 
107.22 11.0447 -6.48571 2.36566 -7.58698 0.0976533 -0.334662 0.698154 0.329323 -3.68971 2.16385 -0.0910483 1.42376 
110.116 8.55975 -7.8752 2.17083 -6.14949 1.07567 -0.916498 0.574996 -0.105988 -2.98216 2.89301 -0.366367 0.434724 
113.149 6.894 -8.41561 0.951859 -4.89642 1.01532 -1.62722 0.187341 -0.213488 -1.46653 2.44099 0.0182132 -0.569236 
114.709 5.89224 -8.11399 0.727877 -4.94296 1.30548 -2.19092 0.975942 -0.569759 -0.233625 1.59366 -0.449855 -1.71881 
115.247 5.60058 -8.08101 0.603102 -5.08676 1.08757 -2.36613 1.27 0.507497 -0.308925 1.60392 -1.29411 -1.73032 
115.292 5.40279 -7.88769 0.535196 -5.85119 1.65504 -1.73197 1.005 0.918905 0.336279 1.79387 -1.86068 -1.7067 
113.668 4.3265 -6.75308 0.98601 -6.05278 1.5389 -1.28707 1.55968 0.524066 1.13316 2.24137 -2.28338 -1.757 
112.876 4.54082 -6.97448 2.20466 -4.904 0.452378 -2.79723 1.01748 1.08968 1.23303 1.21916 -1.80412 -2.01231 
113.506 3.6649 -7.54418 2.61401 -4.12026 0.888416 -3.30493 1.13524 0.666734 1.82657 1.26563 -2.4303 -2.17208 
113.726 3.56811 -7.38225 1.76957 -3.86998 2.36831 -2.80853 2.06968 -0.378164 1.91379 0.264109 -2.0506 -2.36836 
113.246 3.40493 -7.32307 2.19127 -3.95888 2.08997 -2.54082 2.24348 -0.719207 1.60176 0.373907 -0.482193 -1.44744 
112.375 3.14615 -6.49018 1.98367 -3.19418 1.7727 -3.21318 1.7808 -0.873992 2.85108 -0.200464 -0.472908 -1.81853 
108.319 4.04842 -6.41751 1.34681 -3.42305 1.46791 -3.75045 2.05688 -0.589536 2.11377 -0.396529 -0.0600105 -1.60827 
104.572 4.34384 -7.4182 0.622237 -3.64405 1.8297 -3.83493 1.75539 -0.0705769 1.95723 -0.107884 -1.15919 -0.552436 
99.1557 3.51012 -6.5685 1.11174 -3.42608 1.36319 -3.22983 1.11516 0.671642 2.01641 -0.238821 -0.626248 0.754826 
95.4557 3.56997 -5.77232 1.40257 -2.35239 1.42235 -3.1713 1.91532 -0.356754 1.98069 0.159495 -1.787 0.54189 
91.0853 2.9571 -3.84242 1.30065 -2.3078 2.03461 -4.38006 3.20351 -0.387032 2.0426 -0.415419 -1.51939 1.81342 
86.8379 3.31816 -3.94351 1.67253 -1.69992 2.79671 -3.66491 2.53836 0.0652469 2.11536 0.0172768 -2.03312 0.94878 
81.9074 4.02058 -2.83633 1.25191 -1.28959 2.01229 -3.49352 1.6865 -0.010412 2.25282 0.280312 -2.58839 0.816671 
74.0256 5.10485 -2.30664 -0.44977 -1.3364 1.08697 -4.66978 1.71723 1.00258 2.55104 0.651071 -2.74663 0.430917 
66.8392 6.42964 -0.127118 0.892495 -0.105543 0.617354 -1.78341 1.46213 1.86171 2.25714 -0.396065 -3.00706 0.722215 
58.8699 6.02498 1.86693 0.720122 0.339946 -0.18602 -0.746521 0.647997 2.6313 2.32946 0.583181 -2.37092 -1.10091 
55.8918 5.64461 2.57562 -0.373081 -1.08377 -0.811212 -0.43167 1.08379 1.63892 2.2307 -0.540984 -2.00622 -0.348402 
51.215 4.37572 3.22525 0.230695 -0.940038 -0.336251 -0.525574 -0.294511 1.34611 2.01588 -0.112524 -1.67087 -0.248911 
46.7946 2.25803 3.40216 -0.405537 -0.799982 -0.520261 0.882176 0.561196 1.43471 1.7625 -0.944034 -1.0718 -0.349855 
44.8789 1.5524 4.19555 0.320702 0.083995 -1.32027 -0.844598 0.705291 1.28428 0.76413 0.000463135 -0.512942 -0.711239 
41.8495 -1.12619 3.11693 -0.649511 -0.143207 -0.540788 0.745727 1.30529 2.38181 1.56138 0.628044 -0.593394 -0.32393 
40.1982 -3.1718 3.40393 -0.18208 -0.760514 0.571543 1.72436 1.11165 1.40938 0.4729 -0.944937 -0.578926 -0.180423 
39.2905 -3.63731 1.2224 -0.255237 -0.605335 -0.0908339 0.763345 0.805927 1.16857 0.591651 0.37227 -0.124008 -0.352734 
36.9741 -4.59948 -0.279115 -0.623253 -0.394191 0.62666 0.493924 0.200789 1.56501 0.531162 0.226285 0.0238282 0.223979 
36.5054 -4.55744 0.622521 -0.476052 -0.526758 -1.22061 1.04741 1.07324 0.109861 0.242692 0.767212 0.943296 -0.527051 
32.1994 -5.66846 -0.203239 -0.747517 -0.284991 -0.0756912 -0.0621404 -0.187302 1.22268 -0.0522952 -0.10337 -0.196248 0.26534 
25.2064 -11.0659 -1.54475 -1.46699 -0.578248 -1.05153 -0.586364 -0.528734 0.54302 0.447756 0.521711 -0.0140827 0.202524 
22.0489 -10.5535 -0.566968 -1.44183 0.111415 -0.00189537 -0.785219 -0.971432 -0.581959 -0.0337714 -1.08524 -0.982726 -0.364041 
22.883 -10.8286 -1.56363 -1.97132 -0.449417 -0.390733 0.0118008 0.622454 0.500154 0.863864 0.640387 0.784223 0.19477 
23.1158 -10.9888 -2.0743 -2.62481 -1.14004 0.125474 -1.5822 -0.555771 0.193772 0.804681 0.365022 0.659191 0.256893 
23.3938 -10.2747 -1.00363 -1.68016 -0.0637265 -0.119354 -0.702785 -1.34797 -0.246242 -0.0623675 -0.794795 -0.580559 -0.57018 
21.1367 -10.4794 -1.62563 -0.719674 0.774973 1.18092 1.18241 -0.295611 -0.0561891 -0.202098 -0.370042 -0.24176 -0.55647 
24.1898 -10.437 -1.51256 -1.60293 -0.384489 0.0320794 -0.448613 -0.53301 -1.14136 -0.0466748 -0.752755 -0.433687 -1.06364 
21.9865 -11.5128 -1.62921 -1.96225 -0.679162 -0.451966 -0.665889 -0.849645 0.0225545 0.191938 -0.916824 -0.579073 -0.439899 
23.3347 -10.5569 -0.979462 -1.53706 -0.757202 -0.636996 -0.152727 -0.602277 -0.839539 -0.474512 -0.0273613 -1.67341 -1.23985 
23.8193 -10.4815 -0.779701 -1.29209 -0.314092 -0.82243 -0.330083 0.418987 0.1403 -0.0122957 -0.57895 -0.504901 0.412315 
24.0911 -11.2893 -1.03018 -1.96769 -0.0930061 -0.723102 0.0631655 0.429343 0.282154 -0.0943431 -0.302132 -0.0433092 0.00124345 
24.0181 -10.6604 -1.38044 -1.59528 -0.111245 -1.137 -0.0636771 0.129575 -0.0648951 -0.377727 -0.290254 -0.97793 -0.732939 
24.0104 -10.4883 -1.3272 -0.839539 0.108752 0.54436 0.166172 0.00231437 -0.0883702 -0.912209 -0.973756 -0.201742 0.279804 
40.0788 -13.2799 -6.34814 -0.178955 -1.05048 -0.858736 -1.19149 -0.70416 0.0474508 -2.20551 -0.399808 1.64638 1.76048 
79.4117 -14.3067 -7.02875 2.42077 -0.940847 -1.31606 -1.88572 0.839412 -0.780597 -4.46752 -1.20684 1.59058 0.32568 
89.819 -14.8966 -5.77732 -0.201493 -1.19108 -2.77763 -2.36363 0.0524963 -0.773341 -5.95609 -2.67253 -0.0043648 0.889919 
91.1184 -15.1867 -4.4666 -1.61943 -1.17174 -3.08821 -2.14224 0.15728 -0.453504 -4.21343 -3.24901 -1.16217 1.68959 
91.0678 -16.6299 -6.12839 -1.67202 -0.0161465 -3.04857 -3.48547 0.103124 -1.16862 -3.74614 -3.0737 -0.760346 1.3896 
89.9471 -16.1309 -5.0234 -0.169443 0.809707 -2.59771 -3.3302 0.461799 -0.689271 -3.174 -1.93314 -1.75497 1.10593 
87.9721 -13.1056 -3.44349 0.884221 1.53542 -1.27708 -2.44181 0.208526 0.14743 -0.963565 -0.671751 -0.215129 2.49288 
90.9124 -7.86839 0.231097 2.93504 3.49667 -0.658013 -1.11877 2.28892 1.09057 -1.38334 -1.27401 -1.65521 0.0784612 
96.0012 -1.74065 0.00649807 3.63513 4.71585 -0.24535 -2.06002 1.17984 0.68546 -2.19135 -1.69886 -1.26986 -1.23453 
97.928 1.13053 -0.56714 3.83412 3.75953 0.68378 -1.03696 -0.302124 1.04353 -2.38404 -1.55044 -1.72459 -2.48492 
97.8664 2.71157 -0.980803 4.23699 2.54322 0.775203 -0.635651 -0.846304 1.2432 -2.41202 -0.904913 -1.62896 -3.56998 
97.3096 3.7633 -1.91978 5.00401 2.40716 0.404056 -0.200023 -0.506174 0.551616 -2.4095 -0.881572 -0.985699 -4.09767 
96.8668 4.28896 -1.94054 5.00645 2.68489 0.394815 -1.16312 -1.0457 0.874044 -2.86743 -0.452101 -0.751412 -4.13153 
95.3677 4.59766 -2.66866 5.73198 2.93258 0.917077 -1.98121 -1.6966 1.69302 -3.41094 -0.489474 -0.316484 -4.59471 
94.4407 5.44622 -3.76769 6.32325 3.55856 1.06233 -2.07803 -1.95455 1.49392 -3.28405 0.0143247 -1.00968 -4.46559 
92.1225 6.0518 -3.25338 6.44158 3.64354 1.35026 -1.92516 -2.48576 1.03966 -3.11183 -0.0040871 -0.372053 -5.01366 
89.9909 6.27668 -2.88478 5.76216 3.24879 2.38546 -0.678145 -1.80404 0.633743 -4.58636 -0.440917 0.442527 -3.88593 
87.0525 6.40058 -3.63037 6.40682 4.28541 2.53744 -0.725247 -2.0371 0.223593 -5.4394 -0.141924 1.19675 -3.05686 
84.477 8.40477 -3.27017 5.96392 2.64654 2.67996 -1.19489 -1.83273 0.955163 -4.84313 -0.103178 0.283722 -3.32474 
82.1217 8.4981 -2.85138 5.50367 1.22351 1.71225 -2.32388 -1.58677 1.32272 -4.41301 0.757858 0.0121685 -3.95237 
78.47 9.09629 -2.95002 3.53862 2.47206 1.63675 -2.8186 -1.48487 0.679078 -4.17632 0.248638 -0.148737 -4.23674 
73.6366 9.02555 -1.75334 3.82001 2.5746 1.26218 -1.36895 -0.751802 0.135304 -4.5607 0.47601 -0.172046 -3.89907 
69.3406 7.38049 0.12111 4.79699 2.73093 1.49179 -1.82211 -1.10063 -0.938695 -4.94879 1.84581 0.48064 -4.30184 
67.3309 7.86613 1.09071 4.30229 1.57821 1.26722 -2.2156 -1.57417 -0.907493 -5.03358 1.64247 -0.325824 -4.54542 
65.5395 8.14393 1.87157 4.26851 1.84272 2.10311 -1.36773 -0.290476 -0.635968 -5.30266 1.56752 0.184032 -3.68988 
62.4571 6.12541 2.55106 5.61882 1.92041 0.311337 -2.16371 -1.00253 -1.76681 -3.87056 2.01587 1.68478 -3.31974 
56.4257 4.31564 3.08816 4.78982 1.80976 0.67213 -1.52416 -1.24001 -1.23543 -3.62467 1.77809 1.28917 -2.62105 
50.8486 2.80646 6.144 4.96515 2.65748 1.61781 -0.853237 -1.34923 -1.77896 -3.62744 1.61928 0.686582 -1.81225 
47.2617 2.88368 7.13279 4.84706 2.72828 0.965473 -0.227838 -0.387195 -1.29971 -1.4354 0.587583 0.00544858 -1.61252 
42.4399 2.0235 6.901 5.43209 4.31248 2.40068 0.0906232 -1.5022 -1.59284 -0.822008 0.441369 -0.967255 -1.1724 
38.8045 -0.20499 6.57451 4.42673 2.95357 2.30318 0.709161 -1.52372 -1.21473 -0.921231 -0.220666 -0.13955 0.0174183 
37.4922 -2.16196 5.11897 4.12209 4.43944 2.86274 1.08993 0.243521 -0.676174 -0.984566 -0.903565 -0.659044 -0.0321794 
37.7137 -3.17311 4.821 2.69596 2.37311 1.42187 0.430257 -0.150123 0.0518831 -0.225017 -0.960361 -0.365053 -0.0584965 
38.0767 -3.63196 1.73661 1.47036 1.7483 0.875286 0.0500254 0.0406136 -0.0709806 0.274289 -0.383605 -0.4521 -0.672631 
36.8731 -3.79658 2.14745 1.13311 1.25015 0.610306 0.733692 -0.00578313 -0.677434 -0.641715 -0.855576 -0.666965 0.201998 
35.7794 -4.77407 1.0051 0.714423 1.34565 -0.294182 0.0645808 1.31484 0.400765 -0.111062 -0.137903 0.122975 -0.777182 
31.6532 -7.30261 -0.979168 0.426341 1.17131 0.675886 -0.518681 -1.8181 0.343104 0.111017 0.286403 0.616932 -0.133911 
27.2195 -10.2511 -1.72788 -1.35592 -0.239361 -0.607474 -0.593637 -1.02926 -0.374473 0.111744 0.345857 0.59378 0.65409 
22.1922 -10.7626 -1.00097 -1.05531 0.117868 0.069848 -0.786194 -0.737711 -0.937739 -0.441549 -0.898139 -0.360918 0.263455 
22.8449 -10.5538 -1.53469 -1.69195 0.247729 -0.557204 0.0111911 -0.0235285 0.386331 0.691997 -0.147577 0.275174 0.056626 
23.2312 -11.109 -2.2388 -2.0556 -0.994812 0.117195 -1.02953 -0.0384548 0.28084 0.75452 0.273567 0.983667 -0.0824306 
23.5328 -9.79592 -0.970482 -1.7848 -0.0433534 -0.41617 -1.01781 -0.926897 0.0336878 0.0275125 -0.218129 0.230291 -0.310112 
22.5803 -9.72119 -0.888812 -0.279385 0.0710281 -0.0690371 -0.191056 -0.554841 -0.374753 0.126119 0.126717 0.420888 -0.226686 
23.71 -9.76601 -1.20977 -1.97237 -0.176459 0.22374 0.431089 -0.00838991 -0.798466 0.143386 -0.210111 -0.475731 -0.533379 
22.2794 -10.8246 -1.05772 -1.84088 -0.681862 -0.868015 -1.17468 -1.31049 -0.0121576 0.435344 -1.03667 -0.366729 -0.413298 
23.4966 -10.6811 -1.30284 -1.31546 -0.538663 -0.904656 0.109492 -0.437138 -1.12566 -0.721608 -0.151498 -1.28072 -0.646987 
24.4867 -10.1783 -0.695716 -0.736955 -0.26924 -0.723389 0.434932 0.364818 0.132632 -0.388873 -0.35959 -0.847902 0.151128 
25.8647 -12.8036 -0.524888 -0.217765 -1.43659 0.338889 -0.688525 -1.71728 0.817402 -1.04361 0.313684 1.30966 -0.798871 
33.7244 -13.6855 -0.100979 0.50874 -3.34608 0.916266 -1.02809 -2.26135 2.69238 -1.34669 1.11987 2.00068 -1.38988 
37.0889 -17.7775 2.70783 0.616648 -3.88871 0.868045 -1.01096 -3.30149 2.70982 -1.39808 -0.108535 3.02457 -1.44617 
39.5386 -21.8179 3.25323 -0.598672 -3.88638 1.96459 -0.00343613 -1.79361 2.52127 -1.25123 -1.05578 2.18565 -3.10859 
51.8181 -22.0192 0.148602 -0.952074 -1.15681 1.48516 -0.72408 -1.83351 3.85957 -0.468987 -2.1062 0.849957 -1.16979 
55.579 -24.6827 -1.6177 -0.232032 0.814444 1.05268 -2.33256 -0.747776 3.61237 0.64855 -1.98046 -0.958902 -0.0257488 
59.8528 -26.2896 -2.66471 2.3795 1.68712 0.481493 -3.10103 -0.226369 3.04374 0.790241 -2.11966 -2.37962 -1.26149 
62.8756 -24.2076 -3.93324 3.81527 3.29881 -0.572251 -1.87307 0.468285 1.76755 1.07909 -1.86961 -3.10058 -1.20056 
64.6331 -22.8476 -4.24134 4.11541 3.42777 -2.79876 -2.73682 0.386782 1.56741 2.5317 -0.00128451 -2.45077 -2.7293 
63.4019 -23.4013 -5.22462 1.55304 4.04076 -3.62033 -2.8634 0.739949 1.46698 2.13928 1.33334 -1.7013 -2.13296 
63.0318 -23.9062 -5.5349 2.16604 5.78588 -3.30514 -3.03445 0.194372 1.09939 -0.126362 0.0838388 -1.81071 -1.76725 
64.5132 -21.3021 -3.06133 4.27546 7.53978 -1.58521 -0.989361 0.425021 0.4883 -0.27667 0.932917 -0.669218 0.0967216 
73.4602 -12.2951 0.484061 6.93708 9.01521 -0.657014 -3.79947 -1.85632 -0.480301 -0.451702 1.47449 0.896463 -0.710674 
79.7204 -1.40998 1.70064 4.49718 7.9656 -0.275037 -3.79096 -2.75001 -0.813692 -1.28385 0.250526 0.0688469 -1.42671 
81.6908 6.34963 -0.265496 1.6966 7.44184 -0.661812 -2.73613 -1.98261 -1.16461 -1.27087 -1.47361 -0.413807 -0.784479 
83.3632 11.0115 -2.90303 0.997585 6.03553 -0.658474 -2.47191 -1.26124 -0.876548 -1.69372 -2.16483 -0.806592 -0.387742 
85.4242 13.4497 -4.50611 0.970763 5.34769 -1.40106 -2.23622 -1.20356 0.484928 -2.60721 -2.63361 -0.180475 -0.500787 
88.6276 14.21 -6.03785 1.16117 4.55447 -1.00266 -2.08381 -0.921198 -0.0497891 -3.19855 -1.70814 -0.234048 -0.529425 
90.8532 14.1478 -7.74552 2.28414 3.95333 -1.13609 -0.958572 -1.92577 0.165377 -3.72242 -1.26186 -0.558301 -0.936261 
93.437 13.5625 -8.2773 3.48416 2.65106 -1.87743 -0.732924 -2.03792 0.0579618 -3.56896 -0.334897 -0.886788 -0.92519 
96.7291 12.1265 -8.48827 4.7328 1.3293 -1.83074 -0.993404 -2.39441 0.719855 -3.89663 -0.790346 0.0544309 -1.42952 
97.8527 11.6534 -9.04157 6.40926 0.00177432 -1.00478 -2.27009 -1.88355 1.797 -5.25943 0.0681232 -0.28165 -1.126 
98.8631 10.2934 -9.00669 7.15973 -0.420144 -0.539702 -3.15842 -1.40146 2.26162 -5.33956 -0.205268 0.159003 -1.85153 
97.8697 8.47477 -7.92068 7.88228 -0.241136 -0.535143 -4.36994 -1.32916 2.80912 -5.31624 -0.470697 -0.644499 -1.72771 
97.5891 7.41052 -7.1015 7.09938 0.392039 -0.527137 -4.62811 -1.69604 2.20523 -4.9351 0.359437 -1.21749 -1.4286 
94.8104 6.17435 -5.77215 8.29102 -0.38699 -1.03464 -5.04471 -0.724432 2.40297 -5.45515 0.358385 -1.1956 -1.45214 
94.1228 5.06267 -5.33984 8.7442 -0.609525 -0.730592 -5.35699 0.474518 1.98573 -5.66906 0.884266 -2.77596 -0.25163 
92.2294 3.53594 -5.46888 8.6822 -0.598997 -0.526074 -5.06208 0.511196 1.98436 -5.04728 1.03357 -2.33069 -1.16166 
88.3747 2.19089 -5.20117 8.82946 -1.49663 0.0968306 -5.56284 0.857268 2.17605 -5.01387 1.5408 -2.32765 0.272099 
85.417 1.0361 -4.85902 10.1517 0.555329 0.701469 -5.64293 -0.0305539 0.637867 -4.59705 1.78071 -2.29337 -0.708484 
81.706 0.574137 -3.10351 10.2709 0.598234 -0.322475 -5.88748 0.2126 1.13276 -3.60437 2.45898 -2.08869 -0.584881 
77.4299 0.406446 -1.61941 10.0231 0.856458 0.473727 -5.8774 1.09397 -0.202682 -3.59583 2.51328 -2.10717 -1.23729 
71.2891 0.430389 -0.462229 10.4034 0.0426701 -1.84678 -5.34883 1.20805 0.14285 -4.43492 1.78105 -1.78155 -0.529162 
63.7676 -0.127659 1.334 9.83075 1.33569 -1.80032 -4.28466 1.58897 -1.63505 -4.05479 1.99636 -0.51762 -0.00180175 
58.9609 0.431343 2.42118 9.61153 1.74053 -2.2575 -4.39838 0.5023 -1.46048 -3.83615 2.3151 -1.01911 -0.125688 
53.8053 1.13781 2.7722 8.35333 2.70827 -2.84348 -2.04798 0.558313 -2.01663 -3.04664 2.23582 -0.118934 -0.866838 
50.4341 0.19205 3.49884 7.5264 3.67448 -2.98934 -3.31426 -0.805087 -1.73151 -1.74683 1.79954 -0.552537 -1.09255 
44.9716 -0.921995 2.72681 4.89373 3.35727 -1.86405 -1.70358 -0.8444 -1.53208 -2.01859 1.17938 0.127418 -0.631956 
41.9792 -0.879733 4.785 5.04376 3.47431 -0.919259 -2.26869 -2.14946 -1.87994 -2.36715 0.384592 0.548622 -0.809444 
39.2055 -2.64024 4.23644 3.79431 2.20957 0.40973 -1.08303 -1.40305 -1.47433 -1.87558 0.342265 1.10729 0.0406494 
38.8857 -2.52051 3.49267 2.12851 1.564 0.724579 -1.27079 -1.72773 -0.627469 -1.60149 -2.19565 0.192601 0.539864 
36.443 -4.82752 1.15359 0.983746 0.543348 -0.103821 -1.10529 -0.518338 -0.960541 -1.96626 -0.745299 -0.497778 0.319024 
36.03 -5.51153 0.346926 1.10932 1.06927 0.308581 -0.68999 -1.13035 -1.6219 -0.935806 0.38387 0.707299 0.911672 
24.7915 -4.89258 0.868807 1.29997 0.695495 1.3392 0.192517 -1.51489 -1.15447 -0.456224 -0.644759 0.697404 -0.809233 
0 0 0 0 0 0 0 0 0 0 0 0 0 
0 0 0 0 0 0 0 0 0 0 0 0 0 
0 0 0 0 0 0 0 0 0 0 0 0 0 
0 0 0 0 0 0 0 0 0 0 0 0 0 
0 0 0 0 0 0 0 0 0 0 0 0 0 
0 0 0 0 0 0 0 0 0 0 0 0 0 
0 0 0 0 0 0 0 0 0 0 0 0 0 
0 0 0 0 0 0 0 0 0 0 0 0 0 
0 0 0 0 0 0 0 0 0 0 0 0 0 
0 0 0 0 0 0 0 0 0 0 0 0 0 
0 0 0 0 0 0 0 0 0 0 0 0 0 
0 0 0 0 0 0 0 0 0 0 0 0 0 
0 0 0 0 0 0 0 0 0 0 0 0 0 
0 0 0 0 0 0 0 0 0 0 0 0 0 
0 0 0 0 0 0 0 0 0 0 0 0 0 
