-1.08178 -0.431672 0.427934 -0.83683 -0.0426647 0.315209 0.629811 0.367365 0.102104 -0.103782 -1.05701 -1.99599 -0.891661 -0.0522257 -0.0725777 -0.211439 -0.155864 -0.0922949 0.0371833 0.246406 -0.134423 -0.539411 -0.644649 -0.231265 0.144888 -1.3361 0.0365347 -0.0329661 -0.030469 0.390189 0.991832 0.403588 0.759692 1.37891 1.52099 1.54182 3.4406 3.45579 4.0255 
-1.12421 -0.506411 0.304471 -0.853804 0.553202 0.830676 1.5521 1.05507 0.742208 -0.123163 -0.79434 -0.554963 -0.50131 0.00694178 0.010199 0.0100045 0.0951244 0.43685 0.0667603 -0.192878 0.475958 0.558256 0.535377 1.70217 1.88784 1.62553 0.115137 0.180632 0.239406 0.175323 0.0178653 -0.0819359 -1.43086 -0.20809 1.75284 2.13701 2.74687 0.534112 1.34617 
-1.07484 -0.421473 0.437939 -0.741706 0.394186 0.381969 0.436933 0.843323 0.66036 0.431595 0.645159 -0.108151 0.733865 0.0629118 0.108054 0.0279672 0.019459 -0.0744296 -0.0447527 -1.18445 -0.342513 1.21343 1.49236 2.5156 0.679 0.0100701 0.0795207 -0.222675 -0.340217 0.0159552 -0.00632983 0.513729 0.0601381 -0.629274 0.238345 -0.247549 -3.49263 -3.20505 -4.52174 
-1.0613 -0.398357 0.332438 -0.834345 0.478773 0.785923 0.367648 0.712561 1.95564 1.36919 1.72127 0.124037 -0.49124 0.0864625 -0.212476 -0.330213 0.11108 0.430521 0.580489 -0.13274 -0.153316 0.796601 0.287828 -1.79046 -1.31721 -2.89622 0.11002 -0.366435 -0.178295 0.246032 0.191133 0.0685951 0.591301 0.182863 -1.50706 -2.53563 -4.41047 -1.04976 0.114417 
-0.988377 -0.633949 0.107726 -0.630626 0.824706 0.962458 0.304194 0.690007 1.45696 0.719423 -1.1453 -1.42536 -2.16235 0.172932 -0.258381 -0.150327 0.265491 0.116704 0.0238424 -0.593152 -0.159649 -0.293632 -1.04327 -1.89487 -0.370758 0.124487 0.0286728 0.00168584 0.25721 -0.267882 -1.43666 -0.802753 0.0622554 -0.0288975 -1.11902 -0.147568 3.57916 2.99081 4.74828 
-0.888366 -0.656738 0.18211 -0.568854 0.595477 0.809766 -0.225504 0.552912 1.662 0.32592 -0.173603 -0.246721 -0.366753 0.115135 -0.21079 -0.0730031 -0.156803 -1.00614 -0.222264 -0.0704843 -0.182214 -0.322421 0.14026 1.7887 1.6736 1.85206 -0.0948479 -0.0115416 0.338917 -0.290109 -0.914057 0.270732 1.06975 0.00122698 -1.22631 1.06729 3.52202 1.10281 0.422399 
-0.873241 -0.844739 0.0347228 -0.787429 -0.181434 0.740193 0.233709 0.507793 1.13454 0.859683 0.643393 0.248244 -0.310289 0.0780837 -0.269922 0.18859 -0.0246184 -0.797353 0.294574 0.476596 -0.158422 -1.51994 0.0240193 1.62716 0.73205 0.546886 -0.0128117 -0.153016 0.403646 0.377185 0.533198 0.584638 0.587347 0.11565 0.109668 -0.869859 -2.03014 -0.928918 -1.51722 
-0.810283 -0.92666 0.3707 -0.593472 -0.201877 1.10434 0.251092 0.394489 0.142062 0.349939 1.45355 0.485329 0.180133 0.102324 -0.363807 0.330643 0.220382 -0.472943 0.362373 0.516863 -0.0665635 -0.212753 -0.7296 -0.241441 0.744685 0.334843 -0.0207293 -0.306104 0.158647 0.256093 0.431567 0.0378535 -0.453088 0.81662 1.89562 -1.00981 -3.2099 -0.627451 -1.51792 
-0.770918 -1.20855 0.365366 -0.567047 -0.654377 1.10257 0.750572 0.44123 0.921788 0.130083 0.401952 0.99293 0.0245543 0.0573544 -0.576026 0.347237 0.231475 -0.365786 0.332428 0.0235083 0.658198 0.375677 -0.985786 -1.58275 0.104599 -0.971035 0.10409 0.0521318 0.569763 -0.109105 0.59141 -0.094953 -1.3072 0.662386 -0.0325872 -0.0285362 -1.28041 -0.378179 -0.670251 
-0.752928 -1.50269 0.717937 -0.361998 -0.567662 1.43677 0.2746 1.05269 0.517739 -0.635846 -0.129193 0.589928 -0.790902 0.206413 -0.311675 0.900406 0.111277 0.118468 0.26742 -0.790341 0.595822 -0.24534 -0.758136 -1.52185 0.366507 -0.335408 0.120692 0.453122 0.225495 -0.35319 0.34824 -0.529976 -0.735429 -1.0129 -0.364767 1.36912 1.17124 -0.23728 1.21623 
-0.564504 -1.52022 1.26577 -0.455769 -0.535909 1.36999 -0.0397694 1.03705 0.676448 -0.628053 -1.1199 1.35944 -0.310854 0.178046 -0.122905 0.572732 -0.121715 -0.0175462 -0.197548 -0.711921 -0.354705 0.0109103 0.383338 -0.411502 -0.132681 0.245192 -0.146845 0.0426755 -0.546767 -0.34697 -0.353409 -0.420433 -0.118059 -0.542572 0.193991 1.88538 2.68038 -1.09325 -1.03043 
-0.574882 -1.62559 1.29067 -0.483713 -0.585209 1.23922 -0.437321 0.697982 0.528649 -0.252508 -0.540695 0.457248 -0.54571 0.0595685 -0.269 0.35364 -0.235693 -0.234941 -0.153013 -0.908401 0.0532498 -0.0513488 1.12724 1.15853 -0.726744 -1.36584 -0.0556735 -0.293646 -0.100499 -0.347785 0.424004 0.642334 0.0437807 0.547501 -0.17592 0.0891178 0.253879 1.12445 -0.923036 
-0.504936 -1.78922 1.61941 -0.691462 -0.77085 1.21697 -0.94817 1.0903 0.625099 0.499192 0.0386316 0.632692 -1.67669 0.122373 -0.416551 0.472233 -0.4695 0.406457 0.444786 -0.66814 0.192796 -0.16501 0.472456 -0.157623 0.991771 -0.677844 -0.0749046 0.151455 -0.378402 -0.0902891 0.933672 0.0485325 1.57426 0.270374 0.0577792 -1.54343 -2.66329 -0.382482 2.24804 
-0.452509 -2.04214 1.7629 -0.953212 -0.178751 1.684 -1.10546 0.890778 0.36364 0.219948 -0.698318 1.44902 -1.22355 -0.0153361 -0.117544 -0.0247627 -0.325982 0.698731 -0.104481 0.665858 0.323624 0.0064304 -0.416188 -1.50476 -1.10923 0.882198 -0.319741 0.937126 -0.886716 0.387041 -0.326108 -1.04314 1.72094 -0.183293 0.690802 0.143641 1.22375 -1.97054 1.04578 
-0.520272 -1.90677 1.59465 -1.01744 -0.0721197 1.11249 -0.282312 1.41393 0.631529 0.0830035 -1.46613 -0.476534 -0.794495 -0.197368 0.520574 -0.414483 -0.0824589 0.0803497 -0.598358 1.0528 0.00950321 0.525792 0.616097 1.06613 -0.978771 0.367938 -0.140152 0.50691 -0.307984 0.141532 -1.07328 -0.0751907 -0.121903 -1.18652 0.0497844 1.18807 2.87128 1.1442 -0.995669 
-0.649877 -1.52157 1.34842 -1.03567 -0.0984014 1.08565 -0.0526619 0.900281 0.889432 0.836045 0.367812 0.470248 -0.855616 -0.155488 0.389366 -0.332747 -0.18445 -0.374552 -0.179671 0.543955 -0.862898 0.0562148 0.771886 1.36652 0.0349774 -0.113471 0.173274 -0.478137 0.322587 0.405876 -0.0414139 0.511874 0.474592 -0.554961 0.0498005 -0.190359 -2.54114 2.17862 0.365522 
-0.67576 -1.5174 1.2619 -1.20189 -0.446672 0.932822 0.261643 0.551027 0.687744 0.85489 -0.0996025 -0.441557 -0.907967 -0.0240948 0.0424368 -0.0918958 0.323417 0.0389359 -0.0864839 1.52739 -0.545458 0.575593 0.425738 -1.47501 1.19985 0.73346 0.0934679 -0.155891 -0.0372972 1.00029 0.640449 -0.157955 1.05697 0.875205 0.550512 -0.370555 -3.78389 0.57295 1.56392 
-0.673972 -1.47913 1.25652 -0.712255 -0.0594655 0.999164 1.47473 0.354823 1.46502 1.26178 -1.1072 1.6701 -0.122156 -0.0620204 0.233474 -0.370044 0.815841 0.265897 -0.337626 1.60093 0.0123069 0.606727 0.401331 -2.41736 0.607928 1.45045 -0.129116 0.535377 -0.578648 0.0245959 0.521473 -0.205004 -1.89083 0.776083 -1.27713 -0.631966 0.631854 -3.43995 0.473887 
-0.737781 -1.28393 0.891857 -0.386052 -0.180775 0.595196 1.86257 0.563334 1.29447 1.25622 -2.51696 0.166371 0.54248 -0.153211 0.577814 -0.670544 0.348013 0.560409 -0.291488 -0.363435 0.230625 -0.701541 -0.206228 -0.843154 -2.24009 1.20735 -0.0237088 0.361132 -0.0556485 -0.615907 0.579448 0.190996 -2.22919 0.0432726 -1.59134 -1.41389 4.42423 -0.682324 -1.36309 
-0.827183 -0.901318 0.585979 -0.364242 0.500944 0.707676 1.11129 0.585448 0.763484 1.05556 -1.95035 -0.569997 1.08519 -0.0857292 0.594607 -0.425693 0.199935 0.845344 -0.14663 -0.62826 0.0555795 -0.984616 -1.01256 2.00687 -0.0743962 0.0873543 0.212843 -0.254748 0.135279 -0.442391 -0.181946 0.241853 -0.147064 -0.186743 0.217886 -1.16386 1.84903 1.74165 -1.14831 
-0.82351 -0.689319 0.466164 -0.186117 0.664569 0.448565 1.23431 0.618914 0.309856 0.243661 -0.510098 0.0919748 0.629834 0.0596323 0.323066 -0.535264 -0.0943785 0.378463 -0.0496342 -0.510498 0.0438818 -0.483654 -1.37009 1.00588 -0.498443 0.0590406 0.539999 0.158469 0.0971461 -0.675373 -0.149047 0.29951 -1.25804 -0.421584 0.495745 0.349682 -2.5246 -0.811627 -0.392213 
-0.767551 -0.578252 0.0507143 -0.45862 0.879407 0.658042 0.600796 0.62933 0.27983 -0.314532 -0.94447 -1.06844 1.14423 0.45427 0.753076 -0.328547 -0.475439 0.696297 0.15288 -1.8863 -0.366005 -0.48887 -0.662878 -0.517734 -0.886024 -0.304859 1.18177 1.41607 0.204536 0.152149 0.136555 -0.521938 -1.51839 -1.44002 -1.20354 0.940905 -0.0592451 -0.459998 -2.19276 
-0.36924 0.0637576 0.137618 -0.661556 1.36087 0.601446 -0.651988 0.252909 -0.179015 -0.419217 -1.02783 -0.794049 0.324975 1.24141 1.73914 -0.330729 0.0577708 0.515018 -0.571573 -2.02889 -1.39614 -1.68719 -0.429183 0.946634 -0.958442 -2.13372 0.730988 0.855476 -1.09552 0.573121 -1.2597 -1.27034 1.35101 -1.34993 -1.43763 1.25276 1.53698 0.710028 0.351306 
0.473855 1.16088 -0.280014 -0.400849 1.39443 0.0864692 -1.42809 -0.766809 -1.40736 -0.743715 0.00216369 -2.02688 -0.989492 1.18526 1.60855 -1.42406 0.0976821 -0.563402 -1.11746 -0.535282 -1.71593 -1.9265 0.589885 1.01925 -0.175995 0.0464472 -0.803841 -0.985244 -0.581719 -0.240234 -1.22929 0.105039 2.57412 0.662222 1.42855 1.55544 0.47742 3.21881 4.53032 
0.816019 1.67231 -1.28645 -0.563874 0.797464 -0.516011 -1.18727 -1.46302 -2.10551 0.170668 -0.0085838 -0.970044 0.371422 0.437564 0.753893 -0.912448 -0.182464 -0.71427 -0.466534 0.545235 -0.733917 -0.25864 1.12626 1.42405 2.26037 2.39659 -1.07859 -1.15207 1.33407 -0.0102922 0.286324 1.34622 1.06723 1.69018 2.57035 -0.561477 0.552959 1.58697 0.93471 
0.911419 1.91478 -1.19246 -0.583313 0.680155 -0.380064 -0.882858 -1.50073 -1.666 0.382545 1.42622 0.23349 1.4071 0.106664 0.456485 -0.0899906 0.0873899 -0.277078 0.228759 0.531951 -0.0257474 0.643853 0.0284085 1.57221 1.41098 0.981157 -0.399328 -0.6521 0.770726 0.126327 0.479082 0.45603 -0.142191 0.81464 0.139355 -1.19807 -1.48022 -1.43799 -1.84881 
0.922683 2.12879 -1.37644 -0.476484 0.520386 -0.287252 -0.655319 -1.48877 -1.46166 0.199076 1.56362 0.440936 1.35258 0.0382361 0.101793 -0.141721 -0.0561368 -0.235188 -0.0105034 0.403045 0.0807233 -0.119285 -0.0718076 -0.0561702 0.822377 0.547781 -0.0042029 -0.622858 0.288958 -0.214551 0.192436 -0.297156 -0.358669 0.103853 -0.938957 0.142501 -1.80813 -0.477726 -0.0903855 
0.949655 2.01657 -1.33418 -0.63945 0.444967 -0.390568 -0.479813 -1.42 -1.78529 0.310738 1.37005 1.05587 1.95488 0.102461 -0.166373 0.198967 -0.127162 -0.0846418 -0.0683962 0.173282 0.0781057 -0.295104 0.170909 -0.235924 0.933253 0.890771 0.082918 -0.504466 0.442995 -0.288468 0.317705 -0.311494 -0.960252 -0.187693 -0.381162 -0.0678014 -0.109142 -1.16404 -0.812697 
1.02514 1.96242 -1.17747 -0.603645 0.435745 -0.355648 -0.482037 -1.41066 -1.75676 0.369985 1.3277 1.37419 2.24335 0.121154 -0.402673 0.301273 -0.344605 0.0825168 -0.321997 -0.557207 -0.10697 -0.500447 -0.139609 -0.165312 -0.341666 -0.264917 -0.0136074 -0.110533 0.00566083 -0.0226988 0.333445 -0.0952993 -0.368227 -0.304845 0.226593 0.143916 0.326783 -1.08025 -1.34719 
1.07081 1.6139 -1.03291 -0.984054 0.527484 -0.712565 -1.03702 -1.52697 -2.28573 0.171129 1.20473 0.714202 1.68996 0.0888539 -0.276907 0.204628 -0.14986 0.248804 -0.163695 -0.194944 -0.22674 -0.0685111 0.314825 0.0908593 -0.146995 -0.456417 -0.073797 0.470758 -0.428093 0.579471 0.114169 0.405949 0.440266 0.0943186 1.03344 0.517183 0.353985 -0.12277 -0.0214952 
1.114 1.68551 -0.972841 -0.753506 0.684548 -0.519343 -0.676981 -1.6374 -1.82527 0.684811 1.41856 1.22719 1.78693 0.0473572 0.0680843 -0.126819 0.234867 0.196686 0.0839514 -0.116941 -0.012651 0.532997 0.377574 0.188672 -0.464436 -0.286412 -0.0504742 0.341887 -0.54141 0.182591 0.0649341 -0.246281 -0.20051 0.429404 0.332528 0.138268 -0.879242 -0.813282 -0.725774 
1.11817 1.68198 -1.15973 -0.749188 0.72417 -0.628614 -1.15396 -1.53962 -1.75274 0.548703 1.39341 0.249766 1.40355 0.0383797 0.0649807 -0.336781 0.0327303 0.313738 -0.409976 -0.395454 0.202664 0.264017 0.453093 -0.788383 -0.960277 -1.18219 0.0365873 -0.159296 -0.0116847 -0.297671 0.625478 -0.604906 0.0655329 0.205775 -0.698607 1.08434 -2.74219 1.74199 -1.99227 
1.15238 1.7505 -1.30962 -0.720776 0.998286 -0.929319 -1.07244 -1.43474 -1.56126 1.1379 0.630175 0.266917 0.604741 0.0839445 -0.0912113 -0.138504 -0.0628047 0.822164 -0.520955 -0.0514081 0.193124 -0.16561 1.46191 -2.55352 1.27755 -2.27868 0.135884 -0.554389 0.297498 -0.200345 0.274969 -0.0162866 0.0169971 -0.111318 -0.210403 0.0482619 -1.18012 1.2832 -0.0960367 
1.20211 1.59077 -1.29823 -0.811992 1.54633 -1.14957 -1.20537 -1.3465 -1.91835 2.01061 -1.16011 1.52732 -0.875128 0.174264 -0.489408 -0.0392831 -0.167615 0.588706 -0.426263 -0.378457 0.0913459 0.0536143 0.501355 -1.96851 0.32292 -1.27823 0.0138268 0.0452614 -0.524156 0.803865 -0.824757 0.436691 -0.0174533 0.075805 1.41271 -1.99591 2.88728 -1.63438 2.17423 
1.32664 1.26109 -1.34891 -0.888391 1.58699 -1.35558 -1.45089 -1.34339 -1.50764 1.63926 -1.33833 0.589837 -0.673487 0.0977713 -0.0459499 -0.66266 0.74106 -0.00259273 -0.0842634 -0.0688614 0.268929 1.2471 -0.534004 0.333762 -0.356824 -0.10445 -0.0754966 0.216196 -0.245344 1.07001 -0.851197 0.375174 -0.0339961 0.105841 1.08847 -1.12311 3.46122 -0.937823 2.35924 
1.29988 1.54482 -1.96089 -0.0709322 1.54374 -1.23383 -1.27423 -1.07757 -0.671246 1.47661 -0.826348 1.17049 -0.979577 0.0987673 -0.273213 -0.284627 0.902399 -0.262491 -0.051089 -0.412453 0.197187 1.14208 -0.621751 1.49272 -0.614902 1.08101 0.0345254 -0.478496 0.695027 -0.0535527 -0.893064 -0.186869 0.186534 -0.348203 -0.351697 -0.135687 0.718086 -0.200739 1.31637 
1.42541 0.987874 -1.63353 0.0140086 1.3245 -1.40667 -1.86335 -1.14621 -0.365557 1.01751 0.154386 -0.0250652 0.407528 0.132297 -0.524446 0.032367 0.687508 -0.895657 -0.271132 0.117672 -0.0792737 0.895404 -0.669691 1.05185 -0.557563 1.21192 0.0320308 -0.30135 0.51983 -0.273153 -0.682791 -0.195823 0.981346 -0.164936 -0.427621 0.304441 -2.13821 1.01082 -1.49981 
1.43218 1.02038 -1.92853 0.616575 0.648084 -1.50496 -1.15656 -1.15684 0.224158 0.806919 0.2255 0.612931 0.232342 0.130798 -0.574563 0.235202 0.629246 -0.945282 -0.246912 0.568893 0.0322506 0.714464 -0.31731 -0.645491 0.395922 -0.418793 -0.133554 0.265358 0.0710072 0.0636976 -0.0778014 0.231341 0.0132059 -0.244675 -0.289677 0.42218 -1.76081 0.863872 -1.67273 
1.55621 0.413312 -1.39833 0.643255 0.379219 -1.65358 -1.29445 -1.11396 0.348907 0.700197 -0.491105 0.370857 -0.0112654 -0.0012575 -0.259087 0.103374 0.751205 -0.973459 -0.039791 0.130878 -0.323948 0.605727 -0.247511 -0.708957 0.30631 -0.46081 -0.207911 0.771585 -0.318397 0.207112 0.426551 0.479128 0.0198081 -0.122081 0.107281 0.0985243 1.25112 0.619744 0.290592 
1.43092 0.761288 -1.82515 1.36778 -0.325375 -1.54475 -1.02568 -1.48079 0.829885 0.559408 -0.483458 0.919241 -0.228469 -0.0771127 0.197023 -0.0831948 0.836358 -0.518731 0.232215 0.588701 -0.0898305 0.821745 -0.218786 0.60563 1.01567 -0.128201 0.0607439 -0.150657 0.318319 -0.506488 0.531651 0.332809 -0.710433 1.00535 -0.820481 -0.801425 1.72479 -0.305645 0.791825 
1.47909 0.610335 -1.48152 1.47961 -0.139512 -1.42137 -0.705751 -1.20379 1.17065 0.481411 0.114524 1.38652 -0.139466 0.0594864 -0.409744 0.421694 0.244717 -0.441808 0.293018 -0.579555 0.681401 -0.214755 -1.04894 1.01583 0.000664713 0.331014 0.162981 -0.615565 0.236719 -0.48085 -0.587575 0.208926 -1.48016 0.867263 -1.16119 -1.491 -0.0568814 -1.26324 0.340804 
1.49041 0.351544 -1.40346 1.6125 -0.767182 -1.25174 -1.60523 -0.799392 0.61513 -0.489527 0.532372 0.919906 0.102545 0.0858688 -0.418542 0.153524 0.355507 -1.10631 0.441141 -0.891454 0.777432 -0.33944 -1.70978 0.548748 -0.247578 0.212603 -0.0640158 0.215526 -0.401775 0.0319224 -0.340899 -0.0784631 0.824268 -0.74267 0.132363 -0.00130508 -1.63642 0.315872 -1.35033 
1.56496 0.191793 -1.328 1.83512 -1.24582 -0.980227 -1.5972 -0.426355 0.831212 -1.22837 0.663273 1.13895 0.0731364 -0.00452946 -0.194218 0.0199183 0.27664 -0.782706 0.214554 0.244713 -0.0612688 -0.0823919 -1.05024 -0.620587 0.316537 -1.01931 -0.16437 0.398576 0.250547 -0.522061 0.889618 -0.4991 2.01723 -1.07544 0.0947984 1.62716 -1.00215 0.249201 0.0256534 
1.48588 0.157326 -1.38354 1.88914 -1.54989 -1.03718 -1.36052 -0.860661 0.532738 -1.53977 -0.0882147 1.23644 -0.916767 -0.0785008 -0.0199661 0.404071 -0.166554 -0.216688 -0.0579588 1.12578 -0.298009 -0.244642 -0.0826225 -0.453404 0.00162277 0.238256 -0.0600099 0.0023934 0.364913 -0.431106 0.655769 -0.366861 -0.29042 -0.158401 -0.693483 0.42894 1.58227 -0.433897 2.20975 
1.48646 0.171827 -0.92393 1.66857 -1.46251 -1.03819 -0.471428 -0.724364 0.586571 -1.31099 0.209869 1.14057 0.311393 -0.0645394 -0.191824 0.384831 -0.154466 -0.126937 -0.152306 -0.045707 -0.21967 -0.775875 -0.6213 0.961679 -0.11736 1.19043 -0.0415682 -0.0583613 -0.328295 0.405269 0.0780073 -0.0842654 -1.67805 0.00954196 -0.0766109 0.14963 1.11384 0.276908 0.381391 
1.42134 -0.0344979 -0.99871 1.73467 -1.67683 -1.18949 -1.40623 -1.08033 -0.243137 -2.16107 0.873464 1.11908 0.273668 -0.120069 -0.0783274 0.0757756 0.238716 -0.138681 -0.142224 -0.552275 -0.288467 -0.321253 0.0670071 0.660435 0.278531 0.619647 -0.0320692 0.356837 -0.578367 0.219651 -0.380734 0.338189 0.13039 0.5732 1.02502 1.00589 -1.22878 -0.445672 -0.692325 
1.36639 0.0934992 -0.848154 1.90728 -1.60119 -1.18041 -1.0237 -1.01283 0.265318 -1.24399 0.870304 1.4191 0.93104 -0.0966086 0.165013 -0.193536 0.0651852 -0.507671 0.185883 0.084683 0.35353 0.249147 0.384585 -0.267096 -0.563031 0.498109 0.0777608 -0.226905 0.276848 -0.686039 0.0444764 0.129449 1.15275 0.233486 -0.67505 -0.435895 -0.523894 -0.609381 -1.33466 
1.32473 0.130515 -1.19225 1.79986 -2.1845 -1.00361 -1.32155 -0.726801 0.00601053 -1.77648 0.606368 0.556051 0.771777 -0.0423081 -0.305233 0.352624 -0.447323 -0.0942043 -0.0127748 0.600475 -0.0549813 -0.996303 -0.368888 0.136541 -0.33085 -0.715009 -0.0266636 -0.209031 0.863151 0.0224973 0.492888 -0.555028 0.500409 -0.703648 -0.596219 -0.181513 1.06856 1.35822 -1.27121 
1.32409 -0.211734 -0.49553 1.45996 -1.69539 -1.19319 -0.423229 -1.06781 -0.730985 -1.61288 1.00685 1.08825 0.216031 -0.123272 -0.0440181 0.669615 0.0876825 -0.0147826 -0.369145 0.585092 -0.350118 -0.347072 0.203073 0.801464 0.795189 -0.773102 -0.109372 0.681577 -0.251825 0.94457 -0.0755244 0.00277478 -0.630075 0.0110076 1.3174 0.336935 0.0218959 0.939476 0.874476 
1.20146 0.0864965 -0.522631 1.88754 -2.19928 -1.37275 -0.736454 -1.07692 -0.341062 -1.57341 1.40783 1.35124 -0.00132444 -0.15168 0.376344 0.100798 0.497247 -0.169729 -0.01 -0.0296005 -0.0439737 0.321101 -0.0319534 0.158437 0.608625 0.159467 -0.0562301 0.135709 -0.713921 0.128194 -0.187657 0.415808 -1.08507 0.391389 0.135601 -0.446232 -2.78025 -1.77715 0.510237 
1.17241 0.164611 -0.394732 1.95721 -1.86512 -1.20319 -0.45283 -1.11179 -0.409884 -1.64483 1.16528 1.69687 0.375498 -0.179502 0.0916911 -0.0443061 0.215876 -0.20244 0.0466629 -0.499983 0.0412707 -0.211471 -0.24316 -1.97879 -0.981958 -0.262865 -0.0810602 -0.231422 -0.359289 -0.448205 -0.113614 -0.192084 0.343227 0.316461 -0.272344 0.0385016 -1.85406 -1.19743 -0.142196 
1.02196 0.178188 -0.566937 2.10341 -2.40172 -1.32609 -1.23644 -1.03565 -0.552533 -1.81657 -0.570957 0.369282 -0.26419 -0.23274 0.144922 -0.258491 0.0490417 -0.283343 -0.202084 0.313627 0.272488 0.0487568 0.00654821 -1.69562 -0.588806 0.0172714 -0.0611522 0.0136842 0.0493459 -0.536917 0.762367 -0.116088 2.76903 0.110558 0.666816 0.458151 1.42801 1.97194 -0.282478 
0.939666 0.309533 -0.653223 2.00625 -2.14846 -1.40527 -0.139203 -0.839299 -0.361128 -1.63828 -0.53034 1.10807 0.392769 -0.240655 0.105375 0.00503973 -0.321041 0.559928 -0.0694251 2.26904 0.151829 0.455345 0.214991 -0.550777 0.989983 -0.545344 -0.0220212 -0.419082 0.607303 -0.533339 0.824807 0.015628 -0.0245836 -0.512387 -0.266173 -0.145907 -0.220515 -1.18827 -2.21795 
0.781301 0.283563 -0.561898 1.78237 -1.84179 -1.39551 1.03261 -0.883819 -0.0971877 -1.60158 -1.12173 1.35926 -0.809533 -0.254761 -0.27416 0.348812 -0.484298 0.541465 -0.186456 0.289043 -0.239899 -0.217416 -0.139358 -1.91614 -1.77708 -2.20068 -0.0744531 -0.00865828 0.340069 0.299928 -0.413084 -0.149472 -3.6593 -0.0267961 -0.960696 0.34252 -0.0408097 -2.85915 -1.4459 
0.684905 0.0353732 -0.304411 1.52195 -1.607 -1.59173 0.149841 -1.0792 -0.578544 -1.77764 -2.44648 -0.669011 -1.80791 -0.315108 0.096717 0.345109 -0.0211132 0.146843 -0.218897 -1.39026 0.125033 -0.505351 0.557511 -0.591587 -1.86916 -1.99124 -0.0569483 0.726827 -0.228178 0.389979 -0.373324 0.263622 -0.661754 0.66474 -0.0906312 0.659635 2.37752 1.93206 2.03533 
0.466193 0.38028 -0.216789 1.76126 -1.69495 -1.61441 -0.35765 -0.758787 -0.602539 -1.04407 -1.71332 -0.509899 -2.80078 -0.311709 0.452667 0.120634 -0.0943183 0.16814 0.077166 -0.372711 0.424841 -0.308048 0.520276 0.461385 0.154981 -0.165349 0.0981392 0.0399323 0.0667934 -0.479727 1.10881 0.839591 2.20234 0.556336 0.419681 -0.284147 2.22021 1.88991 3.39978 
0.373195 0.48804 -0.183777 1.42763 -1.43886 -1.51456 -0.22287 -0.654357 -0.886591 -1.25736 -1.98509 -0.51403 -1.97326 -0.216968 0.136649 0.411902 -0.50084 1.25566 0.620694 0.812078 0.681369 -0.0856698 0.273364 1.62862 0.0207467 1.40854 0.0267253 0.0592559 0.535826 -0.47331 1.09145 0.626579 1.04386 0.0304557 -0.686489 -0.712992 1.65043 -0.293422 0.222368 
0.249225 0.516929 0.195114 1.26042 -0.439293 -0.993716 0.454428 -0.0774179 -0.688208 -0.770704 -0.0846983 -0.489152 -1.39224 -0.284984 0.511923 0.65646 -0.567628 1.25959 0.703745 0.671153 0.455297 -0.994537 -0.192716 2.11182 -0.138441 0.0570187 -0.124284 0.391657 0.858615 -0.606364 -1.19892 0.27237 -1.46408 -0.272237 0.0564898 -1.27878 -0.458143 -0.191967 -0.714608 
0.0882113 0.999963 0.472683 0.860003 -0.179267 -0.810815 0.448283 -0.199061 -1.88113 -1.45008 0.126724 -0.65247 -1.91624 -0.341253 0.528306 1.27052 -1.1072 0.0567382 0.893064 -0.652006 0.409132 -0.0291801 -1.00542 1.17048 -0.17122 0.693928 -0.257295 -0.778057 0.33496 -0.0350514 -1.01763 0.316352 -0.697877 0.279604 2.11953 0.128243 -3.12735 0.679098 0.778317 
-0.0920276 1.04524 1.46563 0.153217 -0.382555 -0.100652 -0.197578 0.331714 -0.717389 -1.77612 1.08578 -0.660372 -0.698312 -0.542279 -0.266133 0.99142 -0.60268 0.241965 1.0201 -0.0267238 0.7349 1.12499 -0.064473 -1.01554 0.540657 0.835336 -0.0312498 -0.905189 -1.1856 1.22316 0.844676 -0.235898 1.12882 -0.471235 0.0997897 1.30798 -2.13038 0.421716 -1.05938 
-0.454068 0.73383 1.4641 0.257323 0.0626986 0.209282 0.421559 0.53584 -0.756139 -1.51455 -0.888813 -0.111814 -1.0809 -0.372502 -0.376882 0.0849184 0.115961 0.901414 0.657166 0.476812 -0.0621031 0.0706096 0.302558 -0.959899 0.250496 -0.365452 0.196761 -0.44442 -1.54362 0.106481 0.655796 -0.751814 0.922187 -0.754525 -1.15447 1.80857 2.3 -2.16972 0.128733 
-0.46453 0.668353 1.55055 0.269178 0.51886 0.556513 0.279235 0.269611 -0.646779 -1.47357 0.125881 -0.409876 -1.06376 -0.345518 -0.710554 -0.552205 -0.496199 0.897761 0.268283 0.895463 -0.0196244 -0.029479 1.7441 1.28446 -1.62906 0.964069 0.115742 -0.0564223 -1.14169 -0.747833 -0.49078 -0.413289 1.04696 0.439621 -0.757736 1.32409 1.39407 -1.14788 1.03105 
-0.799586 0.0232763 0.911898 -0.238876 0.96046 0.477565 1.31702 0.516216 -0.785618 0.229548 0.395645 -1.74087 -0.116832 -0.25676 -0.433305 -1.05677 -0.631873 0.410634 0.243877 1.52377 0.377518 -0.687126 1.62665 0.434169 -0.897383 0.665596 0.246417 0.761766 0.525503 0.45609 -0.514136 0.245239 -0.981208 0.291127 1.3886 -1.92486 -2.04558 2.33964 -0.74992 
-0.72129 0.235048 0.493779 -0.362695 0.929494 0.80039 1.80301 0.647128 -1.3339 0.153087 0.56005 -1.30726 -0.398167 -0.0991006 0.0512128 -0.0267016 -0.0401091 0.383625 0.513522 -0.0857444 0.271502 1.35912 -0.180765 -0.761117 0.710581 0.214148 0.0378126 0.0249559 1.33958 0.642001 -0.406598 -0.255346 -2.63383 -0.234508 1.96321 -2.0067 -1.70439 1.73426 0.25159 
-0.898686 0.0744891 0.885197 -0.278985 1.34409 0.991087 1.23128 0.787718 0.573505 0.0487833 -0.365472 -1.03029 0.0973161 -0.218948 -0.408349 0.282814 0.0101278 0.00403577 -0.0114695 -1.11006 0.143009 1.27608 -0.380046 -1.27022 0.836876 0.917187 0.0753682 -0.268625 -0.0136785 -0.0347841 -0.878176 -0.532614 0.567365 0.311805 -1.41076 0.481664 1.36204 -0.318359 0.631506 
-0.940238 -0.1733 0.776593 -0.352567 0.93353 0.788921 0.692952 0.790137 -0.0578254 -0.22696 -0.710167 -0.470383 0.519019 -0.0237323 -0.217412 -0.0403801 -0.0748932 -0.494551 -0.0190919 0.481621 0.583307 -0.0516345 0.300899 0.600924 0.392223 0.845654 0.154613 0.280814 -0.272831 -0.0740023 0.0584995 -0.0522254 2.27347 0.51899 -0.404718 1.33761 1.52249 -1.64229 -1.11677 
-0.922419 -0.142923 0.844816 -0.353878 0.849535 0.971995 1.7129 1.37102 0.52187 0.349683 0.235452 -0.638069 0.94297 -0.0643346 -0.127535 0.00998283 -0.0638745 0.0625353 -0.0636949 1.16341 0.661999 0.871362 0.957566 0.25227 -0.80541 -0.199586 -0.0628615 0.102656 0.230074 -0.0470126 0.135838 -0.201843 -0.345201 -0.666518 0.556575 0.607275 0.0584555 -0.40199 -1.8433 
-1.00457 -0.300835 0.786576 -0.416442 0.996065 0.725226 1.85636 1.45214 0.813536 0.730606 -0.457897 -1.27579 0.319433 -0.0865939 -0.114756 0.189694 -0.121906 -0.358713 -0.220934 0.13642 -0.0832106 0.50494 0.908175 0.65938 -0.00976759 -0.997644 0.0451021 -0.137457 0.21 0.0305389 -1.0093 0.0909409 -1.49493 -0.896546 -1.15125 -1.38087 1.06938 1.63426 0.0232328 
-1.00901 -0.25768 1.03451 -0.475784 0.490822 0.751061 1.84932 1.28781 1.02681 1.25786 0.894832 -0.647836 -0.0546737 -0.0192324 -0.264991 0.219983 -0.0333356 -0.946761 0.027246 -0.331513 -0.234546 -0.279887 -0.423308 1.32165 0.828852 -0.176353 0.121518 -0.030713 -0.431798 0.19364 0.49448 0.566774 -1.63917 -0.419653 -0.586055 -1.73007 -2.11238 -0.988182 1.13782 
-1.0238 -0.565826 1.00656 -0.449777 0.0493035 0.752472 1.52485 1.21759 0.533649 0.307297 0.863753 -0.446941 0.14308 0.0349246 -0.145469 -0.242104 0.0717343 0.135768 0.345839 -1.50275 -0.502864 -0.0811146 -0.821896 -1.453 -0.99795 0.140176 -0.00862368 0.171081 -0.528328 0.01157 1.70733 0.262495 -0.70882 0.28356 0.816908 0.709023 -2.51062 -1.80685 0.767598 
-0.974088 -0.403149 0.792406 -0.404049 0.62659 1.0969 0.346573 0.78495 0.945696 0.435961 -0.558165 -1.64579 0.0855023 -0.0278561 -0.0939104 -0.308346 -0.0217656 0.760568 0.289741 -1.04033 0.0490137 0.53702 0.285715 -1.18897 -0.977993 0.591244 -0.0747637 0.0190336 0.127806 -0.403554 -0.314133 -0.587402 1.64447 0.809053 -0.630111 0.567804 2.32947 1.72413 0.601578 
-1.05166 -0.659737 0.698213 -0.471543 0.809872 1.04221 0.484518 1.2666 1.07067 0.593012 -0.325214 -1.42493 0.734324 -0.0398391 -0.126436 -0.114299 -0.33182 -0.178366 -0.241563 0.141724 0.306189 -0.711225 -0.254092 0.876472 0.726178 0.741754 0.0457404 0.194796 0.463044 -0.238443 -0.75921 -0.253789 1.65329 0.0110308 -1.62471 -0.927377 1.59428 1.18654 -1.81478 
-1.01393 -0.529585 0.678108 -0.735869 0.448224 0.855337 0.488296 1.09114 0.234471 0.181869 0.318307 -0.919608 0.827256 0.0178843 0.100886 0.154698 -0.260209 0.00135829 0.0359525 0.612956 0.0600445 -1.08769 -0.641663 0.405316 0.208545 -1.22354 0.0375151 -0.0538136 0.440386 0.489942 0.112278 0.623044 -0.142783 -0.369215 0.192126 0.687869 -0.258908 -1.58763 -1.67875 
-1.03378 -0.558851 0.852911 -0.731752 0.81123 1.07817 1.09747 1.32665 -0.0170159 -0.0486506 0.0801022 -1.21639 -0.489212 -0.002324 -0.180249 0.326087 0.158122 -0.0660872 0.381481 -0.00105958 -0.0630263 -0.519099 0.433777 0.617563 -0.861454 -0.936998 0.00232667 0.00590076 -0.378026 0.269894 -0.899294 -0.548196 -1.39668 -0.922299 0.914868 1.3576 -1.04333 -0.199894 2.38903 
-1.01625 -0.709834 1.00419 -0.577747 0.382137 1.23682 0.487237 1.02811 -0.284629 0.615646 0.935871 -1.78106 -0.109742 0.020211 0.106787 -0.223328 0.00968547 -0.897936 -0.512244 -0.783725 -0.862255 -0.172817 0.715942 -0.638018 0.0086512 1.16549 -0.0184947 0.335046 -0.926226 -0.181785 0.0447731 -0.949233 0.867049 -0.322796 1.32245 0.194483 -0.105108 2.62823 3.60499 
-1.01357 -0.452064 0.629583 -0.722066 -0.0867056 0.565922 0.313749 0.464394 -0.189833 0.667292 -0.557915 -1.20774 0.676278 -0.0208187 0.154796 -0.600139 -0.0236634 -0.0213142 -0.567752 0.86599 -0.385822 0.803351 0.62826 0.512456 1.76678 2.66799 -0.0334215 -0.228844 -0.0624783 -0.147025 1.56627 0.437161 1.35808 1.5295 0.466179 -0.462174 3.39462 1.45886 -1.52869 
-1.03707 -0.555038 0.404056 -0.60141 0.360823 0.669066 1.35323 0.642291 0.518722 1.24391 1.44833 -0.014282 2.55825 -0.0132106 -0.122057 -0.285806 -0.137339 0.668334 -0.075083 0.574355 0.667248 0.293362 0.253768 2.7566 1.46751 -0.363197 0.102096 -0.196937 0.515345 -0.160451 -0.21976 0.484214 -1.79893 0.969783 -0.674346 -1.17557 -2.12975 -3.01688 -5.54306 
-1.02678 -0.57412 0.343777 -0.859406 0.581628 0.490839 0.888104 1.13164 0.103529 0.92106 2.19868 0.259771 0.31308 0.0812769 -0.0421403 -0.084794 -0.184114 -0.241074 -0.0835383 -0.932941 0.583961 0.129005 -0.547306 -1.61729 -1.2501 -2.87507 0.0907408 0.182279 0.45186 0.406834 -0.695854 0.256155 -0.923704 -0.724708 0.977287 0.205373 -4.48962 -2.54709 0.881253 
-0.955793 -0.597178 0.319262 -0.785525 0.119749 0.585528 0.420285 1.22625 0.647726 0.696601 -0.168968 -1.26438 -0.316815 0.0775303 0.0602222 0.166054 0.269495 -0.0275194 0.181072 -0.349349 -0.0574603 1.27065 0.459142 -1.73302 -1.07959 0.518055 -0.180056 0.013341 -0.0969267 -0.027886 0.155011 -0.27989 0.414088 -1.24409 -0.297306 -0.351207 0.656819 0.57405 3.2927 