-0.809582 -0.806427 0.417674 0.0759088 0.78693 1.47059 -0.0737548 0.709432 0.912055 0.478627 0.0608358 0.415928 0.1425 0.0124117 -0.194569 -0.205159 -0.837446 -0.29311 1.10016 1.08164 0.684358 0.152708 0.317315 -0.772308 -0.898771 -0.709867 0.0859338 -0.251078 0.385088 -0.192858 -0.0778815 -1.34028 0.093299 0.902464 -0.417501 -0.846393 2.33302 0.798722 2.0001 
-0.779018 -0.812318 0.39094 -0.51209 0.399197 1.99733 1.28398 1.66558 1.43368 0.798347 0.331547 0.20336 -0.0464314 0.0276125 -0.102183 0.0866591 -0.194325 0.0383478 -0.993074 0.0144124 0.456053 0.0547619 -0.347663 1.07017 0.423593 -0.0329516 -0.0239706 0.265009 0.376543 0.260897 0.260054 -3.0533 -2.01186 -1.05594 -0.316736 -0.915159 1.86587 1.6583 1.80943 
-0.78197 -0.908611 0.504333 -0.118416 0.825278 0.477514 -0.0593424 1.16549 0.966817 0.130964 1.13101 0.839522 0.109548 -0.0115589 0.0704394 0.171385 -0.576549 -0.0330561 -1.95314 -0.930227 -0.371577 -0.164028 -0.597844 1.09356 0.759529 1.09956 -0.00625971 0.292609 -0.270686 -0.0808151 -0.192183 0.530626 0.28884 -0.684443 -0.402742 0.20495 -1.96368 -1.7258 0.0590106 
-0.790577 -0.741879 0.562325 -1.08864 0.366141 0.0441922 0.353751 1.29401 1.26966 0.200502 1.42511 0.962889 1.05313 0.0213528 0.190425 -0.184027 -0.27514 -0.153835 -0.462448 0.303252 -0.22839 -0.347981 -0.142713 -0.893507 -1.30221 0.026059 0.0712604 -0.00925986 -0.221009 0.99282 0.196234 2.64873 0.252454 -0.658296 -0.636152 0.472639 -2.3887 -1.81447 -1.41401 
-0.760617 -0.718185 0.320306 -0.393556 0.671443 0.0150667 0.24391 0.937096 0.618837 -0.0117484 0.2375 -0.462689 0.135607 0.0597015 0.0611795 -0.0496237 0.416271 0.163178 0.695589 -0.677773 -1.02987 -0.80018 -0.125205 -1.29514 -1.05494 -0.314442 -0.0384345 -0.256339 0.430555 0.13391 -0.126549 0.755023 0.122743 0.0910019 0.536621 -0.579874 0.371225 1.62762 -0.250831 
-0.730876 -0.680699 0.512701 -0.672368 0.529319 0.739781 -0.324022 0.264132 0.469477 0.0752967 0.129972 -0.0920494 0.738691 -0.0170817 -0.0659133 0.246528 -0.14123 -0.280384 0.292575 0.425995 -0.137388 0.188641 -0.722586 -0.522281 0.325409 -0.224772 -0.124429 -0.231306 0.0259668 -0.782221 -0.534985 -1.5219 0.576918 1.42505 1.20753 -0.0320779 1.58558 0.680945 -0.811243 
-0.777699 -0.784099 0.566834 -0.534786 0.391059 0.307642 0.669905 0.799708 0.807477 -0.734334 -0.284781 -0.137281 -0.0891649 -0.0647273 -0.170126 -0.023657 -0.36595 -0.371807 -0.82631 -0.100855 0.395177 0.407352 -0.157283 0.290438 -0.373994 -1.12568 -0.005968 -0.0207216 -0.558516 0.177112 0.470697 0.0498974 -1.04617 0.240481 0.275738 2.13763 1.58745 0.328391 0.742322 
-0.795603 -0.850825 0.489044 -1.03832 0.157512 -0.0865285 -0.424877 0.65931 0.876829 -0.0819867 0.42041 -0.466044 -0.386994 -0.0230497 -0.0866349 -0.311988 0.0358821 0.190314 0.342472 -0.620179 0.103093 0.464379 1.41505 1.06517 0.6538 0.51755 0.0751587 0.332169 0.187225 1.01159 0.395614 0.945165 0.146922 -0.40257 -0.739239 0.41773 0.383204 1.10104 2.07921 
-0.800749 -0.870733 0.254846 -0.498904 0.581373 0.650114 0.0497251 0.902801 1.27186 0.680711 0.780391 0.516519 0.428385 0.0104313 0.162043 0.163568 0.645639 0.0238073 0.118855 0.0460667 -0.00739307 -0.331887 0.260446 0.673642 0.727047 0.953528 0.0122217 0.139829 0.333664 1.09887 0.109072 0.0281118 0.953852 0.281009 -0.747168 -1.80529 -1.03595 -1.7193 -1.79326 
-0.785172 -0.688782 0.652612 -0.392679 0.181319 0.0323269 -0.37881 0.651916 0.544942 0.17846 1.09405 0.261003 0.566534 -0.010828 0.0531936 0.0216761 1.13476 0.299386 0.370584 0.333672 0.384102 -0.282789 -0.390246 0.0292255 -1.0655 -1.27571 -0.00414783 -0.320414 -0.546155 -1.15416 0.689584 0.807812 0.136276 0.24809 0.51044 -0.313246 -0.658041 -0.62706 -1.30076 
-0.811577 -0.81754 0.276522 0.635852 0.880758 1.0207 0.383398 1.2869 0.989068 0.290465 0.809616 -0.54898 -0.847321 0.0062835 -0.158371 -0.382586 -0.508518 0.713391 0.926668 0.182343 0.240696 0.178553 -0.0527993 0.0156016 0.0999867 -0.347233 0.0396729 -0.00703917 -0.192716 -2.67346 -0.672098 -0.814835 -0.588 -1.07818 -0.223185 0.329382 -0.276196 1.38034 2.62886 
-0.778888 -0.847154 0.270026 -0.901197 0.89471 0.958994 -0.196467 0.892613 0.723495 0.12566 1.10965 0.36099 0.219301 0.0288449 0.0461544 -0.171039 -1.53871 -0.372713 -0.44425 -0.254328 -0.694077 -0.505974 -0.0608635 -0.24697 0.314836 1.35315 -0.0720945 0.271243 0.785304 0.429394 -1.10923 -1.33862 -0.231221 -0.805177 -1.10886 -0.981827 -1.53066 -0.927725 1.75749 
-0.782732 -0.771385 0.105483 -0.902855 0.508046 0.576448 0.12907 0.592827 0.483094 0.229601 0.562646 -0.234143 0.505831 -0.0658109 0.112871 0.402717 -0.0791248 -0.395834 -0.411955 -0.0488779 -0.564481 -0.93031 -1.03463 -1.51506 -0.827738 1.41026 -0.0895275 -0.0274637 0.9181 2.29561 0.422832 0.530841 -0.288686 0.554377 0.418285 -0.0792005 0.249803 -0.208456 -1.38959 
-0.844699 -0.734282 0.672744 -0.980322 0.498876 0.54704 -0.245345 0.328132 -0.206815 -0.908966 -0.405403 -0.466748 1.62956 -0.0606826 0.0186907 0.747061 0.756902 0.0501187 0.0865909 -0.543013 -0.1397 -0.0876885 -0.140064 0.00283258 0.10638 -0.0364365 0.068816 -0.172862 -0.311249 1.93839 0.806448 1.10424 0.0165673 0.819393 1.32898 2.0217 2.14031 1.03752 -2.68343 
-0.843414 -0.752695 0.852544 -0.145953 0.558164 0.663039 -0.413943 0.453127 0.395405 0.0895372 0.565478 -0.127764 0.469394 0.0030051 -0.0599909 0.0914688 1.85926 0.410614 0.692283 -0.0323106 0.254912 0.398672 0.987072 0.625256 0.209782 -1.27317 0.120899 -0.246661 -1.15756 -0.96998 -0.345488 -0.647095 0.499755 0.00258953 -0.583672 -1.08905 -0.142892 -0.0699814 -0.199901 
-0.841694 -0.794273 0.764212 0.878938 0.90949 1.23932 -0.277656 0.583044 0.191857 0.0781066 0.219852 -0.256966 0.356387 0.0602168 -0.22797 -0.4105 -0.213078 -0.295369 -0.560504 -0.0432582 -0.137111 -0.671361 -1.22912 -0.14006 0.0363984 -0.236337 0.0816502 -0.0691785 -0.628504 -3.28615 -0.666534 -1.26957 -0.463655 -0.385534 0.138139 -1.08506 -0.538667 0.733499 1.93606 
-0.783197 -0.980665 0.442044 -0.359031 0.262795 0.102534 -0.457202 0.316016 -0.275955 -1.13958 0.425419 -0.0913651 0.233057 0.0846553 -0.129169 -0.537036 -1.42689 -0.25592 -0.57729 -0.495965 -0.130622 0.536811 -0.0979908 0.0865887 0.943281 0.662892 -0.0139737 0.438276 0.25199 -0.661715 0.626421 1.41327 0.492519 0.556013 1.91139 2.66908 0.291424 0.413387 0.126196 
-0.757039 -0.923443 0.227177 -0.547952 0.65357 0.662033 -0.773621 0.452423 0.728668 -0.0198842 0.306441 0.686315 1.01928 0.0462431 0.210306 -0.15851 -0.874793 0.331052 0.852769 0.449261 0.418902 1.24003 1.43996 0.151364 0.449786 -0.110142 -0.119806 0.208552 0.768145 1.59084 0.118552 -0.0556993 1.43881 0.444518 -0.922245 0.779855 0.42476 -1.7727 -1.63549 
-0.736954 -0.770359 0.283534 -1.23382 0.593846 0.955303 -0.00794033 0.734918 0.964078 0.300384 0.576783 0.358421 0.122916 -0.035151 0.0793823 0.23111 0.163954 -0.137368 -0.632989 0.942847 0.313896 -0.385435 0.681864 0.511349 -0.829414 -0.972602 -0.0861864 -0.369076 0.285206 1.60971 -0.402672 -0.970767 -0.0621571 -0.13687 -2.03396 -2.07856 -1.02227 -1.59824 0.785888 
-0.79219 -0.84406 0.458287 -0.383998 0.516202 0.0290443 0.169226 0.766319 0.343234 0.66198 0.81779 -0.1431 0.0466766 -0.0399433 -0.15877 0.126696 0.734918 -0.0716201 -0.117998 0.387104 0.282032 -0.793928 -0.638594 -0.870902 -1.14846 0.675747 0.0599764 0.113288 0.0621613 1.14299 0.26847 1.06217 -0.896628 0.137812 0.585857 -2.04537 -1.56548 1.94752 1.20114 
-0.776898 -0.929129 0.410231 -0.498907 0.522226 0.837305 0.379164 1.01695 0.17015 -0.33821 -0.294119 -0.790038 0.798662 0.0248254 0.19267 0.293271 1.30694 0.131102 0.429184 0.0462198 0.451708 0.200423 -1.36351 -1.05413 1.1181 0.22854 0.714032 1.93449 1.56656 1.51231 -0.815114 -0.844452 -2.74633 -1.75221 1.59118 -2.22989 1.14966 2.0522 -2.51953 
-0.767364 -0.65139 0.751558 0.922945 0.647304 0.458229 0.215446 1.21803 0.543656 -0.701531 -0.23634 0.975004 0.275216 0.674089 1.77572 1.69325 2.24723 -0.886735 -0.96245 -2.35922 -1.47017 0.79725 -2.86848 0.278755 0.903745 -1.84379 1.1337 2.33501 0.934052 -2.78666 -2.26798 -1.63697 -2.56496 -2.54291 -0.348308 -1.26665 1.97551 -0.758164 -1.26498 
-0.102809 0.846592 2.10348 1.74832 -0.364508 -0.125144 -1.98006 -0.453223 0.9674 -3.20669 -0.0153637 0.113708 -1.04512 1.15853 2.52768 1.22732 -1.47972 -2.13688 -1.20779 -2.51874 -2.0912 -0.147885 -2.63016 0.921376 0.359939 -1.03644 0.127616 -0.837461 -2.43731 -5.79406 -0.489267 -0.268161 3.64613 0.322552 -1.89396 4.57369 -0.69075 0.0378821 2.47811 
0.391163 1.87629 1.97888 -0.556773 -1.48957 -0.749559 -2.30329 -0.873173 0.395771 -3.33169 0.685036 1.33494 -0.761226 0.801705 0.93826 -0.74406 -3.54683 -1.376 -1.23061 1.28691 -1.14762 -1.09671 1.70521 -0.411995 0.941627 0.634322 -0.661301 -2.44549 -2.84142 1.86695 0.947192 1.22432 5.21785 0.741197 -0.382837 5.75811 -1.86061 -1.36747 1.77644 
0.698896 1.78485 1.35942 -1.79851 -1.74051 -1.35576 -0.693152 -1.60084 -0.129314 -1.50148 -0.427359 1.05534 -0.410801 0.497226 0.0821929 -1.6141 0.387228 -1.18969 0.0165348 2.69911 -1.35 -0.530723 3.12796 -0.939236 -1.00753 0.739998 -0.400107 -1.1466 -0.672758 4.13724 0.0933904 0.796255 0.0605497 0.201431 0.822156 -0.728392 -0.538337 -2.54468 -0.694131 
0.888389 1.95849 0.364786 -0.169545 -2.67926 -0.733024 0.395818 -2.22317 -0.134952 -0.203729 -0.2542 0.327408 -0.0212279 0.401598 -0.208342 -1.41682 0.590406 -1.28261 -0.434356 1.34746 -0.94619 -0.274557 0.976817 -0.950332 -1.60305 -0.0598084 -0.12407 -0.532244 0.97882 -0.308032 1.25967 -0.812082 -1.78833 1.63679 1.37022 -3.03722 -0.589023 1.57884 0.553041 
1.10049 1.57651 -0.057393 -1.2081 -3.02312 -1.79011 0.654306 -2.54703 -0.403871 -0.524665 -1.37769 -0.547719 -0.470609 0.373156 -0.450051 -0.635275 0.0791961 0.0699878 -0.795547 0.91078 0.286785 0.8395 0.0907387 -1.52826 0.57131 1.29304 -0.101807 -0.0394368 0.885958 1.17785 2.25054 0.973676 -0.209196 1.81305 0.932516 -1.19364 0.924827 4.16561 1.55395 
1.26155 1.50844 -0.270489 -0.0903488 -2.60927 -1.52857 1.3066 -1.93639 0.704548 -0.112991 -1.78246 0.898718 1.27181 0.299791 -0.247779 -0.53086 1.76825 0.967925 0.53932 1.13826 0.866864 0.657959 -0.216822 -0.0255046 2.56255 1.49414 -0.166491 -0.00175561 -0.229559 -0.784721 0.338644 0.778268 -0.327251 -0.0977909 -2.32235 -2.0078 1.8307 -0.0357507 -2.73272 
1.40028 1.32873 -0.588253 0.560149 -2.0552 -1.25079 1.79257 -1.68017 0.254088 -0.741487 -1.40319 2.01483 1.02353 0.206666 -0.451807 -0.864834 -0.705525 0.408632 -0.0172796 0.583529 0.188994 -1.48285 -1.91706 0.302446 0.535559 -1.43969 -0.1803 0.108022 -0.309264 -2.81584 -0.928298 -0.186924 -0.708615 -0.727553 -1.634 -1.09805 0.242925 -3.47823 -2.61334 
1.46821 1.05663 -1.13532 -0.795873 -2.20064 -1.54585 1.89013 -1.7474 -0.778302 -2.03005 -1.48001 1.43428 -0.167875 0.119491 -0.139757 -0.840124 -1.04758 0.0396273 0.352395 0.429647 0.139311 -0.976042 -1.31488 0.21742 -0.915674 -1.11919 -0.10773 0.485045 0.641254 1.57151 0.167377 0.892644 0.154249 0.00646233 1.33699 2.00217 0.349835 -0.281051 2.11097 
1.51978 1.18897 -1.42838 -0.487434 -2.01557 -0.898397 2.22221 -1.54086 -0.721954 -2.05636 -1.18577 1.09916 -0.0956593 0.0989356 0.0332378 -0.22358 0.865988 0.576008 0.875365 0.737779 0.195456 -0.14586 0.0851077 0.65228 0.254508 0.671285 -0.0443697 -0.0667962 0.84802 1.58296 0.199354 -0.18311 0.0712751 -0.133492 0.703233 1.58924 0.0748662 1.20608 0.805114 
1.56715 1.08987 -1.3589 0.0701142 -1.62463 -0.670486 2.62791 -1.55194 -0.924162 -1.94495 -0.827732 1.68878 0.50341 0.0751212 -0.206553 0.00789582 0.535372 0.238981 0.169286 0.500922 0.00581894 -0.272809 0.274359 0.292286 0.290403 -0.31408 -0.112233 0.0323745 -0.258926 -0.565263 -0.73661 -1.18764 -0.749948 -0.175481 -0.422512 0.435783 -1.14631 -0.76328 -1.91885 
1.5949 0.982421 -1.42048 0.0479382 -1.77659 -0.729111 2.72314 -1.53504 -0.994763 -1.782 -0.893488 1.38956 -0.409739 -0.013297 0.0656123 -0.482505 0.300725 -0.160602 -0.312279 -0.012169 0.0199758 -0.568372 0.520891 -0.494027 -0.508773 -1.24757 -0.065746 0.0489165 -0.522328 -1.04056 -0.1517 -0.871955 -1.03123 -0.166499 -0.630293 -0.181108 -1.22446 -1.25081 -0.347474 
1.55385 1.15548 -1.84141 0.370839 -1.78523 -0.982766 2.61574 -1.53196 -1.49253 -1.42406 -1.32176 1.18001 -0.744159 0.00937518 -0.157636 -0.514432 -0.505191 0.0872809 -0.702669 -0.530304 -0.16068 -0.903101 0.0932517 -0.932171 -0.960404 -0.661554 0.20325 -0.638787 0.738463 -1.65157 0.796711 0.856992 -0.919597 0.422876 -0.234395 0.69068 0.166999 0.119379 1.36932 
1.60427 0.824785 -1.93491 -0.457253 -1.68931 -1.43178 2.19283 -1.69572 -1.89786 -1.68875 -1.82566 0.429158 -1.07129 0.189953 -0.573175 0.255958 -1.35084 0.636109 0.544712 -0.931766 0.442851 -0.802767 1.21157 -0.327028 -0.389394 0.121751 0.138844 0.0525322 0.66679 0.87043 0.585464 2.55164 -0.659071 1.26833 0.135901 2.71598 0.62386 1.89954 0.212702 
1.7438 0.582303 -1.58545 -0.980003 -1.14912 -0.438053 1.68397 -1.08911 -2.2953 -0.212486 -1.64879 0.790618 -0.622408 0.14822 -0.105104 0.152358 0.365239 0.672745 1.84897 -1.18937 1.10764 -0.7672 2.80923 -0.308311 0.93914 -0.448852 -0.145522 0.44706 -0.301021 1.39065 -0.29868 -0.255996 -0.0727563 -0.0368437 0.691803 -0.310296 0.0284682 -0.543855 -1.06682 
1.75249 0.719681 -1.78256 -0.0920143 -1.01656 0.417192 1.00346 -0.588076 -2.66506 1.12048 -2.13397 1.3683 -1.52014 0.0444319 -0.126115 -0.0450631 0.0398108 0.337428 0.288716 -1.00452 0.406008 -0.110964 0.901275 -0.298559 -0.933249 -0.945064 -0.107435 -0.16672 -0.178714 -1.43251 -0.321742 -2.30225 0.482816 -1.24012 1.16116 -2.81076 0.459241 -2.75511 0.439695 
1.78824 0.456189 -1.63051 -0.940193 -0.811696 -0.149337 0.67945 -0.683104 -2.40626 0.68879 -1.94735 -0.142631 -1.56747 0.0407851 -0.271824 -0.0263561 -1.06728 0.351003 -0.453281 -0.706558 -0.132475 0.393957 -0.00152317 0.15093 -1.81597 -0.00915646 -0.0457003 0.212965 -0.351164 0.293808 -0.141067 0.0938484 0.644983 -0.476846 0.538492 0.0351125 0.103525 0.79934 1.28815 
1.79328 0.447857 -1.80891 -1.15929 -0.665559 -0.0360896 0.2969 -0.720551 -2.27111 1.11896 -1.98304 -0.447673 -1.5293 -0.00126844 0.0868503 -0.396227 0.333618 0.196361 0.382564 -0.359539 -0.0708378 0.427528 0.936388 -0.195035 -0.133909 0.343082 -0.109808 0.0593758 -0.0753421 0.623807 -0.250635 -0.0299703 0.172503 -0.583419 -0.0795485 0.0538745 -0.693002 0.946054 0.374255 
1.78697 0.543039 -2.02674 -0.606574 -0.615335 0.233227 0.319911 -0.753942 -1.97874 1.62518 -2.14238 -0.27654 -1.22439 -0.0690231 -0.212448 -0.101698 -0.443468 0.100368 -0.483252 -0.534056 -0.715895 0.314408 0.0523513 -0.542072 -0.869917 0.365098 -0.087788 -0.135613 0.63985 -0.427853 0.384474 -0.645928 -0.367529 -0.179393 -0.0420744 -0.729379 0.627311 -0.441929 -1.12219 
1.72425 0.235409 -1.91061 -1.60276 -0.565191 -0.519341 -0.237156 -1.43645 -1.9567 1.17131 -2.52511 -1.31759 -1.1642 -0.0890565 -0.0487627 0.243623 -0.0942346 0.580835 -0.263364 -0.727068 -0.25023 0.385454 0.207009 0.432276 -0.575838 -0.779112 -0.127283 0.752047 -0.0797229 2.53374 -0.0117168 0.97719 -1.07148 1.28382 -0.311156 0.742413 1.17876 1.10918 -2.57715 
1.69791 0.494276 -1.78312 -0.700809 -0.0344995 -0.0301367 -0.407157 -1.00417 -1.59328 1.83219 -1.7101 -0.852378 -2.0035 -0.196306 0.539599 -0.181421 2.09027 0.088651 0.493938 -1.60554 0.56793 0.00325228 0.794765 0.636685 0.239264 -2.21205 -0.181448 0.560086 -0.0520206 1.13989 -0.743615 -0.676065 0.0717686 0.143674 0.969022 -0.170407 0.616278 -0.66395 0.637112 
1.52795 0.775008 -2.09203 0.487513 -0.47654 -0.0254031 -1.84269 -0.868516 -1.95345 1.96608 -1.88843 -1.07833 -3.37625 -0.270505 0.511323 0.191602 1.04566 -0.16278 -0.939429 -0.655299 -0.106557 1.35448 0.0366022 1.04855 -1.23979 -0.142 -0.12335 0.246651 0.697054 -1.89063 0.109364 -2.01025 2.42573 -0.475172 2.2443 -2.25626 0.790175 -1.17225 3.32741 
1.42741 1.0056 -1.59151 0.34485 -0.197279 -0.969566 -1.06246 -1.11073 -0.238806 1.86879 -0.661551 -2.09217 -2.1455 -0.319656 0.78625 0.515633 0.199641 0.198015 -1.51631 0.820191 0.0927572 2.24755 -1.46149 1.42686 -0.932985 1.11536 -0.189144 0.308846 0.0276982 0.609291 0.585567 -0.0613663 0.207663 0.590408 -1.42411 -1.83819 -0.391224 1.16369 1.20849 
1.20829 1.56126 -1.5764 0.687155 -0.278526 -1.54171 -1.0225 -0.775759 0.294101 0.504583 -0.461565 -2.01131 -2.26089 -0.459649 0.820169 0.219301 1.65495 0.422787 -1.0008 -0.447636 0.483851 -0.0696374 -1.80158 0.65733 -0.0760943 1.06649 -0.0558105 -0.493976 -0.0542195 1.77628 0.758326 0.601177 -0.772642 -0.0350978 -3.42634 1.35582 -1.05611 0.755732 1.2613 
0.967757 1.82577 -1.37221 1.9998 0.225508 -1.97036 -1.51009 -0.626878 -0.308443 0.0672055 -0.00422082 -2.16826 -1.07902 -0.375466 0.292274 0.461414 1.97592 0.956341 -0.915131 0.0475493 0.0576594 -1.17879 -0.105676 0.370753 -0.177254 2.37667 0.23785 -1.05592 0.537717 -0.418675 0.256455 -0.0252235 0.9201 -0.636321 -0.665398 2.26549 -0.391557 -0.711 -0.4229 
0.832825 1.85353 -1.11498 2.66308 0.677815 -2.45684 -0.974952 -0.718099 -0.884688 0.398908 -0.0908127 -2.18856 0.115778 -0.221799 -0.235755 0.757018 1.23628 0.679242 -1.02602 0.472464 -0.152469 -0.735035 0.463906 0.265773 -0.787094 0.643586 0.195502 -0.582549 -0.00940048 -1.67143 -1.1118 0.74856 0.0314286 0.100306 0.957691 -0.583517 -0.271089 0.369199 -2.94359 
0.745959 1.59001 -0.615196 3.23608 0.90475 -2.99638 -1.03763 -0.779347 -1.04348 0.531111 0.261552 -2.95535 -0.435431 -0.179964 -0.290275 0.452013 0.304491 -0.15546 -0.166571 0.0789779 0.157966 -0.221098 -0.689193 0.0996632 0.191945 -0.566923 0.0357114 0.152734 -0.644452 -1.31304 -1.09003 2.21055 -0.510536 0.604881 0.666483 -1.2055 -0.277307 2.23771 1.02313 
0.652861 1.56326 -0.662972 2.96757 0.522355 -2.62341 -0.895974 -0.560134 -1.10579 -0.290285 0.0088505 -1.99662 -0.451145 -0.186087 -0.0830209 0.112565 -0.0767644 -0.41079 1.18454 -0.0380724 0.452412 -0.0685526 -0.741597 -0.0115333 1.45061 1.66672 -0.0849848 0.36255 0.37508 -1.85335 -0.0733049 2.53105 -0.00680636 -0.608312 0.26991 1.79986 0.44604 -0.249358 1.19861 
0.559871 1.50699 -0.502631 3.15931 0.49396 -1.81185 -1.0757 -0.326935 -1.11203 -0.210486 0.250019 -1.50474 1.23129 -0.264949 0.0722748 0.827093 -1.54886 -0.228765 2.36448 0.0721715 -0.450347 0.0488123 1.11067 0.545704 -0.0574131 0.631688 -0.287237 -0.0572366 1.67879 -2.4795 0.0277808 0.674638 0.0998516 -0.53545 0.904685 -0.0419723 0.516951 -1.22928 -4.96673 
0.387912 1.63553 0.164121 1.41871 0.29359 -0.258932 -0.823803 -1.01048 -1.05697 0.820381 0.554554 -2.05403 0.180542 -0.473325 -0.140258 1.79135 -2.55626 -0.383009 1.85917 0.0617792 -0.0830385 0.836132 -0.78357 0.505418 0.221335 -3.30001 -0.339866 -1.06683 0.105951 1.51621 0.302024 -2.01273 0.373408 1.76136 0.86174 -2.65459 -0.0681606 0.958089 -1.54714 
0.0865466 1.36674 1.28872 0.603048 0.110951 0.047328 -1.01392 -0.409974 -0.275899 -0.994056 0.755437 -1.2834 -2.06872 -0.604815 -0.99456 0.933044 -0.0326506 0.0732589 0.351752 0.445579 1.31101 0.910553 -1.54392 0.477543 0.900676 -0.915455 -0.220911 -1.56353 -2.08836 2.2032 1.03857 -0.791408 0.728 1.05519 -0.054231 2.08436 -0.905532 1.5611 6.37478 
-0.216903 0.640972 1.09716 1.38606 0.366849 0.0928204 -0.378224 0.300531 -0.146421 -0.723539 1.0321 -1.15336 -0.734912 -0.694235 -1.70379 -0.29701 -0.353063 0.655557 1.06777 0.789779 0.972153 0.781901 1.30079 -0.400114 1.78243 3.07477 0.149325 -0.133139 -1.20284 -0.789911 0.573978 0.5291 0.747671 -0.830019 -0.292736 2.25775 -1.26832 0.373366 1.82475 
-0.607689 -0.337055 0.991713 0.249985 0.766508 1.11509 -0.224142 0.562179 0.506002 0.306737 0.355324 0.499026 1.00604 -0.455491 -1.1277 -0.269798 -0.822562 0.647237 0.880852 1.19325 0.480992 0.617817 0.713833 -0.790781 1.27404 0.909292 0.643264 1.5468 0.0112349 0.636607 -0.849534 -1.26616 -0.148532 -1.03315 -0.849987 -1.40838 0.993449 -1.53306 -2.77162 
-0.672394 -0.486727 0.827367 0.563497 1.01409 0.973672 0.815027 0.781523 0.471396 -0.00970644 0.241316 0.120686 0.17438 -0.0509718 -0.156988 -0.285775 0.283545 -0.193977 -0.19839 0.641247 -0.0609938 -0.0680863 -0.107584 0.593335 0.249372 0.303145 0.376465 1.08984 0.139278 1.15971 -0.687084 -0.829215 -1.59731 -0.649848 -0.314362 -0.224085 0.931559 -2.22565 -0.560689 
-0.658661 -0.494043 0.705937 0.53353 0.572531 0.916704 0.417105 0.501186 0.437916 0.199153 0.948659 0.748399 1.30919 -0.079026 -0.0378621 -0.13052 0.337148 -0.0398469 0.0516373 -0.404063 -0.168856 0.303455 0.489748 0.140778 -0.951612 0.348603 -0.0298234 -0.166748 -0.15127 -1.2314 0.338066 0.152364 -0.949012 0.156995 0.12433 0.527966 -1.00166 -0.752909 -0.878451 
-0.75142 -0.524589 0.696847 0.900646 0.974239 1.02531 0.410963 0.612667 0.774851 0.480041 0.382094 -0.830927 0.522982 -0.0807951 -0.323737 -0.437045 -0.947855 0.144089 -0.0460258 -0.307765 0.0960012 0.056244 0.420382 -0.408322 -0.503537 -0.575306 0.132007 -0.180631 -0.159467 -1.78458 -0.748883 -0.770798 -0.404978 -0.0985952 -0.761244 -0.809059 0.32158 2.91225 0.284586 
-0.739456 -0.81778 0.268892 -0.414325 0.716619 0.870678 0.10934 0.597187 0.49416 0.619535 0.540337 0.244862 0.733883 0.0529807 -0.218493 -0.289986 -1.44743 -0.78873 -0.719161 -0.809042 -0.267451 -0.457789 -0.319311 0.462358 1.96063 0.633189 0.056392 0.484009 0.611756 1.4254 -0.500037 -0.310889 0.376985 -0.174989 -0.459635 -1.84795 0.658665 0.108137 0.703868 
-0.698439 -0.743082 0.406861 -0.546786 0.185509 0.306149 -0.398078 0.345215 0.317062 0.16073 0.844452 1.12971 1.15617 -0.0244031 0.160273 0.174711 0.477548 -0.355949 -0.356915 0.0692198 -0.078988 -0.403391 -1.42757 0.250343 -0.395399 0.128562 -0.0523995 0.385869 0.485985 2.50002 1.2 1.31885 1.54413 0.6251 0.605343 0.166594 -0.0557431 -3.40424 -0.922968 
-0.763859 -0.657507 0.443603 0.0632234 0.360671 0.513763 0.17856 0.518199 0.0907687 -0.808035 0.79068 -0.150538 0.862444 0.000581222 0.167375 0.195998 1.05259 0.411273 0.599688 0.735084 0.357649 0.147554 -0.152717 0.406615 -1.44361 -0.289779 0.0785641 -0.156578 -0.0139195 -1.19036 0.479775 0.511296 -0.646993 0.141714 1.20607 3.02995 -0.688448 0.759117 -1.34957 
-0.697858 -0.575707 0.602859 0.505806 0.596782 0.905837 0.337006 0.702864 0.464616 0.00801323 1.25107 -0.313904 0.866392 0.054161 0.00369438 0.160791 -0.71281 0.123827 0.154381 -0.577773 0.062726 0.80268 1.60238 -0.438105 0.363717 -1.22101 -0.0793883 -0.41569 -0.333059 -2.30419 -0.710531 -1.30963 -1.58938 -0.573749 -0.153297 0.894698 -1.66901 1.53776 -0.140003 
-0.709698 -0.653813 0.604395 -0.649587 0.484497 0.668144 -0.399213 0.580925 0.893449 0.794344 0.352575 0.21318 -0.358561 -0.078807 -0.248314 -0.137061 -1.2516 -0.299258 -0.709938 -0.854295 -0.2161 -0.00574271 0.741981 -1.2624 0.0941465 -0.429782 -0.0849902 0.0304028 -0.162131 0.884927 -0.157835 -0.876328 0.260439 0.127021 -0.902064 -1.61502 0.41933 -0.285973 2.81993 
-0.776665 -0.824021 0.465798 -0.745795 0.297524 0.1959 -0.517289 0.486765 0.458873 0.749994 -0.0113333 -0.219758 0.43661 -0.0308293 0.0340972 -0.00134014 0.172117 -0.0340083 -0.721947 -0.317334 0.189747 -0.0993831 -0.0126447 -0.018775 0.0777447 1.59892 0.132253 0.551801 0.0713316 2.02522 0.658212 0.699219 0.750534 0.0189219 0.120112 -1.26365 1.9683 0.59345 0.070088 
-0.740527 -0.619716 0.603054 -0.47747 0.450489 -0.0538033 -0.716547 0.770672 0.794066 0.781699 0.3338 0.290924 1.24036 0.0534457 0.303486 -0.0657296 0.773616 0.358954 -0.0107194 -0.103761 -0.197178 0.114369 -0.521671 0.705905 0.687596 -0.359694 0.0621497 -0.0452888 -0.0128051 0.38747 -0.119411 0.73421 0.595195 -0.773845 -0.330605 -0.0532851 0.819457 -0.0605579 -2.82021 
-0.723219 -0.520535 0.400068 0.0278216 0.656478 0.18518 -0.62105 0.289587 0.573243 0.228323 0.694572 0.467839 0.0769161 0.0313204 -0.0111917 -0.0141453 0.559586 -0.153419 0.0122633 0.277862 -0.584098 -0.429988 -0.0659298 0.800682 0.0171868 -1.22129 0.0113241 -0.462224 0.530573 -0.690831 -0.579931 0.692166 0.830946 1.02836 -0.807001 0.59348 -0.781762 -1.41353 0.2604 
-0.709207 -0.630907 0.588909 0.082116 0.29707 -0.04154 -0.438685 0.186573 0.364078 0.71577 1.13448 0.308111 0.0190734 0.0647698 -0.158738 0.464843 0.0827854 -0.220977 0.681446 0.727185 0.831179 -0.692632 0.0718093 -0.0758567 -0.725931 -0.0992942 -0.0472771 -0.128369 0.130035 -0.535812 0.674977 1.41471 -0.36092 1.12211 0.557648 -0.541616 -1.11456 0.620438 2.08142 
-0.658449 -0.679273 0.864911 0.110607 0.435501 0.866626 0.106135 1.12077 -0.119389 0.300133 0.618715 -0.258092 -0.0223781 -0.0159567 -0.13956 0.11589 0.0237741 0.521558 1.42697 -0.0830582 0.538009 0.12766 -0.607546 -0.313879 0.637625 0.860131 -0.120247 -0.135174 -1.11542 -1.02986 0.186386 -1.15077 -1.15706 -1.02401 1.5669 -0.0690998 -0.160388 1.97972 1.27432 
-0.725163 -0.770468 0.704799 0.10589 0.818628 1.38543 -0.521743 0.724582 0.491738 0.108224 0.820604 0.945736 0.879205 -0.055477 -0.293913 -0.650573 -0.947077 -0.0345908 -0.469322 -0.429879 -0.192832 0.874271 0.00270957 -0.236244 1.25379 1.17503 -0.00990078 -0.160118 -0.550791 -0.57279 -0.953236 -2.44119 0.0653782 -0.753738 0.331673 0.734473 0.517532 -1.4999 -2.26894 
-0.713926 -0.973186 0.214338 -0.83647 0.40091 0.397305 -0.323744 0.927934 0.754882 0.302842 0.382471 0.9957 1.15265 -0.0258574 -0.299678 -0.434901 -0.549016 -0.431678 -1.01422 -0.01768 -0.215729 0.459334 0.126927 0.203654 -0.862278 -1.40881 0.0143043 0.337659 0.896103 1.68969 0.371741 0.986187 0.630962 -0.0591007 -0.540025 0.221942 0.487546 -2.03377 -1.6867 
-0.751021 -1.07015 0.269899 -0.443125 0.38695 0.371215 -0.539423 0.508853 0.951072 0.235151 1.02426 0.0834585 -0.5296 -0.0411727 0.0437461 0.24553 0.742615 0.33715 0.516866 0.201084 -0.251933 0.334246 0.224652 0.251302 -0.779981 -0.511671 -0.0187343 0.38726 0.54582 0.322862 0.568495 1.38815 0.0602561 0.583092 -0.22673 0.6755 0.170123 1.1661 2.77005 
-0.755099 -0.92944 0.459868 -0.0938552 0.738061 0.914171 -0.12266 0.676001 1.08913 0.527494 0.633772 0.215719 0.640979 -0.0445917 0.0875821 0.11092 -0.226153 0.136817 0.373933 0.0425761 0.367362 0.232604 0.802427 0.373777 0.303823 1.36124 -0.00328366 -0.0815963 -0.12301 -0.186035 -0.204191 -1.26873 -0.741217 0.228405 -0.647232 -0.500361 -0.751939 0.610557 0.805346 
-0.795613 -0.982564 0.380819 -0.669279 0.523767 0.745148 -0.496847 0.876215 1.18368 1.03758 1.39803 0.387281 0.831642 -0.0444564 -0.0378502 0.12252 0.556579 0.13296 -0.751864 -0.540133 -0.0235279 -0.312986 -0.275709 -0.500638 -0.169425 0.293675 0.119259 0.19195 0.0713739 0.861563 0.0784601 -1.08376 -0.221292 -0.834169 -1.43844 -1.93197 -1.86066 -1.0785 -2.89159 
-0.799556 -0.96729 0.582389 0.462724 0.87102 0.162307 -0.662794 0.652473 0.776143 0.251784 0.133135 0.0462946 0.934654 0.074667 0.279532 0.182294 0.63541 0.215277 -0.709826 -0.178715 -0.466806 -1.20583 -1.12955 -1.48689 -0.77468 -1.53035 0.14229 0.108511 -0.24473 -1.5752 -0.483956 1.10523 0.610141 0.131691 -0.330749 0.423459 1.30145 0.774915 -0.292911 
-0.720946 -0.703032 0.563113 -0.0338687 0.739044 0.0353219 -0.675562 0.409409 -0.0221582 -0.0919686 -0.0888529 -0.387399 -0.698705 0.0978338 0.0706604 -0.122209 -1.01862 -0.350997 0.353367 0.0700075 0.108163 -0.643735 0.147749 0.800809 0.605491 0.000764168 -0.0254678 -0.448458 -0.615405 -0.558558 -0.191855 0.80985 0.132466 0.7158 1.56191 2.34662 2.0947 1.26387 2.7942 