-1.10163 -0.800847 0.921121 -0.694841 1.15738 -0.222202 -0.727288 0.469841 0.30116 0.481768 0.131103 0.586145 0.737191 -0.0772965 -0.052382 0.128479 -0.103048 0.156401 0.17973 0.454625 0.370986 -0.181376 -1.13345 -0.722202 -1.51358 -1.43147 -0.222182 -0.684518 -0.0451502 0.100949 0.249843 0.868175 1.06925 0.588599 0.338049 0.735035 0.0668334 0.14151 0.201654 
-1.22106 -1.14878 1.03815 -0.71697 1.20491 0.000578556 -0.294333 1.02039 0.751159 0.988816 0.027629 -0.0653406 0.0717997 -0.0996396 -0.464641 -0.0386683 0.121827 0.262032 0.195698 0.616245 0.137867 -0.400511 0.00794953 -0.227242 -0.196113 -1.11899 0.156914 0.0148662 -0.399272 0.162337 -0.171534 -0.443218 -0.843525 -0.932427 -0.658234 0.214737 0.593717 1.6697 1.73119 
-1.20127 -1.26549 0.882453 -0.573015 1.41942 -0.0265042 -0.111043 0.607708 -0.0993517 0.489718 -0.0961392 0.390032 -0.381797 0.0796174 -0.0375158 -0.270793 0.0592889 -0.0151327 -0.263487 -0.3889 -0.561441 -0.839611 -0.918711 -0.128485 0.156117 0.299724 0.151519 1.00226 0.0517795 -0.325973 -0.588969 0.342254 -0.892226 -0.16131 1.33525 0.0791615 0.738222 -0.414578 2.66406 
-1.14145 -1.18629 0.767358 -0.657682 1.18978 -0.262909 -0.683233 0.458945 -0.0884518 0.0701047 -0.100856 0.0907762 0.371524 0.0518791 0.53762 0.0131112 -0.204146 -0.326937 0.537952 -0.275981 -0.0234423 0.934742 0.0871111 0.51098 -0.610691 1.54507 -0.141021 0.307302 0.527398 -0.0491259 -0.204332 0.976426 1.02144 1.04292 1.38023 1.34509 0.49388 0.368564 0.693131 
-1.14939 -0.727868 0.895564 -0.777161 1.09248 0.511447 -0.387025 0.584266 0.83539 0.576829 0.41484 -0.220659 1.16327 -0.0614033 0.269786 0.256604 0.010163 -0.219465 0.712938 0.632542 0.481482 0.540619 0.426379 0.365395 0.524681 0.992855 -0.0799642 -0.920898 -0.00792613 0.190344 0.22168 -0.970557 0.609553 0.5255 -1.1471 0.159463 -0.666334 1.48102 -1.17858 
-1.20285 -0.916506 1.02396 -0.647518 0.970314 0.45003 -0.0506914 0.940427 0.452167 0.496484 0.264539 0.615457 1.36438 -0.0280851 -0.383278 0.00518511 -0.0138019 -0.105257 -0.432606 0.333572 0.502057 -0.212359 0.246574 -0.155354 0.870329 0.366486 0.0587593 -0.720733 -0.490923 -0.275423 0.277846 -1.0988 -1.13737 -0.968854 -0.779553 -0.964731 -0.384022 -0.339129 -2.3043 
-1.17747 -1.11115 0.900749 -0.790963 0.987221 0.0788416 -0.0534531 1.08632 0.623032 0.823403 0.259486 0.64967 1.52976 -0.002644 -0.450946 -0.234319 -0.26526 0.0583816 -0.385857 -0.504829 -0.487372 -0.238934 -0.538352 -0.0186268 0.185552 -1.31144 0.0689004 0.313966 -0.0415925 -0.0792243 0.134264 -0.0508834 -1.2181 -0.86432 -0.246792 -0.735524 0.541887 -1.48266 -1.73838 
-1.20549 -1.36745 0.789643 -0.912778 1.0287 0.0641727 -0.555521 0.453055 0.213234 -0.0418675 0.245912 0.801009 0.0529353 0.0408153 -0.0693122 -0.0364074 -0.0930261 0.0290064 -0.483489 -0.884528 -0.362262 -0.459151 -0.48895 0.386533 -0.612326 -1.3719 0.0240144 0.705374 0.288231 0.348005 -0.131469 0.442067 1.50427 1.41346 1.58963 2.51087 0.547878 -0.725098 0.960573 
-1.13666 -1.18046 0.864342 -0.883989 1.01623 -0.404648 -0.937981 0.724061 0.163881 0.334453 0.646019 0.0373436 0.15786 0.0213704 0.254428 0.0539123 0.0827451 -0.0730878 0.0562097 0.999442 0.926093 1.35069 1.97252 0.529251 -0.539546 -0.35087 -0.0841936 -0.0294338 0.143983 0.470446 -0.0382559 0.812547 1.8745 0.966164 1.39613 0.958796 -0.630104 1.17596 1.76244 
-1.18412 -1.11302 0.843556 -0.830033 0.955608 0.120382 0.443922 1.37915 1.56393 1.93065 0.775164 0.261462 -0.297935 -0.0433783 -0.098746 0.107575 0.37742 -0.00924948 0.329057 0.989976 0.603901 0.936976 0.469847 -0.243571 0.563637 0.390542 -0.01041 -0.388129 0.136803 0.397606 0.583526 -0.0416392 -1.6722 -0.980216 -2.26878 -3.93894 -1.3386 -0.263184 1.74085 
-1.18004 -1.2792 0.971917 -0.506569 1.00698 -0.0755903 0.0519946 1.32796 1.10086 0.8043 0.402448 0.600981 0.548402 0.0109604 -0.133701 0.190715 0.480352 0.510438 0.0145705 -0.672758 -0.0541236 -0.918081 -1.96643 -0.809351 -0.802731 1.38997 0.124912 0.367853 -0.0158913 -0.55055 0.046518 -0.384688 -1.37721 -0.551125 -0.126693 0.543242 0.421484 0.0201204 0.661141 
-1.17316 -1.24673 1.03427 -0.349681 1.46605 0.134953 -0.228836 1.32502 0.645847 -0.0357752 -0.034187 -0.541268 1.09204 0.081534 0.269107 0.0916841 -0.17313 0.0372685 -0.0556302 -0.387231 0.0527767 0.810283 1.01309 0.177913 0.583758 1.05168 0.0426468 0.415515 -0.133493 -0.606896 -0.927905 0.11804 0.656673 -0.182653 2.13758 3.92654 1.55586 1.63536 -2.0893 
-1.0985 -1.0101 1.0636 -0.679699 1.04425 -0.13122 -0.335236 1.38074 1.91114 1.81739 0.580361 1.18474 1.60008 0.0536073 0.281814 0.0572221 -0.126545 -0.417467 0.132611 -0.0160844 -0.236776 1.2195 1.96011 0.746512 0.832634 -0.699323 -0.14396 -0.540146 -0.11757 0.0773986 -0.0381129 0.410507 0.370354 -0.193003 -2.20561 -2.09502 -0.550598 -2.54297 -2.38739 
-1.11956 -0.964911 1.09149 -0.476226 1.04858 0.267564 -0.24492 1.08825 1.86534 1.92434 0.712325 0.291366 0.392717 -0.0624263 -0.271039 -0.025886 -0.0957315 -0.000844405 0.354877 -0.0168769 -0.140226 -1.39532 -1.08193 -0.372685 -1.95921 -1.33571 -0.0845168 -0.806364 -0.189599 -0.317641 0.234547 -0.214074 -0.184718 -0.15814 -2.47022 -2.63091 -0.446242 -0.744952 1.21228 
-1.16093 -1.28114 1.03772 -0.775431 1.0434 0.223656 -0.352113 1.24051 0.515817 0.735457 0.207677 -0.774473 0.264379 -0.0309095 -0.524549 -0.132376 -0.444186 -0.182921 -0.0814629 -0.200802 -0.394916 -1.25072 -0.670795 0.30027 0.0876817 0.512959 0.0502479 0.197432 0.0279698 0.224782 0.0460443 -0.788318 -0.816462 -0.277656 0.730365 0.692228 0.609212 3.52895 1.49749 
-1.15047 -1.48946 0.959116 -0.920412 0.865658 0.186101 -0.445723 0.693331 0.614623 1.25354 1.0126 0.379047 0.905676 -0.0121783 -0.073607 0.00208378 0.129051 0.0451999 -0.433441 -0.833339 -0.417883 -0.664958 -0.389703 0.236527 1.56974 0.161784 -0.0260783 0.729719 0.367693 0.873368 0.463556 -0.485768 -1.40407 0.583089 0.786604 -0.00846667 -0.768217 -0.802347 -1.3993 
-1.17311 -1.35474 1.0398 -0.64638 1.0886 -0.209785 -1.18545 0.82263 -0.149141 0.345754 0.444204 0.795265 0.426163 -0.0569878 0.20517 0.235317 0.429182 0.280635 -0.567231 -1.60488 0.188173 -0.464117 -0.679262 -0.467946 -0.714666 -0.886336 -0.00908184 0.545151 0.117411 0.0157141 0.0352876 0.685801 1.12812 0.684776 1.94186 1.363 0.190078 -2.57363 -0.95295 
-1.20745 -1.28429 1.19443 -0.49123 1.14629 -0.38113 -2.0506 0.881504 0.150506 0.574283 0.544649 -0.335618 0.0193396 -0.0212602 0.471544 0.119495 0.144765 0.0804875 0.25236 0.294783 0.266893 1.2769 0.973298 0.426606 -1.00389 -0.791166 0.0779338 0.0503397 -0.338929 -0.0914043 -0.340837 1.0596 3.62951 0.32981 2.21399 1.11511 0.477334 1.00212 1.48434 
-1.19437 -0.8832 1.15929 -0.501615 1.16909 0.0425745 -0.890669 1.08952 1.12776 1.31905 0.870809 -0.208629 -0.365004 0.020946 0.255509 -0.103612 0.337778 -0.0602018 0.492367 2.02464 0.517983 1.74987 0.435851 0.00938749 0.287453 0.598002 -0.0119329 -0.699075 -0.422363 -0.207709 0.116438 -0.0142049 1.10741 0.0963141 -0.707478 -1.59472 -0.461423 1.53552 1.01447 
-1.18651 -1.02878 1.09082 -0.153453 1.08609 0.111237 -0.0259603 1.39949 1.90038 1.01013 0.554037 -0.0481654 0.617341 -0.0331931 -0.227532 -0.302868 -0.0629444 0.196925 0.238155 1.40219 0.363207 0.569421 -0.621425 -0.0348177 0.531629 0.223308 -0.0286745 -0.183994 -0.0127677 -0.946808 -0.0243749 -0.831253 -2.33714 -0.930872 -2.95991 -1.12588 -0.0973333 0.979727 -0.881147 
-1.22756 -1.11073 0.856426 -0.564559 1.36601 0.280729 0.511522 1.45273 1.69718 0.697627 0.835991 0.323 -0.141695 -0.00772844 0.0715151 -0.116379 -0.609031 -0.0845767 -0.338886 -0.312503 -0.412889 -1.21004 -0.690027 -0.0879458 1.26718 -0.283145 0.0844507 0.402431 0.507241 0.290773 -0.542425 -0.936725 -2.15492 -0.552008 -1.28607 -0.908991 -1.12312 -0.377075 1.12131 
-1.19424 -0.957266 0.974442 -0.762483 1.00152 -0.227649 -0.338463 0.986598 0.690338 0.320108 0.466091 1.21901 0.334196 0.0512577 0.174899 0.204373 0.227829 -0.3455 -0.69857 -0.752733 -0.188801 -0.71665 -1.53042 -1.15793 0.154554 1.34462 -0.0118317 -0.296471 0.134374 0.714641 0.103655 0.242879 0.495644 0.512033 1.53549 0.924707 0.0899121 -2.29631 0.812718 
-1.1763 -0.935833 1.0608 -0.33673 1.02051 -0.417841 -0.241211 1.26393 0.980529 -0.832788 -0.321942 0.477554 1.20292 -0.0195601 -0.224956 0.017995 0.10561 0.0190787 -0.0960075 0.183141 0.0991446 0.325452 0.23468 0.00196626 -1.02913 0.529573 -0.04677 -0.0338611 -0.102498 -0.623416 0.226656 1.36881 0.674228 -0.493829 0.639584 2.45705 1.806 0.677822 -0.868751 
-1.2138 -1.18222 0.992437 -0.656874 1.02059 -0.323657 -0.155323 1.08574 1.01579 0.554788 0.468057 0.189885 0.863769 0.00448769 0.141038 0.101875 -0.395587 -0.118844 0.670238 -0.0785051 -0.682629 -0.0770667 0.92663 0.648067 0.832375 0.475865 -0.000459891 0.19318 -0.116045 -0.310576 0.0382859 0.689676 0.981063 0.05124 0.126809 0.424439 -0.172783 1.30171 -0.428385 
-1.17181 -0.794795 1.16267 -0.732318 0.901671 0.252397 -0.319717 0.5813 0.903462 0.0938416 0.326124 1.30993 1.67879 -0.02002 -0.0317759 -0.0980499 -0.204966 0.0573646 0.593669 1.1642 0.150385 0.452261 0.65912 -0.170817 0.272583 0.101188 -0.051362 -0.144457 -0.151566 0.226508 0.315569 -0.733961 0.230472 1.37579 0.40459 -0.11166 -0.553753 -1.6651 -1.57155 
-1.23382 -1.214 0.894387 -0.86184 1.07796 0.270012 1.00888 1.23613 1.46805 1.21391 0.29724 0.462468 0.964957 -0.0468743 -0.00341925 -0.0496914 -0.16908 0.196725 -0.0637225 0.151967 0.693162 0.327523 0.81497 0.0943137 -0.832729 -1.09569 0.0189777 0.438899 0.384204 0.277196 -0.0197557 -0.90803 -2.72217 -0.0817527 -0.106905 -1.53893 -0.485705 -1.19759 -0.114873 
-1.21869 -0.798214 1.11298 -0.901398 1.0984 0.188675 -0.167749 1.27446 1.23099 0.908812 0.420438 0.4772 0.583098 -0.00104226 0.407123 0.286155 0.0722295 0.0376089 -0.314362 -1.55796 0.0686319 0.345356 -0.879813 -0.656522 -0.925009 -0.0136849 0.102538 -0.18101 0.0578993 0.466008 0.0530247 0.770754 0.598684 -0.708875 0.478838 -1.41554 -0.564509 0.253159 0.0207564 
-1.23486 -0.806875 1.18054 -0.78961 1.11557 -0.0443496 -0.54908 1.30476 1.81341 0.334095 -0.359282 -0.462541 0.951272 0.0556639 -0.184429 0.00820792 0.296928 0.249749 0.707031 0.750652 -0.0157131 0.806361 -0.60057 -0.470196 -0.57957 -1.07493 0.0538011 -0.97935 -0.756132 -0.243957 -0.067187 0.677288 2.47791 -0.194383 -0.446664 2.00424 2.28775 3.36493 0.0756755 
-1.16302 -0.982643 1.12119 -0.604469 1.34814 0.895706 0.582902 1.25875 2.03735 0.308242 -0.0497576 -0.10237 -0.491832 0.0527588 -0.572228 -0.469977 -0.171727 -0.0295781 0.362926 0.919948 -0.125751 -0.101308 1.12443 1.63123 2.43992 0.0619906 -0.105215 -0.14956 -0.0995819 -0.346029 -0.539143 -1.20114 -0.907153 -0.183752 -2.01312 0.560651 1.22958 1.46291 2.31179 
-1.1821 -1.3791 0.710565 -0.961338 1.08599 0.318577 0.370868 1.17901 1.7121 1.45853 1.27195 1.97738 1.01326 -0.049551 -0.333988 -0.091374 -0.0491005 -0.289394 -0.494109 -0.156501 -0.199465 -1.20676 -0.0399194 0.75938 0.883337 1.23686 -0.0798016 0.874255 0.556322 -0.0127332 0.214417 -0.435738 -1.4744 -0.392931 -1.16301 -1.56545 -2.64632 -3.85608 0.0159932 
-1.21258 -1.31663 1.02982 -0.65357 1.05875 0.401598 0.426401 1.05928 0.830583 0.268322 0.709623 0.780967 0.745031 -0.0270428 0.302028 0.0863448 -0.184461 0.184838 -0.0728111 -0.554452 -0.518682 -1.26431 -0.441023 -1.01509 -1.41616 0.0779838 0.0346527 0.604456 0.133769 0.137629 0.579659 0.113009 -1.23249 -0.82286 0.432798 0.891237 -1.03475 -1.2233 -0.120752 
-1.20914 -1.07708 0.796909 -1.1458 1.27083 0.245766 -0.183584 0.660326 0.447785 1.0175 0.256858 0.561221 1.09125 -0.0148983 0.270467 0.0423946 0.0885286 0.290264 -0.3811 -1.38899 -1.02233 -0.773966 0.851317 -0.275372 -0.339961 1.11611 0.180414 0.700604 0.487976 1.41489 -0.180067 -0.0712318 0.152852 0.0899028 0.854401 -1.81412 0.320101 0.0322244 -1.60063 
-1.22747 -1.04616 1.07221 -0.565041 1.34901 0.020498 -0.962588 0.0369586 0.0566171 1.11964 0.434251 0.441006 1.86114 0.153371 1.00263 0.574321 1.23043 0.00477174 -0.144043 -0.4016 -0.428779 -0.409913 -2.25514 -0.694988 -1.38393 -1.52265 0.549732 2.08834 0.508794 1.06757 -0.922245 -0.673435 2.00788 0.639754 -1.18143 -3.62784 0.305728 -0.225319 -3.42452 
-1.05577 -0.0744438 1.37123 0.0846287 1.2756 0.101723 -0.585183 0.231547 0.0378725 -1.23764 -0.43813 -0.822714 -0.431401 0.534833 2.35881 0.551188 1.1561 -0.63198 -1.05453 0.618893 -0.382571 -1.95539 -2.77652 0.0303555 -0.565279 -2.30841 0.607799 0.744119 -0.784761 -0.47272 -0.842833 -1.17762 0.525531 -0.284981 -0.568878 1.86856 2.49251 3.17324 1.2731 
-0.692641 1.31265 1.6234 0.591054 0.717034 -1.03404 -0.343695 -0.345613 -1.89877 -1.65688 0.464606 -0.124273 -0.447267 0.76117 1.74675 -0.21044 0.757707 -0.838061 -1.32166 0.123931 -0.71376 -0.978791 -0.386584 1.79752 1.7893 -0.249549 0.138465 -1.83004 -1.52308 -0.570791 0.601456 1.31965 -1.21032 -0.274697 2.46113 3.83801 1.49105 1.86349 1.18988 
-0.294601 1.67231 1.16079 0.842336 0.437538 -1.21994 -0.461252 -0.482214 -0.940918 -1.62422 1.35939 0.96659 -0.68095 0.673299 0.528767 -0.971897 0.585305 -0.030524 0.26511 -0.59143 -0.657269 0.505734 1.06148 1.52141 1.29821 -1.11853 -0.422047 -1.32912 -0.802979 0.00367536 0.914255 1.19214 -0.12392 -0.0946592 0.19792 0.906915 -1.64635 -1.24561 -1.03801 
-0.0193417 1.84141 0.651503 1.17636 0.68651 -0.768926 -0.935125 -1.00288 -1.39304 -0.5954 1.98601 1.17393 -1.5658 0.339123 0.417634 -1.01342 0.761382 0.0761939 -0.129527 1.08215e-005 -0.808419 -0.780871 0.520331 0.151176 0.543689 -1.28755 -0.520054 -0.618244 0.116235 -0.374433 -0.490425 -1.18746 0.627066 0.273352 -0.733291 -2.35094 -2.7225 -2.01333 0.165883 
0.0445213 2.08994 0.147371 1.60372 0.513732 -1.34947 -0.461241 -1.29063 -1.72179 -1.10389 1.51057 1.51028 -1.9685 0.153245 -0.089477 -0.855661 0.210872 -0.520949 -0.922347 0.0356358 -0.383917 -0.227558 -1.28945 -1.20109 -0.715118 -0.952648 -0.185555 -0.844824 0.694697 -0.94682 -0.330382 -0.0806345 -0.45685 0.352412 1.28213 -1.30268 -1.11922 -1.32248 0.889886 
0.133903 1.75194 -0.204158 1.38723 0.165561 -1.69127 -0.89949 -1.3868 -1.6206 -1.88485 0.784926 0.458817 -2.51845 0.153567 -0.42719 -0.318722 -0.185437 -0.254188 -0.210161 -0.456839 -0.456007 0.501255 -0.782346 -0.968044 -0.778792 -0.397669 -0.0424335 0.243395 0.751499 -0.0566802 0.452198 1.47348 -0.0117662 0.0702142 0.658168 0.735468 0.943881 1.44534 1.89552 
0.198089 1.66275 -0.171352 1.41828 0.259544 -1.55963 -0.91808 -1.74664 -1.22053 -1.88624 0.542526 0.731486 -2.36617 0.110811 0.153918 -0.104162 0.154192 -0.068751 0.551134 0.0238697 -0.313703 0.43061 -0.553984 -0.257209 0.730224 0.942875 0.270806 -1.01653 1.05375 -1.34695 0.33502 0.528292 0.307639 1.6787 -1.05118 2.7824 0.092644 0.44397 0.0283973 
0.244714 1.90586 -0.30832 1.54142 0.0968103 -1.14014 -0.87562 -1.7005 -1.18999 -2.43884 0.527717 1.18904 -1.57557 0.424373 -1.44372 0.735028 -1.53239 0.0808317 0.318131 -0.1492 1.22269 -0.549925 2.00006 -0.8754 -0.334822 -0.369271 0.597173 -2.08468 0.384827 -2.43902 -0.376701 0.113936 0.0338215 1.75693 -0.595377 4.01073 -1.04002 -3.57558 -1.20004 
0.622462 0.21903 0.563677 -0.114106 0.340375 -1.2415 -1.06728 -0.523947 -1.77046 0.113818 -0.332874 0.396664 -2.73544 0.707984 -1.93076 0.280665 -2.28483 -0.445452 0.66507 0.0576912 1.44323 -0.164766 3.45675 -1.29723 -2.84536 -0.257162 -0.0370492 1.62224 -2.23442 1.42291 -1.18565 1.59884 0.755343 -1.01227 1.78764 -1.7951 0.284858 -2.42868 2.4041 
0.952698 -0.0249032 -0.0276551 -0.74341 -0.348641 -0.475069 -0.817929 -0.257274 -1.35476 1.01791 -0.769511 -1.65632 -1.83273 0.387324 0.178522 -1.49939 -0.109478 -1.10481 1.91697 0.606143 0.21042 1.23771 0.204952 -0.590543 -2.76351 2.03482 -0.605019 2.27993 -1.29107 2.66641 0.0105375 0.223917 0.758926 -1.91216 1.56305 -4.31928 1.5662 1.50575 2.19218 
1.00979 0.397552 -0.935716 -0.223584 -0.76444 0.675467 -0.461138 -0.313526 -0.532745 0.31877 -0.923417 -2.36684 -0.70062 0.102965 0.349174 -1.0104 0.381577 -0.434914 0.888987 0.816617 -0.468937 1.39828 -0.862536 0.268973 -1.33961 1.93501 -0.386955 0.364527 0.901466 0.570006 0.6072 -1.23781 -0.993237 -0.267835 -1.26788 -0.0428888 0.898893 2.44159 -1.28201 
1.05566 0.324271 -1.03806 -0.361832 -0.783556 0.413918 -0.00131202 -0.726211 0.0435286 0.155376 -0.500538 -2.99593 0.10228 0.000368813 0.54305 -0.597927 0.460528 -0.497615 0.679152 -0.387094 -0.0574142 -0.0301686 0.162064 0.308351 -0.321916 0.752817 -0.0961009 -0.0790817 0.745373 -0.0436564 0.140682 0.0161926 -1.33548 0.604707 -1.85365 1.01141 -0.157648 2.0488 -1.81591 
1.01015 0.940602 -1.53364 0.236945 -1.26205 1.35462 -0.848232 -0.370941 -0.562914 0.480834 -0.615066 -2.68876 0.0521965 0.00686433 0.270092 -0.265029 0.337921 -0.294232 0.90518 -0.518864 0.135769 -0.455363 0.148877 0.111325 0.709186 0.119108 0.0445503 -0.601447 0.725958 -0.466732 0.549716 -0.173463 0.550133 0.0213613 0.0644838 0.0667543 -0.190803 1.58843 -0.763625 
1.06253 0.594363 -1.30309 -0.023911 -1.07779 1.3191 -0.520176 -0.590442 -0.411834 0.304253 -0.389213 -2.28674 0.221388 0.0449191 -0.0583977 0.128031 -0.0062038 0.0521006 0.505689 0.163039 -0.0360528 0.0343152 0.228818 0.117547 1.26652 -0.0108089 0.0111029 -0.319719 0.300342 -0.529205 0.337185 -0.796378 1.00637 -0.488736 0.589372 -0.399786 -0.130045 -0.0382919 -0.114074 
1.05507 0.882204 -1.40561 0.230741 -1.20995 1.86031 -0.685193 -0.406993 -0.528599 0.709651 -0.497519 -1.42224 0.0413876 0.0179673 -0.0496265 0.0353123 -0.191284 0.042953 0.108802 0.487504 -0.352966 0.134009 -0.250909 -0.0187204 0.670894 0.00503428 -0.00858379 -0.329206 0.0757688 -0.468549 0.163846 -0.888758 0.929826 -0.428158 0.501387 -0.883578 0.306988 -0.826467 0.305445 
1.08049 0.544737 -1.26777 -0.215195 -1.03483 1.4279 -0.0326726 -0.943408 -0.277825 0.0533441 -0.407934 -1.61585 0.226422 0.0363354 -0.387603 0.2038 -0.474752 0.215946 -0.383069 1.09287 -0.464211 0.535702 -0.65476 0.424536 0.440049 0.294636 -0.0689363 0.213648 -0.154861 0.160342 -0.18118 -0.0686994 -0.350846 0.258173 -0.392235 -0.219956 -0.098936 -0.457963 0.0357505 
1.09141 0.494601 -1.20181 -0.244011 -0.994008 1.47724 0.407673 -0.871205 0.00710353 0.0548912 -0.0729828 -0.982193 0.336023 -0.050969 0.164021 -0.119548 -0.0309414 -0.138227 0.0401029 0.136658 -0.0947934 -0.258226 -0.470865 -0.117656 0.212931 0.0407848 -0.0916621 0.459966 -0.161774 0.321702 -0.174722 0.474773 -0.807632 0.244817 -0.760064 -0.43651 -0.905807 -0.686424 -0.403374 
1.02953 0.708758 -1.38732 -0.246136 -1.17306 1.468 0.103986 -1.0382 -0.53605 -0.417521 -0.52559 -1.40292 0.267207 -0.0553267 0.0723625 0.042026 -0.153051 0.0412237 0.0917036 0.285233 -0.219394 -0.224361 -1.09127 -0.481271 -0.246375 -0.108738 0.0166571 0.0588475 0.116046 0.140107 0.0818594 0.348637 0.0361258 0.218138 0.313757 -0.431479 0.144796 0.0135349 0.228055 
1.03608 0.566963 -1.15979 -0.397062 -0.952784 1.56894 0.692906 -1.0906 -0.217258 -1.03638 -0.554254 -1.22857 0.227286 -0.0343119 0.222869 -0.00350263 0.109166 -0.0563677 0.38874 0.172784 0.123344 0.0555312 -0.902343 0.0271398 0.226466 0.26884 0.126143 -0.552436 0.416507 -0.428321 0.304993 -0.633932 0.501319 0.085231 0.427457 1.47178 0.462861 1.25282 0.0917823 
0.995214 0.931626 -1.39082 -0.13697 -1.22943 1.85674 0.27677 -0.914857 -0.480519 -1.31986 -0.49845 -1.17645 0.536047 0.0708159 -0.480073 0.458533 -0.581371 0.346217 -0.542228 0.786552 -0.134163 0.203095 0.380508 -0.0184099 1.00644 -0.0169555 0.045009 -0.115525 0.136271 -0.206095 0.164362 -0.682626 0.272783 -0.201537 0.1661 1.71406 -0.121446 0.573362 -0.128511 
1.1069 0.08689 -0.701253 -0.978433 -0.606567 1.02671 1.47946 -1.22476 -0.0141623 -0.655871 -0.572664 -0.222126 0.21033 0.0106971 0.107343 0.132768 -0.0969289 0.107994 -0.293886 0.445567 -0.0781934 0.221631 0.81172 -0.0943061 0.799828 0.140329 -0.175011 1.37267 -1.03607 1.24064 -0.954205 0.80869 -1.71181 0.140093 -0.541955 -0.819096 -0.220326 -1.46819 0.00262932 
1.00591 1.03897 -1.25806 -0.233899 -1.12143 1.56286 0.722336 -0.993051 -0.258888 -0.508144 -0.592756 -0.376624 0.676376 -0.104195 0.892593 -0.577534 0.659264 -0.607988 0.266462 -0.925257 0.00593046 -0.33886 -0.438588 -0.238736 -0.461743 -0.0143262 0.0184784 -0.104051 0.0824399 0.00376395 0.0662418 0.294261 0.0591385 0.172997 0.396758 -1.18073 0.188995 -0.124796 0.109836 
1.0027 0.979483 -1.27879 -0.319169 -1.21456 1.29318 0.554202 -1.21883 -0.353022 -1.09446 -0.8114 -0.683869 0.196004 0.0291755 0.0032927 0.215208 -0.093165 0.174236 0.000374458 0.504705 0.0948037 0.618389 -0.369006 0.0946893 0.675033 0.250166 0.159855 -1.44421 0.998503 -1.36283 1.08409 -0.864302 1.97879 -0.330377 0.792287 0.12984 -0.010617 1.23191 -0.320037 
1.03509 1.04226 -1.04285 -0.327064 -0.947199 1.56323 1.22704 -0.898247 0.359501 -0.87715 -0.498067 0.298408 0.926542 0.0556595 -0.551615 0.420969 -0.703567 0.476104 -0.597841 1.05354 -0.324447 0.453427 -0.308748 -0.249353 0.770163 -0.334363 -0.106855 0.503104 -0.562729 0.377138 -0.507965 0.0952936 -0.663841 -0.216653 -0.983615 0.0975533 -0.464497 -0.785578 -0.908273 
1.05836 0.427868 -0.857818 -1.02274 -0.738451 0.695335 1.60774 -1.54328 0.100405 -1.40321 -1.06075 0.0862941 -0.138359 -0.0776797 0.506397 -0.347521 0.283973 -0.333729 0.0956681 -0.159136 -0.121849 -0.365226 -0.271453 -0.369808 -0.110546 -0.658107 -0.133362 1.33003 -0.824047 1.27305 -0.967546 1.0104 -1.46308 0.497807 -0.827601 0.131718 0.192738 -0.760021 0.376169 
0.957407 1.54866 -1.39037 -0.0430914 -1.28093 1.6589 1.06791 -1.0201 -0.00572537 -1.1486 -0.867875 0.187863 0.268435 -0.0777022 0.778412 -0.403078 0.569481 -0.491442 0.412555 -0.409543 0.17336 -0.374174 -0.17703 -0.0566148 0.0101426 0.0418057 0.136212 -0.843243 0.723399 -0.5865 0.627986 -0.444867 0.881259 0.231146 0.373961 1.12555 0.357222 1.06737 0.849748 
0.98066 1.20628 -1.2609 -0.453255 -1.22989 1.10789 1.1982 -1.36992 -0.273769 -1.58024 -1.11737 0.0964367 -0.0965533 0.058532 -0.336847 0.375878 -0.302528 0.294257 -0.349199 0.722123 0.109297 0.00873486 0.854099 -0.0125856 0.956824 0.19164 0.0855482 -0.814164 0.504237 -0.472498 0.467242 -0.348478 0.682577 0.229841 0.0752436 1.35563 -0.084918 0.899438 0.115003 
1.01594 1.21181 -1.01449 -0.345619 -0.986671 1.3097 1.79003 -0.910799 0.0030095 -0.294504 -0.88046 1.14469 0.460075 0.00784591 -0.0357515 0.101159 0.0969836 -0.0242003 0.0640776 0.273034 0.403201 -0.29893 1.1786 -0.141533 0.909581 0.156809 -0.0833138 0.129984 -0.413805 0.259373 -0.50948 0.110471 -0.734732 -0.269643 -0.383072 -0.772553 -0.394526 -1.35084 -0.456186 
0.988506 1.17053 -1.15974 -0.356272 -1.25409 1.17197 1.47123 -0.966716 -0.572699 -0.401638 -1.2589 1.00602 0.0602556 -0.0247818 -0.206863 -0.0379268 -0.0431543 -0.215223 -0.238727 -0.0126087 -0.160346 -0.374337 0.0815462 -0.407111 -0.39402 -0.264546 -0.0249327 0.104064 -0.0830858 0.0709271 -0.0686729 0.0920186 -0.0499919 -0.276327 0.0594018 -0.243526 -0.215114 -0.622314 -0.151678 
0.991157 1.00495 -1.05242 -0.388773 -1.20189 1.07097 1.77742 -1.07115 -0.371328 -0.212958 -1.28757 0.750667 0.195529 -0.0170868 0.0683126 0.0180728 0.167911 -0.0928732 0.156096 0.223042 0.126875 -0.239528 0.935073 -0.356647 0.287267 0.00513091 0.0892726 -0.468999 0.431391 -0.512152 0.62205 -0.39831 0.741632 -0.191613 0.598956 0.129232 0.258522 0.481059 0.256992 
0.971419 1.23884 -1.14167 -0.188361 -1.34697 1.32806 1.69427 -0.839842 -0.812227 0.533434 -1.61555 1.29328 0.0653865 0.0644908 -0.675862 0.393464 -0.555306 0.406827 -0.637037 0.729023 -0.35196 0.224619 0.210779 -0.148589 0.0870395 -0.00755374 0.0434149 -0.43424 0.0516035 -0.390464 0.198067 -0.534868 -0.0222485 -0.507461 0.534139 -1.4659 0.395401 -0.973019 0.150863 
1.05565 0.329087 -0.658954 -0.94408 -0.795068 0.433936 2.50644 -1.4231 -0.146709 -0.00217957 -1.43616 0.837706 0.187976 0.0263281 -0.365927 0.0696762 -0.222554 0.105194 -0.378772 0.200794 -0.380587 0.29461 -0.53083 0.038754 -0.685752 0.155994 -0.112936 1.2021 -0.959416 1.13688 -0.910412 1.03447 -1.55552 0.528228 -1.05425 0.167562 -0.3964 -0.235509 -0.624563 
0.997748 0.872914 -1.07199 -0.410914 -1.24177 0.949293 1.89507 -1.22043 -0.517617 0.00260434 -1.57679 0.607532 0.221381 -0.0484451 0.526241 -0.565952 0.581573 -0.503586 0.397433 -0.826494 0.176268 -0.829636 0.37834 -0.544989 -0.148469 -0.632117 0.032095 0.233965 -0.100861 0.302978 0.176688 0.227904 0.325434 0.252935 0.167131 0.846474 0.418879 0.330744 0.140784 
1.0072 0.855328 -1.22491 -0.362507 -1.29865 0.83137 1.67995 -1.24684 -0.976345 0.376161 -1.98115 0.689237 -0.444141 0.0584231 -0.131962 -0.0311845 0.0804241 0.281882 -0.150867 0.526228 -0.127651 0.461741 0.315644 0.457633 -0.355008 0.296779 0.14181 -0.985313 0.781256 -0.734412 1.05408 -0.694842 1.69019 -0.475654 1.79469 -0.241556 1.64273 -0.801341 1.54734 
1.05617 0.740952 -1.10317 -0.33049 -0.95989 0.798425 2.42129 -1.34808 -0.0558754 0.318248 -1.11916 0.252524 0.518159 0.0933653 -0.459072 0.215304 -0.152839 0.550498 -0.297408 0.863692 -0.299385 0.965059 0.136784 1.09774 -0.94981 0.915226 -0.0255202 -0.119687 -0.167501 0.0103023 -0.223192 0.106572 -1.30381 0.00173167 -0.696523 -0.33795 0.0284347 -1.0474 -0.579444 
1.10057 0.396256 -1.0096 -0.515346 -0.748155 0.533961 2.54364 -1.54622 -0.0112862 0.512945 -0.883407 -0.260573 0.471085 0.0329029 -0.251649 -0.198686 0.0907264 0.0586906 -0.0442951 -0.777584 -0.12592 -0.234781 -0.0223058 0.486068 -1.40241 -0.282665 -0.00487914 -0.640065 -0.0897389 -0.383196 -0.117976 -0.317087 -1.95546 0.172698 -1.68174 -0.0502994 -1.38416 0.0489966 -2.23004 
1.08907 0.489303 -1.30186 -0.239764 -0.9012 0.75413 1.64371 -1.474 -0.290657 0.295942 -0.633092 -1.14988 0.235495 0.0884861 -1.09914 0.125565 -0.536035 0.432522 -0.614496 -1.09177 -0.126688 -0.716678 0.086485 -0.286416 -0.900814 -1.31482 0.123059 -1.25116 0.854079 -1.13703 1.09842 -0.946349 0.931086 0.121164 0.189196 1.32386 -1.00626 1.96486 -0.613801 
1.18905 -0.702882 -0.884037 -1.05138 -0.315632 -0.0805349 1.45187 -1.67291 -0.727965 0.59943 -1.16982 -1.16139 -0.843731 0.155961 -1.50281 0.655393 -1.04631 1.15711 -0.990644 0.153502 -0.00475519 -0.0455855 1.30155 -0.520192 0.56245 -0.896466 -0.0856097 1.18955 -0.121199 0.735743 0.0451375 0.253195 0.746632 0.791956 1.5056 1.12718 0.288218 1.1892 1.53458 
1.24504 -1.0135 -0.646466 -1.28607 0.255915 -0.236514 1.79721 -1.47875 -0.336242 1.5975 -1.15328 -0.587432 -0.660971 0.00287644 0.090413 0.00436625 0.199707 0.47766 -0.3613 -0.345139 0.665269 0.788921 1.21366 0.00180144 0.288386 0.219763 -0.32019 2.73947 -1.34252 2.14041 -1.76184 1.09943 -1.8687 1.354 0.892157 -2.24245 0.541879 -1.99551 2.59812 
1.19193 -0.612469 -0.87967 -0.851674 0.162027 -0.441835 1.10673 -1.00764 0.0609562 1.81309 -1.16802 -0.873002 -0.623967 -0.164229 1.23666 -0.687126 1.09411 -0.604725 0.108789 -1.7152 1.34924 0.846572 -0.940892 0.0216871 -1.43306 1.70165 -0.198822 1.26929 -0.667856 1.00785 -1.19416 0.545039 -1.30103 0.740158 0.0532402 -2.72057 -0.373413 -1.37247 1.67792 
1.08081 0.223159 -1.33359 -0.191963 -0.34881 -0.127725 0.0820179 -0.129511 0.510329 0.656604 -1.1316 -2.02049 1.04068 -0.195945 1.3597 -0.663489 1.20756 -0.716499 0.183738 -1.64617 1.40543 0.842161 -1.50691 -0.371612 -1.08408 1.89769 0.0247996 -0.747786 0.520234 -0.343513 0.41941 -0.753085 1.01162 -0.674533 -0.119336 0.172756 -0.85258 2.04881 -2.05171 
0.995985 0.747231 -1.54316 0.355885 -0.554471 -0.258097 -0.539438 0.397786 0.903117 0.306186 -1.53963 -1.95708 1.27372 -0.139429 0.488876 -0.166892 0.750594 -0.185314 -0.644295 -0.703575 0.67471 0.727236 -0.768136 -0.830893 0.615752 -0.350054 0.119449 -1.882 1.09194 -0.710669 0.714766 -1.08116 0.802476 -0.750191 -0.814225 1.55228 -0.104524 2.56195 -3.28634 
0.941377 0.712035 -1.50048 0.558631 -0.534124 -0.77202 -0.621557 0.545199 1.23756 -0.111532 -1.96249 -1.40474 0.690628 -0.0764957 -0.5223 0.428455 0.49689 -0.00173274 -0.897426 -0.843694 0.655236 0.0279364 0.0453771 -0.476136 1.47787 -1.38865 0.0758724 -1.18065 0.665617 -0.511641 -0.0394758 -0.198682 0.179133 -0.253081 -1.43268 0.529691 1.32887 0.446809 -0.682883 
0.91949 0.224931 -1.11471 0.852774 -0.556204 -1.15552 -1.38313 1.05302 0.931054 0.351563 -2.01577 -0.479215 -0.11493 -0.063557 -0.691774 0.498725 0.238953 -0.22479 -0.842977 -0.524442 0.421629 -0.705449 -0.238445 0.497975 1.06256 -1.03294 -0.0628078 0.763661 -0.380917 0.188876 -0.577189 0.714284 0.801676 -0.396737 -0.548563 -0.997201 1.68707 -0.575304 1.09062 
0.87782 0.0202611 -1.00176 0.797584 -0.758914 -1.615 -1.146 0.966828 0.532115 -0.349978 -1.46451 -0.342178 -0.342308 -0.139304 0.241361 0.047538 0.685766 -0.578921 -0.183142 -0.0420181 0.258499 -0.520626 -0.951824 1.21093 0.902563 -0.29803 -0.0204111 0.362522 0.0321823 0.0467277 0.369212 0.143439 1.13088 -0.781626 0.77533 -0.673586 0.780114 -0.640839 0.594693 
0.780186 0.466292 -1.06717 1.53854 -1.13513 -1.33867 -1.42515 1.31152 0.410427 -0.600261 -0.804836 0.423348 -0.41296 -0.0839681 -0.329252 0.530907 0.285681 0.144422 -0.699538 0.606442 -0.359997 0.0698807 -0.912031 1.27809 0.421722 -0.438244 0.0475534 -0.853101 0.453081 -0.578721 0.76038 -0.353441 -0.0668724 -0.936112 -0.789116 1.05679 -0.254395 -0.616485 -0.494515 
0.793852 -0.308991 -0.470852 1.08327 -0.614492 -2.31453 -0.539556 0.606831 0.601996 -1.26201 -0.186425 0.0795445 -0.780552 -0.0917502 -0.61174 0.500619 0.107044 0.181459 -0.536583 -0.108891 -0.677613 -1.30974 0.104964 0.956538 0.286078 -0.792545 -0.105317 0.625571 -0.422941 0.504887 -0.605309 0.969588 -1.20161 0.477009 -1.55952 1.59931 -0.558449 1.16791 0.15364 
0.688436 -0.145448 -0.566548 1.64558 -0.953667 -1.87525 -1.53404 0.633909 -0.899315 -0.495297 0.151702 0.709426 -1.2055 -0.189285 0.296319 0.107966 0.790568 -0.460887 0.27005 -0.595169 0.117012 -1.48964 0.687279 0.71964 1.58964 -0.284604 -0.0143379 0.747074 -0.0269026 0.514788 -0.568048 0.722944 0.523441 1.11497 1.30301 -0.967792 0.100564 -0.360477 1.79885 
0.604567 -0.0126711 -0.362886 1.87383 -1.07538 -2.04448 -1.13473 0.723843 -0.887643 -0.57473 0.533215 1.66918 -1.06516 -0.106088 0.135334 0.473717 0.621832 -0.38659 0.18636 0.414551 0.437353 -0.00673087 -0.862827 1.0571 -0.0743992 1.0063 0.0617945 -0.0718619 0.170629 -0.273653 0.256834 0.288007 0.890077 -0.65076 1.42253 -1.52432 0.766442 -3.05853 1.09972 
0.582348 -0.0101146 -0.092831 2.26742 -1.34026 -1.68889 -1.11949 1.07126 -0.906046 -1.35812 1.2088 0.635026 -0.1992 -0.127491 0.224458 0.278595 0.516915 -0.204052 0.558057 0.294908 -0.533747 -0.0671048 -0.837039 1.48608 -1.46889 0.815113 -0.0459958 0.0376018 -0.402516 -0.686365 0.325751 0.190977 -0.479722 -1.12236 -0.815431 1.22468 -0.704789 -0.866484 -1.38526 
0.477076 0.211786 -0.0842911 2.39075 -1.27943 -1.48643 -0.839817 0.190096 -0.954748 -1.41177 2.0193 0.200287 -0.250042 -0.152084 0.172935 0.0712012 -0.0645332 -0.0608384 0.377337 -0.0651717 -0.685009 -0.822162 0.361855 0.352313 -0.940883 -0.378957 -0.0292323 -0.0275052 0.064599 -0.48738 0.356223 -0.363371 -0.201302 0.316481 -0.8951 1.45877 -1.97526 2.0356 -2.08013 
0.430264 0.162821 -0.0216297 2.20288 -1.40109 -1.31155 -1.18466 0.386252 -1.72821 -0.996269 1.56112 -0.305856 -0.578157 -0.156723 0.196952 0.343194 0.0295351 0.152171 0.194687 0.0936067 -0.217266 -0.962205 0.621734 -0.489181 0.566705 -1.26501 -0.0070037 0.245676 0.379489 0.270896 0.418027 -0.394844 0.751482 0.38601 1.43395 -0.188661 -0.0956483 1.28368 -0.90345 
0.320353 0.408739 0.258903 2.42028 -1.12726 -1.29174 -0.74621 -0.0271709 -1.91695 -0.790035 1.53012 0.766992 -1.51506 -0.159088 0.418611 0.450691 0.206363 0.357188 -0.0175064 0.68631 -0.298999 0.611789 0.173194 0.256665 0.342794 -1.28241 -0.0109413 0.11458 -0.0432242 -0.0278666 -0.0302498 0.0935405 0.513073 0.161254 0.981978 -1.75619 1.01899 -0.972398 1.4187 
0.271176 0.581432 0.429061 2.40925 -1.04391 -1.32906 -0.498352 0.087253 -1.11642 -0.823075 1.81778 0.0369376 -1.86057 -0.167664 0.311532 0.29997 0.00166845 0.121921 0.288227 0.606679 -0.0560127 0.0197733 -1.13446 0.529809 -0.405694 0.153688 -0.0220225 -0.114103 -0.286896 -0.689861 0.142183 0.301146 0.0712082 -0.166101 -1.60454 -0.398315 0.027147 -0.0574349 1.69115 
0.152689 0.720271 0.558872 2.42195 -1.00534 -1.00351 -0.139531 -0.0831836 -1.89718 -1.92449 2.05992 0.361298 -1.36137 -0.18111 0.304508 0.163795 -0.483499 0.499371 0.28364 0.757518 -0.465101 -0.992747 -0.225121 0.283812 0.285359 0.408745 0.00841465 0.365606 -0.0432729 -0.456369 0.501887 0.0514601 0.00539964 -0.482032 0.933272 2.09617 -0.247046 0.346172 -0.567072 
0.0900662 0.88594 0.592855 1.92575 -0.544535 -1.04542 0.259166 -0.377848 -2.10917 -1.0482 2.10159 0.322296 -1.45182 -0.159249 0.677139 0.256697 -0.454701 0.623808 0.339687 0.612079 -0.538045 0.953046 0.961716 0.282763 -0.0595219 -0.413384 -0.116522 -0.170197 0.145093 0.131798 -0.0870566 -0.900655 -2.07769 0.431014 1.85016 0.0974031 -1.36566 -1.71283 -0.609594 