-0.727848 -0.538328 0.349806 -0.208094 0.866526 0.858537 -0.0126484 0.776808 -0.0661414 1.34517 0.586328 -0.427186 -0.627943 0.0149957 -0.0338408 0.0377523 -0.134211 -0.299465 -0.660506 0.207164 0.510273 -0.611308 -0.0284153 -0.427285 -2.53219 -2.14486 -0.174149 -0.143599 -0.332907 0.134375 -0.338481 -1.33367 -0.567735 0.317155 2.25512 -1.21844 0.0916169 -0.399473 2.95692 
-0.819792 -0.641328 0.166035 -0.0407328 0.637618 0.519493 0.0902757 1.3491 0.563728 0.463102 0.335909 -1.61012 -1.01745 -0.0404016 -0.094659 0.479417 -0.16529 -0.2723 -0.952005 -0.294012 0.284078 1.21164 0.493018 0.702661 0.763826 3.30201 0.121918 -0.0947247 0.107876 0.607508 0.46635 0.879024 -0.880543 -1.40204 0.0819149 0.527856 0.90022 4.01334 2.81601 
-0.768249 -0.632987 0.829223 -0.373383 0.594226 -0.0934683 -0.30666 1.06089 1.1455 1.83819 1.28899 0.33664 2.67407 0.136914 -0.128566 0.145628 0.473296 0.166885 0.218518 -0.673379 -0.891764 -0.529393 0.49944 0.472935 1.48116 0.671144 0.116936 -0.0831819 -1.7153 0.69167 0.426198 1.54245 -0.18224 -0.701461 -2.29731 -1.98352 -1.61306 0.144939 -4.5239 
-0.682878 -0.769894 0.311662 0.432563 0.804503 0.738011 -0.583104 0.45734 0.0343349 0.962543 0.808844 -0.128963 -0.346309 0.0765345 -0.177841 -1.23589 0.52638 0.153898 0.59044 -0.476252 -0.417383 -1.08567 -1.4905 -0.910403 0.908765 -1.22189 -0.155893 -0.0849207 -0.742581 -1.39615 -0.507289 -0.246402 0.856299 1.10055 0.432884 -0.311909 -1.39142 -2.93931 -0.233861 
-0.691715 -0.810828 -0.406662 0.152997 0.748124 0.496972 -0.782912 0.643503 0.0598367 0.347685 0.378586 1.24541 1.45218 -0.0189788 -0.213486 -0.596953 -0.922854 -0.340403 -0.027884 0.18292 0.20879 -0.0965089 0.187532 -0.918489 -1.45816 0.437283 -0.0432751 0.242012 1.39664 -1.19744 -0.377586 -0.615752 1.258 0.182297 1.40071 3.12546 1.1224 -1.98449 1.09735 
-0.701857 -0.98338 -0.285291 -0.490291 0.4641 0.710127 -0.400184 0.66613 -0.062174 1.15007 -0.109645 -1.58712 0.090974 0.0332594 0.0641707 0.160758 -0.671064 -0.223688 -0.0253117 0.781747 -0.235086 0.315047 1.63496 0.211995 -1.07572 -0.124535 0.128076 0.312343 0.945204 1.45957 0.636321 -0.805403 -0.34293 -0.15746 1.42425 -0.101922 1.66347 2.99523 0.24827 
-0.658456 -0.746657 -0.245905 -0.518067 0.524436 0.47166 -0.00116498 0.408417 0.374883 1.98264 0.590581 0.169683 1.32765 0.109097 0.0988567 0.34825 0.536712 0.295918 -0.833287 -0.16001 0.0513301 1.32774 0.0856099 0.744983 1.53708 0.685553 0.125232 -0.0784334 0.39312 2.30935 0.294237 -0.822678 -2.08156 0.504313 0.263899 -3.00357 -1.22773 1.05095 -1.15943 
-0.59276 -0.884524 0.0629597 0.0464213 0.760018 -0.12316 -0.560194 0.71746 1.26556 1.23568 0.635338 -0.0500422 0.776527 0.158491 -0.0142627 0.553877 1.63829 0.0705492 -0.84799 -1.29981 0.269227 0.578946 -1.36861 -1.01573 -0.0247739 -1.28396 -0.0290143 -0.225729 -0.672193 0.491156 -0.219495 1.83808 0.25205 0.285697 -2.16304 -1.58112 -1.25039 -0.215738 -1.47065 
-0.499964 -0.76092 0.307973 1.12022 0.594986 -0.37633 -1.30098 0.677645 0.953829 0.61403 -0.425151 0.144909 0.0436868 0.0800827 -0.126873 -0.323942 1.02787 0.0764226 1.00479 0.09204 0.337027 -0.835299 -1.49551 -0.505406 1.32134 -0.785096 -0.0326979 -0.321532 -0.836558 -1.39846 0.236396 1.59378 1.53144 -0.298209 -0.946002 0.601691 1.88412 1.83096 2.13554 
-0.512678 -1.0114 -0.260983 1.07429 0.836441 0.881627 -0.468154 1.05449 0.430266 -0.259824 0.129932 1.2713 -0.00856941 0.125794 -0.335795 -0.282681 0.239826 0.306945 0.745793 0.231629 -0.0289817 -0.367057 -0.76692 0.868386 1.80619 0.851584 0.133139 -0.106797 0.0460677 -1.25503 -0.050982 -1.90241 -0.940477 -1.04123 0.128714 1.73855 0.461825 -4.46066 -1.50681 
-0.374171 -1.09671 0.0252921 1.36005 0.901931 0.369463 -1.06935 0.648663 0.586772 -0.152889 0.443235 1.9511 0.89527 0.213221 -0.23367 -0.277875 -0.227164 0.0254406 -0.89762 -0.848437 -0.704199 -0.706585 0.24304 -0.0435804 -3.13932 -2.29191 0.00214745 0.354976 0.337507 -0.893039 -0.488942 -0.50329 0.261349 -0.0631176 -0.540887 0.457547 -1.3286 -3.69063 -4.01439 
-0.299456 -1.24507 -0.538857 0.847125 0.861881 -0.0159929 -1.31659 0.350288 -0.276319 -0.0167844 0.0863519 -1.86802 -2.30048 0.127941 0.0191811 0.0548262 -0.653212 -0.181997 0.242503 0.492978 -0.0920994 -0.907944 -0.309373 -0.460216 -1.88444 -3.16281 -0.275816 0.31935 0.0541926 0.12679 0.0185832 1.20738 1.1237 0.965397 0.776396 -1.40467 -0.425425 3.18396 3.33198 
-0.24623 -1.07753 0.0801183 0.706836 0.719934 0.611966 -0.576372 0.556563 -0.321171 -0.462262 -0.0169806 0.0666557 -2.26754 -0.0625943 0.0856806 -0.223682 -0.100374 0.0440238 0.309758 0.27526 0.261197 0.0698111 -1.16163 -0.469005 0.0446372 1.04008 -0.260846 0.0138451 -0.454773 0.409591 0.0545821 -0.211195 -0.170847 0.321091 1.80601 1.9062 0.76251 2.37972 6.14074 
-0.362051 -1.15939 -0.762539 0.746751 0.905905 0.293765 -1.04133 0.611485 -0.206508 -1.17841 -0.382653 -1.82338 -1.2604 -0.132905 0.0330262 -0.399947 -0.243622 -0.127415 0.0313077 0.32213 0.228992 0.898063 1.59683 0.302295 0.495276 2.97793 -0.0097485 -0.0573035 0.614982 -0.145978 -0.169295 -0.342598 0.141901 -0.397018 0.344261 2.9036 1.3787 3.10984 1.61359 
-0.379135 -1.04451 -0.319828 0.463214 0.592519 0.643273 -0.254242 0.785555 0.576892 1.13456 0.285314 0.561931 0.710394 -0.0723428 0.0283771 0.3913 -0.246352 -0.125271 -0.0328402 0.417161 -0.13582 0.414072 1.74198 0.909699 3.15448 2.65367 0.204454 0.011493 0.521569 1.36384 0.388333 0.190365 -0.183628 -0.545416 -1.42657 -1.15946 0.387056 0.0738987 -3.70478 
-0.434394 -1.13101 -0.37124 0.500399 0.780634 0.260925 -0.62417 0.475665 0.207564 0.563567 0.527045 1.3311 1.39327 0.0715483 0.0445192 0.121622 1.12022 0.260918 0.221673 0.138502 -0.316424 -0.528509 0.437369 0.689351 0.569174 -0.726849 0.177663 0.0402781 -0.612738 1.8374 0.222784 0.302523 0.027087 0.595802 -0.880816 -2.3344 -1.2473 -4.29562 -2.82776 
-0.307587 -0.999988 -0.198206 1.58343 0.853437 0.864946 -0.11574 0.469132 0.0483831 1.57193 0.974666 1.13111 -0.016455 0.10532 0.0686552 -0.221438 1.59105 0.0975128 0.269683 0.444248 0.459981 -0.466744 -0.592419 -0.337598 -1.14113 -0.174095 0.0436635 -0.0744665 -0.809185 -1.34416 -0.361941 -1.41796 -1.01751 0.185056 0.0275344 -0.791234 -1.25082 -2.07974 0.722378 
-0.329074 -1.06235 -0.592678 2.09145 0.878147 0.530608 -0.179921 0.935646 -0.259181 -0.0288519 0.189447 0.189964 1.21917 0.115212 -0.0299473 -0.687562 -0.223939 -0.101023 -1.19629 -0.87901 -0.131368 -0.500974 -0.353865 -0.561465 -1.51057 -0.00447117 0.162109 -0.0995576 -0.421095 -1.82992 -0.37056 -0.412375 -0.268038 -0.840727 1.40262 1.01724 0.692332 1.51964 -1.75319 
-0.192375 -1.02994 -0.885768 1.35949 0.752414 -0.331342 -0.99475 0.337764 -0.452591 1.21807 0.413201 -0.379463 -0.0209262 0.267429 -0.0309024 -0.642533 -0.238874 -0.273047 -0.142692 0.17621 -0.380746 0.935873 0.424817 0.354734 0.378503 -1.92729 -0.154379 -0.073748 0.839051 -0.982856 -0.177275 2.2604 1.14511 -0.0394419 0.355678 -0.516634 1.07818 2.89919 0.161724 
-0.0616449 -1.09326 -1.23521 1.85257 0.605099 0.387915 -0.00371126 0.5549 0.676692 0.395966 0.544181 0.568467 -0.708115 -0.039167 -0.103695 0.151489 -1.2068 -0.278297 1.06411 0.266097 -0.17081 -0.145296 -0.870499 0.516711 1.38862 0.157252 -0.472748 -0.00370289 1.15255 -1.53537 0.535835 0.424482 -0.911611 0.0552295 -1.57306 0.0935753 -0.490329 -0.831777 2.18638 
-0.231542 -1.13363 -0.734279 0.152697 0.474117 0.732768 -0.728653 0.166954 -0.597888 0.347569 0.929911 1.00915 0.136326 -0.205319 -0.0346053 0.510015 -1.77424 0.262787 0.28179 -0.7354 -0.325517 -0.637184 0.518393 -0.135595 -0.453274 0.259087 -0.095467 0.610337 0.921401 2.12543 0.370975 -1.57561 -0.719244 0.338917 0.44138 0.211631 -0.634611 0.0760861 -0.788776 
-0.266964 -1.12786 -0.725196 0.0783326 0.867887 0.669705 -0.739112 0.229384 0.0395081 0.914358 0.408586 0.115193 -0.449028 -0.134634 0.506641 1.07289 0.91863 0.0926777 -0.511499 -0.453146 0.168108 0.296084 -0.658869 -0.1179 1.4647 -0.631524 1.0646 2.26538 2.80294 1.51213 -1.47517 -1.72583 0.622165 -0.384246 0.248617 -3.35851 0.13333 -0.419645 -0.485412 
-0.366176 -0.626989 0.338611 1.07133 0.566795 0.221269 -1.1818 0.335062 -0.301804 -0.3113 0.812011 2.47386 -0.495198 0.859284 2.23077 3.31296 -0.26211 -1.21238 -1.44404 -0.113236 -0.709763 -0.388568 -2.84011 -0.00226506 -0.872919 -0.226325 1.77433 1.5963 -2.72597 -1.99161 -2.2512 -1.96509 2.00887 -2.28913 -2.62256 0.37376 -0.866052 -3.90808 0.950233 
0.59232 1.10291 2.58776 -0.183777 -0.344492 -0.774336 -0.852348 -0.480379 -0.34906 -1.92575 0.406321 -0.757726 -0.675352 1.6397 2.10294 -1.65308 -1.07298 -2.15852 -2.47659 1.55573 -2.12102 -2.32648 -0.285109 -0.983952 -2.44338 0.31871 0.152815 -1.88863 -8.22498 1.79703 0.0774904 0.342824 1.79652 -0.793115 -1.60023 5.12791 -1.4034 1.15555 1.04758 
1.27352 1.47595 -1.31447 -0.00165531 -1.59172 -2.25532 0.373929 -1.78596 -2.62828 -0.596409 -0.171941 0.0304797 -0.176488 1.0121 0.342139 -4.91202 1.53492 -1.13489 -1.10122 1.68329 -1.50288 -1.9888 2.2878 -1.40566 0.282631 0.821251 -1.2312 -2.26851 0.111091 1.66967 2.25495 3.15608 -0.807019 1.74232 2.59603 0.62743 -0.803939 1.52321 -1.01464 
1.60442 1.44505 -2.32426 1.35114 -1.47938 -1.87555 0.830941 -1.98326 -2.33786 0.362043 -0.999344 -0.475095 0.145899 0.408501 -0.165569 -1.54199 0.596684 0.0964274 0.679493 0.748709 -0.378697 0.269555 0.342322 -1.78789 -0.92017 -0.695927 -0.856396 -0.554508 4.85578 -2.99462 1.12241 1.37553 -1.15238 1.39633 2.28439 -3.02013 0.593941 -0.355069 -1.88512 
1.68202 1.31038 -2.85645 0.595029 -1.4953 -1.57583 1.12264 -2.16466 -2.35873 -0.254087 -1.95983 -0.88969 -0.872415 0.155703 -0.212369 -0.0562464 -1.4597 -0.0124765 0.274315 0.530913 -0.106543 0.295591 -0.732336 -0.811723 -0.0724374 -1.06386 -0.276395 -0.0186015 2.64199 -2.585 0.0693738 -0.710741 -0.39157 0.646981 -0.0581552 -0.427765 2.08467 0.38985 0.261861 
1.76012 1.23268 -2.38051 -0.108555 -1.49186 -1.60124 1.36185 -2.0898 -2.04227 -0.370293 -1.81107 -0.547532 -0.917966 0.132106 -0.18417 1.10001 -1.98832 0.165801 -0.0312484 0.357139 0.268283 0.2114 -0.0854432 0.296775 -0.53032 -0.434067 -0.157225 0.362254 0.329126 1.08472 -0.000239278 0.761974 -0.095623 0.370243 -0.326564 1.57897 0.763519 -0.213513 0.466543 
1.81413 1.12621 -1.75644 -1.39329 -1.32949 -1.60708 1.47978 -1.89637 -2.14733 -0.33953 -1.66306 -1.42001 -1.30648 -0.00152177 0.149885 0.272879 -0.37498 -0.0127158 1.03629 0.43529 0.2637 -0.0309722 0.846636 -0.0482049 -0.285951 -0.597321 -0.13817 0.357018 -0.947182 2.58688 -0.326738 1.17256 0.220982 -0.277277 0.519157 0.515895 -0.257044 2.19128 0.889948 
1.7586 1.38256 -2.10763 -0.483535 -1.50457 -0.564949 1.79714 -1.8261 -2.07324 0.476342 -1.85927 -0.833483 -1.51529 -0.00606403 0.172847 0.152827 0.598559 -0.160937 1.14131 0.578121 -0.00899335 0.730558 0.430452 0.039731 1.66096 0.455882 0.00535578 -0.274262 0.180381 0.457937 0.0651947 -1.41181 -0.417684 -0.322128 0.15737 -1.25677 0.226311 1.43762 0.732821 
1.80806 1.29906 -1.60361 -0.794733 -1.49043 -0.46577 2.0579 -1.90537 -1.41677 0.0909221 -1.62333 0.240946 -0.8506 0.00383401 -0.124377 0.453261 0.0829566 0.0524789 -0.375523 0.0176055 -0.0584286 0.126397 -0.410138 0.178106 1.15167 0.1355 0.0316749 -0.426633 0.718235 -0.553765 0.357083 -2.04148 -1.06222 0.166558 -0.962575 -0.371564 0.12066 -1.392 0.545517 
1.76243 1.25819 -1.65437 -0.400579 -1.45209 -0.940472 1.81475 -1.88453 -1.94684 0.0662049 -1.68117 0.31819 -1.37979 0.0256109 -0.253786 0.871062 0.0447948 0.196147 -0.90017 -0.484097 0.157564 -0.232018 0.0588882 0.16039 0.268956 1.0014 -0.0684244 0.174241 0.121572 1.11525 -0.271085 -0.0388283 -0.108218 0.372639 0.335077 0.0221696 0.493461 -0.187895 1.336 
1.83367 1.04527 -0.732552 -0.749938 -1.29428 -1.36594 1.5738 -1.7478 -1.64879 0.14981 -1.46294 0.509902 0.150799 -0.0645904 0.0498639 0.574833 1.1982 -0.218606 -0.414351 -0.0906127 0.314211 0.461475 -0.387968 0.671567 0.963779 1.47149 -0.188895 0.437211 -0.295485 0.878902 -0.658673 0.248585 0.661439 0.143478 0.697397 -0.865817 -0.251087 0.358236 -0.324125 
1.69784 1.30805 -1.07953 0.797626 -1.6707 -1.35482 1.72414 -1.57032 -1.48537 -0.321763 -1.0096 1.28197 0.0917078 -0.163284 0.183425 0.575577 0.923697 -0.462526 -0.651585 0.177342 0.301042 0.465379 -0.806928 -0.090696 0.627192 0.677274 -0.0317058 -0.0633975 0.868377 -0.962978 0.163432 0.0484609 -0.05208 -0.116151 0.955711 0.48742 -1.16902 -0.942389 0.242291 
1.67039 1.22869 -0.156976 0.173759 -1.75681 -2.01752 1.75114 -1.44676 -1.18341 -0.657118 -1.55363 1.13709 0.828073 -0.0962962 -0.0135336 1.44321 0.235227 -0.0551741 -0.36589 -0.142693 0.19806 1.41719 0.0994518 -0.497454 0.0213898 1.71379 0.0857807 -0.120145 0.0114191 -0.491124 0.598237 0.831121 -0.123701 -0.155739 0.473208 1.89782 0.144458 -0.281111 0.0123126 
1.60155 1.29452 0.363675 1.03285 -1.72587 -1.72071 1.58144 -1.37226 -0.0681815 -0.222311 -1.50705 1.30336 1.80549 -0.0775037 0.0632795 0.586996 0.432573 0.13571 0.179536 0.0536413 0.145303 0.938588 1.09089 0.0537616 0.346081 0.689587 -0.00882302 -0.133767 -1.74988 -1.34901 -0.0569096 0.145604 0.232591 -0.426428 -2.18727 0.450326 0.365959 -1.16239 -2.63996 
1.59289 1.29197 0.43002 0.606331 -1.6211 -1.83799 1.80478 -1.30146 -0.244819 0.433775 -1.49987 1.48318 1.51766 -0.105119 -0.147301 -0.306672 -1.11378 -0.112084 -0.220287 0.0898979 -0.228368 -0.770086 0.549777 -0.131495 -1.141 -0.926174 -0.096907 -0.106363 -0.814453 -0.703211 -0.161195 0.628998 -0.398559 -0.184487 -0.538487 0.465393 0.579613 -2.33981 -1.1993 
1.49643 1.14722 0.0570028 -0.0809313 -1.83796 -1.941 1.67134 -1.60063 -0.838267 0.327466 -1.63855 0.162363 0.879321 -0.174411 -0.0430838 -0.227457 -0.270639 -0.0254848 0.808534 -0.344918 -0.0391833 0.400101 1.55629 0.633374 -1.99373 -0.509717 -0.134309 0.543865 0.554426 2.70322 0.0941659 1.12884 -0.190395 0.557242 1.42655 1.2649 0.368543 1.57799 0.29462 
1.41847 1.24889 0.202563 0.335693 -1.64659 -1.02945 1.45986 -1.34064 0.155282 1.99006 -0.866496 -0.510552 1.00794 -0.239428 0.396565 0.247754 1.58943 -0.0179178 0.908553 -0.100497 0.328874 0.656463 1.81468 0.237049 0.436997 -0.631553 -0.0113004 0.106145 1.1213 0.601814 -0.00853671 -1.58263 0.417859 0.586251 -0.700542 -3.38304 -0.730697 1.95531 -1.99474 
1.257 1.54378 0.304757 1.5085 -1.85587 -1.03245 1.57084 -1.27175 -0.181804 2.14214 -1.4015 0.59936 0.247767 -0.185711 0.0630612 0.89384 0.331175 -0.0340215 -0.774092 0.0729405 0.547067 -0.300441 -1.82675 -0.0973229 -0.0384125 -2.50446 0.0930518 -0.422011 -0.0454581 -2.11958 0.249333 -1.4761 0.216843 0.166897 -0.69331 -3.73628 -0.771294 -1.84906 1.00514 
1.23276 1.31195 1.0964 0.666868 -1.68061 -1.80355 1.53281 -0.793572 -0.145159 0.163309 -0.963819 -0.548964 -1.49652 -0.146376 -0.0254468 0.202296 -0.530148 0.231415 -0.567548 0.116346 0.495771 -0.0368468 -1.9216 -0.534245 -1.41206 0.373582 0.00565857 0.117374 -1.17097 -0.576436 0.159377 1.66594 0.0489057 -0.711899 0.363804 1.93933 -0.483431 -0.500476 4.93176 
1.11063 1.51833 0.507052 0.978356 -1.62446 -1.6 1.68719 -0.775981 -0.218651 0.220544 -1.93574 -0.812704 0.621349 -0.180053 0.180436 -0.277128 -0.245261 0.125356 0.891844 0.121846 -0.164832 0.0633625 0.112576 -0.580754 -0.538888 2.4273 -0.0850609 0.0616522 0.789351 -2.07071 0.33953 1.4237 -1.04756 -0.521323 -0.102119 1.12179 0.989941 1.8041 0.233968 
1.05271 1.49239 0.819275 0.421607 -1.55525 -0.911703 1.65465 -0.958404 -0.0817967 0.275885 -1.54457 -1.08785 0.93078 -0.231437 0.0362054 0.991647 -2.60085 0.570945 0.856155 -0.931215 -0.0255526 -0.138966 -0.799814 0.455696 0.392032 0.60755 -0.329746 0.0388138 1.03116 -3.29347 0.636176 -0.324248 -1.73636 0.77516 -0.843061 -1.45372 1.47401 2.18199 -2.83674 
0.879188 1.55454 1.4987 -1.6225 -1.05352 -0.743841 0.755975 -0.801533 -0.357617 -0.57927 -1.48005 -0.420672 1.2289 -0.509799 0.219249 0.754037 -3.53873 0.761532 0.567596 -1.61451 0.610328 -0.779699 -1.34115 0.893253 1.6431 -0.409444 -0.256053 0.0731447 -1.34035 0.710018 0.257675 -0.222236 -0.434425 1.0788 0.618741 0.226651 1.0215 1.90557 0.107716 
0.542912 1.71164 1.57331 -3.11713 -0.793719 -0.344107 0.0401381 -0.348076 -0.861496 -1.06526 -0.65132 0.555249 0.521335 -0.48749 0.10935 -0.348703 -1.89084 0.82862 0.633919 -1.36564 1.05325 0.479775 -0.573163 1.47719 2.2976 0.715266 0.209345 -0.572475 -0.878933 4.27869 -0.0933575 -0.448198 0.37297 0.133566 2.958 -0.409905 -0.646163 -2.09525 -0.0210441 
0.391698 1.66389 1.15 -3.51333 -0.224895 -0.109922 -0.609665 0.251712 0.122158 -1.15243 -0.0028538 1.87693 1.94416 -0.300454 -0.353225 -0.124896 0.739956 0.668175 0.119398 -1.24154 0.743894 2.1783 -1.75105 0.24709 -0.452148 -0.430488 0.0810662 -0.864765 1.41797 5.22674 -0.309192 0.245252 1.00335 -0.919307 0.398944 -0.648383 -1.05157 -4.20688 -2.77431 
0.242458 1.35841 1.44842 -2.37717 -0.125545 -0.224708 -1.20141 0.395818 1.31681 -2.81632 -0.40423 0.103101 0.0908469 -0.406424 -0.755415 1.06927 3.3359 0.519429 0.879171 -0.362294 0.133938 0.87872 -1.22155 0.425627 -1.90929 -2.05904 -0.408879 -0.677325 0.47325 1.91087 -0.169297 0.382527 1.13097 -0.994249 -3.06843 4.25716 0.602509 0.0562066 -0.901347 
-0.0147262 0.908475 2.21927 -0.177434 0.294534 0.769249 -0.971959 0.38565 1.00088 -2.37398 0.422773 -0.0323582 -0.114878 -0.709333 -1.03055 0.348354 2.65082 0.498878 0.501925 -0.110573 -0.250354 -0.890129 2.50611 0.849599 -0.395941 -1.33184 -0.313027 -0.363145 -2.26501 -4.13318 -0.379982 -0.505928 1.31157 0.216857 -1.68128 1.82134 -1.21515 1.08175 1.65448 
-0.466875 0.327861 1.79677 0.273651 0.373333 0.277217 -1.31198 0.145464 0.426677 -0.310207 0.44537 -0.292841 -1.24099 -0.719451 -1.11856 -1.19574 -0.797279 0.139446 0.373243 0.949272 0.350795 -0.802561 0.59979 -0.789521 -0.827535 -0.404563 0.511582 0.593912 -1.28096 -3.19649 -0.250744 0.154243 0.963226 1.07886 0.811201 -3.23719 -0.54214 1.1966 2.59986 
-0.734177 -0.210086 1.02352 -0.974712 0.433981 1.14249 -0.0226864 0.736445 0.198316 -1.77419 -0.366748 -0.859893 -0.519442 -0.197752 -0.436638 -0.932602 -0.545665 0.248134 0.656168 0.852653 0.828509 -0.0789282 -0.731083 0.30746 0.800654 1.26803 0.650816 0.947197 0.594699 0.671993 0.0875168 -0.773981 -1.4416 -0.392156 1.91982 0.40295 1.67316 0.241987 0.878555 
-0.664627 -0.108776 0.864168 -0.272014 0.621467 0.933385 -0.459326 0.973973 0.347749 -1.04129 0.752829 0.507814 0.0270381 -0.0686357 -0.171363 -0.601045 -0.125285 0.226963 -0.400738 -0.492328 -0.0413613 1.11726 1.00274 0.883642 -0.585547 0.473992 -0.000407505 0.238982 0.806851 0.554227 -0.295887 -0.723509 -0.801833 -0.957135 0.487412 1.01787 -0.0831819 -1.5172 -1.54084 
-0.802813 -0.381449 0.422477 -1.1 0.660944 0.741753 -0.515015 0.695083 1.31558 -0.771449 0.516894 -1.44544 -0.0454495 -0.198159 -0.197656 -0.125751 0.00856139 -0.0477526 -0.0673406 0.0508196 -0.128626 0.408484 0.286787 0.224278 -0.716541 -0.272815 -0.018334 0.0414609 0.237929 0.441195 -0.416589 0.242031 0.178204 -0.0803536 -2.06226 -0.0358513 -0.31537 1.42388 0.573664 
-0.862786 -0.306432 0.738417 -0.263453 0.573715 0.866045 -0.408506 0.845347 0.756233 -0.754503 0.977107 -0.208727 -0.245777 -0.0869697 -0.129902 -0.363116 0.31591 -0.189626 -0.158708 -0.314125 -0.121715 -0.944995 0.966889 0.568272 0.838338 1.04766 0.158269 -0.00332462 -0.574919 -0.801543 0.0606961 -0.533153 -0.57131 -0.153671 -0.997139 0.378822 -0.321034 1.34022 0.52699 
-0.889783 -0.511351 0.0593616 -0.784088 0.471318 0.583045 -0.829139 0.573368 0.370584 0.195439 1.08517 -0.607103 1.00221 -0.0398897 -0.200981 -0.70067 -0.792981 0.0129435 -0.600493 -0.52049 -0.282297 -0.588655 0.66561 -0.0967565 0.623682 0.254175 0.024348 0.117275 0.393549 -0.628464 0.284382 0.12211 0.597463 0.0405624 1.14043 -1.39771 -0.321412 1.77715 -1.6918 
-0.902676 -0.507413 0.0377472 -1.05643 0.586658 0.265551 -0.928996 0.56305 0.167578 -0.0888928 0.880351 0.414955 0.00839806 -0.0626217 -0.0126267 0.0304337 -0.312554 0.0947561 -0.0365979 0.283338 -0.0811525 0.195437 -0.430824 0.24686 2.61548 -0.644142 0.0537836 0.220493 1.03418 1.03203 0.0172077 0.922775 0.530323 0.215287 0.412839 -2.47647 -0.642606 -1.22309 0.143769 
-0.952405 -0.523977 0.0897953 -1.09664 0.566074 0.546447 -0.545801 0.492216 0.566021 -0.235385 1.33203 2.00838 0.358064 0.0138939 0.0195121 0.333508 0.239046 0.0301512 0.322281 0.00983269 -0.0670102 -0.175815 -1.81086 -0.739363 -0.599405 0.397944 0.162344 0.0113661 -0.220702 0.179639 -0.231535 -0.515124 -0.353691 0.27138 -0.18612 -1.38815 -0.65049 -4.87773 -0.433397 
-0.888782 -0.487901 0.371255 -0.817388 0.616809 0.587833 -0.919164 0.49604 -0.00823704 -1.89975 0.140988 -0.184451 0.406342 0.0997223 -0.00126052 -0.190269 -0.132915 -0.136779 -0.551722 -0.0703523 0.190228 0.00931648 -1.81897 -0.40363 -2.26225 -1.07754 0.0514511 0.113402 -0.175667 0.399202 0.0857723 0.400312 0.788678 0.277332 1.29907 3.93598 1.50763 1.26535 -0.864569 
-0.852682 -0.525238 -0.100474 -1.22956 0.429295 -0.00527438 -0.616154 0.682444 0.575338 -2.05435 0.928397 -0.253864 -0.719475 0.065345 0.132915 0.157841 0.638248 0.115924 0.722594 0.798511 0.210322 1.12326 2.12512 0.768267 0.665945 -0.466625 -0.146591 0.0186211 0.341599 0.571774 0.13421 0.62749 0.266832 -0.0951132 0.657288 4.50125 0.570025 2.74347 1.10243 
-0.823437 -0.354986 0.529096 -0.17914 0.732733 1.31043 -0.120653 0.706362 1.11502 0.225365 0.909255 0.481494 -0.0602833 -0.0468683 0.0173606 0.15133 0.43886 -0.0025692 0.0757678 0.19648 0.0951145 0.666605 2.68228 0.166395 0.481228 0.0248939 -0.131619 -0.349807 -0.22026 0.144363 -0.21746 -0.794274 -0.576978 -0.368521 -2.17698 -2.65184 -0.697828 -1.97453 -0.13027 
-0.89955 -0.507877 0.0508568 -0.790697 0.426726 0.0704934 -0.419674 0.777558 1.24194 0.627922 1.09479 0.227363 -0.694581 -0.0662738 -0.216892 -0.0624186 0.782611 -0.101536 -0.07168 0.221533 -0.158199 -1.05373 -0.526726 0.070439 -1.30859 -0.596895 0.106176 0.0188252 0.210865 0.458506 0.109136 0.752759 -0.16204 -0.242309 -1.50866 -3.15806 0.0423284 -0.0123727 1.38494 
-0.889711 -0.571878 0.466677 0.60347 0.631197 1.23875 0.100881 0.548163 0.0612933 -0.30136 0.979694 -0.827093 -0.657178 0.0593075 0.0361857 0.362195 0.897365 0.106566 0.828527 0.03444 -0.147194 -0.842059 -0.475784 0.208724 0.468855 1.40983 0.0389436 0.181543 -0.231215 -1.27839 0.179204 -0.402714 -1.0587 0.410373 1.3553 -0.0472933 -0.562791 1.37371 2.70984 
-0.840243 -0.471692 0.413052 0.106668 0.533292 0.89902 -0.385234 0.630364 0.399883 0.152138 1.30352 0.696218 0.715249 -0.0273302 -0.0353495 -0.293633 -0.495776 0.0776678 -0.474394 -0.837169 0.252174 0.301576 -0.574019 -0.492352 0.0651264 2.11295 -0.181315 -0.0769259 0.158136 -0.624158 -0.0509614 -0.654724 0.258677 0.215101 0.80034 -0.610467 -0.481836 -0.876863 -1.13772 
-0.917041 -0.607228 0.173044 0.107694 0.708864 0.764352 -0.736288 0.800337 0.362869 -0.875379 0.487342 -0.761967 1.45577 -0.122007 -0.0407402 0.520331 0.273207 0.055605 0.173803 0.293117 0.0679071 -0.0417191 -1.08625 -0.273112 -0.408008 0.272114 0.0217181 0.0888655 0.0216478 0.220414 0.0100829 1.26196 0.891416 -0.598104 -0.360882 0.546565 0.473872 -0.151544 -4.02398 
-0.96225 -0.512432 0.933383 0.379875 0.588897 1.07282 -0.092117 0.698271 0.358164 -0.934113 1.0304 0.28821 0.987363 -0.00561208 0.0535159 -0.271986 -0.275363 0.0877507 0.787569 0.0542468 -0.34593 -0.0593057 -0.0274537 -0.0184798 -0.086418 -1.91103 0.0888439 -0.142478 -1.61265 -0.793048 0.262104 0.500922 0.269952 0.15064 0.843634 1.99156 0.551119 0.108706 -1.17612 
-0.922653 -0.553712 -0.0989414 -0.167669 0.796615 1.55192 -0.682042 0.454407 0.303564 -0.902833 0.468862 -0.848385 -0.455266 -0.0331634 -0.183218 -1.09232 -0.519841 0.317709 0.674726 0.563069 0.218547 0.801915 0.905311 0.278007 -0.299302 -0.904002 -0.0272859 -0.210309 0.739704 0.979297 -0.127138 -1.44901 -0.377386 0.244051 0.312011 1.15451 0.705613 2.14183 2.37253 
-0.995414 -0.69565 -0.158936 -0.139966 0.906606 1.74755 0.470952 0.916817 1.16008 -0.0288015 1.30841 -0.0110923 0.083361 -0.032898 -0.156793 0.467718 0.703935 -0.0393874 -0.661437 -0.323139 -0.101879 0.252705 1.12706 0.687133 2.05541 0.4615 0.101952 0.365135 1.79451 0.582463 -0.4897 -1.95575 -2.21137 -0.260709 0.117879 0.717402 -0.313726 0.0256483 0.104139 
-0.955551 -0.710505 0.368777 0.536266 0.757228 0.890485 -1.00518 0.352528 0.556269 0.224227 1.15599 1.20703 0.00623401 0.0687884 0.181917 0.702189 0.0626216 -0.171992 -1.28103 -1.6483 -0.0421625 0.919793 1.62271 -0.0357181 -0.273654 -0.799863 0.135953 0.392542 -0.432527 -0.98009 -0.0559262 0.628559 0.92841 0.536855 0.242808 -1.47615 -1.23041 -4.76464 -1.36173 
-0.926625 -0.513733 0.543253 -0.0773446 0.734614 0.466522 -1.17735 0.874655 2.07987 1.59391 1.27269 -0.284746 -0.716502 0.103055 0.235749 0.0351906 -0.276155 -0.0953136 -0.0328781 0.605271 0.434976 0.495513 -0.349086 -0.543279 -2.70922 -0.900229 -0.0423861 -0.0730372 -0.715414 0.0104636 0.0244136 1.30666 2.18895 -0.605028 -1.56531 -2.57014 -0.193643 -0.0799335 -0.124996 
-0.852496 -0.474756 0.403967 0.260111 0.661914 0.857607 -0.39991 0.787504 1.05178 -0.124859 0.612716 -1.5022 -0.893995 0.0264023 0.10888 -0.0132248 0.0730852 -0.147578 0.0256372 0.540655 -0.64719 -0.645513 -0.947431 -0.229362 -0.353588 -0.924859 -0.205881 -0.604698 -0.762651 -0.956184 0.0569595 -0.175918 -1.02223 -0.80548 -0.939988 1.08181 0.260797 1.81686 0.57275 