-0.947025 -0.604564 0.646159 -0.104672 0.713687 0.577651 0.933159 1.03572 2.11728 -1.08076 -0.914918 0.401538 1.0018 -0.0265286 0.146003 0.243334 -0.405312 0.653501 0.0265894 0.0842576 0.101526 1.08532 1.77097 -0.0249969 0.23836 1.05611 0.0361862 0.200178 0.115524 -0.324856 -0.802124 0.138047 -0.425166 -0.99274 -2.57886 2.32512 1.73223 0.407152 -0.820968 
-0.928069 -0.263581 0.800995 -0.396017 0.683021 0.612527 0.860835 0.716477 1.4343 0.998107 0.353124 0.626104 0.697587 -0.0504262 0.207319 0.184012 0.249906 -0.00670017 0.0834454 0.0583151 -0.309578 -0.954099 1.51445 0.192947 0.495377 0.0457614 -0.0138075 -0.242073 -0.442224 0.771926 -0.562238 0.357427 0.958628 -0.0800191 -1.37476 -2.35984 -0.12814 -0.86354 -1.40312 
-0.997451 -0.397244 0.830171 0.145234 0.706987 0.661097 0.991474 0.726143 1.16318 0.433692 -0.721971 0.896915 1.04756 -0.0403362 -0.0960701 -0.19889 0.366614 0.0912627 0.384016 1.04289 0.0215066 -0.28944 -0.588867 -0.153137 -0.62518 -0.34701 0.0871517 -0.240517 -0.381938 -0.561702 -0.696665 -0.459631 -0.671301 -0.169353 -0.259991 -3.18967 -0.335897 -1.97485 -1.11023 
-0.968405 -0.359651 0.602105 -0.0294034 0.774283 0.996543 1.90372 0.737984 1.14486 0.40924 0.199987 0.000923427 0.350578 0.0367255 -0.0331975 -0.197927 -0.311795 -0.703366 -0.376186 -0.612986 -0.478931 -1.21409 -1.67522 -0.14295 -1.47947 -1.06447 0.0601344 -0.11459 0.0636788 -0.0137421 -0.412177 -0.834154 -2.62054 -0.118183 0.229005 0.229187 0.895321 0.179091 -1.04711 
-0.960726 -0.430442 0.632245 -0.166561 0.00362167 0.284911 0.378488 0.247211 -0.0509144 -1.24152 -0.864922 -0.582556 -0.0169082 0.0197982 -0.21066 -0.135211 0.352872 -0.320915 -0.450138 -1.57765 -0.0966763 -0.060435 -0.35968 0.742184 -0.446089 -1.39412 0.028386 -0.0328315 0.17669 0.263364 0.859089 0.830824 0.117367 0.685878 0.51616 1.39615 1.79739 1.92933 1.73334 
-0.948607 -0.570312 0.466894 0.323468 0.453369 0.546405 0.326067 0.641307 1.08442 0.0495606 0.942171 -0.445166 -1.04354 0.0651115 -0.066029 -0.0212365 -0.0484315 0.155724 0.454638 -0.495619 0.206947 -0.697931 -0.279067 1.65444 0.449863 0.668867 0.160339 0.0784123 0.141049 -1.18183 -0.391106 0.998517 0.435151 0.2296 -1.26905 -1.12778 -0.15968 1.05619 3.73117 
-0.895614 -0.496471 0.611008 -0.214993 0.159345 0.739549 -0.117131 0.454159 -0.748846 -1.52059 0.78952 -0.132693 0.651959 0.180137 -0.132248 0.0058376 -0.828961 -0.71202 0.548379 -1.1425 0.132923 -1.32949 -1.48746 0.582504 0.610101 2.33705 0.127554 -0.493025 -0.0726587 0.0115878 -0.89666 -0.229823 -0.326262 0.533176 2.86557 1.41815 -0.74937 -1.06469 -0.867545 
-0.76847 -0.70256 0.472732 -0.505493 -0.258652 1.09478 -0.816435 0.774231 -0.245066 -1.4379 1.52468 0.164935 1.29351 0.192665 -0.559054 -0.0938952 -0.0368438 -0.740936 0.224816 -0.821881 0.740123 2.16764 1.13909 0.905072 -0.614828 -0.198678 -0.120766 -0.419126 -0.0734395 1.25628 0.530371 -0.403089 0.796641 -0.24797 1.92027 1.3502 -1.02609 -1.07553 -2.46032 
-0.702949 -1.05552 0.517113 -0.251837 -0.581591 0.964365 -0.939012 1.19428 1.41879 -0.381503 1.69459 -0.747521 0.453281 0.0593711 -0.551374 -0.0676019 0.427321 -0.18165 0.14529 -0.345861 -0.115046 0.590785 -0.137252 -0.443581 -0.465425 -0.123272 -0.257841 0.560685 0.513035 0.170531 1.24343 0.0693832 0.451668 -1.12521 -3.80272 -1.31631 -1.43223 1.94413 0.520051 
-0.709099 -1.25393 0.40513 -0.0781717 -0.440301 1.24007 -1.1623 0.659185 0.345719 -1.57515 1.08109 -0.30049 1.17024 -0.0651751 0.00163077 0.419139 0.133687 0.502496 0.294199 -0.370213 -0.385091 -1.63508 -0.177222 -0.527153 1.3293 0.321374 -0.0343179 0.501958 0.621374 -1.42867 0.640897 -0.248153 0.388476 0.766992 -1.22598 0.704536 0.616862 1.82929 -0.196544 
-0.768124 -1.05389 0.936252 -0.11815 -0.0790942 1.25856 -1.30923 0.809191 -0.216289 -0.558725 1.16744 0.581783 0.774655 0.0250531 -0.0494155 0.553772 -1.00135 0.459247 -0.102863 0.0426151 0.651946 -0.635195 0.567283 0.17328 1.36386 -0.319816 0.132262 -0.605199 -0.403994 -0.240719 -0.368699 -0.594698 1.21264 0.86662 2.71097 0.520421 1.28425 -1.43457 -0.459383 
-0.684046 -1.30335 0.958902 -1.07952 0.018946 1.13721 -1.11968 1.31113 -0.289476 -1.00786 1.25437 1.06337 0.85042 0.067087 -0.603568 0.0151457 -0.107032 0.133798 -0.300499 0.842429 0.481528 1.07589 0.343199 0.757097 -0.105261 -0.138009 -0.00501848 -0.28991 -0.479357 1.15013 -0.307655 0.151908 0.747251 -0.454705 1.51589 -0.792469 0.536442 -2.8527 0.261406 
-0.701037 -1.65746 0.951398 -0.225182 0.0547036 0.958065 -0.466796 1.29072 0.859596 -0.215527 1.92454 0.476522 0.636646 0.0200347 -0.339326 0.074415 0.148785 0.151593 0.0490443 0.789866 0.197241 0.880697 -0.225186 0.709723 -1.48884 -0.0584105 -0.0137418 0.762157 0.127756 -0.801004 0.208106 0.678353 -0.366767 -0.590782 -1.27634 0.88171 -0.595815 -0.944189 -0.233188 
-0.664011 -1.64267 1.03332 -0.930734 0.170539 1.18626 -0.329816 1.50837 0.591222 -1.23305 1.9641 -0.425472 0.792009 0.0533452 0.158588 0.142902 -0.908036 0.341904 0.377854 0.475662 -0.109253 -0.200452 1.22491 0.161282 -1.04945 -0.371197 -0.00613823 0.398179 -0.0263015 -0.384162 0.718419 0.413539 -0.982963 -0.190767 -0.497321 2.54427 -1.45226 1.55609 0.616709 
-0.647692 -1.49887 1.0943 -1.13322 0.396608 1.33592 0.00886594 1.18147 0.659145 1.00938 2.08582 -0.572929 0.265449 0.0138964 0.0588528 0.0481135 -0.235377 0.870011 0.462583 -0.193097 0.00647403 0.383376 2.31908 -0.742542 0.067248 0.558298 -0.0404902 -0.0924279 -0.257843 1.08846 0.197849 -0.232639 -1.39932 0.245212 0.136502 -1.49947 -0.57433 1.47217 0.269689 
-0.650115 -1.58382 1.08143 -1.16611 1.04055 1.64884 -0.522913 1.51485 0.974598 1.08603 1.22156 -0.358224 1.35031 0.012855 0.0661603 -0.114941 0.180427 0.539753 0.145215 -0.923663 0.135959 -0.0639501 -0.274558 -0.413049 0.422721 -0.101508 0.00251372 0.208581 -0.169676 0.671026 -0.823197 -0.817544 -0.202806 -0.424372 -1.48055 -3.91536 -0.0331704 -0.43656 -2.1269 
-0.634837 -1.43271 0.979359 -0.952791 0.936361 1.48113 -0.914797 1.31742 0.595194 0.734824 1.67277 -0.150207 0.163941 0.0164101 0.267434 -0.121563 0.435649 0.0468142 -0.354961 -0.395903 -0.417898 -1.09717 -1.59628 -0.775712 -0.369312 -1.56861 -0.0233658 -0.128652 0.170719 -0.356721 -1.36354 -0.896309 1.0048 -0.227694 -1.32173 -1.28616 -0.694351 0.0402564 0.628414 
-0.633705 -1.31639 0.959867 -0.730462 1.08736 1.29388 -0.918816 1.09695 -0.122574 -0.510247 0.445843 -0.727536 -0.218299 -0.0105108 -0.0624921 0.0557785 -0.176295 -0.823784 -0.751094 0.0811355 -0.0917354 -1.38569 -1.56072 -1.1074 0.462978 0.526906 -0.0498107 -0.650579 -0.0820831 -1.07088 -1.17277 -0.328116 0.524661 -0.2292 -0.716256 0.78826 0.325415 0.849881 2.82497 
-0.645348 -1.49521 1.03514 -1.12909 0.112577 0.730039 -0.833661 1.22569 -0.790491 -0.825896 0.56537 0.31277 0.690846 -0.0334005 -0.383145 -0.203646 -0.635227 -1.12596 -0.683077 0.128758 -0.647098 -1.81343 -0.808019 -0.450297 0.480569 1.25636 -0.0378636 -0.0142449 -0.138902 0.00406781 1.00272 0.62802 0.0877703 -0.477765 1.58494 1.34533 -0.565112 -1.48669 -1.11822 
-0.667105 -1.69953 0.756221 -1.36569 -0.038596 0.610802 -0.790058 0.44985 -1.936 -1.31827 -0.00445382 -0.246967 1.03806 -0.0483744 -0.076737 -0.0831239 -0.172227 0.178931 -0.123075 0.168906 -0.569501 0.199253 -0.21539 -1.67251 -1.02371 -0.591317 0.0192172 0.554421 0.41814 1.03325 1.05149 0.599715 -0.101374 1.00642 3.4165 1.41019 0.0220598 -0.356656 -1.90967 
-0.693722 -1.57194 0.952014 -1.30131 0.291509 0.606964 -0.664755 0.656189 -0.591237 -1.04129 -1.10714 -0.710942 0.0995299 -0.0141833 0.171276 0.214494 0.398027 -0.0744672 -0.0833615 0.0273841 0.359318 1.60307 0.602171 -0.428237 0.123913 -0.653311 0.983776 2.21361 -0.108177 1.91415 0.305467 -1.16234 -1.38484 -0.783555 -0.518335 0.319288 1.91761 0.235333 -0.212948 
-0.681288 -1.52826 0.970715 -0.967663 -0.113063 0.52744 -0.762674 0.809168 -0.332928 -0.716096 -0.432691 -0.123054 0.384751 0.935402 2.13687 -0.191301 1.74193 0.484398 -1.28541 -1.21594 -1.35306 -0.319081 0.103899 0.2451 -0.78838 -0.804265 1.62796 2.11383 -2.08175 1.00437 0.22472 -2.54076 -1.39933 -2.35448 -2.40192 0.559599 -0.149173 -1.68519 0.516425 
0.24168 0.564928 0.760713 0.440615 0.775907 -0.67845 -1.88069 -0.696867 -0.910319 -0.937387 -0.862041 -1.49932 -0.704735 1.61377 2.28511 -1.86726 1.4024 0.150253 -2.62412 -1.37195 -1.99517 -0.798843 1.16177 -0.577409 -1.56128 -0.136886 0.0442147 -2.08207 -2.17523 -1.44112 -1.97424 -0.104586 1.88695 0.921465 0.912313 1.1534 -0.0703549 1.84253 2.60065 
0.932484 0.756852 -0.896545 0.434737 0.0371894 -2.09668 -2.13462 -1.186 -1.13177 0.445674 -1.0101 -1.68433 0.247865 0.979617 0.0548018 -2.36653 0.300805 -1.48984 -1.39 0.67101 -0.43159 0.593232 1.2573 0.174745 1.05415 1.79639 -1.17606 -2.66689 1.34757 -1.08 -0.330003 2.82031 2.6287 2.35234 1.82037 -0.574685 0.937571 3.50786 1.13683 
1.2213 0.61973 -1.60582 0.74142 -0.713934 -2.06845 -1.20968 -1.12846 -0.317087 0.31991 -0.687296 -0.445171 1.09165 0.437714 -0.381778 -0.519689 0.322396 -0.17975 0.19619 1.25676 0.357177 1.02152 0.587085 0.360161 1.94658 0.999942 -0.752732 -0.486716 2.60035 -0.859465 2.32585 1.55 -0.543562 0.900395 -0.469388 -0.468763 0.576306 -0.416395 -1.71785 
1.3702 0.375074 -1.41623 0.757133 -0.142561 -1.90049 -0.877867 -0.828822 -0.110248 1.03276 -0.649939 0.262254 1.24781 0.226885 -0.431914 0.233821 -0.55866 0.83601 0.159996 0.127448 0.468805 0.123844 0.788534 0.751051 0.637756 0.0785381 -0.291132 -0.0639271 0.776113 -1.11876 0.864884 -0.00801913 -1.85179 0.0113012 -1.26104 0.532865 1.56404 -1.64147 -1.50541 
1.44818 0.187816 -1.372 0.182759 0.122076 -1.90845 -1.08223 -0.659652 -0.193243 1.10844 0.0637543 0.192584 1.17019 0.146581 -0.445705 0.256424 -0.796367 0.685134 0.188171 -0.595032 0.368478 -0.239521 1.11995 1.9242 0.305114 -0.505467 -0.0496578 -0.195299 0.171894 -0.428977 -0.739563 0.0664003 -0.299 -0.20401 -0.124283 -0.160322 -0.2934 -0.293528 -0.962805 
1.51678 -0.0706305 -1.15981 -0.0392344 0.542574 -1.71232 -1.4729 -0.460344 -0.349769 2.15271 1.27426 0.567368 0.74234 0.177227 -0.627214 0.405715 -0.987637 0.0964472 0.226396 -0.171552 0.264794 -0.000438829 0.628212 0.45765 0.344227 -0.884267 0.0165983 0.00358878 -0.000919942 -0.149083 -1.29162 0.0524121 0.906027 -0.0165767 0.610325 -1.85111 -3.03757 -0.621589 0.0515679 
1.62541 -0.439398 -0.966286 -0.804878 0.218523 -1.68206 -1.25379 -0.394858 -0.193682 1.73666 0.521405 0.536811 0.285926 0.16318 -0.442116 0.255504 -0.945451 -0.606483 0.240583 0.310994 0.351901 0.370804 -0.731164 -1.11337 -0.316475 -0.453899 -0.10136 0.407752 -0.430077 0.416028 -0.86615 0.0585636 0.0334497 0.166382 0.0720004 -1.38059 -1.26073 -1.00059 0.819246 
1.67996 -0.512746 -0.904307 -0.984685 -0.0639098 -1.47173 -1.1619 -0.108442 0.0210346 1.42155 0.160894 0.250893 0.28844 0.075867 -0.219461 -0.0243623 -0.57161 -0.769703 0.28496 -0.138102 0.431177 0.0715616 -0.752375 -0.803076 -0.65636 -0.0650201 -0.130029 0.374897 -0.309675 0.686374 0.136594 -0.0033338 -0.245154 -0.10613 -0.269612 0.337489 0.498651 0.102638 0.493083 
1.70128 -0.65886 -0.990648 -1.37649 -0.551179 -1.3971 -1.39189 0.0363187 -0.12212 0.984282 -0.281671 -0.119549 0.220906 0.0331504 -0.0672184 -0.0541715 -0.259076 -0.469889 0.237249 0.0658404 0.245772 0.101192 -0.393674 -0.614715 -0.213837 0.0391836 -0.0631236 0.232903 0.015781 0.521383 0.700494 -0.181298 0.658798 -0.376613 0.327185 0.843171 0.39595 0.850476 0.256277 
1.71311 -0.579965 -0.958479 -1.24376 -0.533799 -1.23449 -1.09606 0.13733 0.122226 1.02787 -0.453821 0.0370557 0.327624 0.0127434 0.0134413 -0.00858129 -0.0502269 -0.0692083 0.103662 0.520696 0.0545635 0.398747 0.0907969 -0.407126 0.194116 0.191257 -0.0807681 0.0663135 -0.2026 -0.016472 0.256919 -0.433954 0.272737 -0.350264 0.0945026 0.441202 0.1772 0.508421 -0.0302709 
1.71402 -0.645418 -0.999229 -1.42671 -0.620387 -1.29344 -0.871193 0.0908822 0.276627 1.07508 -0.688797 0.0745672 0.412163 -0.0476177 -0.000904896 -0.256772 -0.275548 -0.21297 -0.196705 0.338578 -0.104492 0.195694 0.0475273 -0.437516 0.294583 0.00891269 -0.177457 0.619459 -0.681872 0.703304 0.0334438 -0.408567 0.401936 -0.424156 0.170378 0.0921172 0.103388 0.676218 -0.546363 
1.66549 -0.58087 -1.21525 -1.51931 -0.746769 -1.43119 -0.757487 0.0328372 0.317921 1.0754 -0.891337 0.331639 0.336537 -0.164713 0.6329 -0.690453 0.653077 -0.0357644 -0.304905 0.922632 -0.369593 0.569124 0.182914 -0.303738 0.870334 -0.355106 -0.210044 0.756053 -0.860194 1.03831 -0.205326 -0.393688 0.569566 -0.829342 0.530733 -0.305154 -0.102185 0.475581 -1.79297 
1.54931 -0.0125182 -1.68968 -0.773638 -0.656152 -1.59834 0.051439 -0.278711 0.845751 1.25799 -0.992535 0.944901 0.0570573 -0.257662 0.755148 -1.11697 0.762765 -0.418296 -0.590393 0.908144 -0.933834 0.726428 -0.257627 -0.5397 0.770164 -1.78406 0.205184 -1.19006 1.14032 -1.30471 -0.392591 0.952478 -2.47377 0.290053 -1.34997 0.717502 1.33777 -1.76571 -0.0918377 
1.40783 0.174278 -2.33222 -0.756545 -1.16507 -2.02158 0.150658 -0.900997 1.04435 0.817772 -1.43104 1.1018 -1.44752 0.0404706 -0.557162 0.44987 -0.651631 -0.428356 0.647573 -1.55114 -0.0795395 -0.780841 0.900416 1.03403 -0.895373 -0.446943 0.460724 -1.66706 2.824 -1.90014 0.44329 2.26075 -3.18662 1.20471 -2.28965 1.6653 2.59829 -1.97082 2.35276 
1.58978 -0.56968 -1.23981 -1.42527 -1.08451 -0.950768 -1.4997 -0.35825 0.0649098 2.15841 0.0414925 0.049528 -0.389886 0.203062 -0.911913 1.70703 -1.13737 0.0249937 1.67036 -2.27848 0.270877 -1.56322 1.40768 2.05859 -1.20066 0.568705 -0.217311 0.866396 0.121656 -0.317513 0.00550853 -0.556344 1.44993 -0.551627 -1.45109 -1.07398 0.363483 0.510607 -0.0706715 
1.61089 -0.737634 -0.625184 -1.89392 -1.14007 -0.351222 -2.12782 -0.63012 -0.518873 2.22545 0.627553 -0.0988555 -0.878815 -0.17684 0.309234 0.571526 -0.969144 -0.422847 0.0912293 -0.101205 -0.631166 -2.23193 -0.173567 1.39751 -0.384766 -0.517615 -0.867932 2.76998 -2.40215 2.95935 -0.502553 -2.7926 4.15956 -1.40098 -0.494026 -3.04368 -2.83625 1.49997 -0.588941 
1.41294 -0.260446 -0.668287 -2.39441 -1.50735 -0.859539 -1.6009 -0.989416 -2.16702 1.98484 1.439 -0.335238 -0.907501 -0.66487 1.85807 -0.695117 1.82198 -0.477559 -1.12224 1.88108 -1.1301 -2.05725 -1.636 -0.777662 0.299309 -0.020236 -0.418875 1.31685 -0.724927 4.04714 -0.0630667 -0.219698 2.29411 -0.0721398 2.38605 -2.10516 -2.79019 1.25303 1.32844 
0.94602 1.12043 -1.3203 -0.0719414 -1.61763 -1.47346 -0.246741 -1.76022 -2.57612 0.589452 -0.150109 0.200453 -0.899051 -0.595715 1.62608 -0.153401 3.078 -0.485914 -0.128469 2.19291 -0.703306 0.15412 -2.27872 -1.39268 0.868263 0.810828 0.417683 -1.50488 1.36618 -0.185685 0.154028 1.63012 -1.08537 1.25747 2.39966 0.147476 0.764571 0.460611 1.28672 
0.81722 1.36564 -0.821688 0.683588 -1.99327 -0.988008 0.592006 -1.69272 -2.0129 -0.293883 0.0463216 0.533025 -0.0966731 -0.247187 0.353192 0.671058 1.63629 -0.323531 0.507873 0.795709 0.127364 0.342411 -1.48852 -0.0130907 0.75992 1.26648 0.546381 -1.74376 0.397129 -2.9737 0.156603 -0.363782 -1.89528 0.932409 -0.851918 0.689271 0.510138 -0.135765 -0.662844 
0.698833 1.47362 -0.649242 1.56435 -1.94116 -0.965591 0.548968 -1.63286 -2.23371 -0.899069 -0.1632 0.960374 0.367432 -0.0493346 -0.117678 0.243729 0.104298 -0.329311 -0.492251 0.297629 0.229103 -0.697798 -1.58945 -0.882543 0.732497 0.147984 0.444318 -0.342363 -1.06454 -1.95775 0.225536 -0.479514 -0.105156 -0.298588 0.0658919 1.53118 -0.735266 0.101358 -2.16931 
0.767886 1.24796 -0.577959 0.787886 -2.32258 -1.48026 0.889635 -1.46362 -2.7107 -1.88334 -0.836221 1.26552 0.0513113 0.19713 0.0108292 -0.393482 -0.321461 -0.0979951 0.0283591 0.690554 -0.171225 0.408303 0.0426633 -0.748357 0.861278 -0.902831 0.339147 0.286499 -0.904047 0.105969 0.142909 1.12761 -0.139615 -0.773582 2.129 4.17552 1.16467 -1.18067 -1.09198 
0.895963 1.48445 -1.04272 1.24289 -2.03916 -0.937232 1.23952 -1.80408 -1.82541 -0.856406 -0.911556 1.82165 -0.535399 0.289812 0.168821 -0.660319 0.210268 -0.186402 0.635356 0.158014 -0.544479 1.4312 2.58607 0.282129 -0.448177 -0.943996 0.0663245 -0.241916 0.023408 -0.614379 -0.487093 0.0120606 -0.634523 -0.115393 0.0868083 1.61877 0.54499 -2.38518 -0.315242 
1.0577 1.41678 -1.23828 0.998154 -2.50898 -0.844903 1.04765 -2.0081 -1.2795 0.702733 -0.554092 0.817345 -0.892684 0.263455 -0.231087 -0.370074 -0.935839 -0.585088 0.0404196 0.056031 -0.286618 0.495111 1.66143 -0.203367 -1.5239 -1.21807 -0.156985 -0.162007 0.231252 -0.315764 0.290362 -0.243124 0.330772 0.694341 -0.691339 -2.05401 -0.871436 -0.671597 -0.385113 
1.15942 1.25337 -1.4128 0.307051 -2.62425 -0.896813 1.29555 -2.0907 -1.3303 0.805028 -1.11492 0.29775 -1.75347 0.132827 0.00681406 -0.429067 -0.105496 0.10396 0.392232 0.488786 0.149862 0.73986 0.532063 -0.589307 -1.11977 -1.32911 -0.226107 -0.0114964 0.201501 0.391442 1.41773 0.33623 -0.630169 0.436185 0.011627 -1.89501 -0.948163 -0.617404 -0.504664 
1.19053 1.42359 -1.66734 0.892657 -2.40502 -0.45267 1.53644 -1.85824 -0.539643 1.2348 -1.1434 -0.30243 -2.22179 0.0373475 -0.242583 -0.168572 -0.544398 0.832642 0.37665 -0.574138 0.149567 0.506738 -0.233572 -1.15153 -2.14131 -1.72274 -0.0622425 -0.53476 0.525921 -0.758373 0.970172 -0.31974 -1.08485 -0.226287 -0.629234 -0.846255 -0.350331 -0.444592 0.326562 
1.19677 1.01078 -1.58137 -0.237347 -1.7916 -0.520163 0.721414 -1.94113 -0.823559 0.571456 -2.26645 -1.84356 -3.47621 0.0705847 -0.527946 0.0968541 -0.863869 1.07413 0.0724926 -0.596068 -0.0764249 0.110626 -0.314192 -0.939638 -1.56437 -1.00255 0.0150276 0.276725 -0.00228824 1.75191 -0.0456365 -0.30862 0.530529 -0.140843 0.220691 0.856704 2.23003 2.33205 3.02927 
1.26111 0.895648 -1.57049 0.0287882 -1.33089 -0.380178 0.940368 -1.93466 -0.429017 0.920603 -2.08304 -1.8668 -3.22434 0.0523751 0.0341423 -0.170861 1.20751 0.787005 0.0680296 -0.0436095 0.00872364 0.727429 0.623132 1.0785 0.190747 1.30653 -0.183517 0.804487 -0.463829 2.58809 -0.83676 -0.280558 -0.5931 -0.0620122 0.222612 -0.271803 1.80514 2.6461 3.28377 
1.24914 1.04493 -1.75223 0.970163 -1.0046 -0.452133 0.677805 -1.93241 -0.0961301 1.19459 -1.18796 -1.65281 -2.16968 -0.112933 0.276541 -0.366975 1.72422 0.237372 -0.208065 -1.18917 -0.138437 0.333238 -0.585995 0.865505 1.08174 2.28122 -0.117649 -0.188584 0.719919 -0.914888 -0.368832 -0.450577 -0.838918 0.555854 0.336324 -0.590989 -1.28574 0.250816 0.868095 
1.14818 1.17219 -1.93747 1.753 -1.09352 -0.588243 -0.2488 -2.0731 -0.0957795 0.334608 -1.21753 -0.78506 -0.943117 -0.0652738 -0.154441 0.549059 0.292622 0.418173 -0.382547 -0.882527 0.564577 1.06375 0.0321432 -0.207245 0.441563 2.17463 -0.0354615 -0.0263662 0.702054 -1.32154 0.148647 0.591849 1.20386 1.08852 1.08248 0.174434 -0.830057 -1.64433 -1.47297 
1.18387 0.890485 -1.20317 1.26278 -0.586425 -0.83468 -0.204722 -1.36783 0.967623 1.22673 -1.3952 -1.21125 0.0049525 -0.148394 0.250175 0.33508 0.402677 0.386019 0.383784 0.0146972 0.950086 1.41572 -0.411561 0.035448 -0.562591 0.808248 -0.228969 0.803371 -0.802783 -0.0304764 -0.358872 1.04723 0.519517 -0.2386 -0.961662 -1.75696 0.409137 -0.671319 -3.00203 
0.999783 1.42236 -1.60239 2.15568 -0.707499 -0.204459 -0.234103 -1.12301 1.31994 -0.0769527 -1.18208 -1.34765 -0.134869 -0.294243 0.64893 -0.253724 0.262146 0.0593015 0.664683 -0.36301 0.325977 0.102091 -1.72481 0.201892 -0.229757 -0.827406 -0.117172 -0.0196653 0.206783 -1.08454 0.412645 -0.318367 -0.674488 -0.866369 -2.14047 0.32077 1.06897 1.34183 -1.98364 
0.889624 1.53941 -1.4569 1.52493 -0.527124 -0.169997 -0.567732 -1.04186 1.06971 -0.498081 -1.19331 -1.441 -0.822454 -0.265566 0.23051 0.541863 -0.68186 0.798664 0.0654162 -0.659791 0.083717 -0.724756 -0.090791 1.10442 0.779244 -1.17539 -0.0406446 -0.449067 1.04138 0.127758 0.748287 -0.980438 0.589514 -0.0724137 -1.16914 1.89454 0.228519 -0.236495 0.821561 
0.734216 1.65287 -1.06052 1.47382 0.0911653 -0.139043 -0.893894 -1.0393 0.595183 -0.167744 -0.0776662 -0.568407 -1.31026 -0.334887 0.199863 0.78766 0.389904 0.807588 -0.315755 0.226504 0.253563 -1.06705 0.169731 0.430411 -0.466251 -0.00584513 -0.00114884 -0.302981 0.307373 1.50678 0.0436348 -1.02723 1.4493 0.496058 -0.636513 0.397282 -2.50892 -2.38875 2.66704 
0.554737 1.73928 -0.669237 1.91483 0.280465 -0.485752 -0.341229 -0.788294 0.00266191 -0.328351 -0.762898 -1.90725 -0.828299 -0.266715 -0.0724713 0.849236 0.824915 0.842299 -0.961811 0.789508 0.579775 -1.36127 0.306491 -1.4045 -1.60951 1.49166 0.126513 -0.204965 -0.40563 0.411369 -0.0964611 -0.270176 -0.457558 0.138944 0.355717 0.187866 0.140581 0.114521 0.539829 
0.467501 1.5804 -0.211286 2.29874 0.933464 -1.10085 -0.104386 -0.45952 -0.766087 0.138747 -1.48216 -2.17792 0.181399 -0.208374 -0.00510216 0.38203 0.801273 0.711127 -0.585931 -0.231054 0.392507 -0.711335 0.357597 0.570992 -0.35173 0.533984 0.0696052 -0.0372178 -0.712313 -1.30397 -0.923655 1.0242 -1.02507 -0.839152 0.646274 -0.0817252 1.80668 2.10324 -1.75933 
0.346362 1.73418 -0.287207 2.71611 0.991592 -1.07168 -0.572283 -0.395787 -0.708673 0.0292461 -0.191906 -2.25898 -0.294315 -0.19711 -0.109689 0.136923 -0.479057 -0.081356 0.0623879 -0.235565 -0.259377 -0.714995 0.224766 0.402178 0.493731 -0.267669 0.00592343 -0.115472 -0.0812151 -1.41827 -0.38004 1.1605 -0.466886 -0.553476 1.06999 -1.1915 -1.2867 1.57107 0.0515911 
0.270391 1.47071 -0.0743636 1.81968 0.852109 -1.03847 -0.339951 -0.718897 -1.48108 0.363513 -1.07999 -1.68419 -0.0862701 -0.202451 -0.120574 0.300815 -0.616996 0.331088 0.574567 -0.69794 -0.160969 0.358651 -0.833902 -0.715707 1.21934 0.585575 -0.0475978 0.386975 0.200315 0.420489 1.65031 0.855041 -0.378138 0.688233 0.335442 -1.38392 -0.553074 -0.0329377 1.1736 
0.143911 1.6136 0.0136082 2.09911 1.32268 -0.497115 -1.27022 -0.556756 -0.350023 -0.804656 -0.907613 -1.03964 0.29126 -0.244708 0.277286 0.337238 -0.0585675 1.56895 0.917429 -0.613703 0.428856 -0.379553 -1.15916 -0.150896 0.460793 0.905934 -0.158597 0.285667 1.15896 -0.82736 -0.39397 -0.0960128 1.16592 0.437826 -0.960753 0.527265 -0.241386 -1.55893 -1.04498 
0.0256831 1.748 0.262875 1.76111 2.42106 -0.121037 -0.953654 -0.29004 -1.86064 -0.795643 -1.23088 -1.22339 0.819664 -0.361048 0.165093 1.45978 -1.44436 -0.0628824 0.478555 0.467985 0.276857 -0.602102 -0.306636 -0.957093 -0.33959 -0.4594 -0.109576 -0.295163 1.02048 -1.2078 -3.51652 -0.640019 1.23096 0.0538471 2.11637 0.290844 -0.780095 -0.484379 -3.34704 
-0.217137 1.77869 1.47338 0.654756 1.2598 -0.0185603 -0.802238 -0.279898 -0.952125 -1.11129 -1.86471 -1.37923 -0.168141 -0.354284 -0.0178769 1.35772 -1.26637 -1.94757 0.27741 0.617257 0.482703 1.73682 -0.868312 -0.930991 -0.0235855 -2.44111 0.152985 -0.716974 -1.54319 1.61538 -1.11252 0.106225 0.702185 -0.103162 1.13065 -0.607841 2.55424 0.657126 -0.785292 
-0.328601 1.73012 1.6206 0.494745 0.473486 0.156373 -0.336397 0.192663 -0.123817 -1.66396 -2.16187 -1.24698 -1.62144 -0.208063 -0.551882 -0.083416 0.171021 -1.1754 0.58478 1.17017 0.173696 0.528543 -0.914477 1.59715 0.317537 -1.24469 0.0451696 -1.02225 -1.75015 1.32738 2.00435 -0.123213 -0.248008 -0.567099 -2.11165 1.70985 3.05271 1.23464 3.95575 
-0.425199 1.22681 1.38997 0.825777 0.0843979 0.56622 0.367932 -0.106203 -0.423582 -2.02577 -0.267554 -1.0617 -1.41283 -0.309114 -1.04013 -0.392424 0.0610088 0.0567734 0.154197 0.36925 -0.0843955 -0.374836 0.841534 2.12172 1.21106 1.51465 -0.222667 -0.757283 -0.596797 -0.459186 2.96449 -0.11985 -0.345546 0.412096 -0.0167223 3.32415 -1.59605 1.86744 2.47933 
-0.637715 0.689992 1.22817 0.555754 0.530259 0.31057 0.0328527 0.108268 -0.498653 -0.822421 -0.0401507 -0.0359218 -0.106794 -0.43073 -1.30917 -0.680213 -0.288165 1.78909 0.46493 0.824624 0.585792 0.511821 2.40967 0.00110131 2.18498 1.23464 0.0704209 0.200312 -0.103965 -0.538743 0.492194 0.427952 0.589935 0.359577 0.963575 0.123952 -1.69821 -1.07847 -1.25001 
-0.855929 -0.082353 0.709756 0.537612 1.87349 1.03115 1.19256 0.479589 0.0882387 0.3839 -0.266453 1.12328 -0.178194 -0.238693 -0.839818 -0.496389 -0.477734 0.548967 0.582149 0.959185 0.275182 0.588739 0.965485 0.423513 0.132582 0.264634 0.432073 1.17269 0.367903 -0.631586 -3.08378 -0.834987 -1.31582 -0.340854 0.0444296 -2.17869 0.217837 -3.71018 -1.69919 
-0.876408 -0.149826 0.731783 0.0780197 1.07923 0.892719 0.992038 0.383449 0.0900866 0.143064 0.383362 0.0966601 0.15784 0.00134362 -0.136475 -0.31231 -0.919751 -1.29469 -0.370058 -0.491199 0.244938 0.55625 0.230981 0.218939 -1.5252 -0.464555 0.172685 0.553648 0.287044 0.73346 -0.432835 -0.830835 -1.32454 -0.149652 -0.610172 -1.0639 0.129736 0.367347 -0.979842 
-0.854585 -0.218828 0.397446 -0.38214 0.578797 0.661092 0.701357 0.724527 0.644489 0.614881 -0.0475141 -0.401919 -0.642749 -0.0660086 -0.28617 -0.209345 0.255726 0.116132 -0.248686 -0.365358 0.12553 -0.0214331 -0.0984117 0.553249 0.499929 -0.715208 -0.10376 -0.157109 0.431693 1.63408 1.77899 0.356434 1.01038 -0.325442 -1.77555 -1.04268 1.01805 1.86292 0.288173 
-0.942416 -0.435996 0.522438 0.333746 1.19536 0.644033 0.62668 0.508979 0.0686535 0.0446522 0.936611 0.596589 -0.557368 -0.102417 -0.293584 0.119383 0.714328 0.484305 -0.0136237 0.519184 -0.0805044 -1.2193 -0.811696 1.23699 0.337715 -0.176382 0.101793 0.456543 0.385517 -0.595888 -0.564159 0.151651 0.146193 -0.262616 0.601145 -0.422612 -0.80749 -0.223194 2.44613 
-0.957002 -0.512412 0.516829 0.332188 1.0631 0.647468 1.22054 0.644022 -0.57481 -0.196815 1.18947 -0.0642041 -0.819131 0.0357849 0.170372 0.176172 -0.340162 -0.448027 -0.0970349 -0.219165 -0.137086 0.579712 -0.521024 -0.254241 0.276735 1.73092 0.120051 0.393138 -0.0873142 -1.44806 -1.5198 -0.0353481 -0.549237 0.294535 2.60788 0.108253 -1.64594 1.34365 3.48217 
-0.906632 -0.265624 0.69861 -0.00641657 0.747332 0.546998 0.407515 0.371892 0.648366 -0.476372 0.68237 0.873324 1.17355 0.0176346 0.099554 0.0320688 -0.733727 -1.0355 -0.0489718 -0.0300525 0.214031 1.38858 -0.703443 -0.40895 1.68136 3.30578 -0.0546305 -0.33561 -0.429849 -0.0116747 -0.207554 0.33561 1.00723 0.317206 -0.00275838 1.06514 0.333936 -0.664263 -1.05012 
-0.939368 -0.412858 0.548897 -0.401539 0.0276067 0.598496 1.19049 0.858053 0.813775 -0.900258 0.780521 1.61716 2.48665 -0.0188457 -0.165237 -0.253677 -0.351837 -0.65558 0.238576 0.788068 0.180119 0.576954 0.544115 0.0796955 -0.387528 0.680801 0.0315888 -0.0349472 0.0985932 0.728111 1.33427 0.204025 -0.0775279 -0.483685 -1.58587 1.99211 0.266609 -1.66892 -5.89281 
-0.925477 -0.430861 0.444932 -0.358253 0.0917516 0.785574 1.19558 0.552012 1.22532 0.0677429 0.762066 0.485796 1.85435 0.0492233 0.0646068 0.130662 -0.00561611 0.298777 0.155054 -0.10758 -0.269655 -0.197281 1.28867 -0.142341 0.0124436 -2.58702 0.0333169 0.063671 0.20322 0.0655963 0.793177 -0.492907 -0.743135 0.105879 -0.538973 -0.0273692 0.165092 1.60389 -1.65324 
-0.890144 -0.348251 0.679559 -0.407155 0.326383 0.75355 1.08291 0.588398 0.616494 0.38841 0.638181 1.6296 -0.10037 0.0144712 -0.101566 -0.0504573 -0.28624 0.137597 -0.254332 0.0449331 0.285999 0.0379807 0.516746 0.244787 1.21636 -0.972442 -0.052243 -0.15214 -0.188582 -0.166623 -0.233866 -0.128631 -0.17696 0.242735 -0.517088 -2.65388 0.305116 -1.29742 2.61803 
-0.911006 -0.532427 0.394475 -0.644494 0.229349 0.531242 1.24052 0.838011 1.2633 0.584489 1.00685 1.70216 0.881912 -0.00301964 -0.087533 -0.0579203 -0.172239 0.0649101 0.0264223 -0.28454 -0.02692 -0.714369 -1.36521 0.162775 -1.28498 0.0310098 -0.008374 0.182714 0.400827 0.359437 -0.209616 0.715656 -0.739788 -0.586624 -0.849913 -1.2161 -0.378849 -2.52635 0.112223 
-0.893164 -0.435784 0.621639 -0.579394 0.391293 0.779972 0.798368 0.561478 -0.0978754 -0.976799 0.800956 0.344625 -0.0693606 0.00609721 0.0811473 0.35037 0.0731964 -0.0720185 0.461324 -0.694855 -0.300625 -0.811932 -0.699354 -0.134061 -1.30998 -0.860219 -0.051405 0.161197 0.354016 0.220334 0.176248 -0.182249 -0.836146 0.195499 1.46932 2.44597 -0.160454 0.592336 -0.736061 
-0.904909 -0.45128 0.744845 -0.571297 0.15733 0.992566 0.545662 0.537386 0.451368 -0.114866 0.872791 0.392172 0.0216925 -0.0544247 0.0736643 0.296096 0.0480946 0.241158 -0.155827 -1.12069 0.168579 0.75495 1.08076 0.00232089 -0.69264 -0.705051 -0.0147765 0.111176 -0.228022 0.456945 0.575288 -0.861778 0.143927 0.624975 1.25073 0.486096 -0.0794948 1.06728 1.11388 
-0.947588 -0.36212 0.917735 -0.5313 0.632451 0.624146 -0.322318 0.730057 0.657075 0.103962 0.803277 -0.348015 -0.774412 -0.0086793 0.192323 0.122348 0.530141 0.503269 -0.400454 -0.550928 0.32435 0.438802 -0.213258 -0.213556 -0.242705 0.253657 0.0539593 -0.252493 -0.557938 -0.0893503 -0.541784 0.122742 1.52464 -0.100538 -0.0153298 -0.549511 -1.0246 0.55368 2.09349 
-0.913588 -0.258957 0.867193 -0.0411561 0.660599 0.592111 -0.00526594 0.861736 0.89017 -0.328124 0.659235 0.149467 0.275349 -0.000465402 -0.178828 -0.261842 -0.0412557 -0.300626 -0.0330852 0.40395 0.0680418 0.73962 0.53125 -1.02228 -0.13896 1.38844 -0.0218086 -0.217816 -0.214547 -0.77559 -0.631684 0.47085 1.69037 -0.412025 0.0678291 0.991777 0.805231 1.26928 0.453396 
-0.948054 -0.540948 0.655893 -0.572555 0.331825 0.59106 0.0816317 0.798099 1.39669 0.635212 -0.219004 -0.486974 0.614028 -0.0304879 -0.0254929 -0.0921992 -0.245449 -0.128415 0.0703958 1.13944 -0.0876746 0.506631 0.778519 0.591675 1.02658 0.707053 -0.021631 0.545511 0.356576 0.664777 0.606356 -0.0344304 1.1471 0.333197 -1.13392 -2.12995 1.23012 2.21681 -1.3542 
-0.944076 -0.28445 0.774994 -0.286605 0.532184 0.662507 1.13417 0.774061 1.3968 0.450395 1.25091 1.17605 0.982402 -0.0220964 0.366683 0.0947333 0.623521 0.30573 -0.0675155 1.55105 0.401239 -0.394303 -1.5987 0.207835 2.07785 0.0342368 -0.0623147 -0.201307 -0.155787 0.33105 0.785703 0.0789363 -0.562322 0.377752 -0.509778 -1.1501 -1.66306 -1.70028 -1.96523 
-0.97015 -0.174265 0.750626 0.0509658 0.637555 0.523545 1.63268 1.19934 1.00239 -0.96349 -0.0111689 1.59087 0.648264 -0.0928027 -0.2268 -0.247986 0.0856009 0.657287 0.149332 0.577116 0.290077 -0.00314736 -0.371577 -1.07138 -0.673706 -1.25818 0.0675518 -0.529548 -0.140618 -0.800982 0.285161 0.501784 -1.66655 -0.57365 -0.268393 1.90562 0.118654 -2.8316 1.00554 
-1.03688 -0.51125 0.527007 -0.201004 1.18947 0.811839 1.71129 1.06414 1.39365 0.0788175 0.179525 0.50234 -0.275774 0.0454554 -0.162865 -0.0458846 -0.177461 0.590891 0.434269 -0.115501 -0.172411 -0.662696 0.306916 0.326489 -0.753753 1.03978 0.215162 0.431794 0.443648 -0.064456 -1.1343 -0.17155 -1.01751 -0.667393 -0.247847 0.929571 1.06511 0.464451 0.42068 
-0.924695 -0.33713 0.704742 -0.126495 1.22845 0.957814 1.51718 1.02693 0.339696 -0.656574 0.31532 0.83712 1.68804 0.122359 0.204994 0.195662 0.0211448 -0.477018 -0.0222174 -0.440392 -0.377316 -0.250994 0.557994 -0.00627152 -0.209255 -0.837496 -0.0357995 0.0643414 -0.166795 -0.13151 -1.15917 -0.359406 0.279471 -0.143056 1.53796 0.401457 -0.0797577 2.04829 -1.90261 
-0.91452 -0.306256 0.722669 -0.179859 0.712454 0.789622 1.2709 0.686823 1.14266 0.636812 0.173253 0.293085 -1.11327 0.00965584 -0.0985237 -0.212679 -0.30897 -0.568281 0.0748625 0.16397 -0.315467 0.875265 0.708372 0.246732 1.29454 -0.862839 -0.132781 -0.109785 -0.201277 -0.639564 0.673155 0.115258 0.198528 0.25493 -0.598221 -1.86515 0.33881 1.29827 1.76254 
-0.915039 -0.435654 0.492062 -0.435465 0.660165 1.03268 1.68115 0.71146 1.21496 0.0517984 0.562052 2.13166 0.825202 -0.0104218 0.0952092 -0.0056156 -0.618419 0.196137 0.0930407 -0.241865 -0.122386 -0.849215 -1.30716 0.332539 1.08902 0.925047 -0.07092 0.120568 0.423554 0.586973 0.550304 -0.551226 -1.20905 0.350509 -1.90332 -2.26929 0.0372995 -1.8189 -0.325707 
-0.924942 -0.211047 0.717053 -0.798278 0.908591 0.882663 1.02903 0.564437 0.293444 -0.670345 0.505792 1.3821 -0.188223 -0.0612641 0.022044 0.210875 0.278003 -0.0179774 -0.476363 -1.04508 0.0350423 -1.02806 -1.56092 0.284031 -0.524361 -1.18855 0.0708362 -0.169116 0.0430811 1.41866 -0.558977 -0.291634 0.134173 0.403246 -0.0183965 -0.198725 -0.245809 -0.432415 -0.292835 