-1.01533 -0.334286 0.57063 -0.643785 0.913616 -0.146493 0.550054 1.09118 0.965696 -0.0608875 -0.0822476 0.799276 0.593349 0.0546462 -0.00134802 -0.148806 0.382156 0.134368 0.827859 -0.191821 -0.309189 -0.229107 2.71094 0.808873 0.152986 0.585985 0.0425086 -0.306056 -0.68309 0.0842128 -0.123863 0.236556 0.128565 -0.746053 -1.34899 0.527173 0.815397 -1.77943 -1.24323 
-0.983838 -0.434194 0.281184 -0.555679 0.976366 0.527521 0.515641 0.776841 -0.327896 1.14216 0.362542 -0.235144 0.0611541 0.0708491 -0.0288209 -0.293851 0.173454 -0.0928477 -0.121274 -0.0355116 -0.208251 -0.164983 0.518315 0.406818 -0.904178 -1.17489 -0.0787391 -0.0931503 0.234903 -0.306016 -0.211868 -1.02444 0.17715 0.373188 1.28328 -4.01375 -1.02575 0.691715 0.503645 
-0.94448 -0.363107 0.276779 -0.470331 0.820768 -0.267767 0.514543 0.88293 0.800713 0.457428 0.32457 -0.104901 -0.581545 -0.024093 -0.0944983 0.0860969 0.0761398 -0.0774996 -0.196578 -0.014671 0.0639986 1.05417 -1.3028 -0.216876 0.844702 1.08963 -0.130067 0.0507766 0.353682 -0.560008 0.395088 0.982706 0.397056 0.569147 -0.49688 -1.55557 -1.29281 1.04284 3.78392 
-1.00793 -0.528692 0.367281 -0.479539 0.898867 0.330943 0.50097 0.84084 0.726276 -0.160639 0.145666 0.609558 1.15078 -0.0592184 0.0219558 0.0598303 -0.386554 0.302241 0.861432 0.361545 0.360896 -0.661863 -1.03726 -0.885992 0.138665 2.60902 0.0564345 0.0692034 -0.277886 -0.21279 0.260657 0.673185 0.565473 0.162608 -0.627732 1.49588 -0.517608 -0.981505 -1.43469 
-1.0037 -0.341151 0.336609 -0.856885 1.12301 0.593665 0.876087 1.24383 0.13885 -0.57983 -0.561422 0.0337636 2.02748 0.0323415 -0.0252949 -0.191789 -0.136651 0.183157 0.476606 0.550802 0.226606 0.426441 0.19308 -0.734485 -0.136803 -0.345064 0.122747 -0.0742924 -0.039686 0.725666 -0.423186 -1.13735 -0.459924 -0.570268 1.18036 0.736734 0.481777 -0.454377 -3.8459 
-0.975589 -0.553987 0.175492 -0.61619 1.08202 0.807549 1.05177 1.06745 1.15272 0.0324413 -0.588818 0.472754 0.805721 0.0635287 -0.0523366 0.0201443 0.339111 -0.120945 -0.275922 -0.0983795 -0.209372 0.518493 -0.300524 -0.404215 -0.315712 -1.23687 -0.0147155 0.0640849 0.37726 0.00686559 -0.233716 -0.465521 -0.943082 -0.292123 -0.95461 -0.705632 1.21508 0.358478 0.818357 
-0.94017 -0.393488 0.356754 -0.517774 1.00206 0.317743 0.777708 1.03445 0.657343 -0.880354 -0.965636 -0.281949 0.790606 0.0176261 0.03879 0.185471 -0.129785 -0.050559 0.0110859 -0.39228 -0.0655164 -0.528169 -0.512552 0.480598 0.221675 0.473293 -0.0845489 0.0434415 0.026643 -0.627109 -0.286019 0.235322 -0.227963 -0.150242 -0.0331531 1.20318 0.336663 1.15684 1.17931 
-0.957963 -0.515197 0.360963 -0.745974 1.03146 0.818635 0.659492 1.00193 0.624547 -0.480111 -0.10822 0.694429 1.27901 -0.0210202 -0.00889507 0.0467873 -0.287998 -0.406964 -0.0406001 -0.326343 -0.359614 0.48534 0.902652 -0.0675518 0.841125 -0.0575577 -0.0615494 -0.0152967 -0.10338 0.293667 0.0691481 -0.805036 0.125573 0.0717047 1.48584 1.05245 -0.777211 -0.103907 -1.24139 
-0.96119 -0.402383 0.403541 -0.805772 0.5951 0.277143 0.451365 0.67484 1.14268 0.0222981 -1.03319 0.559176 0.733048 -0.0439233 0.0234932 0.0820917 0.163882 0.0185891 -0.79395 -0.266708 0.00618828 0.957674 0.539894 -0.296613 0.117768 -0.768097 0.0333899 -0.0262241 -0.0458986 -0.0297505 0.671706 -0.0627512 0.581551 0.800771 -0.406094 -0.635438 1.45269 -0.206535 -0.2385 
-1.00189 -0.491704 0.443055 -0.582093 1.05005 0.0246846 0.392784 1.00812 1.58222 0.0597834 -0.404833 0.812197 0.510916 0.0123697 -0.0351192 0.000888765 -0.317748 0.264742 -0.103351 0.255208 0.441157 0.0792455 0.267214 1.38514 0.63459 -0.296057 0.0786729 -0.113247 -0.195129 0.136873 -0.348584 1.09717 0.769771 0.115939 -2.29234 -1.53163 0.773513 -0.633713 1.12741 
-0.948821 -0.437502 0.40443 -1.12352 0.859842 0.173792 0.706573 1.116 1.22193 0.289513 0.351951 1.19377 0.436991 0.0347496 -0.0897539 -0.113037 0.300755 -0.329995 0.303221 0.503063 0.122127 -1.33467 -0.991732 0.4769 -0.515945 0.359315 -0.0997786 -0.438993 -0.474937 0.334751 -0.463285 -0.00163407 -0.0804485 -0.315475 -0.285927 -0.145606 -1.63601 -1.29444 0.962828 
-0.967137 -0.581458 0.330018 -0.281338 0.720059 0.327905 0.895847 1.13025 0.247554 -0.931948 0.0720673 0.296252 0.870232 -0.0874089 -0.474112 -0.474048 0.017003 -0.198543 -0.104985 0.17476 0.125682 -0.206682 0.121608 -0.250867 -0.659849 0.666771 -0.0533083 -0.111888 -0.0174561 -0.856796 0.318875 -0.723063 -0.484625 -0.396476 1.40018 1.95365 -1.07847 0.257799 -0.276261 
-1.03623 -0.911614 -0.0696182 -1.10652 0.661299 0.0688066 0.881333 1.24168 1.01525 0.411121 0.101084 0.533917 1.10376 -0.0185586 -0.201642 -0.130493 -0.556042 -0.0111196 -0.419842 0.0184376 -0.274349 0.0655084 0.96192 -0.601572 -0.258146 0.0830539 0.109051 0.640314 0.749957 -0.0681605 0.337984 0.364438 -0.401069 -0.417185 0.0469985 0.392625 0.626985 1.06877 -1.51881 
-0.985695 -0.783099 0.199525 -0.83738 0.708939 -0.0919374 0.914285 0.855896 0.313062 0.0299716 -0.529504 0.0381056 0.953286 0.0216423 0.166202 0.275909 -0.0511575 0.139441 0.259452 -0.226309 -0.291503 -0.159683 0.514234 0.376118 0.408923 -0.852037 -0.0120512 0.39161 0.258342 1.03136 0.176115 0.410629 -0.269308 0.527323 0.529838 -0.351223 1.38014 0.263191 -0.362652 
-1.01459 -0.745412 0.206291 -1.15767 0.80074 0.328259 0.655024 0.950176 0.855563 0.925355 0.477201 0.942839 0.251725 -0.0306098 0.189968 0.127848 0.475318 0.164996 -0.0092138 -0.25087 0.252973 0.595346 0.610697 0.778572 0.0050453 -0.279598 -0.0773588 -0.0425523 -0.063541 0.439235 0.119706 -0.134263 0.473378 0.564607 1.26038 -0.231515 -1.18025 -1.22893 3.1034 
-1.01631 -0.593131 0.327373 -0.362062 0.873935 -0.101151 0.663414 1.10887 0.908409 0.640669 0.249067 0.0431509 0.673688 -0.0557165 0.12365 0.212368 0.388078 0.259147 0.125189 0.247069 0.273104 1.10069 0.282719 -0.804136 -0.820002 2.25136 0.0775977 0.00611352 -0.0119187 -0.759087 0.0645727 0.46365 0.336163 -0.636292 -1.37336 -1.51396 -1.64703 0.0862282 0.811028 
-1.0703 -0.621762 0.41866 -0.769597 1.05989 0.453448 0.902093 1.22328 1.95626 1.20807 -0.326934 0.122837 2.50309 0.0469879 0.196081 0.11593 -0.283769 0.229568 0.454437 0.0852926 -0.383318 -0.77801 -0.90326 -0.868463 0.0912735 0.53143 0.213116 0.107578 -0.187903 0.282432 -0.179133 -0.614339 -0.561203 -0.625422 -2.70868 0.0363938 1.60344 0.771048 -4.10922 
-0.969317 -0.39705 0.443302 -0.645831 1.1035 0.353285 0.748707 0.725551 0.130398 -0.262591 -0.619396 0.134424 1.20512 0.1574 0.231228 0.0244656 0.67051 0.0800145 -0.48915 -0.314134 -0.352318 -1.60799 0.319112 0.799304 -0.0489538 -1.85786 -0.0678484 -0.274788 -0.11322 0.594436 -0.0847102 -0.140379 0.0190251 0.660437 1.27294 0.653172 0.983477 -0.311577 -2.40163 
-0.912904 -0.390534 0.443125 -0.0990872 1.1399 -0.035702 0.587959 0.870962 0.348268 1.52719 0.47237 0.0738833 0.64523 -0.0208605 -0.0787066 0.00271 0.310667 0.144858 0.314058 0.104318 0.277118 0.494929 -0.250088 0.115015 -0.220304 -1.8702 -0.226119 -0.565772 -0.247186 -1.26548 -0.162044 1.34084 0.815397 0.539158 1.90291 -1.27508 -1.56347 -0.00214144 1.96927 
-0.990178 -0.475757 0.446012 -0.335164 1.24836 0.667343 0.853025 1.00267 0.625327 -0.512679 -0.504381 -0.0858794 -0.665085 -0.0687193 -0.334544 -0.222721 -0.594974 -0.0820291 0.851693 0.501264 0.186841 0.294919 -0.955972 -0.764165 -0.0510953 0.111414 0.0589542 -0.090697 0.0621315 -0.37838 -0.544417 -1.47862 0.0748341 0.302705 0.582971 0.777666 0.470012 0.462526 3.49459 
-0.981623 -0.725078 0.220404 -0.694062 1.05787 0.815991 1.08922 1.0578 0.643187 0.571213 -0.291795 0.022788 0.756644 0.0380937 -0.169404 0.0648415 -0.0677136 -0.399559 -1.16456 0.179152 0.579823 1.0779 0.527578 0.585027 0.242223 1.62439 0.162158 0.0698262 0.441723 0.584737 -0.357699 -1.10918 -1.17997 -0.316999 0.268881 1.83787 1.07974 0.107435 -0.0236155 
-0.952084 -0.64516 0.510854 -0.402878 0.848802 -0.497216 1.03218 1.58249 1.70323 0.0148996 0.0806458 0.156343 0.959304 0.0934392 -0.264718 0.219002 -0.0102374 -0.439728 -0.257491 -0.678711 -0.130158 0.5638 0.881895 0.315574 0.0563402 0.0877985 0.00939212 0.327258 0.0895421 0.0477433 0.326712 2.55244 -0.753457 -1.1984 -2.27392 0.242063 0.0153947 -0.619511 -2.13601 
-0.888184 -0.989796 0.439407 -0.704299 0.618145 0.5585 0.410511 0.927645 1.20699 1.45311 0.0237793 0.0791282 0.844443 0.0474858 0.157854 0.154384 -0.0199703 -0.0728473 1.38788 -0.574305 -0.618578 -1.19602 0.769641 0.600422 -0.377288 -0.511619 -0.123087 1.00412 -0.146787 0.384665 0.644143 -0.115474 1.03276 0.483316 -1.21908 -2.03316 -0.41078 0.0415617 -0.961558 
-0.904598 -0.487306 0.665237 -0.422848 0.775955 0.890661 0.457871 0.963914 0.507211 0.784541 0.681067 -0.220945 0.447685 -0.0296477 0.739403 0.0722151 0.374427 0.204415 -0.372965 0.354046 0.353158 -0.655278 -1.15126 -0.0952054 0.0979019 -0.87376 -0.0233945 0.140213 -0.087075 0.096319 0.100631 -1.65157 1.17449 0.709933 0.671444 -2.65661 -1.69456 0.711839 -0.12774 
-0.917832 -0.250393 0.511622 -0.329872 0.82256 0.185535 0.764557 1.2808 0.551709 0.301848 -0.0714261 0.17703 -0.029317 0.0240913 0.298066 0.0673085 0.0763487 0.0277833 -0.263696 0.600188 0.0913553 -0.524572 -1.88696 -1.09414 0.334551 -0.63936 -0.00705153 -0.853573 0.226349 -0.0683764 -0.105726 0.618684 -0.284021 -0.76894 -0.570736 -0.149083 -0.213049 -0.777312 1.3072 
-0.880507 -0.18924 0.732546 -0.3465 0.803738 0.626966 1.05806 1.05527 -0.0173607 -1.10242 -0.413073 0.113605 -0.191675 -0.0366992 -0.11417 0.298564 0.306051 0.0986889 0.245718 0.070025 -0.415782 -1.22601 -1.30034 -0.308255 -0.67941 0.433443 -0.00842833 -0.169332 -0.0191022 0.365525 0.354652 -0.0545065 -1.40674 -0.944568 -1.27964 0.913179 0.482614 -1.37673 0.452226 
-0.954531 -0.364564 0.810186 -0.0238206 0.921249 0.431253 0.834582 0.865021 -0.674304 -0.998496 -0.379681 -0.50238 0.404126 0.015663 0.128735 0.0482063 0.441874 0.382435 -0.318202 -0.806555 -0.853213 -1.80421 -0.973785 -0.611526 -1.04218 -0.187134 0.170819 0.286598 -0.549696 -0.0552083 0.356332 -0.712024 -0.901642 -0.191744 0.345657 0.562377 0.00330519 1.8166 0.11945 
-0.864844 -0.0605051 0.780752 0.0953745 1.18617 0.308763 0.251504 0.202057 -1.82157 -2.07621 -1.0246 -0.928574 -0.378808 0.13412 0.172427 -0.251132 0.250843 0.45502 -0.466305 -0.831617 -0.607527 -0.880356 -0.737967 -0.304949 1.13719 0.552893 0.0451883 -0.227048 -0.195195 -0.488226 -0.73611 -0.198543 0.798235 1.05374 3.55998 1.02876 0.760917 1.2136 0.35266 
-0.820411 -0.192136 0.559054 0.227022 1.37627 -0.035052 0.00296577 0.257494 -1.55466 -1.73646 -0.68463 0.634808 0.957019 0.0608514 -0.098313 -0.146989 -0.0463516 -0.353675 -0.516746 -0.00832035 0.200523 1.75577 0.0549697 0.149391 0.171423 0.165526 0.0216976 -0.389912 0.525957 -0.0188567 -1.42981 1.37424 0.546728 0.486 2.47086 0.40865 1.08348 -1.84392 -0.70511 
-0.803992 -0.158818 0.633763 0.0490229 0.832498 -0.207983 0.243184 0.40258 -0.0658007 -2.02124 -0.875208 -0.757152 -0.213282 0.155817 -0.217484 0.274825 0.231986 -0.974785 0.907933 -0.284889 -0.121527 1.59051 -0.329317 0.778528 -0.706732 -0.152217 0.383715 -0.940304 1.09537 1.3559 -1.00325 3.37789 -1.36977 -0.269217 -1.9933 -0.931301 0.432755 0.756827 1.64305 
-0.664594 -0.409621 0.83388 0.459008 0.401485 0.872881 -0.281923 0.135967 0.0358476 -2.06578 0.0938977 -0.0719247 0.804802 0.444566 -1.03862 0.94838 1.30955 -1.35692 2.86115 -1.37809 -0.0686934 -0.237531 -0.876331 0.582146 0.92825 1.80858 0.665752 -0.949648 0.895051 1.16441 -0.961737 0.284058 -0.762326 0.441309 -2.24225 1.60912 -2.03001 1.41078 -0.747613 
-0.359426 -1.19743 1.58214 1.35857 -0.524423 2.65317 -1.1349 0.333887 -0.303332 -2.89757 -0.293063 0.171098 1.5953 0.82157 -1.16713 1.16988 1.3964 -1.93652 1.19199 -1.04721 0.319782 -0.65174 1.2798 -1.25148 0.704046 -0.89983 0.279071 0.113636 -0.000125844 -1.80484 0.735234 -3.83956 1.36894 -0.594966 0.73996 3.96977 -2.01567 -0.616351 -3.73425 
0.156976 -1.57675 2.00376 1.85541 -1.53504 2.06487 -1.32914 0.45575 -0.615892 -0.785978 -1.15758 0.632122 -0.0950277 0.723637 -0.924981 0.948254 -0.495284 -0.621687 -0.97841 -0.00914321 -0.663659 0.502428 3.09344 -1.43353 0.311898 -1.92566 -0.382949 0.740848 -0.845965 -2.98647 2.41209 -2.72066 0.771879 -1.30604 0.601467 -0.218919 1.17768 -1.31067 0.477111 
0.364212 -2.12242 2.5304 0.86329 -1.14611 1.67476 -1.14405 -0.329772 0.199096 0.195873 -1.72659 0.482996 -0.330367 0.43862 -0.426284 0.323911 -1.59007 0.47557 -1.52867 -0.275335 -0.986254 -0.0502726 1.06088 -0.0738013 -0.606622 -0.422719 -0.214758 1.20481 -1.68718 0.0873514 0.9438 -0.198322 -0.667965 0.423409 -2.34218 -2.85297 0.520618 -1.68224 0.818987 
0.595596 -2.00304 2.32767 0.265339 -1.05947 0.536201 -1.60447 -0.530505 -0.666165 0.274904 -1.23138 0.0255 -0.517746 0.50888 0.279826 -0.738922 -0.407933 0.322113 -1.17673 -0.677108 -0.24025 -1.83975 0.240477 -0.912909 -1.37034 -1.10668 -0.0993981 0.901179 -1.35377 1.94855 0.111176 1.24522 -0.130217 0.951385 -0.706094 -0.431762 -1.45961 0.869179 -0.460498 
0.873091 -1.84259 1.79147 0.455357 -0.823997 0.498024 -1.82115 -0.570022 -1.64066 0.43635 -2.6395 -0.887346 -1.43704 0.339222 0.474895 -1.02986 0.358477 0.586746 -0.283451 -0.405552 -0.0348688 -0.756366 0.629121 -1.53341 0.262557 -0.883217 -0.373939 0.59575 0.0343154 0.135441 0.420434 2.00122 0.517948 0.410686 1.10328 -0.970832 1.80395 3.05153 1.71044 
0.934818 -1.52814 1.29781 0.623816 -0.472721 0.25275 -2.01002 -0.565373 -1.42253 0.904025 -2.76479 0.288057 -1.40096 0.13494 0.875576 -0.704606 -0.272492 0.742547 0.824491 -0.15916 0.170436 -0.736467 -0.730354 0.891042 1.68119 0.603759 -0.289669 0.590134 0.00141418 -0.443817 -0.183763 -0.425608 -0.0946219 -0.0342633 -0.688764 -2.07111 2.22789 -0.373272 0.964881 
1.00803 -0.967014 1.08687 0.182865 -0.0814505 1.32251 -1.98031 -0.399587 -2.37712 -0.294004 -1.74846 0.793839 -0.833286 0.0495536 1.06503 -1.02844 -0.0853405 0.402983 -0.709059 -0.500174 -0.0691321 -1.44513 -1.44199 0.694488 -0.110715 0.0816638 0.0440865 0.187425 -0.452071 1.7025 -0.554905 -3.48436 0.485911 -0.383522 1.20088 0.829361 0.156741 -1.86526 0.812772 
0.984372 -0.463112 0.269365 0.538476 -0.0697387 -0.456309 -2.5102 -0.634505 -2.86766 -0.537964 -2.0703 0.177342 -1.3193 0.179027 1.063 -1.15668 1.43001 0.187642 -2.65987 0.326752 -0.213086 0.464408 0.0990065 1.04778 -0.184078 1.41653 0.217254 0.0691364 0.162808 1.6911 -0.386638 -0.849614 1.63206 -0.404015 3.42579 2.05304 0.856871 0.647925 1.68171 
1.18706 0.0959865 -0.0698088 1.61287 0.106191 -1.33736 -1.65356 -0.612673 -1.91271 -0.194997 -0.700675 0.609761 0.583245 0.266808 1.13417 -0.865637 1.60576 0.0163447 -1.55867 1.13188 -0.473148 1.98066 0.611054 1.55136 0.53721 1.76338 -0.0954948 -0.0318983 0.064315 -0.387133 -0.790203 2.07729 -0.0842705 -0.193899 1.87157 -0.6806 -0.0858205 -0.831564 -1.06595 
1.25118 0.671053 -0.596272 2.14424 -0.053394 -2.01498 -1.37831 -1.10765 -0.887001 0.0730903 -0.518942 0.714553 0.444078 0.0835321 1.0311 -1.09236 1.04288 -0.602561 -0.582582 0.242481 -0.406985 2.33598 -0.581593 0.961962 -1.01564 0.350576 -0.0582949 -1.27096 0.71538 -2.17454 -0.231245 0.994622 -0.779896 0.452486 -0.283146 -1.50846 -0.837018 -1.85172 -0.917785 
1.27059 1.12709 -1.16217 2.65575 -0.49637 -1.91994 -1.41108 -1.01966 0.423268 -0.776591 0.261287 -0.405881 0.933821 0.208513 -0.136797 -0.150257 -0.568782 -0.2149 -0.564051 0.351989 -0.0206611 1.69751 -0.897405 0.714341 -1.31451 0.845593 0.0111751 -1.37733 0.720097 -1.4073 -0.182586 0.72578 -0.42522 0.175073 -2.55952 0.236887 -1.33199 0.158342 -1.16624 
1.45969 0.534256 -0.746529 1.57545 -0.268294 -2.57903 -1.02632 -1.12831 0.810514 -0.824315 0.195399 -0.599953 1.28967 0.0947072 -0.346228 -0.372265 -0.364427 -0.785147 0.143199 -0.182739 -0.231913 -0.223535 -0.344707 -0.37003 -0.8573 -0.815666 -0.227319 0.365253 -0.38435 1.47245 -0.79163 2.40839 -0.593165 0.431846 -1.83887 2.21594 -0.424125 0.350721 -1.6287 
1.3653 0.78086 -1.53444 2.29132 -1.28152 -1.77674 -1.59382 -1.25157 0.199733 -1.1213 -0.108743 -1.26318 0.118156 -0.0188064 0.228457 -0.534607 0.903671 -1.00653 1.84434 -0.241176 0.411185 -0.141358 1.31854 0.290216 -0.963785 -0.783108 0.023562 -0.0982106 0.596105 -0.261014 0.689884 0.814123 0.476442 0.693571 -0.246996 2.34801 0.295708 -0.138085 -0.120942 
1.44089 0.762713 -1.28114 2.47912 -1.27482 -0.734693 -1.2675 -0.717129 0.669155 0.494221 0.485615 -1.56374 0.506564 0.118269 -0.444439 0.22384 -0.625441 -0.0952631 0.957322 0.293703 0.461659 -0.470531 2.00331 -0.0743216 -0.995385 -0.936608 -0.00790194 -0.365232 0.231398 -1.74521 0.863557 -0.973781 0.128948 -0.89921 -0.410609 0.129269 -0.572785 -0.448001 -0.528382 
1.48357 0.336422 -1.3106 1.66588 -1.37678 -0.819417 -1.30012 -0.789912 -0.270799 0.882009 -0.183065 -2.25857 -0.818452 -0.0267083 -0.136775 -0.303209 -0.841542 -0.142974 0.870559 -0.112228 -0.488025 -0.551967 1.44781 -0.282569 -1.41179 -1.31149 -0.187333 0.646802 -0.141296 -0.133943 0.682534 0.180314 0.29932 -1.18601 1.85342 -1.05743 1.22433 1.16175 1.9886 
1.41418 0.625938 -1.58435 1.63758 -1.4178 0.135866 -1.37973 -1.20515 0.117188 1.94203 0.203046 -2.97552 -0.804927 -0.0690637 0.202363 0.0825444 -0.759383 0.587271 1.13764 0.593022 -0.724349 1.38289 0.94588 1.15001 0.166367 1.05199 -0.086206 0.215819 0.406001 0.436048 0.42115 0.572399 0.651641 0.321489 0.718744 -2.3807 1.08271 2.61983 1.83426 
1.4145 0.538784 -1.22805 0.906498 -0.78951 0.31822 -0.707095 -1.51426 1.11209 1.82789 0.966946 -2.0922 0.23354 -0.112914 0.0790441 0.102791 -0.405494 0.278176 1.44296 0.539413 -0.166536 0.166776 -0.932898 0.800136 1.20804 0.522774 -0.105242 0.0617433 -0.575764 0.567144 -1.31303 -0.600817 -0.678278 0.78227 -3.17222 -2.91592 -1.28348 0.242765 -2.15549 
1.30126 0.704982 -1.48155 1.23209 -1.13962 1.57882 -0.840314 -1.37169 0.283964 1.00913 1.00318 -1.76748 -0.282153 -0.174306 0.264106 -0.493219 -0.192239 -0.725758 0.536819 -0.085256 0.0579209 -1.78933 -1.97004 -0.13347 0.409132 -1.1035 0.0778895 0.246441 -0.0488059 -0.420701 -0.635543 -1.98921 0.00375864 0.307684 -0.325624 0.254051 -0.326792 -0.882889 -1.3881 
1.2402 0.802891 -1.72127 0.714259 -1.51527 0.855039 -0.792351 -1.45634 -0.677241 -0.142155 0.833477 -1.68307 -0.869962 -0.0350247 0.325485 0.0539855 -0.826195 -0.357366 -0.546249 0.543171 0.141147 -0.158848 -0.678847 0.473345 0.325154 -0.865324 0.212248 -0.304879 1.32563 -1.19869 0.736496 -1.25479 0.970923 0.161586 2.29355 2.12282 0.999042 -0.230235 -0.199933 
1.26624 1.03047 -1.42757 0.405894 -1.49699 1.03258 -0.297143 -1.23054 0.125116 0.330282 1.47653 -1.44233 -1.14748 0.0379419 -0.040773 0.832408 -1.39093 0.0107378 -0.71797 0.885667 0.219506 0.504221 0.152773 0.865573 0.178896 -1.30344 -0.00369705 -0.378232 0.249451 -0.0684324 0.457399 -0.412204 -0.334215 -0.00488568 0.442669 -0.154069 -0.239916 0.151561 0.183572 
1.27814 0.762118 -0.888862 -0.676669 -1.50453 0.137069 0.0933163 -1.23683 -0.17302 0.0106179 1.69905 -1.50417 -2.1734 -0.0387218 -0.0527476 0.303436 -0.894627 0.100033 -0.958452 0.208956 0.136262 0.283822 -0.832916 0.233429 0.476715 -0.681751 -0.152464 0.230278 -1.11611 1.71104 -0.181691 0.765889 -1.15643 -0.0687928 -0.166708 -0.708784 -0.389284 0.236732 1.8182 
1.22752 0.977719 -1.12413 -0.488734 -1.39695 0.0741229 -0.0881868 -1.09428 0.408938 -0.502633 1.70996 -0.965612 -1.82923 -0.114522 0.189505 -0.283702 0.320107 -0.170953 0.0479185 -0.270767 0.150714 0.337513 -0.556011 0.476288 0.415628 0.51476 -0.122859 0.218881 -0.44367 1.64214 -0.450272 1.58983 -0.249604 -0.317808 -1.11792 1.43292 0.0427857 0.0221082 0.871951 
1.16362 0.951622 -1.17256 -0.356562 -1.67548 0.184987 -0.177451 -1.08612 0.164493 -0.545393 2.17534 -1.08854 -1.65864 -0.16158 0.166133 -0.140234 0.74751 -0.350238 0.631374 -0.0406476 -0.181547 -0.834102 0.600007 0.276215 0.498823 0.1902 -0.0886908 0.216951 -0.0369756 -0.0246089 0.631874 -0.977584 0.379308 -0.55781 -0.308027 0.599839 -1.26369 1.0747 -0.485042 
1.06594 1.14385 -1.26437 0.258777 -1.74719 0.705497 -0.128834 -1.27583 -0.425164 0.0973734 1.98617 -0.466789 -1.63903 -0.203213 0.406455 -0.320677 0.295498 0.460921 -0.929666 0.10854 -0.407096 0.0294863 0.0438276 -0.787403 1.49033 0.0297187 -0.0494206 0.522091 -0.134642 -1.01022 1.44825 -2.61659 0.419358 -0.0203642 1.87769 0.617748 -0.845083 1.79632 0.359392 
0.960404 1.35808 -1.49324 -0.0610639 -1.21456 -0.744678 -0.0689104 -1.49322 0.193979 -0.501566 1.38793 0.401789 -1.62892 -0.211001 0.688224 -0.274877 -0.262711 1.09801 -1.98522 0.37871 -0.201911 1.04359 1.21775 -0.568868 2.29515 0.549592 0.0463377 0.0247994 0.426336 -0.884016 0.262475 -0.112752 0.083773 0.468953 -0.0921761 2.43586 0.389963 0.0361779 0.8841 
0.854936 1.83208 -1.53924 -0.00393382 -0.649182 -1.27972 0.249876 -1.47774 0.618424 1.31513 1.4173 1.82836 -1.08944 -0.156875 0.431254 0.105658 -0.588518 0.723396 -1.04242 0.192313 0.0618564 -0.0626898 2.47969 -0.39744 1.52651 0.913819 0.0656314 -0.718157 0.828944 -1.14176 -0.419962 1.20516 -0.344714 0.515515 -2.046 -0.642343 0.0752868 -2.07491 0.00851596 
0.803529 1.78933 -1.38758 -0.649582 -0.491166 -1.7871 0.123403 -1.43136 0.13129 1.97812 0.990495 1.9283 -0.7151 -0.14537 -0.0299325 0.554067 -1.40447 0.678049 -0.780056 0.0339964 0.313604 -1.00241 0.575411 -0.493581 0.220234 0.558108 -0.0272226 -0.178356 0.161109 -0.0429919 -0.598666 1.55794 0.0208706 0.451209 -0.992351 -4.01507 0.604494 -1.88053 -1.60885 
0.709566 1.80214 -0.985176 -1.4084 0.0288675 -2.05978 0.283872 -1.16413 -0.383988 1.89054 0.923722 2.04859 -0.531329 -0.184098 0.252898 0.266767 -0.63151 0.12473 0.515523 0.213184 0.513066 -1.05504 -1.53538 0.207055 -0.354022 -0.695027 0.0446512 0.147121 -0.410549 1.73783 -1.43931 1.53187 0.611119 0.134242 0.432419 -2.39737 0.905563 -0.846149 -1.35042 
0.619431 2.04223 -1.12082 -1.28109 -0.366436 -1.27157 0.336587 -0.918294 -0.923751 0.442742 1.19755 1.57428 -1.41013 -0.100718 0.117189 0.143518 0.333361 -0.76126 0.751818 0.645115 0.447846 -0.569993 -1.82196 0.411982 -0.625915 -0.792314 0.100663 -0.448481 0.205877 0.815078 -0.660668 -0.271429 0.634334 -0.805323 1.36561 1.52377 -1.17984 0.0811879 1.2952 
0.608848 1.91933 -0.841658 -1.07504 -0.732392 -1.30796 0.928988 -0.716288 -0.953981 0.0685818 1.3357 1.42268 -1.32364 -0.0834348 -0.195583 0.472644 0.183568 -0.535938 0.244095 0.847518 -0.292257 0.310568 -0.0116067 -0.972783 -0.272835 0.600169 0.0139384 -0.24211 0.303666 0.0522922 0.406277 -0.128572 -0.137643 -0.592328 0.31762 2.20816 -1.3656 0.501971 1.70812 
0.535997 1.84665 -0.648172 -1.09752 -0.902374 -1.02748 1.18411 -1.21055 -0.613183 0.431135 0.224766 1.30144 -0.809958 -0.0867798 -0.124921 0.447184 0.385653 -0.354983 0.623246 0.507472 -0.144482 -0.252373 0.386203 -0.953614 -0.123944 0.915806 -0.0359708 -0.369078 0.25958 -0.264017 -0.144938 -0.728604 -0.406235 0.895058 -2.11661 -0.735043 1.18463 -0.65474 -0.130929 