-0.609865 -0.630506 0.341433 -0.0971522 0.182698 1.12452 0.0264064 0.600962 0.207355 -0.0186964 0.228804 0.195086 0.521845 -0.0319401 -0.144442 -0.141951 0.40406 0.365896 -0.926782 -0.726309 -0.0492958 -1.22734 -1.26979 -0.525995 0.902058 0.931971 -0.286108 -0.131259 0.28989 1.50705 0.838628 -1.86653 -0.302879 -0.561234 0.776806 -1.14255 0.690038 1.41426 -0.632657 
-0.64854 -0.778233 0.341949 0.491207 0.514147 0.270992 -0.393479 0.222765 -0.675662 -0.684718 0.23949 0.723163 0.886664 -0.14552 -0.169678 0.0915518 0.863379 0.339822 -1.15121 -0.334584 -0.318371 0.652948 -0.112762 0.651169 0.803145 0.107117 0.0149367 0.396687 0.300289 -0.658225 -0.267868 0.173398 -0.25044 0.352865 2.70079 2.89531 2.08675 -1.56752 -1.74649 
-0.755385 -0.800185 0.432985 0.766227 0.52252 -0.026687 -0.308177 0.28259 0.860302 -0.131458 0.879973 0.998232 0.628962 -0.0170034 0.252245 0.158338 -0.254166 0.098028 -0.753384 -0.976748 0.303569 1.47345 1.62552 1.56076 -0.665461 -0.814517 0.244693 0.308286 0.0851639 -1.82483 -0.334745 1.85454 0.483441 0.528962 -0.581759 1.37162 -0.673013 -1.2309 -0.0290682 
-0.665543 -0.525988 0.500287 0.237041 0.612175 -0.482393 -1.37023 0.526334 0.797787 0.940804 1.80025 0.0577017 0.072147 0.0991733 0.138608 0.176716 -0.961453 0.00507676 0.703328 0.148858 0.210591 0.0711883 1.25885 -0.021844 -0.427752 0.0780488 -0.0220236 -0.590037 -0.302439 0.227829 -0.630934 0.572729 1.90296 -0.570481 -1.80794 -2.10405 -2.18037 1.50529 1.30972 
-0.656212 -0.661577 0.609701 -0.195226 0.527596 0.676641 -0.15932 0.493181 0.931491 1.1274 0.858129 0.57048 0.707011 -0.039027 -0.337792 -0.144101 -0.0263361 -0.532906 -0.180655 0.926214 -0.266911 -0.334488 -0.478532 -0.619616 0.839824 0.495207 -0.161283 -0.279008 -0.329371 1.34976 -0.31122 -1.57933 0.117564 -0.526686 -1.02199 -2.63927 0.621919 0.5589 0.139125 
-0.704571 -0.86378 0.356185 0.210705 0.0792693 -0.663048 -0.444013 0.259423 0.463299 0.462272 1.18063 0.897526 0.567354 -0.0621098 -0.1404 -0.152656 0.388309 -0.306143 -0.876002 0.266422 -0.316095 -0.950806 -1.38042 0.600075 0.131149 0.217174 0.106472 0.62576 0.437256 -0.488001 0.668168 0.67568 -0.655254 0.621192 0.171213 0.742578 0.728265 -0.648808 0.356087 
-0.718322 -0.801976 0.457045 0.193083 0.221454 -0.199361 0.107103 0.177085 -0.0193157 -0.253023 1.4582 0.701629 0.924185 0.0674449 0.287968 0.293155 -0.514338 0.135262 0.495025 0.27096 0.354281 -0.163275 0.264047 0.108649 0.191017 0.851294 0.131779 0.232719 0.180749 -0.947279 0.814576 1.60286 -0.523201 0.590963 1.2925 2.29747 -0.323785 -0.207847 -0.836321 
-0.637126 -0.575811 0.64934 -0.303632 0.214531 -0.168022 -0.173053 0.613705 0.300024 0.726318 1.28928 1.08854 1.41865 0.0696688 0.0923198 0.0280934 -0.55897 0.508433 0.726856 -0.256779 0.274868 0.34169 0.917056 0.27629 -0.0766983 -0.619147 -0.121998 -0.433941 -0.556199 0.135424 -0.0840968 -0.344514 -0.155428 -0.498125 0.884159 -0.290261 -0.959923 -1.25498 -2.51363 
-0.648653 -0.709657 0.485138 -0.365887 0.729886 0.527495 -0.149676 0.451953 0.322374 0.664033 1.73449 0.62493 0.305038 -0.0545526 -0.145973 -0.263044 -0.378914 0.0511653 0.150511 0.115531 -0.143844 0.720884 -0.0262146 -0.851274 -1.06396 -1.66234 -0.153533 -0.196049 -0.541404 0.442144 -1.30281 -2.26363 -0.139224 -0.0313715 -0.129802 -1.85627 -1.94333 -1.2964 -0.624089 
-0.691678 -0.721784 0.386296 -0.682546 0.265697 -0.0175112 -0.057522 0.469861 1.02091 0.700104 0.438008 0.024584 -0.243691 -0.0838642 -0.103729 -0.513311 -0.116826 -0.794379 -1.53677 -0.396003 0.243496 0.211887 -0.939217 -1.66704 -1.3731 -1.24324 0.0474617 0.0735911 0.411416 0.808974 -0.421368 -0.499972 0.139513 0.26254 -1.42785 -0.886568 0.588509 0.818612 2.96019 
-0.732517 -0.813385 -0.0281727 -0.482713 -0.0644925 -1.00928 -0.545679 0.695449 0.534261 -0.275185 0.0674557 -0.748169 -0.938198 -0.00709088 -0.0723818 0.148371 0.430061 -0.370202 -0.349461 0.255045 0.118696 -0.706965 -0.912783 -0.262765 -0.245347 1.29785 0.117977 -0.143559 0.733349 0.648903 1.2626 2.75242 0.593945 -0.577586 -0.473936 0.874132 1.6272 1.38278 2.19383 
-0.698769 -0.794166 0.534668 -0.252485 -0.104506 -0.366973 0.197523 0.588557 0.313943 -0.212679 0.175243 -0.220763 1.05416 0.0341131 -0.247288 0.220038 0.532077 0.468219 1.21564 0.197942 -0.33409 -0.262049 -0.0650852 -0.0398402 0.00968382 0.950596 0.0545874 -0.0593391 -0.739882 -1.02142 0.648752 0.71522 -0.568582 -0.185121 0.851078 0.784781 -0.13225 -0.315802 -2.97097 
-0.698404 -1.06067 0.191865 0.0493639 0.403727 0.206368 -0.347737 0.36136 0.272212 -0.34027 0.0276154 -0.738485 0.0123979 0.0474965 -0.131721 -0.591511 -0.591362 0.278549 0.365758 -0.313537 -0.0664252 0.144113 -0.128002 -0.395015 -0.561149 -1.67311 -0.0621475 0.575563 -0.180156 -1.88347 -0.886503 -1.34739 -0.417518 -0.0764118 0.899924 0.239797 -0.469819 1.33706 1.0516 
-0.651273 -0.925887 -0.0568429 -0.843847 0.174044 -0.00121457 -0.116014 0.522131 0.458056 -0.340681 -0.219772 -0.781912 -0.618947 -0.0280344 0.328275 0.0398822 -1.3514 -0.418284 -0.131742 -0.219576 -0.410501 0.637875 0.174712 -0.509659 1.34675 2.0022 -0.0848542 0.408984 0.808384 0.739913 0.174826 0.326709 0.420968 0.0976903 -0.0623329 -0.190691 1.10075 2.30357 3.73695 
-0.726439 -0.732398 0.231747 -1.30203 -0.0145572 0.0746256 -0.567313 -0.0491416 0.910087 -0.165558 -0.482043 0.608262 2.0146 -0.0373577 0.277263 0.216873 0.148551 0.453375 0.692467 0.107431 0.0312651 0.0817797 -0.318693 0.705733 1.74242 2.06383 0.130075 -0.0351104 -0.144883 2.79823 0.831817 -0.472421 1.12761 0.929922 -1.07556 -0.074652 1.05676 -2.1467 -3.42542 
-0.68863 -0.648624 0.16003 -0.695296 0.627419 0.691253 -0.00858336 0.553396 0.539835 -0.659374 0.485961 0.96051 1.44489 0.102041 0.293165 -0.105001 1.44684 0.413533 -0.604163 0.908034 0.51942 -0.437688 0.10006 0.547104 -0.799955 -1.42322 0.0884176 -0.283395 -0.06807 0.397884 -0.552079 -0.923229 0.257731 -0.382987 0.00796724 1.37541 -1.08998 -2.91321 -2.56003 
-0.624398 -0.439233 0.126747 0.144804 0.398976 -0.529538 0.340721 0.470279 0.472399 -0.0654984 0.0650605 -0.191693 0.591379 0.0510599 -0.00613187 0.148803 0.546435 -0.0987044 -0.230761 0.365162 -0.351722 0.089747 1.05672 -0.384248 -1.17079 -0.496194 -0.200955 -0.594837 0.216583 -1.32792 -0.135728 1.43541 -1.54167 -0.515634 0.391479 -0.064538 -0.872039 0.304339 1.20566 
-0.63757 -0.654756 0.308834 -0.148861 0.528714 0.460491 0.356579 0.201675 0.629582 0.397346 0.101713 -0.210281 0.948693 -0.0989141 -0.301672 0.111582 0.118917 0.277805 0.831244 -0.633639 0.00378579 -0.0462088 0.0355216 -0.324935 -0.495616 -0.217557 -0.0847053 0.0847736 -0.258425 -1.51882 -0.344199 0.35599 -1.26625 0.503311 -0.116553 -2.4151 0.522997 1.00611 -0.467957 
-0.723312 -0.740906 0.238329 0.263721 0.676781 0.301706 -0.292918 0.474064 0.426191 -0.0299768 -0.259874 -0.687308 0.373822 -0.0336454 0.0786418 -0.109622 -0.972388 -0.442903 0.125229 -0.901088 0.151589 -0.0268065 -1.35838 0.138749 -0.164677 -0.964151 0.217374 0.543996 -0.261213 -1.18586 -0.57494 -0.861982 0.624829 0.211411 0.181168 -0.995262 0.852112 1.67235 0.440448 
-0.671216 -0.576114 0.199212 -1.12125 0.0858111 0.58572 -0.544509 0.353263 0.602776 -0.961033 0.240462 -0.374957 -0.0154578 0.11846 0.242323 -0.149631 -1.06694 -0.297135 -0.0307385 -0.00880969 0.215197 0.13496 -0.959741 0.527178 1.17674 0.222891 0.125857 -0.330483 -0.205149 2.26403 0.717343 -1.29278 1.70527 0.353218 0.015309 3.24341 0.137154 0.974823 2.23354 
-0.604852 -0.498582 0.088698 -0.80322 0.379646 0.270968 -0.301728 0.689261 0.56115 -0.989718 0.267303 0.489429 0.596713 0.0922118 -0.251841 -0.314771 1.29164 0.274439 -1.16755 0.804178 0.504807 -0.0114975 1.88503 0.275903 0.810146 1.26939 -0.131561 -0.162657 0.6191 1.82489 0.0681565 -0.0324499 0.48725 -0.673953 -0.831407 1.9119 -0.763796 -2.17416 -0.826269 
-0.579004 -0.827955 -0.115558 0.170391 0.360251 -0.581828 0.259669 0.85807 0.591278 0.923994 0.516366 0.435189 1.25394 -0.0131002 0.0796667 0.469469 0.757949 -0.228978 -0.0631884 0.47844 -0.458756 -0.696447 0.952163 -0.236618 -0.997427 -0.603378 0.697008 2.56897 2.93292 0.539973 -1.60497 0.976207 -3.67533 -2.56162 -0.0469227 -5.35471 -0.693696 -1.88512 -4.06281 
-0.617952 -0.418915 0.558167 -0.0452711 0.150668 0.207779 0.176713 0.230506 -0.135297 -0.0375543 0.0306847 -0.507999 -0.00666544 0.789219 2.31713 2.61815 1.83161 -1.33053 -0.191341 -2.87115 -2.05681 -0.0584202 -3.46968 -0.417793 -1.07497 -2.79342 1.52733 2.5884 0.729605 -1.64121 -2.20977 -2.69001 -1.62908 -1.50702 0.987408 -4.25979 -0.849735 3.07406 0.79586 
0.210216 1.48917 2.50259 2.002 -0.97028 -0.773169 -2.61148 -1.19874 0.532858 -2.54569 0.0985728 -0.639784 -1.53948 1.51423 2.66807 1.19907 -0.883258 -2.43875 -2.7532 -1.15064 -1.96578 0.290961 -3.30762 -1.08635 2.07663 0.192481 0.260247 -1.48069 -4.67942 -4.28258 -1.18447 -1.04708 6.42276 1.09765 -0.972362 5.03662 -1.38714 2.71133 3.9975 
0.896274 2.24915 1.75724 -0.928529 -2.28808 -2.54542 -0.973924 -1.73527 0.155664 -3.34518 -1.05567 1.56863 0.185816 1.04947 0.836438 -2.06127 -2.45096 -2.515 -1.23842 3.55161 -0.959159 -1.03078 1.56694 -1.80493 1.63636 1.20408 -0.807292 -2.96732 -3.13023 1.0583 1.28397 3.15596 4.16766 1.24072 -0.455189 6.27642 0.116044 -1.85463 -0.81846 
1.25968 2.32561 0.441315 -0.448961 -3.48528 -2.01159 0.940123 -2.1579 -0.497924 -0.978755 -1.70636 0.996578 -0.335399 0.706935 -0.29925 -1.93116 0.175039 -1.15478 0.402755 3.01702 -0.725052 -0.164228 2.9688 -0.970309 0.221996 -0.625979 -0.447618 -1.61976 0.645338 1.88048 3.15535 1.05781 -2.13967 0.462143 0.911425 -1.8314 1.48425 -0.527887 -1.67934 
1.60321 1.9499 -0.173916 -0.75349 -3.44286 -2.14267 2.0431 -2.46032 -0.00856436 -0.376378 -2.02598 1.79063 -0.440163 0.601849 -0.783324 -1.41594 -0.570487 0.640349 -0.180606 1.41194 -0.497016 -0.119358 -0.264461 -0.320674 1.10847 -0.475263 -0.368474 0.0783585 0.157068 0.986034 2.1633 1.31449 -2.38832 0.395947 -0.339931 -4.19909 2.089 -0.032677 0.793634 
1.86153 1.54229 -0.974621 -1.01945 -2.84493 -2.1922 2.35207 -2.65492 -0.617282 -1.24322 -2.02703 2.10505 -0.810662 0.338461 -0.220892 -1.77409 1.16107 1.00851 1.71724 0.628699 -0.329105 -0.504159 -1.23029 1.11869 0.189319 0.167656 -0.473081 0.716323 0.1592 1.98021 0.127889 1.49419 -1.25969 0.2816 -0.121334 -0.253296 1.33717 -1.95173 0.900394 
1.94167 1.72901 -1.948 0.407582 -2.43435 -0.425425 2.6718 -2.78943 -0.512724 -1.60667 -0.907284 1.97995 -0.272507 0.128768 -0.0670011 -1.25674 1.40972 0.768238 1.31359 0.152252 -0.215416 -0.240691 -0.517756 1.0165 -0.84326 0.42513 -0.221883 -0.128734 1.10109 -1.87933 -0.521046 -2.00366 -1.2997 0.901818 -0.474261 2.5768 -2.20928 -1.23819 -1.01669 
1.9903 1.47529 -2.23136 0.390274 -2.07669 -0.878609 2.50432 -2.87033 -0.857973 -1.76097 -1.01053 1.26179 -0.385532 0.116578 -0.349626 -0.673 -0.718259 0.487467 -0.286417 -0.671005 0.572713 -0.97842 1.34651 -1.09058 -1.04887 -0.849035 0.0563545 -0.346336 1.22143 -3.15096 0.314171 -0.630672 -0.887654 1.49292 -0.814994 2.94026 -1.67571 0.0196668 -0.905447 
2.05825 1.37938 -2.621 -0.310677 -1.94688 -0.711841 2.00079 -2.21671 -1.49114 -0.260156 -1.99787 0.931081 -1.12154 0.185122 -0.413338 -0.03531 -1.74123 1.08241 0.682915 -0.735402 1.2775 -1.05569 2.4225 -0.659214 -0.823594 -0.480317 -0.0200628 -0.0108048 0.640067 -1.24006 0.537816 0.548641 -0.352177 -0.083002 -0.141409 -0.419445 0.744809 -0.194429 -0.158094 
2.17542 1.06195 -2.26667 -1.35096 -0.994283 -0.195694 1.76892 -1.59283 -1.91366 0.661529 -1.66974 0.438199 -0.865849 0.0965148 -0.360431 -0.0329323 -1.95832 1.02528 0.262224 -1.02318 0.489712 -1.11983 0.927065 -0.345774 -1.2433 -1.00713 -0.281317 0.581032 -0.239664 0.932622 -0.779425 -0.325185 -0.602876 -0.948059 0.646744 -1.45385 -0.178378 0.0179822 -1.13178 
2.15476 1.01895 -2.65394 -2.269 -0.921601 -0.449617 0.977608 -1.727 -2.61097 0.666909 -2.34364 -0.312215 -2.12867 -0.096195 0.167694 -0.274974 -0.808612 0.302984 0.35773 -1.33828 0.329444 -0.408942 0.968652 -0.837591 -0.805611 -1.6121 -0.248073 0.651445 0.57273 2.32129 -0.52589 0.516927 0.298983 0.471422 2.42395 0.257086 0.888761 0.823434 1.195 
2.07923 1.22964 -2.54164 -2.15957 -0.691299 0.162036 0.430638 -1.26339 -2.3226 1.63018 -2.50734 -0.367413 -2.47794 -0.151559 0.291014 0.539798 0.362976 0.499393 0.779152 -0.7242 0.961133 1.30412 1.18415 0.542987 -0.419862 0.187867 -0.150301 0.0224039 0.997503 1.56276 -0.0535715 -1.30512 0.135142 0.73045 1.0911 0.296005 1.48825 0.605418 1.36739 
2.0032 1.30997 -2.11414 -1.90602 -0.422208 0.329535 0.253408 -0.76587 -1.30685 1.85106 -1.80065 -0.732077 -1.9408 -0.246495 0.190098 0.722529 0.754149 0.249412 -0.947393 -1.20314 1.05989 0.682158 1.26466 0.650656 -0.200194 -0.244704 -0.223337 -0.138381 0.311547 1.28379 -0.134439 -1.52039 -1.57408 -0.705233 -1.14494 -1.87772 0.496583 0.443035 -0.887747 
1.83273 1.41974 -1.81911 -1.40542 -0.441887 -0.785357 -0.772498 -0.203492 -1.64044 2.89484 -1.85668 -0.567607 -2.72265 -0.374895 0.152633 0.851345 1.64677 0.364954 -0.74124 -2.29828 0.2559 0.159187 -0.693566 1.03957 0.0231735 -0.69988 -0.276683 0.0378925 -0.00731035 1.05071 0.554657 -0.82694 0.764242 -1.0821 -1.05227 -4.67639 0.413106 -1.10731 1.36306 
1.62831 1.4626 -1.26279 -0.259251 -0.057254 -0.411705 -2.04487 -0.50997 -1.14766 1.15749 -0.761085 -0.708904 -2.64068 -0.523179 0.227991 0.715218 1.80486 0.804069 -1.77433 -0.438894 -0.0222104 -0.370115 -3.41173 1.06376 -1.3075 1.11836 -0.146716 0.54765 -0.925511 0.479305 0.222272 -1.74401 3.44836 -0.135939 -0.467828 -2.1072 -0.670816 -2.01453 2.39299 
1.30955 1.64773 -1.10389 0.399432 0.362181 -2.55969 -1.21139 -0.225703 -2.01056 -0.51689 -0.792919 -1.87511 -1.60429 -0.521612 0.700283 -0.0741662 2.12607 0.587226 -2.48525 1.15008 0.119961 -0.308641 -2.80077 0.368754 -1.99135 1.69311 0.31332 -0.59951 0.369862 0.77317 -0.384624 3.34711 -0.426407 0.178697 0.709519 4.3358 -0.259894 0.509873 0.153816 
1.1067 2.16288 -1.33696 1.86682 0.529972 -2.89695 -0.894785 -0.390009 -1.4563 -1.64327 -0.392331 -2.70026 -0.947579 -0.209859 -0.37152 1.08508 2.57803 0.419445 1.57278 -0.865301 0.156487 0.339404 0.924076 0.803868 -0.797629 1.27218 0.440014 -1.91063 2.02665 -2.21474 -0.764869 5.74696 -2.47356 0.308574 0.15234 5.45647 -0.126621 1.83125 -1.09459 
1.09969 1.27621 -0.0188144 2.97746 0.781627 -0.986912 -2.07669 -0.0692158 -1.67115 0.407186 0.010949 -2.67274 -0.332111 -0.0815974 -1.21035 1.95249 -0.0886681 -0.177642 3.26171 -1.32348 0.428535 -0.1563 2.6557 0.242133 -0.160102 0.598518 -0.267259 0.0572723 -0.640109 -3.62893 -0.688619 -0.923147 2.28987 0.521406 -0.240172 -0.483413 -1.34106 1.34454 0.83773 
1.0251 0.952532 0.615527 1.77815 0.35233 0.364752 -2.21827 0.0385253 -1.6126 1.01242 -0.150198 -2.86036 -0.349061 -0.477118 -0.314247 0.444971 -1.0509 -0.269173 0.64963 1.42457 0.677893 0.0992319 0.440663 -0.53719 0.546913 2.10991 -0.77167 0.985779 -1.18641 0.0752191 0.235803 -2.67288 2.69726 -0.234068 0.775798 -3.93228 0.513108 1.57145 0.0236669 
0.622575 0.961966 0.426157 1.92656 0.512453 -0.337282 -0.652127 0.608677 -1.57192 0.847849 -0.526241 -2.12582 1.7778 -0.853268 -0.224572 0.766081 -0.013449 0.05816 0.588827 1.37378 0.194467 0.619498 -1.27658 0.755241 1.41134 0.622185 -0.253007 -0.112877 0.58548 0.787118 0.66665 -0.0140881 -0.446599 -1.65136 0.477865 -2.63753 0.621113 1.4299 -3.2241 
0.171831 0.72796 1.38161 1.76471 0.41049 0.953579 -0.844489 0.232992 -0.993105 -0.264158 0.605043 -1.44902 0.273125 -0.730124 -0.427124 1.03045 -0.263783 0.397477 0.635542 0.977966 -0.973463 0.577097 -2.19687 0.0839231 1.97681 -1.11419 0.476267 -0.330928 -1.5203 0.0109838 0.4733 -1.82089 -1.12903 -0.171074 -0.173482 1.81631 -0.755059 -0.862854 -0.464598 
-0.107549 0.534842 1.45661 1.66277 0.90993 0.29826 0.325839 -0.364786 -0.994826 -1.34902 -0.442318 -0.149011 0.663603 -0.377001 -0.5555 -0.754222 -0.0024652 0.53146 -1.23206 0.244749 0.0233926 0.446016 0.539725 0.000182462 0.548489 0.157587 0.392547 -0.545725 -2.14755 -0.673463 -0.472289 0.100427 -0.389374 2.05473 0.85374 3.88798 1.55039 -1.70955 0.989855 
-0.205169 0.172461 0.627385 1.76224 0.94195 -0.278483 -0.59974 0.256385 -0.547089 0.275567 0.605226 -0.900527 0.430711 -0.337577 -0.972849 -1.1171 -0.937245 -0.0748123 0.735969 0.588592 1.08127 1.43084 1.69111 1.63431 0.267265 -0.124338 0.0925324 0.104284 0.732681 -1.2616 -1.07654 2.95674 1.71592 0.907918 0.572998 -0.319221 -0.0167132 0.301364 -1.05282 
-0.445126 -0.438007 0.339505 0.725527 0.835118 1.03423 0.914431 0.71648 0.436011 0.342093 1.192 0.118254 0.539264 -0.284468 -0.451216 -0.0215413 -1.26406 -0.545082 1.72468 1.96067 0.931311 1.01901 0.220505 -0.0165307 0.849853 -0.895231 0.259898 0.859843 1.50008 1.10628 -0.0667524 -0.503002 -1.06639 -0.825542 -0.371612 -1.25933 -1.95362 0.200507 0.201445 
-0.489637 -0.278755 0.605844 0.49818 0.396868 1.44619 1.36093 1.1877 0.471924 0.496072 0.588695 -0.0506739 -0.464519 -0.0776785 -0.113006 0.382978 0.169038 -0.141565 0.232967 -0.477801 0.255724 1.05922 0.431788 -0.319306 0.467772 0.0771061 0.221187 0.17009 -0.357108 0.94701 0.472179 -3.00387 -4.07975 -1.60669 -0.045079 0.556483 0.233909 -0.878568 2.10084 
-0.522805 -0.551013 0.722483 0.894565 0.693553 1.2672 0.43663 0.972204 1.49524 0.773881 0.872689 0.586026 0.61637 -0.0632815 -0.281126 -0.378649 -0.31705 -0.0729029 -1.27919 -2.11907 -0.675377 0.973935 0.776988 0.217378 -0.0287148 1.20561 0.0332836 0.158091 -0.704273 -0.935067 -0.0144844 -0.823232 0.079954 -0.543976 -2.16513 -0.491715 0.425836 -0.515914 0.336769 
-0.552919 -0.559881 0.227195 0.181129 0.323965 0.167002 -0.75814 0.512318 1.44586 1.27306 0.806073 -0.0793887 0.741089 -0.0443949 0.0450856 -0.321295 -0.766029 -0.156049 -0.590264 -0.397847 -0.288252 -1.10591 -0.0599273 0.10653 -0.0481429 0.413875 -0.0137331 0.234216 0.44662 -0.40927 -0.0443476 1.34817 3.17947 0.679816 -1.6808 -1.19419 -1.05694 0.767323 -1.20992 
-0.5672 -0.505927 0.401188 0.128536 0.537504 0.676932 0.0387837 0.683952 0.389326 0.713954 0.97922 0.537883 1.03025 -0.0770146 -0.0469099 0.0679713 -0.726321 -0.11725 0.0689814 1.0604 0.0044386 -0.706868 -0.417198 -0.83956 0.738609 -0.00431126 0.105963 0.165584 0.126429 1.26639 -0.102263 0.0749406 0.372117 0.185421 2.53723 0.0606424 -1.49876 -0.814116 -1.50635 
-0.629933 -0.606791 0.295166 -0.545191 0.206715 0.235983 0.302257 0.516757 0.738991 0.855862 -0.0334867 0.65922 0.736778 0.0615682 0.21067 -0.194866 0.500363 -0.258313 -0.515324 -0.0257293 -0.102831 1.43132 0.000715078 -1.39223 -0.862259 -1.09248 0.177683 0.152329 0.032125 1.80561 0.412654 0.130553 -0.810787 0.480145 0.939787 -1.18284 0.906143 -2.01737 -1.09807 
-0.505631 -0.295258 0.206322 0.628899 0.279191 0.161608 0.0130544 0.58112 1.82065 0.714669 -0.413015 -0.324376 -0.0622327 0.100668 0.105419 0.100096 1.07929 0.295404 0.199534 0.249611 0.484584 0.232919 -1.60004 0.0665833 -1.27876 -1.10238 -0.161644 -0.519776 0.324678 -1.51712 0.679522 1.298 -0.535114 0.36225 -1.57985 -0.0568546 1.96036 1.82311 1.62123 
-0.529265 -0.501372 0.395262 0.534098 0.502118 0.435517 0.551868 1.00134 0.97191 -0.744181 0.0330966 -0.619538 -0.365598 -0.100076 -0.309107 0.129812 -1.01675 0.421209 0.782681 -0.560843 0.259419 -0.148522 -0.0561395 0.568125 0.960846 0.528755 -0.185785 -0.4728 -0.259998 -0.716212 -0.166738 0.329683 -0.0871045 -0.801192 -0.21765 2.30573 0.249655 2.82083 2.49032 
-0.605707 -0.604365 0.336134 -0.387854 0.700401 0.944289 -0.547789 0.840539 1.67213 0.65853 0.15511 0.636471 0.466522 -0.085117 -0.36738 -0.159902 0.363077 0.128666 0.529217 0.162506 -0.316608 0.0152684 0.705685 0.316238 1.54207 1.38794 0.145058 0.238378 -0.254079 1.77749 -0.605861 -0.925199 0.56177 -0.867677 -2.22522 -0.247015 0.768292 -1.06225 -1.46121 
-0.614382 -0.868752 0.235361 0.897175 0.630784 0.964734 0.714374 0.684732 0.987178 -0.0384956 0.349335 0.922529 1.02234 0.0449818 -0.0707284 -0.124267 0.76074 -0.184652 -0.142518 0.000927123 -0.608258 -2.37374 -0.303154 1.33642 -0.101403 -0.932451 0.181998 0.745223 0.0675499 -1.37098 -0.39908 -0.69216 -1.25296 -0.158454 -0.811744 -0.661239 0.228833 -2.28952 -2.49471 
-0.560725 -0.675093 0.211867 0.372885 0.515749 0.801771 -0.546861 0.232281 -0.701613 0.355376 1.49153 0.535067 -0.465928 0.0968806 0.377842 -0.092352 -1.0079 -0.270414 -0.162943 -1.09045 -0.475063 -0.796476 0.0444463 0.545071 -0.747448 -1.10677 -0.0666906 -0.0683569 -0.0812025 -2.00317 -0.065556 -1.15861 -0.130527 0.464175 3.32093 -0.471409 -2.91648 -0.243193 1.58143 
-0.517502 -0.49091 0.143009 -0.110726 0.36037 0.801791 -0.376079 0.20967 0.190702 0.00595071 0.894405 0.175081 -0.0844322 -0.0217088 -0.139085 -0.205469 -1.24243 -0.250208 -1.30113 -0.1296 -0.144083 0.947185 -0.774563 -1.58007 -0.344596 0.64898 -0.208362 -0.581312 -0.0133438 -0.234082 0.246902 -0.417209 1.62249 0.421904 0.225151 -0.783278 -1.52802 0.395989 0.962266 
-0.582434 -0.814178 0.00639729 -0.869549 0.265541 -0.499357 -0.676461 0.0881979 0.245572 -0.419187 -0.0885394 0.190471 0.183052 -0.111481 -0.20347 -0.105696 -1.24198 -0.0235118 -0.580152 0.532039 -0.053159 -0.571325 -0.738832 -0.982953 -0.351459 -0.144506 -0.0279487 0.295211 0.486086 2.29269 0.68282 3.47327 1.13154 0.418665 -1.44446 -0.0109098 1.87426 0.396912 -1.19607 
-0.628983 -0.69438 0.0373127 -1.35271 0.336859 0.22164 0.155961 0.15651 -0.380622 -0.732881 -0.088548 -0.176378 -0.228938 -0.0496575 0.156126 0.280616 1.05025 0.432612 2.17215 1.00194 0.274583 -0.497279 -0.785473 0.294191 0.0523157 -0.547087 0.131646 0.308759 0.3477 2.24203 0.0494644 1.4489 -0.410678 0.52913 2.18008 1.31048 1.12305 0.394681 1.59659 
-0.632092 -0.658052 0.287014 0.180703 0.698153 1.67279 0.325477 0.362781 -0.251708 -1.20466 0.205652 0.242787 -0.364035 0.0201648 0.105289 0.242004 1.00004 0.0259527 0.868746 0.121361 0.475971 1.60876 0.571644 0.140096 0.0432221 1.45208 0.00933223 -0.0815521 -0.294987 -1.86417 -1.04075 -3.71642 -1.30817 -0.0747381 1.39374 2.19708 -0.685108 -0.332998 2.06286 
-0.608818 -0.589091 0.279317 -0.352666 0.362811 1.09039 0.277322 0.632481 1.22813 -0.161237 0.0515483 -0.133156 1.22314 -0.0403252 0.0745735 -0.0143703 -0.813922 -0.608138 -1.54428 -0.306236 0.199845 0.896459 1.4116 -0.390917 -0.280682 1.51577 0.00389479 -0.16782 -0.29613 -0.770117 0.192696 -0.97657 -0.0970785 -0.346222 -2.22555 -0.712838 0.715635 0.818717 -1.87002 
-0.672417 -0.583479 0.272643 -0.633219 0.0900154 0.128512 0.0192402 0.562625 0.644751 0.206945 -0.185266 -0.0378951 1.15174 0.0240596 -0.0625311 -0.0541262 0.229927 0.218649 -0.107823 0.024283 0.129749 -0.616794 -0.141194 0.855731 0.861939 -0.417941 0.0649184 -0.207554 -0.0240653 0.558218 1.19489 1.97553 0.285514 0.330125 -0.790585 -1.17745 1.20078 0.29667 -2.88714 
-0.584759 -0.651622 0.225191 -0.122739 0.58146 0.982563 0.301605 0.76223 0.611339 -0.302431 0.90728 0.728783 0.805201 0.0245932 -0.132981 -0.0384356 -0.255705 0.586753 0.431252 -0.020722 0.529969 0.105873 0.234155 0.80986 0.0159878 -1.37136 0.0250652 0.0221586 -0.0821432 -0.345609 -0.537093 -0.887724 -0.230287 0.123587 0.621852 1.38078 -0.577794 -2.28525 -0.794028 
-0.647824 -0.71646 0.234208 -0.888924 0.676768 0.559764 -0.00148176 1.09259 0.750624 0.4411 0.624594 -0.0219073 -0.219621 0.0491249 -0.0403725 -0.136269 -0.115682 -0.318444 -0.995547 -0.206004 0.253336 0.00505786 1.23958 0.277938 -1.42331 -1.21197 0.0968042 -0.0274608 0.0905663 1.65747 -0.605736 1.4432 -0.0225621 -1.05221 -0.410379 -0.674937 -0.464561 -0.740898 1.08494 