-1.06169 -0.825339 0.0626212 -0.243403 0.669437 0.469396 -1.16183 0.887214 0.388204 -1.16744 -0.869273 0.333289 0.0431375 0.0591258 0.219381 -0.122994 -0.506951 -0.170702 -0.166639 0.671119 0.380803 0.525957 0.402587 0.208245 -1.16868 -1.94834 0.0222549 0.0868209 0.871177 0.140096 0.525561 1.17774 1.43713 -0.150101 1.55142 4.29848 3.30999 2.3346 0.567415 
-0.966257 -0.616536 0.497833 -0.353657 0.862235 0.975476 0.117412 1.04476 0.718713 0.108394 0.416459 -1.0307 -0.724447 0.0396752 0.125612 0.769492 -0.0622878 0.292629 0.921883 1.10995 0.13032 0.57174 1.21798 1.59517 0.889353 0.247019 -0.149099 -0.405796 0.0258617 0.839575 0.308053 0.422678 -1.35218 -1.03592 -1.68986 -1.37254 0.428714 3.20915 5.22132 
-1.02201 -0.699727 0.832113 -0.305691 0.962066 1.39128 -0.0518814 1.01753 0.959944 0.0505389 0.725898 1.22264 0.290157 -0.0899737 -0.186414 -0.0971318 0.332624 0.13735 0.256039 -0.681062 -0.655115 -1.1639 -0.969953 0.63696 2.04047 3.27298 -0.051429 -0.0604457 -0.970618 -0.276242 -0.506008 -2.10077 -2.73062 -0.468751 -0.338281 -2.22633 -1.8854 -0.0575836 0.474451 
-1.05623 -0.802951 0.400701 -0.0210326 0.999585 1.23152 -0.56365 0.389646 -0.445188 -0.861559 1.05342 1.00977 2.54854 -0.0117538 0.0651658 -0.201126 -0.338529 -0.213379 -1.17889 -1.62066 -0.338431 0.233459 -1.00835 -0.29023 0.831769 0.72147 0.229541 0.183714 0.126178 -0.0899346 -0.40769 -0.610914 0.459703 1.26255 2.21424 2.3241 -1.09359 -2.37957 -5.39853 
-1.03376 -0.634562 0.630987 -0.64422 0.748688 0.212388 -1.67254 0.679102 1.1934 -0.957807 0.435668 2.05441 1.01163 0.139568 -0.00270075 0.0290464 0.242689 -0.270339 -0.354875 -0.22136 0.607434 1.05034 1.35415 -0.45663 -0.339096 -2.12554 0.177137 -0.148431 -0.164959 0.338398 0.152218 1.89241 0.883351 -0.175088 -2.0339 0.150936 -0.295719 -3.83802 -2.21793 
-0.916663 -0.805651 0.429747 0.221657 0.729246 0.876641 -0.78501 0.997079 0.605151 0.492588 0.596789 0.670677 0.422994 0.165383 -0.0832647 -0.366085 -0.000131427 -0.0611606 0.713524 -0.737312 -0.513519 -1.80044 -0.857409 -0.585949 -3.00625 -1.49646 -0.179305 0.0446289 0.528143 -0.932278 0.328328 0.646524 0.568229 -0.999659 -2.60669 -0.834988 0.990488 1.19845 3.43542 
-0.868381 -0.717826 0.264902 -0.644351 0.687527 0.925912 -2.40986 0.165583 -0.607035 -1.81522 -0.150281 -0.951839 -0.48483 -0.0397377 0.0419282 0.55719 -0.689588 0.0579885 0.291649 0.346869 -0.392225 -1.55635 0.519159 0.533858 0.85935 1.30988 -0.207777 -0.0349856 -0.0637519 0.127534 0.181966 -1.09765 1.71491 1.18563 1.77206 1.8453 1.36602 3.10859 4.0816 
-0.956401 -0.763723 0.986937 -0.467932 0.787235 1.16829 -0.43814 0.604854 -0.951196 1.01175 1.13065 1.53003 1.73287 -0.0423946 -0.11825 -0.429837 0.127403 0.120805 -0.384126 0.9776 0.672111 -0.0283768 0.987895 0.780069 0.10234 2.58514 0.180126 -0.129694 -1.58328 1.39443 0.0403078 -1.03943 -0.836913 0.588168 2.84937 -2.05042 -1.39155 -2.08467 -1.59434 
-0.910775 -0.836077 -0.164935 -0.516949 0.808332 0.541786 -1.43226 0.837694 -0.635412 -0.827321 0.629788 -0.849498 2.10031 0.140388 -0.0877663 -1.02609 0.704844 0.0982962 -0.747782 -0.490044 0.195943 1.29302 -1.53126 -0.857696 -1.22532 -0.284464 0.138871 -0.17708 0.0128958 0.476099 -0.154788 0.371501 -0.58272 -1.00035 1.62737 0.787887 -0.52077 1.20583 -3.662 
-0.816013 -0.851489 -0.0391492 0.236913 0.885531 0.420507 -0.928184 0.800797 0.341826 -0.519515 0.272951 0.304712 1.44841 0.0964769 -0.29533 -0.416941 0.603502 -0.033983 -0.0126255 0.39488 -0.328242 1.59899 1.77578 0.259299 1.30817 -1.07685 -0.0081458 -0.106351 1.59848 -1.28324 -0.057281 1.12687 1.12166 0.026707 -1.17459 2.47175 1.20882 2.28903 -1.82848 
-0.814299 -1.13141 -0.581877 0.0865533 0.774349 0.529161 -1.03738 0.509452 0.963581 0.948461 0.889087 0.458667 1.02346 0.132242 -0.194117 0.572394 -0.578396 0.0410152 0.379083 0.631615 0.22265 0.118433 0.940492 0.351126 1.06371 -2.11295 0.0925086 0.196705 1.78897 -1.13191 0.288274 0.699364 0.777417 0.578967 -2.40314 -2.9738 -1.90034 -1.50847 1.15136 
-0.68377 -1.04561 0.533245 -0.341483 0.926546 0.799591 -0.296568 1.02345 0.460259 0.420977 0.624077 1.36843 -0.664538 0.188986 -0.0986251 1.37203 -0.52841 0.254291 0.686739 1.1723 0.250725 -0.804144 -1.19802 -1.64104 -0.200305 0.0745018 -0.0679619 -0.06557 -0.330186 0.317055 0.189628 -0.103662 -1.06563 -0.630327 -0.233676 -0.619486 -1.91553 -0.656846 3.01038 
-0.625313 -1.23003 0.790151 -0.441857 1.02864 1.2159 0.134921 0.760177 0.159437 -0.249559 -0.751949 0.258362 1.09796 0.0642805 -0.259687 0.242209 -0.26134 0.230643 0.275421 -0.434017 -0.407678 -0.115243 0.321006 -1.5644 0.406868 0.897438 -0.234378 -0.291824 -1.53178 0.782062 -0.243709 -0.853102 -1.08741 -0.251647 -0.51718 1.3546 0.774164 -0.0775528 -2.22215 
-0.61949 -1.30529 0.775454 -0.602823 1.15719 1.07501 -0.730585 0.615769 0.345017 0.741983 -0.940325 1.77529 0.2329 -0.0453928 -0.39045 -0.15975 0.253652 0.0105817 -0.166363 0.0848908 -0.000921468 -1.32132 0.156583 -0.866873 -0.277857 -2.14765 -0.0549677 0.0854712 -0.753669 0.348479 -0.329122 -0.511005 0.537455 0.231958 -0.862628 -1.79595 0.930251 -2.45309 -1.22491 
-0.670706 -1.62048 0.630401 -0.188205 1.03922 1.04954 0.219812 0.759256 -1.16189 -0.0929761 -1.61882 -0.0194952 -1.04969 0.00931275 -0.174216 -0.51146 0.0871388 -0.0984787 -0.235584 0.103439 -0.17572 -0.977871 -1.47495 -0.634151 -2.04623 -0.327469 0.176705 0.68599 -0.294792 -1.00924 -0.0903438 -0.243593 -1.07744 -0.292197 2.47309 0.702209 1.25184 0.875403 2.49263 
-0.610177 -1.47951 0.263994 -0.515684 1.05871 0.839427 -0.627146 0.440049 -0.632854 -0.732962 -1.57448 -0.270932 -0.0945687 0.131312 0.295541 -0.454542 -0.755588 -0.0797622 -0.409956 -0.992548 -0.293119 1.15177 0.858792 0.384963 0.597546 0.344981 0.0449232 -0.0787387 -0.414511 -1.37233 -0.1601 -0.0537092 -0.47915 0.165667 0.887895 1.44258 1.1678 1.12735 -1.92292 
-0.539394 -1.32494 0.175859 -0.943793 0.95946 0.639581 -0.772736 0.466137 -0.0101214 0.765816 -1.23386 0.578051 -0.704712 0.0542359 -0.252954 -0.925971 -1.28519 -0.258578 -0.289294 -0.375711 -0.0100525 -0.0899759 -0.0323658 0.533647 -0.918877 -2.25039 0.089277 -0.724448 -0.165227 0.964265 0.285868 1.19896 1.56297 0.65175 -1.26288 -0.821445 0.421855 -2.04813 -2.78882 
-0.555941 -1.73246 -0.661977 -1.80087 0.800132 0.550133 -1.00286 0.429997 -0.72283 -0.765328 -1.04083 -1.18981 -2.34496 0.220589 -0.428908 -0.619768 0.208677 0.206106 0.789008 0.570426 0.358631 -0.111116 0.0373472 0.806818 -1.45058 -2.44384 0.3478 0.44821 1.43743 1.99755 0.429053 0.494129 0.952277 0.26503 0.067068 0.490718 0.823934 4.12898 4.28369 
-0.318804 -1.75385 -0.443909 -0.735115 1.16557 1.42859 -0.20231 0.824768 -0.121237 0.803163 -0.42704 -0.87253 -3.14855 0.402036 0.195255 0.511463 0.712364 0.170474 0.204836 0.576566 0.254978 -0.0229079 0.458352 1.35758 3.2101 2.0333 0.489766 0.896992 -2.90864 -1.13558 -0.736687 -1.89547 1.17398 -1.11236 -2.67184 -0.671985 0.499806 4.74514 5.3227 
-0.153905 -1.53721 -0.150514 -1.08851 0.970607 0.754969 -0.426292 0.684975 -0.745738 -0.306976 0.316752 2.02029 -0.31166 0.710355 0.468084 -3.52841 -0.926901 -0.530581 -1.10646 1.74441 -0.753729 -2.78296 -0.634637 1.30662 3.29456 2.87886 0.197283 0.412776 -4.17348 -1.07567 -0.703195 -0.704858 -1.00341 -1.53554 -2.50902 -0.702978 -2.69405 -4.31743 -1.36699 
0.391551 -1.28576 -3.97231 -1.66202 0.634985 0.322129 1.5421 0.0710397 -2.9042 0.168526 0.879584 2.42203 -0.269693 0.599319 0.608031 -3.66202 -0.36331 -0.532721 -0.500022 -0.426845 -1.28056 -2.53193 -0.244626 -1.33647 -1.10733 0.666311 -0.693215 1.60685 8.82948 1.08831 -0.0659934 0.682381 -5.21 0.277389 2.57653 -2.34569 -5.16533 -7.56187 -3.4206 
0.445414 -0.929176 -3.81253 -1.45182 0.437886 0.254947 -0.853137 -0.595589 -3.27767 -0.551602 -1.01972 0.912958 0.354651 0.0171405 2.07493 5.30108 0.161412 -0.596574 -0.424079 -3.46559 -0.476339 -0.206428 -2.98033 -3.85871 -4.26731 -0.541742 -0.208742 1.86463 7.90828 2.3009 -0.61747 -0.341862 1.64289 1.06199 4.57701 -1.269 0.537373 -0.313263 -0.985168 
0.408692 0.789168 1.32876 -1.5006 0.0384106 -0.10195 -1.92349 -0.4053 -3.11063 -2.81181 -2.97913 -1.84527 -0.811435 0.390577 2.47266 4.24626 1.93759 -1.15019 -0.841884 1.21604 -0.218575 2.04508 -1.51362 -0.799097 -1.4206 -0.318858 0.736044 -1.69607 -7.25189 2.66885 -0.522968 -0.132037 5.60762 -0.397305 1.73575 3.71732 7.59797 6.36268 0.575101 
0.835991 1.54348 0.433733 0.485769 -0.712305 -0.586937 0.362904 -0.814164 -1.23258 -2.06523 -1.81881 -0.507639 0.0357932 0.753184 0.378861 -1.95081 2.83027 -1.11954 -0.556116 2.14203 -0.873644 1.52932 0.736984 3.73926 2.09538 0.0333591 0.0853922 -2.96199 -5.675 -1.49619 0.770319 0.4593 -0.888539 -0.552903 -2.87776 1.70358 3.03793 1.7341 -0.205997 
1.16188 1.16803 -0.622051 1.32966 -1.08113 -0.658066 0.218541 -1.27894 -1.5813 -2.07482 0.760128 0.250102 -0.778076 0.475969 -0.489331 -1.42874 0.441397 -0.379872 -0.382583 0.327502 -0.771478 -0.832678 0.189953 2.23883 0.3135 -0.524855 -0.544888 -0.677815 1.11789 -3.40096 1.15553 -0.12713 -2.25208 0.383382 -1.65388 0.0235889 -4.44238 -2.94547 -0.437416 
1.31196 1.05415 -0.995008 0.927166 -1.09218 -0.96952 0.690407 -1.58564 -2.06526 -1.87527 0.420019 -0.194138 -0.489062 0.208297 -0.298954 -0.832926 -0.570693 0.0359824 -0.683246 -0.110055 -0.490263 -0.124559 0.760573 -0.703122 -0.850095 -0.404057 -0.441615 0.492857 0.702463 0.178251 0.25347 0.109137 -0.40709 0.646994 1.82924 0.927171 -2.71365 -1.20173 1.26283 
1.37017 0.869075 -1.45498 0.758969 -1.04515 -1.34131 0.108487 -1.76921 -1.70586 -1.31425 0.0570052 -0.599993 -1.18213 0.0343539 0.00352684 -0.726278 0.619648 -0.126402 -0.273446 -0.0795874 -0.124484 0.996561 1.11712 -0.474811 -0.88823 0.737972 -0.231471 0.601495 1.17526 1.26938 -0.178488 0.695714 1.50725 0.887127 1.43361 0.754558 0.976966 0.977807 1.72934 
1.34631 1.05768 -1.72129 1.54681 -1.21858 -1.24297 0.610819 -1.71013 -1.0687 -0.758148 -0.054792 -1.08237 0.24891 -0.0231743 0.302541 0.342333 0.698691 -0.142506 0.0124682 1.39719 0.396865 1.30906 1.51513 0.273844 0.127712 1.32528 0.0497814 0.0186436 1.22625 -0.662743 0.212921 0.336495 0.105495 0.495751 0.073641 0.481566 0.944409 0.676278 -0.608526 
1.347 1.17162 -1.11264 1.45766 -1.18766 -1.32884 1.50568 -1.37234 -0.396806 0.200881 0.330849 -0.472281 0.143147 0.0841353 0.0221705 0.499969 -0.0430953 0.0865183 0.0630484 0.0259078 0.371267 1.0702 1.59869 0.469598 -0.211952 0.129447 0.129791 -0.451882 -0.999365 -0.543071 0.155999 0.179196 -2.64358 -0.463751 0.0695214 -1.44705 -0.0757939 -0.368255 -1.7188 
1.43045 1.07985 -1.22132 1.50372 -1.13206 -1.17992 0.636727 -1.33886 0.00150432 0.840542 0.414806 -1.29432 0.378357 0.106617 -0.149341 -0.657032 0.15562 0.013493 0.191665 -1.24638 -0.0668858 1.37858 0.0680821 0.19805 -0.240543 -0.393517 -0.0315794 -0.325286 -0.484772 -0.820049 -0.232127 0.0208594 -0.645776 -0.690963 -1.13414 -2.73044 -0.373331 0.48009 -1.71283 
1.45361 1.02227 -1.76968 1.61328 -1.17416 -1.13718 0.259298 -1.43923 0.98177 0.268963 0.528899 -0.712824 -0.25037 0.0525559 -0.303116 0.0151965 -0.863144 -0.145609 0.0839077 -0.619868 -0.319696 -0.0639425 -1.13175 0.0962671 0.268138 -1.58338 -0.073537 -0.137071 2.23412 -1.07089 -0.0912424 0.130544 1.39474 -0.0215988 -2.54651 0.466199 0.613988 -0.399095 -0.431697 
1.48301 0.776732 -1.20612 0.640575 -1.27767 -1.09601 0.0168587 -1.65856 -0.0624382 -0.291207 0.511073 -1.02618 -1.20502 0.0330796 -0.286412 1.57708 -0.915274 -0.0777494 0.322209 0.14836 -0.0884846 -1.16793 0.534281 0.812039 -0.639638 -0.825215 -0.16614 0.505187 -0.188843 1.40754 0.00202756 0.0191315 1.09092 0.442366 -0.64587 2.52833 0.345788 -0.787155 1.7756 
1.48669 0.735863 -0.192592 0.698006 -1.25191 -0.81497 0.407658 -1.52771 -0.186158 0.803244 1.34094 -1.35246 -1.07558 -0.113584 0.202072 -0.173646 0.544401 -0.143581 0.103039 0.47105 0.12267 -0.709812 1.39658 0.442055 -0.519017 0.192219 -0.11415 0.530307 -2.79934 1.51241 -0.14888 -0.620193 0.206128 0.0222343 0.993175 -0.0682202 -0.98693 0.0341619 0.966682 
1.36942 0.978804 -1.37977 1.18498 -1.42125 -0.992971 0.487909 -1.53589 -0.77225 1.10537 0.953127 -1.5452 -1.01281 -0.0810703 0.243895 -1.22226 0.597131 -0.22663 -0.297984 0.354488 -0.0662503 -0.174753 0.466061 -0.174892 -0.605476 0.141467 0.173517 -0.165632 0.57234 -0.546187 0.051281 -0.0466407 -0.00901632 0.0625087 1.82863 -2.27837 0.0885933 1.0002 -0.220684 
1.40562 0.979758 -1.41485 1.29514 -1.47854 -1.11295 0.762145 -1.59396 -0.360911 1.26931 1.16605 -1.95794 -0.934117 0.0599329 0.0364395 0.398694 -0.0017864 -0.0922999 0.0563986 0.462034 0.185178 1.11882 -0.881792 0.530648 0.481183 -0.0284653 0.0745955 -0.314502 2.5107 -1.24262 0.261736 0.315623 -0.539291 0.389192 0.455205 -2.14774 -0.229205 1.582 -0.208393 
1.42935 1.01524 -0.981072 1.18319 -1.51355 -0.936573 0.949942 -1.35071 0.346568 0.223578 1.48378 -1.06402 -1.04127 -0.00647479 -0.0706067 1.28844 -0.645484 0.0351059 0.0176396 -0.184804 0.322942 0.280452 -1.68168 -0.404096 0.976523 -0.0669259 -0.199434 0.0538105 0.368798 0.00307265 0.181861 -0.189148 -0.934714 -0.0553152 -1.55618 0.897691 -1.36163 0.583652 -0.00219634 
1.39915 0.909151 -0.126413 0.649653 -1.44344 -1.09531 0.577342 -1.27102 -0.0804587 -0.412377 0.76195 -0.981416 -1.00104 -0.139502 0.0902501 0.767492 0.00128625 0.0895607 -0.132749 -0.47268 0.129863 -0.437362 0.0158984 -0.830984 1.06483 -0.0306616 -0.0905462 0.049646 -1.55171 0.955124 -0.00242581 -0.462748 -0.0156222 -0.442054 0.24347 2.61275 -0.609719 -0.612865 0.296958 
1.28985 1.10549 -0.21358 1.18447 -1.42399 -1.06932 0.477262 -1.22084 -0.0907945 0.239477 0.652791 0.00081852 -1.07193 -0.097021 -0.0209606 -0.263271 0.30964 0.0326801 -0.445108 -0.200426 -0.119112 0.523922 0.931066 -1.01381 0.363658 0.230032 0.155226 -0.381925 -1.18758 -0.600006 -0.196436 -0.518423 0.734353 -0.334948 0.271809 -0.22713 0.0260287 -2.16097 -0.175891 
1.30213 0.888191 -0.389684 0.959293 -1.41076 -1.54042 0.376916 -1.39013 0.443463 0.518689 -0.251865 -0.617758 -0.771011 0.0157241 -0.291674 -0.420091 -0.59872 -0.106876 -0.651173 0.261673 -0.205085 -0.165553 -0.211231 -0.804955 -1.09613 -0.206553 0.0551748 -0.247357 0.916161 -0.814149 -0.0039525 0.466122 0.0800404 0.10429 -1.0273 -0.86329 1.45282 -0.396519 0.431168 
1.30558 0.813819 -0.633671 0.585755 -1.53087 -1.72049 0.738935 -1.42593 -0.256348 0.0282452 -0.152163 -1.09531 -1.27849 -0.0418463 -0.268318 0.65289 -0.504509 0.0287276 0.0210138 -0.120385 -0.0148223 -0.503377 0.0677755 0.439005 -0.0328605 0.6612 -0.155305 0.375055 0.879031 1.3705 0.151491 1.05077 0.189416 0.269116 0.53999 1.39626 2.14816 3.45529 0.226206 
1.26028 0.619873 0.263206 0.454784 -1.38203 -1.51941 0.256531 -1.40495 -0.0599135 0.586464 0.18714 -0.650618 -0.109812 -0.139581 0.0833806 0.45894 0.771783 0.0446158 0.399594 0.451089 0.0640313 0.374436 1.18503 1.3432 2.35916 0.0196532 -0.0567809 0.545049 -1.77118 0.942484 -0.105087 0.100335 0.655078 0.158015 0.927335 1.02659 0.481075 1.2215 -2.34493 
1.166 0.8972 -0.17473 1.35754 -1.48625 -1.3209 1.19002 -1.3619 0.118088 1.21328 1.19104 1.26385 -1.25883 -0.0986271 0.276731 -1.11829 0.437976 -0.0763592 0.121349 0.534693 0.143193 0.423958 1.09437 0.92008 1.18864 -1.68373 0.138657 -0.212234 -0.162181 -0.978109 0.105019 -0.637677 -0.283018 0.116097 0.0611684 -0.553668 -1.39684 -3.06146 0.57244 
1.16166 0.896604 -0.85508 0.89276 -1.45839 -1.39806 0.791224 -1.26176 0.364045 1.68083 1.10722 0.538025 -1.79354 -0.000923986 -0.128853 0.29676 -0.206326 0.149634 -0.238083 0.168071 0.180128 0.435605 0.631365 -0.0536366 -0.702303 0.592094 0.0717329 -0.395469 1.60921 -0.586336 0.119108 -0.13066 -0.149037 -0.377819 -0.206552 -0.896053 -1.03816 -2.77014 2.11354 
1.16507 0.768347 0.122029 1.15121 -1.33662 -1.55898 1.35809 -1.18177 0.553693 1.84464 1.1374 0.561544 -0.666739 -0.0268942 -0.118738 0.490923 -0.148361 0.0427489 -0.00931062 0.385656 -0.234626 0.217406 0.198312 -0.11808 -1.58149 0.429809 -0.0579014 0.270668 -1.60272 -0.484477 -0.408552 0.220389 -0.023584 -0.381329 -1.54147 -1.8558 -0.704174 -1.03489 -1.55187 
1.13476 0.777866 -0.364157 0.744399 -1.41564 -1.40737 1.17688 -1.49639 0.581451 1.87914 0.98914 -1.04347 -1.36374 -0.0588254 0.141815 -1.30596 -0.690803 -0.258917 -0.0176944 0.144487 -0.201201 -1.10586 -1.22443 -0.75781 -1.73719 -0.959776 0.0146206 0.320962 -0.869539 0.309786 -0.0110353 0.0855898 0.495015 0.687024 -0.773037 -2.37277 -1.74544 1.48736 0.775948 
1.10625 0.910162 -1.18393 0.46041 -1.59553 -1.57668 1.50258 -1.38297 -0.55217 0.62021 0.379594 -1.17565 -1.62651 -0.0122736 0.202224 -0.378616 0.161425 0.0317135 0.0762792 0.880671 0.452398 -0.555631 -2.17446 -1.86352 -0.0941304 1.20576 -0.0237165 0.149881 1.79671 1.34049 0.496554 0.393065 0.232469 0.728354 1.93487 0.361368 0.953273 1.98009 2.07834 
1.12249 0.98009 -0.742773 0.905824 -1.38392 -1.33109 2.05755 -1.04399 0.0258195 -0.295321 -0.874379 -1.1376 -0.157978 -0.0825419 0.291696 0.490748 0.64969 0.237637 0.375371 0.376956 0.527152 0.829007 -0.863064 0.195463 0.242899 1.11856 -0.0692086 -0.045897 1.29023 0.377456 0.277859 0.0378368 -1.23292 -0.142309 0.718363 3.38621 3.31528 1.43809 -0.724469 
1.0237 1.20186 -0.69318 1.1101 -1.3579 -1.20131 1.87954 -0.855819 0.276837 -0.242854 0.575057 -0.932747 -0.50795 -0.0814823 0.156327 0.911612 0.538881 0.309572 0.114116 -0.352253 0.310089 0.162732 1.21174 1.45177 1.34396 0.481288 0.085687 -0.440679 0.274799 -0.813023 0.0234743 -1.08747 -0.874063 -0.361619 -0.274951 2.81309 -1.60649 -0.0978526 -0.922 
1.041 1.13642 0.168839 1.44471 -1.07435 -1.21697 1.7053 -0.733901 0.188551 0.916424 0.577386 0.206366 0.323309 0.00314511 -0.148984 0.765548 -0.163333 0.261111 -0.7121 -0.497107 0.165533 0.554056 1.95003 -1.41102 0.145046 0.196564 0.0312415 -0.0829586 -1.00473 -1.43434 -0.329467 -0.679771 0.355674 -0.16315 0.104915 -0.718162 -2.9022 -2.62002 -0.139822 
1.02685 1.05287 0.0723675 0.946767 -1.09678 -1.91341 1.38243 -0.690286 0.830893 1.70718 -0.835965 -0.787701 -0.311386 -0.0502408 0.0733685 -0.09312 -0.895456 -0.0198947 -0.565655 0.00342147 0.146938 0.267647 0.493582 -1.45043 -1.27606 0.341466 -0.13516 0.519961 -0.970724 -0.10781 -0.271684 1.46489 1.41762 -0.0279361 -1.23887 -2.08546 2.10294 -0.174555 0.586299 
0.990764 1.20979 0.0757188 0.549249 -1.09425 -1.78263 1.70872 -0.586963 0.456198 1.41001 -0.873048 -1.06969 0.664775 -0.132015 0.370977 -0.205177 -0.271144 -0.0105731 0.752785 0.920515 0.137597 -0.68481 -0.135431 0.691914 -0.0295084 0.782863 -0.0469721 0.0657949 0.93333 0.548039 0.274764 1.52175 0.517109 0.192031 -0.141193 -0.755497 1.33754 1.97082 -0.0771331 
0.894834 1.42385 -0.132809 0.675624 -1.10736 -1.16062 2.30295 -0.552689 0.146083 1.57174 -0.144051 -0.81721 0.471477 -0.0972129 0.139163 0.84021 -0.347417 0.25487 0.956098 0.520531 0.33897 0.126454 -0.261915 -0.112898 0.694766 0.264333 -0.222875 -0.0933435 1.26267 -1.63906 0.473014 -0.104024 -1.60324 0.505718 0.423166 -2.5931 -3.15354 1.2819 -0.554479 
0.893551 1.34895 0.915929 0.201832 -0.839378 -0.826532 2.22925 -0.247993 0.582652 1.14809 -0.985947 -0.374925 0.929108 -0.354891 0.277634 1.05749 -1.91021 0.462441 0.648761 -0.682723 0.643315 -0.261643 -2.72853 -2.46162 1.2524 0.228384 -0.455827 0.40177 -0.706769 -2.86929 0.385984 -0.049193 -2.9988 0.0947145 -0.827405 -2.25346 -1.38802 -0.588874 0.00481033 
0.539944 1.70148 0.924681 -1.23458 -0.644917 -0.511861 1.62022 0.0906265 -0.11556 -1.15679 -2.60567 0.435187 0.699862 -0.55304 0.540933 0.133441 -3.21671 0.640853 0.906905 -2.47827 0.433684 -0.700951 -2.51537 -1.50091 0.105892 0.269143 0.157098 -0.284402 -2.51394 0.436333 0.156562 0.257578 -0.203445 -0.198778 -0.540628 2.7453 2.82215 -1.54462 0.465195 
0.340512 1.88988 1.04937 -3.01488 -0.198524 0.080373 -0.249017 0.185691 -0.1183 -1.36728 -2.48686 -0.269032 1.19825 -0.197793 -0.00676868 -1.45645 -1.47388 0.619003 0.906339 -0.886168 0.444537 -0.802272 0.0167672 0.360526 -0.292223 0.693579 0.318649 -1.17912 -2.06849 3.42024 -0.375753 -0.510955 3.33683 0.564535 1.97993 3.50753 2.35674 -0.100496 -0.760311 
0.34215 1.69472 -0.531773 -2.70846 -0.0259135 0.394478 0.734055 0.535164 -0.917831 -1.14002 -2.24515 0.142964 1.39344 -0.234391 -0.638187 -1.93505 0.203531 0.2651 0.39595 0.858559 0.998219 1.27898 0.992157 0.855821 0.00539669 -0.491168 -0.342135 -0.961265 2.41717 2.23777 -0.413771 -0.646593 -0.361073 0.145034 3.43895 0.563009 0.70276 0.137722 -1.30449 
0.106121 1.2517 -0.88568 -2.81135 0.0665761 0.476323 0.609542 1.18391 1.16068 -0.375125 -1.63104 -0.263636 0.707084 -0.539928 -0.968034 0.96072 0.763898 0.205232 0.259746 -1.24724 0.589571 2.63668 0.579777 1.06329 -0.1545 -0.610912 -0.324008 -0.199568 3.93866 1.87158 0.0460437 -0.78963 -2.47924 -1.43744 -1.95987 -0.257792 0.295006 -0.249813 -0.644703 
-0.197777 0.726682 0.428947 -1.94456 0.179319 0.654224 -0.513186 1.12473 1.71885 -0.560246 -1.18186 -0.011536 0.782529 -0.558399 -0.837755 2.00361 2.07511 0.311144 -0.39368 -1.62068 -0.439216 -0.680894 0.734364 1.15083 -0.244417 -1.13587 -0.0164006 0.0707549 -0.209563 0.444442 0.193865 -0.466383 1.20957 -0.792693 -3.64986 0.145631 -0.533409 -0.333376 0.273511 
-0.452278 0.41394 1.11793 -0.736231 0.37772 0.0826429 -1.01113 0.744693 0.479784 0.35924 -0.480214 -0.508052 -0.428787 -0.556328 -0.897279 0.751157 1.20834 0.399097 -0.206637 -0.03767 -0.203122 -1.01318 0.725407 0.529877 -0.487877 -0.337401 0.156432 -0.0198236 -3.2244 -2.40787 -0.104918 0.572402 1.95649 0.321667 0.336399 -1.38427 -1.51284 0.377625 0.66783 
-0.754106 -0.170597 1.1801 -0.736222 0.578416 0.447587 -0.550856 0.921613 0.705671 0.165162 -0.651986 -0.499413 0.445128 -0.401967 -0.857578 -1.22079 -0.332757 0.206225 0.178722 0.335817 -0.11755 -0.344494 -0.649909 -0.362018 0.133208 -0.46804 0.384798 0.474031 -1.19158 -0.76917 -0.150521 1.12255 0.777056 -0.0780868 -1.2231 -0.92944 0.494474 0.642917 0.235222 
-0.854244 -0.443638 -0.102861 -1.06899 0.583945 0.261365 -0.675317 0.627143 0.135289 -0.290669 -0.842232 -0.374844 -0.896827 -0.171531 -0.423248 -0.440419 0.43917 0.248576 0.91591 0.739386 -0.281208 -2.23628 -0.204033 1.02435 0.15504 -0.102179 0.256651 0.769683 1.95623 1.33583 0.164237 0.871557 0.44816 0.786018 0.955035 2.23554 2.80194 1.35104 1.57514 
-0.925636 -0.593845 0.739685 -0.297052 0.826992 1.3635 0.18853 0.640405 -1.53061 -0.0388714 0.372365 -0.344372 0.342949 -0.145316 -0.0878951 0.735437 1.00308 0.370463 1.05028 0.783977 0.668468 0.610541 1.58563 2.43992 1.48425 1.1071 0.0869649 0.212146 -0.27396 -0.660433 -0.30007 -1.67972 -1.1338 0.954631 4.07704 -0.159178 -0.652458 1.34877 0.891989 
-0.99956 -0.531533 0.632576 -0.0659128 0.954408 1.31164 0.10866 1.29561 0.74583 1.29496 1.59769 1.10941 0.210274 -0.0845657 -0.211102 -0.714379 -0.221263 -0.0514939 -0.763807 -0.394416 0.673423 1.84076 -0.363211 0.371893 1.50382 0.78981 0.199373 -0.133388 -1.48822 -1.47643 -0.598145 -1.28667 -0.876666 -0.883499 -0.451612 -2.98537 -4.00087 -3.40619 -1.49631 
-1.0102 -0.804946 0.0253063 -0.518315 0.775498 0.599689 -0.205886 1.31383 0.31015 -0.402082 0.744258 1.15944 1.13276 0.0540575 -0.221283 -0.752779 -0.473351 -0.227682 -0.236392 -0.0926884 -0.215032 0.158929 -1.39974 -1.56095 -1.92194 -0.389211 0.0574273 0.265582 1.03287 0.680217 0.0493087 0.957316 0.296681 -1.25332 -1.55505 0.611565 -0.046867 -0.780015 -0.561604 
-0.945503 -0.752816 -0.120203 -0.539264 0.726727 1.07525 0.0159717 1.08058 0.904759 -0.104775 0.0367377 -0.812538 -0.178938 -0.0271385 0.0544801 0.31849 0.458955 -0.00218521 0.193509 -0.0977356 -0.579898 0.285712 0.248354 0.325026 0.7238 0.228206 -0.0262384 0.520131 2.80724 1.88473 0.420501 -0.00232094 -0.624438 -0.0943905 -0.993737 2.48135 2.90815 3.54775 1.38432 
-1.03734 -0.750466 0.343796 -0.0593603 0.773313 0.793198 -0.303621 0.73393 0.595862 -0.153728 1.06928 1.88324 1.36096 0.0278191 0.298848 2.05446 1.41138 0.192819 -0.238713 -0.717127 -0.309422 -0.834807 1.08161 1.3472 1.6258 0.995104 0.143453 0.173177 0.220647 -0.15566 0.00221519 -0.42929 -0.0910863 0.595454 -0.510611 -0.768285 -0.571222 -2.06079 -0.832504 
-0.917684 -0.453968 1.93426 0.872114 0.919546 0.836537 -0.701155 0.771157 0.0699518 0.976835 1.38393 0.813263 0.816166 0.116315 0.227657 0.539137 0.303295 2.99846e-005 -0.235782 -0.188822 0.0155567 -0.224899 -0.519931 -0.246197 -1.33699 -0.604298 -0.150875 -0.570268 -3.34204 -2.66034 -0.189455 0.204581 0.298035 0.202529 0.96518 -1.39906 -2.23749 -1.8771 -1.10515 
-0.921026 -0.522809 0.882933 0.243934 0.773343 0.557416 -0.492443 0.749487 0.370963 -0.673658 0.823087 0.546248 0.756667 -0.123056 -0.27142 -1.28758 -1.24897 0.00336409 -0.0341323 -0.419092 -0.106893 0.130372 -0.317451 -0.890292 -0.251299 -0.110044 -0.207255 -0.286927 -0.236238 -0.532597 -0.00740838 0.436189 0.218431 0.0852985 -0.0493186 1.3463 -0.436866 0.790591 0.384256 
-1.04074 -0.725388 0.646681 -0.376851 0.92291 0.802405 -1.12025 0.664264 0.200324 0.659384 0.493641 0.561964 0.706122 -0.0909406 -0.0592695 0.302899 -0.229303 -0.0073784 0.200407 0.0296092 0.100855 -0.274218 0.826367 -0.683063 -0.546404 -0.220041 0.171233 0.239407 1.02681 1.28842 -0.247813 0.0268242 0.697805 -0.061138 -1.99643 -1.37087 0.933193 0.00225033 -0.490113 
-1.01197 -0.582078 1.18583 0.0146317 0.765965 0.757824 -0.462834 0.850342 0.0967454 0.152709 0.140024 -0.000155944 0.536625 0.0481778 -0.0320123 -0.26077 0.0394504 -0.244449 -0.00730801 0.278713 -0.168031 -1.86606 -1.68832 0.0429014 -0.249048 -0.600157 0.156755 -0.00775604 -0.776684 0.282106 0.0495751 -0.456928 -0.321339 -0.200042 0.981605 -2.46637 0.558395 1.19227 0.205962 
-0.992561 -0.7574 0.385911 -0.337401 0.678461 0.795097 -0.841534 0.496233 -1.66574 -1.02894 0.536543 0.312916 0.105965 0.065814 -0.0670255 -0.473785 0.0528037 0.0421967 -0.256521 -0.29173 -0.099187 0.707388 -1.64 -0.124668 0.645866 -0.0140799 -0.00464296 0.307493 0.158398 0.289623 0.390436 -0.400524 -0.891119 0.656301 4.42405 1.80343 -1.21137 0.566709 0.680512 
-0.946153 -0.649104 0.712047 0.0674354 0.808161 0.501303 -0.754564 0.751155 0.804133 -1.48729 0.0153567 0.64571 0.522546 0.0435348 0.27548 -0.102372 0.329073 0.145987 -0.407832 -0.612406 0.48827 2.55799 0.115108 -1.16847 0.317661 0.0803549 -0.0904628 0.169168 0.431823 -0.428227 -0.00249212 0.729647 0.28622 -0.0105312 -1.95197 2.78008 -0.133413 -0.954123 0.104617 
-0.949027 -0.481919 0.283539 -0.0083277 0.824448 0.387265 -1.45394 0.984502 0.892247 -0.913832 -0.631928 0.630576 0.18632 -0.0246488 0.102142 -0.0419619 -0.375424 0.0397046 0.473126 -0.00550999 -0.109718 -1.24458 1.14008 -0.258081 -0.308257 0.0905372 -0.128142 -0.346736 0.595112 -1.25326 -0.292719 0.516728 1.43336 -0.705359 -2.96718 0.227226 1.79763 -1.89028 -0.0471361 
-0.970801 -0.546961 0.670085 -0.307988 0.847866 0.974429 -0.760074 0.641437 -0.440449 -0.347216 -0.242724 0.337453 0.613083 -0.0846074 -0.0712558 0.49274 -0.924188 -0.146733 0.108896 0.820954 -0.217089 -0.409192 0.342334 0.629161 -1.57262 0.0332189 -0.0189985 -0.342066 -0.105111 0.587263 -0.295102 -1.19929 -0.114438 0.370058 3.42861 -0.899291 -0.553977 -1.29729 -0.160583 
-1.03363 -0.553175 0.776279 -0.932516 0.677715 0.496161 -0.632986 0.767413 0.483055 -0.571498 -0.00276728 -0.94204 0.219539 -0.0436473 -0.239923 -0.147072 0.211839 -0.255397 -0.726163 -0.119948 0.26034 2.18403 0.240786 -0.812057 -1.60555 -0.0700459 0.0882834 -0.04681 -0.151475 2.152 0.174881 -0.277109 -1.57879 0.30863 0.983344 1.11363 -0.434202 2.68795 -0.621382 
-1.01445 -0.786885 0.523013 -0.0961487 0.592468 0.248266 -0.880022 0.901777 1.74358 -0.10643 -1.05478 -1.2681 0.543037 0.003676 -0.118066 0.341264 1.22781 0.0281482 -0.168213 -0.75784 0.0915411 0.574152 1.45597 0.194959 1.11533 -0.588163 0.0863742 0.489422 0.98933 0.254376 0.445041 1.31134 0.889416 -0.0490556 -2.09386 1.09197 1.06188 3.2763 -1.1522 
-1.02996 -0.671241 1.11754 0.295295 0.705863 0.327948 -1.39083 0.858954 1.05721 0.884469 0.192192 0.173292 -0.368624 0.0427269 0.249499 0.842258 0.466215 0.189643 0.585181 0.769468 0.211285 0.0901776 1.33276 0.249821 1.67075 -1.22224 0.00842774 0.122301 -0.712235 -0.890777 0.150028 0.906165 1.74419 -0.0106349 -0.688832 -2.00867 0.493702 -0.219546 2.85408 
-0.971722 -0.537386 1.36527 0.370066 0.782112 0.833447 -0.110555 1.11306 1.83376 1.22633 -0.804961 0.402656 -0.679206 0.0121037 0.00423538 -0.37097 0.337033 0.178176 0.737952 0.986355 0.0809062 -0.11468 -0.552705 0.688661 0.895785 2.26592 -0.080089 -0.334666 -1.41339 -0.853663 -0.196741 -0.565105 -1.52918 -0.534483 -1.68476 -2.97744 1.42549 -0.721639 3.08405 
-1.01785 -0.667006 0.746573 0.632328 0.88404 1.0659 -0.404471 0.93986 0.942527 0.331764 0.880853 1.06908 1.8973 -0.0373621 -0.0851666 -0.571136 -0.387448 -0.00709807 0.020076 -0.759711 -0.323199 -1.59458 -1.64468 1.67531 0.949112 1.86181 0.0237449 0.037491 0.766334 -0.740062 -0.0369914 -0.669623 -1.51286 0.0272628 0.674235 -0.910921 -1.81719 -0.37962 -4.56286 