47.6578 -8.00527 1.93573 -2.22944 -1.60133 -1.08434 -2.18826 -0.901411 -1.27068 1.69447 3.40798 1.65625 -1.21103 
45.3476 -8.0622 1.65373 -0.311228 -0.148083 0.525887 -0.963848 -1.06829 -0.137207 1.62633 2.44513 1.50669 -0.985297 
43.6715 -7.84766 1.23896 -0.748241 0.50224 1.41453 -1.26868 -1.51314 0.454398 1.55502 1.44353 2.3393 -0.611153 
42.1899 -9.43513 -1.04057 -1.72374 1.0521 1.41935 -0.392285 -1.67768 0.400717 0.806638 -0.104038 1.82085 -0.681673 
44.1612 -15.9882 -2.35509 0.896833 0.561435 0.592074 4.34475 -4.41338 0.121364 1.83084 0.0812089 2.39748 1.01272 
46.2445 -18.2003 -0.0132218 3.81966 -1.78747 -0.471473 5.41837 -5.642 -0.0757575 2.8357 -0.867604 -0.207691 0.308725 
48.1264 -19.0284 -1.08878 3.59111 -4.11457 -1.57823 4.50453 -4.18783 -0.415084 2.18023 -1.13868 -0.66092 0.390871 
51.4329 -16.2162 0.140034 3.42991 -5.96914 -2.4289 3.03686 -2.72492 -0.500155 2.52926 -0.786034 0.00712362 0.575713 
49.2997 -11.8624 0.207919 1.37423 -5.67556 -1.86427 3.11093 -2.0874 -1.26042 1.82272 0.419126 0.964524 -0.00959048 
46.6118 -10.4734 -0.00092401 0.616892 -5.36199 -2.15225 2.66547 -1.64055 -1.07999 1.41737 -0.433174 1.83348 0.738533 
44.2384 -10.8575 0.552699 2.1797 -3.60267 -1.74025 2.83457 -0.70333 -0.850986 0.23923 -0.575982 2.42748 -0.637131 
43.6249 -10.7585 0.716703 2.22084 -1.43542 0.665612 3.37422 0.062258 -0.371755 0.554529 -0.499458 1.4846 -0.633671 
45.964 -7.2691 5.54676 3.18091 0.0327789 3.34929 4.70251 1.13531 -4.63079e-006 -0.0594215 -0.613715 0.970852 1.50666 
64.7011 2.31409 5.14073 3.84373 2.74386 2.36433 1.67972 0.505459 0.126233 -0.335366 -0.605132 0.0226202 -0.12674 
78.5133 5.51211 6.43125 4.17627 3.04868 1.56956 1.25505 0.644438 0.243868 -0.422296 -0.563974 -0.855159 -0.846032 
65.7235 13.7989 12.8949 4.57786 -3.22584 -2.88967 1.85534 2.90017 2.25498 0.276996 -2.24513 -2.40709 -2.0644 
74.2506 17.3085 14.2325 3.32992 -6.78075 -4.90669 2.05831 3.99429 1.07257 -0.405261 -1.01651 -2.59179 -3.19483 
82.167 18.6067 13.0998 3.50182 -7.90559 -2.83835 1.40051 2.36821 0.98762 1.11448 -0.851171 -2.71635 -3.18885 
93.5885 17.4765 10.5211 4.66372 -8.68039 -2.15793 1.23374 0.413455 0.708386 1.20368 -1.0906 -2.7294 -0.994524 
118.321 11.0133 3.04812 2.97151 -3.16062 -1.21779 0.410338 -0.56058 1.18248 0.458305 -2.17567 -2.35704 -1.26346 
125.733 7.89252 1.50435 2.4265 -4.60881 -0.848813 0.860321 -0.531827 1.79578 -1.92802 -2.34836 -2.29766 -0.775002 
132.876 3.56508 1.51704 0.41029 -5.91302 -1.74608 -0.368266 0.0219445 0.922621 -1.68448 -1.99754 -1.98473 -0.931823 
138.908 -0.167593 -0.805334 -1.05794 -6.72653 -2.70751 -0.115082 1.04895 0.360494 -1.47154 -1.5503 -1.32347 -0.644887 
138.588 -0.661673 -0.930892 -1.64342 -8.10655 -1.47222 0.647851 1.61892 1.12599 -0.221924 -0.809315 -0.537829 0.239895 
136.406 0.326069 -1.52994 -0.122561 -8.79448 -0.1002 0.363554 0.577183 1.9944 -0.534685 0.0255117 -0.111984 -0.210017 
134.414 0.535609 -4.15305 1.2718 -8.66593 0.219224 0.14157 0.460485 2.78427 -1.43178 1.76706 -1.30574 0.177502 
136.851 0.144704 -5.44528 1.94216 -7.90413 0.726711 -0.194194 0.739651 2.511 -1.22788 2.8851 -0.411711 -0.175766 
140.814 -0.442958 -6.79899 -0.35081 -6.49705 1.6985 -0.311887 0.861883 1.64302 -0.850609 3.07042 0.129147 -1.17403 
142.308 -0.903238 -7.13341 -1.54619 -4.25007 1.47574 -0.528328 -0.59925 1.56733 -1.21188 2.70933 -0.69674 -1.45075 
146.681 -3.05107 -5.66038 -2.90108 -3.82836 0.50887 -0.204079 -0.322721 0.944285 0.899284 0.527698 -0.355865 -1.14606 
145.625 -5.15537 -5.92459 -2.72516 -5.02405 -1.21557 0.406185 0.231757 0.791899 1.9074 0.426465 -1.27543 -1.54244 
145.805 -5.85813 -5.83235 -3.07994 -3.941 -0.993841 -0.614752 1.06856 1.82887 1.74153 -0.57804 -1.17088 -2.18326 
147.732 -5.34937 -6.50038 -3.3637 -2.69865 -0.811261 -1.24435 1.05632 2.76883 1.36675 -0.53605 -0.636603 -1.18942 
148.773 -3.82439 -6.88041 -2.51097 -2.27119 0.479864 -1.79269 0.895138 2.61555 0.277275 0.649795 -1.11053 -0.398255 
148.45 -3.34821 -7.33672 -1.86947 -2.11913 1.01086 -1.71417 0.682477 2.27808 -0.271855 1.87691 -0.429479 -0.297394 
147.62 -3.97191 -6.79423 -2.7361 -2.32851 0.250383 -1.23327 0.275864 3.23522 1.39129 1.05758 -0.440498 -0.169477 
147.54 -4.60247 -4.92157 -3.19699 -1.28672 0.181558 -1.56527 0.588148 3.69928 2.20922 0.521293 -1.47833 -0.668192 
147.867 -3.0925 -5.35627 -2.82959 -2.11641 -0.165156 -1.48683 0.426204 3.17488 1.30083 0.86731 -1.05854 -0.0383823 
149.081 -2.74159 -5.0456 -2.09465 -3.54742 -0.517462 -1.5492 1.03011 2.89163 1.26002 1.26846 -0.922969 0.15876 
146.021 -2.0156 -3.6269 -1.71294 -3.57472 -1.52527 -2.25458 0.468981 3.35051 1.97137 1.05871 -1.82268 0.283208 
142.572 0.346485 -4.30962 -1.55469 -2.52763 -1.28888 -2.37401 -0.252514 2.56529 1.26803 1.38509 -1.58232 0.828389 
140.5 0.583552 -2.63373 -0.547767 -2.96953 -0.4667 -2.60087 -0.947421 3.21375 0.215616 1.23384 -1.46298 1.04384 
131.938 0.878919 -1.13259 -1.28932 -0.956236 1.07581 -0.91028 -2.12347 2.42229 -0.282848 1.54208 -2.58782 1.83865 
126.258 1.82761 -0.458287 0.00819405 0.769486 2.08159 -0.90489 -0.00613587 2.35447 0.519909 -0.559645 -3.14937 1.02272 
121.73 1.87751 1.63275 0.253339 -0.341708 1.46392 -0.786993 1.36213 1.35014 1.45102 0.328597 -2.33784 -0.823818 
117.796 0.732786 2.18052 -0.691682 -1.06973 0.938145 0.241452 1.65489 1.43754 1.38936 0.0776089 -1.71279 -0.952902 
113.547 -2.06177 1.3135 -2.52192 -1.21898 0.67324 -0.708597 2.21502 1.94147 1.18762 -0.0358519 -0.961389 0.45901 
112.497 -3.39487 1.5594 -2.26481 -1.10165 -1.03319 -2.55345 1.34973 1.66445 2.16817 0.924462 -0.715476 -1.00687 
109.797 -4.72091 1.73732 -2.53 -0.0448366 -0.179803 -1.68832 2.73765 0.28179 1.0855 -0.573949 -0.399764 -1.48519 
108.062 -5.47321 1.10251 -1.58457 0.407516 -0.103439 -0.409278 2.32252 0.896524 3.195 1.21645 -0.107629 0.149044 
106.62 -5.82097 -0.468105 -2.76556 0.237545 -0.478909 -2.11194 2.72836 1.23225 2.16794 0.830385 -1.1752 -0.613356 
104.795 -6.33674 0.075174 -3.0442 -0.540786 0.0786008 -1.77044 2.7287 1.08806 2.71858 1.51846 -1.00486 -0.218514 
101.782 -5.11975 2.47948 -0.49869 0.634519 0.626502 -1.62034 2.55607 -0.235367 0.745718 0.498302 -0.221348 -0.549111 
77.1724 -1.07278 4.13021 1.77171 1.83209 2.34415 -1.3402 2.12253 -0.344975 0.480484 0.407963 0.474096 -1.19897 
49.0077 2.45312 9.04694 6.27339 1.48546 0.320574 1.13633 -1.60757 -0.193588 1.43335 0.415636 0.599201 -0.810506 
46.8422 2.11672 7.62889 4.97748 2.49465 0.291714 0.817238 -1.76859 0.184291 1.71572 1.52331 1.59947 -0.32369 
45.7732 -0.509966 5.81167 3.38269 1.46028 -0.404432 1.02298 -1.79845 -1.17939 1.86193 1.90503 1.77382 -0.610054 
44.375 -0.48224 6.31291 2.86717 2.16407 -0.321651 0.806893 -1.65774 -1.5882 1.15737 1.52 1.65736 0.098235 
41.2861 -0.942246 6.5326 1.55275 1.26382 0.0414584 -0.352405 -2.12586 -1.73131 -0.109012 1.79947 1.40875 0.885033 
40.4464 -2.58423 4.66203 2.6235 2.87712 0.531165 -0.702293 -1.52219 -1.32163 -0.0899604 2.07262 1.24191 0.887619 
39.8485 -4.76077 3.14135 3.36293 3.52995 1.11794 0.147817 -0.159646 -0.300764 -0.431051 0.0732429 -0.849237 -0.767773 
39.6667 -4.82331 2.88424 2.3582 2.38371 1.97731 1.89639 0.39326 -0.788102 -1.07618 -1.04666 -1.16645 -0.123759 
41.1522 -3.31959 2.71468 -0.792539 1.07597 0.488348 0.71212 1.65888 0.667318 -0.131055 -0.744266 -0.707958 -1.561 
50.1596 0.876229 1.86002 -1.27269 -2.3052 -3.89161 -0.811935 1.91462 1.19045 0.501066 0.180128 0.601927 -0.2599 
60.8834 5.40798 0.638775 -0.0131401 -1.90153 -3.6883 1.0495 3.46733 1.07724 -0.747762 0.0819515 2.26299 -0.0639892 
70.4249 8.96626 -0.536449 1.38364 0.276325 -4.24485 1.67576 4.00997 -0.832379 -2.12175 0.0576788 1.85368 0.535192 
74.7738 11.4661 0.00555911 1.85747 1.48569 -4.38215 1.49088 3.24132 -0.551162 -1.75659 -0.214581 1.36269 0.0488204 
84.7245 6.18931 3.17905 2.26261 1.13616 -1.59846 0.134091 2.56899 0.667082 -1.27526 -0.28967 0.0442537 -0.853629 
75.5612 10.3797 3.97422 2.90838 1.30992 -2.60935 -0.491448 2.57876 0.7471 -0.633919 0.631588 -0.250686 -1.66805 
69.2914 13.608 5.0213 2.42708 1.41365 -2.30659 0.0314276 2.44367 0.895446 -1.14005 0.781269 0.264468 -0.936158 
67.556 12.2155 6.29576 2.57416 1.64658 -1.47885 -0.0948727 2.01431 0.599993 -1.61478 -0.263941 -0.0955228 -0.795439 
64.0447 9.7745 5.15288 1.52689 1.04248 -1.62718 0.989055 2.76118 1.20979 -1.60813 -0.134872 0.543077 -0.884265 
59.1519 8.61728 5.40743 2.21442 2.42409 -0.319694 0.531391 2.20156 0.779416 -2.1076 -0.446089 -0.0345208 -0.832967 
56.745 8.28747 6.74323 2.92468 1.12604 -0.874162 0.118899 1.32577 0.793751 -0.215276 0.450254 0.10473 -0.654248 
54.1907 7.35146 6.70696 2.52923 1.16299 -1.99154 -0.436654 2.94106 2.73519 -0.225469 -1.68827 -0.236737 0.41604 
52.783 5.97734 7.3109 2.01056 0.888193 -1.54272 0.00990585 2.39071 1.75906 -0.599214 -0.242608 0.635988 -0.624568 
50.3273 4.1846 5.81915 1.64079 0.334502 -1.31397 -0.778308 1.49259 1.34392 0.0979626 0.950984 1.148 0.716644 
49.5455 3.72586 7.45343 3.02472 -0.543834 -1.6711 0.737437 2.21908 1.28645 -0.379489 0.254498 0.628199 0.955347 
47.632 1.87218 6.80318 3.81986 1.74024 -0.505414 -0.00343573 1.85756 1.60968 1.01583 0.59754 -1.03126 0.386999 
47.8685 -0.0373111 4.72203 1.70285 0.501979 0.168144 -0.966548 0.391125 3.04491 0.557685 0.275804 -1.14404 1.37197 
49.974 1.19281 6.96335 3.34669 1.40096 0.945738 0.296762 1.78841 1.90068 0.112333 0.266428 -0.231371 0.22041 
56.862 5.61684 11.5956 3.82401 0.911886 -1.03702 -1.17141 0.485678 0.636891 0.453292 2.04389 1.70414 0.34802 
64.3506 8.8699 13.1426 4.89721 -0.00201105 -0.501344 -2.31766 -0.332049 0.168227 1.85778 2.52507 1.96202 0.271571 
67.933 9.73394 15.6382 6.18032 -0.309352 -0.3436 -3.81904 -1.81154 0.171118 2.74963 1.32506 1.0687 -1.14059 
68.905 9.5638 16.5818 6.37073 -0.124699 0.244269 -4.25727 -0.631349 0.569227 2.52658 1.28172 -0.2395 -1.489 
66.8726 8.58843 16.1013 6.44093 -0.533579 1.26737 -3.78386 -1.07256 0.482985 2.70757 1.12484 0.0236499 -0.783269 
64.984 7.29352 16.1141 7.47778 -0.112484 1.57664 -3.69314 -1.16125 -0.0720786 2.48135 1.8608 0.369684 -0.0719525 
62.0619 7.35127 14.7864 7.05318 0.117095 1.67151 -2.96573 -0.634921 0.124062 1.21604 1.15243 -0.545582 -0.627837 
61.1521 7.92903 14.2198 6.81324 0.636297 1.29014 -3.46118 -0.148648 0.014657 0.891012 2.50978 -0.0924216 -1.71085 
60.0184 6.39201 13.4129 7.09951 0.835806 0.766094 -3.1555 -0.745991 -1.47282 1.12476 2.08263 -0.490577 -1.50055 
57.2609 5.85274 12.098 6.67292 1.02476 1.17657 -1.26116 -1.49017 -1.30748 1.59563 2.20077 0.109181 -1.44006 
54.0995 6.2606 12.1418 7.05564 1.97618 1.36313 -1.2802 -1.84836 -1.01582 2.21672 2.13649 0.107827 -0.461389 
51.9829 5.19656 10.315 5.39011 1.59527 1.54018 -1.11599 -1.66739 -0.475154 3.42956 2.39606 -0.744975 0.16297 
51.189 5.7379 9.8175 3.57212 0.463937 1.18355 -0.243551 -1.78687 -0.769861 2.91784 1.91909 0.400863 -1.34495 
50.2065 4.11996 8.9469 3.96321 1.74289 2.18862 0.388473 -0.793908 -0.165462 1.75217 2.44851 0.906815 -1.38682 
49.9541 3.48338 9.29846 4.2563 1.36998 2.31095 0.589798 0.165467 -0.19021 1.54342 1.29637 0.335917 -0.791185 
50.7962 2.37797 9.6961 2.75146 1.31587 0.856857 -0.0752772 1.66977 0.182258 1.72638 -0.363363 0.350265 -0.439054 
48.3067 0.437701 7.60591 1.19297 0.804078 1.18606 -0.0480403 2.06935 1.13145 1.29482 -1.38496 -0.244443 -0.776705 
46.5406 -0.467272 9.07267 3.69641 1.23671 0.961973 0.640313 2.04645 0.532665 1.02131 0.129522 0.44015 1.07076 
45.1472 -1.99826 7.68205 3.61779 2.19142 0.76432 0.590149 1.49283 0.660821 2.44797 0.899509 -0.379793 -0.444723 
45.6173 -2.43936 5.76971 2.86047 1.41301 1.24076 0.223487 1.07581 1.61446 2.76615 0.468226 -0.499159 -0.724818 
44.6694 -4.70643 5.52573 1.09442 1.5735 1.37289 -1.31519 1.25071 -0.120242 1.61209 0.51768 0.488093 0.00661293 
46.3652 -7.11721 6.64575 1.84494 3.18973 2.77482 -2.10322 0.86878 -0.760543 1.59294 -0.0397885 0.166553 -0.969251 
45.587 -10.3611 7.65268 1.5347 3.02888 2.60752 -1.98033 2.34303 -2.49246 2.28973 0.347808 0.566567 -0.10155 
44.863 -11.023 7.65167 -0.453145 2.2584 3.31813 -3.14163 1.62263 -3.87571 2.03865 0.664216 1.07427 -0.186572 
47.2432 -11.4342 7.85193 -2.40133 2.17401 3.21509 -3.56451 1.94856 -2.18749 3.41219 0.819521 1.67934 -1.31986 
51.5429 -13.215 7.46515 -2.66385 -0.570473 3.03429 -3.41623 2.86071 -1.66055 3.32427 -0.278262 1.37216 0.0745472 
53.5409 -14.6892 6.2682 -4.29823 0.434143 4.4801 -3.85578 3.60638 -0.711659 1.74255 -1.83874 0.874842 0.833315 
53.3191 -14.8301 6.46706 -4.69788 1.24036 3.95401 -3.60486 3.19198 -0.799782 1.41315 -0.467479 1.64912 1.15187 
50.2608 -15.8882 6.68936 -3.41507 0.781184 3.88998 -4.02411 2.32938 -0.862254 1.90648 0.565302 2.35707 0.695228 
36.0755 2.59934 -7.05763 5.84672 -4.94786 5.25154 0.154869 -2.88529 3.13699 -3.86528 2.56227 1.45135 -0.132105 
56.2724 -8.17892 6.27408 -1.27851 -0.587718 3.2106 -2.18437 1.77953 -1.42486 0.832609 -0.156186 0.350213 0.251426 
2.77278 -4.66238 4.92483 -0.0161995 -1.39325 1.6356 -1.11447 0.675002 -0.331936 0.295773 0.696108 -0.297175 -0.0568093 
