0.0107486
0.021847
0.0552931
0.083068
0.114228
0.219314
0.148637
0.084167
0.368393
0.443913
0.425609
0.440809
0.494235
0.00311515
0.0316096
0.0650972
0.163749
0.209756
0.416324
0.19884
0.152723
0.517301
0.844517
0.607014
0.595813
0.939876
0.00953938
0.0919646
0.200001
0.501926
0.669761
1.26428
0.54635
0.454342
1.48944
2.67499
1.74007
1.66533
2.64873
0.659116
0.459842
0.698628
1.10116
1.32345
0.591856
1.65537
0.518481
0.94824
1.22275
0.79736
0.972544
0.906741
0.0915934
0.287787
0.789152
0.858822
1.14444
0.578546
0.741367
0.418571
0.97059
1.6462
0.865123
1.15829
1.38605
0.157038
0.566579
1.09563
1.96717
2.9818
1.31654
1.42229
0.993761
2.36491
4.31441
2.04397
2.96126
3.86386
0.0245421
0.207561
0.248113
0.577785
0.170256
0.369502
0.534915
0.131649
0.807742
1.72456
0.934364
0.71462
1.1939
0.0139449
0.0951034
0.226035
0.275782
0.248311
0.463504
0.181276
0.157233
0.405183
0.495865
0.422581
0.508339
0.685101
0.0149165
0.238022
0.452303
0.623263
0.606166
0.473822
0.309162
0.308325
0.860772
1.22164
0.881269
0.949803
1.45519
0.0623487
0.163997
0.141197
0.426807
0.958428
0.659725
0.597285
0.0918752
0.712327
1.08911
0.685263
1.683
1.39164
0.00762974
0.0566391
0.101465
0.28474
0.468442
0.560881
0.341688
0.103165
0.633823
0.780202
0.599093
0.670519
1.02902
0.0130249
0.116529
0.228583
0.721249
0.854926
1.31315
0.46692
0.267679
1.3113
1.85527
1.23974
1.49738
2.24283
0.753524
1.20345
0.641256
0.658037
0.944932
0.715816
0.642843
0.810902
0.956486
0.732159
0.769349
0.917463
0.943081
0.033022
0.140723
0.165989
0.314252
0.374691
0.30074
0.281533
0.159979
0.632859
0.687825
0.534248
0.732182
0.88883
0.0307443
0.191253
0.335404
0.609934
0.898457
0.743195
0.624039
0.404529
1.55103
1.67849
1.45259
2.07063
2.1327
