0.0450072
0.0539524
0.0461476
0.248289
0.0920863
0.235761
0.29005
0.158499
0.387739
0.479288
0.660731
0.577775
0.431692
0.029787
0.04424
0.0498868
0.5143
0.0760416
0.346498
0.404928
0.222578
0.740035
0.464483
0.768007
1.18252
0.957367
0.0135402
0.0997778
0.128924
1.63919
0.219946
1.05076
1.26335
0.649925
2.03678
1.52902
2.13479
3.41246
2.94281
0.127771
0.760363
0.340719
0.690706
0.322486
0.246715
1.00606
0.558798
0.801161
1.34187
1.08232
0.461148
0.507447
0.112939
0.650571
0.402798
2.05667
0.282537
0.336694
1.25851
0.491632
1.28123
1.09746
2.17949
0.859026
1.01916
0.221741
1.02881
1.32113
5.71835
0.437232
0.805675
3.94855
1.00574
3.75991
3.10235
6.03545
2.61006
2.86345
0.398944
0.442631
1.72071
1.0954
0.787935
0.927721
1.92028
0.369541
0.858625
1.32561
0.541064
0.76903
1.13355
0.0320574
0.114598
0.237726
1.6995
0.3275
0.452117
1.44311
0.281192
0.539343
0.773173
0.902875
0.865265
0.660419
0.0159193
0.450104
0.261774
3.84731
0.400201
0.798866
1.24163
0.495675
1.42125
1.67632
1.76529
2.04001
1.60549
0.298464
0.247701
0.894909
2.37302
0.927268
0.871603
1.60216
0.278174
0.510422
0.750551
1.10748
1.43611
0.975759
0.104323
0.218683
0.470648
2.03891
0.160618
0.795376
0.808634
0.260035
0.678087
0.65537
0.845044
0.984952
0.907751
0.0424272
0.306561
0.729026
5.27107
0.307821
1.21913
2.20226
0.598079
1.55646
1.76035
2.20533
2.0425
2.4039
0.996347
0.449031
0.931937
0.728231
0.722632
0.334788
0.522099
0.689265
0.751008
0.8491
0.300877
0.983853
1.04528
0.00845977
0.0814962
0.139573
0.847493
0.090279
0.297548
0.469376
0.116284
0.417148
0.446822
0.424242
0.761202
0.622327
0.0151756
0.18775
0.321912
2.3864
0.252708
0.834253
1.46255
0.355977
1.26806
1.31023
1.07011
2.03263
1.95066
