0.0144362
0.0432737
0.228691
0.341213
0.225164
0.214008
0.250325
0.0516845
0.163382
0.512014
0.354438
0.302436
0.401677
0.0043121
0.0314054
0.312908
0.433636
0.3636
0.406627
0.31761
0.0811531
0.316912
0.792724
0.720161
0.570199
0.723179
0.0193829
0.0911615
0.946742
1.37875
1.10831
1.27285
0.962586
0.246323
0.922383
2.33534
2.1547
1.6756
2.2036
0.667811
0.495448
1.91778
2.50624
0.757047
0.739923
2.13245
0.273216
0.27696
0.990572
0.531584
0.428845
0.596352
0.580308
0.494378
3.60962
4.33462
1.09352
1.22076
1.72398
0.320149
0.317621
1.47335
1.09063
0.933566
1.14215
2.04419
1.03205
10.933
12.0984
3.87545
3.231
4.65667
0.914599
1.05748
4.20559
3.13483
2.79763
3.63688
0.0962744
1.72694
1.16478
0.957594
0.587559
0.846161
0.456471
0.685238
0.569038
1.04817
0.714713
1.08971
1.0283
0.0777629
0.633349
1.60024
1.08417
0.893712
1.11165
0.626826
0.257705
0.477439
1.00072
0.769403
1.44433
1.1723
0.128552
1.41438
4.5404
2.80496
1.98025
2.74738
1.07472
0.488324
0.88034
2.16625
2.17626
3.87031
2.93885
0.082154
0.140673
0.758081
0.653855
0.787643
0.347734
1.09958
0.0948563
0.440383
0.848952
0.949581
0.481943
0.775631
0.00938042
0.0569074
0.219724
0.464397
0.303016
0.362478
0.374813
0.0834558
0.259781
0.67082
0.523503
0.551601
0.750923
0.00788764
0.0701521
0.56164
1.07162
0.772616
0.931352
0.755723
0.184346
0.536967
1.58742
1.06894
0.903005
1.82513
0.375077
1.37569
0.685882
0.745778
1.60746
0.385729
0.633069
0.661882
0.865286
0.959073
0.611274
0.612804
0.586463
0.0210655
0.197257
0.407597
1.17712
0.467814
0.397879
0.572166
0.134751
0.158915
0.730699
0.680376
0.864646
0.980649
0.0224515
0.272636
0.778689
3.18506
1.00355
1.06209
1.28057
0.377599
0.515338
1.85771
1.85489
2.54882
2.74904
