0.00413423
0.0418192
0.0264966
0.212317
0.294517
0.241703
0.29701
0.0943708
0.14842
0.587802
0.169841
0.471387
0.1931
0.00272561
0.0696912
0.0407203
0.295435
0.405258
0.297915
0.569017
0.109742
0.342268
1.14093
0.36531
1.13646
0.499201
0.00714275
0.314527
0.177147
0.819616
1.24895
0.855484
1.44011
0.315307
1.00202
3.96997
0.822407
2.88664
1.24937
0.00432617
0.137172
0.0432168
0.0996529
0.084359
0.159411
0.184102
0.0957369
0.283304
0.391272
0.24853
0.372251
0.446646
0.00374358
0.134181
0.0761582
0.112838
0.112713
0.222892
0.427097
0.203458
0.521733
0.861424
0.373801
0.608317
0.827563
0.0167421
0.396969
0.213185
0.36836
0.308093
0.711067
1.30352
0.606639
1.48788
2.10369
1.03792
1.92529
2.30355
0.400509
0.78258
0.984088
0.742278
1.03142
0.723708
0.985929
0.50323
0.826416
1.00245
0.651495
1.52707
0.838705
0.0443661
1.1032
0.918977
1.00791
1.38092
1.07448
2.093
0.430974
1.10037
1.736
0.696603
1.48383
1.15741
0.132286
1.6107
2.26783
1.70408
3.75229
2.66688
4.31505
1.05876
2.42207
5.07102
1.15729
3.00055
2.85806
0.0130002
0.520948
0.232296
0.236059
0.325425
0.211125
0.312888
0.145146
0.307146
0.711865
0.236159
1.18959
0.983929
0.00426243
0.146839
0.0978016
0.194818
0.205201
0.157939
0.361548
0.118092
0.29306
0.488721
0.258482
0.687508
0.429761
0.0109503
0.443327
0.299026
0.545761
0.50959
0.389181
0.962004
0.305771
0.758186
1.23086
0.71064
1.47571
0.955296
0.673338
1.07165
1.42828
1.05011
0.621667
1.43893
0.523995
0.37453
0.644703
1.25879
0.868972
0.860377
0.835941
0.017752
0.28391
0.250571
0.437669
0.371408
0.511528
0.587753
0.163479
0.547494
0.817908
0.400428
0.780298
0.653243
0.0184561
0.455386
0.379079
0.725126
1.10886
0.903562
1.39849
0.35396
0.895347
2.12949
0.919276
1.90669
1.72894
