-1.08739
-0.835863
-0.663092
0.00330969
0.936069
0.954019
0.011177
1.03964
0.412138
-0.304247
0.659337
0.180391
0.591894
0.0284646
-0.0341196
0.00806448
-0.0699857
0.00347229
0.00134081
-0.045317
-0.0652579
-0.0589357
0.0325779
-0.0102218
0.0724287
-0.0327519
0.0161339
-0.00791167
0.0226887
-0.0437459
-0.00827692
-0.0400454
-0.0639585
-0.0635346
-0.0969238
-0.0304548
-0.0650668
-0.0587371
-0.0974545
-0.509727
-1.26285
-0.0185522
-0.568601
0.979405
0.793844
-0.601847
0.359267
-0.302795
0.170458
0.27468
0.284719
-0.373335
0.123056
0.109409
0.15162
-0.115068
-0.0516618
-0.0286495
-0.0723811
-0.0609448
0.00483801
-0.147923
-0.102484
-0.0765026
-0.137265
0.119728
0.336238
0.301278
-0.00992079
-0.165077
-0.153098
-0.0705004
-0.10345
0.000409849
-0.273763
-0.0567037
-0.0912948
0.043987
0.72055
0.95592
0.849536
-0.38105
-0.447001
-0.490425
-0.402202
-0.938934
-0.835583
-0.879879
-0.497125
-0.385614
-0.536434
0.665688
0.754841
-0.396923
1.00877
-0.930994
-1.05423
1.00386
-0.861382
-0.59633
0.738547
-0.197553
0.273144
0.309988
-0.37469
-1.22374
-1.1039
0.730406
0.443726
0.468826
0.722594
0.526579
0.346088
1.47941
0.328586
0.861066
0.167691
1.24553
0.983464
-0.0925022
0.614453
-1.23511
-1.22421
0.928518
-1.18305
-0.575904
0.323491
-0.995196
0.27371
-0.461713
-0.0158034
-0.00200693
0.0630784
-0.0744615
-0.00479006
0.0305362
-0.0196357
0.062355
0.104668
-0.0224004
-0.0425172
-0.0392902
0.0149805
-0.0312273
0.0169512
0.0114059
-0.162675
0.0499248
0.0513009
-0.128214
0.0407774
0.0273623
-0.0958687
0.00404939
-0.0938817
0.0503908
0.0233821
0.338385
0.420517
-0.11393
-0.182639
-0.0928572
-0.307286
0.0771974
0.416887
0.060325
0.198427
-0.430311
0.170152
-0.119772
-0.0593878
-0.000123618
-0.0613493
0.114633
0.107559
-0.151582
0.123361
0.0730306
-0.0607275
0.132243
-0.0047157
0.0615561
0.000364846
0.00133009
-0.0172411
0.0306858
-0.0137978
-0.0248276
0.057046
-0.0290407
-0.0552383
0.012435
0.0131811
0.00165836
-0.027526
