-0.957038
0.196863
0.175163
-0.122283
0.435154
0.605142
1.00743
0.476919
0.538959
-0.0239664
0.577353
-0.337785
-0.0738856
0.103618
-0.190629
0.0395829
-0.0564348
-0.131307
0.142642
-0.0598537
0.204473
0.0848115
0.0335613
-0.0565855
0.0956027
-0.0148731
0.0580091
-0.0788118
0.0844167
0.0169263
-0.0480818
-0.034791
-0.0289251
-0.00447676
-0.0678483
-0.0590917
-0.205369
0.070257
0.223036
-0.888545
-0.00996087
0.342105
-0.522704
0.61022
0.674317
0.876418
0.634016
0.153533
0.39326
-0.0390509
-0.410709
0.0541778
0.0393188
-0.108273
0.0672275
-0.0226376
-0.0110816
0.0327353
-0.0795482
-0.00607242
-0.0102884
-0.0125238
-0.0372653
0.019662
0.00212868
0.00478242
-0.0164683
0.0303333
-0.0273897
0.0181334
0.00877263
-0.0214435
-0.00498933
0.0469882
-0.00524411
0.0201394
0.00507312
-0.00954385
-0.29268
-1.53882
1.11338
-0.883443
0.562506
0.871557
0.245688
0.641685
-0.0668378
0.527336
-0.231389
-0.0863864
0.128867
0.116213
0.0518395
-0.00736053
-0.0160373
0.0390579
-0.121994
-0.159383
-0.141722
-0.211414
0.0386286
-0.0971224
-0.103378
0.0682417
0.126699
0.380475
-0.0738855
0.181013
-0.16496
-0.167273
-0.239194
-0.25951
-0.31445
-0.0645409
-0.161657
-0.305952
-0.194119
0.804948
0.739217
-0.135166
0.183424
-0.414312
-0.223962
-1.11459
-1.39446
-1.15554
0.160706
-0.973682
-1.37443
-0.0342959
0.741686
1.03066
-1.15224
0.853633
-1.00063
-0.54361
-0.498383
-1.10044
0.407912
-0.190479
0.341719
-0.107468
0.300064
-0.313009
-1.11749
-0.214354
-0.116807
0.357545
0.227482
0.922515
0.876661
1.64692
0.0372946
0.981937
1.4164
1.08589
0.561645
0.334061
-0.486445
0.483747
-0.435216
-0.607206
-0.504438
-0.424585
-0.0235098
-0.312342
0.0723549
0.376345
-0.0318229
-0.0639446
-0.0522369
0.0381543
-0.01994
0.0196765
0.0167242
0.048169
0.115149
0.00628589
-0.0500271
0.0349209
0.0498853
-0.0834659
-0.0179576
0.00758409
0.0444142
-0.0351756
-0.0174824
0.0328034
-0.00382232
0.0125667
-0.0363191
0.0207735
-0.0249903
-0.0523435
-0.0431043
