0.62654 -0.862918 0.513211 0.994053 -1.61345 1.22844 -0.834757 0.466794 -0.620093 -0.145106 -3.45874 -1.22171 -1.52532 1.77191 0.146352 -0.00703852 -0.203848 -1.44427 0.0883716 -2.20033 0.0691186 -2.00343 1.30215 -1.23218 -2.09709 -1.05424 -0.61398 1.7196 -0.866611 -1.69436 1.15811 -1.29452 1.00451 -0.576522 0.22822 -0.0791853 5.04398 1.12735 1.85824 
1.12466 -0.899532 0.267639 0.729539 -2.10487 1.08605 -1.08496 0.788961 -0.462293 0.542912 -2.0592 -1.01902 -1.14578 0.0125596 0.856683 -0.3534 -0.700306 -0.455332 -0.0660824 0.169756 -0.109728 -0.391873 -0.224291 1.58524 -0.0943569 0.332928 -2.8906 1.27548 0.324524 -1.19087 1.61591 -0.362299 2.67023 -0.694226 1.41278 -2.51811 2.73854 1.77558 1.8338 
0.6391 -0.00623525 0.159811 0.293747 -2.06878 1.16236 -0.665001 0.357066 -1.01197 -0.369397 -1.8735 -1.31606 -1.19239 -1.11869 1.42183 0.317485 -1.39472 0.17164 -0.273927 0.46989 -0.625108 -0.590648 -1.21596 1.50636 -0.321507 0.779561 -1.37809 -1.0274 1.37063 0.257631 3.07808 -0.310806 1.27259 0.457998 1.71261 0.689878 0.525433 1.33654 1.37637 
0.00596695 0.522298 0.585124 -0.66518 -1.93323 0.812124 -0.615073 0.163853 -1.05294 -0.673048 -0.552832 -1.34053 -0.366221 -1.36553 -0.170721 1.01723 -0.442675 2.62275 -0.376888 1.44235 0.348269 1.32074 0.465586 2.11067 1.24218 1.7093 0.213289 -2.53558 -0.0288595 1.65644 2.92415 0.3273 1.33431 1.38314 2.39066 1.4482 -0.186916 3.09538 0.677453 
-0.726426 -0.176956 1.17704 -0.148928 0.553973 0.785469 0.77735 0.705335 0.308775 0.0961891 0.237176 -0.0738791 0.516907 -0.905401 -1.11375 0.288626 0.26172 3.09579 0.0533732 1.8042 0.758031 1.80001 0.232243 1.31945 2.77387 1.45701 1.22484 -0.2666 -1.56802 0.176313 -3.05374 0.412207 -1.11724 -0.500179 -0.721627 -0.662155 -1.26735 -0.0327859 -1.78656 
-0.899434 -0.591448 0.873749 -0.403459 1.16255 0.865498 1.18913 0.921884 0.747066 -0.440804 0.766615 1.43334 1.09079 -0.140681 -0.43732 -0.550788 -0.266362 -0.43099 0.0353187 0.325108 -0.15191 0.599115 -0.196568 0.843326 1.2094 -0.0772688 0.875193 0.794375 -0.609279 -0.527105 -4.58494 -0.279208 -1.71945 -0.754722 -1.4944 0.140903 -1.96528 -3.58364 -2.30967 
-0.867107 -0.614276 0.626253 -0.41529 0.122984 0.820787 1.10246 0.553426 0.90789 -0.100379 1.0805 1.13552 0.439638 -0.0302084 -0.319371 -0.320653 -0.265384 -1.48916 -0.225835 0.0847531 0.00330894 0.305606 0.373146 -0.645834 -0.809769 -0.852657 0.182583 0.164778 0.60465 0.472148 -0.0347207 -0.230011 -0.377354 -0.01703 -0.604894 0.603271 -2.59787 -1.94497 0.0203031 
-0.929642 -0.910819 0.553096 -0.668843 -0.326606 0.639663 1.27388 0.925193 1.05267 -0.0676585 0.120781 0.623575 0.238137 0.0419014 -0.272542 0.0538616 0.205786 -0.46571 -0.194692 -0.0522456 -0.16894 -0.00577979 0.406702 -1.75454 -0.735568 -0.0569657 0.044994 0.327256 0.277624 0.185734 1.83782 0.336853 -1.08252 -0.611901 -0.388968 -0.393882 0.819939 0.968669 0.945979 
-0.825206 -0.886819 0.680115 -0.209504 -0.342727 0.626095 1.05021 0.384486 0.90211 0.306323 -0.67404 0.39995 0.382672 0.0147856 0.00788549 -0.0430291 -0.0796503 0.348664 0.111018 -0.997765 -0.608592 -0.0833627 -0.0207363 0.174104 0.1589 0.0933222 -0.0565863 0.316593 -0.0987184 -0.924248 -0.0219624 0.151146 -0.577446 0.543371 0.0931877 -0.313009 2.1796 0.0642975 -0.0852351 
-0.914857 -0.902933 0.510067 -0.748494 0.0220589 0.750681 0.276118 0.316602 0.969309 -0.0883948 0.294885 0.782475 0.331459 -0.0146849 0.0440505 -0.0448568 -0.718462 -0.487673 -0.0435466 -0.629692 0.374431 0.0874079 0.0936934 0.425062 -0.671271 -0.142201 0.139338 0.162078 0.302616 0.608113 -0.934234 -0.0763426 1.25745 0.955181 -0.716583 -0.154276 -0.492068 -0.427319 -0.582111 
-0.839891 -0.842768 0.635258 -0.927966 -0.830399 0.582548 0.420521 0.758917 0.989518 0.400016 -0.248978 -0.271321 0.240471 0.154123 0.169963 0.259587 0.528463 -0.58557 0.0346753 0.259682 0.346589 -0.799946 -0.175012 -0.317964 -0.268419 -0.488789 0.140862 0.110552 0.110399 1.62799 1.98477 0.186179 0.972563 -0.621122 0.0773347 0.438368 0.615247 2.25901 1.10038 
-0.760733 -0.73297 0.769654 -0.220031 -0.563511 0.785356 0.535799 0.663191 0.169363 -0.263407 -0.0230785 0.514056 -0.157331 0.126177 0.154602 0.0655426 0.909532 1.4971 0.142633 0.342871 -0.246691 0.164743 0.532062 1.04031 1.58774 0.958179 0.171998 -0.383184 -0.982522 -0.026151 1.82706 -0.0878713 -0.0489362 0.194672 2.5095 2.16643 -0.677221 -0.263504 1.33058 
-0.713714 -0.688166 0.700801 -0.018434 0.666702 0.725181 0.763392 0.512226 1.15426 0.932078 0.79133 1.31642 1.19865 0.326121 -0.213221 -0.722936 0.502312 1.24149 -0.053196 0.210746 0.541261 1.70955 1.99142 -0.995185 -0.531923 0.841786 0.178368 -0.337649 -1.41434 -0.742377 -0.582364 -0.591133 -0.382717 0.280088 0.0261921 0.0802312 -2.89315 -2.14191 -0.180686 
-0.434612 -0.946191 0.0467181 0.282281 0.677981 0.73216 0.746545 1.20445 1.87892 1.72801 -1.01826 -0.017867 0.684456 0.304545 -0.183047 -1.3488 0.167155 0.914738 -0.4485 -0.0398462 0.0333967 0.190935 0.612293 -1.85284 -0.554164 0.777493 -0.57874 0.444577 0.970872 -0.684038 -1.33545 -0.115871 -0.0128692 -0.771024 -2.56214 -2.77686 1.27143 0.181447 -0.188273 
-0.409169 -0.871213 -0.647997 0.148721 1.58144 0.276681 0.723545 0.545623 1.3452 1.54437 -1.06151 0.762257 1.97614 -0.252619 0.231356 0.247937 -0.181726 -0.0939616 -0.169067 0.197877 -0.229763 -0.852584 -0.785441 0.276241 -0.350475 0.653513 -0.729341 0.348075 2.61607 -0.601493 -1.9246 0.914561 0.422223 0.097835 -1.13699 -2.0383 3.72913 0.546936 -0.156127 
-0.687232 -0.714835 0.294655 0.100555 0.584019 0.563093 0.944422 0.974688 1.02633 0.942572 -0.742022 -0.368343 1.33797 -0.424796 0.165028 1.26727 -0.434338 -1.00986 0.466061 0.382376 0.131232 -0.946051 -1.42601 1.87629 -0.00722745 0.621365 0.0598231 -0.468669 -0.124909 -0.342945 -1.10264 0.477225 -0.104143 0.231227 0.952785 -0.58733 -0.451109 0.988733 -1.44713 
-0.833965 -0.706185 0.619277 -0.285617 0.571577 0.742742 1.10592 0.676854 0.399144 0.118365 0.814779 0.75503 2.59751 -0.192796 -0.237313 0.123027 -0.524671 -1.1966 0.308159 0.0937331 0.00146359 0.100202 -1.37277 -0.174867 0.638258 -0.79362 0.433861 -0.201982 -1.31114 0.287647 0.807181 -0.266152 -0.375353 0.342092 1.89403 1.36787 -2.88579 -0.610816 -2.9231 
-0.880028 -0.952148 0.417682 -0.424116 -0.612583 0.871252 1.03815 0.976151 1.12654 -0.430199 -0.916889 0.269915 0.544349 0.00906504 -0.0369538 -0.0438647 -0.146691 -0.202682 0.199909 0.00702354 0.473323 0.947977 -0.0581343 -1.0095 -0.618043 -2.30174 0.249103 0.652327 -0.101919 0.200273 1.58933 -0.534451 -0.37622 0.330134 0.17791 2.03492 1.6354 0.103485 1.17544 
-0.8249 -0.743139 0.575412 -0.432307 0.368895 0.942651 1.11295 1.15018 1.34712 0.0602303 -0.194723 0.136987 0.295769 0.056307 0.415014 0.0211082 -0.324398 0.392732 -0.226292 -0.282487 0.331598 0.278111 0.662152 1.46053 0.741743 0.381815 -0.000304405 0.0914946 -0.0666997 -0.0232162 0.0100272 -0.339303 0.112242 -0.345116 -1.56291 0.173938 1.20171 0.708941 2.89791 
-0.823721 -0.537135 0.43879 -0.748513 -0.219851 0.64496 0.755668 1.30775 1.40465 0.231953 0.543644 1.01166 0.926164 0.00876063 0.0545407 -0.110564 -0.169907 -0.192655 -0.139393 0.119266 0.128207 -0.614934 0.115804 0.192207 0.0908981 0.596171 -0.0561431 -0.434 0.280344 0.610348 0.493309 0.233081 0.190123 -0.504981 -0.763192 -0.364155 -1.64535 -0.806416 -0.518671 
-0.81614 -0.688599 0.464848 -0.602214 0.176241 0.803258 1.23221 1.27839 0.732188 0.176034 -0.0025162 0.227885 0.89194 0.000163854 -0.0189863 0.301452 0.28595 0.886041 0.00678854 -0.0923643 -0.173383 -0.485081 0.297997 -0.184814 -0.064673 -0.136856 -0.0354885 0.0359747 0.302908 0.363689 0.554195 -0.00911159 -0.0911366 -0.00794243 1.08428 0.17612 0.260791 0.543978 -1.5817 
-0.823557 -0.556121 0.740242 -0.462563 0.66619 0.651748 0.663303 1.13437 0.919566 0.529949 0.35883 0.946985 0.789308 -0.0267279 0.0905154 0.192343 0.193782 0.36154 -0.148505 0.0281294 0.120265 0.469348 0.291924 0.452998 0.634876 -0.98553 -0.014111 -0.257336 -0.557064 -0.698826 -3.2932 -0.287821 0.186055 0.205802 0.040031 -0.299927 0.135839 -0.670782 0.546164 
-0.842868 -0.598083 0.657191 -0.408432 0.537781 0.654753 1.26034 1.39865 1.20154 0.467959 0.450482 0.862761 -0.0935896 -0.0139471 -0.276322 -0.255612 -0.412876 -2.40716 -0.281032 0.0936911 0.0324189 -0.44505 -0.00193026 -0.0489756 -0.735455 0.409308 -0.0704122 -0.272046 -0.311765 -0.837518 -2.21917 -0.17781 -1.57616 -1.58264 -1.60407 -0.999989 -0.835736 -1.98406 0.131371 
-0.837504 -0.832443 0.48463 -0.875439 -1.74097 0.370716 0.756995 1.16679 0.474516 0.528019 0.309854 0.21153 1.19862 -0.0971401 -0.181531 -0.119422 -0.643735 -1.85763 -0.326315 -1.54803 -1.46237 -1.13473 -0.708064 -0.382737 -1.34918 -0.854159 -0.0627591 0.288967 0.357074 0.830568 4.01435 0.529492 0.334211 -0.514975 0.779344 -0.56549 0.207875 1.71908 -0.025976 
-0.940008 -0.779614 0.537769 -1.05217 -1.31985 0.328438 -0.287689 -0.0637231 0.0668098 -0.240105 0.0677446 -0.486424 -0.947748 -0.0767062 0.0126441 0.101462 0.417693 1.60719 0.248459 0.427902 -0.482556 0.334293 -0.56742 0.158899 0.983622 0.383332 0.15598 0.218716 -0.000354253 0.903925 3.30758 0.535248 3.34507 2.37955 1.72741 1.65169 1.62043 3.94505 2.16995 
-0.91421 -0.819799 0.586092 -0.457746 -0.133783 0.619175 1.1849 0.684229 0.808809 -0.0394011 0.468753 1.19515 1.58195 0.05884 0.0371853 -0.119776 0.26019 1.44995 0.208932 1.79704 0.917179 0.592689 0.94363 1.23769 2.59586 1.31579 0.166409 0.20525 -0.0820028 -0.629611 -2.30716 -0.165553 -0.306029 0.669359 -0.205907 1.47987 0.441672 -1.06643 -1.33753 
-0.881168 -0.742429 0.417992 -0.791978 0.130099 0.537371 1.50935 0.853456 0.659498 0.703525 1.30544 2.10944 0.368046 0.0897029 0.217894 0.0194591 -0.211919 -0.699968 0.082906 0.121873 0.186803 0.128386 0.912446 0.600571 -0.0828055 -0.954196 -0.0311937 0.0612141 0.250968 -0.453591 -2.80316 -0.206268 -2.57856 -0.84094 -0.473595 -0.936955 -1.93486 -4.31465 -1.62382 
-0.824507 -0.601905 0.605551 -0.669665 -0.833751 0.702081 1.30677 0.871032 0.937196 0.873045 1.06932 1.11235 0.627752 0.0276462 0.0983993 0.131191 -0.193402 -1.35321 0.00266435 -0.781526 0.0762395 0.119094 0.0066757 -0.697171 -1.71878 -0.308029 -0.154212 -0.438108 -0.0536876 0.0526756 0.956573 -0.258239 -0.721527 -0.194012 -0.42291 -2.42604 -1.8102 -0.817338 -0.493269 
-0.853521 -0.644029 0.549184 -0.98538 -1.22311 0.540035 0.727824 0.929696 0.778592 0.710201 0.608267 0.390655 0.0600173 -0.0645089 -0.220214 -0.0342285 -0.159243 0.256605 -0.175333 -0.599653 -0.00720919 -0.294523 -1.5136 -1.20963 -0.900144 -1.44747 0.000171769 -0.157674 -0.24324 0.588938 2.76081 -0.177522 0.769435 -0.546601 -0.0880453 -1.04984 -0.169198 1.22488 -0.958829 
-0.889016 -0.822119 0.571322 -0.828908 -0.577146 0.526748 0.707116 0.863823 0.642673 -0.640554 -0.140305 0.212202 -0.819713 0.027818 -0.0592744 -0.112049 0.395536 1.4076 -0.174857 -0.0120907 -0.470361 0.0310484 -1.04317 -0.866369 -0.493907 -1.26686 0.100038 0.262558 -0.0647143 0.452726 0.246616 0.373108 0.81665 0.396887 0.433207 2.39138 2.05225 0.565847 2.73875 
-0.825703 -0.703304 0.437135 -0.589844 0.18449 0.365178 0.715733 0.459335 0.809641 -0.332965 -0.258102 -0.103252 -1.20684 0.0355296 0.0423437 -0.0989428 0.293483 0.503221 0.197775 0.216996 0.389678 0.138684 0.877777 0.842625 -0.334297 1.29128 -0.120314 -0.181093 -0.0527458 -0.375639 -2.46596 0.354877 -0.219455 0.63008 -0.514187 0.584087 1.10656 0.815791 2.31086 
-0.853487 -0.779775 0.47238 -0.535425 -0.0739249 0.724523 0.924113 1.2535 0.781356 0.237223 0.70232 -0.122094 0.471572 -0.0924959 -0.240368 -0.164795 0.0198968 -1.05836 0.18002 -0.231545 0.159718 -0.483139 -0.459079 0.240189 0.321884 1.04401 -0.117215 -0.225597 -0.00716783 -0.647175 -1.76321 -0.257678 -0.32673 -0.416914 0.255312 -1.29792 -1.0011 0.336804 -2.46095 
-0.918199 -0.943671 0.27234 -0.569947 -0.873866 0.545198 0.484188 0.619053 0.326502 -0.792045 -0.0179133 0.218631 -0.162834 -0.0816852 -0.183253 -0.106111 -0.353692 -1.25999 -0.0599036 -0.109733 -0.0272362 0.393996 -0.420139 -0.158479 0.00250779 -1.16967 0.192557 0.516093 0.38804 0.00949879 1.09371 -0.331984 0.0284263 -0.0190838 0.609646 1.53174 0.293569 -0.967503 -0.815084 
-0.935172 -0.963029 0.366269 -0.889117 -1.33392 0.664619 0.814379 1.22626 1.17535 -0.182916 0.543841 -0.119586 -0.698098 0.100062 0.275725 0.223245 0.0293956 0.0353517 -0.151964 -0.203119 0.140635 0.126507 1.07266 0.533758 -0.645619 0.228923 0.133047 0.114678 -0.117749 0.28684 2.59451 0.111722 -0.117611 -0.324825 -0.970045 0.0809494 -0.826025 -0.465452 2.22716 
-0.818138 -0.667946 0.495585 -0.540552 -0.838514 0.393234 0.281069 0.759688 0.453009 0.28062 0.515845 -0.426988 0.0660885 0.0513619 -0.0685753 -0.22386 -0.0668525 1.33452 0.0518187 -0.227345 -0.352061 -0.576049 -0.33919 -0.984504 -0.462944 1.0575 -0.146507 -0.511412 -0.400775 0.108033 0.342773 0.399692 0.721799 0.489017 0.39912 -1.90469 -1.24984 0.819683 -0.297177 
-0.88381 -1.0316 0.142409 -0.955969 0.000600422 0.716438 0.587035 0.874204 0.599303 -0.522106 -0.440664 -0.582531 0.359398 -0.0464452 -0.235687 -0.17753 0.137429 0.378124 0.247728 0.51868 0.629651 0.525627 -0.832024 -0.716084 0.174064 -0.0682538 0.00505413 0.384256 0.706707 0.547682 -2.21959 -0.321855 0.253287 0.502525 0.634175 0.543391 1.13299 1.03438 -0.294503 
-0.864583 -0.903633 0.318055 -0.403123 -0.46039 0.640962 0.799749 1.38934 0.978636 -0.551404 -0.20024 -0.252924 -0.00216526 0.056416 0.315681 0.482846 0.480829 -0.885074 -0.270036 0.0259425 0.150464 0.0581265 0.204201 0.14849 0.57144 0.762992 0.0275634 0.231765 0.396123 -0.114741 -0.326148 -0.562479 -0.99438 -1.24943 -0.698329 1.79993 1.33142 0.536315 0.424066 
-0.827394 -0.715923 0.625255 -0.47514 -0.884474 0.446402 0.612977 1.02467 0.65743 -0.317904 -0.292174 -0.0110908 1.12239 -0.0188818 -0.00392175 0.218593 0.0226877 0.0519763 -0.314751 -0.4757 -0.619779 -0.172702 0.967902 0.615335 0.71038 0.355812 -0.0582653 -0.517654 -0.800774 -0.724632 1.0873 0.393999 0.375095 -0.681775 0.113997 0.343175 1.20258 1.36587 -0.467856 
-0.883465 -0.907555 0.536648 -0.380435 -0.408413 0.326211 0.324049 0.76956 0.805934 0.416498 0.415095 0.457456 0.353647 -0.0018493 -0.201973 -0.317927 -0.243802 0.202227 0.123963 0.401038 -0.531311 0.172124 0.547376 1.35107 1.93731 0.295136 0.0769757 0.104555 -0.198279 -0.112417 0.172996 0.610779 1.30593 0.818949 -0.0908817 -0.89281 -0.269972 -0.229921 -0.282237 
-0.829243 -0.917897 0.307328 -0.718942 -0.682247 0.570366 1.01402 0.493357 0.829553 0.229472 1.0589 1.92622 1.41753 0.058094 0.100633 0.0203144 -0.0897292 0.224972 0.296028 0.830231 0.19917 -0.263584 0.0750922 0.345363 0.480458 0.0735755 0.0113907 0.314791 0.597251 0.304002 0.60682 0.553295 -0.614163 1.18805 -0.109654 -1.60171 -2.57233 -4.10922 -2.08438 
-0.825371 -0.806921 0.556962 -0.470165 -0.183441 0.622239 1.15428 0.968729 0.54235 0.491591 0.760458 0.937914 0.427222 0.00954136 0.112817 0.279324 0.0601996 0.809047 0.677258 -0.213125 0.656739 0.0624701 -1.05433 -1.22126 -2.17191 -1.78924 -0.019771 0.0136772 0.0439855 0.233069 -0.728516 -0.0115652 -1.31947 -0.129343 0.759364 -0.93411 -0.667068 -1.18204 0.965957 
-0.819702 -0.805079 0.586652 -0.658743 0.1268 1.24762 0.80089 1.1501 0.892024 -0.824856 -0.162361 -0.245689 -0.371714 0.038323 0.11431 0.0642998 0.143339 -0.503544 0.284463 -0.489234 0.0698267 0.49578 -0.859018 -0.321706 -0.701583 1.03953 -0.0544524 -0.162272 -0.358692 0.423872 -1.00469 -1.05822 0.655155 -0.543295 0.667677 2.40218 2.22243 2.92202 3.58593 
-0.787048 -0.692611 0.621262 -0.326825 -0.686984 0.906702 0.665046 1.03856 1.03813 -0.367428 0.438752 0.236332 1.46676 -0.044911 -0.0494544 -0.079368 0.484071 -0.195642 -0.380964 0.44203 0.113443 0.730147 1.34785 1.00117 0.750108 1.79669 -0.101101 -0.187083 0.228909 -0.478475 1.40291 -0.169592 0.574433 0.404961 -0.433107 0.551224 0.0796127 0.677947 -1.71747 
-0.864613 -0.854534 0.507284 -0.174671 -0.0688417 0.86666 1.24292 1.26354 1.62217 0.522991 0.83881 0.504419 1.42498 -0.0627783 -0.0727725 0.293209 -0.335136 0.899367 0.114871 0.0851985 0.474787 0.0626732 -0.307794 -0.242093 -0.0236353 -0.677939 0.0263767 -0.143924 0.10476 -1.21863 -0.238099 0.215806 -2.17425 -1.28917 -2.16519 -2.88054 -2.67527 -1.77139 -4.08822 
-0.849826 -0.765383 0.91447 -0.661961 0.212383 1.02157 0.750244 1.51334 1.1008 -0.675221 0.196659 0.212696 0.788816 -0.0185343 -0.193378 0.0253917 -0.734558 -0.433741 -0.165158 -1.73222 -1.17573 -1.43504 -1.53269 -1.6741 -1.02129 -2.29153 0.0084448 -0.0196045 -0.571248 0.0855262 -1.9796 -0.299457 -0.854568 -2.00881 -0.966477 -0.0397827 -0.915606 -1.35791 -0.837722 
-0.883147 -1.04791 0.532676 -0.90923 -0.502583 0.701501 -0.4893 0.087808 0.187131 -1.0097 -0.83529 -0.516866 -0.866555 -0.0543335 -0.0923771 -0.278039 -0.249609 -1.08024 -0.184586 -0.76937 -1.53402 -0.903804 -0.347576 -1.1577 -1.38154 -1.51566 -0.0790028 0.412846 0.12886 1.26322 0.677596 -0.11108 2.57396 1.31253 1.88112 2.06505 2.05207 1.17928 2.251 
-0.90416 -0.857761 0.636431 -0.91157 -0.867853 0.836987 -0.0191254 -0.0206791 0.197 -1.0228 -0.961041 -1.16885 -0.726845 -0.0975371 0.219467 0.154251 0.528658 0.243855 -0.276239 0.841742 0.136798 0.44608 0.532363 0.377973 0.157991 -0.0405315 -0.0722813 -0.0485609 0.234535 0.810603 1.37322 0.184109 1.0493 2.13014 1.27437 0.0186968 1.06515 1.79382 2.98165 
-0.980684 -0.828445 0.686927 -0.380571 -0.258728 0.425263 0.352441 0.224606 0.633211 -0.477334 -0.457318 -0.358875 -0.907087 -0.126615 -0.140938 -0.0435043 0.560994 0.292987 -0.000477711 0.279929 0.596123 0.370569 -0.32888 -0.0925496 0.412282 1.46599 0.487046 0.936463 0.890863 0.571977 -0.552708 0.429422 -1.27061 -0.826638 -1.13468 -2.47837 -0.689403 -0.550127 -1.23268 
-1.03077 -0.998699 0.592927 -0.350576 -0.574866 0.836509 0.260804 0.575444 0.567568 -1.35168 -1.05359 -0.756563 0.739146 0.389509 1.15593 1.04511 1.10064 -0.308853 0.153183 -0.428871 -0.689841 -0.688597 -1.946 -0.31143 -0.392136 -1.27322 1.12876 2.41289 1.42741 0.769677 -2.41121 -0.807569 -1.68689 -1.62336 -0.268501 -1.38237 1.05151 -0.576328 -4.78802 
-0.591176 0.327486 1.73204 0.720064 -0.567582 0.578446 -0.0764298 -0.465235 -0.0553854 -2.42334 -0.768748 -0.751011 -2.1803 1.00215 2.27195 1.38391 1.33067 -2.11823 -0.808046 -1.40696 -1.02723 0.102067 -1.71125 0.958956 -0.164046 -3.32203 0.594623 -0.309214 -1.99399 -0.246077 -2.63241 -1.53939 -2.1683 -0.142161 0.249368 0.87899 1.3593 -0.917614 0.620431 
-0.0286242 1.27325 1.97683 0.980095 -2.69309 0.0284626 -1.14616 -0.45179 0.669636 -3.06292 -0.0946348 -0.920609 -2.58288 0.984132 0.846717 -0.948875 0.854558 -2.94126 -1.38621 -2.59717 -0.832002 -0.439229 -1.06701 1.04787 -1.30975 -0.652785 -0.3336 -2.25972 -2.8373 -0.435742 3.06347 0.458715 0.574225 0.803754 0.0575151 2.99146 -0.286484 -1.36888 3.97536 
0.392956 1.1742 0.783167 1.57462 -3.50885 -0.807765 -2.6736 -1.29724 -0.494614 -3.49035 0.279122 -2.06076 -2.83309 0.66855 0.0122303 -1.4534 0.894929 0.945244 -0.349331 -0.832734 -0.22348 0.159582 1.28021 0.672472 -1.53293 0.653336 -0.735164 -0.810058 0.293039 -0.767362 5.54896 1.17141 2.97311 1.16214 1.241 3.14694 -2.03764 0.704042 1.59976 
0.639926 1.28548 0.523437 1.87502 -1.74785 -0.320869 -1.97889 -0.67527 0.829218 -1.78271 0.577837 -2.45354 -1.92955 0.248969 0.0366589 -0.655835 0.0871968 2.6077 -0.214804 0.375944 0.330142 0.801776 2.07993 -0.989768 -0.605708 0.946973 -0.594265 -0.217118 1.26299 -0.735548 0.497605 -0.0351913 1.27573 -0.173899 -0.686733 -0.72192 -0.843849 1.51096 -0.00365379 
0.641925 1.21086 0.127331 1.66182 -0.90115 -1.02257 -2.29765 -0.967095 0.307162 -1.41042 -0.710646 -2.66647 -1.88611 0.0742846 -0.204888 -0.190402 0.159381 1.44285 -0.384523 0.443001 -0.397379 -0.527151 0.558293 -0.171377 -0.0219741 0.649682 -0.0237832 -0.779684 1.19649 -0.38567 -1.21345 0.954192 1.03576 -1.3894 -1.27205 -2.49298 2.18814 1.83519 0.242717 
0.71421 1.08059 0.333034 2.03441 -0.304997 -0.705391 -1.53589 -1.07265 0.302067 -1.22442 0.40646 -2.47551 -1.27986 0.225185 -0.743025 0.540651 -0.298473 1.39424 0.739388 1.4117 -1.05926 -0.470275 -0.41305 1.19837 1.22948 1.18969 0.145157 -0.736835 0.830592 -0.932544 -0.355745 1.08861 -0.353001 -0.221822 -0.417938 -1.04257 0.317472 1.06723 0.549359 
0.86711 0.467837 0.667982 1.36335 0.493093 -0.283181 -0.885955 -2.02635 -0.163113 -1.82347 0.487724 -1.43699 -0.696423 0.219442 -0.941723 0.64019 -0.773162 1.0871 0.704085 0.09 -0.619202 -0.945089 -0.484272 0.146095 1.04525 1.19904 -0.1021 0.138311 -0.188108 -0.432865 -1.45256 -0.770847 -2.2917 1.87609 -0.784185 0.788227 -0.63411 -1.19048 -1.07349 
0.933652 0.138869 0.973224 1.26124 0.782108 -0.00130653 -1.44589 -1.69185 -0.643022 -1.70869 0.552555 -1.43026 -0.0808234 0.123085 -0.604714 0.352542 -0.731338 -0.0583216 -0.0314591 -0.879999 0.816838 -1.25446 0.375177 0.56426 0.0390004 0.116204 -0.0025692 0.751412 -0.879076 0.425485 -1.26939 -1.2759 -0.021412 1.10009 0.682098 2.30819 -0.617044 -0.32147 -2.02896 
0.990195 -0.136877 1.02052 0.632008 0.434771 -0.31464 -1.76595 -1.20951 -1.41757 -1.44829 1.05198 -1.39799 -0.580219 0.216872 -0.190311 -0.238886 -0.347677 -0.182289 -0.571814 0.068588 0.480889 -0.262991 1.82392 -0.470949 0.723783 -0.829918 0.130621 0.922878 -1.40824 1.51757 -0.828605 -0.529204 1.40922 -1.074 1.89358 0.571246 -2.50795 1.0535 0.449633 
1.15052 -0.0514414 0.734338 0.913566 0.599819 -0.573121 -1.3773 -1.21096 -0.906013 0.115227 0.0816053 -0.706477 -0.910742 0.253706 0.318164 -1.0557 0.786231 -0.886927 -0.560663 0.529223 -0.257166 0.639119 0.946423 -1.94369 1.0925 0.565837 -0.017477 0.47165 -0.959061 1.51265 -0.563639 0.117334 0.0101924 -0.962429 0.5676 -2.77846 -0.532667 0.104349 2.17346 
1.2439 0.181287 -0.0351751 1.41824 -0.452156 -0.875303 -1.23673 -1.46668 -0.778454 -0.501868 -0.891711 -0.305482 -0.0143822 0.199395 0.28134 -1.19795 1.16497 -0.745927 -0.45448 0.0787805 -0.481541 0.304609 -0.954543 -1.00362 0.828132 1.34354 -0.0470145 -0.285513 0.400954 -0.061102 0.893636 0.240407 -0.0825145 -0.517786 -0.601246 -0.566306 2.28734 0.00871861 -2.05452 
1.34992 0.229898 -0.463608 2.07854 -0.146109 -1.0276 -1.29852 -1.6925 -0.601405 -0.839316 -0.922011 0.121655 0.432803 0.206691 0.0326514 -0.654745 0.725129 0.00670914 -0.320256 0.446708 -0.774952 0.037873 0.380117 0.343649 1.10122 -1.48868 0.00162799 -0.397163 0.890679 -1.31874 0.740632 0.101658 0.139763 -0.300073 -0.46543 1.97039 1.01164 -0.0490952 -4.07374 
1.45059 0.213939 -0.68992 2.14337 -0.445447 -1.19556 -0.790023 -2.24163 -0.740581 -0.121751 -0.548061 0.795741 -1.50306 0.201023 -0.115823 -0.307268 -0.153772 -0.00529571 -0.352822 0.218543 -0.781614 -0.160822 1.01584 0.00802655 0.779037 -2.73019 -0.0631387 -0.0981833 0.44402 -1.15578 0.813322 0.288459 -1.13822 1.14469 -0.715557 0.468201 -1.70018 -0.901088 1.57536 
1.55094 0.114075 -0.770876 1.92476 -0.151404 -1.38042 -1.07998 -2.47412 -0.762227 0.176529 -0.913985 0.900692 -2.29739 0.143553 -0.0655319 -0.210725 -0.430648 0.820031 -0.0317971 -0.691511 0.369741 -0.677684 0.848318 -1.35653 0.200135 0.086684 -0.0957038 0.189429 0.00423723 0.179506 0.641818 0.581298 -0.228691 1.6731 -0.269047 -0.527576 -1.22813 -0.546898 4.30224 
1.59415 0.148407 -0.900646 1.71272 0.374584 -1.22736 -1.48153 -1.87189 -1.41826 0.726568 -1.90459 0.995875 -1.41638 0.10532 0.0736056 -0.303031 0.0257343 0.636522 0.228476 -0.0101476 0.891486 -0.429869 0.488268 -1.2201 0.232138 1.57205 -0.0324417 0.0868253 -0.0506948 0.651195 -0.697328 -0.0309372 1.08143 0.00981561 1.05297 -0.859641 1.02535 0.0311575 1.06037 
1.65626 0.187681 -1.07391 1.9505 0.485118 -1.15195 -1.09012 -1.58263 -1.1921 0.664797 -2.13409 1.13283 -0.725343 0.111111 0.0212934 -0.26142 0.220547 0.122703 -0.0627343 0.389917 0.379557 0.375283 -0.011323 -0.331179 0.231292 1.14705 -0.0382502 -0.354516 0.194733 -0.321554 -0.427193 -0.599358 -0.252074 -1.05302 0.585542 -0.503522 1.1037 -0.494465 -1.50182 
1.70526 0.1697 -1.16207 1.93327 0.497288 -1.29009 -1.09162 -1.49233 -1.04298 0.715245 -2.23577 1.22717 -0.269325 0.0670695 -0.280911 -0.108298 -0.29582 0.209329 -0.370883 -0.262222 -0.161533 0.155673 -0.0152537 -0.116401 -0.262326 0.0702261 -0.128163 -0.184165 -0.0608925 -0.54414 -0.3521 -0.356528 -0.512886 -0.692496 -0.313143 -0.0234073 0.0794476 -0.416636 -1.42987 
1.72333 -0.0932301 -1.1822 1.65468 0.694447 -1.52283 -1.35235 -1.74416 -1.03642 0.649544 -2.25049 0.870504 -0.655117 -0.0170523 -0.162872 -0.322313 -0.323593 -0.229397 -0.419262 -0.122969 -0.312939 0.0621399 -0.0347303 -0.251731 -0.185344 -0.282818 -0.0951941 0.510136 -0.148982 0.525821 0.141056 0.231586 0.778703 0.217509 0.085256 0.40626 0.0622443 0.508775 0.255447 
1.6882 0.0068282 -1.48438 1.60967 0.267891 -1.70935 -1.21459 -1.80527 -0.980842 0.680514 -2.4875 1.04182 -0.552142 -0.0281246 0.229225 -0.25728 0.230002 0.350385 -0.139297 0.516481 0.0559752 0.240929 0.391007 -0.0541569 0.246448 0.325673 0.0296394 0.335132 0.311321 0.397627 1.22447 0.466491 0.70463 0.739168 -0.0960407 0.788122 0.411703 -0.0639802 1.36989 
1.69521 0.135995 -1.43948 1.88468 1.04483 -1.66213 -0.835865 -1.68819 -0.795494 1.04055 -2.30465 1.11695 -0.329444 0.0125872 0.172261 -0.0109914 0.0740342 0.995076 0.0472292 0.581661 0.426229 -0.0339008 0.753392 0.159972 -0.249324 1.08708 0.00306135 -0.292676 0.0239534 -1.08958 -0.444366 -0.219804 -0.476341 0.0847113 -1.19473 -0.366436 -0.163993 -2.01125 0.380092 
1.70079 0.179089 -1.49537 1.68371 1.26297 -1.66212 -0.632925 -1.37904 -1.01474 1.43391 -2.32753 0.7925 0.534934 -0.0250633 -0.0634514 -0.233326 -0.859577 -0.0939808 -0.359101 0.0401405 0.140687 -0.953796 0.0245705 -0.21815 -1.76481 0.705765 -0.00907618 -0.138581 0.00665277 -0.2927 -1.1164 0.0451744 -0.394097 -0.108537 -0.512799 -0.409956 0.293057 -1.17404 -0.548261 
1.67014 0.0725432 -1.67281 1.0251 0.950851 -2.02123 -0.795725 -1.5475 -1.74929 1.06512 -2.5228 -0.647853 0.376321 0.003511 0.0336798 -0.00433863 -0.218666 -0.121321 0.0924036 0.187564 0.317692 -0.5467 0.343437 0.453029 -1.42336 0.538816 -0.00984474 0.404881 0.128394 1.2658 -0.214788 0.733867 0.239452 0.637462 0.364448 1.28787 0.639723 1.44104 -0.329778 
1.7043 0.212769 -1.49971 1.46504 1.14165 -1.56972 -0.445361 -1.06135 -1.56144 1.77734 -1.8745 -0.630865 1.07375 -0.034908 0.34143 -0.104932 0.406226 -0.308768 0.374766 0.279592 0.778148 -0.589348 1.31244 0.421573 -0.323766 0.375987 -0.0498583 0.0452117 0.00865096 0.122652 -0.0433995 -0.178067 -0.0207636 -0.110954 0.0173592 -0.357185 0.690467 0.71984 -1.02404 
1.63524 0.413973 -1.77774 1.43133 0.642083 -1.64646 -0.516133 -0.769353 -2.33864 2.37756 -2.10122 -0.971619 0.752308 -0.0463473 0.0788915 0.00431233 -0.0960134 -0.164721 -0.085663 0.1668 0.206738 -0.529341 -0.0137487 1.1435 -0.703525 -0.485227 -0.0550741 -0.188207 0.0210868 -0.554286 0.672368 -0.79158 -0.264986 -1.14499 0.576629 -1.99734 1.13535 -0.0571761 -0.958001 
1.65796 0.29166 -1.4954 1.36903 0.976925 -1.65538 -0.278561 -0.854614 -2.09078 1.76359 -0.731004 -1.33439 0.588523 -0.0899821 0.153223 -0.0838455 -0.14806 0.3636 -0.416815 0.0146065 -0.366843 -0.0127189 -0.684902 1.55693 -0.380942 -0.582014 -0.114303 0.643894 -0.477229 0.750449 0.491467 0.00179923 -0.837842 0.0893188 0.619032 0.338364 -0.711079 1.93686 0.432951 
1.54525 0.567196 -1.86159 1.28327 1.00568 -2.06328 -0.501526 -1.1362 -2.35136 1.69266 -0.544296 -1.35256 0.170294 -0.16065 0.722785 -0.472917 0.654435 0.326746 -0.0838637 -0.671042 0.296057 0.0896909 0.324615 0.432417 1.23333 -0.0522765 0.0120985 0.390248 -0.0478765 0.143521 0.0172181 0.368829 -0.253739 0.695624 1.09641 0.215715 -1.20495 1.07168 1.05046 
1.4973 1.01445 -1.96831 2.02346 1.30367 -1.73925 -0.949603 -0.558557 -2.00109 2.08821 -0.298587 -0.101056 0.536247 -0.0778835 0.543471 -0.131722 -0.00453928 0.380818 -0.0479858 -0.239133 0.328781 1.08369 -0.469187 0.351979 0.690741 0.468446 0.256473 -1.17673 1.01169 -2.02948 -0.443928 -0.27343 0.0697521 -0.478909 1.38019 -1.63321 -0.305811 -2.43502 0.299928 
1.46737 1.11067 -1.99331 1.27873 1.3865 -2.11126 -0.740659 -0.807415 -1.26766 1.22347 -0.192317 -0.661821 0.638739 0.0958231 -0.453944 0.538772 -1.37504 -0.117182 -0.357293 -0.60129 -0.182852 1.46988 -1.3086 0.126606 -1.20169 0.247651 0.0128149 -0.13152 -0.241271 0.118262 -0.565355 0.0549883 -0.307613 -0.206842 0.125912 0.885882 -0.268471 -0.929718 0.16235 
1.59313 0.560502 -1.42954 0.648421 1.18649 -2.09654 -1.55089 -0.741409 -0.531211 0.779612 -0.171982 -1.30274 0.783898 -0.0650686 0.411951 -0.372993 0.113723 -0.184537 0.00700241 -0.546746 0.121939 1.20961 0.416695 0.083508 -0.238977 0.630795 -0.188961 1.06372 -1.00194 1.31072 0.723596 0.41518 0.711362 0.184644 -1.12979 1.87643 0.0273167 1.31263 -0.247915 
1.4023 1.52262 -2.3663 1.39245 1.20196 -2.10426 -1.28741 -0.685476 -0.0580586 1.64017 -0.108809 -0.900798 1.26953 -0.0931384 0.609781 -0.463168 -0.0643197 0.606414 0.0578867 0.110072 0.00179167 0.340091 0.567831 0.153922 0.110943 -0.000263452 0.155099 -1.02107 0.91333 -1.59118 0.0749608 0.0746487 0.0533308 -0.371407 -1.545 -0.788396 -0.000133629 -0.492507 -1.64211 
1.49999 1.17028 -1.89271 0.584101 1.7929 -2.03865 -1.44082 -0.739617 -0.19112 1.34744 -0.0180592 -1.1918 0.783635 0.0900302 -0.609119 0.540337 -1.47746 -0.109576 0.0816511 -0.493416 -0.249467 -0.335395 -0.371701 0.0833744 -0.731484 -1.01131 0.0304063 -0.602874 0.480663 -0.690351 -1.4015 0.247206 0.0918676 -0.24408 -0.474674 -0.156153 0.366256 -0.274669 -0.701921 
1.49233 0.913499 -1.82597 -0.0850083 1.09239 -2.02261 -1.78082 -0.934943 -0.393453 1.26846 -0.0254344 -1.63228 0.258225 -0.0627322 0.0069074 0.0174957 -0.754671 -0.795089 0.305093 0.20194 -0.242289 -0.134583 0.411678 0.520178 -0.163725 -0.702185 -0.225448 1.12665 -0.701029 1.61367 0.545794 0.509613 1.34859 0.160459 0.252143 0.819496 1.01615 1.75536 0.706609 
1.43726 1.17719 -1.87521 -0.17057 0.997815 -1.73356 -1.23888 -0.981906 -0.325702 1.75912 0.502119 -1.35553 0.0814498 -0.135418 0.517531 -0.160691 0.136213 0.436218 0.591265 0.855172 -0.089008 -0.0832518 0.447795 1.09953 1.02388 -0.304701 -0.0171616 -0.0204608 0.000942531 0.803272 2.00735 0.161378 -0.374474 0.167563 -0.177344 -1.19196 0.202473 0.86436 -0.159949 
1.35691 1.43103 -1.98666 0.0512043 1.52861 -1.43134 -0.925649 -1.02395 -0.476705 1.71626 1.07409 -0.608404 -0.0464766 -0.0798938 -0.0135534 0.0184382 0.0486014 1.21226 0.466471 -0.172534 -0.0747255 -0.311927 -0.780283 0.722651 0.700635 -0.862134 0.0101393 -0.545979 0.057858 -0.438875 -0.152067 -0.474887 -1.92922 -0.354137 -0.288672 -1.81855 -1.38259 -1.61604 -1.21079 
1.35736 1.16364 -1.85677 -0.121969 2.21007 -1.26709 -1.41141 -1.05663 -0.637629 0.978837 1.22477 -0.654892 -0.780684 -0.125278 -0.0284471 -0.102833 -0.302662 0.284151 0.116377 -1.07405 -0.443145 -0.371924 -1.37076 -0.283063 -0.592163 -1.51549 -0.0813139 0.114114 0.025241 -0.640567 -1.69018 -0.447872 -0.58408 -0.340068 0.000854882 -0.586771 -1.68666 -1.13765 -0.19747 
1.23164 1.40258 -2.08949 -0.251458 1.81276 -1.31497 -1.9997 -1.4671 -0.848629 0.345501 0.791029 -1.20057 -1.56197 -0.161208 0.100561 0.0436792 -0.591966 -0.477923 0.0185991 -0.756614 -0.414793 -0.311072 -1.36705 -0.96401 -0.437017 -1.0596 -0.0396642 0.475741 0.343935 1.08538 -0.686531 0.533055 1.66635 0.802871 1.42684 1.03029 0.693913 1.18002 3.20713 
1.19616 1.2642 -1.8131 -0.713935 1.73215 -1.24849 -2.16803 -1.47142 -0.948701 -0.388218 0.260761 -1.09191 -1.84029 -0.164943 0.447294 0.241102 0.782717 -0.40238 0.649432 0.592297 0.359726 1.05491 -0.340473 0.410851 0.587857 1.69164 0.0203974 0.341545 0.211693 1.63318 0.788436 0.429195 1.7129 0.764755 1.15189 2.46781 2.01923 0.412542 2.34675 
1.06669 1.84988 -1.84839 0.531259 1.41038 -0.665535 -1.4074 -1.10737 0.206285 0.00502836 1.20188 -0.61271 0.129666 -0.14081 0.442106 0.255372 1.04122 0.310513 0.447794 0.956285 0.349962 0.840819 1.10076 1.05522 -0.0244744 1.28715 0.125889 -0.556705 0.267581 -1.17914 0.668053 -0.821075 0.304134 -0.197046 -1.69103 1.46199 -0.541501 -1.2581 -1.7665 
1.05535 1.7063 -1.55772 0.327284 2.04266 -0.800697 -1.21174 -1.12146 -0.107882 0.712538 1.31598 -1.11638 -0.553143 -0.0390539 -0.109411 0.508683 -0.396424 0.265673 -0.171643 0.896431 0.16268 -0.636119 1.12152 -0.13065 -0.67024 -0.0748611 0.0643112 -0.462561 0.00822264 -1.07512 -1.46873 -0.545288 -0.770538 -0.135635 -1.27543 -1.67446 -1.20764 0.0534383 -1.67532 
1.02764 1.74047 -1.33971 0.134835 1.67605 -0.837178 -0.510972 -0.944689 -0.429834 1.12655 1.07123 -1.28295 0.0548044 -0.0764991 -0.0204557 0.263595 -0.0339009 -1.15821 -0.0974935 0.185747 0.214327 -0.434608 -0.573703 -0.152418 0.0289639 -0.38817 -0.0725232 0.263524 -0.863829 1.11608 -0.97027 -0.0853079 -0.555323 0.272392 -0.0852322 -2.03129 0.598282 1.11463 -0.272632 
0.978847 1.68585 -1.29413 0.293383 0.88445 -0.89819 -1.026 -0.907135 -0.542489 0.138836 1.16357 -1.08742 -0.941312 -0.111577 0.154114 -0.355146 0.719653 -0.704597 -0.25695 0.341108 0.435073 -0.721351 -0.909773 0.467632 0.444389 -0.347494 -0.0568812 0.149628 -0.422556 0.0643312 1.34289 -0.226034 0.701374 0.211856 -0.389618 0.644976 0.318762 -0.0873847 0.897078 
0.916062 1.89458 -1.69485 0.854488 0.971452 -1.09413 -0.169864 -0.509617 -1.15119 0.216777 1.53886 -0.838562 -0.292689 -0.13338 0.129172 -0.158961 0.0304303 0.184677 -0.323527 0.887121 0.426182 -0.824225 0.0712734 0.166343 -0.0584208 0.508908 -0.0186096 -0.141079 0.715649 -1.27124 0.631029 0.247111 -0.308621 -0.180929 0.475698 0.959684 -0.0108401 -0.766546 -0.231762 
0.845466 1.81502 -1.45309 0.323813 1.06913 -1.22172 -0.138874 -0.480953 -1.36671 0.210109 1.32991 -1.14584 -0.432404 -0.130187 0.0130346 0.360504 -0.551584 -0.0735683 -0.00983938 0.0324873 0.254144 -0.245653 0.0499113 0.456792 -0.322158 -0.579256 0.0845045 -0.37535 0.593915 -0.735228 -1.11748 0.334505 -0.774085 -0.455934 0.65011 -0.472273 -0.445775 -0.120286 -1.2746 
0.785875 1.90761 -1.33435 0.302904 0.897883 -1.10397 -0.137377 -0.255473 -1.39684 0.266688 1.99565 -1.16072 -0.871945 -0.0488758 -0.246177 0.434953 -0.704798 -0.932798 0.010977 0.113037 -0.0297512 -0.174115 -0.401 -0.279431 -0.178706 -0.765696 0.055218 -0.143594 -0.0362598 0.150565 -1.66676 0.0200871 0.408641 -0.535131 0.473199 -0.236372 -2.04848 0.453566 0.682476 
0.79659 1.56884 -1.01814 -0.380985 0.136329 -1.21074 -0.0258372 -0.510704 -1.54083 -0.190891 1.05048 -1.32455 -1.1981 -0.0749688 -0.13056 0.324244 -0.40102 -1.74033 0.0102477 0.441128 -0.280988 0.227546 -0.18646 -1.59169 0.131408 0.10322 -0.0870863 0.513207 -0.0328841 0.438394 0.151033 0.550484 0.121841 0.503948 -0.146793 1.23551 -0.216036 1.1785 2.28256 
0.710907 1.77705 -1.0101 -0.0981157 -0.842449 -1.09372 0.303751 -0.536461 -1.16929 0.0802277 0.403964 -1.02931 -0.768725 -0.135962 0.26703 0.402069 -0.266404 -0.781766 0.561461 0.234878 0.474196 -0.320908 0.834514 -0.495467 0.999793 1.51686 -0.0654998 0.174443 0.214619 -0.735531 1.75683 0.780705 -0.8972 0.559521 -1.16786 -0.0133683 1.82254 0.71411 0.115943 
0.660628 1.83587 -0.616067 -0.647388 -0.645437 -0.64928 0.209041 -0.0365079 -1.86174 0.643623 0.555012 -0.324753 0.31876 -0.140469 0.0438834 0.538863 -1.13655 0.0164929 0.790952 -0.456072 0.278533 -0.940316 -0.199829 0.230848 0.845518 0.219163 -0.0241651 -0.140729 -0.212972 -0.297104 0.440537 -0.260261 0.178384 -0.750626 0.103563 -2.2636 1.08232 -0.120846 -2.37903 
0.570438 1.82094 -0.471241 -1.23467 -0.825956 -0.302768 -0.152321 -0.257928 -2.10961 -0.119601 0.634813 -0.183793 -0.549563 -0.160127 0.1263 0.189098 -0.563508 -0.341229 0.3012 0.413263 -0.27643 -0.217346 -1.42908 0.586852 0.878947 -0.862165 -0.0626955 0.085871 -0.0268886 0.509837 0.186643 -0.453123 0.606411 -0.720227 1.11601 -0.79117 0.0521409 0.522387 -0.0213561 
0.500501 1.96217 -0.426969 -1.2109 -0.986665 -0.34808 0.622304 -0.312938 -2.07908 -0.785458 1.14186 0.554194 -0.543404 -0.203164 0.129754 0.511974 -0.626714 0.203136 0.33783 0.150338 -0.441694 0.175692 -0.990998 0.282989 1.36791 0.197806 -0.060816 -0.115677 0.937265 -0.509636 1.006 0.550841 -0.751678 -0.0878574 0.58665 1.08088 -0.290261 -0.258552 1.91103 
0.367274 1.95069 0.0407329 -1.86138 -0.622819 0.0350618 -0.00198316 -0.699622 -1.93392 -1.1106 0.917802 1.18411 -0.351756 -0.220943 0.0106236 1.12636 -1.07314 0.66477 0.85204 -0.338415 -0.364287 0.369304 -0.348205 0.296591 0.620395 1.04886 0.0074435 -0.00379785 0.157798 -0.108575 0.0620025 0.27596 -0.369596 0.573709 0.768827 0.327325 -0.35197 -0.496239 0.08253 
0.279558 1.9728 0.699394 -2.28404 -0.321895 0.50396 0.283889 -0.677225 -1.70978 -1.13366 1.43845 1.17459 0.505456 -0.195721 0.125957 0.669772 -0.735288 0.265139 0.61379 -0.219258 0.132015 0.944519 -0.663674 -0.0689808 0.871666 0.280336 0.0578054 -0.013127 -1.07744 1.41379 -0.983455 -0.745806 -0.0880193 0.921661 0.433545 -0.573886 -1.05909 0.318053 -2.23143 
0.171554 2.07665 0.710505 -2.59667 -0.35768 0.648852 -0.221241 -0.567607 -0.989396 -1.77427 0.848821 2.05578 -0.07142 -0.163138 -0.00250343 0.0489232 0.340646 -0.318685 0.106235 -0.426434 0.557374 0.802849 -0.922091 -0.762498 0.938447 -1.18257 0.110129 -0.588939 -0.526428 1.64279 -1.64542 -0.387922 0.287792 -0.22657 -0.5399 0.343392 -0.515931 -1.79381 -1.55894 
0.11642 1.97029 0.748317 -1.9434 -0.64058 0.610195 -0.142545 -0.119851 -0.906931 -2.05575 0.675956 2.11304 -0.67711 -0.0855917 -0.462983 0.143344 0.907498 -1.38028 0.225868 0.0685337 -0.0945547 0.404619 -0.320281 -0.584911 -0.922143 -1.2786 -0.155251 -0.963045 0.489459 0.869691 -0.0334941 0.158679 0.376346 -1.12545 0.155754 2.7648 0.970937 -2.25687 0.974079 
0.0859618 1.61367 0.85385 -1.68917 -1.73796 0.87472 -0.152707 -0.662162 -0.584777 -2.09455 0.26391 1.13363 -1.35002 -0.318388 -0.965548 0.538382 1.21034 -0.352179 0.264914 -0.0500885 -0.568077 0.958603 1.84271 0.208439 -1.31842 -0.208488 -0.626116 -0.915745 0.492218 0.858743 3.54286 -0.280345 -0.0470009 0.816499 0.418387 2.69482 1.48161 0.730282 2.81521 
-0.201969 1.00474 1.2867 -0.733059 -0.992759 0.875109 -0.192634 -0.687929 0.0516727 -0.213043 0.884396 0.794618 -0.885598 -0.711708 -1.37873 0.635562 1.76624 2.16257 -0.0544775 0.0215328 0.721944 0.823006 2.37453 0.896696 -0.191861 1.53661 -0.370499 -0.505788 -0.647402 -0.368074 1.87803 -0.368414 0.508522 1.89387 -0.146095 -1.30915 -0.717853 1.63801 2.3627 
-0.625746 0.234939 1.48941 0.0770711 0.42461 0.820242 -0.131175 0.0597822 0.238229 0.279981 1.16061 0.941773 0.186584 -0.688887 -1.47134 -0.10902 0.842263 1.52585 -0.1035 0.458434 1.32579 0.812508 0.533563 -0.509413 0.319591 2.15421 0.452946 0.471627 -1.60927 -2.16526 -2.45171 -0.0660354 0.692832 -0.334195 -0.336217 -3.31799 -2.50893 -0.398609 -0.996818 
-0.890856 -0.466592 1.17768 0.109204 0.533093 0.771609 0.2658 0.637864 0.864181 0.32052 0.374982 1.11421 1.26861 -0.258762 -0.907101 -0.973711 -0.399016 -0.289136 -0.120513 0.714365 0.387749 0.486789 -0.943452 -1.61224 -0.590471 0.539788 0.686813 1.10533 -0.689789 -1.86087 -2.87781 -0.0849483 -0.0279429 -1.32822 -0.693851 -1.7239 -0.147397 -1.03128 -1.68444 
-0.884508 -0.672161 0.515701 -0.321945 0.135474 0.699729 0.58319 0.447531 0.725018 -0.663472 -0.45163 0.351302 0.726373 -0.00207485 -0.366004 -0.798809 -1.0186 -1.35196 -0.188449 0.430491 -0.00242564 0.118657 -1.19034 -0.656811 -0.711684 0.469774 0.31817 0.791696 1.20839 -0.013006 -0.191145 0.336495 -1.48824 -0.39487 -0.942721 -0.00732498 1.88005 0.868785 0.0120697 
-0.892931 -0.832596 0.378869 -0.909398 -0.818867 0.58316 0.696291 0.635439 0.982837 -0.869817 -0.281828 0.402524 1.73839 0.0594083 -0.115405 0.234675 -0.412022 -0.480281 0.215982 -0.773871 -0.0071212 -0.455932 -0.950777 0.267812 0.278314 0.551858 0.0564129 0.320711 1.27568 1.51425 2.0579 0.684445 -0.830292 -0.231265 -0.548327 2.00272 1.47606 0.413969 -2.17547 
-0.825099 -0.787567 0.750375 -0.733968 -0.344807 0.915711 -0.19068 0.44041 0.269086 -1.61425 -0.183818 0.629616 1.27823 0.0543381 -0.0452936 0.47687 0.495644 0.705944 0.495996 -0.399801 -0.23369 -0.42967 0.812386 0.819245 -0.297716 -1.7057 -0.0921198 0.241598 -0.206269 0.98276 1.54528 -0.28457 2.29739 0.182134 0.515345 2.66126 0.439966 -0.179523 -0.7593 
-0.838593 -0.87789 0.855738 -0.413754 -0.112923 1.07916 0.296491 0.401748 0.553167 -0.0574316 0.537416 0.104808 0.0326903 -0.0327115 0.126192 0.0284051 0.570737 1.065 -0.0685878 1.52351 0.175013 0.0594133 1.71048 0.707778 0.0987912 -0.207442 -0.0743942 0.142643 -0.873627 -0.826056 0.571988 -0.471489 1.19728 0.828783 0.427512 -0.464243 -1.15192 0.0473552 2.55308 
-0.857811 -0.661374 0.778781 -0.16323 0.720196 0.847124 1.33283 0.615423 0.328499 0.0962299 0.523961 0.728407 1.07079 -0.0200562 0.097349 -0.396757 -0.330412 1.27793 0.0245074 0.797477 0.595093 -0.00215818 0.348143 -0.332674 -0.25036 0.847385 0.060398 -0.216465 0.0201844 -0.907298 -2.21891 -0.0125863 -1.69561 -0.0381122 -0.291234 -1.96274 -0.956112 -0.359382 1.2534 
-0.858649 -0.780541 0.458981 -0.744166 1.16501 1.10366 1.09397 0.996841 0.551009 0.290711 0.204742 -0.145552 0.880076 0.0276865 -0.0902729 0.0485895 -0.336561 -1.15391 -0.0811741 -0.172093 0.1369 -0.231821 -0.252262 -0.248334 -0.260591 1.04596 0.0322144 -0.153971 0.328312 0.15653 -3.59768 -0.564922 -1.11838 -0.681937 -0.32824 -1.08154 -0.228533 1.19058 -1.39071 
-0.830124 -0.751647 0.82737 -0.499791 -0.433715 0.76595 1.16074 0.752323 0.0966782 -0.156032 0.275627 0.467816 2.11675 0.0121582 -0.056622 -0.0684447 -0.173882 -2.31975 -0.540414 -0.320908 -0.0868449 -0.330399 -0.7334 -0.561207 0.940219 -0.543328 -0.119638 0.000268911 -0.333019 0.0205034 2.29113 0.187845 0.414168 -0.586271 0.00993104 0.331664 0.502927 0.28968 -2.88162 
-0.846491 -0.837163 0.390537 -0.918048 -1.15474 0.56325 0.77306 0.909996 0.22061 -0.442689 -0.356465 0.794667 0.336748 -0.091951 -0.090004 -0.284429 -0.316057 1.13722 0.106671 0.242075 -0.449371 -0.22189 0.0794025 0.254594 0.0290892 -1.83566 -0.0362924 0.0860869 0.292849 0.449903 3.52149 0.478026 0.168355 0.0492764 0.0557169 0.750576 1.75497 -1.02097 1.02204 
-0.922075 -0.841651 0.542941 -0.815849 0.703506 0.87262 1.40282 0.302952 -0.125211 -0.0766295 0.530221 0.496905 0.281091 -0.0241342 0.0294649 0.224404 0.276021 1.20174 -0.0623886 -0.152553 -0.0375685 -0.274682 0.0171763 1.19376 -0.0807512 0.478717 0.146648 0.00449085 -0.0474441 0.680581 -1.71689 -0.25698 -1.47793 0.989828 0.96257 -0.0143035 0.130163 0.341095 1.95075 
-0.870625 -0.807698 0.614941 -0.642027 0.0470015 0.500861 0.620507 0.872428 -0.0540716 -0.425512 0.837294 0.713916 0.815465 0.054697 -0.0855132 -0.331874 0.364524 -0.579667 -0.150309 -1.23586 0.540457 0.74068 0.065099 0.384756 0.370184 0.11509 0.0812141 0.0240928 -0.0441953 0.511711 -0.802671 0.274543 -0.0120244 -0.161913 1.42505 0.752482 -1.59856 -0.223908 -1.23832 
-0.867378 -0.927164 0.211067 -0.451325 0.123839 0.722311 0.166958 0.84341 0.615469 -0.0115304 0.914977 0.86709 0.396182 0.0570799 0.0535577 0.180209 0.787732 0.399068 0.212154 -0.164577 -0.199481 1.15037 0.769659 -0.404796 -0.304659 -0.759604 -0.0718823 0.150607 0.55231 -0.384702 1.69228 0.404232 1.98865 -0.24792 -0.0934549 0.0513192 -1.27232 -1.45342 -1.42389 
-0.813545 -0.75414 0.79515 0.145704 0.44607 0.713015 0.45593 0.672946 1.0963 0.344146 0.432498 0.409257 0.0558606 -0.0171854 0.0650939 0.220436 -0.0201782 1.11261 0.253923 0.752791 0.292537 0.647225 0.116418 -0.887568 -1.08323 -1.3088 -0.0527779 -0.206749 -0.554859 -1.78303 -0.893355 -0.14382 0.462034 0.547831 -0.957889 -0.665627 -0.165158 -0.163381 -0.816251 
-0.884564 -0.86207 0.431503 -0.471503 1.23645 0.976234 0.919749 1.13595 1.26269 0.104888 0.0274092 -0.216143 -0.912617 0.00430198 -0.153191 -0.37465 -0.995295 -0.494287 0.0683348 0.297457 0.34835 0.192483 0.104032 -0.569955 -0.468041 -1.57585 0.0652775 -0.160417 -0.14441 -0.279854 -3.25086 -0.483132 -0.277568 -0.126126 -1.0066 0.365916 1.47047 2.108 2.9825 
-0.809243 -0.907331 0.4205 -0.84959 -0.0482172 0.78135 0.753387 1.0213 1.28878 0.448178 -0.137457 -0.0587837 -1.51999 0.0480921 -0.0953227 0.0760268 -0.300032 -2.13825 -0.229209 0.475224 0.166411 -0.359378 0.482334 0.5829 1.02477 1.6737 -0.0263678 0.137285 0.498265 1.66052 0.00492248 -0.279293 -0.517211 -0.762285 -0.860426 0.0456193 1.32999 1.08229 2.49503 
-0.836471 -0.957393 0.50753 -0.771536 -0.901796 0.747025 1.39497 1.30236 0.903316 0.587222 0.61031 0.808623 0.761085 -0.0220658 -0.0159057 0.123615 0.665221 -0.489364 -0.210958 -0.219754 -0.413935 -0.667944 0.149651 0.760035 0.614254 0.919178 -0.0558456 0.180733 0.0974582 0.4974 3.02023 0.435185 -0.443451 -0.402782 0.0882597 -1.02118 -0.750187 -1.52618 -2.61556 
-0.831309 -0.923237 0.544115 -0.18437 -0.537582 0.570393 0.533633 0.607361 0.62084 0.597829 0.622579 0.55547 -0.600817 -0.00775347 0.0854099 0.173485 0.197368 0.881977 0.205976 0.0317732 -0.236371 -0.271118 -0.538841 -0.167286 -0.50141 -0.941854 0.0486067 0.219621 0.140835 -1.09957 0.600764 0.384746 0.951972 1.01797 0.743846 -0.842467 -0.819472 0.503994 0.359869 
-0.844225 -0.871983 0.681015 -0.574168 -0.0198189 0.953002 1.42675 1.06599 0.632198 0.048381 0.443023 0.307213 -0.180769 0.0265409 0.203715 0.26445 -0.434353 0.111399 0.173788 0.732218 0.604032 0.0759025 -0.692815 -0.0594369 1.11825 1.27905 -0.0220878 -0.14344 -0.444315 -0.324635 -1.89626 -0.651085 -1.32247 -0.341744 -0.0371041 0.0675352 0.379681 1.33225 1.26025 
-0.804768 -0.719521 0.808565 -0.618722 -0.426182 0.744181 1.26585 1.21139 0.696742 -0.0949862 0.563142 1.67372 0.678231 -0.0298413 -0.0580302 -0.27083 -0.127267 -1.01429 -0.445108 -1.2907 -0.578114 -0.308222 -0.471306 0.212395 0.830841 0.3184 -0.0604008 -0.378263 -0.553337 0.577671 -0.520946 -0.0188954 -0.626056 -0.806256 -0.0104219 0.871342 -0.726305 -2.08382 -0.177962 