-0.886132 -0.247129 0.736278 -0.487367 0.809742 0.826801 0.85909 0.644574 0.578907 0.056197 -0.452587 -0.478723 -0.0271221 -0.0499535 0.0794292 -0.561211 -0.066747 0.955285 -0.000682187 0.228864 0.0916961 1.51395 0.426659 0.518901 -0.530597 0.42276 0.825121 -0.0355685 -1.1955 0.51125 -0.440555 -0.676236 -0.148879 0.0283817 -0.0280504 0.182756 0.705594 -0.310648 -0.556599 
-0.954668 -0.34443 0.51676 -0.565618 1.03648 0.710639 1.18324 1.08648 0.864941 -0.341807 -0.524852 -0.849915 0.00967087 -0.0610107 -0.282698 -0.459222 0.0238833 0.369187 0.150566 0.710211 0.672956 0.550856 0.238953 0.253006 -0.789371 -0.583721 0.159262 0.0508855 0.683011 0.197792 -1.24577 0.163688 -0.336729 -0.400285 -1.06665 0.54702 -0.297355 2.11089 -0.54996 
-0.947143 -0.529827 0.277057 -0.463483 1.17893 0.977367 1.5693 1.31753 1.12976 0.29515 -0.199581 -1.26809 -0.610843 0.109308 0.130315 0.1218 0.131045 -0.290488 0.163005 -0.107865 -0.308588 0.4473 0.973679 0.221546 1.5803 -0.127201 0.215815 0.18036 0.604584 0.125055 -1.49842 -0.216044 -1.49385 -1.4651 -0.0452075 -0.12417 -0.910652 2.68177 1.66407 
-0.84536 -0.214116 0.63856 -0.434573 0.745988 0.873644 1.07537 0.777896 1.31224 0.631872 -0.303306 0.730381 -0.11753 0.154804 -0.102338 0.145363 0.148938 -1.12923 -0.0654787 -0.783637 -0.792143 0.505649 0.114783 -0.657645 1.8924 1.08035 0.0989699 -0.759132 -0.241055 0.0860174 -1.24635 0.224614 0.427638 0.165009 -0.363149 -1.55306 0.573979 -1.09384 -0.131505 
-0.792338 -0.632165 0.422419 -0.314545 0.0496988 0.911888 0.785664 0.525387 1.63541 0.409933 -0.857226 0.624307 0.46951 0.208278 -0.628817 -0.119255 0.217062 -1.53683 0.387619 0.319773 -0.14358 0.0841513 -0.579379 0.795525 0.486461 -0.258706 -0.0511259 -0.319927 0.219367 -0.130269 0.310372 0.423096 0.902107 0.843619 -0.716683 -0.468104 1.42857 -2.78518 -2.38248 
-0.637081 -0.842933 0.519305 -0.21751 -0.790846 1.26126 1.39515 0.634316 1.39639 0.0524926 0.492219 1.21684 -0.376235 0.103678 -0.422265 0.36473 0.0186689 -0.818858 0.357618 0.118471 0.0514762 -0.211034 -0.353321 0.770927 -0.892778 -1.30212 -0.118796 0.295319 0.574722 -0.272418 2.19781 -0.115616 -1.10924 0.325691 0.736663 0.893585 -1.42736 -1.29834 -0.883022 
-0.68866 -1.05443 0.787149 -0.295876 -0.769159 1.26951 0.904135 0.576863 1.42438 0.0566129 -0.086299 -0.268472 -0.832615 0.0894826 -0.333498 0.455467 -0.0553553 0.660972 0.272004 -0.789462 0.182111 0.820815 0.314205 -0.63184 -0.811881 -1.14173 0.116541 -0.0408195 0.147145 0.0899852 1.4551 -0.268464 -1.39601 0.212409 0.304172 0.244 -1.10141 2.87526 -0.00328522 
-0.547599 -1.17643 0.974771 -0.272866 -0.129874 1.53327 0.605685 0.816427 2.21721 0.366698 -0.139621 0.404961 -1.51796 0.220219 -0.463084 0.511874 0.108654 0.636247 0.0891538 -1.27754 0.263885 0.0931379 -0.10932 -0.330486 1.98248 -1.30541 -0.0198411 0.0127856 -0.0488014 -0.395962 -1.08388 -0.280998 0.46612 0.136576 -2.16827 -0.426067 0.647485 1.98779 1.51179 
-0.46844 -1.51751 1.29902 -0.187222 -0.132913 1.35866 -0.373403 0.840748 1.51752 -0.0527074 -0.416785 1.71401 -2.13802 0.0696415 -0.320712 0.406665 -0.451318 -0.42291 -0.00899412 -0.323342 0.318687 -1.34745 -0.111861 0.0156448 1.17591 0.370059 -0.272904 0.535085 -0.53009 -0.853037 -0.749458 0.196429 1.59757 0.333563 -1.17701 -0.00668273 0.656037 -2.88299 1.06878 
-0.477957 -1.49714 1.38144 -0.724183 -0.552784 1.52427 0.282342 1.13511 0.869754 0.254837 -0.123977 1.58087 -1.1479 -0.0526844 0.0720008 -0.018216 -0.744382 -0.113211 0.285583 0.320033 0.597448 -1.08387 -0.116003 0.325551 -0.900516 -0.236628 -0.0996241 0.42115 -0.367065 0.519726 0.354094 0.0354472 0.000558266 -0.239177 0.855914 0.797451 0.707512 -2.01736 -1.30354 
-0.521125 -1.44551 1.28081 -0.931605 -0.246124 1.64424 -0.05337 1.4382 0.433641 -0.168711 -0.0912342 0.81349 -2.37465 -0.0299826 0.100437 0.0395998 0.0684083 -0.0688167 0.0264531 -0.322784 0.0795106 -0.491539 0.68559 0.723157 -0.84145 -0.933481 -0.0607169 -0.309815 -0.280276 0.975941 0.165761 -0.720294 -1.20392 -0.83902 0.899137 0.00265307 -2.01486 -1.15293 1.09342 
-0.50794 -1.39671 1.42104 -0.655775 -0.621601 1.55073 -0.0404417 1.21463 0.378215 0.940426 0.59918 0.739418 -2.08139 -0.113401 -0.237815 -0.298492 0.231558 0.0525494 -0.434711 -0.88389 -0.241573 -0.184737 -0.11335 -1.68931 -2.05345 0.856794 -0.0867673 -0.0681107 -0.615884 -0.0315128 0.705515 -0.555533 0.274152 0.21488 1.09005 -1.23569 -2.20702 0.968085 1.86395 
-0.634526 -1.68333 0.982316 -0.700046 -0.193575 1.20953 -0.93726 1.19662 0.248904 -0.282061 -1.78055 -1.23996 -1.51786 -0.11675 0.0323266 -0.576284 0.0368955 0.636698 -0.52908 -0.0486324 0.29439 0.598509 -0.550101 -1.48386 0.126635 0.930467 0.139502 0.825899 0.186077 -0.0575448 0.0770396 0.339769 2.55071 -0.19705 0.0163713 0.892706 4.02441 3.88726 -0.593625 
-0.62469 -1.36438 0.844753 -0.61888 0.0150971 1.02165 -0.0890741 1.50902 0.976724 0.390325 -0.884684 0.866053 -1.15092 0.0261003 0.588085 -0.112415 0.174014 0.129589 -0.0949418 1.66683 -0.438623 -0.168366 0.779356 2.3351 1.83381 0.263169 0.142429 -0.141553 0.18655 -0.36106 -1.22463 0.567961 0.297117 -1.48979 -1.95993 -0.5692 0.8004 -1.92377 -1.59516 
-0.608426 -1.09524 0.869901 -0.526033 -0.0639857 1.11459 0.729565 0.758 0.0805376 0.497296 0.554557 0.593853 -1.25469 0.0256789 -0.109226 -0.389734 -0.324164 -0.587934 0.0388804 0.248485 -1.19539 -1.36142 -1.1193 -0.683464 -1.79713 -0.664696 0.0641974 -0.931927 0.349969 -0.0807398 -0.343154 0.136873 -1.88421 0.121776 0.562189 -1.37509 -4.57211 -1.91451 0.792072 
-0.599011 -1.47361 0.455019 -0.943044 -0.572837 1.06053 0.159411 0.313621 -0.3847 -0.728976 -1.56815 -0.93108 -1.81561 0.0902977 -0.343842 0.237554 0.0932737 -0.213565 0.0419309 -0.217389 -0.316847 0.393822 -0.595733 -2.23701 -0.0806942 1.05524 0.191669 0.0739552 0.927594 0.903913 1.10778 -0.63664 1.07587 1.26093 2.25472 2.61893 1.80202 3.47391 2.89249 
-0.518128 -1.43908 1.10746 -0.432759 -0.277551 1.15652 0.512176 0.441153 0.47436 -0.0984378 -1.68245 0.513159 -0.199451 0.217348 -0.035271 0.53786 0.579749 0.519846 -0.597759 1.32436 0.0655357 0.893296 1.49963 1.11856 1.67677 2.2278 -0.0374808 0.367382 -0.818681 0.374501 0.973721 -0.870557 1.57193 1.21021 -0.215007 1.77208 4.42337 -1.10542 -1.77836 
-0.381663 -1.50888 0.992879 -0.363295 -0.0529916 0.462767 1.48377 0.379157 0.508596 0.77065 -0.449591 0.745691 0.412183 0.0528169 0.0235401 -0.581126 0.467775 0.760156 -0.828626 1.35454 0.89336 0.178816 1.17635 2.18636 -1.18612 -0.72312 -0.367884 0.309031 -1.08374 -0.271843 -0.0616315 0.31389 -0.960301 0.910322 -1.76019 -1.89649 0.105148 -1.9614 -2.64209 
-0.465311 -1.41554 0.526329 0.035016 0.482605 0.327894 1.86671 1.33451 0.653176 1.07791 0.503913 -0.672958 -0.922571 -0.150537 0.27376 -0.545883 0.307906 0.458214 -0.283869 0.364056 0.975858 -0.86689 -0.396867 1.2237 -0.284626 -0.414288 0.00568226 0.559512 0.249427 -0.629587 -0.754053 0.504598 -2.60491 -1.80639 -2.46052 -2.65245 -2.56043 -0.281519 0.0882838 
-0.5322 -1.23512 0.446995 -0.0553896 0.405223 0.178898 1.84782 1.35501 -0.358293 0.373783 0.774114 0.461065 -0.00210523 0.0584992 0.583052 -0.331699 -0.161812 0.00610336 -0.324028 -1.25037 -0.913029 -2.2817 -1.4761 -0.37407 -1.46764 -0.634837 0.959669 1.45542 -0.288019 -0.949539 0.242986 0.178453 -3.37654 -2.92881 0.494801 1.27072 -0.402749 -1.78531 -0.203894 
-0.406812 -0.832493 0.19463 -0.126796 0.488709 0.00386683 0.616339 0.421485 -1.62852 -0.398188 0.129843 -2.14059 -1.55741 0.809132 1.72918 -0.833903 -0.641633 0.7012 -0.105417 -3.01249 -1.95295 -0.372089 0.87385 0.820956 -2.06993 -0.618183 1.28826 1.47334 -0.923968 -0.247192 0.884204 0.0141389 -0.468717 -0.473251 2.44172 2.66928 1.79727 1.25674 2.20737 
0.276933 0.494061 -0.386907 -0.697023 1.10642 0.0734817 -1.16466 -0.597938 -0.730382 1.24763 1.59507 -1.60887 -0.620288 1.34676 2.05639 -1.25567 -0.409005 0.890307 -0.309889 -1.71909 -1.38628 0.16002 1.19317 1.42319 -0.210894 1.57253 -0.0749856 -0.326463 -0.159753 0.910301 -0.513092 -0.304089 3.31602 1.27933 -0.638471 -0.71245 -1.66332 1.82161 2.30279 
0.939948 1.2239 -1.06104 -0.535801 1.37902 -0.306022 -1.10275 -0.964795 -1.4685 0.794987 1.55304 -2.35149 0.0151257 0.734147 1.40271 -0.993656 0.268668 0.188109 -0.409505 0.303531 -0.673623 -1.01056 0.1614 -0.842366 -0.248325 1.68461 -1.22004 -1.22281 0.851091 0.239711 -1.13945 0.211968 1.76284 0.985085 -0.931689 -0.498628 -1.48199 1.31847 -0.807094 
1.01108 1.89678 -1.38056 -0.428354 1.29453 -0.336024 -0.861133 -1.27156 -1.74094 1.40903 0.752704 -1.85719 1.06432 0.126723 0.833585 -0.404577 -0.169294 -0.249145 -0.0979212 0.0437502 -0.401195 -0.771669 0.694547 -0.0587923 1.10758 0.76544 -0.631476 -1.42091 0.960492 -0.755812 -0.617929 0.0843562 -0.683493 0.0254978 0.359081 -0.571669 1.23003 0.688227 -1.95059 
1.06667 2.05749 -1.46561 -0.705095 1.12987 -0.403943 -1.059 -1.36599 -2.24017 1.48953 1.49425 -1.24391 0.780565 0.102671 -0.0181907 -0.0331637 -0.487143 -0.42982 -0.325149 -0.379962 -0.648125 -0.651479 -0.410269 0.38766 0.439902 -0.265983 0.0190948 -0.933191 0.614499 -0.034022 0.100581 0.126909 0.124624 -0.248922 0.812242 -0.768789 0.183655 -1.08925 0.299675 
1.11375 1.87859 -1.41373 -0.915498 0.864712 -0.661173 -1.24109 -1.91969 -2.39242 0.998765 1.14036 -1.41729 0.798336 0.145818 -0.0996063 0.209922 -0.203316 -0.148564 0.0289875 0.168374 -0.650116 0.040572 -0.0742419 0.124863 0.0183315 1.06511 0.160055 -0.293508 0.471296 0.267951 0.66835 0.595332 0.653811 0.747588 0.953014 0.996994 0.552206 0.324625 1.27289 
1.21249 1.95788 -1.25569 -0.908411 0.981307 -0.374956 -0.890627 -2.01611 -2.1996 1.41529 1.61911 -1.22558 1.84568 0.262726 -0.311698 0.438132 -0.219193 0.238531 0.270183 0.273849 0.0994628 0.301534 0.586725 0.939866 0.764528 1.00691 -0.110471 0.0992681 -0.621935 0.271001 -0.342589 -0.250232 -0.412833 0.793458 0.162214 0.0922091 0.0821196 1.21667 -1.88575 
1.37648 1.56689 -0.975595 -1.13469 1.10324 -0.39099 -0.967246 -1.82022 -2.09089 1.58549 2.08023 -0.652762 1.80524 0.0353474 -0.000338244 -0.412013 0.0676851 -0.491153 -0.221244 -0.244459 0.143342 0.202786 0.0179672 0.206983 1.235 -0.820635 -0.258682 0.239502 -0.708984 0.400277 -0.458607 -0.76572 -0.587657 0.111679 0.283154 -0.656294 -1.24956 0.111486 -2.07356 
1.24784 1.95754 -1.66771 -0.840726 0.490154 -0.5962 -1.13509 -1.87276 -1.99682 1.43326 1.82609 0.00942469 1.02504 0.00404392 -0.0721961 -0.270852 0.181085 -0.220077 -0.495537 -0.313808 0.211142 0.584688 -0.069569 -0.309696 0.876014 -1.06666 0.107886 -0.244749 0.503499 0.0702601 0.996892 -0.291997 0.353984 0.197347 0.393315 0.437872 -0.759783 -0.944337 -0.197274 
1.38052 1.49469 -1.24645 -0.953606 0.883166 -0.886527 -1.28105 -1.60908 -1.5062 1.51592 1.77053 0.223252 0.738587 0.143233 -0.245088 0.091486 0.137945 0.50574 -0.513242 0.109525 0.340689 0.596101 0.45584 -0.5528 0.290666 -1.01791 0.0770631 0.245718 -0.115234 0.270093 0.464825 0.306695 0.57621 0.0344548 -0.164175 0.42146 0.166477 -1.81241 0.202944 
1.39107 1.71245 -1.57622 -0.702781 0.995894 -1.10944 -1.02556 -1.53207 -1.40071 1.8891 1.27329 0.30009 0.00713538 0.081107 0.173522 -0.386086 0.451178 0.244749 -0.188843 0.262402 0.245597 0.420513 0.351891 -0.143219 -0.936396 -0.863713 -0.0147642 -0.074741 -0.159336 0.235735 -0.549449 0.261687 -0.239807 0.150844 0.191938 -0.840514 0.562184 -1.0488 1.93113 
1.46163 1.66821 -1.63253 -0.502428 1.12791 -1.07537 -1.01865 -1.36348 -1.08569 1.86781 1.62732 -0.713144 -0.125126 0.128469 -0.319828 -0.0678504 0.37368 -0.0437096 -0.251554 -0.130282 0.491534 0.788039 -0.384674 0.00938391 -0.758134 0.913226 -0.0869742 -0.485735 -0.0335365 0.134503 -1.29178 -0.369573 -0.636568 -0.380931 0.460254 -1.27413 -1.25307 0.744282 1.43507 
1.51954 1.39263 -1.64407 -0.329101 0.952184 -1.361 -1.15584 -1.04054 -0.612676 1.50442 1.28267 -0.458044 0.920361 -0.00586725 -0.312213 -0.419622 0.585681 -1.04703 -0.558416 -0.374166 -0.135334 0.880767 -0.922236 -1.39629 -0.192113 0.571353 -0.151824 0.0006624 -0.192017 0.271835 -1.38458 -0.0172538 0.0913601 -0.955231 0.0863951 -0.347835 -1.68598 1.39448 -0.963602 
1.45576 1.356 -2.05215 0.0832535 0.0808799 -1.63379 -1.39282 -1.49882 -0.20492 0.945577 0.231025 -0.905257 0.446227 -0.0233556 -0.319166 -0.259867 0.645516 -1.42829 -0.268808 -0.0389214 -0.463698 0.874434 -0.73251 -1.67659 0.636341 -0.0503764 0.102822 0.0273115 0.49287 0.261147 0.0872488 0.779522 0.470731 0.229024 0.275678 0.226357 0.853607 1.65888 -0.0859856 
1.49618 1.07346 -1.90394 0.316415 -0.476109 -1.6298 -1.19476 -1.50424 0.261758 0.771915 -0.393919 0.178297 0.869985 0.0969545 -0.284902 0.073248 0.846828 -0.959786 0.221106 0.0965649 0.0936899 1.15644 -0.695878 -0.542683 1.46677 0.485368 0.178843 -0.289537 0.628534 0.104441 1.25403 0.233627 -0.309483 0.595754 -0.240336 0.030984 2.21388 0.232645 0.188322 
1.55271 1.0711 -1.97891 0.930082 -0.878906 -1.41268 -1.29625 -1.40513 0.951525 0.249698 -0.311658 0.561512 0.931595 0.155487 -0.608703 0.368667 0.749956 -0.17426 -0.0351813 -0.348404 0.132056 0.634098 -0.701526 0.537292 0.868986 0.137945 -0.0813781 -0.363536 0.285707 -0.498727 0.404831 -0.388726 -0.382353 -0.220642 -1.66083 0.174681 1.18063 -1.04661 -0.129852 
1.65167 0.464757 -1.53527 1.06637 -0.650369 -1.66499 -1.54317 -1.37218 0.895856 0.0703897 0.143372 1.04728 1.00793 0.0155764 -0.648438 0.358955 0.348101 -0.554955 -0.16762 -0.285788 -0.126952 -0.504388 -0.521198 0.63795 0.420157 0.355516 -0.204543 0.224336 -0.0688183 -0.691503 -0.306637 0.181805 0.367977 0.0265122 -1.55166 0.580161 0.429572 -0.820562 0.109348 
1.56829 0.42266 -1.61995 1.27818 -1.43386 -1.5803 -1.58204 -1.53208 0.447137 -0.271499 0.326292 0.981669 1.28711 -0.0490554 -0.384367 0.299849 0.0584533 -0.480896 0.146624 0.0195723 0.158569 -0.917559 -0.121364 0.966864 0.048424 0.247293 -0.0535023 0.374891 -0.305762 0.0251518 0.326201 0.469678 -0.0151379 0.749796 0.28629 0.0807343 0.144056 -0.861583 -0.429848 
1.60262 0.0803896 -1.23542 1.12482 -1.13127 -1.51836 -1.5236 -1.21361 -0.0217027 -0.0509746 1.11024 1.09571 1.25522 -0.0379259 -0.273547 0.0531923 0.373252 -0.228753 0.302058 -0.300926 0.622844 -0.218098 -0.440463 0.782006 -0.441426 -0.0743319 0.00472895 0.321215 -0.274283 0.80794 -0.250602 0.521602 -0.0728598 0.710433 1.20857 -0.442045 0.583874 0.236084 0.226348 
1.53036 0.149113 -1.56676 1.65143 -1.66261 -1.27824 -1.88297 -0.909237 0.229039 -0.711963 1.1083 0.540243 1.21278 -0.0443265 -0.0631518 0.0255659 0.866394 -0.731498 0.668226 -0.0532875 0.869002 0.291013 -0.56341 1.55074 0.284508 0.473641 -0.00657035 0.116884 0.165976 0.0802272 -0.572102 0.166237 0.253033 0.0377416 -0.151406 0.0343144 -0.694915 0.0539062 0.297253 
1.55829 0.0172379 -1.20985 1.99122 -1.86276 -0.850137 -1.57688 -0.344611 0.26931 -0.614384 2.66097 1.38022 1.72886 -0.0444962 -0.156663 0.219168 0.45348 -0.800856 0.468295 -0.0478932 0.660585 -0.369504 -0.406149 0.0870913 -0.38752 0.222921 -0.0146777 -0.300529 0.322405 -0.869935 0.645662 -0.935612 0.356413 -0.551026 -0.0181136 -0.528588 -3.64522 -1.33808 0.0670568 
1.48587 -0.00754935 -1.34759 2.10491 -2.46347 -0.809945 -1.93086 -0.248651 -0.140465 -1.11811 1.19539 0.152723 1.4357 -0.0590042 -0.36368 0.34797 -0.00354191 -0.0858365 -0.267386 0.303126 0.317976 0.272899 -1.092 -2.09448 -1.05357 0.540698 -0.107006 -0.298365 0.652181 -0.54347 1.54044 -0.921782 1.37031 -1.02875 0.259204 -0.0679723 -1.31246 0.653457 0.315023 
1.49928 -0.346443 -0.861884 1.98768 -1.9486 -1.11752 -1.27376 -0.0266353 0.542209 -1.70638 0.566496 0.326646 2.26956 -0.151503 -0.455027 0.871349 -0.0899909 0.73958 -0.453487 1.32241 -0.368168 -0.1103 -0.474121 -1.22537 0.265937 0.537944 -0.261458 0.406618 -0.439451 -0.00698171 -0.165184 -0.179822 0.171292 -1.17855 -0.777582 0.843473 1.27048 2.08314 -2.07435 
1.33437 -0.462577 -0.476242 2.01492 -1.72389 -1.26343 -0.608446 -0.616819 -0.250765 -1.59223 -0.0299827 0.41866 1.97365 -0.320462 0.0429372 -0.0914808 -0.0105236 -0.25102 -0.447208 0.474418 -0.86057 -0.504683 -0.248525 -0.824002 1.02957 -1.53365 -0.161547 1.0584 -1.39375 0.545851 -1.24192 0.1719 -1.76498 0.145423 -0.0861181 0.126195 1.40404 0.863845 -2.07539 
1.17882 -0.303505 -0.953364 1.97715 -2.19962 -1.56473 -0.79934 -0.887205 0.0375263 -1.95491 -0.257506 1.35622 0.73591 -0.313049 0.603371 -0.522396 0.45586 -0.50234 -0.281587 -0.442566 -0.222745 -0.196418 -0.347926 0.178666 1.12978 -1.53744 0.15033 0.580927 0.379045 0.443146 0.693499 0.764008 0.203631 0.734301 -0.0237947 0.59701 0.36039 -0.343792 1.48524 
1.02132 0.140794 -0.998638 2.47078 -2.22623 -1.54502 -1.05101 -0.839564 -0.447183 -1.94016 0.148683 1.54844 0.436202 -0.170132 0.623864 0.287565 0.432622 0.442479 0.3168 0.678049 -0.126269 -0.528477 0.348485 -0.463612 0.685783 -0.0484085 0.309868 -0.766062 1.41576 -0.921398 1.7334 0.34202 1.37031 0.433403 0.566352 0.674103 -1.687 -0.92603 1.86733 
1.00869 0.320359 -0.6658 2.40977 -1.75714 -1.24793 -0.121291 -1.01347 -0.490951 -1.60642 -0.721118 2.042 0.687502 -0.00318134 -0.162692 0.893362 -0.465538 1.23106 0.0604337 0.927743 0.210658 0.369934 0.326177 -1.50834 0.203752 0.329889 -0.0333706 -0.351957 0.120335 -0.660169 -0.411082 -0.318072 -0.48271 0.539808 0.413983 -0.456528 0.38871 -1.74822 -0.382066 
1.01814 -0.0218975 -0.105276 2.00525 -0.995166 -1.48459 -0.123269 -0.628906 -0.0772482 -1.61398 -1.35965 1.75219 0.766092 -0.203503 0.271907 0.407899 -0.227547 0.0313972 -0.0012713 0.195339 0.413539 -0.114495 -0.108043 -0.0749024 -1.06244 -0.430474 -0.256687 0.828923 -0.879948 0.48251 -1.92653 0.0809471 -0.52249 -0.143914 -0.558266 -0.295757 1.53113 -1.50155 -2.01519 
0.805188 0.592266 -0.2579 2.18223 -1.72574 -1.2492 0.0740476 -0.599935 -0.605446 -1.71447 -0.796021 0.979564 0.257028 -0.259868 0.666231 0.0134141 0.0169728 -0.695465 0.141381 0.405253 0.0667443 -0.188332 0.0304202 0.0227977 -1.2978 -1.6853 0.0736025 0.0145672 -0.18986 -0.404792 0.353181 -0.0423106 0.225595 -0.370263 -0.285135 -0.0955548 0.236153 1.25606 -0.492273 
0.758267 0.644333 -0.0918617 2.02222 -1.69063 -1.3432 0.281984 -0.562162 -0.26558 -1.58356 -1.33685 0.454398 -0.919212 -0.1299 0.286475 0.21804 -0.632339 0.384578 -0.0435819 0.420933 0.0432761 -0.39963 -0.203598 0.161251 0.193615 -0.922747 -0.0354562 -0.322934 0.235399 -0.683143 1.8622 -0.261633 -0.824902 0.182784 -0.287513 0.0180964 0.11024 2.16149 1.75738 
0.675288 0.878741 -0.0398608 1.54989 -1.34117 -1.29278 0.494981 -0.556659 -1.00508 -1.91806 -0.63477 1.17318 -0.665719 -0.295324 0.343297 0.248813 -0.66617 1.16674 -0.120252 -0.419649 0.249528 -0.475845 0.0485166 0.133038 0.863699 0.0720763 -0.40945 -0.209184 0.438645 -0.107195 0.498036 0.665759 -0.920769 0.171204 0.362148 0.446489 0.142105 -0.315474 1.70933 
0.462943 0.987631 0.156951 1.35605 -0.523896 -1.46346 -0.137665 -0.312633 -0.741426 -1.53505 -1.20382 1.3181 -0.847136 -0.53935 0.0772911 0.656684 -0.739535 0.882614 0.622177 -0.499835 0.21448 -0.0374816 0.242891 0.303355 -0.121859 0.786581 -0.323036 -0.10498 0.735583 -0.771299 -1.1129 1.41989 -0.00711536 -0.134385 -0.213733 0.184918 1.15084 -1.85375 0.044281 
0.135938 0.956032 0.616823 0.810353 -0.458552 -0.670606 -0.00485448 -0.342179 -1.04256 -1.67517 -0.331415 1.05132 0.120861 -0.61836 0.238317 0.984396 -1.43747 0.0538403 1.29964 -0.426764 0.115143 -0.689579 0.233434 1.28388 -0.990055 0.116357 0.133908 -0.0297853 -0.342156 -0.18238 -0.615573 -0.186287 0.442606 -0.0828972 0.139678 0.449144 0.0944171 -0.151137 -1.84779 
-0.155417 1.22595 1.14135 -0.0814191 -0.470056 -0.163818 -0.564429 -0.197491 -1.431 -1.30161 0.0800655 0.328042 -0.730779 -0.405442 0.0475057 0.314529 -0.921915 0.267041 0.43589 -0.0572297 0.131583 0.102196 0.692034 0.397773 -0.272997 -1.06121 0.288162 -0.671343 -0.976091 1.33988 0.496988 -1.25226 0.391518 -0.115687 1.81854 0.0763403 -1.77442 1.39882 -0.0749062 
-0.269504 1.00354 0.931352 -0.111562 -0.191511 -0.234715 -0.0620841 -0.210596 -0.940361 -0.983139 0.0663578 0.778323 -0.940348 -0.330198 -0.433026 0.00830473 -0.0975891 0.550828 0.0473758 -0.0352462 -0.00054455 1.12896 0.309775 -0.490536 0.408768 0.0414512 0.0579686 -0.510542 -0.178594 0.699246 -0.378214 -0.204201 -0.292009 -0.311583 0.738133 0.505757 -0.813548 -1.30497 1.26962 
-0.485616 0.792921 1.14965 -0.179008 0.0807726 -0.116442 -0.599675 -0.198035 -0.302042 -0.991836 -0.41047 0.73681 -0.689327 -0.347473 -0.463036 0.135935 -0.222669 -0.111173 0.231689 -0.349239 -0.18 0.840329 1.19779 -0.415775 -1.57796 0.208412 -0.0403614 -0.313408 -0.268144 0.185133 0.146538 0.432113 0.775204 0.916518 -0.720219 0.281985 -0.496946 -2.03495 0.170042 
-0.616978 0.540502 1.06729 -0.334232 -0.302684 -0.003026 -0.411323 -0.390596 -0.100032 0.214652 -0.349418 -0.799642 -0.731936 -0.37056 -0.746434 -0.259839 0.0875441 0.697366 0.479489 0.739958 0.915974 0.408743 0.59176 -0.987481 -1.62618 0.211493 0.147551 -0.220601 -0.688962 0.104421 1.35208 0.449159 1.1657 1.05404 -0.903384 -1.80397 -0.790517 0.936136 0.235813 
-0.856175 0.0464871 0.889813 -0.0914641 0.778139 0.363047 0.140283 0.717938 0.106701 -0.400076 -1.39795 -0.889372 -0.477834 -0.199923 -0.683637 -0.553027 -0.118249 1.24091 0.680848 0.81646 0.874041 -0.0630551 -0.606174 -1.20629 -0.641829 0.444225 0.290798 0.31903 0.114917 -0.157381 -0.37483 -0.0135929 0.0747106 -1.16751 0.0367283 0.591811 2.19012 2.66468 -0.313619 
-0.8169 -0.143135 0.51426 -0.45248 0.938225 0.677822 0.405136 0.483445 -0.163087 -0.391522 -1.55571 -1.44147 -0.287711 -0.0797619 -0.427404 -0.144922 -0.0698373 0.322536 0.465896 0.814669 -0.251533 0.445472 1.18357 1.20264 1.0385 -0.102127 0.0377932 0.452792 0.600434 0.0145292 -1.25927 -0.709602 -0.865588 -0.485521 1.18886 0.552756 1.52622 1.13365 -0.458309 
-0.935937 -0.380917 0.74489 -0.161301 1.10068 0.828942 0.954951 0.466405 0.552173 0.783495 -0.195311 0.149128 -0.579961 -0.16213 -0.230844 0.0474069 -0.103719 -0.0183639 -0.0287541 -0.0491279 0.38852 1.12581 -0.0534187 0.319924 0.491824 -0.0140835 0.030247 0.457357 -0.0539026 -0.334661 -0.40134 -0.906708 -1.18172 0.843885 -0.789925 -2.06628 -1.53541 -1.8526 1.2502 
-0.97903 -0.373979 0.561667 -0.5562 0.919861 0.649068 0.356008 0.871966 0.962721 -0.444941 -1.23579 -0.949646 -0.301794 -0.0495149 0.0299527 -0.198825 -0.404498 -0.0788043 -0.440812 -0.367056 0.592352 -0.344454 -0.882713 -0.332771 -0.814104 1.14807 0.166406 0.207267 -0.0452998 0.225532 -0.18389 -0.275704 0.415116 -0.523481 -1.68661 0.765849 0.946182 0.432664 0.963873 
-0.985452 -0.350965 0.546065 -0.565799 1.02187 0.38813 0.587895 1.05876 0.207719 -0.099218 -0.528082 -0.664975 0.568109 0.00427675 -0.0235774 0.00210703 0.121813 -0.202254 -0.304459 0.365988 -0.134961 -0.560798 0.712431 1.26611 0.924489 0.94979 0.105824 0.170894 0.349502 0.386698 -0.541109 0.637412 0.244979 -0.483388 1.06381 1.00719 1.37513 2.2634 -0.866994 
-0.974753 -0.397556 0.563774 -0.434387 0.717607 0.344609 0.721996 0.737005 0.401923 0.26749 0.0303206 -0.0251576 0.647996 0.056309 0.200846 0.150677 -0.0177994 -0.619913 0.1966 -0.122077 0.108964 0.719358 0.124482 1.04236 1.4493 0.281076 -0.0995956 0.00419341 0.164601 -0.34786 0.229288 0.528156 -0.411934 -0.1412 1.11699 0.366223 -0.893618 -1.82072 -1.51223 
-0.929143 -0.150118 0.696742 -0.583599 0.401957 0.58473 0.465818 1.16772 0.927077 0.0252635 0.514274 0.784325 0.849184 -0.0953188 -0.019384 0.166708 -0.226048 0.0270347 0.223697 -0.045946 -0.276161 0.556195 1.07865 0.372488 -0.896233 -0.562438 -0.0672823 -0.321637 -0.181421 -0.14589 0.454562 -0.426707 -0.0471372 -0.647105 -0.782595 0.16653 -1.90008 -2.9242 -2.03148 
-1.07007 -0.41694 0.730482 -0.660435 0.744642 0.568307 0.67605 0.460844 0.958117 1.34614 0.402808 -0.92139 0.0855577 -0.0109733 -0.120791 -0.0307438 -0.163689 -0.165352 -0.230107 -0.169214 -0.538141 -0.0632378 0.291012 -0.857722 -1.4749 -1.75041 0.0988957 -0.0878498 -0.449315 0.255134 -0.0298175 -0.0834436 0.257039 0.361871 -1.87597 -3.70686 -2.83699 1.95327 0.431327 
-0.940116 -0.270909 0.665999 -0.747288 0.236606 0.354623 0.296604 0.62958 0.863839 0.316275 -0.343448 -0.690571 -0.901222 0.00357684 -0.107234 -0.282607 0.0290863 -0.00278282 0.140254 0.211093 0.0857101 -1.31977 -2.62821 -2.4645 1.05703 -0.131111 -0.0856756 -0.0378305 -0.175668 0.190424 0.578765 0.630441 1.19447 0.684724 -0.143506 -0.812116 -0.371222 1.36731 2.16561 
-1.0665 -0.524174 0.447875 -0.631349 0.741859 0.70856 0.887143 0.546554 -0.361656 -1.28207 -2.0617 0.135642 -0.0455536 -0.0966488 -0.158621 -0.206412 0.0267343 0.413413 0.400334 1.02525 0.146583 -0.206743 -0.521104 -1.22894 -0.107584 0.415203 0.0922812 0.166001 0.387067 -0.178036 0.406817 0.213739 0.0399441 0.436581 1.76046 3.90962 3.49461 -1.95573 0.226125 
-1.03677 -0.42953 0.459587 -0.720554 0.650019 0.754958 1.32186 0.776163 0.657096 -0.204829 -1.57239 -0.798155 -0.486018 0.095858 0.0587672 0.104459 -0.148949 0.404034 0.353993 0.251037 0.522291 0.440687 1.28141 1.03011 -0.898698 0.0950138 0.150261 0.0278375 0.00816997 -0.251416 -0.44849 -0.573439 -1.36676 -0.266296 -0.456275 0.959498 3.70642 1.99554 1.4116 
-0.970637 -0.465407 0.552334 -0.780298 1.14589 1.06255 1.13818 1.06885 0.0790314 -0.00065476 -1.03159 -0.763056 0.0494602 0.0536118 -0.130784 -0.198242 -0.224682 -0.0350775 -0.173104 -0.341504 -0.119713 -0.663018 0.438394 2.47748 1.88795 1.8268 -0.1288 0.0344052 -0.165426 0.232768 -1.03908 -0.665462 0.0971358 -0.676242 -0.172081 -1.63132 -0.378648 1.16174 -1.04909 
-0.983154 -0.560314 0.261344 -0.945235 0.614941 0.581853 0.980351 0.65645 -0.00592253 0.233566 0.905086 1.0898 1.34078 -0.0329421 0.0931724 -0.0609661 0.0838187 -0.635046 -0.31147 0.348173 -0.153951 0.268606 -0.349913 0.651462 0.263042 -0.954078 -0.0789761 0.245434 0.523434 0.401572 -0.0468855 0.442038 0.583332 0.343595 1.34013 -0.574042 -4.3378 -3.79319 -3.40247 
-1.00358 -0.372235 0.491368 -0.696479 0.510847 0.751083 1.48635 0.914895 0.347638 -0.350567 -0.380125 -0.500014 -0.904618 -0.0253643 0.11465 0.325192 0.17689 -0.0819629 0.268934 0.241828 0.223882 0.677109 -0.135648 -1.86032 -1.90524 -1.57567 0.0607935 -0.127234 0.233099 0.0308509 0.633199 0.234988 -0.807478 -0.198001 -0.447304 1.28235 -0.0384376 -0.556592 2.0838 
-1.00852 -0.445664 0.586537 -0.768345 0.532978 0.850787 1.22218 0.880332 0.671187 0.0979178 -0.95523 -0.815439 -0.234884 0.0278513 -0.034062 0.172133 0.11467 -0.00184732 -0.0764816 -0.459305 -0.351952 -0.178698 0.932441 0.613024 -0.29355 1.12973 0.0699827 -0.0526166 -0.265592 -0.0307853 0.0979606 -0.353177 -0.7504 -0.16008 -0.342017 0.811941 3.19127 1.87823 1.31968 
-0.975728 -0.406297 0.663501 -0.58181 0.509 0.674602 1.02705 0.562943 0.16894 0.581874 0.232899 -0.793564 0.225108 0.0446185 0.0620335 0.0596001 0.146105 0.0159976 -0.0842437 -0.508572 0.0638025 0.335092 0.676293 1.33095 -0.0270097 -0.255993 -0.0840952 -0.231525 -0.483085 -0.0624498 0.635745 0.229514 0.547075 0.806366 1.23331 -0.811036 -1.32304 -0.106418 -1.76102 
-0.963899 -0.38363 0.646137 -0.62224 0.548976 0.766543 0.713608 0.944135 1.00628 0.77421 0.375724 -0.842448 -0.490876 -0.0562438 -0.265587 -0.310952 0.0522198 0.633898 0.153032 0.0877702 0.454415 1.05461 0.121405 -0.710014 -0.399968 -0.631293 -0.146006 -0.354507 -0.456082 -0.285643 0.38015 0.0135282 0.785835 -0.327336 -0.129459 -0.765386 -1.80429 0.0943966 0.852326 