-1.00153 -0.934001 0.959131 0.44824 0.375881 -0.175469 -0.306089 0.93629 0.128333 -0.0894359 0.694522 -0.379229 0.717892 -0.0515011 -0.187673 -0.177121 -0.919999 -0.465059 -0.591488 -1.19323 -0.145251 0.0729326 -0.0497057 -0.198161 0.419551 0.0922825 -0.0371242 -0.178107 -0.416722 -1.65434 -0.0301955 -0.318421 -1.78152 -0.0416326 1.42507 1.46844 0.288077 1.31571 0.416808 
-1.05487 -1.12864 0.764196 -0.595156 0.381735 -0.254438 -1.3918 0.849451 0.976363 0.766984 0.304429 -0.521775 0.919395 0.0264401 -0.00361559 -0.335342 -0.947224 -0.398338 -0.621164 -1.33392 -0.186121 0.0837082 0.33165 0.302465 0.596087 0.28265 0.124042 0.448472 0.355813 1.40786 0.151049 0.521701 1.5696 -0.126158 -0.381745 -0.286538 0.618036 0.0498527 0.225674 
-0.975091 -0.937617 0.623789 -0.498984 -0.022457 -0.796633 -1.64001 0.750169 0.212041 0.242214 0.996988 0.216858 1.00054 0.072541 0.260799 0.178692 0.487866 -0.314011 -0.0697869 0.376371 -0.271409 -0.308813 -0.336243 0.419874 0.469404 0.317957 -0.104062 -0.00243708 0.461773 1.10341 1.51669 1.95621 2.48213 -0.22169 -0.561352 -1.71403 -0.633844 -0.20887 0.363798 
-0.982332 -0.86784 0.942887 -0.10729 0.0677248 -0.324225 -1.01543 0.578041 0.66755 0.430741 0.724303 -0.0523715 1.23735 -0.0776222 -0.00605268 0.126431 0.156188 1.11836 1.33505 1.14821 -0.407811 -0.477644 -1.38238 -0.331379 0.387217 0.646448 -0.129361 -0.437924 -0.248744 -0.627211 0.953984 1.0718 0.573098 0.533797 0.214376 0.795801 0.0206551 0.156595 -0.655212 
-1.05271 -0.94367 0.75022 -0.342796 1.0959 0.538415 -0.491807 0.342358 -0.265603 -1.14017 0.665609 0.604075 1.64699 -0.0568205 -0.177125 -0.0700524 -0.139345 0.639973 1.00201 0.949469 0.262388 -0.0944371 0.459558 0.440529 0.625999 -0.337256 0.0989956 -0.193038 -0.1731 -0.602783 -2.03566 -1.50307 -0.937152 0.89591 2.30049 4.20145 1.18636 0.301754 -0.904465 
-1.03915 -1.04496 0.872835 -0.246635 0.707698 0.677784 -0.0659623 0.840429 0.573113 0.890298 1.16483 0.573627 0.900096 0.0213734 -0.19909 -0.0466687 -0.446595 -0.917306 -0.168021 0.211054 0.4881 1.82285 2.81907 0.854981 0.688971 -0.258017 0.0831164 0.200582 -0.0807794 0.0059616 -1.07453 -1.85454 -1.04136 -0.321922 0.912613 0.703811 -0.259021 -0.205147 0.640186 
-1.03134 -1.14276 0.703551 -0.789392 0.178593 0.370394 -0.280753 0.830458 1.55724 1.6789 1.52059 1.29305 1.38897 0.0262959 0.0234573 -0.150832 -0.133383 -0.434561 -0.852528 -0.0918856 -0.0595343 0.818176 1.16337 0.181508 0.420851 0.302931 0.0225378 0.419915 0.0868148 1.17515 0.949852 0.20261 -0.164039 -0.622352 -2.71809 -3.95444 -2.50991 -3.69168 -0.710507 
-1.01286 -1.02151 0.722003 -0.380018 0.273137 -0.174745 -0.157848 0.780894 1.39129 2.05367 1.34634 0.994479 1.20303 0.0439112 0.220824 0.0401461 0.728551 0.0325468 0.0345886 0.0470145 -0.134252 -0.895243 -1.13537 -1.65493 -3.00271 -0.968524 -0.056262 -0.166867 0.178575 -0.0930802 -0.365247 1.40615 -0.432127 0.525093 -1.97088 -2.89976 -0.686413 -2.1744 -1.09677 
-0.987428 -0.921936 0.743698 -0.0608411 0.211139 0.404983 -0.233739 0.696205 0.662 0.543524 -0.134339 -1.70966 0.420448 -0.0299661 -0.14341 0.027743 -0.226463 -0.799808 0.553624 -0.524013 0.465559 -1.1527 -1.7364 -0.504905 -1.75355 -0.793843 -0.0833459 -0.493002 -0.085181 -1.30572 -0.0625873 0.445798 0.293758 0.10303 0.884039 1.06603 2.07237 4.41352 1.71085 
-1.04282 -1.16492 0.749746 -0.606481 -0.526671 0.378879 -0.681861 1.24645 0.238586 0.317271 0.841436 -0.759068 0.409183 -0.0394347 -0.272178 -0.045035 -0.577167 -0.0300405 0.480387 0.340772 -0.0312225 -0.0112042 -0.0693422 0.417436 1.41081 0.742329 0.0412238 0.182975 -0.0710974 0.0122088 1.27081 -0.878822 0.473295 -0.898347 2.0777 2.53299 0.937904 2.521 0.64289 
-1.02686 -1.19411 0.698663 -0.638008 0.181099 0.885369 0.107033 0.664983 0.650796 0.474182 0.283097 -0.298848 1.16278 0.0112577 0.0395652 -0.0433544 -0.214255 0.471001 -0.325198 -0.0507173 -0.432789 0.924996 0.796595 0.433 0.767456 -0.150953 0.0872794 0.41079 0.0547469 0.361472 0.433517 -0.853033 -0.567183 0.442562 0.872493 0.830521 -0.482562 -2.0617 -1.22895 
-1.03156 -1.12535 0.706392 -0.820736 -0.0556698 0.0536807 -0.732578 0.813665 1.16358 1.11387 1.27444 0.00838855 0.258231 0.0478447 0.138612 0.00971189 -0.215694 0.403477 -0.372646 -0.226411 0.411339 0.861289 0.761179 -0.0651256 -0.65089 -0.486616 0.0497138 -0.0362692 -0.167441 0.190069 -1.28517 0.192606 0.547908 0.669753 -0.414939 -0.807622 -0.700477 0.135426 0.829436 
-0.979018 -1.0555 0.708374 -0.853702 0.584576 0.512723 -0.119378 1.07632 1.51208 1.23536 0.217972 -0.949737 0.67616 0.0609714 0.00329597 -0.210795 -0.0241851 -0.814172 -0.132592 0.497191 0.236964 0.510058 -0.0110271 -0.267477 0.902882 0.678483 -0.0130732 -0.101131 -0.0909046 0.983734 -1.09357 -0.227359 0.25448 -0.727318 -1.71057 -0.354821 0.837846 1.34147 0.205469 
-0.970593 -1.12206 0.495597 -0.844921 -0.869842 -0.0789116 -0.235387 1.05063 1.67364 1.10284 1.00696 0.91127 0.936714 0.0347716 0.0374816 -0.0811927 0.76804 -0.690096 -0.600005 0.0280689 -0.315979 -0.849281 0.406358 0.77272 0.69058 -0.281147 -0.128802 0.0550079 0.63839 0.291017 1.32842 0.0526703 -0.127347 -0.166642 -1.44777 -0.112953 -0.168134 -2.79508 -1.81123 
-0.944247 -1.01802 0.627182 -0.0856627 -0.105521 -0.0872819 -0.0913089 0.760343 0.662804 1.64172 0.990692 -0.259158 0.395013 -0.067831 0.0583039 0.427595 0.266832 0.514247 -0.0799221 0.369844 0.0703218 -0.937711 -0.12398 -0.435612 -1.8922 -1.13274 -0.14151 -0.228358 0.316188 -1.47008 -0.072201 0.777954 -0.231629 0.259033 0.496935 -1.46674 -0.621772 0.756659 0.107124 
-1.03842 -1.06375 0.923192 -0.578089 -0.355595 -0.158834 0.134457 1.12095 0.735929 0.978859 0.571347 -0.980925 -0.19603 -0.106739 -0.190877 0.234995 -0.702045 -0.762297 0.177948 -0.20356 -0.0569452 -0.352346 -1.06038 0.150948 1.44724 -0.174023 0.135053 0.288231 -0.419806 0.0653006 0.356618 0.520736 -0.694686 -0.303911 0.929983 -1.69252 -0.394359 1.9589 2.02608 
-1.05099 -1.2089 0.862177 -0.787707 -0.867818 0.0906665 -0.294869 0.703398 0.310458 0.581335 1.14164 1.18808 0.22099 0.067222 0.346535 0.0077894 0.332132 0.870865 0.440814 -0.324842 -0.233589 -0.00772826 -1.8165 -0.829971 0.0667057 0.893338 0.299527 -0.260912 -0.551227 2.99513 1.69927 0.0593892 1.98442 -0.730334 0.859565 2.33435 -1.24815 -3.05365 0.798564 
-0.971203 -0.717217 0.930981 -0.245957 0.51527 0.28198 -0.190385 0.887361 0.728201 -0.837638 -0.258624 -0.91422 0.697308 0.192789 -0.451789 -0.316232 2.29308 0.936968 0.237338 1.78086 -0.787279 0.50722 1.27397 -1.0972 -1.60641 0.624541 0.0976526 -1.26672 -0.32846 0.647751 -2.46225 -0.684288 0.860468 -0.667259 0.05313 5.0704 1.23141 0.835702 -0.494375 
-0.858197 -1.66069 0.545944 1.50538 0.0691504 0.328004 1.48599 -0.0838814 0.817678 1.8553 0.0444432 -0.41833 0.845531 0.164875 -0.920188 -0.320671 0.979883 -1.59139 -0.243474 0.535625 -0.900848 0.0454017 3.2539 0.401434 0.902408 0.398963 -0.192213 0.966833 0.709965 -3.16831 -1.35205 -0.133133 -3.5418 1.55263 -0.668554 -2.15804 1.56504 0.857674 -0.554747 
-0.806328 -1.63741 0.61031 0.733926 -1.07612 0.0385063 0.34524 -0.0134867 0.773602 2.41626 0.14281 -0.0118119 1.09627 0.000575499 0.515044 0.393733 -0.875231 -0.415085 0.104204 -1.76094 0.76535 -0.161335 -0.884076 0.467843 -0.748736 0.0697944 0.187658 2.93327 1.80431 0.0512909 2.61978 0.772275 -2.90035 0.481573 -0.435458 -8.1666 -0.436607 -1.07175 -2.06713 
-0.857621 -1.14564 0.939677 0.630144 -0.345935 0.432208 -0.274947 0.681468 0.656343 0.971228 0.512287 -1.16707 0.915325 0.352532 2.01308 1.48364 1.03117 1.0284 0.528801 -2.36473 -0.419275 -0.390056 -4.9127 -0.035173 -0.169345 -1.66817 0.91269 1.91649 0.0311646 1.82728 0.821336 -0.1416 -0.891318 -2.54991 -0.90667 -1.31101 0.513584 -0.437143 -1.78995 
-0.453796 0.375676 2.09395 1.7651 -0.0477211 0.567308 -2.01949 -0.432762 0.383547 -2.49644 0.107637 -0.181157 -0.571898 0.913266 2.43153 0.424898 0.952047 0.406251 -0.0373959 -2.65226 -1.78456 -1.068 -2.19508 0.981427 -1.18588 -1.72015 0.48412 -0.98843 -3.20726 -0.876727 0.678744 -2.21609 2.65643 -0.140436 -1.21944 8.77566 1.31426 -2.44464 1.98165 
0.0556445 1.28589 1.36458 1.58219 0.0603158 0.394813 -2.9272 -1.10309 -0.411661 -1.22386 1.49371 -2.35295 -0.80483 0.836652 1.02465 -1.72361 0.154447 1.70714 -1.68729 0.291703 -0.559711 -1.60949 3.86296 1.27908 -2.61398 0.31348 -0.470107 -2.33993 -1.88458 -1.02656 1.02671 -2.1196 4.37977 1.78111 -0.0667268 4.5593 -1.46346 1.54697 2.4963 
0.382856 1.40033 0.370341 1.91955 1.65942 -1.11998 -1.72778 -0.992473 -1.22595 1.36652 1.38672 -2.79514 -0.258418 0.443159 0.0916087 -1.45968 -0.0745146 1.43296 -2.157 1.72751 -0.00344998 -1.13473 2.36422 -0.482032 0.361092 0.776143 -0.419022 -1.06599 0.946584 -1.35957 -4.28704 2.79304 0.944351 0.270812 2.31409 -5.47238 -2.0823 3.92766 -0.7797 
0.498804 1.3775 -0.0951051 1.50768 1.49327 -1.76218 -1.19969 -1.10654 -1.54639 1.14036 1.01168 -1.99185 -0.0286862 0.41763 -0.0413374 -0.777029 -1.20512 -2.5799 1.10575 1.23605 -0.288899 0.704599 -1.60942 -0.803218 1.31367 -0.46622 0.0284927 -0.343225 0.749656 -1.4022 -5.50042 4.75479 -1.14213 -0.47637 2.71012 -4.22644 -1.06944 -0.251395 -1.53435 
0.800486 1.35899 -0.406688 0.714427 -0.920483 -0.0142331 -0.491728 -1.28137 -0.521349 -0.242896 0.583502 -1.48147 -0.724638 0.471652 -0.251616 -0.710024 -1.47671 -4.06746 2.59779 0.58538 -0.479819 1.57539 -1.86222 -1.55147 0.109697 -0.75821 -0.158687 -0.359377 0.224389 0.384984 1.16185 -0.634879 -0.697519 -0.198724 -0.430143 1.02878 -0.346833 -1.35525 -0.0266445 
0.970456 1.12589 -0.805129 0.0309646 -2.57419 0.835609 -0.614311 -1.58636 0.0289974 -0.721855 -0.539792 -1.88216 -0.786896 0.258943 -0.400715 -0.55264 -0.820135 -1.41805 0.470869 0.538536 -0.487623 0.274456 -0.58064 -1.15005 -0.0415751 -0.492865 -0.31631 -0.0436476 0.537212 1.26145 4.86839 -3.11482 0.728393 0.452507 -2.21924 2.15946 1.41659 1.46591 0.143136 
1.05943 0.958276 -0.959329 -0.105709 -2.33853 0.456636 0.0468084 -1.769 -0.246893 -0.823536 -0.566549 -1.52304 -1.2175 0.155342 -0.295264 -0.172812 -0.21526 0.800925 -0.517026 1.31377 -0.0273127 -0.643847 0.297247 -0.134888 1.57561 -0.615074 -0.210533 0.567292 0.116579 1.2879 1.39408 -0.376371 0.175706 0.636967 -0.724237 1.25284 0.957398 1.88852 0.149399 
1.1258 0.830622 -0.977942 -0.184295 -1.77326 0.318583 0.699463 -1.61367 -0.61485 -0.424607 -0.67468 -0.30655 -1.40197 0.04841 0.166578 -0.436061 0.467767 -0.0239703 0.0944973 0.714242 0.149343 -0.449781 0.6722 -0.192653 1.84694 -0.343466 -0.0604256 0.289842 0.180771 0.218077 0.00777093 0.757996 -0.385373 0.0621208 0.826142 0.0654219 0.485821 -1.65413 1.2692 
1.10784 1.12485 -1.39539 0.362059 -2.3625 0.551133 0.76105 -1.61965 -0.696674 -0.151336 -0.759201 0.323899 -1.56097 0.0949161 -0.00542171 0.00795847 0.0028176 0.808696 0.24097 0.928401 0.0348081 0.182295 0.362669 0.350933 -0.078524 0.654122 -0.0156813 -0.233575 0.19338 -0.995184 0.0704431 -0.485379 -0.72606 -0.522775 -0.0593146 -1.61176 -0.271308 -3.24425 0.172052 
1.22071 0.8252 -0.969983 -0.181478 -0.964567 0.559553 1.62786 -1.57886 -0.432554 -0.0619383 -0.323746 -0.385074 -0.747848 0.0327287 -0.0669976 -0.242681 -0.527417 0.0464728 -0.390882 -0.0118189 -0.373432 -0.509096 -0.939564 -0.463961 -1.39731 -0.171414 -0.0731289 -0.0298006 -0.299529 -0.26748 -1.14296 -0.338512 -1.2366 -0.204353 -0.548024 -0.816599 -0.511496 -0.237744 -1.05495 
1.14057 1.05786 -1.63807 -0.165359 -2.31603 0.160251 0.749231 -1.99308 -1.20577 -1.0909 -1.22316 -1.07341 -1.73238 0.0217871 -0.0352223 -0.29157 -0.264662 -0.334261 -0.0975427 -0.308201 -0.169545 -0.365728 -0.45393 -0.160563 -0.316269 -0.400833 0.0642461 0.00215459 0.528195 0.6711 0.967082 1.06991 0.724564 0.766464 0.850445 1.97546 1.0949 2.24921 0.663292 
1.2425 0.789978 -1.26155 -0.44614 -1.29883 0.46201 1.31966 -1.74841 -0.798283 -0.515869 -0.48431 -0.701343 -1.14868 0.0969748 -0.064843 0.285515 0.143683 1.01356 0.679031 0.712745 0.393032 0.341349 1.0359 0.630939 0.851902 0.491878 0.0575691 -0.171258 0.609556 -0.107215 0.855754 0.544193 0.375727 0.624742 -0.09813 1.50528 -0.109207 1.42491 0.438624 
1.23754 0.993013 -1.35256 -0.0216758 -1.30247 0.839282 1.46198 -1.60005 -0.864421 -0.0550041 -0.592224 -0.221507 -1.24051 0.0793562 -0.206481 0.317986 -0.371877 0.521493 0.44665 0.0675258 0.455197 -0.463858 1.05135 -0.26977 1.10864 0.0377909 -0.0703756 -0.231483 -0.258732 -0.842877 -1.66251 -0.624646 -2.03283 -0.214985 -1.39998 -0.339957 -1.7452 -0.209922 -1.19725 
1.32186 0.583497 -0.943568 -0.818017 -0.777335 0.90866 1.38719 -1.29321 -1.26214 0.535478 -0.754079 0.407296 -1.11089 0.0265992 -0.296326 0.0267823 -0.699194 -0.648959 0.0543851 -1.32009 0.178047 -1.05863 0.695938 -1.11426 0.64198 -0.705368 -0.103715 0.389664 -0.393646 0.474283 -0.776892 -0.135402 -0.505485 -0.31152 0.00855625 -0.54291 -0.508695 -0.00421709 -0.779076 
1.26414 0.696687 -1.32577 -0.72087 -1.95143 0.893667 0.141888 -1.42201 -1.92305 0.640934 -1.70649 0.420473 -1.94587 -0.0243586 0.183183 -0.0756605 0.102406 -0.255399 0.311248 -0.437959 0.143677 -0.455302 0.508436 -0.778465 1.10442 -0.741285 0.0178463 0.244477 0.407723 0.417411 1.98577 -0.00957629 2.40745 0.000414613 1.39529 -1.01363 1.97915 -0.183627 1.09698 
1.2975 0.76668 -1.01923 -0.715611 -1.03273 1.21991 0.94923 -1.14953 -1.71744 1.04391 -1.53254 1.51172 -1.85218 0.0444455 -0.0518489 0.434505 -0.281784 1.33681 0.0448088 1.08736 0.178462 0.336657 -0.317688 0.864888 0.458353 0.39161 0.00418633 -0.099916 0.120881 -0.311686 0.902607 -0.757654 1.18139 -0.245901 0.944386 -1.55548 2.03815 -1.65433 1.37571 
1.30859 0.644838 -0.891268 -1.00265 -0.614624 0.938476 1.22925 -1.24354 -1.58639 0.323247 -0.8416 0.878826 -1.55426 -0.0201723 0.0832673 0.0452209 -0.209281 0.647208 -0.446406 0.743427 -0.102224 0.489084 -1.04705 1.25969 -0.549906 0.634421 -0.12761 0.267729 -0.669901 0.0382912 -1.65298 -0.437829 -1.2401 -0.254483 -0.40279 -0.322698 -0.647987 -0.840627 -0.253513 
1.27733 0.849948 -0.974008 -0.924892 -0.385526 0.773502 1.69266 -1.25176 -1.22836 -0.00313195 -0.272858 0.961812 -1.21775 -0.0831641 0.21588 -0.235396 -0.243492 -0.316174 -0.39302 -0.152738 -0.0760212 -0.0661324 -0.640385 0.2169 -0.382274 0.138097 -0.0113636 -0.379462 -0.179365 -0.773815 -1.51771 -0.159595 -1.94026 -0.381989 -1.09512 -0.341457 -1.78939 -0.842716 -1.22466 
1.22542 0.860718 -1.12666 -1.24615 -0.930798 0.545455 1.07651 -1.31956 -1.65253 -0.317139 -0.6247 0.496552 -1.41617 -0.0315359 -0.296195 -0.134144 -0.983095 -0.870505 -0.606002 -1.19684 -0.484213 -0.606039 -1.3885 -0.529705 -1.39262 -0.590244 0.154227 -0.537747 0.542846 -0.228842 0.503409 0.550112 -0.0516543 0.114469 -0.0749079 0.694336 -0.162396 0.687103 -0.136034 
1.24579 0.553753 -1.10815 -1.90799 -1.25603 0.1675 0.495821 -1.73597 -1.8344 -1.39164 -0.802563 -0.43081 -1.808 0.0710631 -0.321867 0.307451 -0.472335 0.187235 0.157092 -0.204392 0.0384474 -0.14104 0.0539508 0.0545039 0.304828 0.00206334 0.0366698 0.646574 0.272033 1.78414 1.30913 1.42123 2.04669 1.17135 0.65197 3.42251 0.184258 3.60845 0.923693 
1.29649 0.538851 -0.819213 -1.71848 -0.743562 0.702548 0.872115 -1.28112 -1.79357 -0.263188 -0.570196 0.80138 -1.4141 0.00513385 0.350379 0.137889 0.801049 0.438622 0.815224 0.849855 0.687142 0.0459304 2.03401 -0.345447 2.21583 0.33345 -0.155779 0.724296 -0.557264 1.08921 -0.888125 0.0369579 0.638874 0.0616569 0.0776989 0.513655 -0.651918 0.551167 -0.048627 
1.25092 0.904131 -0.970263 -1.10694 -0.817409 0.982725 1.34568 -1.04883 -1.78847 0.642375 -1.14801 1.78502 -1.47455 -0.0847157 0.40243 -0.249814 0.616873 -0.700889 0.19405 0.434482 0.100104 -0.0633414 0.567605 -0.597414 0.855996 -0.0465637 -0.0128726 -0.689285 -0.0201244 -1.49165 -0.812492 -1.40508 -0.990536 -1.06906 0.333768 -3.76315 0.875777 -3.87939 0.336418 
1.21177 0.941281 -1.06903 -1.10161 -1.44445 0.896598 1.3066 -1.18101 -1.85691 0.304417 -1.16761 1.65738 -1.46067 -0.00773877 -0.338906 0.117764 -0.690605 -0.373871 -0.58986 -0.140682 -0.381914 0.379698 -1.72914 0.53033 -1.66356 0.669868 0.0417065 -0.157713 0.171629 -0.0862004 0.864123 -0.0170605 -0.014877 -0.14475 1.0571 -1.44715 1.19578 -1.64836 1.03925 
1.24318 0.565225 -0.852499 -1.79754 -1.19128 0.392865 1.20499 -1.43074 -1.40877 -1.08677 -0.61768 0.121454 -0.804681 -0.0430092 0.244717 -0.0781846 0.530672 0.163234 0.17699 0.419605 -0.0446459 0.993754 -0.879541 0.598371 -0.79236 0.992688 -0.0812693 0.866408 -0.558618 1.66511 -0.00565068 0.886682 0.14709 0.614551 -0.332774 2.38287 -1.23216 2.1044 -0.466726 
1.16876 1.186 -1.14721 -0.570936 -1.28122 1.07359 1.7262 -1.22566 -0.863153 -0.575124 -0.569239 0.865016 -0.467979 -0.0890081 0.527502 -0.440854 0.974502 -0.379521 0.296822 0.006408 0.232637 0.0469243 0.653723 -0.701831 0.440832 0.203142 0.0989107 -0.625685 0.145774 -1.22263 -0.0600803 -0.843818 -0.270507 0.126816 -1.18018 1.10786 -1.39069 0.0634111 -1.12982 
1.15418 1.09273 -1.29335 -0.823041 -1.5708 0.689687 1.2114 -1.19811 -1.36185 -0.433045 -1.31951 0.562287 -0.601539 0.0559015 -0.380969 0.067589 -0.691961 0.103153 -0.666828 0.149098 0.0821697 -0.186423 0.228318 -0.792318 -0.728949 -0.137133 0.141361 -0.974081 0.35909 -1.94508 0.55756 -1.28982 -0.32586 -0.319311 -0.25257 -1.57388 -0.135963 -2.23498 -0.712851 
1.22466 0.805029 -1.07962 -1.2629 -1.17806 0.40676 1.8753 -1.14349 -1.04958 -0.346806 -1.36156 0.136068 -0.605112 0.0523531 -0.446578 -0.0817642 -0.970582 0.178039 -0.992995 -0.319452 -0.086674 -0.205646 -0.920157 -0.837794 -1.79415 -0.50971 -0.092763 0.677868 -0.456777 1.36506 0.465757 0.96372 -0.143846 0.0915983 0.421614 -0.669988 1.11315 0.857059 0.791844 
1.20653 0.646149 -1.37512 -1.79362 -1.39276 -0.303308 0.891951 -1.28478 -1.56749 -1.3532 -2.1573 -1.23186 -1.11125 -0.0368615 0.296899 -0.389188 0.673095 0.568911 0.296892 0.00525137 0.173768 0.23519 -0.44167 0.320828 0.12811 0.654711 -0.0587825 0.777428 0.0177236 1.86539 1.0309 1.64346 1.32851 0.395836 1.26808 1.42646 2.08705 2.30181 1.91631 
1.1878 1.10193 -1.46881 -0.589802 -0.609154 0.703652 1.88055 -0.969721 -0.814386 -0.788475 -1.04073 0.264178 0.0495995 -0.00642943 0.33085 -0.0640407 0.894804 1.20894 0.650463 1.00906 0.309162 1.06244 0.506306 1.24926 0.50766 1.4066 -0.0525293 -0.184306 -0.0790236 -0.421783 -0.578559 -0.823461 -0.498241 -0.285392 -0.0641749 -0.190037 -0.381457 -1.98004 -0.605402 
1.2001 0.976999 -1.43916 -0.898819 -0.18382 0.347155 1.90101 -0.975619 -0.505052 -0.846896 -0.908045 -0.724202 0.295352 -0.0893908 0.112593 -0.468211 0.251312 -0.00964833 -0.526569 -0.49299 -0.111624 0.171015 -0.631707 -0.0606288 -1.85193 0.0493095 -0.0283313 -0.456082 0.0619896 -0.325567 -0.333032 -0.747205 -1.46423 -0.217871 -1.18679 -0.745676 -1.28012 -0.729806 -0.958427 
1.09841 1.21452 -1.93702 -0.33849 -0.618802 0.177083 1.38756 -1.08135 -0.64337 -1.42018 -1.10136 -1.58775 0.098909 -0.0347607 -0.125232 -0.00205109 0.569237 0.875909 -0.0967415 -0.455176 0.0912909 -0.124353 -0.23937 -0.0308598 -0.222146 0.448173 0.146149 -0.582511 1.0283 -0.195186 1.91301 0.34992 0.379057 0.68066 -0.0549833 1.52476 0.44631 2.50557 0.991145 
1.16534 0.851768 -1.44121 -0.329582 0.692089 0.250413 1.44583 -0.884328 -0.629405 -1.08627 -0.938905 -0.946348 0.743525 0.0567577 -0.469918 0.560087 0.0561256 1.90336 -0.176649 -0.113932 0.569036 0.116032 0.893054 0.385681 0.65364 1.04045 -0.0321981 0.19321 -0.182225 -0.425609 -0.598761 -0.947587 -0.711422 0.42045 -0.0824174 0.711867 -0.817616 0.664474 -1.7693 
1.15517 0.744604 -1.37693 -0.282365 1.28456 0.000433894 1.27363 -0.51231 -0.527338 -0.527128 -0.715677 -0.93411 1.13936 -0.0669588 0.0679782 -0.184276 0.143628 0.277149 -1.04433 -1.1666 0.511741 -0.206771 0.472497 -0.848476 0.442328 -1.32112 -0.0735905 0.136751 -0.407945 -0.0536179 -1.87742 -0.840747 -1.96557 -0.02605 -0.613239 -0.334109 -1.72484 0.648845 -3.64137 
1.09838 0.919746 -1.62548 -0.185954 0.969238 -0.793915 0.279236 -0.372587 -0.836175 -0.613769 -1.78738 -0.504019 -0.577599 -0.0168328 -0.333167 0.152141 0.00250764 0.0259432 -1.0174 -2.0795 0.542986 -0.497207 0.558944 -1.33916 1.30249 -2.60092 0.0442331 -0.551334 0.542877 0.205192 -0.0971437 0.341156 -0.651077 0.141379 0.23626 -0.217151 -0.0304639 1.08032 -0.198951 
1.13834 0.411437 -1.22479 -0.279857 1.3105 -1.01696 -0.805869 0.0306759 -1.02455 0.0318157 -2.05484 0.368375 -1.46156 -0.0227257 -0.483356 0.3586 0.34882 0.180005 -0.703172 -1.81767 0.653119 0.0294897 0.255346 -0.87894 1.52265 -1.52008 -0.0933964 0.550368 -0.00474162 1.13586 0.150393 0.268733 1.96265 -0.0075825 1.69624 -1.17776 1.70803 -1.39822 3.23202 
1.07566 0.43639 -1.26688 0.162865 1.14924 -1.49709 -1.53844 0.280532 -0.806686 -0.358422 -2.66632 1.01863 -2.09767 -0.110229 0.217201 0.1474 1.13837 0.176336 -0.748663 -0.116851 0.535403 1.19903 -0.618818 0.368866 -0.0957367 0.6311 -0.10282 0.728535 -0.171235 0.796997 -0.684319 0.0810894 1.58518 -0.29448 0.647539 0.031493 0.895255 -1.49266 2.37166 
1.02811 0.628638 -1.07739 0.858512 1.48684 -1.76563 -0.92272 0.566079 0.17449 -0.587002 -1.68597 0.272639 -0.830456 -0.125546 0.24518 0.187365 1.14582 -0.504314 -0.622083 -0.232491 0.358639 0.677029 0.286839 0.016315 0.0299981 0.851581 -0.0585543 -0.148764 0.136318 0.0856572 -0.628342 0.0277777 -0.343249 -0.62984 -0.592552 0.0679148 0.177719 0.20969 -0.258092 
0.950109 0.68157 -1.07952 1.30868 0.644928 -2.11917 -1.77093 0.639171 -0.129657 -0.0715832 -2.65001 1.04863 -1.24609 -0.168783 0.068437 0.283718 1.22403 -0.452006 -0.720885 -0.4601 -0.0944372 0.606483 -0.550903 0.546585 0.113954 0.373008 -0.0828291 0.0347597 0.0441613 0.326936 0.447112 -0.427038 1.14236 -0.541214 0.358061 -1.46936 2.06803 -0.86187 -0.00854397 
0.859323 0.697075 -0.793675 2.08254 1.03483 -2.48651 -1.38282 0.471642 0.780973 -1.13791 -1.13939 0.386592 -0.457448 -0.208375 0.27994 0.231526 1.47275 -0.057202 -1.04912 0.909874 -0.182574 1.03509 -1.18252 2.08435 -0.831872 0.843037 -0.00388443 0.342547 -0.388186 -0.698769 -0.297364 0.502091 1.61781 0.0427134 -1.1154 0.605688 0.689312 0.553857 -0.37887 
0.741734 0.96151 -0.847993 2.78143 0.587726 -3.16829 -0.861054 0.456597 0.905433 -1.25411 -0.565659 0.21676 -0.403057 -0.172668 0.410984 -0.104468 0.525257 -0.74937 -0.218794 1.15771 -0.0517237 -0.508921 0.0547851 1.2359 0.667811 -0.00586253 0.0588409 -0.00449141 -0.308998 -1.41002 -0.414253 1.8538 -0.294389 0.0656162 -2.10495 1.51493 -2.00918 3.19625 -1.05133 
0.686655 1.10806 -0.898143 2.60779 0.285461 -2.7053 -0.225114 0.419918 0.272051 -1.08312 0.0965094 1.0544 -0.46331 -0.149534 0.275448 -0.0774721 0.0627317 -0.471455 0.804681 0.615485 -0.116958 -1.06986 0.332408 0.0751631 2.36438 -0.208294 0.0115607 -0.620703 0.72476 -0.907225 1.81059 0.535487 -1.84534 -0.179973 -0.0411611 -0.530825 -0.503825 -0.0128821 0.52893 
0.5922 1.23696 -0.925465 2.84417 0.116271 -2.36361 -0.245569 0.339639 -0.164428 -0.921697 -0.490496 2.58114 -0.611351 -0.161107 -0.209719 0.620292 -0.381968 1.06122 0.316693 -0.687635 -0.231697 -0.550083 -0.47604 0.732072 0.654928 0.523068 -0.155603 -0.0632678 0.839974 -1.11338 1.43083 -0.711865 -1.29471 0.297519 0.0211219 -0.551235 1.84257 -4.19355 1.51749 
0.525548 0.89834 -0.277851 2.22583 1.34668 -2.38861 -0.912749 0.188221 -0.278031 -1.55916 0.828582 1.70933 0.0597574 -0.305137 0.21218 0.762502 -1.05065 0.959372 0.0928163 -0.679222 0.180561 -1.04874 -0.218827 1.91774 -1.82917 1.30919 -0.167643 0.898538 -0.16624 -0.456875 -1.74568 0.212473 1.33884 0.799971 -0.0953614 1.19983 -0.0519576 -2.10582 -0.424285 
0.287063 1.44914 -0.162964 1.79351 1.07564 -2.2708 -0.924791 0.5202 -1.21317 -1.14052 1.42724 0.751973 0.697841 -0.328751 0.688819 0.454052 -0.838843 -0.684461 0.529165 0.651204 0.568274 -0.645444 0.72379 0.680115 -1.45089 0.0987824 0.163402 -0.23078 -0.405041 0.492741 -1.2202 0.221949 1.05435 -0.170607 1.66832 -0.395556 -2.63178 1.69805 -1.46235 
0.196797 1.58716 0.176201 1.38698 0.662224 -1.85945 -0.261545 0.756495 -0.923475 -0.83537 1.5087 0.258444 0.15854 -0.141734 -0.0185994 0.357461 -0.557912 -0.260827 0.314765 0.375124 0.00995403 0.619583 -0.614383 -0.714041 -0.131124 -0.153161 0.103088 -0.964471 0.075108 0.354853 -0.0785438 -0.0441871 -0.952074 -0.133421 1.68182 -3.03343 -1.41425 1.0213 -0.841403 
0.145329 1.43054 0.194497 1.2356 0.814815 -1.95603 -0.549667 0.530154 -0.593583 -1.75491 0.713202 0.620849 0.54468 -0.225663 -0.275653 0.52916 -0.48399 -0.763005 0.484978 -0.30087 0.434853 1.03637 -2.30964 -0.734134 -0.42959 -0.742621 -0.355437 -0.529665 0.493003 -0.0759864 -0.0487143 1.57585 0.0111746 0.186492 0.188225 0.574859 0.564614 0.214256 -0.505041 
-0.0288657 1.31151 0.705362 0.902994 -0.100781 -1.37447 -0.562415 1.19135 0.112898 -3.14501 0.774562 -0.171146 -0.584081 -0.497172 -0.548265 0.850464 -0.633898 -0.309541 1.89061 0.386299 0.196446 0.807808 -0.0395237 -0.149427 0.083132 -0.658202 -0.465499 -1.0145 0.00874079 -0.0624801 1.95489 1.24828 1.3365 -0.731553 -0.483698 6.22239 0.612187 1.90226 1.84613 
-0.351843 0.882274 1.04496 0.601702 0.505274 -0.0654166 -0.163368 0.7266 0.214225 -1.79443 0.563775 0.703981 -0.113523 -0.691162 -1.29015 0.537901 -0.54647 1.19189 1.73326 1.03563 -0.2967 0.552675 3.91275 -0.121947 1.47267 1.10351 0.0448459 -0.787957 -0.911942 0.721738 0.880793 -1.15038 -0.243327 0.0478416 0.0334479 2.2011 0.541547 -0.664923 0.871341 
-0.720028 0.0213534 1.24326 0.356523 1.09111 0.358787 0.473215 0.894649 0.665573 0.767736 0.652616 1.30153 0.519428 -0.452326 -1.33622 -0.0614779 0.0878397 0.571252 0.740232 0.142972 0.244288 0.841256 2.16158 0.39212 -0.581791 0.213138 0.520625 0.633964 -0.841491 0.634513 -1.14509 -1.1913 -1.0111 0.333622 -0.626192 -4.82543 -0.546682 -2.96948 -0.593284 
-0.804169 -0.453949 0.983483 0.689542 1.07653 0.674815 -0.0203963 0.970888 1.05548 0.367146 0.955895 0.12219 0.0996156 -0.170537 -0.656188 -0.30359 0.088043 0.0467931 0.541956 0.024535 0.0369218 -0.0735168 -0.912686 -0.668629 -1.49681 0.510224 0.382725 0.908803 -0.0867601 -0.494085 -0.410887 -1.69167 -0.403246 -0.00166481 -1.13361 -1.63272 -0.136849 0.768672 0.697763 
-0.890565 -0.634835 0.939673 0.444566 1.1379 0.900743 0.49775 0.931571 0.592056 -0.144949 -0.0160131 -0.19528 1.02965 -0.0696009 -0.42742 -0.148238 -0.406245 0.160364 -0.951437 -0.260274 0.242623 -0.29235 0.528859 0.25527 0.186882 0.910901 0.161442 0.395289 0.252341 0.086798 -0.328352 -1.58119 -0.627461 -0.261219 -0.485829 0.611773 1.53598 1.72685 -0.548714 
-0.87377 -0.881368 0.835245 0.283297 1.23689 -0.276622 -0.28067 1.21351 0.763131 0.896005 1.21116 0.309072 1.01052 -0.00909541 -0.2609 -0.0512486 0.174841 -0.281559 -1.03924 -0.602926 -0.224297 -0.559346 -0.300913 0.867353 0.230044 -0.0384895 -0.0117747 0.388334 0.308741 0.38699 -0.685221 1.86196 0.644991 -0.562153 0.371387 -0.431367 0.347319 1.73569 -0.392871 
-0.89966 -0.895735 0.888425 0.619407 0.856341 -0.138495 -0.105175 0.707273 0.0327103 -0.445862 0.85134 0.034764 0.991163 -0.0813755 -0.0390854 0.160503 -0.019255 -0.524857 0.910525 0.384717 -0.31953 0.0790378 0.0974919 0.602589 1.92257 0.51803 -0.01425 0.361096 0.108547 -0.644938 0.134618 1.87571 0.797382 0.204264 1.30267 0.861989 -2.0008 0.483433 -0.591405 
-0.955145 -0.920454 0.995748 0.264042 0.712033 0.633904 0.104047 0.89398 0.842169 0.993497 1.81375 2.23164 1.52855 -0.0233455 0.100196 0.0572981 -0.470097 -0.146942 0.836472 0.194457 -0.0200332 0.743321 0.561076 -1.13344 0.713477 -0.629894 0.133624 -0.14815 -0.365311 -0.654049 0.26389 0.152846 -0.644898 0.327856 -0.126452 -1.13755 -2.18442 -5.08457 -0.991296 
-0.923006 -0.795538 0.945723 0.14931 0.709399 0.697977 0.0892813 0.68724 0.776031 0.115214 -0.282104 0.748241 0.361268 0.0522488 -0.187236 -0.204808 -0.673304 -0.260967 1.06337 -0.260181 0.0083255 -0.0474146 -1.04005 -1.58183 -3.162 -0.473266 -0.041984 -0.547943 -0.153521 -0.22646 -0.0206819 -0.378473 -0.750391 0.349199 -0.624817 -0.14981 1.92551 -0.693557 2.13981 
-0.902897 -1.10769 0.790941 -0.409262 0.451066 1.69728 -0.156133 0.902306 0.794755 -0.0465583 0.231922 -0.930354 1.05528 -0.0653295 -0.447746 -0.0962229 -0.696558 -0.167623 0.457999 -0.555934 0.329165 0.118505 0.411267 0.79207 0.0199205 1.50991 -0.120843 0.188376 0.335262 0.88475 0.193871 -1.99997 -0.959809 -0.102184 0.0948679 1.58109 2.03214 3.93675 0.35726 
-0.988335 -1.24328 0.8495 -0.547248 0.541776 1.15598 -0.466653 1.01641 0.894536 0.526481 0.509966 0.768162 1.87118 -0.0685946 0.00114043 0.130454 0.211446 -0.0670959 -0.9366 -1.21999 -0.0938585 0.0474533 0.54103 0.450305 0.774756 -0.116006 0.104689 0.835828 0.334729 1.34497 0.729591 -0.650698 0.60291 -0.564637 0.136528 -0.849901 -1.00457 -1.50447 -2.07876 
-0.971491 -1.10655 0.921395 -0.197816 0.38397 0.760675 -1.37612 0.808447 0.842208 0.494472 0.682227 -0.155598 0.939274 0.0393591 0.388082 0.238506 0.648417 0.561968 -0.192699 0.0469751 -0.235472 0.255032 -0.438634 -0.212499 -1.48455 -0.568845 0.00974983 0.166816 -0.15366 -0.396477 0.38919 0.722283 2.72785 0.154079 0.43136 0.00399373 -0.762196 -1.26626 -0.11183 
-0.948976 -0.855203 1.08801 0.101169 1.10374 0.963277 -0.419678 0.780934 1.14957 0.0878464 0.297467 -0.716391 1.30233 -0.0588447 0.167956 -0.0232056 -0.185031 0.322095 -0.214317 1.50786 0.0602202 0.478814 0.545024 -0.311891 -0.491502 -0.227836 -0.0892137 -0.387184 -0.400535 -0.918175 -0.575602 -0.359009 0.436066 0.0951187 -0.734921 0.368381 0.220502 1.9982 -0.286175 
-1.03034 -0.938592 0.898189 -0.382847 0.706065 0.546358 0.131741 0.868667 1.32102 1.0395 0.370337 -0.647101 0.711438 -0.0498546 0.000897876 -0.162029 -0.269758 -0.0136347 -0.551707 0.483041 -0.140353 -0.479889 -0.0702535 0.00800318 0.513644 -0.85502 0.126649 -0.224494 0.00829319 0.8398 -0.75129 -0.436348 -2.70827 -0.467639 -0.953749 -0.795693 0.914749 2.18422 0.11042 
-0.998831 -0.854305 0.925977 -0.168589 1.09011 0.41157 0.0633626 0.640581 0.66968 0.0175929 0.30547 -0.202747 0.447314 0.067804 -0.0565379 -0.0149124 0.654769 -0.429196 -0.650666 -1.2004 -0.407418 -0.474935 -0.250669 0.602858 1.69272 -0.117416 0.073056 -0.0230165 0.224944 0.109373 -1.23842 0.436314 -1.04727 0.0900612 0.278945 -0.19439 0.110905 -0.57049 1.4333 
-0.962532 -0.99513 0.883277 0.271921 0.276869 -0.104308 -1.06866 0.461249 0.846087 0.788827 0.973195 1.04562 0.594022 0.0232014 -0.0221186 0.0629143 -0.160385 -1.25205 -0.115394 -0.564228 -0.0502918 -0.200944 -0.264643 0.118909 -0.0568458 0.578282 -0.16212 -0.000643538 -0.0955634 -1.67218 0.666955 0.897214 1.47277 0.539154 1.20499 0.624555 -1.27299 -2.80708 -0.408484 
-0.975629 -0.876424 0.988891 -0.328975 -0.161943 0.296176 -0.500865 0.590289 0.468736 -0.247051 0.424379 -0.259593 1.0256 -0.0943165 -0.0571814 -0.110476 -1.01741 0.237759 0.246549 0.272373 0.131735 0.730054 0.373886 -0.670128 -1.11437 -0.5259 -0.0753979 -0.162814 -0.255325 -0.0176298 2.25063 0.403364 -0.311441 -0.151157 0.628931 0.990002 -0.169551 -0.954609 -1.56573 
-1.05685 -1.05231 0.772801 -0.745489 0.514628 0.142241 -0.796288 0.592984 1.57614 1.16271 0.303067 -0.0687481 0.0681228 -0.0521965 -0.184933 -0.192411 -0.178015 0.998575 0.287971 -0.875668 -0.201449 0.427987 0.725359 -0.0506428 -1.01146 -0.987444 0.139489 0.0525458 -0.0564297 0.782687 -0.905093 -0.592125 0.446833 0.189397 -1.29154 -0.598241 0.791759 0.694233 0.491634 
-1.02783 -1.06136 0.79648 -0.50699 0.836632 0.584147 -1.37653 0.38884 0.896723 0.478308 0.373736 -1.27105 0.0381519 0.0451726 -0.0046356 -0.166905 -0.234723 -0.667334 -0.345577 0.719206 0.321133 -0.56149 -0.224355 0.121632 -0.420133 -0.0342653 0.0860104 0.30816 0.32993 0.451765 -1.31856 -0.459655 2.4237 0.940322 -0.147687 -0.826852 0.665534 2.94463 2.21122 
-1.01168 -1.05695 0.605895 -0.980212 -0.152706 -0.203335 -0.0770823 0.914117 1.01465 0.938358 0.424699 -0.488881 0.0338575 0.0338138 0.123227 0.137519 0.27375 -0.319985 -0.171684 1.54803 0.738873 0.280301 -0.101494 0.614891 1.93318 1.22377 -0.0828617 0.0464402 0.398342 0.633409 0.920812 -0.08969 -1.25207 -0.464365 0.179241 -0.442308 0.435277 1.22334 0.292742 
-0.994012 -0.938129 0.933999 -0.23324 0.516647 0.412463 0.171495 1.12771 1.17702 0.376814 0.988627 0.662129 1.26192 -0.0376891 0.0418046 0.231437 0.398686 0.253478 -0.435267 -0.532869 -0.143232 -0.38225 -0.666662 0.556908 0.803212 0.258476 -0.0629311 -0.0585588 0.0171726 -0.0400288 0.580003 0.0270911 -2.13326 -1.2538 -0.256303 -0.261464 -1.28374 -1.36966 -1.10941 
-1.04936 -1.01514 0.837332 -0.581526 0.100772 -0.638602 -0.609951 0.770884 0.632401 0.271696 0.981607 0.314331 0.292334 -0.0291173 0.0646682 0.154691 0.233721 0.260018 -0.144593 -0.585229 -0.514925 0.023998 -0.362958 -0.668846 0.563513 0.114363 0.0416273 -0.0554058 -0.231188 0.0297023 0.634009 2.3387 2.23016 0.322344 1.01456 1.32714 -1.28758 -2.47103 0.489342 