-0.959368 -0.594935 0.839568 -0.643899 0.91985 -0.0368586 0.0475057 0.964551 1.17096 1.21445 0.812862 1.73012 1.05741 -0.0132432 -0.0167714 0.283696 0.770831 0.0532001 0.546077 0.657731 0.123598 -1.06904 -2.16019 0.0421906 0.568274 -0.854428 -0.0934366 -1.35336 -0.0780629 0.325189 0.122668 0.280555 0.225617 0.734411 -1.42004 -0.568749 -1.1097 -2.07261 -1.04579 
-0.995947 -1.1256 0.926387 0.174973 1.04097 0.160328 0.579199 1.27279 -0.203262 0.463681 0.551859 1.6766 0.703364 -0.0234544 -0.618585 -0.0517796 0.143712 0.174678 0.237299 -0.248849 0.151721 -1.31437 -0.493525 -0.43961 -0.748965 0.264744 0.0395056 -0.164086 -0.514449 -1.1305 -0.132094 -0.65043 -1.16331 -0.694247 0.714139 2.15208 0.0240918 -0.404799 0.832435 
-0.982823 -1.21352 0.787788 -0.500187 1.09453 0.200441 -0.201343 1.11627 -0.143403 0.720929 0.373252 0.981154 1.32215 0.0262624 -0.180857 -0.230753 -0.35967 -0.0788941 -0.104353 -0.505579 -0.570649 -0.354905 -0.0081083 0.0662824 0.163474 -0.0219934 0.0862456 0.582907 -0.0866565 -0.0511951 -0.386076 -0.0959362 1.58657 -0.221516 1.60327 0.761532 0.576817 1.04005 -0.826304 
-0.969685 -1.30646 0.695634 -0.184697 0.962076 0.0559749 0.0736201 0.702141 -0.558167 0.455573 0.618141 1.84007 0.681371 0.0627912 -0.0356787 -0.138436 0.092517 -0.211398 0.141363 1.33772 -0.0697951 0.288908 0.268007 0.137207 0.291089 -0.56156 -0.00293781 0.652784 0.0676266 0.0462631 -0.040105 -0.517343 -0.432329 -0.0971588 0.189643 0.157929 -1.23697 -1.11412 0.236711 
-0.920032 -1.2492 0.649352 -0.40767 0.88313 0.341804 1.13638 1.04648 0.145505 0.988937 0.510459 1.27224 0.76059 0.0233246 0.471927 -0.163126 -0.313407 -0.118999 -0.621696 -0.937909 -0.667808 -0.165262 0.14982 -1.17069 -0.950647 0.214717 -0.186549 -0.24802 0.29484 0.0906021 0.168144 -0.992708 -3.27221 0.187467 -0.116549 -0.937859 0.226455 -1.181 0.193978 
-0.94636 -0.834534 0.532508 -0.498103 0.843076 -0.565721 -0.864288 0.0343328 -0.723429 0.605393 -0.552547 0.889424 0.896088 -0.123758 -0.283698 0.156404 0.183119 -0.0432538 -0.851345 -1.93449 0.117672 0.172358 -0.669852 0.363662 -0.889909 -0.367583 -0.0279178 -0.313783 0.396809 0.202647 0.276826 1.16914 1.91459 1.64531 0.418244 0.180035 2.40916 0.0987212 -1.06654 
-1.04379 -1.5329 0.805756 -0.224551 0.839877 -0.509541 -0.798109 1.16415 0.317863 0.319085 0.874121 0.382334 0.393007 -0.00459323 0.158144 0.233683 -0.11076 0.157827 0.547439 0.976682 0.977499 0.252982 0.329856 1.23847 -0.851925 -0.851819 0.237855 0.904133 -0.288858 -1.10837 0.0777786 1.04881 1.20615 -0.35979 -0.428591 1.64139 0.00690248 1.83039 0.0610271 
-0.950953 -0.67639 0.766191 -0.608863 1.0009 -0.0182822 0.112394 1.01183 -0.470447 0.935249 0.685927 0.0374986 0.0442685 0.114097 0.620435 -0.132454 -0.925251 0.0345247 0.197462 -0.728335 -0.242118 -0.256232 0.971536 0.370565 0.940478 -0.306555 -0.00510531 -0.726087 -0.130817 -0.333504 -0.782935 -0.338698 -1.27543 -0.890488 0.15373 0.501302 -0.176977 2.10067 1.72681 
-0.929692 -0.912463 0.673302 -1.1498 0.874401 -0.312079 -1.52644 0.92203 0.0616308 1.29062 1.24469 1.32281 0.0864517 -0.00969855 -0.567943 0.102866 -0.444264 -0.625108 0.208742 -0.298752 0.0870108 0.406712 0.831158 1.0615 1.24875 0.874989 -0.191325 -1.0556 0.219179 1.0473 -0.677513 -0.31192 1.26638 0.443976 -0.0732605 -0.7121 0.384687 -1.25635 0.467952 
-0.960652 -1.24433 0.869057 -1.05313 0.375795 0.190459 -0.186358 1.09884 -0.0637351 1.76641 1.74742 1.28625 0.919257 -0.0772278 -0.435163 0.0867251 0.122052 -0.642988 -0.114457 0.538048 0.201858 -0.329493 0.259436 0.755252 -0.315872 0.161397 -0.00263201 1.01934 -0.141255 1.12059 1.14247 -0.85305 -0.226466 -0.268189 1.81777 -1.04616 -2.28263 -1.91943 -1.87686 
-1.00692 -1.34763 0.760027 -1.02775 0.231413 -0.426536 -0.988397 1.12389 -0.267862 1.55006 1.99994 1.00694 0.247848 -0.0123306 0.451392 -0.0383884 0.676328 0.517365 -0.644308 -0.525218 -0.181179 2.22448 -0.214999 -1.22114 -0.670684 -1.00187 0.087374 0.855268 -0.17868 0.287331 1.13992 0.0122606 -0.0127157 -0.600586 1.75042 -0.604556 -2.16764 -0.768747 -0.0501848 
-0.972982 -0.792941 0.830669 -0.376799 0.893161 -0.453849 -0.711575 0.917664 2.16075 1.55141 0.526286 0.615564 -0.0826108 0.0101462 0.420106 -0.0919545 0.409384 0.496928 -0.102197 0.525332 -0.398728 1.42093 -0.34512 -1.41239 -1.08462 0.111212 -0.0367202 -0.825077 0.00797167 -0.719843 -0.440416 1.13912 1.68007 0.153088 -3.89639 -0.269729 0.47997 -0.455769 0.648902 
-0.996774 -0.92752 0.668073 -0.618366 0.728341 -0.528733 -0.463065 0.72516 1.15306 1.20494 0.587548 -0.0776795 0.35906 -0.0490507 -0.373685 -0.0304167 -0.0435151 0.0769498 0.494815 1.15485 -0.0280902 -1.67191 -0.484728 -0.741168 -1.12645 -0.352966 -0.0498664 -0.535986 0.105679 -0.309412 -0.146695 0.405096 -1.03614 0.170459 -2.48954 0.454173 1.90718 1.66499 -0.334167 
-1.02203 -1.16663 0.800252 -0.420315 0.97011 0.0409658 0.443273 0.889574 0.488837 1.06668 -0.214882 -0.510888 -0.435577 -0.0397202 -0.11588 0.013725 0.099972 0.350233 0.302899 -0.510808 -0.228269 -1.06862 0.109053 0.49479 0.580372 -0.222955 0.14869 0.916534 -0.00614616 0.57841 0.0341282 -0.833931 -1.07556 -0.28805 1.68124 0.2522 -0.183143 0.819628 -0.0830527 
-1.03649 -1.0434 0.681797 -0.518394 1.07857 -0.225834 -0.973873 0.496891 0.0844467 1.31399 1.08234 0.502692 0.136105 0.0996392 0.542849 -0.0365629 0.534895 0.111078 -0.339116 0.079292 -0.31614 0.0093244 -0.232528 -0.924311 -0.306824 -0.436019 0.0973787 0.666528 0.268205 0.604052 -0.165497 -0.186218 2.18268 0.857814 0.593911 -1.43799 -2.71574 -2.39501 -1.15071 
-0.922394 -0.623777 0.763689 0.11458 1.08119 -0.298151 0.522565 0.573434 0.498162 0.834152 -1.13919 -0.817713 -0.871596 0.0576585 0.550648 0.28193 0.704024 0.184737 0.116681 1.67187 0.629545 -0.474705 -1.32894 -2.22095 -1.81464 -1.37367 0.019541 0.0953535 0.352615 -0.486605 0.159123 0.631224 -2.24868 -0.12533 -0.959173 0.213748 1.68295 -0.40517 -0.118495 
-0.978835 -0.492752 0.963727 0.18563 1.26331 -0.109153 0.697999 1.12644 -0.390259 -0.0149469 -1.13861 -1.31194 -1.23756 0.11918 0.638203 0.316053 0.0482902 0.270201 0.292108 -2.16939 -0.44147 -0.949849 -0.0187798 0.758644 -0.711995 -0.554514 0.10831 -0.0236362 -0.160713 -0.733472 -0.472406 -0.187686 -3.88644 -1.48504 0.530104 2.98973 3.85021 2.70085 2.45517 
-0.803214 0.014426 1.07974 0.16287 1.35139 -0.00604249 -1.64682 0.131964 -0.451687 0.815372 -0.380548 -1.52971 -1.42611 0.165968 0.527012 0.121216 -0.0294479 -0.287669 -0.0710051 -2.21457 -0.855494 0.0553985 1.66079 1.62927 0.88621 1.0815 -0.0485608 -0.264302 -0.361086 0.216708 -0.559843 -0.49978 2.24713 0.501026 0.132969 -0.593255 0.391423 2.34623 1.0225 
-0.812867 0.0342597 1.08494 0.156182 0.975642 -0.180158 -1.51657 0.270942 -0.33486 1.64585 0.490662 -0.425734 -0.156061 0.0706193 0.373901 -0.0450334 0.264998 -0.289643 -0.207672 0.0777385 0.0595563 -0.81688 -0.612035 1.15007 1.63424 0.467987 -0.0942645 -0.271702 -0.344595 0.404099 0.697498 0.0259027 2.89705 0.383068 -2.06403 -3.87653 -1.93676 0.0186428 -0.656889 
-0.732594 0.388327 1.03471 0.427868 1.06175 -0.213714 -1.56909 0.19152 -1.26857 0.203337 0.769519 0.104532 -0.958122 0.0717037 0.25531 -0.223379 0.374651 0.409829 -0.0451024 0.682481 -0.472426 -2.00863 -2.21574 -0.307496 0.904853 0.424613 -0.0279141 -0.895596 -0.0870915 0.162913 0.537007 0.0416337 0.802427 -0.220507 0.317796 0.33586 -1.63003 -1.08207 0.194342 
-0.741164 0.289569 0.861564 0.530833 1.38547 -0.225261 -0.834091 -0.201484 -2.34349 -0.569891 0.183166 0.479119 0.268552 0.0427052 -0.521695 -0.132125 0.42791 0.247365 -0.166038 0.880165 -0.16095 -0.499084 -0.276174 -0.479962 0.552174 0.662329 0.159217 -0.417895 -0.0653348 -1.44325 -0.884174 0.238653 0.0235926 0.968266 3.34541 2.60011 0.314798 -1.39135 -0.880481 
-0.689889 -0.133368 0.902583 0.855779 1.30911 -0.379753 -0.68892 0.0305698 -1.76765 -0.0728372 0.289557 0.656707 -0.295793 0.23092 -0.162585 -0.288714 -1.0686 -0.474345 0.19355 0.706074 0.495839 1.33678 0.384374 0.0073017 -0.4865 -0.455868 1.20059 1.25531 -0.805338 -2.12942 -1.80245 0.856617 -1.57072 -1.36069 4.3884 1.33414 0.195054 -0.759211 -2.93803 
-0.510243 0.126984 0.57285 -0.537769 0.911126 -0.0317102 -0.128017 0.294355 -1.00671 -0.185517 0.190468 -0.00738096 -0.187317 1.2433 0.733611 -0.937463 -1.70151 -1.55508 0.690579 -0.690557 -1.52164 3.88932 1.05796 -0.284908 -0.207036 -2.2757 1.21228 1.3153 -1.10803 1.23735 -1.33409 0.38036 -1.4018 -1.97623 0.353023 -1.32389 -0.998443 -1.2763 -1.31634 
0.553411 0.600243 -0.034879 -0.845735 -0.245973 0.310826 -1.37948 -1.49107 2.12167 0.985126 0.00464892 0.44967 -2.57149 1.4432 1.15271 -1.39674 0.168746 -1.80843 0.57391 -0.695731 -1.48039 1.6898 -0.939518 -0.991141 -1.7628 -1.77221 -0.727975 0.320339 0.0491406 2.3766 0.885685 -0.241088 1.86408 1.93055 -5.10587 -3.08812 0.0536228 -1.73131 3.65393 
0.932954 1.2797 -0.823892 -0.369023 -0.897306 0.5422 -0.823748 -1.18604 0.683089 -1.12503 -0.800674 -1.77019 -1.95953 0.515325 1.05395 -0.888322 0.675087 -0.669398 0.449491 1.17352 0.408913 -1.21655 -2.03016 -0.231285 -1.93835 1.37823 -1.29189 -1.08491 1.1089 -0.128515 1.49352 -0.0816046 1.93395 1.31488 -2.08255 1.05106 1.10023 1.77938 3.18856 
1.06874 1.65419 -0.923201 -0.170647 -0.915371 0.760317 -0.205958 -1.08215 0.905113 -1.04503 -0.226636 -1.48868 -1.19326 0.151312 0.0678042 -0.287839 0.0402309 -0.31491 0.492306 1.23822 -0.165514 -0.392744 0.111544 0.109084 0.0165798 1.41635 -0.477588 -1.14021 0.568072 -0.609186 0.287091 -0.131262 -0.647564 -0.435109 -0.0658927 1.9542 -0.000135728 2.15938 -0.277613 
1.08427 1.3475 -1.11173 -0.328792 -1.21222 1.03451 0.414472 -1.35155 0.290345 -1.01349 -0.691589 -1.75361 -0.543177 0.0377367 -0.0862635 -0.32025 0.065901 -0.382308 0.318228 0.525955 -0.0261957 -1.28245 -0.0759524 -0.231421 0.22103 1.10062 -0.022477 -0.374563 0.49937 -0.0996497 0.461323 -0.53949 -0.861426 0.282824 -0.356944 -0.118439 -0.06527 -0.404845 -0.569834 
1.10647 1.56793 -1.24345 -0.104746 -1.29768 1.07855 0.319997 -1.10835 -0.377334 -1.12098 -0.458057 -1.26765 -0.0926454 0.128835 -0.306759 0.211531 -0.0594189 0.146413 -0.0471845 0.376795 0.11731 -0.749687 -0.00689474 0.0438142 -0.388265 0.846517 0.130842 -0.835588 0.863883 -0.431426 0.559242 -0.300415 0.152516 -0.167866 1.60953 0.268517 0.668361 -1.00242 -0.799114 
1.2131 1.04074 -0.9002 -0.388211 -1.0658 0.987322 0.791267 -1.23424 -0.459342 -1.02038 -0.647775 -2.14187 0.30334 0.168579 -0.921851 0.543633 -0.365525 0.176935 0.0178139 0.678471 -0.194062 0.327079 0.192565 0.43694 -0.781391 0.301502 -0.10429 -0.204777 -0.175559 -0.0302344 -0.438201 0.145183 -0.856578 -0.558506 -0.163248 -0.311131 0.147127 -0.26164 -1.26286 
1.27505 0.646078 -0.699819 -0.470272 -1.12074 1.09636 0.998467 -1.30241 -0.0502558 -0.928418 -0.0211164 -2.04904 0.208857 0.0245451 -0.511536 0.0359723 -0.0896533 -0.291788 0.097999 -0.479783 -0.441196 -0.912935 -0.318026 0.190941 -0.649905 -0.416341 -0.263936 1.26827 -0.918764 0.776664 -0.535974 0.263614 -1.64736 -0.231283 -0.905721 0.0590606 -0.645753 1.5805 -0.237127 
1.23765 0.529205 -0.864228 -0.477864 -1.35759 1.08532 0.311483 -1.67544 -1.37228 -1.33841 -0.456834 -2.79178 -0.113001 -0.0953574 0.346423 -0.375132 0.411138 -0.35904 0.281428 -0.968891 -0.425345 -0.578643 0.251625 -0.208813 0.799106 0.0643756 -0.0646987 0.480625 -0.246739 -0.186082 0.281098 0.166574 0.440128 0.790579 1.25167 0.496782 -0.030642 2.28008 1.07213 
1.17969 0.992501 -1.07495 -0.0591332 -1.47978 1.37779 0.0295768 -1.72776 -0.628899 -0.676793 -0.229929 -1.24993 0.273232 -0.0401536 -0.0309113 -0.210767 -0.275735 -0.0106901 0.264573 -0.039655 0.349383 0.338739 0.178755 0.160299 1.63018 0.655787 0.210144 -0.708355 0.505473 -1.13783 0.518598 0.0567579 1.74413 1.31626 1.26179 -0.753724 0.63021 -0.43328 0.643098 
1.19749 0.498294 -1.07499 -0.753599 -1.36828 1.34989 0.271828 -1.32605 -1.03354 -1.15966 -0.296535 -1.1616 0.542786 0.114786 -0.361932 0.130341 -0.726691 0.159559 0.338186 0.775242 0.890918 0.683152 -0.502099 0.421397 0.365826 0.707474 0.125017 0.343119 0.0519544 0.705691 -0.163186 0.240413 1.22294 0.314873 0.306417 0.0808552 0.328297 -1.26924 -0.0493084 
1.29448 0.630569 -0.944609 -0.785824 -1.32022 1.71597 0.804818 -0.836838 0.0542529 -1.17889 0.191468 -0.884108 0.980706 0.0848634 0.312207 -0.158812 0.429957 -0.173876 0.504985 1.18329 0.664256 0.645156 0.259611 0.488597 0.360942 0.606479 -0.149487 -0.220785 -0.417278 0.341681 -0.490691 -0.505271 -1.00022 -0.972701 -1.76965 0.882076 -0.709338 0.427656 -0.479334 
1.28236 0.810501 -1.23381 -0.323642 -1.54216 1.85488 1.45512 -0.661799 -0.388383 -0.900045 0.192062 -0.800655 1.14926 -0.0347009 -0.582717 -0.286937 -0.38501 -0.331132 -0.167085 -0.22498 -0.0817825 -1.08649 0.379977 -0.287941 0.793482 0.228139 -0.155321 -0.356807 0.00750132 -0.646439 0.0517508 -0.719507 -1.92481 -1.2505 -0.298128 -0.702435 -0.0609842 0.193747 -0.932339 
1.25978 0.0478521 -1.23155 -1.17083 -1.65136 1.54889 0.579838 -0.918621 -1.03224 -0.798914 -0.0964723 -0.090626 1.20885 -0.0704573 -0.0446001 -0.151311 -0.216483 -0.122126 -0.214522 -0.74152 -0.586239 0.347028 -0.442824 0.427612 0.554689 -0.325861 0.129264 0.466058 0.686073 0.235258 0.895886 -0.193286 1.58673 -0.155597 2.74917 -0.630781 1.2293 -0.578896 -0.738321 
1.2119 0.765901 -1.38512 -0.540125 -1.66428 1.64036 0.713596 -1.24804 -0.0413545 -1.34287 0.619674 -0.245966 0.823404 0.0945633 -0.116659 0.399137 -0.149753 0.564754 -0.36037 1.36174 -0.23738 1.66267 -0.250804 0.941355 0.214586 -0.510182 0.0987255 0.106247 0.161092 0.252715 0.216381 0.347434 0.656225 1.3473 -1.06302 1.52896 -1.15045 0.00583855 0.673126 
1.35434 -0.0688068 -0.832409 -1.32059 -1.0866 1.18852 1.94158 -1.156 0.630431 -1.04972 0.844882 0.12396 0.698664 0.0282682 0.0616464 0.00978142 0.0362321 0.0942559 0.132913 -0.0852949 0.761061 -0.715992 1.08614 -0.722841 0.560527 0.347265 -0.173828 0.595531 -0.870063 0.563842 -1.07514 0.705213 -2.99551 0.591296 -3.19261 1.12271 -1.6278 -0.0400662 1.33635 
1.24017 0.827547 -1.37534 -0.503893 -1.57003 1.77327 0.628301 -0.486977 -0.757346 -0.256732 -0.103166 0.314561 1.17067 -0.0792645 0.478872 -0.470926 0.414089 -0.510389 0.344843 -1.63377 0.353917 -1.52994 0.871907 -0.686442 0.174519 0.826171 0.0791737 -1.00697 0.446524 -0.967118 0.414842 -0.924938 1.44377 -1.3774 0.220754 -1.39539 0.916675 -0.995342 -0.47995 
1.27508 0.410065 -1.30333 -0.906499 -1.59699 1.53336 0.307816 -0.802084 -0.899504 -0.177811 0.15844 0.298479 1.52483 0.107442 -0.945321 0.456306 -0.930886 0.509098 -0.792025 1.35847 -0.616338 -0.495238 -0.309254 0.193835 -0.434814 -0.132685 0.0854104 -0.175057 0.625922 -0.0439485 0.736808 -0.215518 2.50701 -0.267317 1.39768 -1.09775 0.877688 -0.664202 -1.04765 
1.34761 -0.117774 -0.91903 -1.43478 -1.06093 0.981244 1.98677 -1.10331 -1.25258 -0.565986 0.0906682 -0.120253 1.03798 0.00614594 0.303815 0.154996 0.370141 0.226419 0.129325 0.873239 0.0866001 -0.132253 -0.225846 0.191247 -0.489683 -0.221475 -0.221144 2.03631 -0.83265 1.9862 -0.824528 1.37741 -2.54037 1.04674 0.898639 0.288477 0.114712 0.369136 0.250216 
1.28122 0.713881 -1.14834 -0.536358 -1.37057 1.66269 1.18106 -0.715484 -1.03176 -0.403657 0.349687 -0.191204 1.30336 -0.113702 1.09099 -0.376345 1.05531 -0.31543 0.585383 -1.1819 0.430402 0.403401 -0.0207771 0.308546 -0.0656781 0.11753 -0.072982 -0.203121 -0.407971 -0.594861 -0.0788085 -0.857848 -0.157279 -0.851837 1.0116 -0.355469 -0.370738 0.81367 -0.505524 
1.23391 0.973212 -1.29538 -0.379464 -1.37636 1.56663 0.804872 -0.672913 -0.849182 -0.586763 0.399215 -0.185931 1.15551 -0.0668361 0.100694 -0.252975 -0.22472 0.147611 -0.728524 0.715961 -0.765237 0.879347 -0.581314 -0.179491 0.323988 -0.726999 0.0908392 -1.20033 0.110131 -1.05217 0.37052 -1.04021 1.74445 -1.29184 -0.14083 -0.531567 -0.590925 -0.481329 -0.50679 
1.21439 0.814574 -1.40131 -0.761078 -1.22296 0.934162 1.89702 -1.48072 -0.15241 -0.984971 0.170196 0.132784 0.57636 -0.0228629 -0.109348 -0.266214 0.00314676 0.0550894 -0.454831 0.562554 -0.861443 0.262571 -0.552344 -0.282378 -0.547007 -0.389259 0.109119 -0.594981 0.201053 0.406522 0.0235536 0.778463 -0.644118 0.716904 -0.254917 1.49373 0.326055 -0.754031 1.8014 
1.21104 0.863863 -1.56159 -0.376317 -1.32127 1.1118 1.36743 -1.53436 -0.586611 -1.13911 0.116836 -0.732938 0.766255 0.0422826 -0.494287 -0.0519218 0.181802 0.171164 0.0499394 0.0718426 -0.0483329 0.62443 0.912415 0.146564 -0.430044 1.0744 0.105454 -0.20817 0.37753 0.0134689 0.122772 0.263191 -0.519366 0.912801 0.0587299 1.92309 -0.199115 0.560737 1.07497 
1.25667 0.320287 -1.45324 -0.579276 -1.0518 0.984101 1.96886 -1.52905 0.47202 -0.0725559 0.31676 -0.29726 1.65076 0.0825915 -0.317519 0.111316 0.0166156 0.177861 -0.19164 0.0431875 0.0513573 0.321301 1.37075 -0.481493 0.01373 0.685708 -0.088497 0.706843 -0.286319 -0.368589 -0.368512 -0.854521 -0.71692 -0.420024 -1.76976 -0.894668 -1.72 -0.558982 -1.79794 
1.29363 0.546345 -1.45027 -0.359702 -1.14341 0.920157 1.41061 -1.483 -0.26531 0.231641 -0.364657 -0.719208 1.45196 -0.0462144 0.212556 -0.33824 -0.186787 -0.197348 -0.804582 -0.645077 -0.468357 -1.14533 0.0177472 -1.57344 -0.989026 -0.723545 -0.112688 0.497875 -0.213904 -0.251994 0.280587 -0.722413 1.12029 -0.237034 0.905189 -1.3341 -0.83943 0.0634916 -1.94404 
1.21046 0.532843 -1.79148 -0.766064 -1.24915 0.179519 1.32378 -1.99741 -0.673311 -0.0548087 -1.25668 -1.28629 0.927212 -0.0300963 0.180357 -0.102588 -0.235378 0.458448 -0.914053 1.16348 -0.185676 1.22649 0.0366444 -1.32092 0.0772216 -1.25833 0.0336344 0.285167 0.417489 1.18586 0.685648 0.492321 1.05518 1.02018 3.02771 -0.538051 0.736891 1.26906 0.000407089 
1.26354 0.726701 -1.55286 -0.59508 -0.684961 0.00610342 2.5741 -1.66868 0.961181 0.268285 -1.68558 -0.641987 0.193634 -0.01258 0.497722 0.0792489 0.999069 0.4883 -0.31226 0.410107 0.551823 1.88238 -0.520303 -0.836544 0.280035 -0.723138 -0.052119 0.276695 0.117948 1.6426 -0.290292 0.616774 -2.13683 0.592052 -0.359462 -0.659083 0.403234 -0.655456 0.810233 
1.19788 1.03057 -1.71223 0.233005 -0.760847 -0.132741 1.73389 -1.44559 1.20907 -0.575112 -2.09322 -1.00625 0.204074 -0.0822152 0.457052 0.0153604 1.40722 0.168156 -0.297279 -0.973345 0.406376 0.867028 -0.622439 -0.917689 -0.578234 -0.448097 -0.0535994 0.0596105 -0.0408102 -0.25063 -0.396085 -0.322347 -1.68246 -0.0727769 -1.35569 0.539073 0.617884 0.403791 0.657974 
1.18132 1.18375 -1.5375 0.81214 -0.516805 -0.291175 1.60075 -1.2623 1.82821 -0.354154 -2.60327 -1.22022 -0.254464 -0.0661794 0.557333 0.0384387 0.748438 0.0922149 -0.634607 -1.27235 0.479046 0.526691 0.0187697 -0.21866 0.683825 -0.0651643 -0.0158707 -0.32413 -0.138596 -1.34146 -0.469598 -0.551333 -0.108622 0.441135 -0.765042 0.155391 0.996411 1.69799 1.81964 
1.1317 1.5879 -1.67379 0.981444 -0.668632 -0.767349 0.46154 -0.966542 1.73576 -0.556342 -2.31188 -0.322425 0.138909 -0.0980859 0.132922 -0.123236 0.065756 -0.301441 -0.848612 -1.08197 0.847511 0.101986 -0.467047 0.0787213 1.11975 1.37154 0.0420297 -1.16446 0.275954 -0.686095 -0.038199 -0.253008 1.45798 -0.09284 -0.407845 -1.43547 -0.530361 -0.549584 0.805641 
1.08324 1.31668 -1.66074 0.877896 -0.818246 -1.13979 0.518783 -0.414789 1.9302 -0.821201 -2.52455 -0.10047 1.11708 -0.0241497 -0.607127 0.314393 0.0623429 0.0540159 -0.887615 0.185631 0.386206 0.118846 -1.4167 -0.749021 0.134241 0.740476 0.075226 -0.603049 0.654049 -0.110852 0.613208 0.134449 0.885643 -0.807977 -0.638149 -0.618315 -0.670183 -0.761063 -2.17261 
1.10755 0.980771 -1.3594 1.04379 -0.614616 -1.65496 0.647171 -0.580336 1.85461 -1.97304 -3.0609 -0.188184 0.879385 -0.0228599 -0.470127 0.530813 -0.0450961 0.311767 -0.714162 -0.196324 0.0395333 -0.536163 -1.08536 -0.591462 0.358689 -0.801068 -0.140802 0.849314 0.0715259 1.1593 0.0726118 1.11044 -0.700189 -0.0226009 -1.41962 2.16877 2.34587 2.06177 -2.1359 
1.06038 0.846548 -1.12992 0.8328 -0.506479 -1.85395 0.322459 -0.375256 1.39403 -1.90656 -3.11601 0.258219 0.316012 -0.164952 0.242187 0.385919 1.22165 0.126628 0.222826 -0.514558 0.363605 -1.30078 0.752069 1.59685 2.19601 -1.39543 -0.191301 0.590893 -0.229273 1.66662 -0.292941 0.812917 -0.430271 0.293625 0.183823 1.45003 2.599 1.10289 0.792903 
0.942595 1.22296 -0.973476 2.26543 -0.487988 -1.43214 0.132614 -0.21673 0.553828 -1.22097 -1.46406 2.00783 -0.516043 -0.214161 0.120766 0.301541 1.62152 0.0188255 0.098755 -0.626595 0.333159 -0.352339 0.364668 2.00753 1.46158 -0.00816499 0.00360539 0.0592457 0.0300926 -0.527679 -0.105876 -0.790469 -0.245107 -0.365787 1.97023 -0.357181 -0.802946 -2.91441 0.938592 
0.846217 0.967313 -0.828381 2.45432 -0.487654 -1.75519 -0.304136 -0.0420969 1.04169 -1.5419 -1.10848 1.7198 0.307847 -0.161347 0.301432 0.416012 0.693968 0.0207512 -0.567643 -0.759665 -0.00218196 0.669447 0.394888 0.793899 -0.718398 -0.456836 0.0857944 0.608441 0.226842 -1.34696 -0.214381 -0.83032 1.16012 -0.354066 0.066636 0.576652 -1.49339 -2.46629 -1.72466 
0.781248 1.52439 -0.557464 2.9594 -0.467237 -1.99978 -0.627051 -0.218912 1.22328 -0.826082 -0.670156 1.28943 -0.972879 -0.128366 0.729207 0.528383 0.27456 -0.195556 -0.731565 0.533523 -0.0209078 -0.285703 0.941319 0.514141 -1.00471 -1.73282 -0.0262118 -0.384944 0.122152 -0.906707 -0.154925 0.186015 0.786849 0.192019 -2.74793 -0.397886 -0.246375 1.07625 0.886431 
0.71785 1.69652 -0.299999 2.72888 -0.683209 -2.48676 0.229387 -0.0630047 0.75599 -0.600577 -0.594335 0.715083 -1.42497 -0.187558 -0.0835114 0.538164 -0.212738 -0.134174 -0.381628 0.0271843 0.189837 -2.07849 -0.00299793 0.547525 0.357848 0.429594 -0.11474 -1.09496 0.0580872 -0.599525 0.329792 0.41382 -2.34735 0.23419 0.0499153 -1.02515 0.206402 -0.260901 2.05922 
0.59369 1.44088 -0.0193004 2.74666 -0.601411 -2.38141 -0.599867 -0.0290754 -0.855211 -0.82908 -0.122632 1.64728 -0.543285 -0.243107 -0.365755 0.58647 -0.324965 0.134237 -0.317744 -1.81383 0.213282 -0.235788 -0.0838346 0.720543 -1.26561 0.3264 -0.106734 0.24189 0.117863 0.0990469 0.304309 0.657306 -0.630599 0.100617 3.13469 0.650937 1.32825 -1.88451 -2.27852 
0.474744 1.33076 0.286471 2.40392 -0.548973 -2.8045 -1.58444 0.150278 0.520202 -0.684411 0.126207 -0.550531 -1.09857 -0.294292 0.158378 0.656027 -0.113691 0.170135 0.275678 -0.603415 0.290454 1.05621 0.647939 1.87577 -1.52666 -1.84892 -0.173342 0.150732 -0.0462093 -0.0511514 -0.319071 1.51441 2.0723 -0.4079 -0.0667537 0.547431 0.613513 1.77223 -1.75614 
0.299397 1.59926 0.636727 2.63297 -0.431276 -2.10573 -1.20328 0.261379 0.200997 -0.181141 1.75314 0.120618 -2.39221 -0.416448 -0.215023 0.54026 -0.376116 -0.184834 1.19666 0.258473 -0.194618 -0.302542 0.463596 1.33406 0.506617 -1.42974 -0.146999 -1.1011 -0.294742 -0.615524 -0.620579 0.641111 -0.327956 -0.965373 -0.843152 -2.32102 -1.95552 1.88193 1.59747 
0.0582955 1.11574 0.826732 2.0278 -0.733807 -1.60784 -1.32597 -0.0443401 0.217661 -0.220815 1.46026 -0.043914 -2.52832 -0.441291 -0.942723 0.361286 -0.729215 -0.450444 0.916789 -0.931371 -0.674918 0.213056 -1.67308 -0.0797456 0.355267 -0.251458 0.000558141 -0.320151 -0.38205 -0.495277 0.438564 -0.0984779 -0.508062 0.102015 1.21473 -1.99717 -1.77273 -0.757706 2.11216 
-0.141894 0.656533 0.998012 1.90376 -0.88172 -1.18894 -2.13465 -0.413539 0.414053 -1.85422 1.6734 0.475885 -2.64367 -0.41589 -0.535174 0.15821 -0.871393 0.253729 1.09819 -0.249588 -0.0926033 0.912191 -1.53357 -0.438672 -0.251089 0.68242 -0.0912403 0.299938 -0.107426 -0.361339 1.7162 -0.141223 1.94429 1.50217 -1.16811 3.69426 -1.60473 -0.0375273 1.52886 
-0.357594 0.580568 0.984942 1.15641 -0.480078 -0.509651 -1.57556 -0.136943 1.12985 -1.75439 1.02159 -0.295004 -1.8459 -0.532532 -0.642785 0.253859 -1.09055 1.26576 0.775566 1.01292 0.827252 -0.955056 2.02118 -1.68447 0.31774 1.2774 0.0104823 0.109368 0.0392517 0.323073 1.23064 -0.947969 0.190177 0.601852 -3.24351 3.47025 -0.266083 0.360963 0.453355 
-0.674426 0.0137481 1.25187 0.813203 0.38404 -0.413376 -1.12173 0.413713 -0.541002 0.166958 -0.0110782 0.793625 -1.36626 -0.405408 -0.425805 0.197462 -0.54832 1.48437 0.150218 -0.0594113 0.509249 -2.33132 1.93667 -0.704755 0.109874 1.13577 0.39636 0.26158 -0.474737 0.471873 -0.756419 -0.758214 -1.22688 -0.557612 -0.168021 -2.63818 1.79402 -1.80617 -1.10706 
-0.763002 0.154762 1.1824 0.608088 1.00429 -0.359433 -1.63497 0.372305 -1.20147 0.182287 0.316836 -0.18513 -0.710122 -0.136172 -0.381205 -0.220877 -0.618681 0.509341 0.0173517 -0.213961 0.269641 -1.12308 -0.616999 0.109545 -1.48843 0.170343 0.292311 -0.302889 -0.431679 -0.254402 -1.45765 0.393471 1.24775 -0.693331 1.04303 -2.83645 0.395768 -0.687538 -0.256954 
-0.810598 -0.367457 1.03099 0.194522 0.893381 -0.396024 -1.33569 0.683354 -1.66408 -0.450042 0.0984671 -0.694804 -1.19592 -0.113097 -0.728694 -0.234217 -0.802722 0.0267154 0.543689 1.18834 -0.184083 -1.28829 -0.899779 -0.308986 -0.577664 0.87882 0.127106 0.113226 0.0437602 0.62994 -0.410148 0.303808 0.965332 -0.650066 0.468007 1.4295 0.204671 2.12907 0.874783 
-0.876099 -0.573932 0.948187 -0.194634 1.031 0.184256 -0.446629 0.188222 -2.48976 -0.717491 0.00785029 -0.762794 0.168698 -0.00906643 -0.26798 -0.177117 0.0112585 0.0991929 0.32116 0.751372 -0.380425 -0.65507 0.812498 0.314216 0.64064 1.04513 0.105289 0.52879 0.299697 1.54807 -0.00240592 -1.23393 -1.31885 1.15659 2.96566 2.47566 -0.240604 0.114583 -2.42597 
-0.819664 -0.635437 0.853877 0.205781 0.992574 -0.0748644 -0.584322 0.302929 -2.31915 0.362456 0.412683 -0.0541635 -0.150794 -0.00780759 -0.199904 0.0654802 0.74535 0.0243094 -0.690241 -0.130513 0.972504 1.67737 1.57588 -0.54959 -0.463081 -1.54715 -0.0999697 0.0720766 0.23927 -0.0128251 0.103642 -0.106713 0.550513 1.34672 3.71494 0.558096 0.0179987 -1.33385 -1.58946 
-0.883906 -0.773836 1.01367 0.550716 1.05531 -0.505985 -0.577142 1.16073 -0.812382 0.858392 -0.54174 -1.22588 -1.37845 -0.109036 -0.195903 0.062153 -0.00156655 0.202835 0.214447 1.30188 0.966295 3.05987 1.37059 0.332215 -0.693211 -0.544335 -0.0357059 0.0371666 -0.273824 -2.12242 -0.23042 1.20996 0.461788 -1.49741 -0.421543 -1.72587 0.508077 1.46217 3.16891 
-0.9287 -0.83134 0.91603 0.204214 1.19541 0.139582 0.717563 1.26922 0.740719 1.73305 0.744898 -0.747375 -0.695129 -0.0435135 -0.162738 -0.208343 -1.37707 -0.20611 0.519718 0.331275 -0.524901 1.25583 -0.149985 -0.0415136 0.999085 1.62176 0.165693 0.360933 -0.181842 -0.66156 -0.540376 -0.428293 -1.98317 -1.13806 -3.80171 -1.42778 -1.21133 2.99984 1.95585 
-0.92742 -0.936574 0.805324 -0.826354 0.849204 0.0137326 -0.245867 0.635826 0.443449 0.708407 -0.583254 -0.22679 0.243307 0.0566567 0.16503 -0.119689 -0.663126 -0.337541 -0.213847 -0.681284 -0.171765 -0.741846 -0.0571893 -0.879113 2.30663 1.41152 0.0847791 0.381465 0.14324 1.77681 0.127973 -0.755474 -0.924902 0.850205 -2.35874 -0.133559 1.18414 -0.0205835 -2.63348 
-0.872044 -0.66631 0.796342 -0.458912 0.857869 -0.0742643 0.0362788 1.09746 -0.00112768 1.67586 -0.134215 1.55926 0.71639 0.0412656 0.218727 -0.0651039 0.399739 -0.0781377 -0.235757 -0.593627 0.325304 -1.10291 -0.283544 1.14263 0.978502 -1.01172 -0.0954968 -0.472133 0.0522416 0.548885 0.366074 0.578247 0.241043 0.037433 0.793827 -1.26937 1.581 -4.21644 -2.73569 
-0.886154 -0.717847 0.74022 -0.426615 0.771066 -0.222024 -0.839495 0.96113 -0.65946 0.424863 0.559372 0.751711 -0.768415 -0.0388401 -0.307103 -0.067447 -0.114241 0.0285329 0.364401 -0.440241 -0.134332 0.0519802 -1.32656 0.701888 -1.90981 -1.32417 -0.0410316 -0.591635 0.0160478 -0.473676 0.306914 0.661833 1.03031 -0.201381 2.29738 0.799361 -1.64112 -1.78403 1.74191 
-0.910884 -0.973412 0.728895 -0.573153 0.886401 0.290136 -0.403963 0.963128 0.0508526 0.349302 0.567673 -0.350555 -0.607779 0.000234016 -0.372908 -0.0490561 -0.0739372 0.228776 0.426076 0.436681 0.123923 1.19448 0.515817 -0.49849 -0.805531 0.730186 0.00390985 -0.111118 -0.0747774 0.03816 -0.0506384 -0.412461 1.38441 0.715348 0.583215 2.25332 -0.615145 3.48195 1.48249 
-0.88592 -1.09076 0.691164 -0.500553 0.999842 0.204052 -0.402814 1.08505 0.535015 0.94068 0.060882 -0.0538198 -0.038229 -0.0349302 -0.41822 -0.142224 -0.076081 -0.0221055 -0.0480599 0.944164 0.581017 0.635195 0.926761 0.0867434 1.57214 0.158325 -0.042772 0.795229 0.289152 0.450072 -0.252572 -0.381376 -0.0944871 -0.410589 -1.19869 -0.0723273 1.36824 1.52596 -0.0406172 
-0.945814 -1.39163 0.58667 -0.649234 0.864296 0.242076 0.540202 1.54414 0.686047 1.27606 0.654416 1.22158 -0.449454 -0.0425379 0.422321 0.240096 0.376135 -0.0237957 0.0447 0.342194 -0.286666 -0.00421677 0.443489 0.869751 0.720428 0.689569 -0.0354216 0.476983 0.336952 0.159669 -0.159462 -0.418152 -2.18866 -0.781419 -0.984674 -2.56182 -0.354448 -1.91315 1.49153 
-0.928458 -0.668434 0.93126 -0.124418 0.976046 0.248752 -0.0606206 0.798386 0.530799 1.38417 0.930633 0.666608 0.65134 -0.0703519 0.0587624 0.194728 0.0835883 -0.181568 -0.466212 -1.2445 -0.200402 -0.349479 -1.63505 -0.267705 -0.341015 1.64985 -0.0510857 -1.55045 -0.474392 -0.935352 -0.122151 -0.158363 0.0372136 0.911516 0.221055 -0.710739 -0.954955 -0.408412 -2.12337 
-1.01617 -1.33287 0.781398 -0.565646 0.682728 -0.224136 -0.704296 1.34374 0.336568 -0.358992 0.386712 0.880569 1.2004 -0.0936237 -1.12813 -0.234296 -0.559217 -0.145947 -0.113663 0.379407 0.62485 0.216838 -0.26725 -0.0852041 0.312017 -1.4338 0.113144 -0.325378 -0.354398 -0.604833 -0.25373 0.246597 0.463178 -0.551445 -1.0862 2.45276 0.893387 0.0176438 -2.64966 
-1.02208 -1.79656 0.696964 -0.683635 0.830099 0.135089 0.318787 1.42324 0.747637 1.11692 0.845429 0.978625 -0.782462 0.042792 -0.266616 -0.15967 -0.521245 -0.435297 -0.219616 -0.781319 -0.751848 -1.43568 0.817706 0.625682 -0.323371 -0.999812 0.0299762 1.43006 0.285539 1.12535 0.269879 0.0320436 -1.09019 -1.70661 -2.23767 -0.613104 -0.128289 -0.00742895 2.89087 
-0.973374 -1.59949 0.621728 -1.08689 0.247431 -0.443752 -1.48562 0.591895 -1.09911 0.458714 1.01239 0.557198 0.200584 -0.0636474 0.301933 0.0512426 0.566135 0.123932 -0.0816197 -0.710787 -1.08176 -2.02083 -0.880354 -0.213493 0.304588 1.45707 -0.0531149 0.386052 0.285686 0.863174 1.00916 0.68429 2.2782 1.25824 2.07534 -0.686463 -0.682907 -0.595317 0.342332 
-1.08573 -1.49463 0.748206 -0.117501 0.954031 0.0534694 -0.392 0.341475 -1.27319 0.236565 0.631936 1.28321 0.674604 -0.0103229 0.119437 0.126015 0.34193 0.573858 0.464674 1.49688 0.506391 0.63966 0.131243 -0.0572253 -0.918688 -0.65748 0.150991 -0.270452 -0.137678 -1.27017 -0.496055 -0.0293521 1.01989 2.39741 4.5561 1.06944 -0.683078 -1.73088 -1.3951 
-0.983697 -1.48005 0.747744 -0.744961 0.821288 0.0209225 0.0112693 1.09829 -0.459451 0.589957 0.955168 -0.361491 -0.456896 0.0873437 0.0314812 -0.0864354 -0.704031 -0.372123 -0.110972 0.309108 1.31565 2.53527 0.189088 -0.896571 -1.42629 0.0619619 0.0283031 0.75406 0.035677 0.0673076 -0.641382 -0.448359 -1.73872 -0.558661 -0.432628 -0.595014 -0.797193 1.82003 1.37544 