84.47 -5.83059 -4.63861 -1.18232 0.392496 0.216283 -0.805998 0.496878 -1.785 -0.913695 -0.451789 -0.115861 -0.790288 
85.4351 -4.68578 -4.05613 -1.73568 -0.424245 -0.156433 -0.307174 -0.0419829 -1.44846 -0.555173 0.791842 0.619001 -1.56089 
84.6893 -3.7644 -3.64252 -1.30388 -0.0637357 0.348379 -1.08566 -1.00357 -1.62292 -0.980487 0.141432 1.39237 -0.372429 
86.3494 -4.19278 -3.4698 -1.07848 -0.780637 0.210025 -0.217015 0.794745 -0.929324 -0.360911 -0.690573 0.629861 -0.754112 
86.751 -3.80186 -3.21414 -1.69578 -1.28792 0.76077 0.0108037 1.00189 -0.853692 -1.32665 -0.774242 -1.29205 -1.35735 
85.9561 -3.28585 -3.07647 -0.559296 -0.0715981 -0.17338 -0.00640924 0.869419 -0.883377 -1.17478 -0.582457 -0.0570769 -1.5338 
87.072 -3.08842 -3.41722 -2.08477 -0.450361 -0.201778 -0.746214 0.051136 -1.25177 -1.16876 -0.0917022 0.39739 -0.73343 
86.282 -3.95312 -3.35211 -1.38944 0.754 0.501642 -0.602881 -1.15848 -1.40919 -0.670549 0.226276 0.596887 -1.71016 
86.1476 -4.79125 -3.29062 -1.05659 0.48879 -0.369152 -0.290679 -0.226811 -1.37272 -0.0881403 0.371617 0.0637097 -0.740541 
87.3302 -2.47874 -2.65155 -0.70339 0.756148 0.0218522 -0.286899 -0.687109 -2.04828 -2.18974 -0.906755 0.665343 -0.0151114 
91.6706 1.08839 0.311776 1.1843 1.95154 1.40882 1.02349 0.103254 -1.21879 -1.37699 0.176855 -0.00587467 -1.48999 
97.6639 5.65523 2.71735 1.31139 1.01551 0.558689 0.949913 2.18385 0.890162 0.0685918 0.261827 -0.0987873 -1.04784 
102.206 9.36746 4.08797 1.47447 -0.139175 -0.588489 1.08202 1.94114 1.43504 -0.272341 -0.666012 -1.09445 -2.51394 
103.698 9.60383 5.53852 1.28309 -0.282895 -1.09327 1.83045 1.06523 0.353342 -0.155742 -0.882759 -1.79299 -2.95636 
103.25 7.77587 4.68499 1.16128 -0.145442 -1.3685 1.66361 1.24221 0.0690302 -0.781742 -0.24108 -0.606803 -2.32074 
103.909 9.61563 6.93525 1.74708 -1.09103 -1.52775 1.01344 2.43663 1.51814 -1.15704 -1.14038 -1.41453 -1.82401 
106.035 9.8417 6.04939 0.880735 -0.919471 -1.2457 0.564747 0.84765 1.23546 0.151188 -0.778364 -0.746941 -2.09861 
104.439 9.83849 5.57817 1.50968 -0.643162 -1.61903 0.871209 1.74719 1.93989 0.439626 -0.742748 -0.753612 -2.86234 
103.507 10.3393 5.75758 2.02072 -0.460579 -1.23332 0.593503 1.67192 0.917116 -0.31327 -0.403688 -0.537974 -3.1838 
103.594 10.3331 6.29951 1.69223 -0.108728 -0.636984 -0.784069 1.61515 1.04333 -0.40716 -0.39333 -1.04806 -2.66083 
105.882 11.3788 5.92467 1.77418 -1.46438 -0.839016 -0.245809 1.41274 0.308135 -0.879779 -0.352863 -0.572365 -2.13443 
106.509 13.0727 5.85859 1.13406 -1.82955 -1.30259 0.248056 1.31869 0.466674 -1.20505 -0.636281 -0.0922549 -2.2068 
109.369 13.2131 5.21467 0.843248 -2.24756 -1.22135 0.560694 1.52069 0.952242 -0.733951 -1.82614 0.159291 -2.64116 
111.086 14.2418 5.62406 0.295597 -3.54482 -0.868471 0.417284 0.540849 1.05668 -0.929707 -1.23617 -0.677257 -2.30799 
119.804 12.2124 2.37963 1.42447 -2.43591 -1.03323 -1.05527 -0.416638 -0.0306198 -0.724876 -0.878161 -1.08766 -1.62493 
118.809 12.9102 1.27438 1.38943 -3.37456 -2.05606 -0.669952 -1.32983 0.527585 -0.740428 -1.67639 -0.734594 -1.40156 
114.749 13.0841 4.61901 -0.269112 -6.67235 -2.98146 2.27434 -1.01218 1.12581 -2.87858 -0.672832 0.0614902 -0.675575 
120.083 11.3715 2.49815 -1.49808 -5.38301 -2.78177 1.69129 -1.42984 1.30587 -1.21803 -0.750675 -0.848376 0.0133017 
115.879 12.177 3.8196 -3.04985 -6.33591 -3.60942 3.57612 -1.22766 0.322314 -1.84487 0.648178 -0.182883 -0.848026 
116.091 11.4496 3.37745 -2.38043 -7.36453 -3.39623 4.34609 -1.13264 0.773146 -2.3893 0.591728 0.304911 -1.13728 
116.296 11.425 2.47347 -2.85744 -7.16713 -2.93693 4.18364 -0.745937 0.27114 -2.09494 1.04104 0.565106 -1.08061 
116.458 11.2835 1.60363 -3.47195 -6.96052 -1.51584 3.51776 -1.22221 -0.213464 -0.900496 0.835193 1.16317 -1.78288 
114.495 9.67587 2.24489 -4.2543 -5.92892 -1.92851 3.73327 -0.605284 -0.0721818 -1.26754 0.341486 2.23214 -1.42266 
113.703 9.49703 2.39225 -5.55785 -3.89232 -1.46273 2.59008 -0.504297 -0.0744866 -1.50989 0.591897 2.23152 -1.6383 
112.194 9.75161 2.64527 -5.62797 -3.35716 -1.0008 2.41377 -1.5672 0.362701 -1.31312 0.830335 2.73771 -2.13001 
109.524 9.74117 3.33201 -5.15649 -3.05704 -0.607135 1.44536 -1.0967 -0.484308 -1.63854 1.05329 2.95525 -2.39887 
107.587 8.4797 3.02378 -3.63981 -1.82822 -0.795397 1.11905 -0.943607 -0.792845 -1.17359 1.21493 2.30254 -2.74166 
101.789 6.02943 2.7261 -0.666704 -1.14369 1.13853 0.403281 -0.502612 -1.38691 -1.14028 0.485997 0.879441 -2.23356 
101.343 6.1878 2.07125 -0.95989 -0.671901 1.66667 0.903719 0.390098 -1.77729 -1.34897 0.602224 0.830762 -1.73786 
101.036 5.11372 2.43302 -0.415368 -0.405453 1.81814 0.2153 0.515037 -0.688146 -1.51304 1.42456 0.6683 -2.53438 
98.3901 5.45894 1.38933 0.764198 0.89825 2.39732 0.800689 0.14424 -1.75024 -0.573836 0.62631 0.205959 -2.16342 
96.1565 4.54576 2.12625 1.07459 0.731091 1.95037 0.88686 1.10209 -0.868248 -0.777706 -0.0322803 0.0320878 -2.46215 
95.7953 4.94047 1.49445 0.109249 1.49897 2.40973 2.04967 1.21829 -0.861422 -0.854214 -0.980229 -0.566416 -2.32045 
94.7409 3.77595 1.58252 1.30339 1.26748 3.13241 0.993295 0.675742 -1.20533 -0.469172 -0.0298843 -0.367056 -1.99527 
94.1217 3.82071 1.63761 2.40652 2.16298 2.9729 0.429126 -0.165849 -1.48824 -1.3764 -0.572445 0.0420354 -1.92067 
91.2965 4.07332 1.68834 1.59089 1.70416 3.22298 1.38403 0.458686 -1.11704 -1.45888 -1.00879 0.388257 -1.23059 
91.194 2.18612 0.881648 1.7978 1.63671 2.983 0.779382 1.14862 -0.443527 -1.13786 -0.00241684 0.10713 -1.16459 
89.3768 1.47144 0.808549 1.79187 2.41528 2.73662 1.24116 0.650839 -0.6438 -1.08337 -0.44974 1.04294 -2.03447 
88.3927 0.280115 0.663556 1.60889 1.78033 2.1827 1.08024 0.308183 -0.861754 -0.658241 0.121279 0.795884 -1.29576 
87.6132 0.227617 -0.117219 1.10579 2.20793 2.46984 1.97505 0.855427 -0.322314 -0.0345715 -0.3552 0.836516 -1.21078 
85.311 0.280542 -1.29446 -0.0811457 0.9498 1.612 0.847824 1.32507 0.263444 0.15736 0.564005 1.28664 -1.35454 
84.2835 -1.83917 -2.61532 -0.355783 1.08622 0.583432 -0.340342 0.849868 -0.762876 -0.315961 -0.283883 -0.271477 -0.97918 
84.8292 -1.73566 -2.02911 -0.127144 0.671916 0.944976 0.163007 0.779462 -0.965274 -1.31679 -0.94032 0.344509 -1.2057 
82.2034 -3.00283 -1.42505 -0.339747 0.970259 1.25115 0.328035 1.10873 -0.969855 -0.452204 -0.110401 0.749429 -0.796887 
84.2447 -1.07185 -1.00781 0.189073 0.36708 0.460201 -0.141344 0.561705 -1.26098 -0.962331 -1.51348 0.554267 -1.28003 
90.6421 2.12624 2.12724 3.40414 2.99951 2.14784 2.0145 1.08482 -0.822258 -1.08402 -1.17343 1.21508 -1.22645 
91.6121 3.66553 2.98307 4.67537 3.25115 1.79579 1.28499 1.14361 -0.689304 -1.01191 -0.95876 0.789843 -1.03017 
90.2614 3.44816 1.85091 4.3653 3.10086 2.42091 -0.926551 0.291713 -1.05075 -1.50215 -0.0930789 0.281535 -1.51166 
101.324 4.07679 4.79288 3.28965 1.71907 0.108229 -0.830865 -0.491403 -0.347918 -0.366627 -0.225484 0.406735 0.454372 
103.481 4.08931 4.76042 3.1844 1.7071 0.399405 -0.432323 -0.421193 -0.176203 -0.0486692 0.0673501 0.700076 0.300101 
95.2979 7.39278 4.49995 3.01377 2.08798 0.47358 -1.21147 -0.259928 -0.450314 0.0974503 0.91586 1.67869 -0.423204 
94.3647 6.69855 3.55138 2.74077 1.8706 1.5458 -0.677833 -0.532718 -1.47381 0.139781 0.088583 0.702085 -0.433459 
93.8981 5.51908 2.38319 2.84151 1.89564 1.11369 -1.00567 -1.27728 -1.75204 -0.687454 0.479663 1.71895 -0.393826 
94.3449 8.47364 4.03405 3.27094 1.16804 0.672643 -0.93092 -0.722636 -1.58444 -0.645271 0.181556 1.784 -0.383405 
93.7887 6.82636 2.9541 2.61126 0.97465 0.294177 -1.02109 -0.775317 -1.68519 -0.514613 0.42393 1.45938 -0.836083 
94.2873 5.50793 3.13117 3.19858 1.28059 1.05779 0.18592 0.303591 -0.308089 1.02741 -0.196126 0.650867 -1.0839 
89.455 3.80766 1.60753 1.74521 2.06014 2.12914 0.579643 0.719664 -1.83717 -0.5045 0.914272 0.673179 -0.88608 
89.905 2.12009 -0.00810046 1.46383 1.56093 1.28121 1.24432 1.38434 -0.880853 -0.387374 0.202443 1.29026 0.11423 
90.5199 2.12353 1.59287 2.31878 3.26424 3.16602 1.91143 1.16519 -0.448594 0.194902 0.0146346 1.98829 -0.537858 
89.8774 2.48115 1.00629 2.01345 2.05496 2.35232 1.76355 0.774148 -0.790655 -0.227019 -0.753568 1.0787 -1.28589 
88.7335 0.977019 -1.34146 0.414007 1.06066 0.702354 -0.323097 0.207584 -0.215036 -0.589378 -0.123369 1.87417 -0.579046 
89.8688 0.849433 0.307154 2.25438 1.98299 1.04708 -0.567102 0.409649 -0.508832 -0.24241 0.217756 0.893504 -0.957271 
88.7962 1.4241 1.19722 1.40462 1.46042 0.421326 0.128441 1.45384 -0.0388283 -0.368548 -0.126511 0.929673 0.28156 
88.7639 0.429564 0.534188 1.92079 1.31512 1.69024 1.20044 1.02966 -0.724275 -0.846129 0.152137 0.605308 -0.652728 
88.4489 0.000153246 -0.488057 0.586843 1.00752 0.799185 -0.279511 0.243475 -0.543561 -0.494934 0.332371 1.07501 -0.254947 
88.1945 -0.830743 -1.37575 0.13386 0.772776 0.831049 0.880178 0.72232 -0.378304 -0.36181 0.185961 0.753762 -1.10448 
88.459 -1.02424 -0.723727 -0.244882 0.134036 1.1066 1.03906 0.904862 -0.340613 -0.339991 0.116288 1.57195 0.0197692 
87.5512 -0.791369 -0.0853171 0.414103 1.1325 1.80168 1.35357 1.19399 -0.000946902 0.269206 -0.243408 0.531521 -0.877186 
87.1301 -0.29742 -0.870893 0.156202 0.988878 2.18389 1.1221 0.643485 -0.400148 -0.525026 -0.240089 0.644644 -0.439299 
86.9775 -1.16364 -2.39676 1.55807 1.63767 2.39493 1.40299 1.55408 -0.812147 -1.73917 -1.20339 0.147233 -1.90646 
88.8823 -0.983119 -0.650473 -0.279492 0.807335 1.0129 0.319332 0.973293 -0.286248 -0.538873 0.453755 1.66486 -1.00233 
85.2486 -1.95692 -1.24275 -0.866026 0.368803 1.61641 0.98592 1.52277 0.0601249 -0.921045 0.0150967 1.6131 -0.401365 
73.1109 13.574 -14.1197 10.4992 -4.08059 2.92481 1.31406 -3.0047 4.09014 -2.75533 2.38571 0.914952 -1.00667 
84.0563 -2.43563 -1.94938 1.25219 2.16567 2.01974 0.401645 0.958161 0.340107 0.369432 0.434038 1.18212 -0.728613 
42.1107 -1.10592 -2.63858 -0.412912 1.02036 0.799826 -1.33549 -1.10936 -1.20556 -1.77253 -0.484391 -0.0881207 -1.45211 
