8216.8 8218.35 13473.4 71378.1 273348 100400 10593.4 77934.3 118807 130780 127406 141072 1.02196e+006 1.17031e+006 1.23833e+006 3.35732e+006 1.56101e+006 1.37818e+006 1.69356e+006 3.61351e+006 1.78041e+006 4.46163e+006 5.5824e+006 3.17396e+006 4.75994e+006 3.52408e+006 1.72578e+006 725096 812166 820216 2.39316e+006 2.02742e+006 2.06157e+006 1.11655e+006 3.97173e+006 2.52053e+006 2.81522e+006 1.70148e+006 823873 443488 
11324.5 10442.1 41644.8 120213 90918.3 55013.9 141708 148201 288895 552974 500816 257658 223911 2.18944e+006 2.34864e+006 7.90699e+006 5.34542e+006 2.04524e+006 350693 1.16572e+006 1.99854e+006 2.88179e+006 4.14942e+006 2.07572e+006 7.49843e+006 2.20667e+006 1.20669e+006 583319 1.31817e+006 2.22535e+006 1.11075e+006 2.19497e+006 2.18513e+006 1.18565e+006 1.16539e+006 1.22577e+006 3.57508e+006 3.16444e+006 859973 597706 
13445 29002.3 22997.1 122414 286607 150426 319397 550834 163239 108202 285291 70641.4 239555 4.52498e+006 4.1316e+006 2.94491e+006 1.86521e+006 2.26974e+006 1.02956e+006 1.80813e+006 2.16693e+006 2.38498e+006 2.52618e+006 1.4042e+006 2.12609e+006 1.25203e+006 558917 987002 872154 2.16658e+006 1.67995e+006 1.23376e+006 1.47532e+006 1.1666e+006 874533 656675 2.53856e+006 4.13712e+006 358060 343526 
26872 43945.6 61759.2 81189.6 280199 89770.3 132596 79592.2 330503 904424 473978 565203 689605 3.45034e+006 2.88739e+006 1.72638e+006 1.45742e+006 1.05824e+006 1.15586e+006 835512 3.64351e+006 7.11746e+006 1.47237e+006 1.35057e+006 4.66976e+006 4.06757e+006 1.08096e+006 1.03429e+006 2.45035e+006 2.39018e+006 1.95943e+006 1.98607e+006 1.44523e+006 1.96483e+006 2.65899e+006 1.8984e+006 3.70485e+006 2.62804e+006 778041 249821 
15697.1 21353.4 119328 526544 522860 65709.2 50450.2 62952.4 263618 775449 1.9838e+006 1.84696e+006 1.34987e+006 4.37941e+006 3.3092e+006 1.52786e+006 2.52615e+006 1.02646e+006 1.42708e+006 1.39086e+006 927172 3.40364e+006 1.91333e+006 1.46451e+006 2.52885e+006 3.10756e+006 1.15994e+006 1.01908e+006 1.07289e+006 940520 3.67608e+006 5.84905e+006 3.86558e+006 2.06211e+006 1.83942e+006 2.66201e+006 926219 2.67213e+006 995176 420667 
11352.1 97229.5 456874 317157 318554 192702 28002.8 60154.4 1.13706e+006 1.0446e+006 366920 167592 684252 4.89975e+006 6.72853e+006 503083 805581 409048 2.02936e+006 2.36225e+006 1.98066e+006 2.1518e+006 2.08753e+006 4.4808e+006 9.21991e+006 3.44482e+006 340639 952533 1.26152e+006 1.23657e+006 2.20788e+006 2.48762e+006 1.03691e+006 649785 865786 2.92306e+006 1.78196e+006 1.74268e+006 713083 434732 
23496 30196.6 63652.8 83769.1 556132 607550 229548 241494 425350 917246 422836 876093 1.51758e+006 3.76937e+006 3.81952e+006 3.38016e+006 2.5729e+006 3.09344e+006 529851 3.5941e+006 3.37281e+006 2.22038e+006 3.28508e+006 1.65754e+006 5.17689e+006 2.05019e+006 729001 571184 434305 2.83422e+006 1.52785e+006 1.89315e+006 1.79935e+006 1.94933e+006 611104 1.33035e+006 5.17336e+006 2.59299e+006 995323 518850 
15200 46770.7 151681 110634 299762 296654 166211 198635 234894 144374 221026 351428 171463 2.57746e+006 1.91819e+006 3.34296e+006 1.08206e+007 5.36896e+006 1.5257e+006 2.39914e+006 1.09056e+006 2.80474e+006 3.12605e+006 2.42861e+006 4.04479e+006 1.33839e+006 728927 525104 1.62633e+006 2.66157e+006 2.1194e+006 1.81322e+006 983866 795537 1.48705e+006 1.01438e+006 5.47571e+006 3.21775e+006 1.86118e+006 570262 
56715.2 17106 43216.2 83455.8 158172 269233 108811 276460 188748 95980.7 429931 442066 460612 745312 845263 2.5561e+006 4.54808e+006 2.40382e+006 1.54246e+006 1.53897e+006 1.49242e+006 2.08225e+006 4.05051e+006 3.27051e+006 5.92278e+006 3.7123e+006 1.85322e+006 1.1824e+006 985784 1.41031e+006 1.17963e+006 2.48491e+006 1.37107e+006 1.18461e+006 1.83998e+006 3.09653e+006 2.0163e+006 4.57554e+006 2.93477e+006 698348 
48780.9 79996 135310 583643 1.78382e+006 1.38814e+006 412920 300734 200381 33080.7 428076 619983 753285 4.46478e+006 6.01302e+006 3.28665e+006 1.70671e+006 995708 1.15032e+006 2.62402e+006 2.38079e+006 4.11384e+006 6.40316e+006 1.57518e+006 2.58206e+006 2.45633e+006 1.25365e+006 686789 1.34024e+006 1.38163e+006 1.61011e+006 1.2115e+006 884963 1.12253e+006 1.12528e+006 1.45444e+006 1.18686e+006 3.12786e+006 2.13691e+006 520935 
1.81963e+007 8.56e+006 2.47197e+006 5.19343e+006 2.9405e+007 1.43529e+007 303792 213743 363865 655208 999751 2.27151e+006 505318 2.42075e+006 6.64036e+006 4.44842e+006 5.08451e+006 3.40481e+006 786633 1.75639e+006 1.43025e+006 943235 5.67885e+006 5.88965e+006 4.54095e+006 1.85723e+006 812669 482566 1.51882e+006 2.93352e+006 1.84549e+006 1.59735e+006 1.4926e+006 573055 1.50164e+006 1.46607e+006 2.0532e+006 1.92787e+006 1.05252e+006 1.57606e+006 
7.96092e+008 4.81939e+008 6.64319e+007 3.71545e+007 7.30905e+007 4.44299e+007 1.30159e+006 7.2829e+006 2.9824e+007 1.92461e+007 1.99962e+007 2.75851e+007 8.9619e+006 3.88262e+006 3.68681e+006 3.99484e+006 1.74072e+006 2.75399e+006 2.55572e+006 1.86816e+006 1.53168e+006 2.61242e+006 9.03487e+006 4.3895e+006 2.88116e+006 1.23405e+006 1.37729e+006 1.04961e+006 865496 1.10919e+006 2.41484e+006 1.9883e+006 1.90864e+006 1.13088e+006 1.47007e+006 1.97917e+006 2.3868e+006 2.26881e+006 1.21302e+006 1.07246e+006 
1.44187e+009 4.76164e+008 3.37829e+009 4.38477e+009 1.0445e+009 3.40278e+007 7.41019e+006 7.73233e+007 4.54892e+008 1.53413e+008 5.66664e+008 2.71928e+008 1.2251e+007 9.26475e+006 4.32233e+006 3.75969e+006 9.16697e+006 1.7621e+006 967629 1.00007e+006 7.5113e+006 6.32085e+006 3.43192e+006 2.43695e+006 4.5205e+006 2.99567e+006 1.36449e+006 703920 2.18847e+006 3.53237e+006 1.64211e+006 1.6785e+006 1.10272e+006 812551 1.34313e+006 1.04743e+006 1.71947e+006 2.05232e+006 1.20983e+006 1.42055e+006 
1.00876e+009 1.26152e+009 5.0777e+009 7.57217e+009 3.23067e+009 3.84752e+008 1.36415e+007 4.53134e+007 2.98254e+008 2.80956e+008 1.11235e+009 6.29465e+008 8.91449e+006 5.76263e+006 2.91323e+006 1.34993e+007 2.00623e+007 1.2371e+006 480416 785548 1.50502e+006 3.91532e+006 2.22557e+006 1.61939e+006 7.13489e+006 4.40433e+006 2.35925e+006 1.60382e+006 2.52865e+006 2.90384e+006 1.66309e+006 1.46682e+006 432434 1.41891e+006 2.27423e+006 2.24258e+006 2.38296e+006 2.35732e+006 5.65076e+006 3.60801e+006 
9.62629e+008 2.59656e+008 2.00361e+009 1.42992e+009 5.28997e+008 3.63788e+008 3.42054e+007 3.20435e+007 1.12778e+008 1.12635e+008 3.68387e+008 2.85694e+008 1.00082e+007 7.80424e+006 5.21765e+006 7.96335e+006 2.02981e+007 976376 330943 868889 2.17159e+006 3.88515e+006 7.06574e+006 6.36722e+006 7.33383e+006 5.67931e+006 1.70261e+006 1.52385e+006 3.05819e+006 4.70852e+006 2.95739e+006 1.23877e+006 963746 1.03819e+006 3.91807e+006 3.27383e+006 3.20302e+006 2.3852e+006 9.62747e+006 5.21433e+006 
1.63332e+009 3.50718e+009 5.76175e+009 5.67919e+009 2.27111e+009 3.23901e+008 8.36145e+007 1.00638e+008 2.37304e+008 3.76218e+008 1.23973e+009 7.39037e+008 4.04965e+007 9.39728e+006 1.42651e+006 1.39332e+006 1.12618e+006 618072 460537 570100 1.4742e+006 5.20309e+006 5.29295e+006 1.07491e+006 6.77735e+006 2.22233e+006 695010 1.10682e+006 4.43124e+006 2.89804e+006 1.68792e+006 3.40004e+006 3.7393e+006 1.60371e+006 2.10404e+006 3.14985e+006 1.5825e+006 3.09084e+006 1.60815e+007 1.68106e+006 
1.60796e+009 1.89916e+009 7.22105e+009 3.84892e+009 1.5081e+009 7.02033e+008 1.56126e+008 3.60887e+008 5.77134e+008 8.4805e+008 9.20991e+008 3.16813e+008 6.567e+007 8.20768e+006 2.85487e+006 3.74598e+006 1.59232e+007 4.40041e+006 716371 1.34731e+006 3.21432e+006 6.07045e+006 2.9424e+006 1.04719e+006 4.17305e+006 2.55283e+006 1.94646e+006 3.0852e+006 2.5981e+006 3.23504e+006 3.65697e+006 7.35131e+006 1.12639e+006 790033 3.06575e+006 5.99755e+006 3.15296e+006 6.5713e+006 9.51848e+006 2.24343e+006 
6.77691e+008 5.48306e+009 1.67489e+010 2.74034e+009 2.60253e+008 2.92436e+008 7.91157e+007 2.19707e+008 6.1452e+008 5.60301e+008 1.76617e+009 3.65554e+008 3.27024e+007 3.70304e+006 2.32194e+006 1.97092e+006 4.55508e+006 3.89336e+006 761060 1.70813e+006 2.33839e+006 3.59444e+006 4.46927e+006 6.10197e+006 4.7972e+006 1.09885e+006 2.03769e+006 1.53354e+006 3.88527e+006 4.15629e+006 2.75456e+006 2.13103e+006 877559 560096 2.37488e+006 3.03865e+006 2.32676e+006 4.88626e+006 6.56332e+006 1.2036e+006 
7.7409e+008 5.86655e+009 1.54832e+010 2.25833e+009 1.13607e+009 7.00892e+008 9.48467e+007 8.24628e+007 3.85149e+008 4.90568e+008 8.61947e+008 2.69135e+008 9.82088e+006 4.74506e+006 2.29493e+006 7.72182e+006 3.22748e+006 1.72841e+006 839495 578729 1.76993e+006 3.88824e+006 5.49432e+006 4.90757e+006 7.24361e+006 1.66991e+006 484165 1.03299e+006 3.27599e+006 4.18687e+006 2.26001e+006 1.16661e+006 1.42745e+006 825640 1.4714e+006 1.54423e+006 3.09652e+006 3.36409e+006 2.09492e+006 874920 
7.62076e+008 6.13572e+009 1.50868e+010 2.02666e+009 2.54531e+009 1.27334e+009 9.35251e+007 7.02578e+007 6.45174e+008 3.98839e+008 8.37205e+008 1.01046e+008 1.80668e+007 2.25375e+006 1.41586e+006 7.5589e+006 4.20064e+006 2.10826e+006 793792 2.22405e+006 2.22084e+006 4.1448e+006 5.22722e+006 2.02226e+006 2.83818e+006 1.44794e+006 309222 451462 2.11297e+006 2.46316e+006 1.48129e+006 4.03985e+006 2.6613e+006 1.61662e+006 2.33112e+006 3.78777e+006 1.48408e+006 3.11538e+006 3.16781e+006 801908 
7.37749e+008 7.62864e+009 1.9347e+010 3.21792e+009 5.14814e+009 2.07629e+009 3.55296e+008 2.77194e+008 1.18288e+009 6.00079e+008 1.20846e+009 2.06752e+008 3.19897e+007 2.87959e+007 5.59654e+006 4.48482e+006 9.39309e+006 2.22591e+006 513773 1.53771e+006 1.93345e+006 4.50192e+006 5.33963e+006 5.07086e+006 2.09561e+006 3.53195e+006 960550 826070 3.57333e+006 2.95744e+006 2.92075e+006 6.08779e+006 3.13058e+006 1.06269e+006 3.20896e+006 2.42821e+006 1.55648e+006 2.29321e+006 1.6385e+006 682994 
9.38264e+008 1.04364e+010 2.54171e+010 4.77044e+009 8.87689e+009 3.4384e+009 6.94803e+008 5.41875e+008 2.34394e+009 9.78326e+008 2.77533e+009 6.09814e+008 7.90235e+007 6.96416e+007 4.81529e+006 1.37589e+007 1.26748e+007 1.30146e+006 700482 803140 1.64665e+006 5.36676e+006 1.11767e+007 3.38965e+006 2.14199e+006 1.19191e+006 597215 1.41804e+006 3.82088e+006 3.15581e+006 3.03105e+006 973566 1.41584e+006 1.48289e+006 1.21448e+006 1.56799e+006 1.17455e+006 1.36449e+006 1.39377e+006 862003 
1.21727e+009 1.32103e+010 3.47346e+010 6.00309e+009 9.33438e+009 5.6139e+009 5.82991e+008 5.9281e+008 2.53033e+009 3.54883e+009 1.03847e+010 1.32782e+009 1.63558e+008 1.79957e+008 2.09683e+007 8.79149e+006 9.0719e+006 3.72984e+006 1.65852e+006 2.74239e+006 2.45606e+006 1.11331e+007 1.47513e+007 2.05297e+006 2.86055e+006 4.36641e+006 1.25116e+006 801883 1.36704e+007 1.37886e+007 4.53092e+006 1.12384e+006 1.27057e+006 903804 1.63923e+006 3.44731e+006 2.53735e+006 3.78612e+006 1.79271e+006 363420 
1.43314e+009 1.48819e+010 3.20637e+010 7.2991e+009 2.50815e+010 1.78301e+010 2.02769e+009 1.25144e+009 5.34805e+009 7.74017e+009 2.21082e+010 3.23979e+009 3.02745e+008 3.22307e+008 3.25833e+007 1.24935e+007 1.77338e+007 6.28509e+006 3.10626e+006 2.66579e+006 2.45639e+006 2.12864e+006 2.551e+006 6.9975e+006 2.23289e+006 2.75984e+006 678947 1.79886e+006 2.93801e+007 1.27286e+007 3.80897e+006 4.57885e+006 3.53073e+006 1.48627e+006 951269 1.91596e+006 1.13156e+006 3.3135e+006 3.5407e+006 369110 
1.20964e+009 9.4282e+009 1.50737e+010 1.55076e+010 1.01094e+011 5.61588e+010 4.63387e+009 2.66507e+009 9.79548e+009 9.07678e+009 1.96501e+010 1.79345e+009 3.11534e+008 4.33565e+008 1.73281e+008 1.43403e+008 1.07904e+008 7.97885e+007 7.00578e+007 5.45727e+007 4.29451e+007 3.58461e+007 4.42157e+007 5.60803e+007 4.0886e+007 3.21398e+007 1.79607e+007 2.09503e+007 6.6119e+007 3.89103e+007 2.36185e+007 2.75464e+007 1.20637e+007 1.23907e+007 5.68956e+006 6.1654e+006 3.45941e+006 4.71169e+006 3.58484e+006 1.8651e+006 
5.7739e+008 3.85144e+009 5.33415e+009 1.25306e+010 7.98655e+010 4.42345e+010 1.35292e+010 5.61809e+009 1.05885e+010 8.61597e+009 1.13852e+010 6.74528e+009 2.02522e+009 1.37739e+008 1.29415e+008 1.01516e+008 9.13386e+007 9.52272e+007 6.94616e+007 4.81728e+007 4.75049e+007 5.52541e+007 2.86278e+007 3.24411e+007 4.00853e+007 4.91292e+007 2.34915e+007 1.33195e+007 3.0102e+008 1.82386e+008 5.2987e+006 1.65718e+007 4.7706e+006 3.34298e+006 1.96689e+006 1.55351e+006 2.49474e+006 3.39402e+006 1.99431e+006 1.21798e+006 
3.87279e+008 2.66613e+009 2.94281e+009 7.86025e+009 2.13881e+010 1.33343e+010 3.48596e+010 1.41301e+010 9.3453e+009 8.05928e+009 1.51313e+010 5.19888e+010 8.03926e+009 3.06245e+008 2.78822e+008 5.29452e+007 1.41613e+007 1.77012e+006 516665 1.40934e+006 3.94557e+006 4.06216e+006 2.64356e+006 6.69249e+006 1.09147e+007 2.76304e+007 4.74673e+006 4.26415e+006 3.58323e+008 3.40294e+008 4.2526e+006 2.55831e+007 7.29972e+006 605466 787222 565201 1.00385e+006 4.00413e+006 4.73299e+006 1.34707e+007 
3.9178e+008 1.99393e+009 1.76951e+009 3.94948e+009 6.89408e+009 1.35512e+010 4.84403e+010 2.31252e+010 1.27829e+010 6.47906e+009 3.19067e+010 1.19426e+011 1.57689e+010 5.38682e+008 4.52941e+008 1.45153e+008 5.36187e+007 3.91091e+007 2.83745e+007 1.86969e+007 1.46821e+007 8.23539e+006 8.93247e+006 1.22743e+007 4.19798e+007 9.95734e+007 2.0802e+007 2.12479e+007 3.45512e+008 3.18545e+008 8.96806e+006 3.29457e+007 1.1832e+007 4.2798e+006 2.01637e+006 1.99776e+006 2.29352e+006 2.59881e+007 2.40157e+007 2.62537e+007 
2.2493e+008 1.16838e+009 8.23501e+008 2.84737e+009 3.59327e+009 8.15084e+009 1.8553e+010 3.11088e+010 3.5322e+010 3.48687e+009 3.91596e+010 9.18558e+010 1.01444e+010 2.65546e+009 5.40097e+008 1.88493e+008 6.76739e+007 4.7343e+006 1.92319e+006 1.44858e+006 1.03281e+006 2.19914e+006 1.74204e+006 4.90642e+006 6.16118e+007 1.07997e+008 5.10689e+006 2.89817e+006 1.02033e+008 7.40506e+007 9.40639e+006 9.15712e+006 5.92379e+006 544390 729857 800488 868952 9.58696e+007 1.02402e+008 8.58305e+006 
1.99452e+008 9.62175e+008 6.65722e+008 2.3728e+009 2.75188e+009 4.48574e+009 5.89877e+009 4.37203e+010 3.49896e+010 2.95584e+009 3.66117e+010 5.60571e+010 2.90584e+010 5.99455e+009 4.97945e+008 8.863e+007 6.51915e+007 5.34061e+006 671551 913563 1.27702e+006 1.02369e+006 5.22028e+006 6.9894e+006 5.04192e+007 1.52891e+008 8.86565e+006 4.40614e+006 2.54464e+008 2.90532e+008 3.49292e+007 1.36573e+007 5.72966e+006 518362 636511 689371 511824 8.00042e+007 1.89613e+008 4.28098e+006 
1.85766e+008 7.76615e+008 5.09114e+008 1.85957e+009 1.67445e+009 2.27164e+009 5.71994e+009 4.68445e+010 2.24315e+010 7.80105e+009 2.55386e+010 2.39314e+010 3.41394e+010 1.22588e+010 1.99582e+009 1.01754e+008 5.32263e+007 1.98106e+007 2.07162e+006 385127 1.2657e+006 1.91089e+006 7.94116e+006 8.88825e+006 7.03194e+007 1.177e+008 1.10478e+007 2.90322e+006 1.58577e+008 4.39696e+008 1.96746e+007 6.48189e+006 8.24684e+006 1.52013e+006 380029 1.00602e+006 1.04371e+006 3.47814e+007 6.91025e+007 5.24115e+006 
1.77818e+008 5.75241e+008 4.1225e+008 1.07209e+009 8.45687e+008 2.89425e+009 5.8171e+009 2.26083e+010 1.55346e+010 1.69595e+010 1.69645e+010 1.14339e+010 1.35297e+010 3.04147e+010 2.70966e+009 2.87721e+008 1.91789e+008 5.09769e+007 7.0756e+006 1.73816e+006 843706 807192 6.13747e+006 8.1159e+006 7.43259e+007 4.53033e+007 9.30169e+006 2.43699e+006 2.36353e+008 3.68584e+008 4.23211e+007 6.45389e+006 4.95241e+006 1.27186e+006 608735 2.94227e+006 4.68025e+006 1.82477e+007 1.90029e+007 2.32405e+006 
1.36715e+008 3.81873e+008 1.74443e+008 4.3019e+008 3.63243e+008 1.23649e+009 3.04419e+009 8.36847e+009 8.65884e+009 9.14048e+009 4.99114e+009 5.52157e+009 1.15251e+010 2.60816e+010 2.57333e+009 3.61682e+008 2.82115e+007 1.35172e+007 5.44774e+006 1.12827e+006 1.43138e+006 1.7241e+006 3.917e+006 7.86202e+006 2.84119e+007 2.56315e+007 9.15283e+006 1.32181e+006 8.71274e+007 2.04854e+008 4.03732e+007 4.75853e+006 3.78401e+006 585918 996497 4.19677e+006 1.20654e+007 1.54773e+008 3.45299e+007 3.48699e+006 
1.05564e+008 3.67588e+008 1.88626e+008 3.7064e+008 3.78134e+008 1.1268e+009 1.91337e+009 5.47811e+009 5.61532e+009 5.72663e+009 2.76812e+009 3.27225e+009 7.67431e+009 7.98881e+009 3.24674e+009 8.14831e+008 6.83666e+007 1.6799e+007 6.81845e+006 5.28617e+006 1.82725e+006 3.13369e+006 6.64417e+006 6.20823e+006 1.3705e+007 8.23492e+006 1.10852e+006 1.08849e+006 1.48139e+007 5.49423e+007 1.58916e+007 5.29194e+006 3.13424e+006 1.1099e+006 978095 5.12628e+006 1.70833e+007 3.23845e+008 1.02828e+008 3.95683e+006 
1.23551e+008 3.85827e+008 1.69272e+008 3.40332e+008 3.27332e+008 1.13963e+009 1.88841e+009 5.4873e+009 3.86322e+009 3.45668e+009 2.79773e+009 1.62871e+009 1.95498e+009 3.59251e+009 3.23677e+009 9.09621e+008 1.16271e+008 4.7847e+007 4.70229e+006 1.99443e+006 2.38807e+006 4.56445e+006 3.67203e+006 2.34277e+006 5.4045e+006 2.49856e+006 1.33172e+006 656494 1.00476e+007 6.52728e+007 3.40837e+007 2.81632e+006 1.34483e+006 444635 1.20219e+006 2.3814e+006 1.09903e+007 3.28726e+008 1.59008e+008 3.05919e+006 
1.05767e+008 3.3031e+008 1.30156e+008 2.9936e+008 4.54956e+008 1.46919e+009 1.80203e+009 2.88115e+009 2.04557e+009 1.6708e+009 1.14138e+009 6.1825e+008 7.23098e+008 1.54269e+009 2.63063e+009 5.09135e+008 5.28162e+007 3.39969e+007 3.21548e+006 557644 1.5876e+006 3.10328e+006 3.20175e+006 3.49505e+006 3.99666e+006 907490 243111 636230 5.19283e+006 2.20083e+007 1.43759e+007 3.62705e+006 2.03929e+006 556565 1.49326e+006 1.85104e+006 1.09635e+007 2.69436e+008 1.05687e+008 686419 
1.0128e+008 2.71988e+008 1.12721e+008 1.93864e+008 4.10081e+008 9.52749e+008 6.43997e+008 9.04875e+008 9.04029e+008 3.40564e+008 5.61355e+008 2.3362e+008 1.60846e+008 2.7046e+008 5.38974e+008 2.50412e+008 5.02461e+007 3.18724e+007 4.60366e+006 463649 1.69392e+006 3.09143e+006 4.13912e+006 8.31302e+006 1.13877e+007 970637 342721 637243 6.1144e+006 1.55977e+007 4.26156e+006 6.6724e+006 1.67971e+006 375122 2.21225e+006 2.46193e+006 7.59424e+006 2.16716e+008 5.76363e+007 759954 
6.09728e+007 8.66374e+007 1.10234e+008 1.21388e+008 3.49667e+008 2.34334e+008 3.48244e+007 2.74332e+007 8.55898e+007 4.64278e+007 2.32617e+007 1.53014e+007 1.75595e+007 9.34701e+007 8.05881e+007 1.93375e+007 2.04056e+007 7.38658e+006 3.11565e+006 1.44724e+006 866329 1.0527e+006 1.40687e+006 6.55666e+006 6.06908e+006 1.99441e+006 816066 357605 3.51362e+006 1.22219e+007 9.1331e+006 7.78053e+006 3.57605e+006 806848 2.80427e+006 3.21737e+006 4.82967e+006 1.72746e+007 4.03224e+006 356724 
8.99223e+007 1.4249e+008 6.14007e+007 1.22727e+008 1.74411e+008 1.18611e+008 3.66593e+007 2.76124e+007 1.13185e+007 2.93211e+007 4.66458e+007 1.4677e+007 5.69957e+007 1.18918e+008 4.61089e+007 5.47718e+007 6.81369e+007 4.44039e+006 2.031e+006 1.08236e+006 1.4513e+006 927307 4.10088e+006 6.78965e+006 6.54284e+006 1.15975e+006 622968 760733 2.40204e+006 3.89062e+006 3.55798e+006 5.25265e+006 5.99528e+006 1.40348e+006 1.84147e+006 2.94654e+006 6.4277e+006 6.86803e+006 1.80568e+006 513408 
7.69132e+007 1.42063e+008 1.34194e+008 7.92514e+007 6.65344e+007 7.85365e+007 2.33643e+007 1.77043e+007 1.57365e+007 3.92887e+007 2.01839e+007 1.70381e+007 1.78884e+007 2.90677e+007 2.12405e+007 3.83828e+007 3.33309e+007 1.04677e+007 2.40451e+006 424429 1.32048e+006 5.4993e+006 2.92507e+006 5.26759e+006 8.84008e+006 1.05253e+006 581051 240272 1.639e+006 1.07799e+007 1.04207e+007 1.48433e+007 9.28617e+006 2.11766e+006 1.3028e+006 3.34418e+006 7.19426e+006 6.91607e+006 3.36323e+006 716205 
1.33503e+008 1.74044e+008 4.15596e+007 1.35017e+008 1.66459e+008 3.44349e+007 1.31162e+007 1.44397e+006 1.04301e+007 1.08194e+007 3.18121e+006 9.6781e+006 1.07125e+007 1.26478e+007 1.08132e+007 4.7254e+007 5.64784e+007 1.2992e+007 5.07565e+006 360461 893213 6.02502e+006 2.8651e+006 2.97973e+006 6.849e+006 2.23305e+006 726620 1.00918e+006 1.63318e+006 2.56865e+006 2.48625e+006 4.09636e+006 1.86325e+006 1.81422e+006 1.71222e+006 1.14072e+006 3.48125e+006 4.2089e+006 650788 280706 
5.49907e+007 1.64024e+008 1.08483e+008 7.94469e+007 2.70381e+007 2.12317e+007 6.76173e+006 1.96707e+006 1.41411e+006 4.38595e+006 2.10842e+007 1.05871e+007 5.4521e+006 3.46578e+006 4.7362e+006 1.4632e+007 1.76525e+007 2.34078e+006 663203 1.89402e+006 764119 1.55926e+006 2.35664e+006 5.66138e+006 5.1338e+006 816047 673982 547019 1.17725e+006 3.99314e+006 3.75814e+006 2.51251e+006 1.24577e+006 1.71295e+006 2.07763e+006 1.49916e+006 4.08666e+006 3.58337e+006 548385 401049 
7.95729e+007 1.60535e+008 4.8432e+007 1.12083e+008 7.99277e+007 1.39942e+007 1.05817e+006 361104 1.73402e+006 4.28138e+006 2.32587e+007 1.69002e+007 7.23104e+006 1.80134e+007 1.66726e+007 9.87358e+006 1.15425e+007 8.33982e+006 1.80995e+006 833633 1.5493e+006 3.22333e+006 719928 3.00495e+006 4.32855e+006 1.48867e+006 351346 613623 2.37352e+006 635647 2.15786e+006 1.64098e+006 765988 961525 775195 1.7555e+006 5.01759e+006 2.91469e+006 1.04036e+006 402752 
5.22595e+007 1.53094e+008 5.57926e+007 6.16854e+007 1.76404e+007 1.11815e+007 3.22721e+006 767942 894760 746254 5.34561e+006 8.44208e+006 4.61609e+006 2.3742e+006 5.93072e+006 9.80288e+006 1.70412e+007 1.15716e+007 1.72036e+006 590670 1.06296e+006 1.32985e+006 1.31299e+006 3.17547e+006 3.21821e+006 1.3549e+006 703600 516557 1.2434e+006 3.76199e+006 3.7238e+006 1.66636e+006 2.22314e+006 1.46592e+006 3.48522e+006 1.43016e+006 2.71031e+006 1.35728e+006 795128 252670 
5.42808e+007 1.25262e+008 5.25488e+007 1.05487e+008 5.08064e+007 3.63781e+007 7.0443e+006 293797 206247 794616 1.94096e+006 3.32896e+006 1.13212e+006 1.31057e+006 7.68737e+006 8.6745e+006 1.38813e+007 5.71343e+006 981354 1.44299e+006 1.98703e+006 2.30801e+006 2.55056e+006 2.1967e+006 2.97796e+006 1.07732e+006 713416 666325 1.10926e+006 4.65238e+006 3.88566e+006 2.09551e+006 1.16163e+006 919738 2.54069e+006 1.04008e+006 1.62249e+006 1.6534e+006 874938 181330 
4.46271e+007 1.06949e+008 3.4916e+007 5.16557e+007 2.16299e+007 7.56818e+006 4.09666e+006 232087 142799 391625 3.44949e+006 2.23697e+006 2.68766e+006 4.86925e+006 6.96421e+006 4.61051e+006 4.20201e+006 2.98097e+006 1.37376e+006 326658 594807 2.36961e+006 1.8175e+006 1.05062e+006 750110 426313 381249 482832 2.56989e+006 1.70667e+006 1.48537e+006 631896 862618 721819 1.76381e+006 795801 987187 557004 716137 190253 
2.88387e+007 5.74227e+007 2.45393e+007 5.91369e+006 6.22292e+006 6.85678e+006 698755 164764 369305 850719 707955 1.33482e+006 3.12491e+006 3.93578e+006 2.27005e+006 1.83813e+006 5.55585e+006 4.50765e+006 786120 597466 2.09341e+006 3.71115e+006 1.20497e+006 1.26876e+006 4.32235e+006 899944 621409 303468 828232 2.18962e+006 6.13669e+006 2.07063e+006 1.88457e+006 1.11533e+006 1.75932e+006 829836 1.40929e+006 1.47589e+006 419894 267931 
3.69808e+007 1.84178e+007 1.13667e+007 4.45071e+006 1.12718e+007 3.61221e+006 134454 222285 277581 117877 489564 1.01221e+006 1.84106e+006 1.12884e+006 2.05359e+006 2.59594e+006 5.501e+006 3.27943e+006 913959 205214 1.34249e+006 5.58697e+006 1.66396e+006 2.02101e+006 1.27394e+006 622780 674344 309383 1.26353e+006 1.44416e+006 6.0995e+006 1.29772e+006 517224 386671 1.00902e+006 1.0374e+006 2.27678e+006 4.9473e+006 436557 196730 
2.44836e+007 3.56481e+006 3.7771e+006 2.42054e+006 5.949e+006 2.40214e+006 146713 170069 298063 354910 249635 451726 401871 2.72564e+006 1.35063e+006 2.06278e+006 5.81146e+006 1.43818e+006 320971 637188 1.10561e+006 2.01362e+006 1.17366e+006 929312 2.5725e+006 1.41195e+006 1.08621e+006 360971 524700 3.47546e+006 6.33317e+006 875507 742549 420166 2.05009e+006 1.6282e+006 2.01006e+006 1.23415e+006 858497 448949 
4.64878e+007 4.29458e+006 743626 5.62249e+006 3.58166e+006 234460 108351 30986.2 498625 603545 188499 359426 1.35038e+006 2.79078e+006 1.79124e+006 3.01371e+006 3.81645e+006 1.28946e+006 693681 1.06311e+006 1.54002e+006 1.0656e+006 1.09363e+006 1.65375e+006 1.4443e+006 991181 1.18786e+006 402743 1.20038e+006 2.15775e+006 1.48273e+006 679330 497087 335844 1.18851e+006 1.39659e+006 1.87348e+006 1.91805e+006 755658 315091 
9.70187e+006 646204 511439 670627 315094 220707 156509 122940 608532 1.05531e+006 532509 823963 495956 2.63043e+006 1.46643e+006 1.78116e+006 3.41572e+006 1.93131e+006 531760 488250 874207 1.90228e+006 2.34033e+006 1.07567e+006 1.55036e+006 318927 290093 335441 682639 1.39472e+006 896362 584163 426113 422562 739155 731605 804469 1.21463e+006 234118 199906 
264314 118633 171247 240766 356790 427913 121962 52875.5 109404 784670 327091 267454 1.02753e+006 1.09313e+006 664149 862551 2.45227e+006 1.49374e+006 1.3117e+006 2.39815e+006 1.56565e+006 1.36902e+006 1.64479e+006 2.98972e+006 2.57699e+006 1.46567e+006 371959 327395 568945 642699 402246 1.46223e+006 893151 437738 908226 916866 1.63721e+006 860180 505762 185893 
380037 74695.5 306987 861936 544100 521167 143031 33489.1 152122 252743 280159 1.18059e+006 891416 1.27055e+006 802860 2.40355e+006 2.96113e+006 446319 583945 777252 1.4766e+006 4.18447e+006 2.11376e+006 1.19815e+006 2.60418e+006 512649 417478 860238 874112 1.0243e+006 607121 1.77363e+006 901921 526866 824321 1.03285e+006 1.97708e+006 850645 690410 173789 
304629 174634 139437 102621 149374 199634 52452.8 50143.8 128945 65794.5 112222 319918 408649 1.76832e+006 564050 519084 844177 1.31885e+006 459664 316652 811976 633443 1.63062e+006 1.46367e+006 1.10869e+006 771364 248819 380981 402617 865774 636547 1.58169e+006 574764 595721 1.17889e+006 1.9714e+006 2.00539e+006 1.32471e+006 671153 199392 
222725 328252 166923 774257 2.87919e+006 1.68584e+006 78143 45697 327600 562992 299141 424910 494581 1.43573e+006 1.34567e+006 745565 1.20686e+006 191258 342526 1.52463e+006 1.8757e+006 809353 666642 1.77836e+006 1.59585e+006 1.38947e+006 148934 413088 1.43584e+006 1.35659e+006 705761 659531 409650 363055 1.03079e+006 2.63344e+006 2.35568e+006 555329 321187 200104 
9.60099e+007 1.45301e+008 8.95655e+007 1.01513e+007 1.16959e+007 5.7486e+006 1.15899e+006 123767 133670 202927 320128 981470 777400 4.48047e+006 1.94975e+006 747435 999288 1.29342e+006 464366 708339 1.31685e+006 2.93471e+006 1.97369e+006 2.3684e+006 3.85428e+006 1.65765e+006 709625 733305 2.51938e+006 1.30236e+006 3.92646e+006 915287 542642 325807 473561 2.68008e+006 5.87776e+006 2.35024e+006 714274 263539 
2.78803e+008 5.13988e+008 1.9856e+008 4.64623e+007 3.90987e+007 1.07444e+007 3.31451e+006 295286 275472 296411 475318 588669 978134 1.15843e+006 1.41686e+006 682575 545140 961271 413002 1.64893e+006 1.58937e+006 1.97199e+006 3.28269e+006 3.64099e+006 3.16628e+006 1.58015e+006 1.29882e+006 952387 750042 1.54731e+006 3.28775e+006 1.15404e+006 667756 324042 385920 2.90746e+006 2.24215e+006 1.42832e+006 665731 167277 
5.32934e+007 8.9304e+007 1.13568e+008 3.34555e+007 4.08616e+007 1.79436e+007 3.16254e+006 474241 210128 213296 278918 283151 379795 474949 598736 1.99938e+006 1.80397e+006 1.48119e+006 1.53777e+006 1.30888e+006 2.71577e+006 1.78042e+006 4.15787e+006 4.0708e+006 3.08042e+006 771087 261961 351563 691581 1.42833e+006 4.13561e+006 1.87721e+006 949760 986472 663435 867829 937464 630098 197899 118317 
3.72146e+008 5.26901e+008 4.53644e+008 2.9114e+008 1.85849e+008 1.82729e+008 1.1417e+008 4.53085e+007 1.31072e+007 4.53836e+006 2.68919e+006 1.61637e+006 3.47728e+006 2.46836e+006 2.85578e+006 1.3101e+006 1.43144e+006 4.43529e+006 2.12573e+006 5.68947e+006 5.89413e+006 3.1319e+006 5.36806e+006 4.81576e+006 3.01875e+006 3.91606e+006 3.7007e+006 4.37033e+006 5.41168e+006 3.49691e+006 5.13683e+006 7.04258e+006 4.47774e+006 6.09547e+006 5.57184e+006 5.08225e+006 7.70806e+006 7.74044e+006 4.44517e+006 5.4682e+006 
6.82279e+008 1.04267e+009 8.54509e+008 2.548e+008 1.95611e+008 1.91949e+008 1.07657e+008 5.5166e+007 2.40465e+007 5.76603e+006 6.95462e+006 2.51238e+006 2.50668e+006 2.85555e+006 5.7098e+006 5.07948e+006 3.1257e+006 3.11717e+006 2.9663e+006 5.32575e+006 1.22274e+007 4.25685e+006 6.71367e+006 3.71468e+006 5.33412e+006 5.6999e+006 4.93376e+006 6.71127e+006 7.60654e+006 7.18885e+006 6.53646e+006 8.0125e+006 6.50698e+006 7.95131e+006 7.74365e+006 7.46079e+006 1.11571e+007 9.3744e+006 7.00405e+006 7.79728e+006 
4.04534e+008 8.82492e+008 7.05907e+008 1.3104e+008 2.01502e+008 6.97843e+007 3.21021e+007 9.79025e+007 5.88642e+007 6.31501e+006 994122 318413 719722 2.83646e+006 4.21202e+006 1.48187e+006 2.2127e+006 1.05304e+006 1.40392e+006 1.16009e+006 4.75465e+006 1.41956e+006 2.04185e+006 1.20443e+006 1.37689e+006 911685 588903 301234 565300 872343 2.02299e+006 694237 1.08123e+006 819947 610985 653773 1.95218e+006 2.62025e+006 977904 151663 
3.35022e+008 1.72601e+008 2.97565e+008 1.8133e+008 1.80358e+008 5.48884e+007 2.37973e+007 2.00848e+007 1.42036e+007 1.05722e+006 908332 1.15167e+006 809732 5.48814e+006 2.46327e+006 2.51472e+006 3.80997e+006 3.45824e+006 2.02401e+006 932931 2.49213e+006 914124 933379 860647 1.4685e+006 1.37168e+006 1.35619e+006 413704 236457 1.68523e+006 1.66718e+006 1.42876e+006 384380 626587 1.64013e+006 1.59496e+006 1.12963e+006 1.29269e+006 301646 180381 
8.56613e+007 6.69519e+007 9.28323e+007 9.49084e+007 1.24382e+008 3.77888e+007 3.69176e+007 1.98964e+007 1.24543e+007 400509 473991 305926 791188 3.32078e+006 5.26704e+006 3.83421e+006 6.69961e+006 1.68183e+006 1.51413e+006 1.81806e+006 2.45816e+006 1.37363e+006 2.97724e+006 2.93362e+006 1.33588e+006 1.07078e+006 817973 636755 957985 2.27079e+006 1.75768e+006 888787 847216 539150 809771 1.64463e+006 658202 1.42466e+006 519932 177452 
3.84273e+008 2.71858e+008 4.30467e+008 5.22807e+008 1.46947e+008 1.89313e+008 1.56704e+008 9.65662e+007 2.65289e+007 932991 1.19732e+006 899333 2.03128e+006 7.18384e+006 2.45507e+006 1.75585e+006 2.05668e+006 1.89686e+006 884646 638014 1.04131e+006 1.48923e+006 1.81279e+006 928823 1.4603e+006 1.26654e+006 329752 279190 1.22378e+006 1.03533e+006 1.27297e+006 654475 492079 471388 358800 524483 1.2062e+006 1.15441e+006 198929 66429.9 
7.59792e+007 1.02029e+008 1.06139e+008 1.44151e+008 1.28545e+008 7.52943e+007 8.22683e+007 2.70538e+007 2.14624e+007 3.57135e+006 450004 682228 2.33164e+006 5.72527e+006 1.96863e+006 1.55019e+006 3.30397e+006 3.77916e+006 1.2571e+006 368141 988326 2.20015e+006 2.19121e+006 1.5413e+006 3.43014e+006 903924 380121 434264 941393 1.64695e+006 1.60657e+006 720932 249583 635435 869680 1.24541e+006 676542 807728 288482 157927 
9.25939e+007 5.25433e+008 5.89269e+008 1.19156e+008 1.25591e+007 8.06605e+006 2.46542e+007 1.4458e+007 8.31283e+006 3.00095e+006 1.41293e+006 2.47997e+006 963348 4.1305e+006 776634 668380 3.29092e+006 7.00819e+006 833457 741840 1.68295e+006 1.42859e+006 1.92592e+006 801030 3.22916e+006 1.51172e+006 1.473e+006 1.53155e+006 1.49157e+006 1.61893e+006 1.39726e+006 1.61628e+006 657787 462871 1.01916e+006 2.6399e+006 1.80026e+006 1.37655e+006 422423 157724 
2.68428e+007 7.71122e+007 4.85966e+007 6.40182e+006 1.05584e+007 4.8427e+006 3.32251e+006 970018 798736 570991 288842 618322 602595 6.08754e+006 6.96285e+006 1.11112e+006 2.63187e+006 3.18359e+006 1.6548e+006 325833 262771 983658 1.89468e+006 2.21383e+006 2.28956e+006 1.13577e+006 229102 304412 426109 351072 768596 1.45536e+006 862743 310876 1.02109e+006 1.77147e+006 498033 1.06181e+006 486110 112173 
2.64818e+007 1.02473e+007 1.79341e+007 2.55197e+006 1.46336e+006 2.56154e+006 881049 546671 1.70528e+006 473597 406020 1.77591e+006 663888 9.09179e+006 8.09686e+006 1.78964e+006 2.01853e+006 693701 728751 1.5594e+006 1.29131e+006 3.18264e+006 2.62182e+006 3.09652e+006 2.51886e+006 1.53545e+006 1.14931e+006 881054 831345 1.20366e+006 517222 667629 1.27932e+006 538744 1.04328e+006 1.01622e+006 933949 1.45606e+006 454586 237061 
1.14225e+008 1.88248e+008 1.18615e+008 1.10944e+007 793490 967492 912672 354236 390312 441946 179438 306012 475790 7.67227e+006 7.0625e+006 2.95748e+006 1.7372e+006 2.1031e+006 581632 2.0125e+006 1.99391e+006 836060 2.60935e+006 2.43711e+006 1.12238e+006 702092 764303 732334 1.28148e+006 3.50204e+006 757865 737352 520792 690656 2.18775e+006 1.7361e+006 2.25058e+006 2.53946e+006 780896 276741 
5.9508e+007 1.54372e+007 4.17087e+007 2.04966e+007 4.94727e+006 1.31248e+006 369908 469278 561526 386771 638739 940211 533390 6.41096e+006 6.63925e+006 1.97095e+006 1.65042e+006 1.48005e+006 1.02365e+006 828369 1.38602e+006 1.22417e+006 1.04876e+006 1.84817e+006 2.53713e+006 751148 884608 1.07329e+006 655478 3.27731e+006 2.69768e+006 246835 539722 394228 1.05831e+006 1.41654e+006 1.87046e+006 1.6978e+006 495234 161490 
2.33967e+006 1.9732e+006 1.73227e+006 814988 1.38786e+006 2.31028e+006 1.2369e+006 559388 732243 1.86709e+006 1.00438e+006 217559 418872 7.33318e+006 8.80889e+006 1.1426e+006 1.44041e+006 3.49873e+006 1.06607e+006 1.39334e+006 4.53677e+006 5.87109e+006 4.06868e+006 1.44678e+006 1.61122e+006 794761 374255 905875 1.34491e+006 1.28177e+006 1.66267e+006 1.09915e+006 524159 320906 675584 1.6106e+006 1.07756e+006 1.08846e+006 563001 205343 
3.85578e+006 1.0172e+007 1.87261e+007 8.81867e+006 1.85675e+006 974351 1.49545e+006 801287 1.39554e+006 907599 184608 232892 324763 1.54035e+006 1.00162e+006 1.59196e+006 3.07248e+006 867701 1.38506e+006 1.54224e+006 3.15918e+006 7.14752e+006 2.8264e+006 1.19872e+006 4.58089e+006 2.49653e+006 381222 1.07036e+006 1.08677e+006 1.50052e+006 1.83846e+006 1.55047e+006 1.53903e+006 853810 1.35077e+006 1.13701e+006 2.16181e+006 1.67908e+006 677664 244305 
2.09011e+007 6.91118e+006 6.67046e+006 2.75066e+006 1.60264e+006 2.53059e+006 1.46758e+006 1.04234e+006 690991 1.11769e+006 424463 1.45483e+006 654780 1.62754e+006 1.68346e+006 793329 417766 391591 443778 2.43148e+006 3.18195e+006 1.32405e+006 1.24685e+006 2.53286e+006 2.04844e+006 1.55902e+006 241908 622058 823602 880548 979900 624354 1.01319e+006 953150 1.41802e+006 1.29492e+006 1.7797e+006 1.08766e+006 806840 510934 
1.09779e+007 5.94781e+006 1.05446e+007 3.90045e+006 1.82961e+006 653740 649535 368889 212191 308098 707967 579929 372851 3.71207e+006 3.132e+006 2.13394e+006 587478 896517 608059 711464 1.4677e+006 833956 1.80553e+006 4.78796e+006 2.1867e+006 1.26378e+006 946147 1.02908e+006 1.14911e+006 1.62883e+006 1.35168e+006 1.93121e+006 2.67381e+006 692809 631607 1.58608e+006 1.60262e+006 1.15813e+006 1.2259e+006 252193 
687305 3.21419e+006 4.74496e+006 1.35939e+006 716914 713734 804723 1.54432e+006 999585 345404 862466 274281 177761 5.0659e+006 5.73585e+006 1.17111e+006 1.45343e+006 1.1494e+006 893801 1.87681e+006 1.56051e+006 5.56867e+006 1.65971e+006 1.31463e+006 1.38202e+006 1.14257e+006 1.60232e+006 603362 445048 1.41064e+006 2.01038e+006 2.47904e+006 685953 700356 1.96235e+006 1.15498e+006 1.1811e+006 1.73401e+006 814049 426544 
2.36424e+006 459695 1.34318e+006 1.01047e+006 418967 593549 176456 430013 425689 890153 319084 1.59326e+006 1.23325e+006 2.331e+006 1.32303e+006 3.39605e+006 4.2183e+006 1.2356e+006 895162 950620 1.33352e+006 2.36416e+006 3.17729e+006 3.82603e+006 2.08662e+006 970079 1.27372e+006 1.41807e+006 871626 1.43771e+006 1.53297e+006 2.10751e+006 794727 681922 840345 1.1681e+006 1.84903e+006 2.45691e+006 1.3917e+006 300347 
7.48636e+006 679756 319139 315937 638952 700869 526230 549149 422161 296098 674196 2.83709e+006 1.04238e+006 3.99464e+006 4.97589e+006 1.80091e+006 2.02129e+006 881635 495437 998913 2.19089e+006 872137 1.6396e+006 2.52564e+006 1.90645e+006 1.00445e+006 822888 1.18064e+006 1.35018e+006 2.29061e+006 2.21328e+006 1.94012e+006 1.01072e+006 786724 1.49162e+006 2.42977e+006 2.56142e+006 2.35563e+006 977166 540161 
6.33247e+006 1.70145e+006 2.89625e+006 2.05508e+006 259304 148670 248347 304058 273297 282963 688314 898417 1.29803e+006 2.50169e+006 1.53905e+006 635772 2.53375e+006 1.88138e+006 807242 814864 854733 1.2266e+006 1.32222e+006 761749 2.50998e+006 1.58107e+006 366047 871290 1.78328e+006 1.48388e+006 1.285e+006 1.06871e+006 1.53125e+006 675936 1.3365e+006 1.61435e+006 3.56632e+006 2.53446e+006 856632 403090 
2.11987e+006 1.49903e+006 2.14334e+006 2.34286e+006 533009 253787 93688.2 337071 502341 207415 373551 935215 505015 7.25637e+006 5.67194e+006 1.8021e+006 1.90648e+006 1.34993e+006 1.20642e+006 778137 1.73154e+006 1.41673e+006 940758 1.25493e+006 960810 846758 641703 798481 1.20172e+006 1.44998e+006 1.10517e+006 1.90454e+006 521699 970173 1.42537e+006 1.46855e+006 524991 1.3406e+006 994093 284744 
744950 1.32808e+006 3.44683e+006 3.05591e+006 1.14963e+006 182113 21661.5 43548.2 46037.2 175254 534151 632107 591230 5.82735e+006 4.35995e+006 2.04816e+006 953116 1.81686e+006 1.51071e+006 697976 2.43793e+006 4.05699e+006 6.40923e+006 4.60197e+006 3.75438e+006 1.10286e+006 690618 932484 1.81547e+006 2.64256e+006 2.12439e+006 1.06737e+006 935178 1.04887e+006 568357 1.3651e+006 764016 1.11113e+006 446552 103939 
1.63978e+006 1.1373e+006 1.8488e+006 890448 429517 433631 313204 535607 911608 1.49586e+006 451125 449141 604595 5.17239e+006 3.89309e+006 3.71992e+006 3.08787e+006 494722 795738 936300 3.41098e+006 2.38507e+006 2.95942e+006 2.30029e+006 2.13271e+006 1.00057e+006 343455 928885 728973 2.80348e+006 2.56797e+006 1.4617e+006 960286 1.58844e+006 1.87542e+006 1.50508e+006 2.4858e+006 4.98136e+006 1.94978e+006 332029 
1.57651e+006 341364 171725 340784 252288 89385.9 54224.6 238462 280486 374612 214277 824819 1.38463e+006 4.57342e+006 2.88038e+006 1.81918e+006 1.54221e+006 369529 276859 756250 2.61769e+006 1.05245e+006 1.35886e+006 2.07144e+006 815325 330088 371468 479847 990984 1.66523e+006 1.13774e+006 1.77828e+006 1.22988e+006 775661 984623 1.6263e+006 1.64001e+006 2.19609e+006 879085 351497 
9.74585e+006 1.89444e+006 183122 440857 989576 335383 656584 639650 290240 338997 479420 479054 248172 1.26124e+006 2.30542e+006 1.96405e+006 798891 4.3459e+006 3.66577e+006 4.04047e+006 1.9956e+006 1.31342e+006 4.693e+006 5.56314e+006 2.22569e+006 1.16482e+006 823407 1.42787e+006 4.83374e+006 4.56927e+006 2.63929e+006 1.44411e+006 108750 0 0 0 0 0 0 0 
3.7683e+006 505679 612726 222082 58615 65313.9 124977 137048 35721.6 109076 161099 193112 172650 634802 453886 1.31667e+006 1.95621e+006 1.32753e+006 1.68328e+006 1.26064e+006 1.17212e+006 3.59085e+006 2.80531e+006 1.06756e+006 2.49233e+006 590081 782219 542469 588073 2.42853e+006 1.60911e+006 789163 947865 673866 627738 1.22476e+006 1.12134e+006 1.76761e+006 377940 193893 
0 3465.33 2617 548.493 1486.93 197.7 688.45 257.723 417.006 257.204 148.555 206.553 637.944 1224.36 2172.95 3603.04 4366.21 2251.07 1380.41 2197 3413.06 4113.35 2903.78 963.105 1283.15 855.65 338.478 550.27 563.394 1198.09 1603.3 1430.75 597.658 962.458 742.003 384.123 832.57 831.267 719.593 293.538 
