-0.646404 -0.513311 0.0672886 -0.092957 0.942793 0.343901 0.83067 0.223089 0.0862896 0.191658 -0.48901 -0.309033 0.324862 
-0.713768 -0.660473 -0.0708866 -0.544687 0.743713 0.789925 0.889786 -0.716253 0.417829 0.776562 0.62078 -0.359378 0.510594 
-0.709574 -0.632526 -0.274676 -0.424772 0.802586 0.750056 0.682703 -0.251132 -0.0545264 0.146493 0.857959 0.96781 1.34222 
-0.675535 -0.668059 -0.0203588 -0.0502307 0.81448 0.260993 0.724724 -0.348342 -0.320067 -0.318892 0.455838 1.73394 2.78927 
-0.711076 -0.513179 -0.0698479 -0.539369 0.711953 -0.730973 0.268819 -0.157088 -0.693145 -0.969204 -0.118297 0.818617 1.9124 
-0.759229 -0.777748 -0.13182 -0.261658 0.69675 -1.31964 0.576324 0.11985 -0.849227 -0.892607 0.0617186 0.497034 0.586513 
-0.778095 -1.10106 -0.0939771 -0.238497 1.14149 -0.430493 0.867365 0.823966 0.107302 -0.611907 -0.623844 0.541274 -0.494843 
-0.878298 -1.1817 -0.244467 -0.843296 0.829678 -0.158578 0.591006 -0.19318 -0.125151 -0.494316 -0.125165 0.1853 0.362975 
-1.05711 -1.16036 -0.353057 -0.911161 0.351265 -1.14358 0.333346 -0.446874 -0.342257 -0.522704 -0.297629 -0.00721285 0.116451 
-0.769201 -0.96378 -0.449507 -1.49361 -0.53479 -3.08457 -0.689468 0.0343525 0.67016 -0.537349 0.153347 0.0511451 -0.864164 
-0.691306 -0.655862 -0.302078 -0.887545 -0.230921 -1.75439 -0.0521618 0.920259 1.02627 0.0914432 1.16815 0.992115 0.0559369 
-0.717249 -0.633063 -0.30425 -0.899199 0.470486 -0.311357 0.888177 0.284497 0.304079 0.00337745 0.0751123 0.701116 0.911959 
-0.804766 -0.846195 -0.298467 -0.762833 0.352052 -0.127578 1.24982 0.592914 -0.537386 -0.791641 0.60572 1.33245 0.208526 
-0.74044 -0.715684 -0.0647985 -0.471289 0.858657 0.92589 1.84022 0.967407 1.06738 -0.397734 -0.768415 1.58672 0.457219 
-0.73688 -0.689297 -0.00939685 0.149921 1.02832 0.948138 2.58525 0.863915 -0.250408 0.0467588 0.504837 1.58776 0.399583 
-0.545895 -0.0311537 1.16974 1.96877 1.79138 2.14331 2.17648 -0.230981 -1.34559 -0.642132 0.77993 1.63 0.373926 
-0.30115 1.26482 2.32922 2.09972 1.29851 0.302337 0.839507 -1.56322 -0.193552 -0.664526 0.0560289 1.32473 0.840723 
-0.0368857 2.14841 3.43663 1.97007 -0.351779 -1.69774 0.310354 -0.265141 0.965917 -0.477152 -1.78291 -0.6009 -0.149124 
0.107876 2.50942 3.82182 1.83854 -1.68796 -2.51473 0.277942 0.163693 1.90114 -0.687043 -2.14534 -1.1526 -1.46059 
0.292399 2.69216 3.41538 1.40876 -2.31899 -2.0347 0.436198 0.569633 2.08678 -1.10449 -2.21872 -1.43409 -0.827325 
0.497998 2.93643 2.82204 0.335172 -2.36403 -1.03382 0.300902 0.133328 2.6279 -1.50925 -2.20047 -2.32495 -0.269859 
0.726884 2.93835 2.08112 0.30461 -2.65805 -0.379644 0.961991 -0.220473 1.29437 -1.2123 -2.4246 -2.78524 0.605496 
1.2725 2.20966 0.538433 0.197506 -1.09512 -1.41334 0.488335 0.243869 0.360847 -1.01002 -2.35935 -1.01166 0.0832793 
1.44796 1.89151 -0.0531336 1.27314 -1.92709 -0.977584 0.973879 -0.177187 0.886679 -1.07056 -1.65773 -1.18845 0.392667 
1.52112 1.61948 -0.00602792 1.47381 -2.35094 -1.36814 1.90504 -0.38793 0.505953 -1.19926 -1.5845 -0.857916 0.964622 
1.59963 1.62397 -0.815671 1.98209 -2.32311 -0.0100604 1.47628 -0.510135 0.359966 -1.67035 -0.060453 -0.858988 0.920894 
1.71418 1.45601 -1.13597 1.71278 -2.08446 0.528575 1.11287 -0.66202 0.419364 -1.85546 0.425418 -0.156614 0.557357 
1.8337 1.13428 -1.02154 0.937972 -1.85921 0.916732 1.15907 -0.729267 0.043088 -1.37487 -0.0673592 0.0834833 -0.0417655 
1.80393 1.01625 -1.06227 0.883761 -1.88282 1.03169 1.24386 -0.617013 0.116328 -1.11474 0.0662831 -0.255068 -0.753953 
1.82001 0.833327 -1.13109 1.1615 -1.84378 0.92888 0.894856 -0.110525 0.180485 -0.954163 -0.00425926 -0.346645 -1.28113 
1.85526 0.704275 -1.09793 0.813106 -1.37111 0.679035 1.23222 -0.202927 -0.0724279 -0.744254 -0.15931 -0.181711 -1.70139 
1.87908 0.614701 -1.19485 0.794128 -1.19579 0.379523 1.41765 -0.501139 0.125885 -0.66692 0.203199 -0.385157 -2.04435 
1.88626 0.544796 -1.08385 0.956655 -1.06951 0.193091 0.987838 -0.322511 0.0818394 -0.538427 0.330921 -0.382679 -2.15845 
1.89148 0.521686 -1.15501 0.944524 -0.884124 0.189869 0.507934 -0.527134 0.400404 -0.297249 0.596153 -0.396509 -2.75559 
1.86802 0.57015 -1.13822 1.28951 -0.800176 -0.1697 -0.203044 -0.900186 1.04339 0.46537 0.194879 -0.411529 -3.24024 
1.83546 0.729443 -1.35377 1.46877 -1.06878 -0.0903444 -0.000193497 -0.937842 1.22927 0.160017 0.456472 -0.806566 -2.99456 
1.80803 0.739212 -1.3424 1.32856 -1.06294 0.30887 0.353873 -0.925052 0.391259 0.0618921 0.861141 -0.788802 -2.14274 
1.74755 0.781003 -1.15724 1.16757 -0.529246 0.0524679 -0.392587 -0.835976 0.573136 -0.0377512 0.496202 -0.594883 -1.20249 
1.70592 0.752284 -1.09645 1.50038 -0.718615 -0.123552 -0.604071 -0.715572 0.849333 0.610642 0.574919 -1.40277 -0.821419 
1.62257 0.724391 -1.16359 1.3414 -0.532472 0.20992 -0.228897 -0.308766 0.514815 0.533024 0.968828 -0.99923 -0.656381 
1.55337 0.639503 -1.25001 0.84359 -0.369939 0.462833 -0.550194 0.181813 0.566684 0.503737 0.627764 -0.670679 0.100713 
1.46583 0.717391 -1.09285 0.454989 -0.573345 0.358114 -1.54605 0.966861 0.574334 0.885759 0.140469 -1.61831 -0.279048 
1.39731 0.600139 -0.812712 0.467139 -0.653676 0.812914 -2.02572 0.181828 0.21165 1.48975 0.54887 -2.13514 -0.343157 
1.31646 0.64072 -0.581568 -0.085788 -0.558047 1.28745 -2.11602 0.276432 -0.424983 1.0859 -0.275203 -0.795398 -0.517015 
1.19885 0.469595 -0.36198 0.761976 -0.199544 2.51837 -1.36074 1.17234 -0.213831 0.626236 -1.93521 -1.82469 -1.00782 
1.08439 0.672514 0.107516 0.447946 -0.463249 1.864 -1.22642 0.348939 -0.442215 0.821678 -1.81877 -0.765089 -1.02531 
0.898424 0.907157 0.341192 0.43656 -0.40831 1.52227 -1.1373 1.40878 -1.29107 1.03947 -2.01716 -0.797223 -0.0155493 
0.67287 0.875303 0.282606 0.281034 -0.142911 1.42911 -1.79263 2.07784 -0.260548 0.73835 -1.74768 -1.55015 -0.252404 
0.480612 0.850647 0.68004 0.281555 -0.0303209 1.23724 -1.78135 1.72069 0.198784 1.71133 -0.737452 -1.08386 -0.35616 
0.306049 0.875335 0.775481 0.382875 -0.0700752 0.624422 -1.10317 2.17608 1.49512 1.09955 -0.764854 -1.24984 0.450051 
0.242023 0.757136 0.871075 -0.108999 0.0701049 0.914759 -1.26801 1.82734 1.05785 1.75487 -1.10854 -0.407619 0.591295 
0.181173 0.307816 1.14752 -0.659181 -0.187585 1.41206 -1.42158 2.68921 0.326398 1.93231 0.42843 -1.06487 0.391201 
0.0400178 -0.0572078 1.16812 -1.0422 -0.15713 1.40751 -1.554 3.45759 1.72598 2.59283 1.51268 -0.195344 0.940506 
-0.0613907 -0.145587 1.29553 -0.885845 -0.0804938 0.653263 -2.0065 2.46788 0.298445 2.50718 1.12964 0.321771 1.32073 
-0.140238 -0.057789 1.19783 -1.15285 -0.333251 0.437465 -1.71339 2.3434 0.143866 2.00694 0.863195 0.315831 0.266184 
-0.243168 0.0131887 1.1128 -0.983951 0.120812 0.348343 -1.10106 2.22656 0.147387 2.2241 0.288673 1.20991 0.927997 
-0.331239 -0.276544 0.646342 -1.65061 -0.111896 -0.156708 -1.48332 0.823781 -0.243603 2.16617 -0.174709 0.296123 0.201147 
-0.397716 -0.215536 0.404326 -1.65944 -0.0148258 -0.639439 -1.05359 0.416046 -0.465075 1.36753 0.599755 0.672595 0.443274 
-0.429274 -0.13753 0.540292 -1.13146 0.242649 -0.590694 -0.527554 0.177949 -0.00223883 1.25944 0.958509 0.625659 0.944186 
-0.545412 -0.356807 0.120158 0.00828272 1.04907 -0.197122 0.198974 -0.816376 -0.388655 0.596565 0.0936309 0.511798 -0.0872902 
-0.691204 -0.768691 -0.245677 -0.0505088 1.37053 0.841748 0.667075 -1.34339 -1.07148 0.10748 -0.420167 -0.294701 -0.969917 
-0.640995 -0.580422 -0.403468 -1.02831 0.469981 -0.0306307 -0.313154 -1.30894 -0.519894 -0.714809 -0.819403 -0.380941 0.294664 
-0.671129 -0.714926 -0.556194 -1.84506 0.138223 -0.137212 -0.195403 -1.31591 -1.23269 -0.664129 -1.21031 -0.970651 -0.0177568 
-0.765261 -1.06695 -0.850694 -1.90183 0.296188 0.429416 0.00135573 -1.26102 -0.00205724 0.542034 0.49157 -0.98054 -0.300766 
-0.755037 -1.10953 -0.840109 -1.51865 0.608739 0.376204 -0.00222695 -0.538653 0.533091 0.737316 0.717997 -0.956643 0.185595 
-0.702095 -0.997447 -0.612905 -1.27621 0.20839 -0.589662 -0.489399 0.321564 1.31812 0.578422 0.569435 -0.137538 0.119806 
-0.677617 -0.748232 -0.105406 -1.3446 0.394031 -0.503615 -0.231027 0.380422 1.33604 1.17633 -0.290228 0.595265 -0.68881 
-0.625074 -0.480164 0.601417 -0.139212 0.717089 0.478321 0.815688 -0.336528 1.15156 1.33298 -1.11668 -0.204819 -0.751772 
-0.630549 -0.442995 0.703829 0.558323 1.15811 1.04131 1.37365 -0.200297 -1.03519 -0.066279 -1.14326 -0.19124 -0.569207 
-0.638055 -0.280239 0.404535 0.654892 1.06164 0.707101 1.19422 0.0677714 -0.064624 -0.432798 -0.122789 0.169556 0.611714 
-0.630203 -0.286418 0.147357 0.48205 0.929451 0.474077 1.02362 -0.52326 -0.0910523 0.285387 0.355054 0.302397 -0.0510136 
-0.683612 -0.617161 -0.0937916 0.276525 1.06065 -0.118551 0.486356 -0.489785 -0.816812 -0.736387 -0.102271 -0.284268 -0.697861 
-0.731748 -0.703843 -0.230328 -0.00787555 1.21057 -0.19455 0.101652 -0.429708 -1.41315 -1.21674 0.153039 0.112662 -0.0530538 
-0.746983 -0.900318 -0.353509 0.0209104 0.841498 -0.779042 -0.153186 -0.305086 -1.99965 -1.68106 0.0653273 1.36122 -0.252907 
-0.770605 -0.856465 -0.245817 -0.327437 0.710643 -0.49886 0.807143 0.0742323 -1.38305 -0.393859 0.177247 0.647834 0.475617 
-0.770491 -1.00392 -0.0733974 0.315463 0.898517 0.415268 0.224009 -0.680903 -0.172555 0.33278 0.242477 1.35172 1.40604 
-0.712884 -0.84015 0.0180802 0.232834 1.02251 0.555319 0.307026 -0.273292 0.622567 0.020895 0.178104 1.37993 1.12751 
-0.679466 -0.595568 -0.0311032 0.174718 1.1791 0.611768 -0.287689 -1.05743 -0.229293 0.0579578 -0.00984419 1.70165 1.10958 
-0.677591 -0.536749 -0.0109634 -0.522032 0.473362 -0.794967 -0.776014 -0.792962 -0.108495 0.917389 0.911045 1.04999 0.0175368 
-0.701585 -0.75912 -0.277333 -0.786839 0.103063 -1.79084 -1.12024 -0.933585 0.227645 0.605698 0.499802 0.559301 -0.690281 
-0.652776 -0.685014 -0.2007 -0.600459 0.122411 -1.1713 -0.529782 -0.770893 -0.337508 -0.745948 -1.07644 0.0641056 -0.536929 
-0.667343 -0.647073 -0.157997 -0.603327 0.136582 -0.682804 -0.134702 -0.562504 -1.69124 -1.62484 -1.45985 -1.29165 0.17633 
-0.677857 -0.654105 -0.057746 -0.91479 0.203974 -0.627052 0.0991681 -0.890179 -1.29457 -0.547122 0.0929654 -0.269562 0.70973 
-0.669828 -0.615623 0.0783139 -0.87085 0.0573126 -1.69142 0.0105587 -0.484409 -1.3778 -0.218977 0.859839 0.229688 0.339129 
-0.694501 -0.726786 -0.202046 -1.32965 0.313958 -1.16497 -0.358389 -0.108727 0.399917 -0.171624 -0.239609 0.3225 -0.392634 
-0.765442 -0.697496 -0.102143 -0.81664 0.462587 -0.884895 0.181883 0.577042 0.235999 0.189475 -0.57794 -0.115906 -0.275411 
-0.804242 -0.954339 0.15701 -0.498718 0.718296 -0.925664 -0.140782 0.324724 -0.732329 -0.870195 0.770065 0.10412 1.22375 
-0.777668 -0.956723 -0.116895 0.478059 1.38462 -0.187737 0.33931 0.675609 -0.126481 0.00293755 1.96646 0.82794 0.923241 
-0.698871 -0.800813 0.00691742 0.15045 1.03 -0.353489 0.348424 0.0948935 -0.156959 0.672487 1.99469 1.87026 1.31773 
-0.756479 -0.866281 -0.116111 -1.05973 0.364859 -0.763099 -0.714955 -0.483598 -0.499758 -0.188932 1.4095 1.59933 1.54694 
-0.714546 -1.0377 -0.414985 -1.2079 0.104169 -0.741773 -0.523524 -0.569911 -2.42454 0.0207702 1.91443 0.910639 0.555405 
-0.758503 -1.24284 -0.658627 -1.33003 0.231555 -0.156834 -0.413547 0.640499 -2.28851 0.439905 1.05615 -0.716414 -0.388323 
-0.729149 -0.964114 0.0731232 -0.630355 1.05937 1.53504 0.191994 -0.128304 -2.30541 0.244326 1.02578 0.40487 -0.595646 
-0.682611 -0.787401 0.151522 -0.149947 1.07439 1.03974 1.00437 0.111441 -1.22238 0.333688 1.05339 0.689129 -0.654824 
-0.672473 -0.680482 0.0834403 -0.426883 1.03234 0.472078 -0.722584 -1.20807 -0.971627 0.0805316 1.38211 1.70837 0.458389 
-0.671493 -0.654268 -0.118346 -0.512507 0.738746 -0.821485 -1.24911 -1.7823 -2.24368 -1.15209 0.342273 0.766107 0.813743 
-0.682364 -0.849033 -0.372644 -0.46975 0.586034 -1.0474 -0.714761 -1.2133 -1.45289 -0.871001 0.0695806 0.596757 1.08018 
-0.852931 0.386262 -1.94288 2.3639 -0.549942 0.0751822 -0.327374 -2.58891 2.21351 -1.84981 1.49207 1.78752 0.693944 
-0.63935 -0.362374 0.203222 -0.39887 0.283065 -0.719998 -1.4529 0.272429 0.576763 -0.468539 0.732065 0.9158 0.958657 
-1.68331 -0.206518 0.186276 -1.0264 0.577065 1.61042 -0.971978 0.739337 1.78247 -1.19328 0.0278161 0.935795 0.191258 
