-1.15216 0.399877 -0.0968649 -0.500408 0.693948 0.446158 1.08053 -0.503515 -0.232638 -0.882033 0.263841 -0.738307 -0.467182 0.138861 -0.0953051 -0.403148 -0.388502 -0.642441 0.00466448 0.392602 -0.0970532 0.105849 -0.112592 0.88275 -0.834326 -0.43725 0.236383 -0.314902 0.388598 0.173186 -0.656309 -0.157712 1.01593 1.61505 0.498935 0.160584 -1.8722 -0.525388 0.945719 
-1.00608 0.299242 -0.228199 -0.374742 0.686675 0.419614 1.36933 -0.0782708 -0.233418 -0.906616 0.425533 -1.44704 -0.191679 0.176751 -0.244444 0.381401 0.0502502 -0.8557 -0.0444176 0.148729 1.04824 0.407643 -0.0476323 -0.290143 -0.134237 1.35373 -0.116107 0.228118 0.878774 0.644426 0.580062 0.093677 0.383146 1.48991 1.72929 1.21464 -0.521164 1.79491 0.71486 
-0.975405 0.155432 0.284536 -0.450158 -0.161752 0.40174 1.22926 0.544723 0.175005 -0.929665 -0.0263024 -0.872543 0.886547 0.0227546 0.132813 0.475626 0.255924 -0.0623785 0.0983415 0.775748 1.39286 1.83514 1.10205 0.361586 0.960587 0.277611 -0.193672 0.426484 -0.675227 0.741011 2.5877 0.269931 1.0197 -1.1834 -0.371124 0.859161 1.52093 0.807618 -2.29644 
-0.983322 0.432055 0.247427 -0.118818 0.624297 0.517956 2.14508 1.31459 1.60173 0.195435 0.787119 -0.486448 0.0859314 -0.0169205 0.18204 -0.293826 0.791261 1.732 0.225514 1.16843 -0.135167 0.0365187 0.811529 1.23079 0.673381 -0.942713 -0.0151648 -0.240024 -0.914041 0.0647244 1.54424 -0.183193 -1.00905 -1.82386 -2.79405 -0.785573 -0.912552 -0.886046 -0.489983 
-0.992326 0.337472 -0.00929 0.341103 1.57025 0.627254 2.39769 0.409556 0.211524 -0.118136 1.20448 -0.199162 -0.0561654 0.00758976 -0.107211 -0.438415 0.320649 1.48186 -0.0848518 -0.2333 -0.430997 -0.958902 0.316477 -0.550966 0.0745417 -0.212372 -0.0269501 -0.304718 0.282317 -1.3413 -1.60647 -0.316873 -2.26988 0.406728 1.27571 -0.57128 -0.981079 -0.123828 1.54085 
-0.975732 0.324844 -0.190987 0.201831 2.10616 0.433104 1.91178 0.88359 0.642823 0.511912 0.236152 -0.411906 -0.126441 -0.0438706 -0.122678 -0.0115096 -0.550042 0.125529 -0.0913595 -1.10145 0.271562 1.31222 0.240249 0.249707 0.549553 0.598139 0.048035 0.253376 0.874159 -0.796828 -3.43096 0.221388 -0.658255 -0.049091 2.0929 -0.679046 1.97859 -0.111655 0.0688071 
-1.0362 0.214794 -0.0207996 -0.208939 1.69577 0.535894 1.29624 0.681118 1.52375 0.122113 1.45419 0.350391 0.541974 0.0556248 0.146165 0.435745 -0.47618 -1.9491 0.136536 -0.891555 -0.480088 1.134 -0.362568 1.42762 -0.0371137 -0.143565 0.289547 -0.0930549 0.109843 0.399801 -2.40611 0.325207 0.0633631 -0.344277 -0.164509 0.164199 -0.540769 -1.85972 -1.71399 
-0.920107 0.471009 0.244757 -0.274349 0.157062 0.56964 1.02023 0.403502 1.77682 0.149343 1.66377 -0.44902 -0.270006 0.245677 -0.215733 0.0983334 -0.150241 -2.28058 0.233848 -1.03809 -0.0727151 1.14772 0.404449 -0.291063 -1.31017 -1.11585 0.130682 -0.954442 -0.304253 0.980098 2.11346 0.296642 0.783434 1.02225 -1.64527 0.619674 -2.36554 0.454603 0.41454 
-0.79052 -0.000939014 0.0775337 -0.35918 -0.584807 0.769742 0.25815 0.608403 2.67147 0.526561 1.16313 -0.959777 -0.57388 0.186307 -0.808277 0.131491 0.503918 0.164369 0.433178 -0.108121 0.542158 -0.511268 0.257106 -0.93792 0.417489 0.270975 -0.118345 -0.467057 0.548042 0.450124 3.16463 0.214991 1.33823 0.522166 -3.53785 -1.88837 -1.82857 1.34839 1.57673 
-0.7338 -0.337269 0.376249 0.229569 0.321431 1.00282 0.912107 0.94566 1.26555 0.406449 0.725851 -0.0315306 0.000969492 0.127332 -0.68279 0.646376 0.299884 0.884052 0.448839 0.300145 0.44945 -2.39014 -1.48393 -2.11964 0.038218 0.460875 -0.0191556 0.380137 0.0641092 -1.48396 -0.967685 -0.332266 -0.888197 -0.848831 -0.0201787 -0.808039 -0.703822 -1.55918 -0.767836 
-0.663188 -0.683729 0.723909 -0.0592959 0.299245 1.21858 0.558295 1.05785 0.281326 -0.957364 -0.956509 -0.921559 -0.113005 0.167151 -0.42814 0.195601 -0.980045 -0.803316 0.100912 -0.996318 -0.306674 -0.531446 -0.550933 -1.64174 -1.14169 -0.496861 0.024517 0.773789 -0.746252 -0.361998 -0.483358 -0.479967 -0.255484 -1.0791 3.51999 3.26428 4.23524 0.515028 -0.403362 
-0.566649 -0.765409 0.571849 -0.750476 -0.481886 1.10373 -0.0842112 0.638986 0.734106 -0.144484 -0.91589 -1.17322 -0.495891 0.151849 0.0909995 -0.0998763 -0.062114 0.400694 -0.0311282 0.0446615 -0.629649 1.12985 1.78036 2.11561 0.553246 0.0575131 -0.0525084 0.0307794 0.811896 1.39034 0.85763 -0.226102 1.64627 -0.331948 -0.0605376 -0.0921206 3.22943 2.08227 1.21058 
-0.511339 -0.592729 0.624033 -0.12141 0.699939 1.18745 0.602957 0.428204 1.41118 0.822993 1.1591 -0.368313 -0.0554922 0.114643 -0.397361 1.0075 0.410299 0.0543132 -0.12519 0.649949 -0.638622 -0.591984 -0.643054 1.58768 0.940582 0.713718 -0.163977 -0.656155 0.646314 -0.809475 -0.274383 -0.064003 -1.01343 -0.142423 -2.58832 -3.21078 -2.12663 0.493047 0.908625 
-0.452006 -1.16277 1.57935 -0.340177 -0.427573 0.97854 0.565737 0.00036401 0.142122 -0.787538 0.671795 -0.232638 0.217827 -0.012128 -0.565155 0.546437 -0.871589 0.126311 -0.0951312 -0.968773 -0.772072 -1.45846 -1.43042 -0.0110211 1.04629 0.966139 -0.319215 0.715227 -1.69501 -0.95236 0.940877 -0.451776 -1.3287 0.939371 0.376047 1.68645 -2.89739 -0.898251 -0.641516 
-0.523468 -1.15788 1.17047 -0.992998 0.82625 1.09232 -0.365816 -0.343869 -0.0472845 -0.607431 1.14808 0.677981 0.910646 -0.204572 0.317866 -0.687516 -0.542062 0.995191 -0.576966 -0.678754 0.300749 -0.215938 1.0434 -1.30971 0.0423305 0.0722024 0.0170655 1.01748 -0.985372 0.805304 0.0541507 -0.469899 0.845202 0.893548 1.991 2.5063 -0.737253 -2.02115 -2.17536 
-0.656579 -0.844904 0.891829 -0.882239 0.567618 0.401574 -0.113017 0.301113 -0.0738152 0.255863 -0.637912 -0.190307 0.29003 0.00493744 0.452328 -0.438935 -0.0662846 0.180461 -0.56503 -0.123572 0.121476 0.532538 1.07587 -0.748275 -0.974861 -1.20922 0.512499 -0.0954992 0.424295 0.0595689 -1.33676 0.71739 0.594736 -0.103764 1.25578 0.869667 2.04889 0.0671658 0.571554 
-0.51853 -0.705556 0.731536 -1.05928 1.00671 0.527292 -0.489388 -0.222392 0.485254 0.468443 0.399801 -0.29688 -0.298573 0.307926 0.222367 -0.263221 -0.482493 -0.341568 0.140424 -0.0840181 0.196986 1.03984 1.91307 0.739187 0.109496 0.643756 0.933913 -0.350362 0.565465 -0.564267 -2.39682 -0.202454 -0.685294 -0.407453 -2.55358 0.726187 2.69248 1.71931 2.18806 
-0.348653 -0.622537 0.628608 -1.36473 0.22605 0.541997 -0.197035 0.498099 0.966023 2.16893 0.101275 -0.0808109 0.933785 0.938851 0.101966 0.12653 -0.630552 -2.21635 -0.767484 -0.808866 -0.285977 -2.02104 1.80206 1.9442 0.744445 0.978842 0.97003 -0.375392 0.408773 0.739078 0.0589152 -0.352941 -1.98266 -1.96477 -3.36085 -3.73297 0.225391 0.976446 -0.542645 
0.42032 -0.603589 0.858066 -1.68983 -1.20964 -0.240192 -1.29825 -0.508369 -1.53579 2.2705 2.344 0.447565 0.680269 1.27796 -0.153025 0.145552 0.256585 -0.282653 -0.212518 -2.06668 -1.76778 -2.32102 -1.8199 0.964578 1.08594 0.101111 -0.407029 -0.562662 -0.414624 1.88997 3.38691 1.55669 0.940685 0.374646 1.55966 -4.81759 -5.17488 -0.0140276 0.159051 
0.929303 -0.775562 0.77416 -1.10815 -0.0566032 0.329479 -2.26372 -1.26968 -1.35499 0.349033 1.06585 1.00513 1.0349 0.531821 -0.460695 -0.288094 1.25942 1.17056 0.789203 0.131819 0.0886698 -0.461381 -3.01553 -3.23068 0.730418 1.13789 -1.30697 -0.0255933 -0.530713 0.234955 -0.0696573 0.0396347 2.49333 2.79491 3.14867 1.43088 -2.10979 -2.10879 0.0312103 
0.952142 -1.06428 0.569972 -0.430414 -0.0390874 0.549011 -1.16644 -0.419699 -1.99717 -0.745027 -0.886678 1.17798 1.81816 -0.0290138 -0.178619 -0.385161 0.491541 -0.35231 -0.172883 0.426646 1.02713 0.827655 -0.38902 -1.14521 -1.02285 0.132322 -0.218562 2.12351 -0.127337 -0.771711 -1.31771 -1.61986 -1.04734 -1.35245 0.630294 3.17845 3.46439 -3.07754 -0.930301 
0.90029 -0.954181 0.388999 -0.616606 -0.408913 0.156596 -1.83707 -0.242557 -0.527338 -0.0399863 -0.0793563 -0.0177145 1.16722 0.313259 1.66281 -0.415431 0.487709 -0.147156 -0.830658 -0.915519 -1.26378 0.168912 0.162921 0.233712 -2.34713 0.207592 0.716004 2.62574 -1.48409 0.686604 -0.891142 -0.851064 -0.155846 -2.86031 -1.42941 1.10068 0.0930185 -0.519245 0.797263 
1.2654 0.59853 0.154541 0.0572952 -0.186243 -0.281648 -2.08195 -1.68348 -1.82826 -0.582106 -0.652965 -1.16914 2.02575 0.686991 2.44712 -1.86925 1.17814 -1.24345 -1.02395 0.270801 -1.83319 -0.601759 0.711662 -1.05219 -1.54209 0.929585 0.272275 -1.30832 -1.09396 -0.641329 -0.778372 -0.0916521 2.30313 0.943028 1.54674 2.19933 -0.301005 2.89831 -0.648496 
1.58728 1.49294 -1.48026 0.561539 -1.65237 -0.867351 -1.56627 -2.07574 -1.1291 0.671676 -1.13155 -1.55981 2.0968 0.585533 0.354492 -1.50939 -0.15362 -0.925528 -0.92231 1.38761 -0.320756 1.71565 2.36225 -0.067293 0.551183 -0.440904 -0.37051 -3.17413 1.72068 -1.48452 1.93301 0.657369 0.799251 2.11053 1.66608 0.0150859 2.0299 2.9379 -1.77941 
1.85093 0.953022 -1.35485 -0.0963248 -1.11177 -1.20396 -0.694344 -2.00424 -0.112605 1.78014 -0.720259 -0.61796 1.58485 0.316481 -0.727015 -0.148571 -0.306377 0.689561 -0.366578 1.07005 0.277349 1.06432 0.726748 0.977713 1.39581 -0.849825 -0.547999 -0.285383 0.673094 1.57691 0.976773 0.679793 -0.498322 0.688285 -2.42029 -3.14473 -1.04997 1.65029 -1.06894 
1.90376 0.765921 -1.62883 0.255162 -0.962804 -1.23393 -0.496217 -1.79839 -0.0647734 1.39842 -0.153833 -0.163996 1.24698 0.037535 0.0691088 -0.836295 1.42329 0.0512454 -0.242517 0.889289 0.367529 -0.704635 -0.782477 -1.11726 2.20147 -1.50985 -0.369208 0.931738 -0.230955 0.921499 -1.37774 -0.0349114 0.37332 0.28048 -1.71608 -1.87469 -1.40472 0.627587 -0.139596 
1.88847 1.02213 -2.19114 1.32697 -1.06053 -1.44647 0.194944 -1.63671 -0.81724 0.997666 -1.83752 1.58351 0.0750038 -0.0527275 0.204724 -0.379526 0.615122 -0.688181 -0.401489 1.44337 0.557829 -0.651753 -1.14795 -0.427007 2.0234 -0.989421 -0.0455131 -0.00205436 0.945689 -1.97652 0.146739 0.00606534 -0.607671 0.348402 1.22171 0.725693 1.53467 -0.743662 0.835387 
1.85103 0.970645 -2.00835 0.870284 -1.65098 -1.63542 0.947154 -1.24056 -0.716527 0.250477 -0.580841 1.8594 0.257558 -0.00797817 0.0670544 0.109394 -0.553225 0.197984 -0.236452 0.281617 0.715931 0.51708 -0.0567834 0.417409 1.45781 -0.674458 0.231062 -0.33499 0.684156 -1.05884 1.77627 0.352509 -2.03454 -0.0178205 1.42186 0.980133 0.81418 -2.2628 1.24036 
1.88049 1.08919 -2.08175 0.773743 -0.862541 -1.68293 0.476562 -0.920779 -0.300159 0.940883 -1.42011 3.04132 -0.599455 0.178335 -0.130266 0.30463 -0.443717 1.08809 -0.0489799 -0.591167 0.540009 0.770106 -0.167813 0.387173 -0.239403 0.250942 0.162368 -0.542067 0.536963 0.11465 -0.11568 -0.012011 -1.44861 -0.601659 -0.715473 -1.71527 0.818792 -3.63614 1.13131 
2.02937 0.840378 -1.70372 0.426567 -0.562895 -1.6844 0.355988 -0.700555 0.0535793 0.0826643 -0.193668 1.62 0.508499 0.15439 -0.475012 0.646357 -0.438574 0.0823044 -0.248463 -1.16699 0.114272 -0.198393 -1.77205 1.2362 -2.17833 0.456849 -0.381946 0.460006 -0.172022 1.68778 -1.0889 -0.188448 -0.0114657 -1.63703 -2.16437 -0.885297 -1.15819 0.845722 -1.7158 
2.03488 0.614173 -1.43539 0.335169 -0.780237 -1.93139 -0.690431 -0.806507 -0.498552 -0.831169 -0.183914 0.862989 -0.142606 -0.203612 0.32974 0.132608 1.24406 -0.000806904 -0.237428 -0.602633 -1.09703 -1.39427 -1.05311 -0.771014 0.606319 -1.46486 -0.534668 1.3342 -0.934739 2.45078 0.748831 0.291553 1.87102 -1.19431 -1.32078 1.16484 -3.14572 4.46883 -2.68741 
1.82576 1.17012 -1.57111 1.67063 -0.563702 -1.92183 -0.246645 -1.79758 -1.34069 -0.970445 -0.964682 2.22632 -0.956362 -0.380278 0.859188 -0.288382 2.0122 0.831136 0.0430898 0.704028 -1.08004 -1.51917 -0.607212 -1.90952 2.2905 -2.23057 -0.213085 0.127006 -0.386914 -0.592346 0.562064 0.627413 0.982072 1.02801 1.23488 -0.408062 0.362889 -1.73432 -0.0781797 
1.6546 1.47336 -1.72377 2.34737 0.0508987 -1.8883 0.0135975 -1.88654 -2.01772 -1.43838 -2.09343 3.15349 -2.37317 -0.416697 0.456746 -0.254305 0.651719 0.561257 0.389986 0.379439 -0.0690158 -0.159391 -1.46117 -0.408125 -1.128 -1.54304 -0.185086 -0.185713 0.52802 -1.53507 -2.19637 0.402907 -1.0068 1.80311 3.72257 -0.448408 3.7353 -5.24172 1.9488 
1.40906 1.62686 -1.82542 2.32235 -0.00244504 -1.53184 0.132794 -1.8666 -1.50008 -2.43162 -1.37281 1.09831 -2.4994 -0.565364 0.673475 0.239638 0.477127 -1.36524 0.445997 -0.302774 0.723079 2.2034 -1.05562 1.82578 -2.95122 -0.281764 -0.144924 -0.289754 1.552 -0.731954 -1.4562 -0.347201 -0.280808 0.54627 1.5605 1.54768 2.91239 -0.174357 1.82512 
1.08924 2.14684 -1.48414 2.8245 -1.31434 -1.4423 -0.289176 -1.16346 0.185681 -2.494 -0.267653 0.202265 -2.65494 -0.561621 0.166992 1.29769 -0.0802353 -0.894943 0.0427847 0.0986313 0.477254 1.4011 0.0865037 2.50427 -1.30236 0.28208 -0.104974 -1.02385 0.39418 -0.530833 1.96241 -0.670776 1.3561 -0.0639198 -2.19587 2.74868 0.809165 3.43978 2.40392 
0.847439 1.79386 -0.527725 2.24212 -0.897388 -1.48906 0.231426 -1.38934 -0.0989735 -2.34511 1.13146 -0.204048 -2.21732 -0.670338 -0.350376 0.633818 -0.053706 0.597171 -0.224779 1.05332 0.659159 0.0075298 1.69306 2.63495 0.488558 2.12215 -0.256751 -0.393696 -1.82564 -0.997853 -0.0568414 -0.357551 -0.235757 0.188011 -2.84391 0.85098 -4.64884 0.664044 1.11462 
0.4189 1.79646 -0.850317 2.77079 -0.717168 -1.66708 0.764147 -0.504304 0.19321 -0.800943 2.36729 0.690822 -0.532783 -0.818372 -0.226703 -0.527946 -1.07809 -0.951785 -0.314766 -0.137125 0.665265 -1.4428 0.937483 -2.14458 -0.638317 1.3967 -0.0405718 -0.225944 -0.409241 -1.84594 0.0516032 0.630274 -1.37403 -0.0422338 -1.37618 -1.84242 -4.95022 -1.86523 -1.16825 
0.029068 1.56715 -1.05567 1.16403 -1.84917 -1.80382 0.0943003 -0.724078 -1.54178 -1.40763 -1.01311 -0.842366 -0.820628 -0.71091 -0.576321 0.224577 -1.89965 0.648774 0.405494 -0.320709 0.616925 -1.36865 -0.149357 -2.31528 -1.37667 0.953903 0.261257 0.0179213 1.67534 0.987834 3.62639 1.04894 1.0095 0.283059 1.70392 -0.354845 3.37645 0.918558 -0.586458 
-0.29201 1.22014 -0.62574 0.871144 -0.0683942 -1.26159 0.443438 0.112621 -1.17544 -0.9503 0.0520173 -0.685851 0.42112 -0.557114 -0.208782 1.14739 -0.0902549 2.6746 0.734174 0.87237 0.948324 0.26112 0.582638 1.23188 0.280241 0.810238 0.414905 0.462594 0.0611713 1.42338 1.28534 0.29142 -0.498058 -0.859352 1.94793 1.0499 3.40733 0.60926 -0.919004 
-0.528046 1.35837 0.0917196 1.07377 0.825432 -1.06965 0.96667 0.224246 -1.28066 -0.824992 0.218765 -0.562125 -0.0103895 -0.296006 -0.113726 0.285748 -0.476263 1.93411 0.696915 -0.818767 -0.242427 0.579281 0.900545 1.09205 -0.767413 0.0348988 0.780175 -0.238866 -1.35173 -0.216139 -1.44901 0.00860473 -3.35529 -1.6297 1.50297 0.223254 -1.85395 0.0943441 0.862875 
-0.588016 1.10641 -0.339991 0.39488 1.86572 -0.564674 -0.375329 -0.129806 -0.596155 -0.049755 1.14407 -1.45326 0.456019 0.223061 -0.447648 -0.204345 -0.306394 1.2256 0.742779 -2.48291 -0.681381 1.76409 0.805893 -0.622072 0.374585 1.67311 0.598855 -0.933595 -0.530733 0.0238294 -2.53699 -0.357262 -0.233374 0.356346 -0.117989 -1.39486 -2.30918 3.44026 0.456097 
-0.304986 0.910722 -0.112625 0.767378 2.05103 -0.326868 -1.51624 -0.457135 0.483435 -0.0190998 -0.403307 -0.187541 1.66272 0.302849 -1.04732 -0.244985 -0.452434 -0.602876 0.339652 -1.05214 0.113919 0.461292 -0.494313 -1.21712 2.67285 0.490996 -0.170898 -1.32049 0.126011 -1.49897 -1.83151 -0.0209569 2.9825 1.9904 -0.0705753 -1.37185 1.39368 -0.0792781 -3.16006 
-0.285166 0.0590917 -0.584976 -0.0575531 1.26284 -0.225021 -1.42747 -0.0158866 -0.134863 -0.544068 -0.0730533 1.21958 0.947015 0.052163 -1.76814 -0.078334 -1.80536 -0.605911 0.721822 0.499586 1.30902 1.69351 -0.565962 0.771608 0.295306 -1.48695 -0.0855194 -0.138125 1.04886 -0.351738 1.40499 0.418361 1.1726 0.823077 0.640238 1.85319 1.72821 -4.6304 -0.613491 
-0.252823 -0.857414 -0.190959 -1.03799 1.44512 0.394954 -1.01666 0.851884 2.17695 -0.585061 0.3683 0.107766 0.175778 0.21733 -1.18545 0.803872 -0.804172 0.802115 0.758013 0.120458 0.936996 1.10153 1.35888 0.511087 -1.95755 -0.122495 0.0293826 1.53429 0.685426 2.26107 0.601337 -1.01483 -0.562914 -1.23644 -4.46908 2.53239 -1.00419 -0.937979 1.90358 
-0.0678366 -1.12635 0.218896 -0.861725 2.06496 0.532992 -1.30701 0.92111 0.966668 0.814809 0.438034 -0.737967 0.82452 0.0815457 -0.23385 0.607092 0.455706 -0.00457322 -0.293004 -0.0633282 0.0725737 -2.77557 1.96643 -0.232582 -0.642672 0.416637 -0.343246 1.3223 -0.476655 1.41344 -2.09831 -1.12659 -0.0630253 -1.02681 -1.1237 -1.09465 -1.10854 2.92768 -0.773559 
-0.171277 -1.09126 0.416133 -0.582281 1.44055 0.10195 -1.07999 0.924457 -0.598617 1.38137 0.135718 -0.534906 0.592415 -0.125917 0.136856 0.327217 0.60927 -1.29619 -0.368575 0.057433 -0.089816 -0.0221732 0.264225 -0.59745 0.970126 -0.896054 -0.259897 0.350758 -0.503028 -0.466963 -1.25765 0.878389 1.15817 0.0313983 4.58297 -2.7334 -0.916706 1.63559 -1.07954 
-0.193753 -0.989498 0.546113 -0.252455 0.768767 0.164417 -1.24958 0.831294 0.944495 1.07903 -0.159416 0.232159 -0.0715342 -0.178351 0.116909 0.104065 -0.0112574 -1.26222 0.585384 1.09484 0.103972 1.8074 -0.766969 -1.14929 0.992922 -0.662903 -0.130942 -0.47428 0.138917 -0.971574 0.504137 0.791869 0.828765 0.119758 -1.77969 -0.16056 0.548432 -0.640976 0.509559 
-0.349628 -0.974355 0.520198 -0.593539 0.178325 0.687334 0.0148552 1.02843 1.20879 0.614399 -1.01357 0.458016 -0.0704881 -0.256859 -0.337424 0.466134 -0.362304 -0.792053 0.423294 0.886198 0.0299418 -1.80186 0.103666 -0.0490182 0.32915 -0.386495 0.132771 -0.720284 0.691348 -0.643466 0.141681 -0.437966 -1.72568 -0.635128 -3.00002 0.389939 1.36302 -1.84421 -0.470016 
-0.450612 -1.32692 1.01225 -0.614759 -0.023286 0.58771 -0.363381 0.861236 -0.857368 1.1827 -0.208434 0.56131 -0.458029 -0.04558 -0.603375 0.795413 -0.654724 -1.12054 0.147419 -0.630839 -0.531156 -1.19262 -0.37703 0.213729 -0.851289 -1.13292 0.376798 0.152166 0.00910581 0.274386 0.0282188 -0.11593 -0.492602 -0.0319641 3.26981 -1.62695 -1.48947 -0.896029 0.236017 
-0.395208 -1.57773 1.31561 -1.24826 -0.942216 0.834753 -0.615984 0.497274 0.0161687 0.237369 -0.799841 -0.393274 -1.20341 0.119939 -0.185257 0.47524 -0.0879185 -0.763834 0.307364 0.393596 -0.00202225 1.46795 -1.52328 -1.53848 -0.566879 -0.150477 0.0454215 0.810194 -0.296565 1.42217 1.54101 -0.139244 0.953158 1.66168 2.14969 0.970248 0.956283 1.55099 1.15219 
-0.330673 -1.51218 1.48749 -0.702677 -0.78712 0.895074 0.0302155 0.859213 0.610581 -0.340583 -1.74692 -0.00556923 -0.608506 -0.000158494 0.206818 0.498848 0.767451 0.420467 0.00817517 0.322319 1.13053 0.957078 0.593218 1.17001 0.699698 0.0192669 -0.181256 0.173521 -0.610928 0.415496 0.0921992 -0.0380082 -0.502035 -0.0754816 -1.91471 2.77334 5.17377 1.23661 -0.256424 
-0.395367 -1.37091 1.81446 -0.480811 -0.521749 0.842928 -0.293665 1.6278 0.973246 0.830587 0.370172 0.306424 -1.18414 -0.0613172 -0.0117364 -0.135688 0.327577 -0.671635 0.269356 -0.108439 -0.0775039 -0.44676 1.25006 3.63529 0.669732 -0.406902 -0.249268 0.429578 -1.7857 -1.6143 -1.40372 0.141511 -0.426542 -1.72581 -0.911667 -0.0388488 -1.49119 -1.18713 1.21712 
-0.39199 -1.52392 1.3518 -0.3751 -1.45876 1.16443 -0.0782236 0.781709 0.163821 0.909473 1.88837 0.664162 -1.01541 -0.249426 0.636397 -1.28686 -0.846854 -0.98325 0.149686 -0.104223 -0.595281 0.0454111 0.554369 -0.321178 -0.487432 1.23638 -0.201859 0.750168 -0.343482 -1.03207 1.08708 -0.51458 -0.0736118 0.830077 -0.134342 -1.65305 -5.03876 -1.83089 1.38322 
-0.644793 -0.734515 0.527603 -1.32766 -1.505 0.992614 -0.397888 1.03252 1.01866 1.38496 0.0489942 -0.181007 0.0522435 -0.263177 0.738432 -0.47917 -0.704491 0.415442 -0.245225 -0.182051 0.752573 -0.581102 -0.402999 -1.40347 -1.16116 0.976315 0.209953 -0.821204 1.74041 1.39798 2.02671 -0.257762 0.529233 0.332739 -1.28295 -1.56234 -0.211781 0.280504 -1.97802 
-0.655167 -0.785484 0.872629 -1.07959 -1.04331 0.919205 -0.260274 1.53428 -0.417281 0.506475 0.484898 -0.496997 -0.0390925 -0.0394731 -0.184807 0.453559 0.551126 1.04346 -0.108076 0.42501 -0.262542 -1.23754 -1.00797 -0.532959 -0.206928 -0.74164 0.218151 -0.580774 0.440627 1.34825 0.427022 0.157212 0.318329 -1.37922 0.33952 -0.730955 0.533907 0.645534 -1.93855 
-0.684266 -0.919322 0.981162 -0.776539 -0.461536 0.884539 0.0271221 0.769979 -0.218885 0.376982 -0.483964 -0.387935 -0.689397 -0.0450253 0.157658 -0.0385435 0.643761 0.842464 -0.0880128 0.136278 -0.626646 -0.241582 -1.13395 -0.869566 -0.515626 -0.96223 0.00796023 0.585666 -0.764873 -0.010417 -0.757732 -0.275696 -0.708869 1.03848 1.63193 0.906211 1.76721 0.917185 1.48041 
-0.700192 -0.627826 0.834086 -0.43583 -0.20085 0.831192 -0.123996 0.907637 -0.658864 -0.627479 -0.384668 -1.01262 -1.00132 -0.0315129 0.400859 -0.311314 0.540709 0.28573 -0.383772 -0.283859 0.775942 0.39439 -0.101763 1.23425 0.710258 0.738767 -0.0361186 -0.193001 -0.433044 -0.610444 -1.09086 0.0745552 0.808103 0.13939 1.19342 1.68593 -0.231725 0.118621 1.19126 
-0.715779 -0.518464 0.669848 -0.23583 -0.175806 0.500767 -0.256737 1.54592 0.175505 0.275219 0.750284 0.322323 0.0493704 -0.0811439 -0.0353431 -0.471587 0.033317 -0.248399 -0.0134575 0.944381 -0.487256 0.951841 0.551974 -1.10129 -0.397005 0.229027 -0.0113727 -0.485712 0.213728 -0.655338 -0.40048 0.77743 1.11695 -1.28544 0.0895295 0.908494 -0.78487 -1.04071 0.0762864 
-0.781336 -0.663169 0.362499 -0.402513 -0.449248 0.817735 0.820385 0.420381 0.292978 -0.0755048 -1.48596 -1.40963 -0.772296 -0.0428856 -0.084853 -0.0975857 -0.114629 -0.11475 0.393658 0.833088 -0.509495 0.48392 0.806731 0.449378 -0.33045 0.815054 0.0758458 0.237505 0.854106 0.118836 0.512828 -0.00989067 -1.88416 0.890684 -0.869045 -0.616934 1.79881 1.17089 1.33255 