-1.26879 -0.841234 -0.815932 -0.0983317 1.01218 0.891224 0.101567 1.62838 1.53849 0.295259 0.45792 -0.529055 -0.35397 0.0240938 0.088287 0.494941 0.236169 -0.0208305 0.334232 -0.448321 0.365281 1.14117 0.967265 1.02227 2.23189 1.68954 -0.00984621 0.022742 0.595959 0.259893 0.0297234 0.516741 1.03297 0.0442251 -3.06607 -1.30807 1.0426 -0.598797 1.72198 
-1.28298 -0.830402 -0.44356 0.361684 1.11019 1.01325 -0.298001 1.64687 1.52747 0.193188 1.27252 0.895462 1.4993 -0.0100322 0.0212898 0.103144 0.210653 0.164142 0.474601 0.658738 0.228984 -1.08809 -1.22662 -0.0194105 -0.706441 2.06588 -0.0197018 -0.104645 -1.31107 -1.05164 -0.104755 -0.278249 1.41367 -0.566238 -1.65483 -0.890713 -0.768957 -1.62537 -0.79071 
-1.27883 -0.819944 -0.712787 0.112322 1.17632 1.36582 0.760305 1.85736 0.4504 -0.931361 0.438509 -1.2355 1.71191 0.00439204 -0.0163585 -0.816126 -0.815474 -0.125585 0.055983 0.96535 -0.200958 -0.51366 0.0765517 0.253316 0.606523 0.898829 -0.0250371 -0.231637 -0.430362 -0.819876 -0.700365 -1.24794 -2.01173 -0.622361 1.36843 1.30643 -0.418272 0.920997 -4.00428 
-1.27859 -0.84676 -1.25969 -0.45379 0.984605 1.06923 0.667349 1.44591 1.01381 0.26974 1.52583 1.50198 2.39813 -0.0350692 -0.210348 -0.327217 -0.609223 -0.536223 -0.773338 -1.353 -0.393377 0.280336 0.079808 -0.437682 0.214556 -1.9384 0.0117112 -0.0620773 1.50986 1.54679 0.225786 0.14723 -1.87311 0.31851 -0.194105 -0.715689 -1.1735 -1.61723 -2.81732 
-1.3139 -1.03029 -1.04 -0.496901 0.640098 0.592487 -0.592693 1.46398 0.730737 -0.851553 0.000826782 -1.02094 -0.226483 0.0161032 -0.0784358 0.693734 0.731313 0.100201 0.203213 -0.907757 0.117553 -0.707765 -0.639138 -0.920184 -1.01071 -1.91849 0.0350724 0.183263 0.677555 1.51858 0.882061 1.68462 3.0691 0.277227 -1.24961 -0.55639 -0.299612 0.959998 3.26093 
-1.26249 -0.925196 -0.565952 0.277522 1.08481 1.27244 -0.240408 1.56346 0.30605 -0.369398 0.605649 0.491277 0.479643 3.12919e-006 -0.0270846 0.350338 0.909359 0.345838 0.911279 1.7161 -0.11615 -0.969273 -0.476582 -0.737294 1.17455 1.32254 -0.03354 0.133581 -0.78432 -0.962843 -0.160778 -0.49364 2.1777 -0.657036 1.75299 0.479697 1.73454 2.27396 2.74877 
-1.31389 -1.05738 -0.689667 0.412458 0.985936 1.50377 1.12341 1.34784 -0.238537 -1.32814 -0.736468 0.153614 1.09605 -0.0174367 0.0551453 -0.0905857 -0.23153 -0.0605777 -0.290428 1.26994 -0.539484 1.04522 -0.15944 0.814359 1.26325 0.830282 -0.172394 -0.0636896 -1.37303 -1.70428 -0.585973 -1.22721 -1.89999 0.00146006 2.63858 2.03466 1.9125 -2.6077 -1.86951 
-1.27993 -0.870051 -0.656537 0.0459921 1.02423 0.982015 1.02953 1.02398 1.35127 -0.528838 1.42001 1.75453 1.30992 -0.172391 -0.0907742 -1.02269 -0.794925 -0.240134 -0.315929 -0.18389 -0.11469 1.66931 1.55807 1.17521 -1.43315 -0.546968 -0.0548251 -0.164986 -0.528532 -0.386375 -0.0940685 0.391696 -2.38376 0.638902 -1.07308 1.2704 -1.82902 -3.43944 -1.40793 
-1.48628 -1.14815 -1.71236 -0.382467 0.745802 1.18784 0.939516 1.23315 1.43077 0.229938 0.438742 -1.27953 0.549085 -0.0722619 -0.10984 -0.619118 -0.617905 -0.154646 0.101268 -1.11382 0.0994188 -0.0278556 1.11096 -1.01466 -2.17619 -0.57765 0.455184 0.461451 2.16306 0.949055 0.348938 0.0123817 -0.881183 -0.0845916 -2.66858 -3.04989 -1.32889 3.55012 1.51148 
-1.35219 -0.979891 -1.27566 -0.571913 0.869582 1.08328 -0.0842884 1.1234 1.32342 0.582124 0.405344 -0.421656 0.732275 0.282793 0.370677 1.14037 0.154129 0.108803 -0.303547 -1.06507 -0.199281 -0.999269 -1.49182 -0.153684 2.11697 0.964513 0.164908 0.179737 1.26618 1.31379 0.440537 0.023616 0.463612 0.136928 -0.755757 -2.99739 0.483936 3.49781 1.50661 
-1.20349 -0.777474 -0.571983 -0.228338 0.854605 0.884291 -0.125556 1.03386 0.431502 -1.26188 0.285058 0.837439 1.5136 0.0926463 0.0698966 0.647058 0.69588 0.285891 0.124884 -0.650207 0.236347 -0.783612 -1.88643 -0.530728 1.32162 0.928958 -0.435102 -0.525055 -1.72792 -0.646914 -0.0234747 0.384276 0.00250155 0.594821 1.1503 2.307 0.187738 -3.20625 -1.70816 
-1.25954 -0.909995 -0.628597 0.123967 1.15547 1.20817 -0.734495 1.35974 0.539804 -1.30431 -0.125385 0.899965 1.66123 -0.152309 -0.154378 -0.587545 -0.492785 0.0853286 0.0807288 -1.06257 0.39554 0.151032 0.815183 0.0340534 -1.08928 -0.743649 -0.232986 0.0227961 -0.914278 -1.1923 -0.234908 -0.121174 0.96112 -0.698117 -0.15045 1.19598 0.0538224 -2.03041 -3.32397 
-1.3558 -0.931852 -1.15953 -0.721124 0.939933 0.965019 -1.18813 1.4294 0.582534 -0.446698 0.319111 -0.251837 0.76995 -0.14034 0.0926927 -0.26722 -0.496422 0.0509831 0.00370977 0.310913 -0.46177 -0.934062 -0.690449 -0.476906 -0.708793 -2.39501 0.20304 0.207649 0.989931 1.3169 0.0483977 -0.0497761 2.26818 -0.549559 -0.515347 -1.33909 -0.379525 0.616494 -0.0333816 
-1.39988 -0.817302 -0.895817 -0.372455 1.20646 1.21188 -0.423582 0.897973 -0.394258 -1.99476 -0.60229 0.191172 -0.733782 0.0507304 0.0532705 0.402386 0.824115 0.133726 0.0309527 1.20561 -0.15402 -0.364315 -0.523903 -0.345472 -0.472781 -0.77703 0.191609 -0.19981 0.176184 0.770948 -0.54008 -0.694238 -0.227548 0.780775 1.21664 2.32818 2.52697 0.0604142 4.298 
-1.30507 -0.878582 -0.757142 0.102991 1.07366 0.995972 0.0174805 1.27538 0.21822 -0.970601 -0.0263603 -0.724618 -0.00708066 0.0512695 -0.107117 -0.0910362 0.274527 -0.489097 -0.690528 0.0833654 0.319004 0.282576 1.63773 2.05007 -0.648379 1.90299 -0.0587165 -0.159453 -0.543222 -1.2632 -0.552424 -0.060002 -1.43805 -0.112683 -1.11382 0.251757 0.518277 -0.385103 -0.927418 
-1.34861 -0.924419 -0.986853 -0.0979282 0.717359 0.521348 -0.340217 1.21698 -0.111683 -0.357029 1.44778 -0.457207 1.16921 -0.00798613 -0.106183 -0.140836 -0.439082 -0.418698 -0.0290493 -0.232437 -0.266703 -1.47813 -0.272146 0.172805 -0.857885 -1.70445 0.00697094 0.0635084 0.180012 -0.375099 0.481548 1.31252 -0.137681 -0.233341 -0.307488 -1.47503 -2.84075 -0.175388 -2.92618 
-1.31306 -0.984764 -0.897978 -0.336091 0.654962 0.966923 -0.214957 1.00868 -1.25991 -1.24275 0.146445 -1.5825 -1.71153 0.0582404 -0.0436086 0.0889753 -0.100572 -0.00754959 0.621992 -0.0543155 0.0856629 -0.0249124 0.162697 -0.790681 -0.823767 -1.02319 0.106125 0.172791 -0.233931 0.696203 0.762672 0.155011 -0.610116 0.115235 2.33989 0.765715 0.308749 3.46312 4.61451 
-1.29037 -0.968028 -0.897878 -0.1985 0.709809 1.14334 -0.394532 1.30264 -0.136595 -0.194332 0.657095 -1.28097 0.146014 0.0981385 0.0666081 -0.374767 0.257121 0.343974 0.125962 -0.842553 -0.151467 0.861759 0.493569 0.481555 2.60524 2.91006 0.0684224 0.11082 -0.68674 -0.0796931 0.44147 -0.511734 1.32758 -0.51355 -0.100287 -0.364171 0.848744 2.13508 1.10079 
-1.21492 -0.918156 -1.27274 -0.0789696 0.998936 1.09288 -1.05751 0.857215 -0.398151 -0.749177 0.628 1.02274 1.19853 0.126663 0.0672115 -0.597764 -0.180265 0.43392 0.110258 1.27326 -0.427887 -0.125199 -0.201474 0.0580631 1.31132 0.0776003 0.010055 -0.0819988 1.05428 -0.302215 -0.180119 0.144821 3.29623 0.156143 -1.35866 -0.658189 -0.713569 -4.1103 -3.88726 
-1.16371 -0.900816 -1.49564 -0.378765 1.14373 1.2536 0.878732 0.874753 -0.261794 -0.395806 0.715158 0.0303432 0.223614 0.108193 -0.0153907 0.679512 -0.0450934 0.163855 0.270783 2.45368 0.00467543 -0.496902 -0.16462 -0.232015 -1.50506 -0.977197 -0.0676226 -0.307018 1.85969 0.0373236 -0.498353 -0.23057 -1.38006 0.619982 0.112183 0.0762393 -0.134996 -0.959046 -1.48819 
-1.10672 -0.933547 -0.593233 -0.124063 1.16279 1.36367 1.39617 0.86189 -0.895052 -0.913797 0.395985 -0.482325 0.221333 0.0590402 -0.239807 1.26192 -0.142942 -0.0644333 -0.120312 -0.106796 0.192094 -0.0130166 -0.125234 -0.0769332 0.352271 -1.41059 0.0652512 -0.146993 -0.754313 -0.586634 -0.217859 -0.616966 -3.7438 -0.0161946 2.19089 0.943344 0.00710169 1.49363 0.464309 
-1.10467 -1.14062 -0.233718 -0.521707 1.0793 1.13329 0.771936 1.06685 -0.274811 -0.52104 0.638225 0.382614 -1.18697 0.173445 -0.162384 -0.0748012 -0.631727 -0.0540041 -0.346183 -1.29012 -0.0115191 1.69398 0.778724 -0.224913 -0.0114275 -0.512888 0.0462726 0.194316 -1.75395 -0.456299 0.0770175 -0.0179101 -0.321343 -0.0332781 1.58222 0.311074 0.31578 0.354703 2.89691 
-0.933279 -1.09593 -0.668034 -0.75579 1.10879 1.01749 0.106053 0.850371 0.798932 -0.135073 0.171073 -0.493753 -0.291555 0.105313 -0.045491 -0.492029 -0.59924 0.0125841 -0.138222 -0.428139 0.158816 1.5692 0.185839 0.238847 0.706974 1.48632 0.0138766 0.382081 -0.0782227 -0.206757 -0.159889 -0.238828 -0.907048 -0.890988 -3.17998 -1.37005 0.782995 1.24741 0.270929 
-0.999355 -1.18611 -0.725747 -1.12095 1.09188 0.995065 0.343797 1.22566 1.29439 -0.335201 0.877071 1.08959 0.299349 0.187321 0.219698 -0.153024 -0.838484 -0.213893 -0.58501 -2.19717 -0.902507 -1.486 -0.591322 0.558082 1.23598 -0.241959 0.319864 0.391965 0.72465 0.0644841 -0.0978392 -0.364139 -1.15829 -1.60323 -3.74897 0.105685 -0.529863 -0.521352 -1.07362 
-0.745958 -0.876233 -0.821058 -1.59427 0.894894 0.432475 -2.09111 -0.0521363 -0.687064 -0.726395 0.729155 0.742232 -0.533514 0.425177 0.346474 0.232621 -0.534756 -0.085255 -0.502362 -1.58643 -1.44441 -2.17976 0.291525 -0.291016 0.185622 0.412703 -0.264224 -0.862397 1.25392 1.32575 0.378177 0.755678 4.2251 1.21436 2.81778 0.893084 -1.16184 -2.08669 1.7265 
-0.574178 -0.83964 -0.493127 -1.6557 1.00662 0.492703 -1.24263 -0.21875 -0.885368 -0.0436765 0.586055 1.27521 0.712052 -0.0769025 -0.642699 1.1009 0.487266 0.164284 0.170667 2.02793 0.311857 1.33178 0.301762 -0.603754 -0.850702 1.48454 -0.529213 -1.2562 0.0983828 0.910423 0.166975 0.854426 1.98311 2.04721 3.22937 -0.0772636 0.061 -1.98975 -0.442527 
-0.822861 -1.51893 0.279841 -1.10701 1.05918 0.603143 -0.0631839 0.259721 0.64472 -0.424634 0.125401 -0.10847 0.951027 -0.104036 -0.909726 0.331004 0.375666 0.0817204 0.352065 0.396683 0.602791 1.04961 0.214261 -0.230016 -1.80413 -0.0298243 0.598887 0.526107 -1.99773 -0.488179 0.00849511 -0.299444 -3.67651 -1.107 -3.35861 -0.214514 0.825367 0.446845 -1.47041 
-0.678214 -1.74937 -0.162123 -1.28004 1.08835 0.844768 -0.845948 0.384041 0.164239 0.170584 0.356039 -0.52892 0.682228 0.521984 -0.116592 -0.896828 -0.000912724 0.172779 -0.128776 -1.64858 -0.795146 -2.02683 0.087248 0.221614 -0.403857 0.0141329 0.925226 1.06951 -1.6394 -1.00925 0.182234 -0.380023 -0.0976147 -1.39119 -3.19743 -0.308846 1.44183 4.03231 -1.32663 
-0.300877 -1.63552 -0.616987 -1.10792 1.23196 0.474366 -1.71177 -0.535425 -1.38211 -0.337386 0.347015 -0.512327 0.96516 0.82119 0.159788 -1.30839 -0.633582 0.263954 -0.0279584 0.299068 -0.788402 -2.14782 -0.0945851 1.21182 2.22818 -1.35646 0.178084 0.161271 0.113977 -0.870381 -0.320529 0.655812 2.46556 0.790329 1.28179 -0.480556 0.795052 0.6593 -0.935735 
0.142976 -1.58958 -1.47051 -1.91362 1.3523 0.816809 -0.54688 -0.404361 -1.98358 0.0759994 1.56786 1.69926 -0.674227 0.700068 0.0446789 -0.782851 -0.871294 -0.14775 0.527036 0.816979 -0.00481677 -0.745039 -0.393308 1.01667 0.255442 -0.921602 -0.963389 -0.0575882 1.83984 0.746794 -0.475998 0.0403405 -1.24202 1.36293 3.28914 0.039003 -1.24185 -3.48668 3.45214 
0.399191 -1.59084 -1.39984 -1.97921 1.08421 1.0014 -0.894789 -0.540242 -2.12715 -0.730694 1.36368 -0.256884 0.0435579 -0.142198 0.1022 0.53145 0.113212 -0.212044 0.0123821 -0.942952 0.57453 1.14132 -0.0555821 -0.0300281 -1.2585 2.09569 -1.20504 0.0468983 0.900073 1.53669 0.20368 -0.265451 -1.59724 0.319021 1.3885 0.452529 -1.0952 0.961697 2.7784 
0.000777987 -1.48738 -0.939064 -1.80041 1.14026 0.829191 -1.48983 0.170169 -0.842265 0.0204173 1.53783 0.440757 1.42146 -0.504971 0.0915772 0.117221 0.665392 0.0559294 0.261585 -0.780257 0.314204 0.643462 0.0592212 -0.0785377 1.21714 1.8568 -0.190323 0.0355567 -1.91176 -0.303016 0.0399911 0.668112 2.25469 -0.211518 0.365108 -1.03943 -0.505636 0.90317 -2.79551 
-0.10578 -1.49927 -1.28262 -1.31382 1.14014 1.26299 -1.67505 -0.226038 -1.48369 -0.671472 1.28514 0.960255 1.90036 -0.332521 0.137757 -1.38031 -0.189803 -0.172053 0.680494 1.31174 0.363013 1.50643 -1.09501 -0.535664 -0.355333 -0.699818 0.480233 0.7768 -0.778404 -0.979714 -0.0538854 -0.166697 2.56111 0.641886 -0.53787 -0.915858 -1.73922 -1.68012 -4.09116 
-0.331743 -1.34962 -2.31937 -1.99021 0.968204 1.50969 -0.178091 0.533182 0.664163 -1.07459 1.00217 0.0854231 0.721643 -0.024738 0.868377 -0.661182 -0.314322 0.00204396 0.0948876 1.78086 0.956089 0.105592 -0.856637 -1.81776 -0.462984 -2.23436 1.1123 2.07507 4.60348 0.993036 -0.334944 -1.22095 -3.9723 -1.05617 -1.13483 -0.354395 -0.208596 -0.157794 -0.426785 
-0.130518 -0.630891 -1.9438 -1.62815 1.14218 1.35787 0.105812 0.730051 -1.37809 -1.52811 -0.532619 0.497271 -0.334002 0.779781 2.21283 3.22318 0.803233 -0.506997 -0.540458 -2.66056 -0.693156 0.371597 -1.4494 -0.74426 -0.513128 -1.1266 0.698332 1.08827 4.14177 0.900525 -1.2323 -1.09876 -3.98851 -1.96324 0.882837 0.352701 1.82296 -0.863117 2.40728 
0.448038 0.863211 0.903807 -1.18698 0.461207 0.969227 -2.83865 -0.159974 1.03576 -2.52399 0.257905 -0.427704 -0.40496 0.673594 1.95665 3.48059 0.586203 -1.23026 -1.00388 -2.20765 -1.00715 0.988429 -0.503936 0.00520224 -1.3261 0.172918 -0.41352 -1.82743 -3.1845 0.686309 -0.489495 -0.939823 5.59651 -0.0623471 -2.57861 3.24359 -1.1878 0.566577 1.6891 
0.543076 1.32576 1.53679 -1.04194 -0.0880776 0.353998 -2.10184 -0.277101 -0.389665 -2.03205 -0.527417 -0.82883 -0.161084 0.366261 0.385399 0.0386788 1.48954 -0.996492 -1.48028 2.93595 -0.755503 -2.20701 1.79419 -1.93206 0.0534496 0.562495 -0.34768 -2.10061 -4.16783 1.39179 0.387855 -0.170764 4.98029 0.397187 -2.40736 2.1498 -1.55307 2.23062 -0.711335 
0.814299 1.24861 0.942486 0.302565 -0.535285 -0.511054 0.0972981 -0.915477 -1.17125 -0.729806 -1.67416 -0.374255 0.157535 0.325914 -0.143961 -0.687238 1.97799 -0.842403 -1.17464 2.77264 -0.609964 -1.41893 1.64586 -1.54787 0.904518 -0.538417 -0.17936 -0.608922 0.149496 -0.949516 0.733742 1.17139 -2.64375 0.740526 1.97759 -1.43675 1.71277 0.985267 -1.47005 
0.86899 1.1818 0.84955 0.936051 -0.93048 -0.820643 0.670804 -0.887065 -1.8086 -0.386182 -2.07528 0.0756886 -0.699501 0.186901 -0.223523 0.188175 0.540026 -0.26275 -0.30889 0.292204 -0.0149771 -0.229429 0.357439 -0.219294 1.03872 -0.907551 -0.138036 -0.0656761 1.46641 -2.17152 0.998656 1.34485 -2.97775 0.504638 1.92506 -0.891193 1.84148 0.477586 -0.373973 
1.0012 1.02509 1.13066 0.842591 -0.798035 -0.819944 0.389502 -0.930454 -1.40068 -0.372367 -1.89345 0.664462 -0.750016 0.187878 -0.209637 0.77917 -0.193528 0.156254 0.170213 -0.205109 -0.105326 0.506131 0.754671 0.293617 1.3821 -0.91239 -0.107468 0.0429205 0.917219 -0.683291 0.158535 0.523555 -0.590459 -0.0163793 0.393355 0.45506 0.174863 -0.342078 0.125683 
1.05687 0.972162 1.62872 0.742523 -0.774227 -0.650429 0.465695 -0.992391 -1.30246 0.368489 -1.78167 1.45779 -1.61189 0.0794326 -0.180602 1.10539 -0.143265 -0.104215 0.214665 -0.298254 -0.0313564 0.163926 0.812499 -0.0444311 0.696639 -0.781868 -0.122825 0.068472 -0.391325 -0.13552 -0.249345 -0.127037 -0.102366 0.243027 -1.59541 0.733771 -1.31845 0.187261 0.751474 
1.08063 0.844485 2.23605 0.699326 -0.90225 -0.60528 0.0912479 -0.96181 -1.23676 0.440132 -1.93788 1.3611 -1.53188 0.0650531 -0.141165 0.387846 -0.329048 -0.093091 0.0431758 -0.307476 0.137701 -1.08927 1.48844 -1.02484 1.56937 -0.160916 0.0607228 0.00412657 -1.37845 -0.192687 0.256494 -0.467563 -0.0477408 0.00356847 -1.46038 0.702535 -0.311511 0.177348 -0.189519 
1.12192 0.830997 2.01657 0.413475 -0.867318 -0.607254 0.158219 -0.85469 -2.39174 1.85693 -2.8065 3.02716 -1.77281 0.140155 -0.176476 -0.273059 -0.335951 0.152279 -0.252898 -0.345995 -0.0277879 -1.29645 1.51503 -0.355942 0.873987 -0.971387 0.0160764 0.205617 -0.982764 0.8177 -0.0205902 -0.292861 0.524106 -0.0880738 1.35758 -1.54469 2.26179 -2.26806 -0.551846 
1.22079 0.66801 1.96299 0.363375 -0.74997 -0.858177 -0.254747 -0.989598 -2.53321 1.95517 -2.29383 2.23509 -2.50327 0.0811295 0.0644516 -0.594918 0.488652 -0.113681 -0.249685 0.21663 0.0496273 0.26831 -0.056251 1.23695 -0.698692 -0.712762 -0.111368 0.431056 -0.847724 0.789791 -0.270238 0.00381395 0.758511 0.0759252 2.4027 -2.1448 0.800894 -1.05356 1.50839 
1.20305 0.895449 1.42165 0.902127 -0.980999 -0.856939 0.37485 -0.805063 -2.12343 1.80068 -1.56955 2.32847 -2.48557 0.0287872 0.25458 -1.12078 0.45384 -0.117959 -0.249084 0.412516 0.0481373 1.10625 -0.629765 0.444952 -0.179573 0.536998 0.0522069 -0.189584 0.633938 -0.786913 0.231181 -0.0247902 0.0893739 -0.303447 1.0293 -0.187497 -0.877214 -0.753063 2.26355 
1.24958 0.92259 0.842211 0.817215 -0.867929 -1.10726 0.157768 -0.941461 -1.42696 1.3254 -1.84887 2.05552 -1.96627 0.133336 -0.125132 0.0390196 -0.298261 0.1175 -0.274476 0.306004 -0.25382 1.29761 -0.243748 0.359741 -1.45176 1.55079 0.0765681 -0.475089 1.66074 -0.816659 0.0623656 0.264233 -0.0365722 -0.377189 -0.110564 -0.130029 0.678498 -2.47155 1.60036 
1.33639 0.770316 1.46067 0.603866 -0.863499 -1.13141 0.680854 -1.05888 -0.825816 1.55693 -1.20981 0.876712 -0.934777 0.105355 -0.220509 0.539955 -0.362819 -0.0555929 0.0151493 0.375943 -0.329052 0.995684 -0.759794 1.12345 -2.65112 2.13736 -0.228522 0.233802 -0.729881 0.621312 -0.221733 0.328295 -0.74946 0.0516754 -0.477927 -0.898585 0.599608 0.868546 -0.926276 
1.35493 0.70208 1.38217 0.454396 -0.923522 -1.09211 0.533712 -1.27051 -0.431276 0.565607 -0.725424 -0.595607 0.171088 -0.0951854 0.10867 -0.690862 0.323051 -0.104233 0.0538191 -0.443456 -0.202144 0.819686 -1.14233 0.959349 -0.583209 0.624516 -0.276773 0.428787 -1.13575 1.05682 -0.142657 -0.0522314 -0.415326 0.366942 -0.359693 0.910855 -0.770443 3.30451 -2.92252 
1.2412 0.878986 0.769806 0.926917 -0.967732 -1.0776 0.237398 -1.26103 -0.00612937 0.414599 -0.25046 0.293503 -0.310261 -0.171417 0.208278 -0.595798 0.693998 -0.198249 -0.0370821 -0.0393823 0.0378902 0.635991 0.15106 0.353008 0.653389 -0.78516 0.0534434 -0.143523 0.857073 -0.247585 0.0199934 -0.196722 0.853361 0.12132 -0.385254 1.5193 -1.4361 -0.781325 0.0268792 
1.18351 0.910358 0.786367 1.14839 -1.12177 -1.12919 0.494329 -1.23262 0.204714 0.716667 -0.372417 0.0577815 -0.614072 -0.041742 -0.0348532 0.166211 0.0754661 -0.0842399 -0.142903 0.409905 -0.0808244 0.434432 0.376964 -0.476749 -1.36453 0.651395 0.090615 -0.0305381 0.112519 -0.218439 0.0329664 0.358726 0.810902 -0.237669 -0.603343 0.0204466 -0.2971 -1.50317 2.53714 
1.19946 0.844133 0.936017 1.00238 -1.05197 -1.2205 0.647303 -1.34185 0.428303 0.791563 -0.72721 -1.07103 0.341134 -0.0808023 0.17774 -0.48328 0.475558 -0.165283 0.321644 0.77152 -0.199779 0.0326478 0.171507 0.055908 -0.849786 1.75198 -0.0288261 0.0622984 -0.346253 0.281891 -0.0445442 0.17061 0.0794419 0.441503 -0.397556 -1.08191 0.681784 2.23854 -0.700238 
1.10271 1.0881 0.303088 1.62395 -1.28705 -0.80755 1.26585 -1.4324 0.237362 0.888174 -0.316509 -0.792004 1.13791 -0.0705681 0.0274452 -0.180042 0.357357 -0.128784 0.0277067 0.489347 0.360678 0.0368762 -0.704951 0.205035 0.874007 -0.0488426 0.134605 -0.428597 0.269914 -0.756406 0.219218 -0.836393 -0.531867 0.744357 -0.46163 -1.34702 0.0119833 1.45021 -3.6276 
1.12889 0.871578 0.755975 1.35974 -1.18076 -1.19279 1.13665 -0.981173 0.465179 0.0866129 -0.522175 -0.197024 0.292291 0.0538028 -0.250857 -0.213365 -0.280848 0.0539348 -0.514749 0.239653 0.544578 -0.428982 -1.17551 0.0678913 0.600428 -1.87561 0.0816633 -0.21093 -0.431071 -0.491827 0.12167 -0.185341 0.0590596 -0.304615 -0.453033 0.422551 -0.45044 -1.03548 -1.00229 
1.15651 0.837241 0.0897228 1.3431 -1.23312 -1.3223 1.5055 -0.887823 -0.19162 -0.287335 -0.248617 -0.191577 -0.737702 0.0110952 -0.183485 -0.611113 -0.13447 -0.0071141 -0.157635 0.548407 0.0560628 -0.416157 -0.282399 -0.245405 -0.161469 -1.05114 -0.186971 0.17404 -0.166618 0.594706 -0.231361 1.06454 -1.37422 -0.994554 0.120152 1.31631 -0.628777 -1.67863 1.03724 
1.13999 0.688093 0.144862 1.22527 -1.18787 -1.35043 1.68506 -0.92511 0.0490223 -0.195786 -0.76758 -0.358493 -0.758846 -0.133168 -0.0768174 -0.379983 0.313858 -0.177426 0.549788 -1.13457 -0.449976 -0.30883 0.140802 -0.560885 -1.07821 -0.838371 -0.0505364 0.155594 0.845861 0.642506 -0.02207 0.601688 -1.16053 -0.273803 0.895878 0.711086 0.778874 0.132878 1.63098 
1.02335 0.760424 -0.29026 1.65696 -1.41055 -0.772511 0.370932 -1.3378 -0.500449 -0.146533 -0.809503 -1.26978 -1.57607 -0.0394412 -0.0278908 0.234748 0.508035 -0.0291841 0.444054 -0.612128 -0.217741 0.479721 0.428687 0.533469 -0.0285916 0.579847 0.128648 0.0994366 0.621598 -0.197278 0.147615 -0.788383 1.63993 0.81401 1.39741 -0.151578 1.52254 2.11839 1.69834 
1.10055 0.660202 0.37961 1.7333 -1.21705 -0.906373 1.07293 -1.14285 0.528744 0.2329 -0.234111 -0.387085 -0.178998 -0.00451944 0.0226192 0.241615 0.11658 -0.0298114 -0.238594 0.505362 0.364034 1.08858 -0.0107757 0.961652 1.04018 0.859967 -0.0407514 -0.129686 -0.265817 -1.5516 -0.248257 -1.12778 -0.303833 -0.0709344 -0.928893 -0.768565 -1.59982 -1.63348 -1.82039 
1.01883 0.783043 -0.048646 1.77354 -1.44036 -1.01111 0.876293 -0.973765 0.588128 -0.157309 0.15215 -0.229603 -0.716107 -0.0801926 -0.157577 -0.0310696 -1.04356 -0.277441 -0.683727 -0.91596 -0.288675 -0.449172 -0.339878 -1.06636 -1.66207 -1.24054 -0.0447036 -0.0351726 -0.451558 -0.645286 -0.0551999 0.119348 -1.56761 -0.642518 -1.11183 0.877971 -1.53377 -1.83328 -0.603543 
1.02035 0.502625 0.34854 0.689743 -1.4945 -1.5901 0.156968 -1.43153 0.0795718 -0.106978 -1.30047 -2.04916 -1.41954 -0.049223 -0.0125533 -0.209943 -0.528706 -0.0850114 -0.119246 -1.06225 -0.278484 -0.0232535 0.867196 -0.572114 -0.793102 0.256425 0.124274 0.439212 -0.129103 1.3479 0.489804 1.11076 1.58645 0.718295 1.05201 0.916172 2.80359 3.45335 1.71809 
0.969603 0.77049 -0.258589 1.24484 -1.52537 -1.13035 -0.185958 -1.25225 0.564874 0.709887 -0.419964 -1.02271 -0.459682 0.0440818 0.281634 -0.160173 0.304339 0.212363 0.427033 0.670494 0.42962 0.602839 0.576294 1.73724 1.79127 0.477551 0.153928 -0.0180502 1.1036 0.0383597 0.270951 0.205041 2.74387 0.812224 0.432289 -1.73017 1.54341 1.28184 0.195415 
1.06443 0.78426 0.188367 0.994082 -1.28213 -1.16307 0.827462 -1.00191 0.682411 0.469316 0.436769 -0.257884 -0.941987 0.104705 -0.0306035 0.893661 -0.490346 0.185939 0.085795 1.68162 0.53374 0.409035 -0.862974 0.971293 0.488739 0.45184 -0.0774872 -0.423885 0.221705 -0.801624 -0.216109 -0.425876 -0.660173 -0.593365 -0.552619 -0.773573 -2.74038 -3.32899 0.440186 
1.07431 0.739886 0.635072 0.75449 -1.33943 -1.04456 1.49566 -0.718509 0.97391 -0.153087 0.551328 -0.533966 -0.00784223 -0.0334054 -0.14225 0.0615318 -0.497285 -0.00374586 0.00115684 0.0103201 -0.163745 0.0502205 -0.197278 -1.00315 -1.53772 0.917737 -0.278527 0.141054 -1.71689 0.535657 -0.0984102 0.129178 -2.29926 -0.919723 0.331904 1.347 -1.88833 -0.562499 0.589669 
1.03103 0.642009 0.249899 0.496797 -1.28588 -1.16191 0.837782 -1.16565 0.732632 0.272038 -0.566376 -1.7956 -0.0242499 -0.173821 0.11045 -0.823224 0.0453102 0.0875292 0.214973 -0.617639 -0.385983 0.740939 0.484026 -0.91704 -0.0737597 1.04151 -0.179491 0.305739 -0.668407 0.484981 0.179169 -0.0819891 -0.305589 0.116249 -0.382821 0.676202 0.823582 1.80477 -0.553878 
0.900487 0.850336 -0.188152 0.7998 -1.2519 -0.829584 0.878023 -1.10449 1.71485 0.330938 -0.365712 -0.607726 1.03367 -0.212896 0.163488 -0.606875 -0.0123038 0.175423 -0.0808323 -0.295269 -0.0474955 -0.3326 0.478924 -0.179563 0.267051 0.36386 0.081662 -0.136783 1.33943 0.495584 0.389924 -0.43223 0.378502 0.546828 -1.90295 0.97088 1.83762 -0.268293 -1.76622 
0.818133 0.805498 -0.356976 0.484493 -1.11046 -1.24274 0.542513 -1.21315 0.400031 0.750962 -0.745939 -1.52855 0.33961 -0.0921595 -0.0263329 0.516203 0.540894 0.477453 -0.217258 -0.239137 0.160844 -1.16202 1.45491 0.920577 -0.342053 -0.724714 0.162984 -0.280055 1.21418 0.104718 -0.0281041 0.0444239 0.716135 0.26635 -0.0326866 0.673486 1.3626 1.06482 0.146862 
0.808328 0.824003 0.328051 1.34069 -0.774447 -1.04684 0.638887 -0.943648 0.552834 1.78584 0.554865 -0.949779 0.308952 -0.0499123 -0.116567 0.607307 0.0924145 0.147319 -0.0364084 0.420866 0.218855 -0.365287 1.15241 1.18304 1.33187 0.510722 0.0283281 0.0200352 -0.00537864 -1.33636 -0.670443 -0.0119716 0.905439 0.300978 1.60359 -1.705 -1.75328 1.12516 1.40005 
0.768221 0.688931 0.250331 0.576907 -0.963137 -1.27915 0.963379 -0.994291 0.0347447 1.90337 0.437101 -0.196685 0.850331 -0.0638314 -0.00629777 0.510825 -0.795467 -0.19299 -0.229229 0.666302 0.461822 0.441575 -0.250095 -0.832702 0.783104 0.675336 -0.0852873 0.262749 -0.497935 0.327746 -0.185088 0.0656457 -0.704468 0.379659 1.91931 -1.56002 -1.54351 -0.47198 -1.54537 
0.744496 0.817706 0.838876 0.545227 -0.967437 -1.27607 1.30519 -0.481826 0.994409 1.53575 -0.277837 -0.166675 0.984289 -0.1352 0.146182 0.109372 0.42016 -0.0377691 0.0292373 -0.283601 0.598514 1.55402 -0.407608 -0.360474 0.859889 -1.03465 -0.122531 0.145821 -0.893806 1.26672 0.215238 0.255458 -1.35165 -0.316322 -1.05696 -0.0363623 2.15787 0.159124 -2.31986 
0.633021 0.835113 0.359704 0.997068 -1.00091 -1.24991 0.679778 -0.395777 1.58876 1.49576 0.0766267 0.663203 -0.184317 -0.186362 0.139524 -0.382982 0.471258 0.0222482 0.0262282 -0.685344 0.1455 -0.615385 -0.286458 1.32517 0.942228 -1.64453 -0.0134609 -0.122418 0.0740991 -0.527661 0.0855026 0.366947 0.389673 -0.623742 -2.22938 0.939678 0.44622 -1.01175 0.724484 
0.558134 0.957229 0.455894 1.01649 -0.945189 -1.24984 0.619845 -0.336326 0.379023 1.24929 1.04734 0.775553 -0.660238 -0.148661 0.0237637 0.183471 -0.107501 0.0477336 0.396184 0.106072 -0.0252274 -0.675362 0.532071 0.085746 -0.151866 -0.310164 -0.0227613 -0.191966 0.522335 -1.02348 0.0718547 0.528308 0.692836 -0.123799 1.23341 1.01212 -3.38092 -1.87289 2.58489 
0.48436 0.858876 0.543175 0.889567 -0.953172 -0.85373 0.78585 -0.421004 0.913402 2.02783 0.162373 0.511337 -0.494481 -0.209124 -0.0524427 0.139353 -0.552221 0.0941029 0.554536 0.00749181 0.0217002 0.618026 0.72566 -2.05575 -0.930665 0.94036 -0.129269 0.156456 0.397516 -0.349911 0.466833 -0.326425 -0.856462 0.3963 0.544863 -0.730495 -0.409725 -0.680501 0.773268 
0.34901 0.904787 0.595248 0.464264 -0.851086 -0.695307 0.627337 -0.314626 0.997049 1.97495 -1.00841 -0.155112 0.280121 -0.27793 0.18022 0.580988 -0.457412 0.514567 0.0697589 -0.75039 0.371073 -0.130499 -0.198424 -0.323979 -0.832367 0.463104 -0.176009 0.278802 0.396496 -1.09122 0.397796 -0.473745 -2.39713 0.281946 -1.37337 -2.42787 1.93099 -0.267445 -1.79105 
0.20643 1.0391 1.12416 0.432155 -0.438605 -0.783971 0.0354594 -0.0499312 0.782902 1.82941 -0.161606 -0.32103 -0.031377 -0.385133 0.22636 0.53585 -1.64344 0.491899 0.0807911 -2.38964 0.303646 -0.755344 -1.70221 -0.124758 -1.19811 -0.85069 0.0446553 -0.100967 -0.588733 -0.698518 0.0273254 0.207293 -1.42064 0.0328998 -0.182469 -1.924 1.41319 0.622841 -0.483031 
-0.0361223 1.13115 1.1311 -1.17918 -0.359187 -0.614516 -1.7623 -0.01098 0.241706 0.272742 -1.13317 -1.35322 -0.570569 -0.233275 0.0792522 -0.00774555 -1.15593 0.541892 0.277052 -2.17103 0.403973 -0.312969 -2.12242 1.08922 -0.209526 -0.0199274 0.429805 -0.279388 -0.600852 1.72926 -0.264136 0.0484731 2.88952 -0.361752 1.08551 0.881462 2.60373 3.14497 0.831266 
-0.0268442 1.11835 1.11642 -0.723775 0.103287 -0.506919 -2.13557 0.354042 0.469934 -0.293008 0.927609 -0.530555 -0.0513044 0.0446727 -0.0530287 -0.0650021 0.085822 0.227764 0.129264 0.499881 -0.0581062 0.330163 -0.820747 2.47897 1.94686 -0.0194239 0.209609 0.0233731 -0.135874 0.154861 -0.717623 -0.103691 2.32512 -0.231197 0.115118 1.37812 -0.928656 0.139856 0.118436 
0.00855044 1.07812 1.0661 -1.09335 -0.131423 -0.485252 -1.26242 -0.0690862 0.571868 -0.548006 1.3458 0.59364 -0.589993 -0.023666 0.102625 -0.143619 -1.00107 -0.175731 0.173361 0.154094 0.172776 -0.19785 -0.744295 0.160559 -0.0696697 0.0985084 -0.0966078 0.178151 -0.0614529 -0.339521 -0.0990633 0.307401 -0.57954 0.658284 -0.488455 1.30986 -2.65287 -2.12282 1.76063 
-0.0505103 1.22097 0.972798 -1.72484 -0.0724437 -0.333558 -1.98147 0.526818 0.272084 -1.0373 1.08817 -0.600225 0.047204 -0.0519351 0.125123 -0.126455 -0.253699 0.1287 0.436665 -0.0796592 0.600178 -0.158292 0.48911 -0.173902 -0.175955 1.74121 0.036603 -0.42634 0.0776178 1.22043 0.164439 0.321735 -0.0480437 -0.0668096 0.55039 0.293987 -0.380469 0.0402927 0.473182 