0 0 0 0 0 0 0 0 0 0 0 0 0 0 0 0 0 0 0 0 0 0 0 0 0 0 0 0 0 0 0 0 0 0 0 0 0 0 0 
0 0 0 0 0 0 0 0 0 0 0 0 0 0 0 0 0 0 0 0 0 0 0 0 0 0 0 0 0 0 0 0 0 0 0 0 0 0 0 
0 0 0 0 0 0 0 0 0 0 0 0 0 0 0 0 0 0 0 0 0 0 0 0 0 0 0 0 0 0 0 0 0 0 0 0 0 0 0 
0 0 0 0 0 0 0 0 0 0 0 0 0 0 0 0 0 0 0 0 0 0 0 0 0 0 0 0 0 0 0 0 0 0 0 0 0 0 0 
0 0 0 0 0 0 0 0 0 0 0 0 0 0 0 0 0 0 0 0 0 0 0 0 0 0 0 0 0 0 0 0 0 0 0 0 0 0 0 
0 0 0 0 0 0 0 0 0 0 0 0 0 0 0 0 0 0 0 0 0 0 0 0 0 0 0 0 0 0 0 0 0 0 0 0 0 0 0 
0 0 0 0 0 0 0 0 0 0 0 0 0 0 0 0 0 0 0 0 0 0 0 0 0 0 0 0 0 0 0 0 0 0 0 0 0 0 0 
0 0 0 0 0 0 0 0 0 0 0 0 0 0 0 0 0 0 0 0 0 0 0 0 0 0 0 0 0 0 0 0 0 0 0 0 0 0 0 
0 0 0 0 0 0 0 0 0 0 0 0 0 0 0 0 0 0 0 0 0 0 0 0 0 0 0 0 0 0 0 0 0 0 0 0 0 0 0 
0 0 0 0 0 0 0 0 0 0 0 0 0 0 0 0 0 0 0 0 0 0 0 0 0 0 -1.77612 -1.30813 1.56587 -0.66837 1.05604 0.890859 0.980091 1.44146 -0.996945 -0.80125 0.380327 0.711378 0.240194 
0 0 0 0 0 0 0 0 0 0 0 0 0 -1.77612 -1.30813 1.56587 -0.66837 1.05604 0.890859 0.980091 1.44146 -0.996945 -0.80125 0.380327 0.711378 0.240194 -0.78339 -1.21623 0.860865 -0.97785 0.852641 0.68426 1.22261 1.80369 -0.273963 -0.241739 0.291352 0.390727 -1.42488 
-1.77612 -1.30813 1.56587 -0.66837 1.05604 0.890859 0.980091 1.44146 -0.996945 -0.80125 0.380327 0.711378 0.240194 -0.78339 -1.21623 0.860865 -0.97785 0.852641 0.68426 1.22261 1.80369 -0.273963 -0.241739 0.291352 0.390727 -1.42488 2.76279 1.39047 -2.58816 0.454823 -1.08202 -0.799638 0.950147 -0.495901 3.30414 2.85091 0.891268 0.0723038 -0.504248 
-0.78339 -1.21623 0.860865 -0.97785 0.852641 0.68426 1.22261 1.80369 -0.273963 -0.241739 0.291352 0.390727 -1.42488 0.986667 0.0823407 -1.02228 -0.213547 -0.0259788 0.0912213 1.93024 0.945554 2.30719 2.04966 1.2716 0.783682 -0.264054 0.856429 1.48987 -1.24142 0.381585 -0.338212 -0.314231 -1.67133 -2.33127 0.222679 -0.0615926 -0.652678 -0.00258242 2.32363 
-0.789456 -1.22579 0.543587 -0.881917 1.03006 0.98208 2.91033 2.38701 1.31025 1.24841 1.65192 1.49506 -0.0238595 0.073039 0.273639 -0.380555 -0.596265 0.514429 0.370029 -0.448719 -0.52758 -0.0512838 -0.303332 -0.361325 0.388144 0.898754 -0.898088 0.254763 1.2976 0.337697 0.629096 -0.425131 -4.46326 -1.67603 -3.00837 -3.76809 -3.20001 -2.02464 0.223599 
-0.710351 -0.942595 0.48031 -1.57411 1.36707 1.05429 0.773892 1.27611 -0.325247 -0.545071 -0.069973 0.778871 -0.526122 0.0885789 0.337103 0.275316 0.12415 0.603117 -0.33391 -2.53302 -0.730472 -0.701181 -1.71843 -1.92842 -1.24096 -0.0404544 -0.0719426 -0.294437 0.3719 0.891146 -0.748052 -0.988176 0.302989 0.591035 -0.424171 -0.754641 -1.40726 -0.597477 -0.243294 
-0.700877 -0.888684 0.818903 -0.757766 1.63318 0.64817 0.377311 1.65654 0.609068 -0.470026 -0.276497 0.254098 -0.0643139 0.00109644 -0.0207977 -0.0086555 0.294882 -0.233623 -0.618147 -0.14573 0.0634545 -0.475455 -1.05797 -1.76859 -0.209332 0.65546 -0.188777 -0.618552 -0.499988 0.00383512 -0.283825 0.663457 3.69137 0.689572 -0.686039 0.532501 1.78934 2.72415 3.85893 
-0.709255 -0.963393 0.471654 -1.27923 1.13345 0.436142 0.628162 1.33956 -0.800702 -1.60304 -1.83856 0.569538 0.129338 -0.100198 -0.281448 -0.224672 0.127985 0.319292 0.329547 1.15836 -0.0408994 -1.38722 -1.18593 -0.139082 1.48319 3.81847 0.0141626 -0.256697 0.1876 0.960709 0.297851 1.62009 1.42976 0.102344 0.544825 1.71354 2.96503 0.719598 1.37129 
-0.801075 -1.17013 0.594231 -0.629781 1.95247 0.977717 1.53567 1.61564 -0.778152 -1.65596 -0.41558 1.73729 3.75416 0.015259 -0.277495 0.178944 1.25559 0.0642283 1.00194 1.28403 0.165798 0.0693702 0.655565 1.19644 0.510266 2.02675 0.323066 0.155734 0.177824 0.414385 -2.29179 -0.320947 -1.18429 -0.232526 2.61509 2.39493 -0.451893 -2.8759 -8.05612 
-0.693996 -1.24089 0.650598 -0.0236414 1.19768 1.43808 1.91219 1.50536 -0.731332 -0.947479 -0.642124 1.0798 2.15609 0.222868 -0.125715 -0.0468482 0.542371 -1.97249 0.00860016 -0.0259311 -0.273425 1.22787 1.20899 -0.590975 -1.39271 -4.23765 0.0961002 0.326011 0.0084404 -0.779493 -1.28033 -1.94675 -1.55715 -0.722717 1.25317 -1.19375 -1.45215 -0.703518 -4.99477 
-0.578208 -1.29585 0.547383 -0.0874105 -0.020025 0.986317 1.50974 1.34221 0.449717 -0.446965 -1.00655 0.344578 -0.483487 0.111359 0.048516 0.187384 0.476098 -1.2161 -0.944803 -0.273122 -0.556919 1.32254 -0.538184 -0.25571 -0.193252 -2.96801 -0.297744 0.0410827 0.369296 -0.261302 1.70916 -0.0667139 0.330266 0.120931 -1.17909 -1.22218 2.35386 2.92657 4.07036 
-0.582637 -1.19237 0.837983 0.452457 -0.0184225 0.493281 1.63907 0.948441 0.591211 -1.48566 -0.897834 0.886552 -0.811927 -0.0748765 -0.0846319 0.322448 0.281068 -0.263332 -0.0581137 0.304335 -0.152494 0.0487791 -0.0131857 1.76289 1.53386 -0.167288 -0.0496606 -0.193678 -0.061139 -0.905973 1.06284 2.52086 -0.343364 0.800089 -0.601579 1.51748 1.09916 0.953699 3.88999 
-0.653084 -1.38048 0.869831 0.193658 -0.283357 0.928203 1.81407 1.18972 0.498496 -0.460151 0.756334 1.87844 -0.650775 0.0616986 -0.145162 0.126245 -0.429875 -0.153256 1.57606 -0.616485 0.24317 0.720965 0.9793 0.843452 0.760447 0.92198 0.176765 -0.0876424 -0.391076 -0.505027 0.090091 0.804668 -1.24929 0.255378 0.9301 0.224204 -2.15768 -1.82858 2.66387 
-0.520938 -1.33753 0.964228 0.022582 -0.171678 2.06934 1.02258 1.19161 1.31218 -0.506363 -0.0543819 1.647 0.110053 0.101888 -0.172274 -0.0686282 -0.223958 -0.173241 0.746554 -0.944952 0.102884 0.978879 0.211018 -0.39479 -0.294719 2.49658 -0.0446619 -0.345552 -0.268272 -0.218851 -0.924674 -2.01816 0.362163 0.107359 -0.558056 -1.39064 0.528317 -0.303325 0.183322 
-0.551196 -1.55275 0.801203 -0.0303004 -0.456598 1.67476 0.869119 1.2926 1.47738 -0.249133 0.361543 1.58372 1.84581 0.0170367 -0.490714 -0.142027 -0.648726 -1.07793 -0.442102 -0.254322 0.350529 0.162908 -0.41134 1.37177 0.457122 1.1053 -0.0199497 -0.126832 0.169584 -0.178964 -0.249667 -0.612982 0.626613 -0.382207 -1.25529 -0.874187 -0.486703 0.795158 -4.71912 
-0.503901 -1.82825 0.822201 -0.626144 -1.24961 1.62724 0.76826 1.54214 1.47508 -0.917702 1.31739 2.10412 1.21536 0.0819387 -0.299106 0.100956 -0.402922 -0.422908 0.133573 -0.318339 -0.279323 -0.276414 -0.663169 -0.881493 0.50044 -2.22253 -0.0125463 0.456246 0.338017 1.7041 2.15894 0.208688 1.14481 0.00348111 -0.266987 0.194726 -3.49262 -0.583233 -0.66813 
-0.469257 -1.85186 0.902158 -0.433222 -0.879506 1.80833 0.550779 1.01328 1.20096 -0.912302 -0.51995 2.08416 -0.376727 0.00449041 -0.0344675 0.19599 1.05537 1.08101 -0.233414 0.890489 0.35401 -0.104079 -0.216614 -2.12085 -0.126111 0.437172 0.0284212 0.6026 0.0379971 0.487109 1.50759 0.248624 0.656402 1.11775 0.338357 0.226763 1.44419 -1.48926 2.71331 
-0.499411 -1.86271 1.01819 0.429227 -0.1686 1.39382 1.65875 1.89615 1.37101 -1.13432 -0.803461 1.97801 1.65253 0.11036 0.303493 0.138953 0.0841874 1.08468 0.382196 0.338062 0.838423 0.0619426 -0.436407 0.562698 -0.988825 0.490773 0.0932836 0.0454246 0.0328665 -1.19323 -0.644304 1.17072 -1.46735 -1.20596 -0.395574 -0.588508 2.21877 -0.487156 -2.03373 
-0.358897 -1.54837 1.04111 -0.349035 0.205173 2.19053 0.888841 1.8517 1.2629 -1.34871 0.0427487 1.09533 0.114046 0.097774 0.0109571 0.228857 -0.137862 0.436704 0.937302 -0.576862 -0.851949 -0.499653 -0.805121 0.0979258 -0.613267 -1.59656 -0.117063 -1.11364 -0.0411535 -1.54436 -1.76656 -0.961013 -1.28148 -2.36657 -0.481107 -0.251031 -1.52288 1.28173 -0.883467 
-0.401637 -1.85176 1.24705 0.291364 0.268103 2.33112 1.08189 1.0442 0.871353 -1.93944 -0.705535 1.36474 0.0559676 -0.00670273 -0.810148 0.0977993 -1.46018 -0.681876 -0.578816 -0.943418 -1.52814 -0.419164 -0.687438 -0.960184 0.292906 -0.392693 0.0440902 -0.31792 0.0128969 -1.26328 -0.918085 -1.4597 0.0877744 0.76802 1.13692 1.21695 0.230037 0.587485 0.976753 
-0.3656 -2.35851 1.13891 -1.80921 -0.476703 1.61171 -0.0545765 0.323561 0.84374 -2.03615 -0.917436 1.38824 -0.278647 0.141864 -0.306963 0.241754 -1.40114 -0.481381 -0.522402 -0.489088 -0.0839291 0.637262 0.411827 0.327963 -0.025782 -0.619807 0.113798 1.04437 0.27611 2.80776 1.00913 0.434818 1.07754 2.72863 0.999299 1.50804 1.82866 -0.951685 0.89537 
-0.259773 -2.15872 1.4888 -1.10978 -0.213278 1.80872 0.592799 0.960273 1.50862 -1.52761 -0.377572 1.33896 -0.56384 0.107095 0.234221 0.37391 1.34759 0.327251 -0.143998 0.134122 1.20049 0.580135 0.820606 0.868476 -0.658779 0.502676 -0.20711 0.538718 -0.408162 2.35036 0.353582 -0.513591 -0.132473 0.612594 -0.999269 -0.422167 -0.799319 -0.806514 -0.631732 
-0.258505 -2.12429 1.51282 -0.461623 -0.149452 1.46771 0.0795457 1.52405 1.42387 -1.21554 -0.0489593 0.729461 0.224029 -0.0652454 0.231755 -0.166408 0.949211 -0.127799 -1.03599 -0.621561 0.528665 -0.362007 -0.0103399 -0.471356 -0.832296 -1.25154 0.400675 1.8873 -0.495551 -1.03126 0.431644 -0.522695 -3.05858 -3.34756 -1.82126 1.20206 -0.195755 0.612349 0.716097 
-0.325018 -1.92697 1.32239 -0.160568 -0.341077 0.772729 -0.0287615 1.48894 1.14661 -1.53795 -0.848928 0.506664 -1.81538 0.50777 2.12152 -0.121641 0.316328 0.758895 -0.666693 -2.92446 -2.14707 -1.24113 2.02267 0.672722 -0.0464296 1.21877 1.31006 2.36748 -0.7535 -0.582902 1.48788 -0.162372 -1.59487 -2.86299 -1.54496 2.39356 1.43333 0.327323 5.88241 
0.249265 -0.00276996 1.39118 -0.145296 0.609443 0.80102 -2.84491 -0.623024 0.182746 0.807125 0.623762 0.683031 1.4428 1.24481 2.59924 -0.919908 0.366309 1.36008 -1.19837 -2.21643 -2.33432 -1.90697 2.38322 0.96197 -0.504973 4.63087 0.352819 -1.13399 -1.77466 0.912237 -1.51323 -1.42777 4.50335 1.76545 0.268151 -1.43363 -1.20433 -1.88536 -0.893283 
0.919795 0.672272 0.402486 0.205741 1.019 -0.425637 -2.24519 -0.845387 -0.760362 0.845271 0.113042 0.00169118 2.81549 0.860589 0.98753 -1.8963 1.22856 -0.754338 -2.09446 1.57889 -0.381625 -0.972977 0.589033 -0.531609 -1.93179 0.32549 -0.891856 -2.54156 -0.25505 -0.117941 -3.16892 0.0538878 3.73175 1.79393 2.77 -1.76197 -1.62723 -0.469649 -6.34236 
1.10985 0.98476 -0.505121 1.08327 -0.144895 -1.29344 -1.26603 -1.00465 -0.790231 1.39616 0.092153 -1.24876 1.76829 0.352957 0.0576736 -1.17496 0.248368 -1.80884 -1.14448 1.51533 -0.540399 0.863029 0.621254 -0.665256 -0.974622 -1.71149 -0.657674 -1.33646 1.10995 -0.813884 -0.633269 1.94445 -1.64 -0.147278 1.97072 -0.866546 -0.115203 2.02031 -2.81946 
1.27275 0.729945 -0.772473 0.454109 -0.789837 -1.57011 -0.729862 -1.38579 0.102668 1.46653 -0.552213 -0.972931 1.104 0.202915 -0.348928 -0.786346 0.41468 -1.38761 -0.150015 -0.0611093 -0.528902 0.997746 -0.277513 -0.646813 0.0885152 -2.49397 -0.266623 -0.214806 0.657915 1.38158 1.67163 1.35198 -2.24861 0.630256 -0.109786 -1.02182 1.19589 1.45102 -0.348742 
1.31277 0.635832 -1.29147 1.49795 -1.5325 -1.44346 -1.32713 -1.53355 0.207515 1.11865 -0.55466 -1.16024 -0.725681 0.0863346 -0.157133 -0.517043 1.62994 -0.13721 0.2075 -0.733282 0.0898574 0.753243 -0.400562 0.530636 0.476398 -2.06023 -0.0682175 0.0111448 1.01867 -0.673341 2.32368 0.0138463 0.378313 0.762832 -1.31582 -0.481331 0.572972 0.223227 2.22758 
1.35909 0.572813 -1.28952 2.08405 -0.927047 -1.36261 -1.46314 -1.29593 0.855911 1.06596 -0.021577 -0.496533 -0.956233 0.134697 -0.337783 0.232322 -0.258661 0.936075 -0.136169 0.317204 0.23393 -0.318077 -0.758844 -0.0738406 0.311743 -0.266394 -0.0126072 0.10738 0.482134 -2.13138 0.357932 -0.143116 1.31594 0.195741 -1.25806 -0.563909 -0.714107 -0.607921 2.70859 
1.44747 0.298048 -1.05914 1.23929 -0.596427 -1.57963 -1.00993 -1.29962 -0.110562 0.359801 -0.6285 -0.848501 -0.992076 0.0737274 -0.0497529 -0.0349094 -0.501436 0.220722 0.0643843 0.582661 0.285599 -0.504817 -0.964471 -0.18347 -0.131523 0.648355 -0.0690281 0.195825 -0.424095 -0.0147429 -1.23374 0.148633 -0.744006 -0.0123248 0.809801 0.257329 0.355662 -0.364031 0.673679 
1.43281 0.52306 -1.32443 1.58262 -0.706325 -1.29823 -0.880483 -1.01033 0.351094 0.101493 -0.205047 -0.628056 -0.307878 0.0656692 -0.141958 -0.191773 -0.273404 -0.297662 0.0124639 -0.426802 0.221605 0.491725 -0.501515 0.281822 -0.0522889 0.407284 -0.0189067 -0.0242459 -0.236822 0.576652 -0.87371 -0.0630389 -0.738424 -0.294793 0.21394 0.563904 -0.442875 0.190315 -1.0183 
1.51314 0.15609 -1.25092 0.965884 -0.894089 -1.56716 -1.43673 -1.07802 0.381163 -0.141713 -0.346678 -0.90079 -0.584792 0.0548206 -0.0739988 -0.271732 0.075216 -0.652989 0.00134541 -0.155763 -0.00919456 -0.290877 -0.400567 -0.626345 0.0587921 -0.369947 -0.180854 0.398986 -0.401275 1.01308 -0.883757 0.23868 0.0258641 -0.307327 -0.914203 0.099351 -0.95114 -0.266825 -0.839536 
1.48764 0.449061 -1.59616 1.65783 -1.35931 -1.29688 -1.03625 -1.01952 0.0602171 -0.299074 -0.831392 -0.569264 -0.677825 -0.115185 0.257027 -0.593049 0.739673 -1.18142 0.251144 -0.400938 -0.0857222 -0.422478 -0.402164 -0.669318 -0.319114 -0.432252 -0.140333 0.103361 0.230532 -0.381893 0.071294 0.296235 -0.0869019 0.136714 0.358628 0.19757 0.931793 -0.508679 0.482524 
1.39795 0.413117 -1.84397 1.70556 -2.07551 -1.31602 -1.83767 -1.16374 -0.0413155 -0.543877 -1.016 -1.2199 -1.01704 -0.0855124 0.029362 -0.0411997 -0.306677 -0.581695 0.297581 -0.242665 0.12752 0.067751 -0.202997 0.305448 -0.449887 0.112577 0.145398 -0.0171479 0.930021 -0.671809 1.52056 0.26461 1.65249 0.841302 1.53255 1.0521 0.796599 0.965325 1.70111 
1.40212 0.478423 -1.63736 1.35116 -1.94101 -0.999304 -1.27891 -0.892005 0.127968 -0.50207 -0.525945 -1.01915 -0.565249 0.0302123 0.23988 0.336972 0.0678643 0.339141 0.515755 1.25155 0.75558 1.11007 0.64994 0.127281 0.646211 1.26886 0.134976 0.128423 0.235052 0.940932 0.858829 0.244617 0.987588 0.40029 0.991338 0.745112 -0.0984453 0.845072 1.04739 
1.42816 0.652997 -1.50699 1.77342 -1.73637 -0.800264 -0.586119 -0.408159 1.06875 0.106062 -0.888716 -0.573693 0.251814 0.049464 0.157785 0.193853 0.634255 0.277134 0.542198 0.744923 0.52781 1.05909 0.542115 0.207002 0.395185 1.15997 0.0451675 -0.495921 -0.110222 -0.499725 0.0313157 -0.397701 -1.03894 -1.04363 -1.26665 -0.903857 0.677377 -0.702318 -1.27151 
1.45159 0.636208 -1.4435 1.98541 -1.66387 -0.457107 -0.533988 -0.364195 1.18706 0.0400448 -0.318942 -0.623966 0.594721 0.0753799 -0.256041 0.226751 -0.431861 0.370457 0.118054 0.212614 -0.28805 -0.15658 -0.253917 0.804658 -0.0561066 -0.00265683 -0.0460069 -0.281124 -0.320043 -1.39453 -0.623102 -0.725112 -0.748312 -0.783786 -1.78383 -0.721717 -0.479152 -0.426568 -1.56474 
1.50354 0.396956 -1.28024 1.34156 -1.36591 -0.68221 -0.373505 -0.696209 0.912172 -0.147855 -0.0840579 -0.6298 0.249158 0.00345712 -0.123339 -0.12619 -0.760271 -0.345968 -0.182915 -0.00338872 -0.255976 -0.724736 -0.179602 -0.27215 -0.0313831 -0.404768 -0.116976 0.470711 -0.478732 0.386025 -0.400072 -0.426926 -0.0465834 0.458079 0.170087 0.135738 -1.05247 0.0685457 -0.510516 
1.45504 0.512868 -1.56969 1.22514 -2.00984 -0.640021 -0.537377 -0.620171 0.462321 -0.139557 -0.591092 -0.655349 0.189954 -0.0415961 0.21467 -0.251981 -0.0458357 -0.0296149 -0.308872 0.16603 0.17003 0.0135072 -0.11818 -0.247812 0.0124391 -0.513172 -0.00341228 0.099265 0.165398 0.642202 0.92023 -0.374683 -0.206992 0.252833 1.00936 -0.167543 0.406281 -0.192095 -1.10844 
1.46195 0.611625 -1.53222 1.29572 -1.39553 -0.991082 -0.207475 -0.526179 0.92568 -0.266035 -0.33187 -0.617361 -0.264015 4.48443e-005 -0.0240743 0.0392081 -0.118069 0.574262 -0.557598 -0.210381 -0.00314281 0.284623 -0.347145 0.134131 -0.223478 -1.51321 0.00128367 -0.424808 0.145999 -0.345792 -0.528535 0.141661 -0.812985 -0.462353 -0.290621 0.0413251 -0.465266 -0.288306 -0.89384 
1.45509 0.488794 -1.53049 1.10707 -1.43558 -1.19762 -0.747757 -0.623313 0.746944 -0.486702 -0.456961 -0.878827 -1.32325 -0.0403124 -0.210139 -0.105982 -0.391627 -0.55815 -0.167211 -0.646954 -0.292324 -0.277114 -0.0768546 -0.713078 -0.275867 -1.40701 0.0233586 0.0414059 -0.0166136 0.472702 -0.735559 0.782579 0.280734 -0.01519 0.0605842 0.37128 0.419353 -0.0171782 1.43873 
1.42163 0.401487 -1.63821 0.904097 -1.95368 -1.15829 -0.854429 -0.818503 0.648566 -0.342889 -1.04495 -0.893228 -1.67103 0.0234035 0.0173316 0.0225945 0.354633 -0.161297 0.224981 0.0703529 -0.0183328 0.345207 0.0241347 0.553484 -0.240657 -0.0744796 0.0371505 0.475197 0.276596 0.444369 1.11232 0.255996 0.947542 0.68397 0.130262 0.000819617 1.28374 0.0693133 2.47893 
1.47849 0.506126 -1.50789 1.4617 -1.59688 -0.972638 -0.677405 -0.641646 1.09215 -0.462568 0.0965227 -1.11948 -1.39773 -0.0031619 0.265059 0.170614 0.0527414 0.554165 0.0887846 0.300588 0.391646 -0.146851 -0.0760349 0.570665 -0.206554 1.07192 -0.0778048 0.169594 0.156175 -0.976329 0.749841 -0.438302 0.767588 0.418008 -0.699118 0.524767 -1.05336 1.0277 1.453 
1.41847 0.666545 -1.46759 0.956839 -1.39951 -1.06951 -0.553841 -0.426857 0.501715 -0.418924 -0.474284 -1.09978 -0.599104 -0.0544014 0.186925 0.17877 -0.621697 0.588544 -0.213321 0.837941 0.399675 -0.353911 0.548902 -0.499872 0.787039 1.37852 0.0917832 -0.751917 0.383285 -1.39221 0.420725 -0.538702 0.226807 -0.328228 0.116125 0.829877 -0.584448 0.798233 -0.0312685 
1.42409 0.693051 -1.32912 0.840006 -1.00833 -1.18596 0.160537 -0.241971 0.73824 0.0863347 -0.403349 -0.332445 -0.019217 0.0886213 -0.486858 0.553899 -1.33946 0.974891 -0.449917 0.527395 0.0634184 -0.0307261 0.753842 -0.0137834 0.591679 1.04065 0.0402619 -0.226912 -0.425827 0.772291 -0.417089 0.358044 -1.57326 -0.278819 0.15728 -0.39696 0.348461 -0.924028 -1.05525 
1.50709 0.179687 -0.913693 -0.382625 -0.42462 -1.51943 -0.0264461 -0.363438 0.470988 0.334918 -0.488067 -0.508102 0.44155 -0.0141394 -0.0399862 -0.247058 0.150594 0.171456 0.144723 -0.735317 0.120856 -0.19663 0.151942 -0.151411 -0.136989 0.323263 -0.219528 0.922117 -1.19667 2.26791 -1.55822 0.736558 -1.33749 -0.161067 -0.595517 -0.91742 -0.251709 -1.52746 -2.15126 
1.40995 0.653065 -1.57618 0.990601 -0.836877 -1.04124 -0.574781 -0.121115 0.54161 0.238277 -0.55476 -0.469434 0.304046 -0.130907 0.435259 -0.642768 0.928451 -0.583325 0.286641 -0.810092 -0.0976491 -0.626243 -0.163578 -0.265492 -0.935783 -1.1106 -0.0391528 0.140662 0.293627 -0.552466 -0.189406 -0.135597 0.85822 -0.492924 -0.705041 -0.155048 -0.118761 -0.619864 -1.63763 
1.37619 0.614946 -1.55646 0.545826 -1.00795 -1.23279 -0.836538 -0.461087 -0.155254 0.17134 -0.753559 -1.44389 -0.669053 -0.0532922 0.100675 0.0465697 -0.401872 -0.01795 0.00912636 0.122903 -0.372068 -0.901671 -0.00310553 -0.270172 -0.756853 -1.31436 0.0558655 -0.150707 0.755191 -0.574817 0.8931 0.226013 1.32991 -0.0203324 0.582648 0.600949 1.22639 1.55635 1.00252 
1.35666 0.75374 -1.52961 0.588728 -0.854827 -1.03211 -0.451878 -0.493182 -0.360061 0.235171 -0.824932 -1.22629 -1.01032 -0.0750417 0.284552 0.112424 0.353634 0.309775 0.512654 0.519822 -0.117981 -0.0435948 0.437371 0.960902 0.620566 -0.108087 -0.132958 0.142266 0.0956378 -0.121573 0.624993 0.245866 0.0412667 0.0448083 0.396438 0.510366 1.97738 1.51423 3.27393 
1.30114 0.899498 -1.44404 0.89946 -0.698171 -0.720131 -0.316716 -0.579069 -0.198849 0.608711 0.207342 -0.82332 -0.77714 -0.186251 0.242942 0.142207 -0.523445 0.607043 0.254992 0.16417 -0.327259 -0.505233 0.50726 1.70721 0.757376 1.95957 -0.386006 -0.0497837 0.651787 -2.03416 0.425214 -0.395018 -0.556946 -0.422167 -1.71312 -0.183022 0.129245 0.64413 1.5464 
1.17041 0.996682 -1.3874 0.0652827 -0.247784 -0.777117 -0.287708 -0.820442 -0.865294 0.742432 0.882273 -0.468911 0.949251 -0.461047 0.234768 0.764211 -1.68053 0.734989 0.117636 -0.0371244 -0.540148 -1.75671 0.254349 1.09015 1.2647 1.43832 -0.471981 -0.0981776 1.25509 -0.377165 0.331739 -0.136109 -0.941868 0.617229 -0.844289 -0.949178 -0.577044 0.677467 -3.52774 
0.840097 1.13427 -0.679827 -0.781067 0.0368181 -0.602495 -0.35384 -1.11922 -1.95556 0.863059 1.29749 0.441375 0.661177 -0.658231 0.144764 1.3973 -0.900611 0.938782 0.118883 -0.777698 0.289969 -1.34952 -0.441918 1.13016 1.43484 -1.56817 -0.254436 -0.65075 0.619795 0.807446 0.944604 1.04987 -0.562934 1.60413 2.15502 -1.88491 -2.07803 -1.31334 -2.71126 
0.512178 1.14145 0.00989451 -0.835328 0.690998 -0.658234 -1.06541 -0.530472 -2.21482 0.300514 2.01243 0.965932 -0.618916 -0.715483 -0.415982 1.38401 -0.873081 1.67959 1.16751 -0.600058 1.06399 0.398313 -1.63056 -0.987886 -0.048649 -1.27294 0.39656 -0.385645 -0.388417 -0.889064 -0.789464 1.24561 0.485534 0.343409 2.05601 -0.608622 -1.37131 -1.37294 1.88221 
0.124614 0.718284 0.704179 -1.65415 1.71641 0.565014 -0.953899 -0.0552314 -1.55725 -0.7675 0.309603 0.392726 -0.611767 -0.261672 -0.24088 1.00888 -1.78967 0.149318 1.36449 -0.292165 0.633378 0.70649 -1.05054 -0.241146 0.0619066 0.314041 1.23688 0.759051 -1.74561 0.618154 -3.43236 -1.91649 1.08719 -1.48554 -1.94092 2.32516 2.72784 0.0799846 1.95121 
0.250506 0.900566 1.01877 -2.625 0.840317 0.70626 -1.35757 0.102906 -1.50833 -0.750026 1.77129 1.02784 -0.304874 0.521402 0.343069 -0.361606 -0.254927 -1.75277 -0.748982 0.487132 -0.421552 -1.54261 0.694599 1.73995 0.0313356 0.678266 0.879916 0.559542 -2.3186 3.17329 -1.11191 -2.84036 1.95413 -1.57852 -2.34298 2.75247 0.672788 -0.216629 0.682099 
0.646015 1.06135 0.342573 -1.90908 -0.036361 -0.183968 -0.466767 -0.476783 -3.09986 -0.0729003 2.04955 0.424062 0.0664989 0.618244 0.318661 -1.30972 1.38362 -0.962594 -1.47587 1.66197 -0.945139 -1.63649 1.70193 0.431642 -0.154722 0.99614 -0.168433 -0.311931 -0.438592 1.78876 1.30544 0.00755802 0.601874 -0.218522 1.63458 0.978569 -0.552719 0.216044 -1.33453 
0.86875 1.21923 -0.290945 -1.24138 -0.122278 -0.769609 0.304396 -0.842233 -3.14482 0.951909 2.20293 0.873117 0.691266 0.352969 0.0311382 -0.800198 1.53383 -0.447334 -0.741424 1.08901 -0.640074 0.0919705 1.67317 1.18723 0.247379 -0.656261 -0.390803 -0.451463 0.970107 0.329515 0.278558 1.64428 -1.30881 0.593564 2.00183 -0.567176 0.803248 -0.623124 -1.62542 
0.998984 1.09249 -0.457625 -0.375242 -0.483695 -0.925392 0.62224 -1.11686 -3.00789 1.60027 3.23678 0.671441 -0.589762 0.227441 -0.132801 -0.339613 1.71313 -0.684036 0.16841 0.353156 -0.351575 0.365343 1.13476 1.23489 -0.777846 -0.629283 -0.142169 -0.171087 0.669485 -0.609816 0.165271 0.826589 -0.951714 0.340709 1.49671 -0.876794 -1.70401 -0.924991 1.24759 
1.09619 1.08643 -0.630558 0.471752 -0.806314 -0.601199 0.657553 -1.19381 -2.77947 2.08667 3.43782 0.0952713 0.061983 0.2108 -0.139949 -0.130713 0.924018 -0.282063 0.0851655 0.137292 -0.299365 1.58868 0.796374 -0.516782 -0.677611 0.591327 -0.104628 0.0590805 0.135224 -1.30936 0.279207 -0.145727 -0.703894 0.200183 1.76879 -0.885937 -2.81671 0.506535 0.93407 
1.20978 0.952542 -0.588337 0.548775 -0.765759 -0.840226 0.759532 -1.41622 -1.41921 2.39664 2.72 -0.00616973 0.00156483 0.122813 -0.0737207 -0.204389 0.403775 -0.404829 0.0226831 -0.350738 -0.151392 2.13414 0.248821 -1.58182 -0.27131 0.304788 -0.104136 0.0278568 -0.103876 -0.556977 -0.211402 0.140462 -0.679369 0.245794 -0.00477351 -1.40341 -0.590991 0.51597 -1.33021 
1.219 1.01271 -0.834947 0.875526 -1.21114 -0.578516 0.306815 -1.3452 -0.645338 2.33549 1.856 -0.176039 0.366771 0.106664 -0.112093 -0.234589 0.36704 -0.493465 0.225627 -0.542077 -0.0535713 1.5839 -0.607031 -1.10777 -0.161641 -0.73888 -0.00221643 -0.0467278 -0.0967342 0.0532611 0.216587 0.216842 0.19279 0.389031 -0.947801 -0.764413 1.83201 0.466458 -0.761384 
1.31645 0.84045 -0.822926 0.915816 -1.25922 -0.614599 0.217455 -1.46979 0.164697 1.78961 1.61223 -0.16781 -0.737315 0.120596 -0.120448 -0.301123 0.457036 -0.188242 0.239525 -0.157948 0.237638 1.18633 -0.515592 0.250189 0.195148 -0.456596 -0.0656259 -0.143417 0.0481558 -1.21623 0.516967 -0.879975 0.523295 0.0895481 -2.19107 0.203884 -0.16105 -0.631583 -0.920958 
1.3396 0.892257 -1.13607 1.33256 -1.39939 -0.338991 0.148866 -1.10756 0.540996 1.8199 2.10618 0.0191085 -0.0898251 0.0410381 -0.25551 -0.186433 -0.849187 0.0235016 -0.654348 -0.0187811 0.0359768 -0.60717 -0.403147 -1.26882 -0.793224 -1.65984 -0.15373 0.0441396 0.25292 -0.668489 0.334685 -0.383867 0.208888 -0.489157 -1.25488 0.189311 -1.74984 -1.2352 -0.685134 
1.35749 0.58494 -1.00936 0.0666286 -1.23572 -1.26895 0.198674 -1.43382 -0.442474 1.38646 0.343405 -0.961034 -2.39715 -0.0331332 -0.0763089 -0.0482031 -0.211453 0.146443 -0.144342 0.05094 -0.251518 -0.0685449 -0.326281 -1.49965 -1.04005 -1.14173 -0.0914805 0.375034 0.141596 1.72339 0.0843277 1.77458 0.0707517 -0.137378 1.38989 0.492631 0.979384 0.878723 3.41773 
1.30647 0.815948 -1.18427 1.12111 -1.25294 -0.483333 0.199806 -1.35908 0.472451 1.49362 0.606534 -1.02095 -1.23156 -0.0504423 0.119524 -0.0448367 0.874202 0.107829 1.12023 0.0519706 -0.101401 0.782724 0.089484 -0.289439 0.0854994 1.75789 0.0325087 0.0199481 0.220584 0.475452 0.112496 0.632631 -0.379243 0.454713 -0.263843 0.14756 0.804655 0.865885 1.70855 
1.30704 0.704464 -1.0542 0.940831 -1.12789 -0.148716 0.250645 -1.53522 0.340251 1.47595 0.0539668 -0.875535 -0.639265 -0.000624457 -0.0563608 0.172381 0.263999 0.258939 0.488289 -0.328303 0.203195 -0.332388 -0.17872 -0.694995 -0.174169 0.566824 -0.0170337 -0.0791943 -0.0182713 -0.572305 -0.0578945 -1.3527 -0.615073 0.504419 -0.843953 -0.351614 -0.282056 -0.488086 -3.25857 
1.30584 0.759587 -1.01189 1.38511 -0.994004 0.00495606 -0.128496 -1.15589 0.140063 1.31489 -0.0884605 -1.19511 -0.664731 -0.0674761 0.0403301 -0.0631081 0.301898 0.0499348 -0.232468 -0.563102 0.403018 -0.0612285 -0.26213 -0.571494 -0.402586 -1.50068 -0.0742304 0.095125 -0.0586188 -0.587514 0.147406 -0.656394 0.592769 -0.137714 0.203065 -0.0947562 0.890219 -0.00737738 -0.89678 
1.23957 0.744794 -1.1173 1.24273 -1.07796 -0.381185 -0.312457 -1.1322 0.279022 1.21382 -0.517528 -1.27812 -2.13995 -0.0748548 0.0387642 0.113762 -0.323514 0.406345 -0.168105 0.264467 0.0654805 -0.129323 -0.273477 0.195225 -0.181547 -0.329956 -0.0322229 0.145576 0.379037 -0.305364 0.949335 -0.0621376 1.45546 -0.093586 -0.776305 0.380448 0.66135 0.34921 2.12031 
1.23099 0.798352 -0.898129 1.06159 -0.587659 -0.163149 0.13597 -1.0904 0.0107405 1.04142 0.106764 -1.37666 -0.994688 -0.0996989 0.185906 0.315929 -0.00346581 0.999269 -0.294606 0.892356 0.309432 -0.837534 0.118319 0.0898557 -0.0533769 0.619627 -0.0298058 0.177379 -0.0259707 -0.0311976 -0.201995 -0.111699 0.318001 0.445755 -0.252449 0.208673 -1.72334 -0.07633 0.670494 
1.13987 0.9307 -0.801375 1.23926 -0.0786891 -0.675791 0.579899 -0.822768 -0.558511 1.33214 -0.427672 -1.3315 -1.52032 -0.104661 0.216143 0.0877917 -0.354712 0.204349 -0.279804 0.582468 0.511235 -0.381772 -0.0648042 -1.52811 -0.257877 0.340537 0.0354756 -0.213651 -0.221673 -1.36085 -0.765743 0.233791 -1.10355 -0.0866694 0.678208 -0.781966 -1.1397 -0.552932 0.138215 
1.12633 1.01449 -0.810337 0.706883 -0.38331 -0.442953 0.718438 -0.57917 -0.371031 0.976614 -1.42135 -1.63454 -0.65415 -0.0642234 -0.0277445 0.0942559 -1.36432 0.233526 -0.060815 -0.211193 0.222763 -0.159326 -0.663647 -1.04985 -0.606309 0.757842 0.0207629 -0.288229 0.0638084 0.107045 0.63117 0.186991 -1.16285 -0.432648 -0.255893 -0.160278 1.66077 -0.137874 0.0414182 
1.07565 0.902956 -0.707119 -0.125053 0.154837 -0.736606 0.368705 -0.600005 -0.717837 0.66849 -1.47752 -1.93781 -0.762476 -0.0838977 -0.0720864 0.1516 -0.247667 0.83552 -0.0928125 -0.580381 0.0785871 -0.637665 -0.225082 0.132658 -0.395751 0.381956 -0.00887431 0.250219 0.119501 2.25743 0.240701 0.729041 0.0903864 -0.111633 0.401081 1.62314 1.58813 0.539444 -0.206379 
1.04243 0.942408 -0.658737 0.459216 0.45221 -0.535765 0.138057 -0.500583 -1.0087 0.751532 -1.28869 -2.03029 -0.272195 -0.0730977 0.222475 0.213756 0.893114 0.474227 0.668226 -0.120807 0.11113 0.241755 0.95949 0.538282 -0.0668644 0.551463 -0.0229535 0.312261 0.219154 -0.343524 -0.24979 0.563818 0.48547 0.155268 1.60394 1.05695 0.113992 1.08891 -0.324988 
1.00255 1.12543 -0.493363 0.76806 0.629064 -0.0683794 0.247898 -0.488876 -0.476082 1.62798 -0.939236 -2.00467 -0.211013 -0.106851 0.240175 0.370754 -0.591191 0.585729 0.471005 -0.094911 0.233855 0.966274 0.831868 0.246651 0.693156 0.0569678 -0.174442 -0.109461 0.179617 -2.66105 0.541665 -0.187851 -1.38609 -0.110895 -0.454448 -2.17289 0.296631 1.05347 -1.5486 
0.935578 1.18258 -0.287983 -0.131975 1.03794 -0.0647601 0.0431461 -0.266728 -0.0424222 1.5834 -1.04204 -1.33713 -0.215227 -0.24754 0.113014 0.393373 -1.76793 1.01589 0.480375 -1.5069 0.000235233 -0.212693 -1.2134 0.834914 0.986601 -0.997133 -0.221035 -0.314214 0.29137 -0.680986 -0.350275 0.471155 -1.65894 -0.345133 -1.05977 -1.80353 0.492045 -0.319628 -0.255912 
0.755008 1.23844 -0.0999895 -0.999871 1.64496 0.411995 -1.259 -0.48864 -0.688774 0.414581 -0.104322 -1.01807 -1.20815 -0.327886 -0.0740395 0.662124 -1.27218 0.235454 0.94216 -1.75385 -0.111278 -0.093499 -0.971659 0.738696 0.373529 -0.198944 -0.00726739 -0.327576 0.255239 0.922929 -1.40299 0.15263 0.180515 0.451384 0.877476 0.67542 -1.2517 -0.906008 0.0110609 
0.607692 1.10854 0.374141 -1.40415 1.27339 0.8774 -1.71071 -0.378006 -0.135921 0.611741 -0.303345 -0.963604 -0.41417 -0.254807 -0.214562 0.648613 -0.845002 -0.3871 0.633005 -1.32638 0.451619 0.664783 -0.537979 -0.416784 0.0805939 -0.986072 0.104506 0.10234 -0.223905 1.85043 0.364452 -0.567625 1.2834 0.485111 0.506661 -1.02074 -0.446951 0.166219 -0.32251 