41.5971 -7.9329 -1.94471 -1.64976 -0.289512 0.5416 0.441442 -0.77966 -1.38122 -0.357393 0.641799 -0.024766 -0.987373 
39.364 -9.69901 -3.1455 -1.63782 -1.69354 0.437301 0.538073 0.128992 1.51304 1.67792 1.09605 0.0815915 -0.0479561 
40.152 -9.04572 -3.08776 -3.1464 -1.77627 -0.0797663 0.261787 0.404917 0.574519 1.4396 0.522025 -0.586115 -0.97273 
38.2292 -9.58107 -3.64927 -3.71629 -2.52336 -0.382429 0.479024 0.44297 -1.53648 0.581422 0.203239 -0.591504 -1.55345 
35.1183 -9.36155 -1.34736 -1.55654 -1.72647 -0.420359 1.00547 1.50508 -1.40333 -0.12858 0.385577 -0.0218632 0.421179 
40.1907 -7.59483 -0.925642 -1.2422 0.365192 0.975388 1.87176 1.11615 -1.72566 -1.11753 -0.418737 0.61781 -0.00875215 
39.8246 -6.06196 -1.0137 -0.602283 0.816669 2.11396 1.52114 2.09217 -1.50587 -0.0805322 0.18116 0.481275 0.142069 
40.3427 -6.65748 -1.36291 -0.32344 0.362084 2.44159 2.82439 2.21691 1.12868 0.919392 1.8565 0.371226 0.996742 
39.0135 -8.34575 -1.67499 -0.745497 -0.0465022 2.56079 3.25785 2.967 0.406872 -0.376579 -0.00279547 -0.314768 0.504394 
38.1379 -10.4454 -2.3355 -2.11397 0.102785 0.701433 1.41082 1.74935 -0.911832 -0.748072 -0.655579 -0.0492212 -0.912407 
39.5495 -9.37183 -1.69691 0.269983 2.16783 1.9475 0.660653 1.60517 0.63998 -1.24878 0.0106146 0.218882 -0.65526 
38.9499 -8.45484 -0.9326 0.105253 0.876397 2.00126 0.940268 0.616458 0.422638 -1.08276 0.0478545 0.997308 -1.03606 
43.6745 -2.39668 3.32083 3.34833 2.39285 0.772016 -0.855922 -0.673761 -0.15037 0.0611466 -0.25649 -0.572768 -0.769524 
56.1519 6.82402 6.96169 2.58256 0.717459 1.37426 1.72624 0.56479 0.427729 -0.738344 -2.41017 -0.516067 1.01756 
75.6174 14.7438 8.81246 3.99788 -4.3557 -0.824475 2.08501 0.119782 -0.516972 -0.591997 -2.45794 -0.837003 1.01619 
96.8995 15.9206 7.24796 5.56971 -12.4214 -1.47061 3.64924 1.25324 -0.404962 -1.95747 -2.38828 -2.34177 1.4498 
109.871 13.455 5.9367 6.85864 -14.8637 -0.587924 2.20212 1.95717 0.430581 -2.47809 -2.31244 -1.50687 2.06324 
125.402 9.62712 0.614054 3.97819 -8.54941 0.276124 -0.370567 0.27971 1.18644 -0.980089 -1.03355 -1.16201 1.08315 
129.97 8.19543 -0.914422 2.56987 -7.95498 0.840261 -1.19175 0.766241 1.18806 -0.595988 -0.722238 -0.248759 0.690836 
130.656 7.19567 -1.75717 1.91166 -8.9008 1.2435 -0.913172 0.99723 1.34076 -0.550399 -0.591046 0.0294021 0.188162 
129.649 7.55719 -2.96718 3.44926 -10.5147 2.41103 -0.991743 2.5179 -0.104639 0.162337 -0.430577 0.0446289 -0.696802 
131.996 6.8812 -3.67205 3.57168 -10.383 2.43054 -0.714092 2.64818 -0.0746572 0.412667 -0.494431 -0.333639 -1.22002 
134.494 5.95336 -3.71083 2.52186 -8.43058 1.86921 -0.822427 1.87616 1.10796 -0.00596887 -0.127714 -0.644614 -2.30222 
135.549 5.73027 -4.22354 2.28778 -7.99028 1.38977 0.468672 0.950848 1.22445 -0.684222 0.858403 -1.07366 -2.12684 
137.147 5.141 -5.17319 2.28194 -7.59836 2.14146 0.665162 0.788345 0.740479 -0.904648 1.10124 -1.62076 -1.27695 
138.357 4.81936 -6.5272 2.25966 -7.06108 2.27603 1.13288 0.0337021 1.1131 -1.04263 1.15159 -1.94665 -1.69453 
139.82 4.05451 -6.30448 0.981616 -6.30419 2.3214 0.868007 -0.483455 1.29602 -0.577339 1.09992 -1.74832 -1.86302 
139.923 3.47078 -6.30038 0.0782363 -5.84913 2.67809 -0.0537271 -0.368506 1.87682 -0.144781 0.631965 -1.32927 -2.18395 
137.835 3.48569 -5.73304 0.704589 -5.41669 2.19805 0.172563 -1.13579 2.67973 -0.195239 0.975205 -2.49711 -1.88076 
137.932 2.62464 -4.25192 0.359731 -5.12484 2.09185 0.696416 -1.18895 1.50819 0.298071 1.2972 -2.86656 -2.07993 
137.099 2.86261 -4.14835 1.74635 -5.28813 1.71541 -0.224842 -0.548918 1.0528 -0.0105604 1.561 -2.13464 -2.04164 
136.114 2.43116 -3.50578 2.31507 -4.61026 1.34284 -1.13593 -0.964961 1.22111 0.99192 1.31379 -2.23828 -2.5445 
134.842 3.01291 -3.09908 2.39278 -5.07937 1.61648 -1.51945 -0.0976052 1.5452 0.906664 1.12481 -1.81673 -2.63929 
133.27 3.9032 -3.3718 2.42642 -5.12127 1.53965 -1.96073 0.185875 1.28689 0.827429 1.0904 -1.91939 -2.34998 
131.717 4.14535 -3.19307 3.1035 -4.05547 1.7385 -2.98736 -0.0683515 1.28435 0.424698 0.825095 -1.30052 -1.63855 
129.746 3.88069 -2.3198 2.84177 -3.98184 1.23755 -3.92994 0.762428 1.42748 1.38486 1.00096 -2.22242 -1.10946 
127.376 3.28841 -3.617 3.13801 -3.53489 2.49581 -3.69378 0.328654 1.04889 1.73791 1.62002 -2.18317 -1.67459 
126.846 1.9492 -4.34751 3.34864 -4.394 2.95936 -4.12298 -0.165938 0.685058 1.78405 1.91758 -1.87803 -1.53424 
120.82 2.22298 -4.06177 2.49104 -5.8928 2.8652 -3.21296 -0.0105757 -0.0579414 1.83699 2.19029 -2.3908 -1.71704 
111.439 3.3684 -3.05163 1.65729 -3.9931 3.68613 -2.98303 0.222527 0.210187 1.98705 0.434356 -2.55465 -1.06644 
106.682 4.27156 -1.09179 1.7835 -3.28638 4.16481 -3.6083 -0.779516 -0.572611 1.72978 1.40848 -1.20467 -0.431449 
101.625 4.26153 0.132029 0.675923 -2.86782 3.48943 -4.59982 0.221539 -0.310884 2.26311 1.17338 -1.16242 -0.487034 
97.7522 3.51541 1.60124 -0.621277 -2.55811 3.86811 -4.65099 0.711241 1.02104 1.74563 1.20246 -0.50868 -0.57198 
95.8329 0.861469 2.34601 -1.49267 -1.83551 2.67453 -3.69037 1.43931 1.28163 2.04131 0.871492 -0.757435 -0.712028 
92.5031 -0.221618 3.35831 -1.27413 -0.996074 0.767782 -3.72609 2.63744 1.33231 1.97463 0.0120527 -0.427856 -1.65458 
86.8044 -1.17682 4.65795 -2.57244 -1.45598 0.507056 -2.7883 3.35191 -0.258107 1.67186 -0.241863 -0.272438 -0.870394 
82.6797 -0.589728 4.83476 -3.44273 -1.71666 1.43787 -1.95531 3.4187 -0.566346 2.1523 -0.336573 -0.285749 -1.43069 
75.0132 -2.45924 5.38508 -3.19539 -0.560059 1.32335 -2.5442 4.31591 -0.430696 2.14145 0.459131 0.139988 -1.00901 
70.5041 -1.81369 5.28798 -3.01802 -0.642233 1.20737 -2.43926 3.69293 -0.388605 0.804568 -0.109778 -0.218782 -1.23513 
64.5182 -1.48689 3.10447 -2.86702 -0.463122 0.237253 -2.38332 2.22638 -0.0568327 1.20157 -1.28833 -0.282829 -1.26286 
45.9325 -7.89639 -0.295083 -1.09264 -0.317464 3.48362 -0.191146 1.47019 -1.63418 0.492584 -0.612136 -0.464398 -0.352404 
45.8401 -8.18602 -0.676483 -0.0305232 -1.32414 2.93608 0.546886 2.58878 -1.78423 0.725308 -0.868462 -2.10962 0.598414 
48.3134 -8.65466 0.850517 2.55756 -1.46954 4.23957 0.704624 1.01586 -2.47351 1.14399 -0.765839 -2.12782 0.959444 
48.5542 -7.60363 1.89961 3.56754 -2.43655 3.09596 0.91961 0.945566 -1.76748 1.77908 -1.58603 -1.81037 1.83412 
48.183 -7.48295 -0.360629 1.7014 -3.57982 1.11355 -0.131588 -0.199042 -1.31934 1.35445 -1.60726 -1.49921 1.66049 
48.51 -4.37173 -0.20274 1.40372 -2.27734 0.968815 1.20598 1.21746 -0.692541 1.21089 -0.657036 0.191559 1.1484 
49.2971 -4.33919 -0.140157 0.481298 -2.34064 2.01286 2.08521 2.13394 -1.51634 0.300709 -0.962099 -0.726178 0.755673 
46.6414 -4.73775 1.42557 -0.018815 -2.34857 2.13709 0.33654 2.17901 -0.728632 0.971582 1.6018 0.105746 1.99504 
47.2606 -5.52842 0.679332 -0.75564 -1.70499 2.26047 -1.23482 2.44133 -0.0359012 1.69494 2.32675 -1.16334 0.82038 
46.6 -5.28941 1.74556 -0.318323 -0.533864 3.88196 -0.592287 3.04707 1.08327 2.10742 2.94302 -1.07708 1.65895 
49.5048 -1.12871 5.51015 1.62075 0.972434 5.1981 1.16297 3.95976 0.483614 2.39358 2.51942 0.403986 1.37417 
51.1048 1.90489 6.14705 2.78853 2.7983 3.7984 2.7726 4.04972 -0.00407322 2.06968 2.11773 0.96841 1.31316 
52.1119 1.81568 4.80047 4.48263 3.53517 3.98555 3.47855 4.19242 1.08235 1.37248 1.24769 1.79044 0.943368 
53.5029 0.635726 3.44687 3.63278 2.21941 2.94047 3.22091 3.2028 0.213846 1.04957 1.6276 1.04056 0.0433654 
61.081 0.70335 3.12983 2.78529 2.03636 3.00945 2.72578 1.51891 1.50723 1.27181 1.12305 0.697085 1.28946 
49.6323 0.859389 4.99442 5.04947 2.97465 3.69314 4.1033 2.43212 0.759739 1.86263 0.868158 0.692268 1.20259 
48.5374 -0.502911 4.29269 4.34453 2.57978 3.77158 3.77974 2.19693 0.683122 1.11455 1.45803 0.759824 0.591948 
45.2088 -1.65839 2.91236 3.98341 3.84947 3.57663 3.55595 1.90788 1.56119 0.952685 1.51211 0.341522 -0.533542 
44.6474 -2.77877 2.60437 4.03039 2.5442 3.4121 3.71843 3.37752 1.73443 2.11067 0.85547 0.678091 -0.974938 
43.4252 -3.13447 2.20585 2.3635 1.11108 2.79367 3.91286 2.99151 1.83677 2.60281 0.969081 -0.0314833 -0.124793 
43.3819 -3.07744 1.72713 0.994948 -0.57542 0.870746 2.25252 2.65184 1.29545 3.12727 1.88266 -0.46298 -0.196898 
42.3419 -4.1384 2.21121 0.932119 -0.147336 0.93028 1.09287 1.86422 1.82329 3.8994 2.40903 -0.2614 -0.32588 
42.4028 -4.2036 1.28363 0.133938 -0.986444 -0.642749 0.592124 2.42414 2.66872 3.13616 2.03033 0.807019 -0.53219 
41.7102 -5.19379 -0.51232 0.253577 -0.912315 -0.207393 1.74165 2.17468 2.67824 3.15475 2.36393 0.629055 0.197638 
40.415 -6.30366 -0.444076 -1.19059 -1.22549 0.722379 2.07582 1.39483 2.66853 2.94458 1.52513 1.02877 -0.299961 
39.5678 -6.81735 -0.686112 -0.811953 -1.03226 0.623277 0.925175 0.75531 1.75991 1.46781 2.04639 1.99833 0.270836 
40.3815 -6.17519 0.429143 -0.180734 -2.22377 0.366799 0.453027 0.216755 0.743098 1.1184 0.736079 0.668772 0.0974861 
42.3508 -3.76942 0.0210341 -1.4723 -3.38033 -0.621054 -0.779615 0.246384 1.7695 1.46896 1.41084 0.461224 -1.23922 
42.0404 -4.24359 -1.39818 -1.5848 -2.11403 -1.22599 -0.503906 -0.00643626 1.50734 1.60033 1.98357 -0.303644 -1.09932 
41.4154 -5.58182 -1.34047 -2.53936 -3.27207 -2.28523 -0.0523553 0.361827 1.34669 1.76887 1.68591 -0.453357 -1.46233 
40.1513 -4.86266 -1.05674 -1.89912 -2.6915 -2.63092 0.0412448 0.395828 2.58559 1.65162 0.311487 -0.223733 -0.844058 
35.5584 4.58764 -8.42956 4.40293 -4.79783 0.00104435 -0.49047 -2.42093 3.92887 0.428132 2.10172 0.960049 -0.246673 
38.8157 -2.95657 1.16843 -0.337792 -1.88355 -1.93815 -0.488572 -1.38455 0.684833 0.915558 1.33353 0.73488 -0.0622076 
0.000484941 -3.57933 -0.0319246 -0.406266 -2.11848 -0.786887 1.77477 -0.920212 0.653256 0.804518 0.528432 1.15265 -0.0187546 
