-0.949551 -0.773026 0.488745 -0.0830497 0.137474 0.967893 0.547671 0.769451 1.63506 0.440651 1.20065 0.716567 1.00641 -0.0514674 -0.387956 0.280943 -0.298356 -0.757643 0.585485 0.280362 0.0151725 -1.37237 -0.481133 -0.0679339 -1.39573 -0.109909 0.0378298 0.157916 -0.0824308 -0.571412 0.982751 -0.405809 -0.404625 0.0443026 -2.32071 -1.11291 -2.78355 -1.27875 1.02634 
-0.948472 -0.868913 0.737987 0.124059 0.185458 1.26545 0.917954 0.863802 0.41381 0.171984 0.516203 -0.605105 2.05915 -0.000148553 -0.155037 -0.0158243 -0.542378 0.0491998 -0.227783 -0.866841 -0.134689 -1.50848 -0.240729 -0.763655 -0.491146 0.504415 0.0953712 0.572716 -0.41363 -0.942508 0.914074 -0.649799 -0.62847 0.26362 1.94869 0.529731 0.869881 2.26908 -0.677691 
-0.9497 -0.928063 0.472921 -0.625428 0.186674 0.740109 -0.31917 0.634763 0.126587 0.199923 0.436996 0.225421 1.51083 0.0439037 0.184759 -0.132687 -1.24086 0.156431 -0.0643141 -0.348108 0.278793 0.576325 0.0485981 0.801947 0.873349 -0.7876 0.00489037 0.436226 0.0814383 0.536078 0.00254331 0.452083 1.56691 0.339705 2.9333 0.723175 0.230439 0.339026 -1.24388 
-0.904568 -0.684153 0.6053 -1.11681 0.341889 1.20114 0.569847 1.14259 0.990134 0.220582 1.31815 0.268244 1.27155 0.00474182 0.281189 0.0656141 -0.00629961 0.0517431 0.2243 0.700066 0.205016 1.42482 0.482446 -0.533216 -0.15212 -0.739464 -0.142505 -0.101866 0.184643 2.71081 0.562291 -0.0813787 1.39904 -0.896978 -0.172076 -0.482289 -2.41527 -0.809152 -0.115246 
-0.944958 -0.646874 0.538535 -0.631727 0.238417 0.964409 0.380896 0.839779 1.55141 0.682369 -0.0962197 0.0733011 0.771363 -0.098601 0.0828929 0.0519566 1.46994 0.718722 -0.145693 1.05094 -0.618185 0.404249 -0.433691 -1.61333 0.0641971 -0.902846 0.040944 -0.142208 0.0526215 0.74338 0.0765692 -0.575584 0.95975 -0.158915 -2.03664 -1.18108 1.5767 0.774259 0.476863 
-1.00317 -0.60126 0.657257 0.353139 1.06061 1.05544 1.62078 0.524409 1.39438 -0.213109 -0.295179 0.332442 0.368707 0.0456858 0.138981 0.118236 0.73708 0.128312 -0.351284 1.65982 0.0461013 -0.611815 -0.698629 1.04348 0.622139 -0.262601 0.0982114 -0.133949 -0.228318 -1.89211 -1.36427 -0.400068 -2.43951 0.50921 -1.08595 1.06833 2.59691 0.473374 0.911254 
-0.899272 -0.507892 0.65677 0.105353 0.36673 0.613125 2.04071 0.88588 0.939594 -0.0162608 0.94726 0.69544 0.508762 -0.000389651 -0.0510563 -0.176361 -0.422164 -0.64555 -0.545761 -1.38857 -0.108976 -0.681699 0.634638 0.98358 0.537571 0.00840792 -0.0905892 -0.138704 -0.572101 -1.76314 -0.719233 0.196364 -3.35863 -0.692901 -0.237852 0.206352 -1.89072 -0.971614 -0.279084 
-1.00356 -0.652317 0.480896 -0.0690254 0.415061 0.509683 0.232213 0.415433 0.712684 0.42153 0.688402 0.870012 0.377115 -0.0449033 0.000277346 -0.453866 -1.02606 -0.590921 -0.15492 -1.69881 -0.646799 -0.849666 -0.492278 -0.84724 -0.349475 -0.541685 0.124024 0.200832 0.476565 0.110343 0.707983 0.967547 2.27504 0.485754 1.01535 -0.971456 -1.35653 -1.01319 0.46232 
-0.944175 -0.507615 0.202905 -0.920709 -0.224191 0.458206 0.341897 0.239081 0.0899274 -0.508538 0.10002 0.345965 -0.0329228 0.123634 0.149776 0.300203 -0.311821 0.0624329 0.421786 0.886473 0.376778 0.333651 -0.336818 -0.372954 -0.475616 0.470728 0.0791462 -0.24119 0.94857 1.56837 0.875357 0.268078 1.62481 1.37244 1.82213 0.920316 1.14911 0.0729968 1.21099 
-0.879924 -0.502541 0.781099 -0.380846 0.477494 0.931469 1.11869 0.792211 1.04633 0.0847117 0.315448 0.394396 0.847843 0.0342429 -0.240913 0.494704 0.542309 0.284436 0.113158 -0.0740092 0.725643 0.972459 0.428039 0.301867 -0.276478 0.669308 -0.144336 -0.580171 -0.503372 -0.16546 -0.871466 -0.68205 -1.21915 0.12067 0.178103 1.23103 1.56729 0.517275 -1.39767 
-0.909932 -0.748528 0.697609 -0.3784 0.0602445 0.571364 0.267888 0.964724 1.06239 -0.0804998 0.401887 0.0694869 0.636385 -0.0207015 -0.430396 -0.203168 -0.477281 -0.809033 -0.260264 -0.332677 0.497448 0.511754 0.894214 1.19433 0.0416585 -0.926943 0.122501 0.0147362 -0.567485 -0.979679 0.00731223 0.418102 0.400989 -0.161265 -1.2472 -0.318553 -0.558148 -0.140671 -1.27982 
-0.900626 -0.932936 0.577931 -0.858127 -0.331539 0.671205 0.786009 1.28966 1.55809 0.978926 1.50978 0.436054 -0.0791005 0.156744 -0.226177 -0.0727807 -0.43737 0.291748 0.53126 0.32698 0.564379 -0.274739 0.109485 -0.256281 -0.417149 -0.610512 0.273827 0.182914 0.668256 0.895842 1.11368 0.73809 -0.754458 -0.506827 -1.77775 -2.42496 -3.12797 -0.552759 1.96541 
-0.753188 -0.974704 0.624828 -0.81577 0.351993 1.10262 0.594868 1.5291 0.787647 0.0289853 0.145606 -0.347662 0.0258731 0.253126 -0.247482 0.465088 0.418561 0.304645 0.477826 -1.08713 -0.00937842 -1.266 -1.53075 -1.93364 -0.511101 1.03847 0.0332023 -0.2174 0.878106 0.988071 -0.154678 -0.186572 -1.07426 -1.17881 -0.623831 -1.67099 0.105777 0.566643 1.96542 
-0.6475 -1.18042 1.04302 -0.439566 -0.0268947 1.14903 -0.301125 1.28028 0.292094 -0.551822 -0.423857 -0.0750467 0.959364 0.189946 -0.443577 0.805325 0.550701 0.13707 0.344688 -0.747279 -0.614434 -0.89857 -1.5615 -0.150505 0.149494 1.35491 -0.212755 -0.295771 -0.2977 -0.715112 0.700632 -0.0732875 0.742324 0.0712619 1.068 1.96021 3.43108 0.823234 -1.00123 
-0.563242 -1.41828 1.43015 -0.26507 0.489063 1.44731 -0.152412 0.914669 -0.110923 -1.53252 -0.00489892 -0.198169 1.38078 0.0403706 -0.543252 0.167387 -0.296551 1.00528 0.404538 -0.34481 0.0618835 -0.197992 0.42946 1.49744 0.312133 0.0372355 -0.273196 -0.0492183 -1.07659 -0.983817 0.0339013 -0.828187 0.380131 0.52939 0.400217 3.27587 1.23071 0.0327403 -1.74018 
-0.607129 -1.72367 1.21041 -0.736117 0.978382 1.55357 -0.645935 1.34216 0.0941017 -0.122362 1.07359 0.237087 0.9966 -0.0832496 -0.492795 -0.271264 -0.433117 0.170971 -0.483499 -0.367149 -0.0850438 -0.498353 1.71437 1.0802 0.182234 -0.385277 -0.0983363 0.551938 -0.116248 0.145158 -1.5172 -1.20906 0.159068 -0.235864 0.212124 0.325053 -1.81029 -0.841339 -0.327058 
-0.646491 -1.91108 1.15889 -0.698186 0.660034 0.963812 -0.519561 0.829625 -0.609276 0.181849 1.0753 -0.015935 0.995504 -0.0579657 0.00868607 0.0511399 -0.151393 -0.511928 -0.804518 -0.185742 -0.17398 0.0141325 0.754513 -0.312842 -0.529205 -0.289823 0.114249 0.732017 0.476164 0.0410927 -0.561629 0.473972 1.01376 0.606302 2.18044 -0.416859 -0.433547 -0.0888646 0.287315 
-0.665095 -1.71498 1.26155 -0.88751 0.466453 0.749051 -0.831676 1.16818 0.108234 0.632152 0.760746 -0.292118 0.706777 0.0309998 0.239221 0.2049 -0.392024 -0.390658 -0.00952684 0.646615 0.521258 1.68209 1.29751 0.646654 0.0933692 -0.0979616 0.162605 -0.0251551 0.0602979 0.106478 0.398482 0.844016 0.488575 0.0508719 0.314539 -0.668008 0.749611 1.03326 0.653235 
-0.615492 -1.67186 1.36379 -1.09021 0.269376 0.954285 0.127054 1.35088 1.07281 1.47936 1.72196 0.0774342 0.897542 0.10464 -0.016469 0.111438 -0.044915 -0.113446 0.0394986 0.302834 -0.123108 0.328671 0.0865051 0.436769 0.504055 0.363412 0.0440908 -0.23586 -0.278701 0.540213 0.430017 -0.145396 -0.787503 -0.669802 -1.86568 -3.02528 -1.05497 -0.375751 0.540629 
-0.560456 -1.73145 1.37298 -0.932425 0.353007 0.78855 -0.528843 1.04508 0.436906 0.718657 1.19751 0.211936 1.07019 0.0750906 0.0033616 -0.0738006 0.148189 0.0393594 -0.154923 -0.140888 -0.148543 -0.183596 -1.72777 -0.408316 -0.282382 0.442667 -0.139141 0.0282148 -0.34827 -0.0140005 -0.560634 -0.00217886 1.10314 0.228245 -0.820442 -1.07821 0.310587 -0.7407 -1.26145 
-0.540401 -1.66849 1.28999 -0.942021 0.308736 0.799362 -0.0138343 1.20234 0.889214 -0.248408 1.31364 -0.204948 1.34021 -0.0345011 0.0117458 -0.236832 -0.0589155 -0.67408 0.0373197 1.40598 0.105137 -0.491771 -0.991703 0.747357 -0.236645 -0.898039 0.146419 1.2564 0.318621 0.744538 -0.599881 -0.37524 -1.5047 -0.915174 -1.46466 0.628175 -0.671922 -0.471857 -2.13887 
-0.594957 -1.71971 1.13615 -0.991341 -0.321073 0.82587 0.877134 1.15021 -0.0548653 -0.273046 1.94487 -0.0247086 0.172151 0.22151 1.25976 0.244821 0.892727 -0.560521 -0.530163 -1.64559 -1.06372 -1.64825 -1.09959 -1.08024 -0.754239 -1.69621 1.2895 2.72476 -1.25984 1.44285 1.53614 -2.03426 -5.43327 -2.19144 -1.04991 0.0181821 -1.67798 -1.44457 0.549919 
-0.318891 -0.408734 1.53481 -0.0492938 -0.251786 0.269199 -1.65943 0.138623 -0.759039 -1.348 0.233404 -0.959187 -0.355998 1.255 2.7365 -1.49667 1.38393 0.862063 -1.99694 -4.02729 -2.08631 -1.54168 -0.973521 -0.930619 -1.68122 -0.34812 1.26531 -0.0716729 -2.75798 -0.235143 0.655543 -0.896546 1.03673 -0.357732 2.80067 2.08395 3.16111 1.85746 2.05983 
0.660042 1.01679 -0.360521 0.392592 0.54099 -1.17108 -3.15016 -0.936094 -1.59654 -1.24657 1.01425 -1.70593 -0.175969 1.48682 1.18809 -2.51316 0.657584 0.095022 -1.42671 -0.608865 -1.42145 1.15242 0.98436 2.08087 1.10322 0.363623 -0.519489 -3.76674 0.698081 -2.4252 -1.71074 1.82472 5.08528 1.83837 3.41392 1.73649 1.35993 3.56167 0.583389 
1.16793 0.779353 -0.97835 0.60829 -0.156764 -1.15751 -2.26829 -1.28283 0.393377 -0.363642 2.31427 0.144037 0.00762573 0.73551 -1.03024 -0.798591 -1.04127 -0.848682 -0.172229 1.05799 -0.247932 1.87224 0.762965 0.429311 1.88045 0.235269 -1.14616 -1.97074 2.19436 -1.48961 0.0516023 1.09153 1.2082 1.84881 -1.34891 -0.43121 -3.82864 0.0058106 -0.90265 
1.39555 -0.0134475 -1.15911 -0.648679 -0.307692 -1.3433 -2.09216 -1.18403 0.2757 -0.483602 1.44356 0.174523 0.0593004 0.340656 -0.782653 -0.318798 -0.832031 0.146624 -0.335182 0.599336 0.427358 -0.196495 0.553149 -1.74777 1.10903 -0.539027 -0.566777 0.841878 0.497358 1.00547 0.914875 -0.288572 -1.00596 0.604174 -2.38155 -0.538649 -1.707 -1.15748 -1.05478 
1.50858 -0.00329984 -1.29715 -0.223741 -0.0101394 -1.49269 -1.66896 -0.855468 0.196882 0.189508 0.566504 1.25307 -0.531401 0.168733 -0.188364 -0.301233 -0.0358021 0.0661934 -0.460802 0.0520286 0.356243 -0.50931 0.224316 -1.27769 0.722971 -0.81951 -0.229379 0.787898 0.108482 0.552097 -0.41022 0.167508 0.0956151 0.0105691 0.0771215 -0.631618 0.84518 -0.978833 0.298627 
1.56428 -0.201811 -1.46035 -0.684481 -0.241499 -1.80411 -2.04014 -0.827782 -0.23361 -0.259286 0.165872 0.897495 -0.760209 0.111278 0.00524466 -0.210316 -0.279934 -0.263596 -0.167674 0.694951 0.437927 -0.119374 -0.0784687 -0.902588 0.130202 -0.240399 -0.154549 0.603334 -0.00895892 0.317885 -0.261419 0.738559 1.74508 0.257258 0.850264 0.362235 0.319632 0.0576497 0.414511 
1.61986 0.00194482 -1.50747 -0.503674 -0.273735 -1.66037 -0.974005 -0.417541 0.0775077 0.111039 -0.336085 1.38327 -0.771801 0.0141837 0.414971 -0.310192 0.282083 -0.195226 0.277758 1.79711 0.613501 0.340954 0.586551 -0.95806 0.780621 -0.404999 -0.151268 0.0727375 -0.0263672 -0.295189 0.171607 0.0416614 0.579281 -0.320794 -0.297565 0.49281 -0.0279008 0.115399 0.202543 
1.57847 0.213159 -1.77054 -0.402398 -0.436724 -1.52635 -0.243024 -0.214281 0.107344 0.327265 -0.792188 1.67812 -1.16521 -0.0399903 0.0779822 -0.236684 -0.575123 -0.091989 -0.126013 1.27423 0.117132 -0.416939 0.414341 -0.930489 0.245601 -0.0378568 0.0105342 -0.684387 0.457698 -1.14474 0.18747 -0.508403 -1.0817 -0.579265 -1.01989 -0.0311624 -0.0789319 -0.309275 0.764385 
1.57987 0.079927 -1.74415 -1.0788 -0.365724 -1.78638 0.300226 -0.300409 -0.339431 0.52538 -1.26657 1.62887 -0.809658 0.0247179 -0.269416 0.147506 -0.862654 -0.007756 -0.230646 0.715416 0.0342359 -0.678937 0.555389 -1.03699 0.471346 0.359386 0.0312009 -0.188148 0.245145 0.607867 -0.414898 0.292529 -1.16561 0.121023 0.220947 0.0166965 0.0945738 0.386388 -0.578108 
1.60319 -0.0562563 -1.62303 -1.26505 -0.44448 -1.75699 0.472392 -0.180045 -0.571593 0.882654 -1.82918 2.14946 -0.805821 -0.00878942 -0.110166 0.00846098 0.0327438 -0.506887 0.166517 0.108625 0.238155 -0.195991 0.431037 -0.835915 0.631989 -0.615965 -0.0700566 0.250741 -0.226646 0.911761 -0.501916 0.193539 -1.13128 -0.125806 0.600966 -0.737129 1.16549 -0.344343 -0.7934 
1.57108 -0.0302393 -1.73569 -1.04605 -0.872611 -1.61986 0.408851 -0.0622539 -0.535422 0.956417 -2.10249 2.26086 -1.42562 -0.0453387 -0.0186746 -0.0791402 0.0491067 -0.509672 -0.0371065 -0.415868 -0.0915696 -0.0779702 -0.181741 0.128497 0.127003 -0.434013 -0.00998371 -0.02038 0.0795965 -0.458036 0.378055 -0.235947 -0.739595 -0.599056 0.176361 -0.873733 1.54704 -1.34851 0.973675 
1.55785 -0.0749309 -1.70217 -1.21595 -0.954153 -1.7941 0.056524 -0.271615 -0.649563 0.700913 -1.70068 2.27647 -1.23983 -0.0187731 -0.130546 0.0880575 -0.425292 -0.128832 -0.0694307 -0.63097 -0.360901 -0.01963 -0.442695 0.711129 -0.716524 0.35771 -0.0146755 0.216027 0.0940223 -0.458691 0.394646 0.385473 -0.0694126 -0.215893 -0.0257019 1.89553 -1.052 -0.720246 -0.12055 
1.55231 -0.160786 -1.64763 -1.47135 -1.00144 -1.68929 -0.222119 -0.423155 -0.555052 0.513722 -1.39136 1.54434 -1.06791 -0.0600143 0.197352 0.0148821 -0.409585 -0.115026 0.348366 -0.485281 -0.307463 -0.103672 1.71379 -0.923498 -0.593243 -0.554563 -0.0539964 0.764616 0.167122 0.619478 0.601334 0.659241 0.742997 0.121168 -0.1391 3.69609 -1.01322 1.3008 -0.86342 
1.49783 0.122421 -1.68729 -1.62553 -1.06918 -1.44573 -0.428757 -0.579078 -0.753236 2.41471 -2.62418 1.68322 -1.7944 -0.0727695 0.634069 0.25518 0.194186 0.472502 0.58981 0.112027 -0.239732 -0.15873 3.25339 -0.302096 0.584272 -0.50571 -0.105264 0.443449 0.255536 1.21077 -0.355175 0.110943 1.21479 -0.425429 -0.852696 -0.898456 3.58272 0.421438 0.268765 
1.47954 0.473284 -1.39245 -1.27716 -0.528942 -1.09948 -0.110092 -0.662887 -0.713782 3.76711 -1.69346 2.12861 -1.57362 -0.165278 0.640801 0.270418 0.801183 -0.470202 0.45931 0.729505 -0.732892 -0.956369 0.815336 2.65922 -0.171805 -0.285798 -0.195465 -0.20992 0.179602 0.0876508 -1.43463 -0.468548 0.823855 -0.41941 -0.598958 -6.7573 3.23702 -2.37378 1.81027 
1.33256 0.763222 -1.41687 -0.824347 -1.53938 -0.986425 0.300748 -1.31197 -1.7096 3.23004 0.0350386 1.51142 -2.0802 -0.268235 0.42415 0.434782 0.281837 -0.96213 0.121262 0.935882 -0.659142 -0.757688 -3.50391 2.93493 -1.7895 1.30456 -0.141352 0.121384 0.0114027 0.18226 0.0799462 0.15548 -0.72187 0.725515 1.18757 -4.44248 -2.5076 -0.604558 2.4959 
1.2113 0.897434 -0.957669 -0.995322 -1.49107 -0.978221 0.82579 -1.32203 -1.47147 0.263201 1.24147 0.339106 -0.269065 -0.306629 0.762185 0.281821 0.983443 -0.390256 0.614789 0.00763486 -0.00737727 0.231206 -3.62715 0.151615 -0.776363 2.21011 -0.0103648 0.135157 -0.306842 0.518299 0.121615 0.363162 -1.05232 0.261295 0.781894 2.97405 -4.36455 1.15818 -0.925762 
1.02593 1.52541 -1.13505 0.159096 -1.92964 -0.371636 0.308383 -1.31935 -1.4784 -0.397107 0.186654 0.735054 0.129909 -0.2786 0.559307 0.127939 0.800136 -0.840515 0.484424 -0.116438 -0.397847 0.0242062 -0.52986 -1.42962 -0.631323 0.378796 0.129863 -0.827471 0.146011 -0.940883 -0.150743 -0.685319 0.456716 -0.431729 -0.857364 3.69663 -0.369374 -0.624647 -2.42652 
0.932704 1.45674 -0.829729 -0.195186 -2.33159 -0.493797 0.709352 -1.71988 -1.44726 -0.266659 -0.188147 -0.292218 0.10973 -0.176766 -0.0652857 0.427832 0.0425598 -0.540999 -0.07053 0.464351 -0.439107 -0.626159 0.0694812 -0.217759 -1.40101 -0.216416 0.234094 -0.584194 -0.292236 -0.370654 0.48502 -0.450763 -0.30522 0.464953 -0.928727 -1.32413 1.59324 1.40381 -0.856908 
0.84916 1.46012 -0.707219 0.201656 -2.47064 -0.442166 0.772734 -1.75845 -2.10456 -0.327626 -0.0311047 -0.665955 -0.0865065 -0.0445056 -0.0248868 -0.164297 0.429482 -0.355495 0.0336616 -0.421658 0.0671057 -0.904521 -1.85399 0.16362 0.772487 -0.478112 0.355277 -0.111313 -0.607606 -0.218284 0.953934 -0.322227 -0.252985 0.486968 0.920033 -1.45485 -0.0768411 2.69879 0.298578 
0.888198 1.43185 -0.994026 0.234296 -2.68708 -0.460135 0.287694 -1.65277 -2.35178 -2.12065 -0.024527 0.480269 -0.368382 0.178511 -0.176598 -0.179774 -0.175724 0.412936 -0.392757 0.211366 0.047861 0.293874 -1.38537 -0.2946 1.29778 0.0821624 0.285072 -0.0506738 0.109528 -0.454375 1.03114 -0.471627 1.13761 -0.0725933 1.61296 3.77036 -0.985033 -0.705664 0.682663 
1.02767 1.28352 -0.886993 0.0259323 -2.0577 -0.834923 0.9841 -1.71059 -1.81068 -1.71299 -0.325704 0.631821 -0.00434404 0.240566 -0.0755606 -0.0547688 -0.0248935 0.675643 -0.437965 0.715949 -0.00548761 0.708435 1.91637 -0.821413 0.0668225 0.204551 0.0212825 0.0288175 -0.260875 -0.570012 -0.952019 0.0584088 -0.660971 -0.0630411 -0.680836 3.43536 -1.63257 -1.6393 -1.59133 
1.12876 1.35629 -1.04879 0.209402 -2.01144 -0.8981 1.00364 -1.65826 -1.64335 -0.204275 -0.84594 0.547091 -0.163831 0.199793 -0.147781 -0.440648 -0.745736 -0.539084 -0.334349 -0.449605 -0.0151801 -0.386962 2.04999 -1.92717 -0.341522 -1.50917 -0.0714422 -0.27489 -0.134627 -1.12747 -0.652712 0.315318 -0.680673 -0.0951162 -0.807788 -1.50905 0.39432 -0.946787 -1.4103 
1.22746 1.13574 -1.32764 -0.719804 -2.59678 -1.16927 0.534495 -1.72577 -2.19764 0.337001 -2.25287 0.290299 -1.51351 0.169124 -0.350451 -0.189395 -1.15236 0.0229306 -0.122647 0.035276 -0.100604 -0.0993521 0.407326 -0.427093 -0.879965 -1.20575 -0.125618 0.161586 0.375124 1.70392 1.23284 1.00338 0.749388 0.0913041 1.84367 -2.15832 2.75983 -0.632919 1.37275 
1.29789 1.00584 -1.23819 -0.942958 -1.98851 -1.02075 1.03892 -1.75886 -1.7427 0.203051 -1.27303 -0.332873 -1.36958 0.074175 0.0138053 -0.065524 0.958183 0.693756 0.66903 0.299783 0.0761239 1.45671 -0.108329 0.832666 -0.974441 -0.136417 -0.114275 0.0990348 0.10103 1.76166 0.880415 0.323015 -1.15554 -0.00867385 1.12694 -0.501325 -0.38075 -0.781547 0.917963 
1.30164 1.14955 -1.39317 0.238379 -1.90303 -0.500242 0.834278 -1.64965 -0.740934 0.228672 -1.4202 -0.684142 -1.64993 0.0548493 -0.251416 -0.0883654 0.609297 0.903346 0.200367 -1.12026 -0.109278 1.02759 -0.0939998 -0.807843 -1.66151 -0.287789 -0.0699137 -0.35336 -0.156272 -0.873963 0.209358 -1.0248 -1.55355 -0.199603 -1.59475 0.139093 -1.81498 -0.225579 -0.716838 
1.35274 0.754426 -1.32656 -0.333661 -1.08516 -0.82038 -0.0813432 -1.86814 -0.715112 0.109051 -2.08088 -1.99438 -1.65737 0.00426136 -0.339554 -0.221797 0.08422 0.903114 -0.355772 -1.25376 -0.123479 -0.138042 0.0307638 -0.982312 -1.20002 -0.853256 -0.125239 0.379372 0.00512485 0.723843 -0.335551 0.0253052 0.503189 0.308203 -0.8883 1.66796 0.997101 2.40637 -1.14879 
1.3059 0.809993 -1.61496 0.322599 -0.999913 -0.856014 -0.419485 -1.77313 -0.878975 0.259436 -2.40252 -1.88416 -2.50319 -0.07039 0.127956 -0.0832405 1.33314 0.567795 0.225673 -0.617073 0.198926 0.13929 1.57396 0.189258 0.744857 -1.43658 -0.109983 0.701621 0.428283 0.546556 -0.101072 0.529434 0.460815 0.261629 0.240412 0.967675 2.32773 2.25158 1.78657 
1.28235 0.882382 -1.4098 0.999478 -0.517368 -0.594708 -0.698416 -1.66921 -0.575822 1.68301 -1.89162 -1.24953 -3.09395 -0.105722 0.362067 0.206487 0.630776 0.802042 0.173661 -0.792948 0.13815 0.10237 0.998439 1.34542 1.05156 0.93331 -0.073811 0.185656 0.295814 -1.47982 -0.607157 -0.636194 -0.21587 0.120055 -0.240795 -2.94513 1.38979 -0.441056 3.91579 
1.20018 1.17206 -1.40848 0.953375 -0.197871 -0.682353 -1.21243 -1.63498 -0.776605 1.25787 -1.0571 -0.832603 -1.56988 -0.144201 0.313612 0.212573 -0.146679 -0.0393622 -0.410521 -0.832943 0.318981 -0.101505 -1.37117 1.57905 0.303801 2.47921 -0.0965964 -0.267863 0.311197 -1.02837 -1.253 -0.801585 0.00990408 0.169371 0.280877 -3.29771 -0.930797 -1.32953 0.287329 
1.13815 1.19599 -1.19722 0.852799 -0.556731 -1.00523 -1.53136 -1.35023 -0.677327 0.311843 -0.312566 -0.945726 -0.61474 -0.202318 0.094204 0.517683 -0.397598 -0.450962 -0.627924 -0.783044 0.307521 0.383248 -2.29927 0.41462 -0.27797 1.22064 -0.170214 -0.0193589 0.564846 0.0426507 0.311252 0.593721 1.41666 -0.322789 0.677258 0.322438 -1.62551 -0.363584 -1.04201 
0.99786 1.26626 -0.890792 0.555777 -0.648833 -1.31028 -1.99548 -1.32746 -0.393357 -1.04139 -0.642479 -1.11057 -0.349236 -0.314415 0.294253 0.777419 -0.104029 0.27189 0.1832 0.583714 -0.00380808 0.575752 -1.04873 -0.0464604 -0.0597827 1.43719 -0.298315 0.459827 0.205729 0.965701 1.52655 1.15622 1.19374 0.0316839 -1.00696 2.97411 0.0536698 0.333347 -0.116307 
0.823732 1.49025 -0.419804 0.74877 -0.284841 -0.82203 -0.947646 -1.35404 -0.101575 -0.73689 -0.359027 -1.00551 0.822455 -0.500633 0.554031 0.723413 0.568103 1.07559 0.528301 0.410692 0.339205 -0.623709 0.674837 0.46829 0.0553776 1.10433 -0.158067 -0.0365866 -0.290785 0.310584 0.666198 -0.0733991 -1.4054 0.808006 -0.280261 1.09629 0.088168 -0.88049 -2.03248 
0.497227 1.8203 -0.167379 1.12388 0.42676 -0.781975 -1.58478 -0.988252 -1.01707 -0.366558 -0.174189 -1.0552 0.755096 -0.472482 0.257667 0.486633 0.206556 0.938088 0.1098 -0.82169 0.804198 0.295491 0.047557 0.0417076 -0.940273 -0.595284 0.273529 -0.685016 -0.334704 0.0375116 -0.359463 -0.769906 0.376672 0.469505 0.534342 -1.24439 0.141203 -1.13903 -2.31729 
0.35125 1.74791 0.0668295 0.955326 0.653248 -0.712229 -1.76934 -0.549844 0.193916 -0.689333 -0.317319 -1.94578 0.22717 -0.227104 -0.130985 0.388708 0.605615 0.716129 -0.241605 0.787364 0.80871 -0.0893669 -0.569549 0.609493 -1.08365 -1.21295 0.374498 -0.381417 -0.457349 2.28654 -0.337634 -0.608493 1.63771 -0.511914 -0.998875 0.262582 0.597781 0.64299 -0.404903 
0.270124 1.68931 0.22133 1.7295 1.14289 -1.02358 -0.797421 -0.179542 -1.10643 -0.936107 0.435304 -2.13885 -0.457857 -0.0979835 -0.123751 0.0292847 2.49309 0.600455 -0.498693 0.816017 0.292284 -0.703384 0.310139 0.639489 -0.297284 -1.00019 0.201447 0.101336 -0.48492 0.749131 -0.702477 0.0386747 -1.29088 -1.07678 0.105673 1.96042 -0.151451 0.663658 1.18398 
0.253267 1.62416 0.0961141 3.44842 1.2537 -1.21092 -0.953319 -0.257559 -0.509467 -0.379194 0.32217 -2.24307 -0.773017 -0.0256562 -0.0296491 -0.0962113 1.35475 0.0136523 -0.20293 -0.503516 -0.268073 0.0163063 1.39087 0.458042 -0.419993 -0.0289728 0.014212 0.060565 0.035541 -2.52534 -0.297919 0.961383 -0.789809 -0.357149 -0.51805 -0.263 -0.651957 0.422967 1.69429 
0.244467 1.65966 0.125118 3.08424 1.15654 -1.22651 -1.30094 -0.447615 -1.09013 0.454761 0.893346 -2.55884 -0.48683 -0.0837715 -0.0631857 0.0648257 -0.0322491 0.302536 0.46269 0.0262084 -0.0648649 -1.22143 0.0471392 -0.0124683 0.125684 0.694108 -0.190615 -0.186069 0.642562 -1.18848 -0.169265 0.738562 0.528915 0.601104 0.0769486 -2.9696 -1.32526 1.87125 -0.150592 
0.169495 1.56098 0.16094 3.41617 1.55624 -0.748232 -0.927111 -0.322424 -1.7309 -0.332055 0.309702 -2.11738 -0.0789097 -0.216271 -0.215718 0.546351 0.166263 -0.155613 0.535632 0.0253988 0.333031 0.0932549 -1.57873 -0.867213 1.45126 -0.179565 -0.271639 0.0526802 1.06169 -1.80958 -1.20764 0.21282 0.342938 0.314091 2.42729 -1.27582 0.07086 1.25658 -0.782875 
0.0281966 1.44394 0.671469 3.2505 1.00093 -0.690878 -1.27554 -0.114584 -0.996872 -1.12397 0.0261332 -1.10758 -0.666395 -0.355411 -0.0105056 1.12652 -1.84183 -0.905104 0.67551 0.369146 0.249226 1.20586 -1.22868 0.0583917 1.38227 -0.0887677 -0.152502 -0.0686522 0.177046 -3.15712 -1.15472 0.958811 -0.0255811 -0.424154 0.0532883 -1.02566 -0.097816 -1.05892 -0.0563958 
-0.185915 1.55047 1.28746 1.57434 0.651135 -0.0727211 -0.557964 -0.0731984 -0.525041 -1.56073 0.368093 -0.735117 -0.167677 -0.368772 -0.284371 0.723397 -2.99086 -1.31033 1.49444 -0.00018226 -0.0911236 0.146543 -2.6044 -0.965029 0.392346 -0.235961 0.00447312 -0.83796 -1.3607 1.43884 1.20502 0.203981 0.38066 0.273226 0.643931 2.64525 -1.0463 -1.29301 -0.828937 
-0.340576 1.15957 1.39487 0.259644 -0.309399 0.803565 -1.27572 -0.205708 -0.850329 -3.72837 -0.938896 -0.715231 -0.902356 -0.350938 -0.848466 -0.234181 -0.402993 0.299921 0.879491 0.749806 0.522452 1.84979 1.41657 -0.987908 0.0892555 -0.917705 -0.0645357 -0.884249 -1.30098 3.56211 3.1584 -1.04534 2.39009 0.744729 1.67364 6.10712 1.63708 0.0144089 1.22767 
-0.536853 0.702006 1.05328 1.17134 0.951056 0.80677 0.191842 0.449254 1.32475 -0.144158 -0.619815 -0.645861 -1.08538 -0.433308 -1.16862 -0.577583 0.571254 1.84807 0.449103 2.38991 0.653605 1.82018 3.50272 0.672054 0.406755 0.991712 0.00746978 -0.193757 -0.0187559 0.0431026 -0.452414 -0.915608 -0.929366 -0.65701 -1.84884 -2.00817 1.99024 0.929926 2.90414 
-0.773884 -0.00904762 0.817283 0.830898 1.53867 1.25267 1.11419 0.447897 0.969856 -0.225649 -0.266842 -0.308476 0.0893568 -0.343468 -1.04222 -0.252937 -0.359891 -0.152493 -0.0361167 -0.17956 -0.134558 0.000947064 -0.591592 1.00233 1.01918 1.98644 0.260834 0.857502 0.523002 -0.033389 -1.93877 -0.612463 -3.06275 -0.4288 -2.10835 -2.90865 0.556043 -0.262451 -0.900021 
-0.880321 -0.340216 0.800342 0.811454 0.798563 0.770653 0.0122816 0.314695 1.3257 -0.735751 0.382513 0.37332 0.901055 -0.172474 -0.311118 -0.0545813 0.537865 -0.0906941 -0.16336 -0.672844 0.224805 -0.28817 0.59407 1.2281 0.144304 0.0916917 0.285529 0.859191 0.128903 0.230897 0.34021 -0.0473807 0.479232 0.132112 -0.684643 1.5194 -0.250076 -1.19753 -3.03011 
-0.946358 -0.320165 0.762702 1.36876 1.44798 1.08931 0.441347 0.672702 0.681686 0.368422 0.961255 -0.164172 0.181048 -0.0579392 -0.183032 -0.124034 -0.128994 0.187717 -0.0834974 0.299672 -0.00244555 -0.683696 0.927808 0.752252 -0.178346 -1.04368 0.236457 0.457661 0.200289 -2.25118 -1.13182 -0.350087 1.38946 -0.144554 0.306834 -1.0528 -1.57706 0.332828 1.0841 
-0.93826 -0.523249 0.676308 0.68246 0.986279 0.687156 0.311953 0.31225 0.642001 0.192057 1.13476 0.194974 -0.142622 0.0639826 0.146543 0.145707 -1.71331 -1.22252 -0.513447 0.716617 0.0802513 0.0186646 -0.458732 -0.348967 0.477132 1.17579 0.0515701 0.309368 0.308425 -0.606786 -1.56172 -0.549193 -0.650384 0.373422 0.945886 -0.435051 -2.09811 -0.577608 1.61978 
-0.882375 -0.173622 0.908409 -0.344549 0.225465 0.575862 1.15796 0.752954 0.700351 -0.0903101 0.612288 0.31296 1.35684 -0.0063691 0.126336 0.184391 -0.73578 -1.374 -0.632691 -0.350712 0.370976 0.262191 0.492757 -1.34586 -0.755954 0.576101 -0.12764 -0.424781 -0.59353 1.80404 1.97819 1.04606 -0.316076 0.111471 0.336706 0.866633 -0.404611 -0.456423 -1.51653 
-0.944629 -0.396913 0.860699 -0.0533199 -0.38772 0.0544652 -0.038759 0.683226 0.904192 0.684814 -0.211093 -0.56098 0.433479 -0.0636573 -0.278238 -0.447823 0.0907289 0.755676 0.532612 0.400541 0.191722 0.355371 0.407901 -0.753578 0.0207092 -0.340735 0.0172327 -0.173276 -0.72698 0.608963 2.09308 0.907329 0.657558 -0.286801 -0.28493 -2.29421 1.10574 0.938848 -0.322085 
-0.946032 -0.45186 0.460587 -0.25382 0.981141 1.10847 1.5585 0.944676 1.05572 0.317591 -0.141289 0.33367 1.01611 0.0108636 -0.0469401 -0.542589 -0.126817 0.719076 0.274638 0.306846 0.0841755 -0.022739 -1.80146 -0.240122 0.182895 0.254016 0.0711068 0.248312 0.485658 0.206292 -1.49828 -1.09361 -1.64999 -0.448608 -1.31104 -1.67871 0.184074 -0.319995 0.830266 
-0.933766 -0.443853 0.318111 -0.180137 0.331355 0.329103 0.268087 0.767402 0.881453 -1.11664 -0.451215 -0.378085 0.687496 0.00744951 -0.0299262 0.0378355 0.297021 -0.742606 -0.560994 -1.24945 -0.256886 -0.955667 -1.27081 -0.569504 -0.299286 0.489531 0.0175203 -0.203366 0.879984 -0.604868 -0.775245 0.212591 -0.51202 -0.156396 0.427179 4.13565 0.710784 0.347142 -0.768791 
-0.938583 -0.481787 0.498422 0.0432012 0.238535 0.547479 0.309059 0.68779 0.100054 -0.953222 -0.710793 0.0343836 1.50564 0.0283838 -0.250306 0.337395 -0.731685 -0.0561695 0.487229 -0.205175 -0.072221 0.40444 2.33419 0.470661 0.530037 -0.514774 0.0232392 -0.180475 0.391618 -0.591962 1.24951 0.674943 0.104199 0.228019 1.43237 3.17197 2.02056 -0.314027 -2.18335 
-0.905382 -0.694158 0.655506 -0.911821 0.275186 0.816332 0.0629117 0.695181 1.28589 1.21755 0.0194462 0.151952 0.172721 0.0306887 -0.210401 0.429454 -0.294941 0.506905 0.113949 -1.14525 -0.0288665 0.476707 1.90115 1.45105 -0.613313 -1.69381 -0.0801028 0.495607 -0.378551 1.39404 0.920817 -0.191971 0.959333 0.0110786 -1.07653 -3.66787 -0.0516739 -0.418998 1.36154 
-0.907894 -0.692188 0.927876 -0.25174 0.74544 0.661429 -0.836188 0.658923 0.576761 0.947931 0.740259 -0.578929 -0.188175 -0.0517189 0.245302 -0.0411558 0.662353 0.864648 0.295258 0.754158 -0.0611424 -0.672094 -1.33368 0.418988 0.111039 0.846766 -0.0242401 0.448753 -0.738545 0.611209 -0.440855 0.10838 3.39434 -0.0514082 -0.568282 -3.53461 -1.90693 1.20025 2.33552 
-0.957101 -0.448856 0.61435 -0.249469 1.13983 1.11159 0.81707 0.634038 0.613799 -0.116135 0.438434 0.262991 1.01949 0.00644858 0.238352 -0.309091 0.316268 0.0660498 0.222329 2.24909 -0.0802747 -0.0915752 -1.63346 -0.455881 0.586933 0.641701 0.120889 -0.449885 -0.141152 -0.18008 -1.1616 -0.842131 -0.936043 0.0644105 0.474904 0.653327 -0.566464 -0.390677 -2.28824 
-0.901445 -0.453836 0.618785 0.0645278 0.811489 0.883758 1.4129 0.578649 0.485186 -0.68553 0.284377 0.00800403 0.453526 0.0691699 -0.204583 -0.182308 0.482272 -0.296954 -0.546873 -0.181885 0.00326814 -0.19719 -0.680356 -0.147476 -0.279638 -1.44147 -0.0130622 -0.460959 0.125306 -0.168181 -0.0343285 -0.202713 -2.3685 0.289023 0.497085 1.81958 0.925149 -0.177038 -1.49484 
-0.887931 -0.65344 0.432043 0.232804 0.842879 0.564717 0.635184 0.637307 0.416609 -0.79649 0.290958 -0.0166471 -0.421986 -0.00661367 -0.222607 -0.183785 0.148086 0.0317213 0.0196156 -0.11941 0.208749 0.40551 0.186122 0.469267 0.409895 -0.85314 -0.0931306 0.123833 0.109143 -0.803357 0.212185 0.882961 -0.142309 -0.0304064 0.962414 1.67919 -0.10018 0.692745 2.83708 
-0.908059 -0.676443 0.435 0.212614 0.843211 0.903373 1.29349 0.787397 0.890697 -0.499408 0.753645 0.417899 -0.399614 -0.0239607 -0.0807501 -0.0731645 -0.321085 -0.0847695 0.336088 -0.324195 -0.0271383 0.765223 0.998835 -0.247656 0.413107 1.39561 -0.0242876 0.0447119 0.171591 -0.692459 -0.412259 -0.330171 -0.542667 0.0820231 -0.613429 0.429645 -0.761806 -0.295584 1.4464 
-0.911892 -0.73419 0.358878 -0.0882814 0.75811 0.900804 0.31099 0.610168 1.18183 0.202345 0.0433018 0.39646 0.973626 -0.0309012 -0.177895 -0.0121935 -0.544373 -0.380537 -0.310555 -0.662077 0.290772 -0.207918 0.615767 -0.292538 0.114311 0.593263 0.0534749 0.0850187 0.0418576 -0.191254 -0.677357 -0.614659 0.656794 0.236822 -1.04277 -0.192087 0.757399 -1.06138 -2.19097 
-0.93896 -0.854337 0.422807 -0.331758 0.462674 0.592818 0.631418 1.07817 0.682778 0.11636 0.461106 0.53221 0.193648 0.0295141 0.00426866 -0.0313068 -0.512339 -0.762126 -0.278571 0.3326 0.209683 -0.277548 0.806749 0.509743 -0.648276 -0.795358 -0.034447 0.212349 0.0274043 0.0479407 0.267437 0.565859 1.12348 -0.638728 1.11947 -0.319108 0.360887 0.0442729 -0.00155475 
-0.882378 -0.729921 0.327571 -0.60062 -0.00401631 0.622233 0.643589 0.819852 0.904284 1.00909 0.553045 -0.251817 0.178268 -0.0653483 0.0344539 0.0152109 -0.496432 -0.1131 0.255304 0.461408 -0.347957 0.911552 0.296659 0.0683487 0.158584 0.591708 -0.0226007 0.0780934 0.295647 0.976095 1.44456 0.423291 -0.955424 -0.799362 -0.495562 -1.43969 -1.26608 0.974109 0.769984 
-1.00431 -0.819883 0.438018 -0.82819 0.349573 0.848122 1.09283 0.730213 1.59433 0.413019 0.529455 0.690794 0.785356 0.00691344 0.082362 0.26434 0.463756 0.682433 0.14472 -0.622825 -0.589678 -0.77311 -0.632943 -0.756337 0.325832 -0.0253744 0.115987 0.153395 0.0998582 1.24014 0.160489 -0.62491 -1.47383 0.208915 -2.36898 -2.17288 -1.06459 -0.971529 -0.793347 
-0.875464 -0.647559 0.591911 -0.136865 0.678417 0.766953 0.0207649 0.230173 0.131175 0.37615 -0.203292 0.0740157 0.152893 0.0506385 0.187849 0.115069 0.743708 0.0473891 -0.369607 -1.01242 -0.139042 -1.45743 -1.87622 -0.99624 -0.812945 -0.201639 -0.029148 -0.0138239 -0.346604 0.280662 -0.221429 0.248325 1.64653 1.25871 1.48035 0.015325 1.12167 -0.387535 0.414036 
-0.95367 -0.632034 0.553087 -0.0844823 0.396962 0.478515 0.0804036 0.591171 0.136902 -1.4632 -0.466785 -0.122152 0.583718 -0.0222345 0.0685382 -0.0822638 0.744418 0.461004 0.393045 1.0237 0.669035 0.707243 -0.617618 0.365332 -0.0617023 0.388662 0.0633054 0.104651 -0.0242716 -0.508254 0.867103 0.503292 1.69158 0.517145 1.69995 3.10498 1.85404 1.01139 -0.181106 
-0.897699 -0.579021 0.509647 0.607553 1.13942 1.16 1.04447 0.899208 0.838418 -0.241468 0.16204 0.0123134 0.541555 0.113944 0.2925 0.0907975 0.235454 0.914492 0.133685 0.679156 0.378103 0.242525 1.22877 0.857797 0.198441 -0.382745 0.024136 -0.116401 0.0955131 -1.08509 -0.780499 -0.462428 -0.775281 -0.72987 -1.17892 0.297804 -0.108391 -0.163005 -0.414793 