-0.971184 -0.867112 0.774314 -0.650921 0.276415 0.593311 -0.255721 0.927633 0.48494 0.219251 1.2255 -0.698343 -0.371025 0.0877416 0.00315929 -0.169521 -0.170251 0.0874649 0.286664 -0.174246 0.319436 0.186735 -0.148073 -0.313019 0.467075 -0.57309 0.0761634 0.346072 0.128923 1.12766 1.17923 0.48046 -0.270181 -0.0342843 0.25554 0.779666 -0.508905 1.66477 1.28285 
-0.890986 -0.731364 0.742769 -0.323097 0.659148 0.782296 -0.326952 1.04629 0.408295 -0.540407 0.68463 0.107496 -0.374829 0.0232955 0.12496 0.0810076 0.852026 0.6692 0.122311 0.00665993 0.00306632 -0.136655 -0.0651587 -0.437017 0.6174 0.0720392 -0.118419 0.104798 0.375672 0.294225 -0.128201 -0.540479 0.3448 -0.747788 0.291427 1.17251 0.148039 -1.99421 1.51247 
-0.947888 -0.742152 0.855321 0.201106 0.945615 0.715622 -0.249061 0.930699 0.348285 0.154093 0.788478 -0.0809437 -0.298986 -0.0306779 0.107957 0.206151 0.123973 -0.0407362 -0.253816 0.170555 -0.428351 0.478163 1.02443 -0.16498 -1.52713 0.93938 0.0117298 -0.000581598 -0.0443396 -1.4491 -1.14375 -0.256485 -0.390776 -0.157043 1.0116 0.0120127 0.521627 -0.98357 0.525518 
-0.921664 -0.623407 0.94892 -0.199124 0.618412 0.52848 -0.156398 0.617941 0.886458 0.484027 0.51965 -1.41964 0.564551 0.0350253 0.124379 0.0366679 -0.597076 -0.474549 -0.134174 -0.384116 -0.153977 0.874944 -0.0531459 0.0846096 -0.36617 0.597557 0.0601719 -0.0651461 -0.341017 0.643187 0.245999 0.15771 -0.757317 0.78587 -0.48943 -2.04105 0.496079 1.43834 -1.55205 
-0.912863 -0.617773 0.891989 -0.395971 0.471066 0.581448 -0.633177 0.776723 1.22323 0.100947 0.873088 -0.447114 0.298571 0.0294941 0.0428111 -0.134865 0.76716 0.205263 -0.0961053 -0.586762 0.357518 -0.0112677 -1.01661 0.331099 -0.0887877 -0.612669 -0.0741827 -0.325343 -0.310129 0.253725 0.708497 -0.303804 0.532527 0.269137 -1.80753 -0.240505 -0.886085 -0.564015 -0.258178 
-0.89217 -0.580595 0.814055 0.568036 0.823675 0.432375 -0.74316 0.975459 0.87519 -0.532585 0.850749 -1.50842 -0.048118 -0.0391574 -0.200965 -0.273461 -0.343351 0.233948 -0.437977 0.148411 0.115161 -0.932589 -0.293651 -0.801476 -0.930185 0.339379 -0.0887444 -0.330417 0.141563 -1.08029 -0.358245 0.00662972 0.545919 -0.490079 -0.284073 1.15871 -0.869256 0.907391 0.833852 
-0.95202 -0.818738 0.618528 -0.739322 0.705014 0.143471 -0.484765 0.891884 0.29064 -0.192705 0.071612 -1.3773 0.63795 -0.0592504 -0.287606 0.00669737 -0.313126 -0.152982 -0.0894756 -0.0408437 -0.132561 -0.295341 0.142094 -0.538157 0.818603 0.221183 0.0134029 0.314391 0.304678 0.771266 -0.339677 0.942004 0.0636616 -0.266196 1.17613 -0.153497 0.359962 1.26025 -0.789274 
-0.95142 -0.868202 0.820752 0.25491 0.670693 0.342899 -0.784004 0.842898 0.579849 -0.390492 0.312592 -0.689821 0.173065 -0.0257544 0.113426 0.0312167 0.427915 -0.105729 0.504027 0.212073 -0.151035 0.243539 -0.447148 -0.441514 0.33007 -0.449895 0.0672215 0.468458 -0.154075 -0.393771 0.0578909 0.197445 0.922937 0.235983 0.335779 -0.439211 0.246269 -0.797337 -0.405614 
-0.977775 -0.705311 0.649745 -0.311406 0.599285 0.647499 -0.272692 0.740848 0.534179 -0.639852 -0.369902 -1.04723 0.188054 0.00797118 0.180852 -0.147377 -0.706897 -0.0950908 0.107969 0.882094 0.103422 0.0404379 -0.297117 -0.291888 0.0212664 -0.184431 0.165363 -0.175382 0.0111037 -0.166856 0.573485 -0.805261 -0.931693 0.130824 -0.382481 0.243615 1.26387 -1.3062 -0.0168751 
-0.943449 -0.68735 0.673375 -0.451987 0.575603 0.450869 0.0980898 0.946321 0.620287 -0.687609 0.020704 -0.668555 -0.0113661 0.139608 -0.0619559 0.0423204 0.261059 0.467756 -0.301234 -0.71962 -0.0202115 -0.138942 -0.203533 0.822354 -0.976135 -0.46677 0.123085 -0.313609 0.387917 1.48902 0.647457 0.29582 -1.02039 -0.206355 -0.196384 1.36247 1.62056 0.0843906 -0.142782 
-0.838167 -0.767267 0.692065 -0.0503478 1.06704 0.346264 -0.992313 0.720637 0.395237 -0.843386 0.452453 -2.02336 -0.278716 0.131056 -0.132757 0.240539 0.782127 0.552366 0.403789 -0.138293 -0.102933 -0.155946 1.06535 1.32867 0.105657 -0.327213 -0.115531 -0.317117 -0.000812555 -0.0995824 -0.474903 0.349065 1.5348 0.209235 0.703163 2.58169 -0.286989 5.19606 1.13117 
-0.812393 -0.820107 0.913914 0.33014 1.12797 0.854658 -0.0402029 0.843388 0.464341 0.377743 1.34938 -0.562898 -0.338579 0.0240771 -0.379073 0.0415078 0.161476 -0.00714693 0.0478311 0.815181 0.189024 0.564221 2.37816 0.535366 4.21993 0.664399 -0.0333867 -0.418701 -0.278727 -0.513648 -0.860232 -0.970169 0.12469 0.0970655 0.105008 -1.36259 -2.0072 1.56073 0.338917 
-0.81409 -1.14634 0.733573 0.111128 1.05989 0.394095 -0.177132 0.909661 0.959458 1.53477 0.987818 2.19656 0.385683 0.0976692 -0.551459 -0.0381883 0.268479 -0.307866 -0.56638 -0.0136023 -0.00586729 -0.0509388 -0.297235 -0.678526 1.66638 0.0117041 0.118718 0.0672207 -0.0252123 -1.05205 -0.148778 0.532392 -1.57554 -0.269617 -0.82592 -4.13711 -1.44688 -6.50734 -1.89765 
-0.714724 -1.37157 0.875726 0.598619 0.820102 0.288278 -0.0538051 0.83752 0.413402 0.080508 0.670853 1.10348 -0.326875 0.142796 -0.311852 0.0162955 -0.890576 -0.155925 0.580223 -0.760361 -0.0805931 -0.261699 -1.75895 -0.911516 -2.28741 -1.23325 -0.100695 0.174996 0.0736461 -1.8354 -0.014299 0.843604 -1.01607 -0.110102 0.194506 0.314286 0.767026 -2.18586 0.672999 
-0.671294 -1.45819 0.749868 -0.779448 0.903969 0.974318 -0.937493 0.829068 0.69776 -0.22418 0.0763018 -0.0908514 -0.847572 -0.00302571 -0.376463 0.0354579 -1.56692 -0.322165 0.277223 -1.02968 -0.115969 0.143567 0.0170506 0.0885006 -0.519475 0.684703 -0.140943 0.153934 0.228958 1.30351 0.0197209 -0.982839 1.19618 -0.00188763 -0.342921 0.558417 1.32879 2.19404 3.14888 
-0.717749 -1.74803 0.911184 -0.9683 0.497937 0.565501 -1.08348 0.721551 0.556969 0.0975586 0.759353 0.584009 0.357828 0.00185209 -0.157918 0.245253 0.412932 -0.136204 -0.402616 0.435823 -0.0824808 -0.60462 -1.20053 0.417274 -0.0933704 1.91563 0.0736097 0.464833 -0.103263 2.39927 0.577188 -0.203954 1.59691 -0.0348301 -0.144973 0.263167 -0.374144 0.27172 -1.77665 
-0.669442 -1.61611 0.995122 -0.366516 0.767765 0.571702 -0.501671 0.746587 0.0931398 -1.42471 0.493576 -0.184222 1.06806 0.070584 0.08837 -0.0678053 0.832351 0.255022 0.0732694 0.567236 -0.150799 -0.00140604 0.280217 -0.285644 -0.247756 -1.09195 0.00962397 0.395447 -0.302905 -0.207426 -0.0754029 0.480678 -0.450014 0.0192141 1.03486 3.26187 -0.281092 0.464554 -2.77608 
-0.647165 -1.65966 0.843378 -0.135948 0.752959 0.638771 -0.516246 0.570752 0.555563 0.377776 0.47371 0.336254 -0.734121 0.0114761 0.237529 -0.0576513 0.205506 -0.211607 0.0780616 -0.0141916 -0.0632666 0.430239 2.06133 0.136182 0.371184 -0.860455 -0.0823096 0.258014 0.152533 -1.38036 -0.295186 -0.411703 -0.354633 0.172911 -0.190768 -0.553059 0.661609 -0.562633 2.19402 
-0.657966 -1.37858 0.937471 -0.16101 0.556158 0.649763 -0.515862 0.68332 0.523379 0.636621 0.629757 0.186962 0.207603 -0.0117256 0.346384 0.0847278 -0.548011 -0.0401641 -0.338433 0.212603 0.0221115 -0.192174 -0.272842 0.375965 -0.810388 1.10207 -0.0482578 -0.206046 0.0203462 -0.439283 0.3254 0.0911996 0.117698 0.214583 -0.517838 -2.24057 0.48869 -0.40514 1.33778 
-0.658891 -1.31328 0.928106 -0.683959 0.712795 0.300337 -0.303643 0.592863 0.363389 0.104934 0.849675 -0.474135 0.367948 -0.0367818 0.031483 -0.0373051 -0.233777 0.113793 0.169261 0.103507 0.151316 -0.0875996 -0.17924 0.624871 -0.0339562 0.47732 -0.0428714 -0.188275 0.00686398 1.18836 0.0857789 0.654568 0.207264 0.0405588 0.0326499 0.0328079 -0.485673 1.34103 -1.32327 
-0.694748 -1.3471 0.900165 -0.394787 0.669951 0.819025 -0.412356 0.834636 0.435779 0.457381 1.25463 0.153006 0.684924 -0.0545971 0.158109 0.0915918 0.640353 0.0456149 0.316134 0.419867 0.0626703 -0.159524 -0.240034 -0.109707 0.530646 -0.221202 0.0109408 -0.150541 -0.275416 1.09547 0.274944 -0.276178 0.243036 -0.0867376 0.127562 -0.62061 -1.20185 0.436227 -0.270688 
-0.713488 -1.15517 1.0197 -0.0436062 0.75841 0.616471 0.116224 0.655534 0.203865 -0.135099 0.739967 0.0565115 0.146746 -0.0258409 -0.119058 -0.312721 0.861693 0.388737 -0.106917 0.346543 0.0645784 0.0399626 -0.79985 -0.576979 0.402271 0.206633 0.808764 1.73131 -0.371508 -1.42548 -0.601228 -1.38622 -1.78689 -1.43211 -0.255107 -0.0946767 -0.558872 -1.9963 -0.299906 
-0.720588 -1.46616 0.587445 0.466907 1.05869 0.712107 -0.0658131 0.899215 0.475742 -0.342469 0.677649 0.555277 0.891556 0.754167 1.88941 -0.279916 -0.785123 -0.555613 -1.07009 -1.36702 -1.36944 -0.414632 -0.33471 -0.66858 -1.46565 -0.521108 1.48032 3.29618 -0.815772 -1.86897 -3.87018 -1.53219 0.0829554 -2.96373 -1.48926 1.10804 0.379999 -1.14925 -1.40064 
0.0406789 0.734248 0.739782 -0.82873 0.202797 -0.453617 -1.2508 -0.713902 -0.210767 -0.469809 0.0713877 -1.40914 -0.374362 1.45448 3.17713 -1.12849 -1.00728 -3.48145 -1.63911 0.429498 -2.89915 -1.4493 0.308194 -0.19698 -0.746983 -1.19401 0.382968 -1.34387 -1.67631 1.46049 -1.97209 1.08125 4.01681 0.097815 0.503819 1.42467 1.91075 3.89393 0.645616 
0.73389 1.71097 -0.541048 -0.540371 -2.42276 -0.927004 0.363685 -1.99994 -0.973554 -0.0342757 0.480669 -0.191707 -0.302455 1.13713 0.545548 -1.95622 0.675364 -2.52771 0.0111575 2.64978 -1.27162 0.0891872 1.08996 1.24217 2.42827 0.124508 -0.915346 -3.55551 0.163571 1.57238 3.29932 2.36695 1.50484 3.26165 2.45535 0.838103 -0.138544 1.76645 1.3426 
1.17781 1.2798 -1.21644 -0.153365 -2.32491 -0.44246 1.39898 -1.98552 -0.12158 0.620147 1.31356 1.01913 -0.249854 0.539132 -0.378381 -0.964922 0.5651 -0.182124 0.727837 1.93434 0.362497 1.00605 1.1463 -0.335524 1.01947 0.148593 -0.998246 -0.832624 1.91856 -1.31245 2.24187 -0.188673 -2.44504 1.92537 -0.239405 -2.03854 -3.17016 -3.94176 -0.512963 
1.27302 1.33259 -1.50597 0.024729 -2.60488 -0.199166 2.29803 -1.63744 0.032499 1.11202 0.145145 0.827759 -0.153862 0.138889 -0.287076 -0.0376654 -0.637081 -0.285834 -0.177516 0.204743 0.653753 -0.150218 -0.94858 -1.92799 -1.51348 -0.388455 -0.437903 0.140837 1.20441 -1.22271 0.856805 -0.373488 -2.67854 0.0947744 -1.75171 -1.17786 -0.504603 -1.36555 -0.375519 
1.3167 0.992719 -1.25411 -0.790446 -2.61074 -0.619976 1.60372 -1.33177 -0.271797 -0.328433 -0.614426 -0.494352 -0.638309 0.101229 -0.237543 0.239489 -0.657612 0.674682 0.35435 -0.744204 0.457271 -0.745654 -0.0315671 -0.840127 -0.34609 -0.226926 -0.1009 0.357397 -0.2395 1.20846 1.09496 0.937734 -0.391702 -0.904242 -1.07918 1.92161 1.63422 2.36035 0.625891 
1.37425 1.09505 -1.26648 -0.632882 -1.9302 0.155184 1.55382 -1.18017 -0.713155 1.08045 -0.694982 0.481669 -0.380788 0.0379884 0.0703211 -0.277165 0.57138 0.809131 0.760219 -0.186959 -0.250489 -1.2294 0.973027 -0.293764 0.846863 0.237436 -0.148079 0.0460533 -0.585379 1.17457 -0.339104 -0.449853 0.675103 -1.19421 -0.389452 -1.29698 0.752091 0.523531 -0.0355168 
1.35469 1.06304 -1.53127 -0.219066 -1.80161 0.140243 1.41677 -1.58226 -1.5012 0.644594 -0.90819 0.352511 -0.400873 -0.0468497 -0.19149 -0.34589 0.516961 0.335578 -0.0955032 -0.0691011 -0.736939 -1.13511 -1.32855 -0.0880359 0.177441 -0.262443 -0.0465445 -0.1772 0.298983 -0.650805 -0.510034 -0.841844 0.30771 0.211448 1.13735 -0.80706 0.407217 -0.27713 -0.638055 
1.3274 0.903557 -1.61237 -0.115922 -1.59462 0.0596803 1.48472 -1.91711 -1.84826 -0.248092 -0.783018 0.65911 -0.643231 -0.00855614 -0.106878 0.0218177 -0.0794256 0.299096 -0.081626 0.120751 -0.0390409 -0.0920514 0.165967 0.113452 0.569734 -0.400619 0.0493745 0.0874948 0.542909 -0.767236 -0.344564 0.357246 -0.674274 1.38245 0.652302 4.07671 -0.522129 1.19941 -0.554967 
1.34613 0.956162 -1.50946 -0.298492 -1.50252 0.058617 1.53752 -1.6213 -1.59325 0.810561 -0.794738 0.922245 -0.801492 0.00252477 -0.103995 0.197019 -0.250275 -0.0089864 0.261742 -0.743375 0.645509 -0.482805 2.74816 -0.610165 1.37686 -0.81741 0.034602 -0.360198 0.259961 -0.337213 -0.484497 0.558662 -1.37105 0.536583 -1.1616 1.61833 -1.46411 0.815818 -0.500466 
1.32993 0.799561 -1.41535 -0.366197 -1.60361 0.321423 0.741345 -1.2716 -2.33107 2.50007 -1.39318 2.03597 -1.46064 0.0260459 -0.467076 0.281779 -0.416638 -0.185401 0.477036 -1.25029 0.497542 -1.25365 1.7843 -1.35066 1.38555 -0.901085 0.0769158 -0.152348 0.142151 0.370691 -0.139889 0.462972 0.595507 -0.193832 0.450581 -2.81138 0.164625 -0.498179 0.870771 
1.37218 0.489086 -1.22768 -0.71513 -1.68792 0.535653 0.287224 -1.12376 -2.8469 2.59486 -2.1454 2.3078 -1.70258 0.0794406 -0.256343 0.33917 0.120415 -0.148875 0.724714 -0.147869 0.451676 -0.0322237 -0.0632144 -0.44554 0.878676 0.0533612 0.0108627 0.48801 -0.0932527 0.244223 0.162273 -0.327622 1.97432 -0.563024 1.97832 -4.59377 2.2752 -2.18725 1.37438 
1.40937 0.543218 -1.07618 -0.245782 -1.75248 1.04614 0.593476 -0.819924 -2.36329 2.43685 -1.83872 2.91464 -1.40728 0.0369087 0.0209335 0.188526 -0.172415 -0.0231282 0.149414 0.724026 -0.0654824 0.724664 -2.80947 0.924546 -0.801701 0.473292 -0.0633133 0.00400112 -0.222084 -1.62674 0.127976 -1.71814 0.799709 -0.940833 -0.0959939 -4.61899 1.06154 -3.23367 -0.325598 
1.40909 0.510019 -1.03915 -0.887546 -1.71105 0.685067 1.01125 -1.18924 -2.12224 -0.214617 -1.22085 1.5061 -1.22928 0.0161273 -0.252342 0.117085 -1.50633 -0.0208989 -0.993429 0.65184 -0.489157 -0.128218 -4.6822 0.616003 -2.355 -0.272237 -0.0481879 0.230209 -0.0464056 -0.253711 0.478199 -0.589738 0.0315461 0.537435 -0.535905 2.17069 -0.828341 0.85761 -0.581338 
1.42549 0.290876 -0.959096 -1.75211 -1.77338 0.0527081 1.24532 -1.30908 -2.49151 -2.24535 -1.22272 0.559644 -1.67952 -0.0112793 0.251142 0.142121 -0.426127 0.455071 -0.440324 0.755573 0.471953 0.188759 -0.638783 0.0962042 0.0559093 -0.108047 -0.0604039 0.939028 -0.0952981 2.66251 0.635096 1.33149 -0.45482 1.34289 0.989493 9.17216 -1.60241 3.44062 0.574312 
1.39781 0.761161 -0.897029 -1.31367 -1.25598 0.244743 1.76682 -0.717287 -1.93348 -0.853401 -1.12465 1.56201 -1.33733 -0.0442767 0.686686 0.0217873 1.15618 0.614197 0.338059 0.19702 0.85373 0.861276 4.48995 -0.986412 1.08562 0.302076 0.00937997 -0.282402 -0.204744 0.45247 -0.290461 0.0638873 -1.05739 -0.917257 0.776728 1.91933 -1.05042 -2.6389 0.207141 
1.38122 0.977562 -0.937309 -0.595926 -1.15919 0.390767 1.44234 -0.455351 -1.63023 2.2446 -2.20913 1.64527 -1.37744 -0.00189931 -0.0312603 -0.0626234 0.0263433 0.16461 -0.376437 -0.301818 -0.445305 0.965488 1.28054 -0.954213 -2.58299 0.0990943 -0.0112146 -0.479766 -0.47699 -1.03898 -0.824983 0.0281083 -0.255601 -1.17345 -0.519371 -4.79365 0.689055 -3.62524 -0.756264 
1.39591 0.729901 -0.959652 -1.28733 -1.09137 -0.131694 1.465 -1.16259 -0.967991 0.427143 -2.07886 -1.02098 -1.23824 -0.0554913 0.20692 -0.455203 0.117202 -0.210786 0.366167 -0.0585811 -0.319717 0.341905 -0.303698 -0.297357 -2.53962 -0.454188 -0.0739313 0.571534 -0.396354 0.509563 0.232652 1.23086 0.493753 0.673082 -1.05944 0.150301 0.929747 3.14462 -1.24811 
1.32573 1.18448 -1.39251 -0.478724 -1.36997 0.756934 1.38375 -0.775068 -1.28833 1.9409 -2.50649 -0.894349 -1.83163 -0.0758306 0.540274 -0.458977 0.535906 0.397261 0.854424 0.191936 0.227777 -0.0939491 1.43085 -0.0244665 0.561632 -1.14901 0.150131 -0.811389 0.838769 -1.51301 1.02452 -0.724868 0.249679 -0.331983 -0.428844 -1.28703 1.62902 1.95799 0.772545 
1.32008 1.27018 -1.41863 -0.751423 -0.694105 0.72273 1.65694 -0.934815 -1.06194 1.85799 -2.10333 -0.459351 -2.38725 0.0946398 -0.604469 0.383566 -1.39581 0.813732 -0.358701 0.191098 -0.6517 -0.086939 -1.59073 1.33166 -0.581628 0.318357 0.0756952 -0.957689 0.527199 -0.601955 -0.355552 -1.38654 -0.307046 -0.827647 -0.704297 -3.23905 0.677109 0.00131451 2.04035 
1.42037 0.580014 -1.00895 -1.87454 -0.556239 0.398232 1.57485 -1.42677 -1.37527 0.350176 -1.17483 -1.47598 -1.51327 -0.000135326 -0.417415 0.0682213 -0.0660492 0.0417089 -0.532119 -0.11511 -0.59987 -0.798246 -1.8082 0.652642 0.562947 0.891334 -0.15775 0.771787 -0.460238 2.39259 -0.796401 0.136719 -0.119657 0.92049 -0.04884 1.08559 -1.23118 2.42181 -0.470902 
1.31994 0.852761 -1.35041 -0.817472 -0.652396 0.190611 1.54183 -1.53468 -1.86019 0.0497868 -1.45068 0.103596 -1.49592 -0.0631099 0.167318 -0.0766712 0.996778 0.017331 -0.221982 0.0714404 0.268789 -0.135779 -0.505142 0.100485 1.84018 -0.152544 -0.0306132 0.702587 -0.277118 0.525397 -0.150186 0.725517 0.128909 0.841483 1.73217 1.73071 -0.432189 -1.47917 -0.465004 
1.35726 0.747332 -1.08562 -0.877759 -0.538908 0.176251 1.64629 -1.15798 -1.51105 -0.154966 -1.07434 0.364205 -1.66582 -0.0307485 0.285172 -0.208897 0.459348 -0.108477 0.193397 0.0137986 0.241613 0.933927 -0.0774929 0.220453 -0.916225 0.42633 -0.00992918 0.0803759 -0.391485 -0.697368 0.0481323 0.0968335 -0.462859 -0.34247 0.748198 0.841555 -0.591792 -3.33953 1.00178 
1.2892 1.13793 -1.55931 -0.358124 -0.760873 0.384008 1.55563 -1.29307 -0.92626 -0.0277061 -1.23023 -0.812629 -1.06959 -0.0730391 0.247694 -0.468156 0.29941 0.0654633 -0.125148 -0.391418 -0.0736803 0.612419 0.336413 -0.491307 -1.49934 0.849237 -0.0109764 -0.467895 0.203888 -0.48415 0.887069 -0.390361 -0.475775 -0.390382 -0.589026 -1.0295 0.229643 0.232485 0.752335 
1.28422 0.995027 -1.55377 -0.578349 -0.473445 0.0511025 1.25487 -1.23166 -0.898627 0.181448 -1.56565 -1.13514 -0.816579 -0.041725 -0.182723 -0.0050091 -0.0248022 0.778592 -0.196963 -0.461976 -0.148769 0.344901 -1.10699 0.450096 -0.68374 1.17867 -0.011326 -0.0874163 0.304426 0.310209 0.13871 -0.227196 -0.0469568 -0.0530599 0.280309 -1.19422 0.982525 0.500537 -0.704777 
1.24747 0.955209 -1.56431 -0.382926 0.0177196 0.187045 1.09365 -1.44184 -0.581359 -1.1347 -0.780135 -1.49637 0.10908 -0.0843651 0.160278 -0.16373 0.609619 0.204173 -0.352344 -0.438375 -0.12674 0.892728 -0.857807 0.491218 -0.998808 0.14446 -0.00625454 0.33223 0.133583 0.939664 -0.759773 -0.693863 -0.153221 0.622217 0.910852 2.73956 -0.537961 0.457307 -1.98121 
1.19985 1.1553 -1.7175 0.0312707 -0.269272 -0.301241 0.8165 -1.3584 -0.00589891 -0.676359 -1.07443 -2.13395 -0.672119 -0.0479795 0.149507 0.128574 0.914862 0.0188193 -0.890827 -0.615197 0.473448 1.25575 1.63257 -0.0878645 -0.226433 -0.802541 -0.0435958 0.0428341 0.337288 0.540279 -0.172066 -0.553824 -0.193004 0.67286 -0.00829076 1.87343 -0.295406 1.80244 -0.842656 
1.19949 1.10472 -1.43574 0.531936 0.0365389 -0.703782 0.478455 -0.968392 0.674395 0.497872 -0.868 -1.7228 -0.693461 -0.127961 0.203112 0.173558 1.1499 0.0321067 -0.906168 -0.631379 0.54612 0.884437 1.01563 0.195812 0.803632 -0.698196 -0.16502 0.0200797 -0.127108 -0.33408 -0.659288 -0.371044 0.0854285 -0.13649 -1.30195 -4.41001 -0.562465 0.182824 0.118816 
1.07189 1.35842 -1.54394 1.18117 -0.237165 -1.20741 0.185121 -0.812279 0.878538 0.339269 -0.878619 -1.33032 -1.37032 -0.212999 0.169587 0.00146607 0.580782 -0.640468 -1.26187 -0.529768 0.336958 -0.0461996 -2.77743 -0.650329 -0.0436086 -0.683725 -0.00976036 -0.205936 0.153555 -0.0212584 -0.159881 0.0455485 0.0842394 0.0634367 -0.669631 -2.78221 -0.644695 -0.5208 2.61558 
0.986493 1.2743 -1.43427 1.11272 -0.603929 -1.96565 -0.051313 -0.631434 0.628195 -2.27956 -1.51833 -1.76641 -1.37719 -0.137721 -0.00282352 0.327113 1.12864 -0.127774 -0.86062 -0.54714 0.609557 0.214806 -1.76658 -0.448883 0.282832 1.91738 0.121312 -0.366476 0.693711 1.02989 1.59145 0.860725 -0.645112 -0.318282 0.379288 4.85502 1.79694 1.569 2.22695 
0.934169 1.35559 -1.21683 2.30981 -0.36494 -2.06803 -0.362019 -0.202723 1.09334 -1.42731 -1.3275 -1.04748 0.547068 -0.0916875 -0.19689 0.695177 1.61067 0.950985 -0.401146 -1.17488 0.0186761 0.333088 2.07758 1.14661 1.52539 1.54322 -0.00917078 0.000741676 0.0823176 -0.53604 0.659097 0.48685 -0.248515 -0.847476 -0.858791 2.62215 1.16267 1.23238 -1.05883 
0.894805 1.07741 -0.739097 2.72339 0.347056 -2.3668 -1.22619 -0.612758 0.961283 -0.201979 -0.371719 -0.24102 0.166036 -0.146892 -0.00208184 0.409431 0.592599 0.531323 -0.37377 -0.795655 -0.23792 -0.643985 0.855568 0.713785 1.51521 0.858555 -0.108323 0.604292 -0.893892 -0.773708 -1.24021 -0.271395 0.886864 -0.260955 -1.06381 -1.77113 -0.885906 -1.1509 -1.54416 
0.787277 1.35351 -0.8074 2.90241 0.166383 -2.4418 -1.15767 -0.440643 0.44936 -0.571742 -0.613718 0.467727 1.40562 -0.200011 0.407403 -0.198716 0.83696 -0.289226 -0.672541 -0.288017 -0.242279 -0.730723 0.306454 0.260704 0.374489 -0.000942053 -0.0378087 -0.0303417 -0.161888 0.103797 -0.156773 0.0452032 0.432447 -0.422872 0.16798 0.992267 0.521642 -0.9112 -1.3928 
0.694794 1.48482 -0.937813 3.56035 0.05783 -3.03934 -1.51421 -0.855037 0.23056 0.104475 -0.111014 0.133469 0.165094 -0.184701 -0.0324235 0.247543 0.696396 0.37455 -0.328567 -0.363208 -0.660792 -0.476005 1.84783 1.23543 0.604011 -0.534242 0.00984345 -0.656436 0.963126 -1.89227 0.681803 0.856675 0.50534 0.438732 0.310792 -0.737345 0.201535 0.0991157 1.26329 
0.602576 1.32109 -0.559856 3.5988 0.540933 -2.77037 -1.52088 -1.10143 -0.0266451 1.27609 0.62171 1.07174 0.871381 -0.190167 -0.249033 0.76441 -1.05531 0.392578 0.184134 0.217323 0.196453 -0.419931 -0.430891 0.462239 0.473605 1.26235 -0.104852 0.203401 0.160126 -2.63894 -0.270324 0.398886 0.140763 1.51287 0.375044 -3.61959 -1.52737 -1.09622 1.45553 
0.504627 1.23578 -0.173403 2.50503 0.450408 -2.85521 -1.29689 -0.658584 -0.18937 -0.326416 0.351225 0.607074 1.42744 -0.289553 0.170977 0.407669 -1.94255 0.104226 0.070319 -0.222445 0.852081 -0.100961 -1.77175 -0.291943 -0.49221 0.921289 -0.225377 0.266183 -0.334737 -0.238749 -0.244933 -0.0104728 -1.02233 0.307734 0.353609 -0.189136 -0.34784 -2.14566 -2.56222 
0.313024 1.49207 -0.152188 1.65626 0.645159 -2.70005 -1.74333 -0.249354 -0.127606 -0.495658 0.329767 0.579529 1.79267 -0.415545 0.0171502 0.429673 -1.29406 0.147645 0.173661 -0.805004 0.504186 -0.0663219 -0.620028 0.114399 -1.67205 -1.29987 -0.168987 -0.344786 0.700848 1.12142 -0.463794 1.605 1.07177 -0.10758 0.16089 1.11591 0.955205 -0.185731 -2.67605 
0.0890823 1.25293 0.25627 1.21097 0.598053 -2.68154 -2.10189 -0.154398 -0.255692 -0.946444 0.465624 -1.06498 0.127571 -0.458539 -0.173809 1.10852 -0.82113 -0.359568 1.67532 0.849324 0.744501 0.0599297 -0.655837 0.663262 -0.677941 -1.75476 -0.0448327 -0.520696 0.566089 0.527943 -0.811474 2.21816 1.93746 0.325017 0.889804 -1.02795 -0.206031 2.66157 1.17181 
-0.145516 1.31826 0.956329 0.835127 0.285591 -1.02472 -0.894003 0.495148 -0.0676759 -1.15149 0.993029 -0.0984118 0.0379061 -0.460377 -0.503546 0.995762 -0.76612 -0.663829 2.39183 1.13245 0.829204 0.823482 -1.64798 -0.0916317 0.989519 -0.128055 -0.140816 -1.94461 -1.51499 0.393676 0.45542 -0.989601 -0.540694 -0.24597 1.31551 1.61186 -1.19239 2.51034 3.55292 
-0.371295 0.749387 1.25203 0.44485 -0.0657759 -0.289719 -0.969438 0.674806 0.56779 -2.59442 0.373992 -0.0754609 -0.000484272 -0.599355 -2.11842 -0.406476 -0.427454 0.0958517 0.685721 0.30863 0.498532 1.37544 0.956027 -0.529129 1.8324 1.79816 0.0627237 -1.18864 -1.7893 0.480871 1.27421 -1.97286 -1.5712 -0.839761 -0.295996 4.20378 -0.0953222 -0.605826 2.3662 
-0.744871 -0.800167 0.549853 0.407673 0.381443 -0.339003 -0.585372 0.993679 1.30776 -0.195468 0.4639 1.73398 1.83606 -0.397654 -1.69219 -0.793536 -0.285249 0.610382 0.418964 -0.43875 -0.0105571 0.527486 2.5558 -0.186954 0.383693 2.23814 0.659165 2.56096 0.730488 -0.0210471 -0.4535 -0.937175 -1.16112 -1.22818 -1.87297 0.340456 1.14862 -3.59943 -1.43211 
-0.768949 -0.942798 0.458496 0.1596 0.544606 0.129246 -1.40819 0.664249 1.09528 -0.0386242 0.187038 0.308232 2.23766 0.0598101 0.442537 0.324012 -0.448501 -0.357648 -0.251454 -0.852493 -0.729648 -0.497537 1.29648 0.619494 -1.76703 0.366048 0.429077 1.83037 0.858048 0.560785 -0.842345 -1.21481 0.227492 -0.496434 -1.18761 -3.1915 0.482611 -0.713574 -3.49685 
-0.685061 -0.35763 0.873864 -0.0408282 0.0237945 -0.590457 -1.43787 0.264031 0.810223 1.10101 1.08339 -0.0330447 2.20211 0.0314231 0.138185 0.0645112 0.275536 -0.231963 -0.795846 -0.211258 -0.506991 -0.660121 -0.635706 0.295657 -0.329881 -1.25871 -0.223973 -0.795767 -0.588289 0.406763 1.10149 0.671717 0.981935 1.03536 0.189152 -3.19306 -1.38312 1.27639 -1.76384 
-0.737526 -0.804614 0.523007 0.435136 0.312643 -0.6666 -1.61945 0.157258 0.435155 -0.67433 0.482695 -0.0216491 0.978949 -0.164162 -0.353229 -0.264278 -0.0417383 0.74384 0.420263 0.129442 0.305713 -0.308386 -1.89658 -0.763629 -0.490641 -1.39779 -0.131195 0.0751154 0.157619 -0.843679 0.564461 1.22352 1.16296 1.24212 0.531111 0.770677 -0.858918 0.174877 1.7994 
-0.849223 -0.710859 0.609587 -0.0825665 0.767634 -0.170193 -1.30842 0.569744 0.501837 -0.795562 0.319765 -0.523686 0.804314 -0.0997717 0.2133 0.22213 -0.568143 0.332498 0.427679 0.9517 0.735126 -0.12901 0.13497 -0.563261 -0.155004 0.540691 0.151115 0.356535 0.356512 0.252285 -0.907943 0.116831 1.25341 0.158861 0.87086 2.79633 0.688932 0.903849 2.36805 
-0.837298 -0.591314 0.745137 -0.133007 0.645141 -0.238921 -0.667747 0.892384 0.306144 -0.53936 -0.0805657 -0.176653 1.51964 -0.0130479 0.00330552 0.0922346 0.210547 -0.164103 0.537094 1.38285 0.464574 0.562474 0.899756 -0.0746968 0.413208 0.970257 0.0718317 -0.369596 -0.278051 0.638162 -0.625422 0.40845 -0.25014 -0.819915 0.80755 -0.110529 1.36261 -0.0552934 -2.01329 
-0.862271 -0.707554 0.701821 0.12798 0.603531 0.366901 0.0744264 1.03432 1.06431 0.104194 0.245068 -0.110478 1.77457 -0.0279399 -0.156297 -0.0559209 0.0700196 -0.292924 0.836129 0.70156 -0.0847893 0.67854 0.0244414 0.799349 -0.210297 -1.47259 -0.0930902 0.0796336 0.0582428 -0.3666 0.0880552 -0.772915 -1.44512 -0.306096 -0.669953 -0.373403 0.367818 0.350124 -2.50568 
-0.865237 -0.74761 0.689216 -0.0629869 0.352217 0.597208 0.0338127 0.807594 0.984684 -0.514919 0.718783 -0.38695 0.0470446 -0.106138 0.0829392 0.150477 -0.156053 -0.0760481 -0.235821 -0.0622684 0.158479 -0.107479 0.526353 0.293121 0.763332 -1.53543 -0.0581426 0.357247 0.234332 -0.251359 0.538731 -0.919364 -1.35014 0.0746676 -0.912756 1.17204 -0.728316 1.81504 2.56011 
-0.968409 -0.624614 0.852299 -0.0280725 0.527483 0.13108 0.012158 1.1928 0.956833 0.630547 0.538189 0.652854 0.239144 -0.0860825 0.20095 0.178411 -0.18134 0.245807 -0.0832356 -0.648581 -0.0101216 -0.234217 1.19648 0.0710323 1.60474 1.08752 0.0855289 -0.244736 -0.254237 -0.333488 0.285657 0.902666 -0.383086 -0.69504 -0.307306 -2.44071 -0.431579 -0.860453 1.4376 
-0.95132 -0.54666 0.867627 -0.244326 0.598024 0.513973 -0.614768 0.797473 0.750467 0.681564 0.789815 1.21779 1.13456 -0.0206091 -0.161796 -0.10376 -0.489541 0.209609 0.666845 -0.445354 -0.536562 -0.414784 -1.91436 -0.138458 -0.0971207 -0.0978323 0.127076 -0.267914 -0.351315 -0.130063 -0.054291 0.745793 1.3074 0.299968 0.0383907 -1.29374 0.583682 -2.82856 -1.38384 
-0.989018 -0.786411 0.748539 -0.517613 0.737092 0.797925 -0.433196 0.656235 0.542048 -1.28381 0.399731 0.555734 0.141311 0.0409936 -0.0669639 -0.172904 -0.311403 0.191516 0.662557 0.658818 0.289846 -0.195826 -0.097253 0.654714 -1.22382 -0.29632 0.0584044 0.414211 0.297167 0.374972 -0.383901 -0.841969 0.802926 0.868634 0.0889793 4.19395 1.09933 -0.269276 0.818155 
-0.910326 -0.613624 0.694722 -0.555729 0.78954 1.17653 0.04405 1.08732 0.554642 0.584311 1.44453 -0.00602762 0.838242 0.0377953 0.252415 0.193407 -0.114569 -0.174292 -0.175124 0.357572 0.332072 -0.325805 2.27959 0.960869 -0.366397 0.720323 -0.100174 -0.0908183 0.342526 0.66141 -0.376255 -1.06873 -0.256481 -0.191462 0.729993 -1.25673 -1.37532 1.887 0.469093 
-0.951223 -0.533996 0.941946 -0.632182 0.562799 0.622801 -0.0756238 0.988307 0.216243 0.995778 1.3606 0.189337 0.861635 -0.0591803 -0.157782 0.169622 0.350007 -0.184739 -0.406169 0.402337 0.0983838 0.534167 -1.35398 -0.720602 0.66318 0.172773 -0.0380381 -0.394753 -0.303631 0.0799597 0.41697 0.519614 -0.201693 -0.574978 0.0638609 -4.94814 -2.37292 0.0693084 -0.55821 
-0.969507 -0.771406 0.864344 -0.205722 0.604801 0.770361 0.446387 1.1857 1.08881 -0.769672 0.723927 0.657152 1.01101 -0.000242822 -0.142338 -0.110224 -0.0346093 0.242678 0.34449 0.15588 -0.242906 -0.261944 -2.66854 -1.41205 -0.297088 0.162114 0.0505457 0.327744 -0.185075 -0.231501 0.634999 0.499929 -0.758957 -0.528743 -1.56819 1.92044 0.730722 -0.464242 -0.68141 
-0.951466 -0.676334 0.831722 -0.666791 0.805477 0.967291 0.0802559 0.745401 -0.0457014 -1.67277 -0.0514544 -0.107752 1.02375 -0.00863462 0.169962 -0.0154529 0.118507 0.45026 0.0937608 -0.35662 -0.430359 -1.03402 0.566459 0.0101199 0.198938 -0.508637 0.0174561 0.276131 0.203315 0.716323 -0.0542063 -0.538383 -0.090744 0.86741 0.861715 3.63711 2.30177 0.451351 -0.200379 
-0.978141 -0.601444 0.848891 -0.0872149 1.05506 0.864122 0.0897671 0.755343 0.054788 -0.203213 0.734047 0.856091 0.502378 0.0172133 0.133792 0.093091 0.681714 0.188471 -0.193893 0.0651357 0.624505 0.59977 0.968566 0.88972 0.154262 -0.0382655 -0.0109782 -0.339849 -0.0122706 0.0963389 -0.627915 -0.398477 -0.419074 0.503912 1.74572 -0.199641 0.8833 -1.72007 0.0687142 
-0.934253 -0.542542 0.924813 0.0149226 0.993948 0.773398 0.145392 1.36991 0.554069 -0.704201 0.838266 0.0465107 0.985483 -0.0196128 -0.169887 -0.0277235 0.214846 -0.177655 -0.304716 -0.775694 0.0735523 0.711697 0.366817 0.89342 -1.52113 -0.439923 -0.0726137 -0.301484 -0.280956 -1.37138 -0.387953 0.445516 -0.700062 -1.46004 -0.545164 -2.06575 -1.76516 -0.857431 -1.43989 
-0.997754 -0.771331 0.821168 0.127631 0.877405 0.559405 -0.685927 0.828895 0.766485 0.163604 1.62747 -0.66504 0.0624545 -0.0554004 -0.167692 -0.187865 -0.689671 -0.199481 0.251623 -0.634927 -0.835538 0.054606 -1.09718 -0.875436 -0.703168 -1.47815 0.0423694 0.41682 0.0358085 -0.274964 -0.1513 0.13746 1.28673 0.15735 -0.581346 -0.0593841 -1.6252 2.21865 1.28692 
-0.989653 -0.710233 0.736949 -0.674748 0.794467 1.02502 -0.489535 0.534368 0.608675 -1.80138 -0.0371707 -0.656658 -0.49267 0.0227567 0.246933 0.008085 -0.060118 -0.328955 -0.167256 0.511033 0.230903 0.130352 0.307433 -0.731778 0.69752 0.846994 0.098937 0.385673 0.446959 1.47544 0.162168 -1.16019 0.445094 1.24038 0.548284 3.0424 1.6515 1.88976 2.11805 
-0.974997 -0.524398 0.829253 0.0675128 0.54845 0.392149 -0.174894 1.0598 0.896837 0.471038 0.895689 0.0324796 0.909448 0.0435366 0.217981 0.259094 0.785769 -0.0373135 -0.908565 -0.189833 0.404847 0.60289 1.94522 0.776061 1.18659 0.639894 0.0129198 -0.420704 -0.162912 -0.640586 0.106865 0.212202 -0.414411 -0.283678 -0.5962 -0.491484 0.401781 -0.0686856 -0.279884 