-1.13364 -0.361792 0.857723 -0.539596 0.184902 0.661618 0.307962 0.97736 0.0990449 -0.393674 -0.0573538 -1.48218 -0.503794 0.0886182 -0.112693 -0.14526 -0.11316 0.363494 -0.100347 -0.507025 -0.338662 0.113082 -0.141229 -0.640006 0.068943 -0.47613 -0.0344054 0.0811051 -0.81413 -0.378422 -0.0332527 -0.251727 1.34243 -0.0572426 -0.905373 1.41217 -0.17165 0.790761 0.547432 
-1.09718 -0.380898 0.503739 -0.611368 0.264275 0.460443 0.656896 0.78025 -0.445172 0.227185 -0.0305803 -0.51484 -0.903045 -0.003278 -0.030425 -0.465608 -0.238987 0.0349913 -0.0226328 0.734734 -0.00951881 -0.425569 0.491131 -0.155132 -0.0623227 0.856212 -0.181524 0.0866997 0.0649729 -0.06475 -0.692126 0.148406 0.548158 0.49495 0.552898 0.424037 0.61543 0.62822 1.72209 
-1.13692 -0.392217 0.392115 -0.778583 0.219893 0.638985 1.0427 0.967841 -0.326524 0.0974576 -0.212486 -1.5445 0.352418 -0.0929057 -0.0259934 -0.0802873 -0.17791 -0.328632 0.0480584 0.0411328 0.156288 0.665981 0.282808 -0.0245758 0.697163 1.24596 -0.0995888 -0.0281225 0.297759 0.271436 -0.229289 -0.404921 -1.43183 -0.108649 1.17103 -0.701667 -0.0572399 0.858409 -1.28777 
-1.19008 -0.406892 0.423452 -0.789279 -0.064357 0.508501 0.698029 0.936537 0.220809 0.509993 -0.0551561 0.182324 0.342911 -0.102867 -0.0585475 -0.167849 0.0324494 -0.194298 -0.427554 -0.6971 -0.118167 0.745463 -0.210536 -0.212372 0.796086 -0.431553 0.159908 0.17878 0.117132 0.374371 0.780701 0.139192 0.31203 0.310762 -0.482699 -0.551096 0.32906 -1.93412 -3.24595 
-1.23979 -0.450764 0.224266 -0.746134 0.0255954 0.211431 0.345597 0.849674 0.418939 -0.113078 -0.424859 -0.748415 -0.0791354 0.0670022 0.152787 0.0368444 0.196461 0.452069 0.18725 0.353163 0.46705 0.183282 -0.268289 0.304484 -1.23696 -2 0.239909 0.214537 0.582527 0.0907651 0.352516 0.747453 1.35946 0.403846 -0.766424 0.445616 1.14341 -0.344364 0.298 
-1.12308 -0.254105 0.460297 -0.592818 0.387712 0.695752 1.05119 1.40359 0.40409 0.241704 0.249328 -1.05463 -1.65709 0.137042 0.15599 0.414678 0.123214 0.158219 0.3199 0.662358 0.285679 -0.0209613 0.23508 0.931033 0.451722 -0.133553 -0.0780366 -0.335384 0.172187 -0.25143 -0.495621 -0.582435 -0.775488 -1.03738 -0.0732527 0.671097 -1.12737 0.135557 2.01521 
-1.10275 -0.294775 0.638944 -0.622919 0.183814 0.531331 1.00795 1.13535 0.397978 0.122002 0.506175 -0.296693 -0.212689 -0.0110344 -0.182597 0.209031 -0.0549697 -0.0435524 -0.395184 -0.422325 -0.570335 0.110029 0.402808 -0.822889 -1.1014 0.0152096 -0.1569 -0.276136 -0.721479 -0.437307 -0.20108 -0.581752 -0.865722 -0.243378 -0.0267456 0.269448 -1.95122 -0.871911 1.17981 
-1.13412 -0.436702 0.669328 -0.647787 0.34416 0.300567 0.628866 0.833252 0.514119 0.644512 -0.57356 -2.15603 -1.64188 -0.0198579 -0.120146 -0.306801 -0.314093 -0.0428612 -0.261852 -0.203364 0.0423009 -0.0477069 0.504528 -1.02018 -0.42019 1.04626 -0.051781 0.207541 -0.360656 0.255357 0.485859 0.681635 0.831424 0.563755 -0.500578 -0.31449 1.89974 3.40698 2.91985 
-1.1226 -0.414921 0.332143 -0.937012 0.140953 0.269479 0.804591 1.17765 0.350271 0.62653 -0.514008 -0.716883 0.833567 -0.0628154 0.0249436 -0.151625 0.200388 0.442307 0.286451 0.409098 -0.00658039 -0.390549 0.0883178 1.07685 2.30558 2.93506 -0.0112894 0.0875181 0.17249 0.398317 0.292524 0.824662 0.478193 -0.242466 0.137949 -0.301519 2.26203 0.623131 -1.85871 
-1.19693 -0.411759 0.517703 -0.4474 0.786466 0.587018 1.03796 0.826672 0.12357 0.73283 0.503291 0.149541 1.29318 -0.0311474 -0.0326282 -0.134311 0.0842244 0.249663 0.56281 0.274829 -0.200165 0.0902421 0.203009 1.24185 0.202941 -0.812453 0.115554 -0.0696103 0.191627 -0.297754 -0.730826 0.0105243 -0.23237 0.367497 0.415735 -0.623714 -1.08583 -3.10229 -4.37173 
-1.15375 -0.447549 0.197832 -0.852788 0.390616 0.832289 1.07942 0.977488 0.440513 0.829539 0.727838 -0.513942 0.021114 0.0527391 -0.0446667 0.0400018 -0.0973666 -0.288519 0.296975 0.176728 0.360917 0.0251856 -0.535396 -0.00898288 -0.796719 -1.43667 0.0464051 0.0188466 0.543678 0.370703 0.280228 -0.398559 -0.348064 0.465888 -0.735333 -0.820393 -2.14985 -0.372238 0.176456 
-1.14419 -0.456425 0.557705 -0.544766 0.497947 0.883994 1.21469 1.18759 0.148756 0.197434 0.494309 -0.647177 -0.143496 0.0152577 -0.0137816 0.409367 0.454927 0.529891 0.164251 -0.0732348 0.265722 -0.645091 -0.617384 -0.908001 -0.169298 -0.635997 -0.0677192 0.155042 -0.157885 0.196225 -0.0817827 -0.225706 -0.25016 -0.4093 -0.121594 -0.664498 -1.58442 0.670294 1.21722 
-1.13849 -0.461331 0.607199 -0.397861 0.920507 0.99654 1.00619 1.24321 -0.204578 0.212155 -0.180163 -0.68324 -0.614883 -0.0149801 0.110376 -0.117883 0.0988584 -0.370302 0.0712695 -0.0734317 -0.0483837 -0.0964085 -1.19989 -1.5934 -0.126425 -0.219457 -0.0540546 0.00953969 -0.442652 -0.698315 -1.64621 -0.65306 0.254688 -0.749126 0.93001 0.22166 0.408984 -0.434312 1.94013 
-1.15917 -0.34605 0.439822 -0.445908 0.127645 0.955263 1.14126 1.1392 0.0523474 -1.00246 -1.09909 -0.773602 -0.362953 -0.0387969 -0.00424189 -0.0332847 -0.243388 -1.11632 -0.488809 0.181453 -0.483403 0.284919 -0.395724 -0.499017 -0.60361 1.30413 0.118347 0.0180271 0.471933 0.0146392 0.945174 -0.45566 -0.0219787 -0.123408 0.445836 2.55314 2.4312 0.364759 1.17134 
-1.17729 -0.465573 0.573915 -0.641249 -0.19581 0.507731 1.18764 0.759807 0.0803414 -0.183569 -0.679181 -1.28685 0.689245 0.103367 0.128403 0.35405 0.113498 0.574872 -0.384391 -0.0954105 -0.171792 0.349427 1.35325 0.837802 0.238334 0.951881 0.18444 0.165297 0.0402118 0.570709 1.85849 0.824806 -0.49436 0.62178 0.149176 0.653741 0.649715 0.339379 -2.37987 
-1.05581 -0.217647 0.793872 -0.33241 0.702517 0.570873 1.04585 0.967413 0.401775 0.35079 -0.261288 -0.535268 0.588928 0.145643 0.161055 0.0069271 0.327321 0.742173 0.335997 -0.312906 0.138376 0.434095 0.258017 0.150698 -0.26423 -1.07574 -0.0387826 -0.444017 -0.673901 -0.396832 -1.86316 0.410616 -0.606674 -0.122836 -0.706199 -2.96236 -1.02005 -0.635902 -2.41143 
-1.03165 -0.304518 0.580842 -0.313927 0.546363 0.843727 0.874733 0.898184 0.514437 0.074448 -0.528482 -1.55108 -0.386496 0.0645845 -0.315614 -0.319851 -0.283335 -1.28829 0.0262254 -0.702084 -0.294628 -0.356772 -1.60911 -0.18225 -0.397568 -1.45955 0.0229076 -0.656837 -0.131075 -0.388761 -1.99646 -0.265344 -0.302646 -0.535342 -0.210035 -1.24148 0.227168 2.35124 1.49481 
-0.991221 -0.533261 0.474021 -0.615745 -0.585774 0.597098 0.343766 0.672785 0.0450029 -1.25832 -0.443539 -0.932836 -0.87062 0.16855 -0.495782 -0.124148 -0.0614392 -1.25429 0.0706525 -0.615552 -0.396966 0.22406 -0.983466 0.377866 2.087 0.419065 0.09232 -0.125134 0.596346 0.274574 0.912113 0.311463 0.346214 0.368304 1.12105 3.46463 0.588605 0.539737 2.05499 
-0.863098 -0.8003 0.456694 -0.375366 -0.707924 0.91438 0.25918 0.501218 0.738497 -0.909018 -0.150616 0.535925 0.0325692 0.156904 -0.440749 0.276496 -0.00876057 -0.376178 0.337688 -0.355871 0.0736765 0.764278 1.85552 0.406355 0.142169 0.595444 -0.131106 0.196873 0.680858 -0.294936 1.13057 -0.372598 0.276988 0.559703 -0.708147 1.65728 -0.181477 -3.39138 -1.76662 
-0.834317 -0.97401 0.750517 -0.624506 -0.961951 0.934786 -0.0121044 0.746462 0.809281 0.597194 -0.0371835 -0.790667 -0.275175 0.0374442 -0.298909 0.55671 -0.356375 -0.123718 -0.301946 -0.338564 0.162737 -0.484087 0.673812 0.19639 -1.30437 -1.34755 0.0170592 0.291238 0.282966 0.0301658 0.567664 0.0361238 0.873659 -0.310102 -1.37835 -3.18003 -0.205194 -0.593435 -1.39584 
-0.825654 -1.09921 1.0134 -0.731741 -0.831641 0.612434 -0.0793838 0.663954 0.25441 -0.235206 0.0457737 -0.768447 -1.31498 0.173964 -0.14951 0.559461 0.0214052 0.191486 0.373812 0.517789 -0.236425 -0.614072 -1.32451 0.201161 -0.451266 -0.800395 0.11264 0.171573 0.200692 0.367557 0.418947 1.27019 0.39507 -0.157926 0.527335 -0.481295 0.499386 1.55266 2.4395 
-0.660353 -1.12352 1.30998 -0.603101 -0.770465 1.3086 0.505684 0.510037 0.19521 -0.727318 0.163978 -1.24193 -1.07557 0.150084 -0.127336 0.757402 0.0111821 0.295229 0.968239 0.0565056 0.00481021 0.0432477 0.192517 0.695776 0.24829 1.09195 -0.173196 -0.105974 -0.319887 -0.190443 0.395566 0.103597 -1.06713 0.879899 0.627951 1.32618 0.200876 0.882723 1.00438 
-0.67557 -1.22655 1.77081 -0.720559 -0.536412 1.58067 -0.0228781 0.668765 0.297658 -0.0426898 0.741549 -0.520157 -0.223035 0.000767775 -0.255485 0.239575 -0.169038 0.587052 0.477409 -0.549346 0.643474 0.0138796 0.00167041 0.402037 0.431457 0.203989 -0.10329 0.242023 -0.62417 0.241844 0.0655948 -0.809716 0.362696 0.458275 0.0754354 -0.749091 -0.713341 -0.604837 -0.678385 
-0.659585 -1.37901 1.54955 -0.772139 -0.183413 1.78601 -0.0436613 1.15351 0.209089 -0.725648 0.566014 -0.810476 -0.871582 0.0467936 0.114687 0.133232 0.253026 0.360824 0.158523 0.419201 0.463085 0.118683 -0.556574 -0.0175649 -0.356547 0.413563 -0.0165991 0.578803 -0.0485124 0.391429 -0.641767 -0.894277 0.846137 -0.826667 1.04107 1.18764 -0.333977 0.386929 1.04452 
-0.628776 -1.11186 1.90404 -0.467533 -0.175588 1.7392 0.396323 1.13185 0.416341 -0.599264 0.723985 -0.876703 0.190528 -0.0158314 0.323318 0.191062 0.22239 -0.0547147 -0.416868 0.296791 -0.183193 1.05495 1.18931 0.06806 0.818386 1.24851 -0.085202 -0.17349 -0.434098 -0.230119 -0.348374 0.0296566 -0.702249 -0.620831 0.579141 1.19303 1.10956 1.44973 -0.980731 
-0.675417 -1.05569 1.74061 -0.549749 -0.238128 1.36914 0.25313 0.970317 1.26404 0.463663 0.634074 0.00790956 0.376924 -0.0384083 -0.0588028 -0.300865 0.0229073 0.0124504 0.188179 -0.283047 -0.157746 0.697825 0.636458 1.092 1.09319 -0.567168 0.0309991 -0.504566 -0.452634 -0.280007 0.100584 0.365469 -0.552972 0.0377983 -1.40915 -1.51558 0.00432473 -1.39017 -2.72468 
-0.667184 -1.17066 1.60317 -0.444626 -0.163137 1.92738 0.113276 0.974104 1.11417 0.037194 1.81598 0.216483 -0.37664 0.0151678 -0.181247 -0.261572 -0.0576169 0.0458691 -0.0513994 -0.256181 -0.145395 -0.354195 -0.326269 0.0723847 -0.571785 -1.47617 0.0761278 -0.107403 0.446265 -0.292172 0.203856 -0.897468 0.607525 0.542685 -0.119323 -0.681101 -1.49101 -1.44745 1.55557 
-0.660249 -1.23693 1.47904 -0.607365 -0.192259 1.31774 -0.00305074 0.824922 0.909845 0.137393 0.706459 -0.563875 -1.09925 0.0377195 -0.166206 0.1454 -0.269265 0.216306 -0.709288 0.324478 0.384939 0.578501 -0.0446426 -0.399018 -0.354267 0.988407 0.0127862 0.238234 0.564349 -0.00186022 0.402511 0.0650674 0.648995 0.128252 0.047401 0.442485 0.472426 1.7554 3.28525 
-0.629465 -1.33687 1.74857 -0.713891 0.0531687 1.21809 0.437754 1.35904 1.69267 -0.00744854 1.41696 -0.137783 0.611768 0.027954 0.0569862 0.302777 -0.0594771 0.44838 0.013668 0.392815 -0.017143 -0.306794 0.116215 0.544811 1.18361 1.80908 0.0057111 0.432941 -0.537168 0.38502 0.14401 1.05303 -0.330578 -0.836124 -1.56161 0.835311 -0.757819 1.70189 -2.44404 
-0.632295 -1.17995 1.78182 -0.666843 0.256122 1.33141 0.389764 0.807779 0.603052 0.253608 1.25127 0.619738 0.709833 0.0434306 0.266735 -0.391768 0.115756 0.360316 0.343738 -0.00610001 -0.451186 -0.983113 0.790668 -1.15684 1.34763 -1.45563 0.364576 -0.409792 -1.49179 1.14631 -1.65687 -0.926093 1.64104 -0.804149 0.760691 1.69861 -0.36852 -1.47364 -2.96677 
-0.586034 -1.07013 1.35681 -0.598135 0.413484 1.56183 0.431654 0.907857 0.709554 0.78322 0.260125 1.20984 -0.843866 0.39253 -0.352806 -1.18902 1.08683 -1.20849 -0.912425 2.03385 -0.821292 0.453898 1.81483 0.176291 -0.290028 -1.15769 0.610738 -1.46351 -0.801793 1.10749 -1.4903 -2.05324 2.13011 -0.690678 1.42102 -1.17377 1.42342 -2.41109 1.64841 
-0.239765 -1.53275 0.592803 0.419988 -0.952369 0.418982 2.42362 -0.013513 1.05695 2.06844 1.42756 0.329711 -0.44786 0.654169 -1.19677 -1.19356 1.22324 -1.12998 -1.7095 2.12401 -1.14186 0.437912 -0.383106 0.266586 -1.06347 0.192779 -0.107944 -0.0867644 0.382825 -1.17147 2.31977 -0.43348 -2.32077 1.443 -0.303126 -3.6635 -1.17233 -0.208533 1.60478 
0.0681348 -2.26691 0.163245 0.625109 -0.716499 -0.147676 2.55567 -0.234007 1.14747 0.400113 0.526711 0.146379 -0.651088 0.284586 -0.43957 -0.806193 -0.0846423 1.11128 -1.34591 -0.28692 0.621703 0.150772 -1.84867 -0.996039 -0.498561 0.447082 -0.843821 2.52805 0.652617 -1.60928 3.94324 2.1392 -3.31517 1.89644 -0.777901 -0.508452 -1.31875 0.373592 0.0409831 
0.0448209 -1.97232 -0.21339 0.335345 0.15891 -0.926923 2.1367 0.60819 1.20772 0.219764 0.431522 -0.16885 -0.000777819 -0.189652 1.33127 -0.540944 -0.386033 2.81326 0.429699 -1.19116 0.754575 -0.339989 -0.891558 -1.05217 -0.689874 0.233762 -0.203179 2.65178 0.810905 -0.259426 1.28956 2.19798 -2.42555 -1.23593 -1.57007 1.65148 1.07242 0.341618 -0.567546 
-0.121517 -0.93563 -0.377699 0.239076 2.09676 0.282023 1.36451 0.520568 0.807476 -0.491445 -0.525456 -0.543495 -0.417326 0.0814067 2.21221 0.0047123 -0.344068 2.40084 0.852073 -2.71247 -0.614224 -1.41929 -0.197198 0.076385 -0.156943 -0.120463 0.980173 0.643652 0.515151 -0.157165 -3.20099 -0.575652 -1.50091 -1.92129 -1.35628 1.55206 2.32165 0.79154 -0.61778 
0.126228 0.239883 -0.208678 -0.00872279 2.55975 -0.0748496 -0.575778 -0.00603392 -0.211574 0.0225655 0.507907 -0.325793 -0.121241 0.790521 1.97493 -0.025793 -0.543198 -0.387728 -0.145953 -2.69206 -1.16672 -1.69627 0.660503 1.26948 0.101666 -0.384018 0.64033 -0.878473 -0.893648 -0.180043 -2.76924 -1.05316 2.03305 -0.322285 -0.45332 0.689362 0.957578 -0.451679 0.434759 
0.669004 1.0393 -0.403492 -0.304123 1.70903 0.136069 -1.32756 -0.646147 -0.888792 0.169057 0.744027 -0.441829 -0.801343 0.721736 1.33373 -0.888936 -0.524111 -0.368409 -0.201089 -0.67942 -0.936509 -1.87261 0.492164 1.03396 -0.608622 0.314296 -0.553267 -1.32956 -0.705279 0.233046 0.0561612 -0.490768 3.00096 0.520472 0.0363996 -0.475603 -1.24566 -0.315955 1.58775 
0.847964 1.57362 -1.09761 -0.532834 2.19134 -0.275938 -1.2552 -0.942543 -2.08419 0.514729 1.54187 -0.934415 0.193055 0.237254 0.645365 -0.731072 -0.310152 -0.331567 -0.636722 0.308897 -0.646243 -1.65987 0.184899 0.0238252 -0.214289 1.20373 -0.561438 -1.24502 1.29913 0.150763 -0.489687 0.173713 1.0048 0.586614 1.82011 -0.350136 -1.73488 2.1251 0.799454 
0.906258 1.68466 -1.13456 -0.614275 1.37746 -0.500653 -1.01866 -1.29239 -2.54866 0.353956 0.767852 -0.656119 0.402389 0.160299 0.0887101 0.41019 -0.373348 -0.858096 -0.0273754 0.325383 -0.349895 -0.0525028 0.142028 -0.700917 1.51648 1.11375 -0.0941854 -0.618856 1.1513 0.000538735 -0.113102 0.596878 -0.145386 0.893155 2.28357 0.148737 0.545317 1.10241 -0.957091 
1.00826 1.66233 -0.687423 -0.906182 1.33324 -0.303314 -0.929815 -1.29244 -2.13669 0.656757 0.840954 0.582061 1.3068 0.143069 0.0265089 0.420229 -0.309614 -0.444668 -0.0398442 0.163511 0.246912 0.623698 0.333636 0.569142 0.888124 0.246641 -0.0624403 -0.280309 -0.329604 0.298449 0.719598 -0.352796 -0.64855 0.490765 0.0106652 -0.24219 1.49129 -1.88094 -1.48757 
1.04933 1.71117 -0.714336 -0.923888 0.932796 -0.540497 -0.855148 -1.04548 -1.92496 0.687593 1.33699 0.232005 0.649029 0.0978584 -0.191598 0.080586 -0.0748988 -0.138498 -0.380172 -0.323168 0.14087 -0.0418376 -0.100162 0.790372 -0.364468 -0.373817 -0.0771405 -0.0883928 -0.604926 0.429239 0.231928 -0.0736925 -0.12142 -0.397239 -0.570876 -0.0958219 -0.88667 -0.570602 -0.507497 
1.10612 1.47073 -0.606837 -0.98108 1.19474 -0.683485 -1.25298 -1.15157 -2.17853 0.556595 1.63133 0.217593 0.932987 0.0659282 -0.0618839 -0.184697 0.119625 -0.21274 -0.113537 0.0420912 -0.150327 0.0528221 0.237814 -0.317528 0.317522 -0.260856 -0.079922 0.216715 -0.46561 0.0893332 -0.445237 0.0974706 0.388154 -0.317038 -0.247109 0.585094 -1.90224 -0.241815 -1.22797 
1.11525 1.64929 -0.899033 -0.804263 0.720056 -0.654034 -0.813057 -1.19581 -1.87214 0.925407 1.01947 0.549527 0.388173 0.0179364 0.0251161 -0.385024 0.0144345 -0.583735 -0.282701 0.0649865 -0.176168 -0.288947 0.484932 -1.11187 -0.606283 -1.60178 -0.00395812 -0.00417867 0.193388 -0.025995 0.490395 0.123084 -0.211709 0.0716433 0.221767 0.368293 0.681909 -0.906474 0.578831 
1.12406 1.49585 -0.991861 -0.966646 0.611006 -0.966186 -1.188 -1.32774 -2.46748 1.04153 0.519458 -0.38869 -0.668797 0.0619701 -0.0660626 0.00869136 0.09363 0.277655 0.00954761 -0.169618 -0.0786841 0.274589 0.606108 0.364381 -0.588952 0.317975 0.081465 -0.0980854 0.496718 0.108337 0.836766 0.55783 -0.125108 0.306256 1.05711 0.0345337 1.62832 0.049686 3.8142 
1.17723 1.58322 -0.890341 -0.710633 0.997711 -0.644486 -0.982675 -1.27449 -1.59755 1.53151 1.38385 -0.0394253 0.706148 0.0994015 -0.0729693 0.111694 0.122772 0.253031 0.275129 -0.0601218 0.130088 0.768159 0.519466 0.516454 -0.556597 2.21242 -0.0422084 -0.0939356 -0.217568 0.0563103 -0.229502 -0.319905 -0.0637213 0.1798 -0.451496 -0.648937 -0.453569 0.2543 0.622115 
1.22346 1.42288 -0.880167 -0.843874 0.864037 -0.691057 -1.24812 -1.19765 -1.69932 1.56099 1.03591 -0.945287 1.54362 0.0197616 -0.159998 -0.208877 0.14994 0.0481527 -0.310358 -0.233339 0.101116 -0.176907 -0.0428291 -0.0891881 -0.334652 0.94009 -0.012357 -0.222334 -0.212559 0.200738 -0.240345 -0.75571 0.0324192 -0.176675 -0.659104 -0.903418 -0.605271 0.712629 -3.01166 
1.19699 1.42323 -1.09922 -0.560693 1.04586 -0.954844 -1.21601 -1.17337 -1.77446 1.48869 1.29466 -0.374077 1.64624 0.0870445 -0.295304 -0.100865 0.323509 0.0126857 -0.48058 -0.0277026 -0.0465875 0.109055 -0.383952 -0.0888174 0.156032 -0.799248 0.0919671 0.000284687 -0.00394342 0.434529 -0.100206 0.0526911 0.34065 -0.19909 1.34737 0.199492 -0.684854 0.848529 -1.4106 
1.3105 1.12757 -0.981032 -0.520365 0.876723 -1.17164 -1.27582 -1.24424 -1.59026 1.17704 0.947094 -0.789255 0.744372 0.111729 -0.159713 -0.21282 0.584469 -0.0520537 -0.257667 0.107311 -0.097974 1.17046 0.156663 -0.774042 0.513878 -0.470513 -0.0910624 0.393095 -0.494449 0.540619 -0.233218 0.301019 0.0795179 -0.104404 1.18272 0.429692 -0.825675 1.19023 1.61866 
1.30872 1.26351 -1.31204 0.0237759 0.99381 -1.21251 -1.1087 -1.27135 -0.604 1.64535 0.520618 0.139801 1.17572 -0.00401793 0.0977912 -0.595313 0.864129 -0.220532 -0.179562 0.0518154 -0.150992 1.29177 0.0457398 -0.914492 1.34626 0.819411 -0.105655 0.206791 -0.304685 0.259893 -1.14017 0.368974 -0.038185 -0.0546764 0.0756678 -0.745246 0.274309 0.136744 1.88878 
1.30649 1.22536 -1.57635 0.343764 0.656191 -1.3512 -1.22401 -1.39523 -0.298489 1.22278 0.0326016 0.557004 1.56378 0.00607336 0.0470776 -0.517505 0.844362 -1.19222 0.111307 0.0691258 -0.15265 1.24613 -0.588584 -0.499732 0.650621 1.41826 0.139892 -0.533394 0.943174 -0.635668 -0.697905 0.0456931 -0.101039 0.155121 -0.326922 -0.480574 -0.318653 -1.01688 -0.101589 
1.31479 1.31059 -1.82954 0.868138 -0.198409 -1.1012 -1.03958 -1.424 0.642127 1.05676 0.0208859 0.790422 2.59399 0.135874 -0.435603 0.347861 0.228461 -0.918437 -0.133868 -0.0492233 0.00412964 0.964851 -0.434834 -1.23315 0.329383 0.717822 0.179126 -0.681423 1.30817 -0.792368 0.981113 -0.315108 -0.086195 0.361759 -0.919262 0.337915 -0.160728 0.55035 -1.43486 
1.44236 0.789761 -1.22848 0.572225 -0.262246 -1.48507 -1.27323 -1.3911 0.666362 0.787946 -1.20054 0.886388 2.2816 0.185199 -0.634345 0.790664 0.0519935 -0.211106 -0.203802 -0.0170691 0.209108 0.326865 -0.250669 -0.66046 1.20097 -0.0165979 -0.179454 0.328743 -0.53676 0.557647 0.493696 0.417609 0.0893454 -0.0315424 -0.692275 -0.717922 1.79763 1.09588 -1.67547 
1.49999 0.676245 -1.03888 0.920131 -0.409516 -1.30501 -1.05665 -1.21489 0.968992 0.806096 -0.639574 1.99139 2.57739 -0.0435792 -0.10686 -0.1889 0.786107 -0.424741 0.28374 0.0401221 -0.0274128 0.272575 -1.15276 0.564486 1.42526 -0.957652 -0.410783 0.573153 -1.49187 0.61651 -0.373312 0.129029 -0.253083 -0.441744 -0.781549 -2.07131 -0.734322 -0.741205 -1.47124 
1.39878 0.6829 -1.41738 1.35833 -0.686987 -1.20133 -1.23311 -1.41851 0.938937 -0.364811 -0.636059 2.31165 1.32395 -0.225584 -0.0611922 -0.70121 0.668503 -0.584418 -0.0747725 -0.270152 -0.232636 -0.454684 -2.32198 -1.39478 0.459766 -1.48784 -0.167543 0.0632152 0.0936501 -0.269998 -0.0342417 -0.476912 -0.00632177 0.246185 -0.322053 -0.0674556 -1.61262 -1.99278 -0.503001 
1.2744 0.615053 -1.74009 1.58863 -0.993934 -1.37978 -1.3268 -1.44753 0.514307 -1.51588 -2.03436 2.45116 1.08956 -0.211122 -0.0436448 -0.0952494 0.51611 -0.458982 -0.193172 0.0338003 0.218772 -0.0494776 -1.22021 -1.04813 -0.567518 -1.46065 0.0944758 -0.0834062 1.21832 -0.25154 0.357946 -0.0895517 0.288387 0.70664 0.782322 2.52603 1.67521 -1.75261 -1.00292 
1.18766 0.639256 -1.51263 1.87444 -1.14597 -1.3945 -1.19931 -1.19974 0.889459 -1.58502 -1.68419 1.74413 -0.1367 -0.131108 -0.144598 0.51711 0.416964 -0.226473 -0.164324 0.0182353 0.474004 0.327638 0.204052 0.280424 -1.29285 -2.49076 0.124772 -0.112277 0.598331 -0.583688 0.187433 0.217067 0.231936 0.00739723 -0.144625 1.53923 1.13633 -0.644376 0.226781 
1.1433 0.470454 -1.22298 2.0056 -1.22041 -1.5441 -1.30856 -0.973522 0.841945 -1.31183 -1.75393 1.15831 -1.4012 -0.0863508 -0.155922 0.503082 -0.0675787 -0.271549 0.0238952 0.265737 0.226169 -0.194103 0.319019 0.088197 -1.21189 -1.23387 0.0584532 -0.0925856 -0.0453064 -0.557948 0.321051 0.384427 0.65865 -0.342546 -0.816922 -1.17739 -0.282116 0.64295 2.612 
1.10131 0.483334 -1.00955 1.80686 -1.41752 -1.3706 -0.933569 -0.973569 0.695356 -1.266 -1.596 0.532233 -1.37057 -0.072655 -0.237184 0.471804 -0.140984 0.0945782 0.220103 0.676885 0.131458 -0.489285 -0.973339 -0.00169192 -0.649896 0.121241 -0.050704 0.0649361 -0.266984 0.236502 0.123755 0.227578 0.335364 0.0856347 0.160391 -0.624285 -0.266542 1.45449 1.10207 
1.07064 0.23327 -0.751176 1.86461 -1.12583 -1.324 -0.631678 -0.842064 0.35266 -2.28517 -1.75562 0.508418 -1.27996 -0.137055 -0.090986 0.236098 0.168923 -0.147795 0.251474 0.6011 0.311804 -0.0337124 -0.305265 -0.178345 0.242597 -0.131802 -0.103061 0.350447 -0.429373 0.250829 -0.268112 -0.0864371 -0.527873 -0.135438 0.473609 2.3441 0.317099 1.44971 0.25302 
0.964253 0.392348 -0.773454 1.97579 -1.56531 -1.11913 -0.332469 -0.661766 0.661644 -1.57127 -1.77434 0.77483 -1.50237 -0.175716 0.113263 0.0424303 0.109845 -0.173534 0.133666 0.149013 -0.00398055 -0.0156753 1.37076 0.315407 0.799812 0.37426 -0.0399051 0.0498837 -0.467501 -0.190807 -0.264947 -0.160466 -1.10176 -0.645814 -0.699596 -0.304399 0.691083 0.234173 -0.0052052 
0.894925 0.346533 -0.708746 1.97446 -1.29936 -1.19033 -0.482665 -0.846045 0.336985 -0.914404 -1.44022 1.30823 -0.9057 -0.17696 -0.0411023 -0.231402 -0.0218839 -0.412742 0.0910074 -0.500663 -0.33401 -0.733309 -0.609664 0.512739 0.47677 -0.137008 -0.0440231 -0.120741 0.176781 0.131188 -0.0640724 -0.0202473 -0.0347209 0.324176 0.136447 -2.18921 -0.882687 -0.567484 0.135675 
0.787293 0.351245 -1.00486 1.9539 -1.97806 -1.02812 -0.833132 -0.995776 -0.0716648 -2.18093 -1.2616 1.2516 -1.63938 -0.219739 -0.0074785 0.219212 0.241033 -0.237607 0.113418 0.114292 0.320196 0.120772 -0.818445 -0.56728 0.232328 0.509935 0.0631866 0.0156541 0.60832 -0.0215472 0.271972 -0.000532214 1.20614 0.9412 1.26969 0.413151 -0.755182 -0.326926 0.964261 
0.675186 0.339055 -0.489534 2.21549 -1.53697 -1.07692 -0.368374 -0.525849 0.457757 -1.73285 -2.0075 1.54056 -0.395765 -0.113773 -0.0254482 0.376918 -0.0434311 -0.14077 0.0904752 0.705476 0.60719 0.536381 -0.196513 -0.242443 0.149845 0.827254 0.138535 -0.0198214 -0.0184487 -0.655826 0.0232838 -0.193647 0.258759 -0.257118 -0.436865 0.670636 0.989202 0.218062 -0.00656576 
0.67352 0.325797 -0.627938 1.91047 -2.11883 -0.937647 -0.127656 -0.388586 0.464716 -2.37745 -1.50405 1.40145 -0.812129 -0.0812036 -0.0272999 0.200763 -0.414794 -0.214323 -0.0802291 0.373051 0.0630782 -0.316093 -0.147809 0.421922 0.450389 0.503369 -0.132408 0.1874 0.344924 0.0440419 0.462954 0.0766582 -0.825255 -0.879898 -1.35538 1.32106 0.519108 0.0994857 -0.0366459 