-0.98602 -1.37386 -1.10301 -0.448407 0.109827 0.29816 -0.826794 0.422226 -0.115246 0.444244 -0.511728 -0.011407 0.536594 
-1.07411 -1.37334 -1.16369 -0.421942 0.145427 0.637884 -0.788396 0.712335 0.406638 0.537802 0.000839109 0.237346 1.14296 
-1.08181 -1.36672 -1.11546 -0.332125 0.198176 0.125212 -0.605954 -0.752429 -0.168815 0.272773 0.141547 -0.503596 0.466861 
-1.15119 -1.27592 -0.957516 -0.366708 0.0151876 0.120033 -0.944101 1.20831 1.54171 2.09585 1.11955 -0.23466 0.73391 
-0.901817 -1.25306 -1.0065 -0.456216 -0.274969 -0.67697 -0.954635 -0.213015 1.23399 1.16717 0.0394286 -0.682542 0.130307 
-0.956518 -1.34147 -0.738524 -0.136383 -0.0601161 -0.218834 -1.17619 -0.467975 0.859595 1.54577 1.34723 0.405059 0.282775 
-1.07927 -1.34702 -0.864969 -0.388525 0.0995485 0.340337 -1.30531 -0.352152 1.11431 0.513089 0.353744 -0.603126 1.00772 
-1.00618 -1.28228 -1.26405 -0.366073 0.35588 -0.0290129 -0.843273 0.32598 -0.0284244 -0.901064 -0.853822 -0.226339 0.42767 
-0.88984 -1.35236 -0.906465 -0.296075 0.163213 -0.315938 -1.1719 -0.147809 -0.164172 0.302104 -0.00905608 0.364691 0.0864201 
-0.858325 -1.15928 -0.610408 -0.230581 0.718049 0.995032 -0.569779 0.622161 -0.15887 0.0135693 0.270242 -0.276425 0.764919 
-0.589837 -0.611582 0.412362 0.786733 0.848887 0.506702 -0.630502 0.373632 0.730218 0.64754 0.191163 -0.67401 0.518193 
0.0842807 0.144941 1.36355 0.942616 0.528712 -1.33933 -0.92421 0.657605 0.580113 0.270974 -0.242914 -0.304038 1.22308 
0.384052 0.792816 1.98945 0.704053 0.102567 -1.43059 -1.75 0.528574 0.453675 -0.101886 -1.08186 -1.12869 -0.203715 
0.152872 0.271325 1.45188 0.750829 0.39177 -0.996036 -1.39208 -0.770658 -0.671348 -0.502275 -0.835837 -0.620984 0.0526561 
0.667968 0.739027 2.12682 0.769459 -0.101018 -1.6293 -0.866335 -0.440948 0.234376 0.0510337 0.0443215 -1.81122 -0.388493 
0.725647 0.848333 2.21767 0.817575 -0.371411 -1.35117 -1.31304 -0.0224516 1.03456 -0.601244 -1.34457 -1.62562 -0.39401 
0.783635 0.996708 1.93712 0.758351 -0.409303 -1.38075 -1.12509 -0.670603 0.697746 0.259653 -1.54081 -2.15051 -0.00956521 
1.12974 0.999999 1.45275 0.637091 -0.336291 -1.32733 -0.780826 -0.241793 0.0384027 -0.574185 -1.51107 -1.59059 -0.173288 
1.0741 1.05483 1.40088 0.553771 -0.684907 -1.31424 -1.01415 -0.982084 0.382359 -0.630685 -1.0827 -1.94645 -0.228474 
1.27394 1.255 0.441169 0.202247 -0.323612 -1.44162 -1.56339 -0.225967 -0.556873 -0.355018 -0.485047 -1.67209 0.272498 
0.818009 1.25366 1.52695 0.25727 -1.65976 -1.52377 -0.8771 -0.115602 1.13133 0.164427 -1.8428 -0.946787 0.772705 
1.23215 1.2386 0.527113 0.0384275 -1.50442 -1.50221 -0.365469 -0.286947 0.647787 0.611568 -1.36421 -1.46445 0.971789 
1.15789 1.22043 0.632389 -0.235031 -1.95256 -1.30859 0.0934525 0.0331105 1.17802 0.365296 -1.73029 -1.03861 0.959921 
1.0303 1.33105 0.770762 -0.767663 -2.21139 -0.325173 0.907691 -1.24529 1.59712 -0.501593 -1.43817 -0.590825 1.38754 
1.09509 1.32182 0.548312 -0.951323 -2.1323 -0.518706 1.38314 -0.850825 0.703602 -0.332912 -1.01186 -0.422236 1.2486 
1.16974 1.30609 0.322533 -1.04129 -1.95571 -0.211244 0.764015 -0.669491 1.05404 0.00804304 -1.80139 0.206783 1.28822 
1.14716 1.32512 0.24218 -0.958496 -2.11989 -0.486844 1.44569 -0.886041 0.432145 0.246632 -1.32164 -0.105782 1.1767 
1.26792 1.2328 0.149698 -1.23515 -1.76665 -0.717493 1.67671 -0.798938 -0.404828 0.819853 -1.08999 0.316768 0.0758895 
1.40425 1.1098 -0.0692573 -1.1714 -1.68309 -0.321118 1.68033 -1.14192 -0.511591 1.10101 -1.35316 1.18325 -0.326004 
1.34355 1.10981 0.177799 -1.75957 -1.25282 -0.613832 1.94227 -0.919985 -0.958714 0.938158 -1.43241 1.89021 -0.962369 
1.39143 0.956655 0.373368 -2.03969 -0.902717 -1.01278 2.33164 -1.29679 -0.803018 -0.00482945 -0.564049 1.68837 -1.11482 
1.49914 0.809686 0.134798 -1.83537 -0.637406 -0.696687 1.51774 -0.996139 -0.3648 -1.05705 0.381062 1.35957 -1.43301 
1.38682 0.842847 0.0787283 -1.57647 -0.816735 -0.258501 1.39612 -1.04903 -0.755141 -1.12684 1.04977 1.49371 -2.31576 
1.4143 0.731823 0.279031 -1.74424 -0.627499 -0.159552 1.46311 -1.86253 -0.382768 -0.628041 0.165701 2.14485 -2.22372 
1.23137 0.89812 0.180374 -1.64436 -0.497102 0.0198472 0.865336 -1.26541 -0.851015 -0.574371 0.480153 1.91211 -1.89816 
1.22587 0.889632 -0.0331492 -1.26658 -0.233273 -0.561562 0.626836 -0.845707 -0.933195 -1.18887 0.651833 2.09365 -1.90353 
1.02458 0.846241 0.386092 -1.21598 -0.107056 -0.159658 0.197388 -0.686333 -0.991284 -1.15389 0.0663511 1.59918 -1.33548 
0.764974 0.729278 0.157262 -0.561062 0.361645 -0.292791 0.237246 0.947254 -1.49259 -1.3486 -0.256554 1.02949 -1.6161 
0.356089 0.374463 -0.0264707 0.107484 0.72874 0.161237 1.15826 1.5328 -1.95671 -2.0441 0.754228 0.506891 -1.33956 
0.212224 0.324272 0.182826 0.459679 0.906968 -0.010741 0.965068 1.85985 -1.55243 -1.5465 1.51869 0.732168 -1.88425 
0.0448016 0.156952 0.378172 1.02577 1.02603 0.418802 0.410229 2.02644 -1.36342 -2.39672 0.93301 0.0994885 -1.37385 
-0.0379981 0.0632 0.382379 1.10684 1.14227 0.354708 0.34925 2.19233 -1.27658 -1.53508 0.273555 -0.101017 -1.40279 
-0.124358 -0.12803 0.145985 1.31548 1.39776 1.197 0.788081 0.991692 -0.616414 -1.49471 -0.299235 -0.769373 -0.650877 
-0.258076 -0.174792 0.21542 1.2117 1.57347 0.776206 0.477103 0.348055 -1.00322 -0.442288 0.0394401 0.186093 -0.535917 
-0.438861 -0.252256 0.0175206 0.897739 1.38118 1.10897 0.697737 1.71334 -0.632919 -0.626561 -0.165215 -0.401052 -0.601476 
-0.488625 -0.457091 -0.307584 1.0288 0.99036 0.540034 0.617318 0.900106 -0.472965 -0.379223 0.329309 -0.0931864 -0.23858 
-0.580456 -0.590798 -0.282999 0.550518 0.979275 0.982348 -0.288293 0.091005 -0.874769 0.643823 1.07036 -0.0723897 -0.137625 
-0.74374 -0.717911 -0.611155 0.269328 0.711945 1.12071 -0.321713 -0.189125 -0.170611 0.618458 0.430756 0.607053 0.21979 
-0.875006 -0.817093 -0.824183 -0.0585543 0.773082 0.287745 -0.794461 -0.921185 -0.721857 0.922281 0.650319 0.036066 0.203523 
-1.10927 -0.976953 -0.817101 -0.224392 0.402392 0.214509 -0.406854 0.351392 0.363587 0.999399 0.766381 0.22807 0.75076 
-0.983831 -1.09052 -0.820363 0.0678879 0.380365 0.0854421 -0.490707 0.28943 -0.481014 0.0246761 0.418711 0.17955 0.137526 
-1.11737 -1.16638 -0.947248 0.155176 0.365621 0.661794 -0.308858 -1.12334 -0.845105 0.74083 0.498618 0.211242 0.367562 
-1.08261 -1.19042 -0.935449 0.0316542 0.473308 0.318459 -0.319754 0.699234 -0.409296 0.60393 -0.0249177 -0.0265495 0.336772 
-1.08862 -1.08731 -0.548501 0.397655 0.956429 1.07422 0.898648 0.766474 -0.00581519 0.715383 1.50586 1.28688 1.22821 
-1.12857 -0.938422 -0.578442 0.448942 1.03972 1.40016 0.212749 0.869472 0.480643 0.581763 1.00989 0.490141 0.783965 
-0.973651 -1.1293 -0.971818 0.25116 0.811916 0.901595 -0.675433 0.807103 -0.158283 0.0434929 1.14893 0.743554 1.73199 
-0.902785 -1.06032 -0.830655 0.330989 0.788694 0.445498 -0.406961 1.47809 -0.110739 0.305413 0.988661 -0.0904831 0.678467 
-0.98479 -0.975537 -0.341653 0.735191 1.10673 1.40159 0.542964 1.29452 0.350886 1.32028 0.702292 -0.290685 1.439 
-0.852677 -0.796311 -0.285692 0.7606 1.00481 0.967505 -0.360107 0.815685 0.805094 1.82069 0.999792 -0.0362543 1.12737 
-0.864572 -0.865418 0.197845 0.892279 1.14127 1.83374 -0.312132 0.583593 1.01496 2.25967 1.14166 -0.00142603 0.116505 
-1.90736 1.52324 -3.84693 4.01524 -0.607108 3.811 1.44257 -2.93436 4.52017 -2.46813 2.87415 -0.922778 -0.0925512 
-1.37574 -0.54682 0.00804346 0.451112 1.10792 1.0259 -0.614892 -0.068911 -0.622244 0.540011 0.837762 0.203917 0.134601 
