-0.0751231 -0.924741 0.0455173 0.248721 0.332269 0.362944 1.22023 -0.223931 -0.110956 0.979735 0.607061 -0.232838 -0.0869176 -0.908561 0.553795 0.812654 -0.181186 -1.28586 -1.31385 -1.73939 -1.80421 -1.14849 -0.0736555 0.692792 1.1451 2.62971 1.92123 3.26802 0.948693 -1.98267 -1.13342 0.0574685 -2.3707 1.6596 1.05697 -2.91435 -2.98961 0.883008 0.180431 
-0.385957 0.255329 0.446644 -0.424532 -0.571421 0.573215 -0.427326 -1.08386 -0.956397 0.557135 0.0970966 -0.332534 0.875864 1.39333 2.90343 1.12031 -0.524729 -2.24737 -0.852143 -1.47568 0.715381 -0.284772 -1.62344 -1.00405 0.787234 0.00251541 2.01064 0.229132 -1.34491 -0.02918 0.961653 -0.878013 1.28245 3.18092 3.08186 1.34923 -0.465975 -1.13911 -2.80917 
1.31821 1.97868 1.16583 -0.276008 -1.9151 -0.489199 -0.255457 0.49145 -0.395728 -0.643708 -0.396984 0.554396 -0.0844022 1.10207 0.782927 -0.532253 -0.210366 -0.32421 -2.19187 -0.456937 1.37671 1.93337 1.27558 0.226817 0.00599288 -0.179464 -2.59701 -3.9184 -1.83072 -0.0442738 3.29635 0.599262 1.16462 -2.07471 0.0929073 2.36463 1.25174 -1.30981 0.513236 
0.716117 1.03826 -0.085609 -0.634897 -0.895631 -1.61865 -0.884264 0.292851 0.976972 1.83271 0.323914 -0.326541 0.6964 -1.20368 -1.01497 -0.710403 -0.569003 1.04898 -0.252881 -0.311062 -1.35933 -0.191865 0.741183 0.247695 -0.522574 0.515752 -2.32491 -2.0249 0.357602 0.743228 1.6837 3.4584 1.53233 -1.88994 -2.60519 -3.19281 0.043584 0.728133 -0.256255 
0.114532 0.963713 0.455428 -0.845011 -0.866123 -0.74208 -0.56652 -0.867884 -0.587592 0.0974753 -0.149289 0.0318217 0.43135 -1.22284 -1.24197 -0.174651 0.532862 1.35949 1.26653 1.07539 -0.513229 -0.671818 -1.91724 0.270401 0.734126 -0.435718 0.799675 0.255098 0.830376 1.80063 -0.379085 -0.606871 0.0752265 1.77268 -0.423644 -0.908682 0.118595 2.31726 -0.687643 
-0.506719 -0.203715 -0.26026 -0.102035 0.463857 -0.352121 0.191128 -0.220378 0.305154 -0.0845247 0.594315 0.407585 0.260682 -0.404003 -0.759873 0.119973 1.23162 0.669896 -0.859752 -0.235836 0.413349 -0.615509 -0.167499 0.36629 1.79469 -0.171891 2.09404 2.45149 1.33051 1.25092 -0.777013 -1.00021 -2.65473 -0.228316 0.506422 0.112966 -0.843734 0.20977 -0.773597 
-0.289471 0.203841 0.575401 0.386611 -0.196228 -1.60183 -0.802355 -0.454535 -1.2031 -0.0700236 0.217001 1.82651 0.259459 0.871205 1.20952 1.15586 1.78378 0.582475 0.266315 -1.57934 -0.741545 -0.165396 -1.80427 -0.573333 0.943896 -1.20931 0.716553 1.66767 0.76323 -0.27642 -0.550084 1.99852 -0.141647 -1.6978 2.04762 0.0869413 0.272367 -1.74953 0.144343 
0.364486 1.00581 0.895599 1.68175 1.04633 -0.0858053 -1.38821 -0.961924 0.139758 -1.8888 0.0209822 1.35148 -0.948633 0.31255 0.907794 0.883203 0.955202 0.119811 1.13877 -0.377482 -1.28446 1.43211 -0.0805576 0.638658 0.0451583 -0.0275478 -1.92429 -2.68573 -1.92125 -2.64766 -0.2927 1.24682 3.15778 1.40115 -0.376445 4.32234 0.398079 -3.19774 1.61423 
0.023079 1.11163 1.4586 1.34181 -0.0764165 -0.463061 -1.17984 -1.73899 0.229009 -0.150581 0.855659 1.87167 0.231911 -1.05308 -1.47621 -0.765392 -0.863881 0.289775 1.51313 1.57844 0.659608 -0.541841 2.51807 -0.175254 -2.25385 0.404919 -3.02462 -5.5639 -4.28356 -1.96488 1.20773 1.0992 1.30921 1.54385 -2.916 -0.268023 -2.68116 -2.54282 -0.781893 
-0.688594 -0.4704 0.130206 0.817865 1.33611 1.42733 0.190221 -0.302315 -0.402082 0.629273 -0.154271 -0.902368 -0.543714 -2.71207 -4.65611 -3.40035 -1.00968 1.32755 2.23797 0.931733 0.259391 -1.48389 -0.348581 -2.0425 -2.49766 -0.809441 3.067 3.2253 1.24539 0.540555 -1.78927 -2.38559 -1.44292 -1.37098 0.817413 -2.83118 0.377769 2.69756 0.828544 
-2.68899 -3.54447 -1.94175 0.332137 1.25113 1.77491 -0.248105 -1.4796 -1.25488 -0.499162 -1.18684 -0.625989 -0.57753 2.01392 1.74909 0.479994 -0.323326 -1.49949 -0.872463 0.135519 -0.711375 0.275572 -0.313107 0.202515 0.443709 1.23346 5.07225 9.2087 6.69949 0.660164 -2.35093 -4.48588 -0.421083 1.67688 5.40171 3.00568 4.21181 4.28782 2.60654 
1.32532 1.27869 0.6102 0.494539 -0.163387 0.554862 0.32574 -1.01369 -0.12651 0.316166 0.0482441 -0.458659 0.68975 2.36018 4.55259 3.29913 -0.349512 -1.02338 -2.2479 0.51065 1.93627 3.91782 2.6571 2.16931 1.79016 1.7971 -2.46992 -1.75086 0.19782 0.738465 2.60938 1.60622 0.243016 2.06986 0.802982 0.205555 -0.36828 1.61332 -0.988202 
-0.328803 1.00812 1.35739 -0.0173749 0.227746 -0.472988 0.262545 0.456669 2.66294 2.15793 0.982462 1.16417 1.21957 -0.456001 -0.00177159 0.677814 0.415139 1.10989 0.733752 0.378535 1.35848 1.07855 -0.107553 -0.165764 2.05703 0.245261 -2.39753 -5.93609 -4.62668 0.505489 0.799603 3.08997 -0.852295 -3.6531 -6.1559 -4.56311 -2.8015 -2.69379 -1.87143 
0.869319 1.27692 1.28801 0.909678 0.946502 1.28861 0.704276 0.34479 0.952044 0.208613 -0.11752 1.59837 0.935011 -0.0373497 -1.3835 -1.32754 0.155977 -0.22378 0.842064 -0.341646 -1.71684 -2.23809 -1.90601 -0.632191 -0.903632 -0.0743242 -0.558753 -0.325407 -1.78623 0.110339 -2.3715 -1.84622 -0.666623 -1.06996 -2.36979 -0.978654 0.305881 -3.03352 0.177833 
-0.366153 -0.37538 0.0298435 0.138603 0.00396637 0.369076 -0.0791006 -1.26017 0.424856 0.251926 0.350271 0.260536 1.14525 -1.01475 -0.327178 -1.10841 0.525478 -1.26162 -1.11246 -0.288087 0.288519 -1.29124 -1.08621 0.140117 -0.976492 0.423094 -0.637687 1.91228 0.860117 0.195934 1.16425 -0.375698 0.0879178 2.4184 1.18255 1.09041 0.373275 1.06686 -1.23394 
-0.145435 0.949741 0.1796 1.43516 -0.315114 0.176149 0.416189 0.63331 -0.339197 -0.877594 0.0225973 0.621875 1.3581 -0.675037 0.528787 -0.467425 0.351911 0.940468 0.466366 -0.253728 0.701564 -1.05553 -0.815596 -0.258916 0.163229 -1.30827 0.925085 -0.470428 2.08261 -1.57773 2.76382 2.93917 2.06088 -0.023047 2.41101 1.66865 -1.42768 0.334811 -1.2116 
-1.04119 0.153407 -0.437582 0.490513 0.944434 0.835442 -0.332828 -0.558604 -0.630675 -0.56367 0.0913556 0.423765 -0.163022 -0.0896694 -0.797606 0.974194 -1.05225 1.50221 1.82671 1.77279 0.265472 1.11977 0.582441 -1.28756 -0.641681 -0.788506 2.54301 -0.89561 0.124403 -2.29712 -0.47611 0.706506 2.52688 0.958608 2.50138 1.67386 0.475628 -1.14104 0.0961302 
-0.235105 0.152135 1.15379 0.382902 1.1871 2.00286 2.18898 0.898782 0.780575 -0.295153 -1.26496 -0.0198062 0.569598 1.86797 -0.366823 -0.343023 -1.94521 0.464358 1.17287 2.27316 1.66017 1.44584 0.858265 0.216712 -0.977814 -1.21214 1.17439 1.13935 -1.63846 1.23858 -0.819621 -2.64395 -3.16304 1.20842 -2.31417 -0.308999 2.88558 3.0486 0.519749 
0.826784 -0.213417 -0.780604 -1.4547 1.40879 2.00831 1.94033 1.10157 0.815169 0.294595 0.308068 -0.55405 -1.37516 1.08472 0.341739 -0.664265 0.186321 0.682589 -0.817245 -1.39025 1.47389 -1.1944 0.273442 1.59802 2.40692 -0.268758 -3.16612 0.890591 1.84825 3.81466 -1.09129 -2.20408 -4.31914 -3.10411 -2.60808 -2.5674 -1.52321 0.972548 3.11497 
0.849616 0.493874 0.489529 0.569223 1.86969 1.18561 0.798727 2.37267 -0.413822 -0.0217106 0.333057 2.38712 0.30084 -1.29815 0.523768 1.50523 1.86945 -0.626934 -1.0312 -2.04598 -1.44393 -1.16224 -1.70913 -1.3065 -0.00526694 1.90283 -3.34074 -2.37593 -0.0191077 -1.45053 -2.31866 -1.07124 -0.399316 -4.88458 0.705375 -1.25074 -3.7358 -5.75494 -0.197781 
-0.471364 0.310351 0.724622 0.414749 0.781858 0.97711 -0.105655 -0.342366 -0.347069 -1.41454 -0.998429 -0.559317 0.527669 -2.25602 -2.03419 -0.683373 -1.26421 -1.63607 -1.88849 -1.78957 -3.41069 -0.489022 -0.977297 -2.13778 -3.34802 -0.466539 1.73581 -1.50929 -2.68362 -3.52258 -1.53863 -0.568589 0.967101 0.672166 -0.126182 1.11619 3.40856 -0.184657 -2.72837 
-1.40641 -1.54032 -0.193843 -0.694985 0.23361 -0.702877 -0.990841 -1.03802 -0.902845 -0.999008 -1.80472 -0.960903 -0.165698 0.437666 -0.985522 -1.17839 -1.65313 -2.16557 -1.59979 -1.07888 -0.771768 -1.28842 -0.592944 2.10206 -0.189924 -0.825537 4.83359 2.59326 -0.859558 0.215847 0.651818 2.4276 1.32184 3.73903 0.280649 1.59562 3.0247 6.08066 3.13642 
-0.0336982 -0.675171 -0.45377 -1.23839 -1.38371 -0.622683 -1.18454 -1.11413 -1.63549 -2.00748 1.10363 -0.749241 -0.297868 2.57757 0.559066 -1.54293 -1.04836 -0.984256 0.539114 -0.467724 0.328341 -0.208374 0.618327 0.886921 2.73264 2.66988 -0.0103226 0.858584 2.70453 4.24391 5.09387 3.75301 1.61791 1.74312 1.76694 2.29472 -1.89036 1.77256 1.40993 
1.17117 -0.98125 -1.73677 -1.74335 -0.750646 -0.163763 -1.45857 -0.70968 -1.11122 -0.38068 -0.917803 1.77174 2.50418 0.427344 -0.126938 1.52613 2.59077 2.9283 2.15321 0.539024 0.971351 0.47852 1.70177 0.211703 1.58263 0.584393 -4.94132 -1.05762 3.81982 1.94286 2.32861 0.576334 3.43966 0.521347 0.709903 0.917364 2.58551 -4.82101 -5.08838 
0.393645 -0.802109 1.07236 1.35238 1.5446 1.53053 -0.645514 -0.142784 -1.15697 -0.305705 1.31534 0.833392 0.286525 -2.36374 -0.498553 2.27689 0.894499 1.34435 1.11545 2.97193 0.849688 0.50153 1.53569 3.47243 -2.08837 -2.4185 -4.6682 0.0684115 -1.79447 -3.56458 -2.699 -3.5274 1.23703 -0.0828509 0.621479 -2.18232 -2.17027 -1.84018 0.234054 
-1.19258 -1.4798 0.540119 -0.848847 0.593705 0.951685 1.51337 0.140009 -0.609689 1.15501 2.55463 -0.316633 0.0856774 -4.24086 -0.0585262 -0.26834 -0.973805 0.229306 -1.37419 1.77605 0.8885 1.1 -0.480543 -1.95857 -0.257547 0.818447 2.79673 0.782519 -3.97285 -1.44133 -4.19959 -2.72974 -4.45994 -1.86566 -0.0114577 -1.10688 -5.91742 2.79647 3.89894 
-3.84721 -0.860635 0.804024 0.37858 1.7739 0.156339 1.13054 0.745717 -0.0569692 -0.786248 -0.643233 0.575845 1.10497 0.432988 0.283966 -1.69596 -0.546836 -2.85524 -1.6143 -1.48801 -1.01598 0.490072 0.428814 -2.44499 0.708101 1.48044 7.41805 1.60401 0.885975 1.55626 -1.90305 0.629784 -4.64631 -2.36708 0.357727 2.38146 1.54682 -0.00850057 -1.59829 
-0.759589 -1.19584 -1.15584 -1.39568 -2.26154 -0.66261 0.0253633 -0.875968 -0.119617 1.58383 0.109638 0.391468 1.56612 3.17719 1.54548 0.617636 0.582455 -1.67374 -0.744407 -2.87025 -1.47858 1.45773 1.90092 -0.411753 -0.266048 -0.779845 0.813146 1.63334 3.2986 2.54159 5.03341 2.93325 1.80793 1.85621 1.09022 -1.31498 2.33269 -1.63404 -2.90868 
-0.670027 0.684847 1.42166 0.961035 0.100158 -0.588068 -1.73971 -0.732868 1.40076 1.11467 -1.05499 0.309798 0.325126 1.24613 1.9173 1.60265 1.99475 2.17817 1.31895 0.319923 0.840229 1.58029 -0.886167 -0.112298 -0.925937 -1.42824 -2.57206 -1.68085 -0.67678 -0.5117 0.914504 1.68126 6.90702 3.44199 -2.3636 -3.52391 1.80256 -0.841696 1.14785 
0.486546 0.721465 0.446807 0.599069 -0.0833713 0.656342 0.345286 -0.0357397 1.46067 0.697658 -0.0026594 -0.534469 0.137879 0.605125 -0.135368 -0.0591444 0.0707551 -0.75924 0.93685 4.03677 1.9634 -0.905876 -1.62299 1.39081 -1.10774 0.368003 -2.39446 -2.94163 -2.24381 -1.59858 -3.25382 -2.08996 0.53076 0.01565 -1.21041 2.72866 0.731099 2.10997 1.97446 
-0.0649015 0.54948 1.36252 1.03179 -0.659081 0.348782 2.29705 1.23053 0.494881 -0.50832 0.335823 -0.797946 0.69313 -1.14833 -1.02433 -0.641168 0.396175 -1.07565 -0.771011 0.850683 0.855879 0.369882 1.84249 0.618801 1.18403 0.546215 0.577113 1.13245 -0.907542 -2.51572 0.835909 -0.87289 -6.61613 -2.84235 0.525496 2.80097 -0.0522814 2.70436 -1.03691 
-0.661784 -0.302862 -0.194361 0.995244 -1.15903 -0.114668 1.19597 0.820139 1.83056 2.54015 0.616142 0.649564 0.684094 1.18224 0.997083 -0.966686 -2.44497 0.0766695 0.0639599 -2.57936 -0.878951 -0.38038 1.17798 1.33853 1.59662 -0.668908 1.1407 0.615084 0.115542 -1.87879 3.92306 2.07134 -0.160809 0.350253 -0.860921 -4.17244 -2.94585 -2.26641 -1.5622 
1.11734 1.54656 0.395829 -1.41318 -0.582412 0.412742 -0.28231 0.351582 0.114501 0.669658 1.67435 0.798673 0.0242222 -0.0076272 -0.409243 -0.525626 -1.48261 2.8474 1.30033 0.689874 1.20613 -0.491039 -2.32995 -2.32705 -1.08238 -1.01599 -2.03791 -1.80869 0.826345 4.85262 1.55572 0.117849 3.24483 2.08037 1.10489 -1.52421 -4.80676 -3.63863 0.803092 
-0.669412 -0.712105 -0.719988 -0.487367 1.68838 1.18566 1.88584 2.02627 1.33952 0.210199 -1.71091 -0.432813 -0.331894 -0.855672 -0.811602 -0.140342 2.40765 1.63239 0.181809 0.665462 1.20142 0.724506 -0.346228 -3.46823 -2.04201 0.134185 1.54583 2.74036 2.80327 3.18309 -3.69966 -1.8707 -3.44 -3.29714 -0.603571 3.11708 4.57113 -0.117966 1.23983 
0.261664 0.73496 0.255487 0.994473 1.04998 0.594551 0.383152 1.553 0.839007 0.32343 -1.79388 -1.24334 0.158407 1.53821 2.33112 2.27765 1.70048 -0.852254 -0.57037 -2.75012 -2.091 -1.09461 0.787127 2.24408 -1.20034 0.223844 1.08553 0.0585164 -1.1452 -3.85141 -3.47415 -0.494498 -0.468176 -1.03106 0.08103 0.106175 6.2959 2.51714 -0.393524 
0.868796 1.61901 1.55766 1.21311 0.836126 0.615291 -0.864282 -0.0647327 0.244908 0.997327 0.533174 -1.63316 -0.108051 0.229853 -0.753086 -1.28554 -1.44376 -1.84176 -0.312689 0.197286 0.170361 0.805536 -0.240053 2.82767 0.475126 -0.259339 -1.12828 -4.4508 -4.5516 -3.33255 -0.0453501 -0.99209 3.88924 3.57625 1.41842 -1.18305 -2.01637 4.61037 1.39508 
0.491517 -0.0181255 -1.03006 -0.449283 -0.791784 0.281862 0.580438 1.72336 1.64454 0.0833771 1.03379 -0.768214 -0.100932 0.409929 -2.11968 -2.27396 -1.63207 -0.897604 -1.56246 1.13911 1.48525 0.323814 -0.395928 0.227715 3.41002 1.61893 0.931302 2.47366 2.16275 0.782916 2.30089 -0.167962 -0.825675 -2.50061 -3.20279 0.38734 -3.75226 0.825461 1.79108 
1.27873 -0.500671 -0.716298 -0.418954 -0.061478 -0.94717 0.27483 1.42052 0.568722 0.601399 0.760889 1.77687 1.51088 1.16116 1.72057 0.877212 -0.66084 0.459129 -0.480651 -0.628389 -2.33024 -2.39726 0.147287 -0.92459 1.30059 1.53175 -1.57026 3.13199 3.42491 3.27567 2.12283 2.40804 0.507035 -2.21574 -1.72907 0.197096 -2.86849 -5.86111 -3.33962 
1.65267 1.70245 -0.152844 -1.11012 -0.332655 -0.198789 -0.0479506 -0.606883 -0.752714 0.230664 0.109195 0.532372 1.43081 -1.16033 1.0123 1.15096 1.6436 1.22522 0.845583 1.64615 -0.730496 -1.40526 -0.198832 -2.64078 -2.45108 -1.72069 -2.49458 -4.28516 -1.72827 0.612931 -0.410485 -0.449973 0.516146 3.7859 1.99686 0.847242 1.43318 -2.21193 -3.15023 
0.118399 0.511632 0.434657 1.22465 1.16375 -0.101587 1.92098 0.69002 -0.836537 0.402567 -1.87989 -0.674218 -0.209814 -1.33343 -2.56459 -0.851053 -0.0479093 0.048644 -0.930624 -0.112243 1.45565 -0.400399 0.99453 0.50859 -0.91134 -1.61848 -0.643757 -2.09991 -1.09851 -2.87585 -2.68318 -1.44657 -4.14988 0.720343 3.40659 0.679636 4.69354 4.18337 2.73625 
0.319243 -0.862146 -1.0039 -1.15803 -0.284011 -1.12941 -0.160193 0.84877 -1.15311 1.22519 0.617785 -0.378968 -0.187668 -1.80408 -1.08761 0.0524482 -1.23224 -1.45796 -0.600982 -2.50373 -0.0101526 2.00134 0.480804 2.05276 1.73229 1.01556 0.781181 4.88737 3.47921 2.06377 0.285431 0.901624 -0.267564 -1.6747 2.28376 -4.06425 -0.917124 1.56907 1.05721 
-1.68568 -0.575977 0.487105 -0.00759328 -0.294212 -0.70257 -0.582751 0.679867 1.1648 0.88337 0.17287 1.05807 0.805745 -0.552249 2.32278 2.62816 2.01586 0.334075 -0.0290001 -0.379806 -0.219045 1.88337 -3.06972 -0.408534 0.657733 -0.561268 2.32313 1.03263 0.0121377 2.88366 2.03507 0.690061 2.18617 -2.00928 -4.20333 -2.77963 -2.18679 -2.63446 -2.70684 
-0.233006 1.46064 1.62426 0.857827 0.050064 -1.15841 -0.539999 0.629725 0.730252 -1.84453 0.209252 0.278765 -0.748937 0.519048 -0.0549762 0.064586 1.65142 0.577114 0.0890781 -0.317557 -2.01944 -2.20199 -2.29883 -0.134034 -0.902171 -1.69129 0.972497 -4.00629 -5.27675 -4.02888 -1.80288 0.266485 0.0393757 -1.12439 -4.60511 3.10004 -0.806772 -1.00688 -0.130113 
-1.16664 -0.630954 0.551691 1.64382 0.282902 -0.613492 -0.900308 -1.33957 -1.03719 -1.41545 0.0388362 0.155897 -0.885541 0.420249 -1.68351 -2.64859 -2.01303 -1.46881 0.237485 -0.340431 -1.34343 -2.72174 0.0303127 -1.21531 -0.34915 -0.691382 1.39239 0.0814465 -2.03902 -4.41546 -1.78517 0.0116306 0.7603 4.37636 3.0491 3.48033 -0.624915 -0.898634 1.60124 
0.187243 -0.222874 -1.02433 -1.1552 -1.41874 -0.920928 -0.88043 -0.71371 -1.99149 -1.81422 -1.00605 -0.0703854 -1.44032 1.91144 0.0264703 -1.97443 -2.76404 -1.20806 0.100709 0.442742 2.35692 0.847104 1.18151 -0.758949 -1.80081 -0.0900412 0.804656 1.4932 1.60215 1.70292 2.37956 0.391335 1.62633 1.4736 5.59284 2.84089 2.43487 -0.155256 2.39459 
0.7448 -0.604483 -1.42274 -1.12022 -0.925156 -0.512783 -0.457566 1.01735 -0.19009 -0.233947 -0.720113 -1.64491 -0.975582 1.2249 -0.19031 -1.04645 -0.310102 0.910756 0.628821 1.2859 0.130168 2.8711 2.8712 1.21956 -0.504406 1.70321 -0.923791 -0.144197 0.188038 0.845247 0.469767 -1.54355 -1.39573 -4.43273 -1.76036 -1.78592 0.934909 2.37679 -1.16153 
1.41215 -0.413183 -2.07078 -1.4653 -0.507988 -0.292107 0.405467 -0.583543 0.879609 1.05699 0.213511 -0.574791 0.262889 0.987645 -0.117727 -1.78639 -1.9188 -0.73829 -1.44284 -0.952983 -2.07581 -0.913253 -0.604416 0.17596 0.575984 -1.25157 -2.24665 0.340361 3.47861 1.967 -1.2986 -1.68917 -3.23879 -1.48975 -3.94145 -4.55603 -2.12696 0.477803 -3.58697 
1.73244 -0.72221 -3.20913 -3.03902 -1.66345 -1.95562 -1.41055 -1.05846 -1.10334 -0.838363 -0.544152 -1.06892 -2.22716 -1.02174 0.150052 2.43217 1.6569 -0.387845 -1.06035 -1.9529 -1.35958 -1.07035 -1.68483 -0.907397 -0.0266027 -1.88376 -2.77561 0.148678 4.06657 4.53312 1.23584 2.73628 2.536 1.99451 -0.412278 -0.143765 -0.80875 -2.31749 0.665457 
0.390405 -0.263131 0.361391 0.1916 -0.895832 -1.35245 -1.54743 -1.94312 -0.190736 -0.627839 -0.693886 -0.601394 -1.62087 -1.78796 0.0309514 2.28018 2.61432 0.497546 1.29344 1.58301 -0.0813038 -1.32553 -0.748181 -0.632789 -1.74151 -0.586117 -1.22971 -1.36978 -3.38976 -2.46437 -0.594529 0.566937 1.56922 2.29756 -0.206076 0.62373 3.38869 1.26451 4.5837 
-0.0555182 -0.691259 -0.928952 -0.424695 -1.1659 -0.662183 0.172465 -1.13977 -2.42887 -1.58654 -1.17694 -2.81043 -2.81327 -2.25145 -1.21973 -0.957591 -0.807466 -0.982373 -0.493411 -0.383675 0.937976 -1.27642 -1.0611 2.48129 1.23791 2.69994 1.19792 2.2304 0.0248513 -1.81163 0.228026 -0.83269 -0.857411 2.2635 3.861 2.60142 3.42049 4.88858 1.28337 
-1.86104 -1.48286 -0.596201 -0.615866 -1.87821 -1.84587 -1.9311 -1.00515 -1.46716 -1.68893 1.78741 0.636518 1.07907 -0.590045 2.26135 2.30503 0.802698 0.725572 0.460748 0.725603 2.18219 2.53546 1.85324 2.7877 3.14707 0.697253 4.0924 1.57628 1.86251 3.24359 3.7135 2.0808 1.98687 -0.651416 2.7694 2.75403 -4.48388 -2.80452 -4.36281 
-0.645563 1.57009 1.37608 0.378003 -0.440328 -0.201435 0.898068 1.04243 0.106591 0.266699 1.61076 0.336633 -2.11602 1.84095 0.356555 0.904921 2.43612 2.73113 1.58738 1.6032 0.286559 1.49298 1.69293 -2.00258 -1.56661 -1.66288 2.05866 -3.85677 -3.46702 0.0123306 -0.667117 -1.38657 -2.48456 -5.10265 -3.28505 -1.97813 -5.57164 -5.03053 0.862251 
-0.0200898 -1.1263 0.308721 1.82026 0.852922 -0.258481 -0.327906 -0.718587 0.0258242 0.00399693 -0.215174 -0.93009 -0.583812 1.46862 -1.59542 -1.16198 0.815029 0.0584554 -0.925822 -1.75895 -2.92045 -0.749583 -0.12489 -2.78394 -1.88346 1.5595 -1.86758 0.592247 -1.64409 -4.67576 -3.77886 -0.492107 -1.005 0.833851 -1.92778 -1.1036 3.13335 3.7718 2.61476 
0.823054 -0.0253362 0.214095 1.19303 -0.381873 -1.12726 -0.860885 -1.87802 -0.642992 0.141808 -1.17318 -1.54683 -0.556516 -0.0266325 0.948802 -0.739172 -2.23963 -1.04773 1.09528 0.598194 1.12041 -0.434799 0.589331 1.13077 2.20519 0.951878 -1.77241 2.64046 -0.123053 -1.60962 0.720529 2.66335 2.35759 5.61253 2.07747 0.0174439 6.22688 3.46421 -0.519843 
-0.0467223 -0.177501 -0.430452 -0.419376 -0.194812 0.836797 0.270288 0.401824 -0.408975 0.593328 0.915592 1.2751 0.368066 -0.303794 1.04503 -1.28504 -0.794596 0.778985 1.73753 0.598639 2.69208 1.32789 -0.107446 3.44294 1.58075 1.03966 0.0872493 -1.74621 -0.377052 1.87336 0.241019 -3.96375 -2.00378 -1.43422 0.98771 -1.84841 -1.56759 -4.44151 -2.92646 
0.51926 1.0197 -1.07094 0.398436 0.397112 0.610273 -0.262246 0.814056 0.684895 0.034362 2.26976 0.0339235 0.483145 0.0606168 -0.797408 -1.11622 -0.36627 -0.806715 -2.86847 -1.40559 -0.313807 0.552911 -1.25908 -0.436825 -2.23632 -1.97458 0.719273 -2.06304 1.69427 0.19919 -2.37443 -3.04928 -0.123187 -2.41621 -1.46852 -1.3159 -7.68394 -1.50482 -1.40739 
0.0138946 -0.974909 -1.54668 -0.785646 -1.00153 -2.03167 -1.1353 0.0880167 0.143935 -0.665754 0.478767 -0.961216 -1.60651 0.415479 -1.01801 0.409231 -0.595407 -1.59544 -1.31175 0.475452 0.275867 -0.140637 -1.42335 -4.241 0.0759275 -0.367728 -0.132284 1.90205 2.75972 1.66954 2.59609 5.41735 3.63299 1.08894 0.939582 3.06544 0.196163 3.49944 2.87198 