128.778
102.662
78.4424
62.1658
53.3692
79.8915
83.8319
77.3429
58.4072
77.0117
97.2285
91.7277
102.283
100.648
75.5413
108.48
99.765
110.778
205.44
172.699
236.521
560.271
1313.84
1691.48
1265.2
998.158
1035.12
916.906
742.649
636.617
598.854
751.915
612.115
445.559
415.85
303.383
195.452
135.927
161.497
217.049
133.996
260.954
167.269
131.66
85.8944
143.109
82.796
142.351
130.114
69.0708
74.9278
59.6545
56.747
49.83
61.0553
65.4412
61.0684
53.3022
59.5381
67.2293
66.7055
67.179
61.674
54.954
63.4821
72.6335
64.2939
73.7817
67.1333
75.5594
93.4605
110.304
121.118
95.147
81.4114
81.588
78.4751
69.1657
69.2539
75.9027
84.7734
82.7106
67.8597
67.4383
64.9644
57.0419
53.3196
55.5447
69.0281
55.8621
75.2875
65.6263
64.8276
54.5577
58.4143
47.6265
56.3967
52.6345
193.701
257.87
183.393
187.926
165.449
183.291
206.62
181.62
206.715
200.648
201.727
196.16
238.493
223.579
185.462
186.851
181.947
202.124
213.059
226.009
263.809
397.776
424.506
392.416
307.226
203.188
152.707
111.173
79.887
80.9346
84.8481
114.964
123.637
119.607
125.065
129.317
135.544
155.709
136.265
180.741
126.186
156.606
144.104
194.521
166.436
138.781
131.351
145.008
174.675
134.671
197.751
115.789
115.339
106.411
133.918
157.061
115.302
139.466
142.492
133.185
133.266
168.596
162.846
122.671
124.454
117.344
141.769
142.932
147.746
213.846
397.787
597.515
582.292
352.646
197.009
141.801
106.022
78.0319
81.0582
82.9312
120.806
130.023
114.308
106.964
102.121
88.4805
103.85
95.2099
100.968
79.0405
106.119
106.408
128.099
100.872
88.6973
86.14
91.4198
113.236
81.5859
91.3678
64.9274
54.532
49.5551
63.2846
63.7425
52.6018
49.9691
65.3542
75.3629
71.8634
72.5571
71.5366
56.8369
68.1047
73.229
76.1323
99.7802
88.9083
117.61
198.152
233.398
242.979
179.003
125.081
105.564
86.2765
62.6007
73.9894
84.1201
98.4807
89.6932
74.9931
78.6073
75.7204
60.0668
63.3795
71.2658
80.7533
65.8599
91.3274
75.7148
82.3185
64.106
57.8386
45.3666
62.3319
65.8993
110.785
93.5378
68.1853
52.1489
47.0458
71.6021
73.0022
65.3577
59.8199
65.5342
74.8342
72.3665
89.2723
89.6667
61.9572
91.9072
77.7091
95.5744
147.277
154.275
214.285
372.842
398.356
550.062
504.908
426.05
480.877
381.233
290.312
266.914
251.945
305.068
238.848
180.456
181.956
134.447
95.3116
75.3611
92.4677
159.466
115.36
183.679
115.714
110.073
70.6343
90.3404
63.3372
104.66
115.543
81.3918
77.7944
69.7898
55.0971
52.581
63.2863
62.6478
58.7998
51.9523
54.9611
68.8607
63.4581
71.8252
61.1931
53.2782
68.5385
70.2562
66.2659
77.9906
79.1972
87.9615
105.752
128.065
150.663
132.227
142.094
149.542
136.373
100.159
95.4488
100.08
107.854
87.8141
75.2635
81.0996
69.3483
61.7987
52.7497
61.7194
97.3431
69.3626
110.207
76.6305
77.8478
57.6232
59.6388
50.1873
57.2179
63.975
87.6839
115.668
84.2325
85.1042
67.7203
82.3112
98.108
80.5371
84.0745
91.2232
88.3733
86.5657
101.845
93.3194
83.3904
85.9991
93.2972
94.9768
90.4762
100.149
153.905
274.594
258.127
236.578
223.518
134.03
98.2285
81.8971
63.4573
79.7143
73.6832
98.5644
92.9023
87.1501
90.5104
84.825
78.4552
77.8078
74.4659
108.677
74.5855
102.619
80.3862
101.101
86.3264
68.6424
55.3807
68.7023
81.405
89.8901
115.806
87.4117
77.3692
71.0304
88.1396
97.9754
77.0454
84.3132
88.9975
88.0693
80.4495
100.477
94.6186
78.1664
83.5318
88.8543
92.4466
83.6348
88.6526
118.993
181.802
165.184
147.894
128.918
112.08
95.5526
76.0729
55.7955
67.6179
67.8243
81.0679
75.8398
73.4565
75.4171
67.4774
65.7431
66.4277
71.1179
101.396
82.6908
100.676
74.2928
90.7678
81.3765
66.653
59.31
62.9802
76.0649
104.974
104.991
69.4046
55.9104
58.2
77.6788
72.9613
60.16
59.7406
75.1874
83.2922
80.7357
81.29
77.291
64.9042
78.4414
83.8034
90.2905
98.7411
104.398
166.57
361.816
547.917
510.297
299.383
182.464
145.612
131.705
88.908
103.553
98.9328
134.859
131.439
100.366
112.918
104.056
77.2925
69.1085
83.2414
107.908
107.24
127.65
104.434
98.2012
76.3694
63.8141
54.5695
71.1383
81.6225
133.708
121.774
83.0997
64.5997
58.4299
81.4027
88.5564
66.3017
53.7281
89.3774
119.602
98.8903
96.9878
91.226
71.4625
108.804
107.463
86.2797
134.626
109.619
155.358
362.971
939.444
1148.68
827.59
672.016
667.727
612.338
488.154
430.939
463.788
541.255
416.573
297.545
286.132
226.063
144.697
102.604
155.588
214.492
104.992
253.945
148.289
117.828
86.2794
146.301
67.1204
142.442
104.356
79.1719
84.3033
65.8919
60.1599
58.5462
69.3649
72.6929
64.764
63.5714
75.3844
82.8738
73.8137
75.2398
71.0382
65.22
74.0756
81.9052
75.4018
73.6139
66.3801
68.088
79.2653
94.7563
106.231
89.5884
92.4668
80.8683
85.3461
71.756
75.626
107.444
105.268
86.3796
74.9622
74.3926
68.4991
59.7883
59.3849
70.2994
88.3373
59.6217
92.4997
73.7204
69.8438
59.7532
73.7315
52.4039
68.9277
68.4422
102.775
114.742
78.0898
76.5981
73.4026
85.8618
90.5388
80.1132
77.0236
83.4518
100.977
93.5315
94.3074
80.8933
75.1706
88.285
90.904
82.9297
86.4854
84.3729
93.7168
107.214
113.77
119.996
100.068
94.8222
85.3519
76.7381
65.2547
57.3683
76.408
88.9059
82.4367
68.4101
59.8115
66.6851
65.6983
69.2436
65.1152
80.9543
57.9826
75.8894
78.9167
83.828
64.6743
67.8184
57.3688
60.3958
68.7035
157.455
231.474
138.536
129.045
111.675
154.822
175.107
126.278
152.141
159.838
161.631
149.908
200.095
188.856
132.477
134.723
139.11
153.971
137.818
157.967
226.742
488.999
565.784
580.139
452.417
216.997
124.512
92.4564
78.2936
95.3528
91.618
160.865
154.574
140.868
114.292
111.157
97.0632
120.765
102.996
111.117
84.7041
114.042
112.948
137.402
106.363
75.8564
72.5933
76.3641
94.1199
89.7429
101.664
74.2873
56.3802
54.7358
68.6153
69.2473
57.1136
58.4103
84.5876
90.4942
77.628
76.8533
74.6667
67.3523
76.6013
81.6275
85.5346
87.5701
80.1054
110.564
217.215
283.619
291.121
216.677
132.959
103.116
87.6645
65.0859
89.0224
97.6301
114.439
92.4882
75.5653
76.8547
70.3873
52.0644
63.3641
77.4351
74.1522
63.7487
89.8521
74.6934
77.5116
64.0969
55.8557
43.1735
55.1699
57.599
110.861
112.205
97.8164
67.0047
45.9516
65.3846
73.5926
61.155
50.4404
78.5469
93.0937
83.4063
86.1587
88.6689
61.0278
94.3778
100.219
112.641
235.858
198.568
208.256
376.418
677.398
784.626
552.585
388.972
417.916
367.709
286.533
296.819
319.569
320.807
274.737
191.716
238.995
207.122
125.526
116.848
156.029
229.939
154.291
276.444
169.635
159.293
110.775
172.609
97.0352
160.9
150.699
61.8356
65.901
54.1875
50.121
47.2848
55.7235
60.0942
57.7333
46.562
58.4691
70.6517
64.084
60.4145
59.1385
52.527
69.0573
78.1167
68.3981
94.5541
80.8522
75.0106
86.9478
108.246
148.606
134.126
126.671
114.228
110.804
86.9291
88.9991
111.908
109.926
90.7666
75.1013
82.7089
76.3916
60.9199
57.7097
65.8871
87.3005
65.1314
98.1226
75.9372
70.9094
58.0541
76.1945
54.0619
68.8747
70.2121
161.454
243.446
223.943
177.686
142.815
188.682
208.227
184.432
174.901
154.568
182.476
180.04
233.033
192.238
152.09
167.398
202.529
185.448
184.55
178.176
201.292
223.399
209.567
212.393
175.874
166.226
127.321
109.783
83.3058
99.4738
112.714
98.8411
114.214
108.351
110.576
99.122
104.76
111.061
115.499
153.19
117.439
152.832
142.86
188.043
139.086
135.542
113.66
103.068
136.273
248.669
355.146
236.13
189.844
153.143
202.971
240.99
168.363
196.193
207.512
215.918
199.072
259.987
230.416
170.32
182.371
170.164
227.676
251.94
246.391
325.309
549.842
681.897
657.403
472.838
296.96
216.665
143.659
97.7947
117.973
133.634
184.05
184.407
169.135
163.823
177.078
156.023
168.225
176.164
240.771
189.796
287.449
220.421
299.597
182.974
132.175
127.638
132.93
159.662
90.5998
102.752
77.7757
62.5987
55.2954
72.9182
73.1729
57.847
57.706
74.236
87.6983
82.0923
87.5029
84.5448
65.8728
83.0929
87.0327
95.2677
120.839
106.874
138.209
258.093
305.419
306.249
236.223
141.329
110.19
80.6213
58.6053
77.4523
85.8267
104.472
92.4876
77.7759
84.052
80.5473
69.3371
70.3002
80.0938
104.922
84.6101
119.723
83.9495
103.653
79.4809
62.6878
47.9061
66.3641
68.2043
206.28
123.777
94.6088
76.8869
61.248
129.917
122.73
108.728
69.0438
73.2174
93.6892
98.5903
129.863
147.634
89.4961
180.969
113.219
150.468
228.193
244.206
316.086
394.314
623.059
818.572
627.892
558.573
654.524
624.275
450.847
380.138
382.863
455.093
345.744
285.499
306.793
216.548
157.992
101.798
131.768
255.966
224.163
327.057
208.74
151.954
104.237
130.571
98.2112
131.69
131.903
189.134
103.952
74.8224
75.4628
54.2496
127.602
120.003
109.681
65.4889
67.2729
79.8144
79.2014
105.686
126.403
86.3688
172.422
96.3756
128.023
183.267
199.569
229.45
146.305
143.557
254.61
212.369
224.398
370.459
360.391
251.136
174.457
193.104
224.294
166.103
142.891
145.633
98.8827
97.5745
69.512
81.5439
164.448
129.423
193.533
138.517
87.9951
64.4349
86.3707
69.783
83.2818
90.2159
108.369
138.996
100.803
92.0863
80.0001
96.8012
101.524
90.9855
103.469
92.0559
87.1263
90.7044
114.372
104.222
82.7908
79.2622
94.6045
89.5868
78.3741
92.6266
111.314
133.725
107
82.1493
92.1173
100.072
83.4624
84.828
79.0767
78.0744
69.3987
85.1878
93.7333
91.1627
87.4223
75.9764
75.2054
82.2806
83.373
109.787
72.889
83.1844
96.2545
114.415
86.7377
67.7968
71.8468
81.108
93.963
210.425
285.78
228.073
183.626
178.406
184.003
185.051
156.593
212.375
193.88
179.444
173.132
244.119
195.579
171.363
144.396
147.727
181.739
163.277
197.63
268.401
492.518
586.497
452.429
313.23
278.542
225.054
168.478
115.439
125.554
86.5789
145.404
171.65
178.626
261.215
221.507
150.651
188.865
197.303
378.112
255.959
217.024
183.666
270.541
233.42
137.467
144.187
181.114
274.069
86.4682
93.4536
66.4853
54.8596
53.8573
64.9318
68.9397
55.6175
53.6286
65.4754
73.7719
67.3739
71.4936
65.9705
55.461
69.0363
70.4774
74.0764
76.0413
80.5778
111.158
171.632
209.444
195.039
134.88
133.781
124.92
108.748
68.6602
80.6018
83.2315
93.7159
81.9587
74.1867
90.8948
79.9018
67.8524
58.7056
72.7853
122.095
100.982
132.478
85.9417
93.4302
76.2773
64.9395
53.894
58.6339
74.4649
172.659
129.826
90.7587
70.4851
55.6028
105.252
94.4073
93.5111
76.6656
78.5886
84.9952
82.77
121.107
115.176
82.4846
125.127
92.3937
130.12
216.673
204.403
277.88
469.112
902.86
1110.44
749.511
694.413
840.554
704.948
553.982
440.103
383.181
492.568
421.746
304.493
308.69
232.058
156.692
99.7619
119.798
221.866
184.52
238.855
160.615
139.384
83.5127
93.2505
72.9562
122.7
131.514
145.911
107.69
74.4345
64.7452
52.7306
89.4729
83.8467
73.0931
60.6975
70.942
85.1532
75.0233
92.6439
94.1124
73.6248
108.781
76.9488
102.572
170.501
166.867
216.136
382.342
673.186
744.945
467.862
380.953
471.612
387.87
300.767
237.716
220.454
271.751
234.081
156.221
171.065
150.363
110.122
76.6717
91.2967
155.628
110.418
173.354
120.013
99.7447
63.9469
84.6565
55.3362
98.617
106.245
65.3207
74.6376
65.2277
54.4811
50.4139
60.4572
63.0764
58.6975
54.5709
54.7267
63.7034
61.9112
69.5574
61.8757
53.7822
60.9059
69.452
63.155
74.607
68.7656
73.9855
84.5004
94.0051
108.421
87.7833
90.0321
92.7518
84.5826
70.9691
69.9394
76.143
78.0905
71.7401
63.7805
68.2397
63.8383
53.9666
55.1821
58.5191
72.0534
56.7442
75.0993
64.9659
69.4797
55.2709
58.8956
48.4176
55.8249
61.0125
196.182
254.264
180.463
191.376
170.379
191.385
213.167
175.204
207.269
203.584
195.988
193.701
233.346
226.628
189.837
186.31
185.986
201.051
204.73
235.53
278.014
460.52
631.333
564.291
355.583
227.978
195.337
157.521
101.843
112.333
98.492
143.427
157.838
136.792
149.834
157.687
130.213
151.061
151.612
195.312
168.989
173.819
167.363
196.049
183.972
162.689
148.861
160.374
204.919
87.9916
92.0166
63.8357
54.6388
54.6172
64.5473
65.3447
55.1558
55.3418
66.6601
72.8788
66.4044
71.4488
67.0517
58.2955
67.9997
69.8737
77.5216
86.6603
92.0209
145.597
271.646
315.952
300.456
225.321
151.923
121.006
97.7377
69.963
73.7322
71.3254
93.7632
82.9963
71.4083
80.753
78.5599
70.6148
64.184
69.3095
98.4495
83.1859
107.916
76.0737
85.4899
63.644
54.9771
50.204
63.969
72.0263
70.0825
87.3142
81.4997
67.4234
49.2862
64.905
74.5034
72.6443
59.7067
75.9757
94.8998
73.0044
83.8588
82.7103
58.3372
93.436
104.212
102.881
160.318
130.968
144.237
234.354
320.711
437.451
382.489
302.76
292.356
250.72
182.896
200.79
224.335
215.829
167.72
124.497
128.192
104.776
73.7955
67.3923
81.2871
122.376
100.416
168.429
103.717
105.247
88.6293
116.06
61.9583
95.6629
84.8341
94.6327
93.3693
81.6744
61.8243
43.4903
64.5378
72.6741
61.7028
55.9484
65.5317
72.2667
67.2505
80.481
83.4068
54.0631
85.5627
80.2376
99.0042
185.608
169.042
203.966
401.798
667.61
800.873
609.303
436.921
443.505
381.461
285.467
277.325
270.525
295.56
239.237
164.195
189.057
161.184
106.984
82.0275
103.02
166.895
124.952
212.737
131.113
118.834
88.4753
124.139
73.3253
119.441
113.588
79.7922
76.4648
59.8067
48.6255
42.2453
58.3747
63.2295
55.0208
47.6294
56.4442
60.7272
62.9785
61.7089
60.7001
49.7498
67.0862
67.9227
67.89
121.606
104.063
104.271
110.759
179.188
247.509
204.661
192.069
217.064
201.686
157.711
151.078
172.815
169.266
142.722
111.261
130.909
106.746
65.3172
71.2457
89.1815
123.987
94.2857
141.912
104.374
86.2424
67.3298
104.588
65.4422
90.2708
92.5201
86.857
116.003
97.8061
91.2914
73.5443
84.2409
100.557
104.727
86.6306
83.2959
93.8471
88.1711
100.594
80.8355
76.4212
87.2128
107.245
94.5698
81.8852
83.3887
101.23
97.9566
79.3993
82.8928
84.1175
77.7571
65.8818
65.2917
67.3886
69.3228
69.6256
72.155
86.1705
73.4493
66.3237
75.6162
76.0602
70.0686
64.6457
80.0913
68.766
70.3278
80.6812
89.741
71.7899
76.745
74.155
68.0889
71.7341
68.0964
75.9934
67.5193
56.5862
51.8505
59.8499
62.164
56.922
55.3436
59.5855
65.6065
63.3103
68.7891
63.4791
54.8445
61.9243
65.6414
68.7514
82.0003
73.3784
80.8343
106.036
120.408
121.66
90.7293
83.3053
76.7875
65.0535
50.3721
58.2601
66.4481
67.8952
63.8783
59.2379
64.3848
62.5775
55.6384
54.3735
61.5476
80.1876
68.8568
87.785
68.3832
80.5027
65.1569
57.1353
49.1013
55.9687
60.2059
123.792
105.428
84.5124
64.2568
54.954
82.0865
78.7549
61.8929
59.2816
81.3849
88.8328
79.717
102.904
105.669
75.2973
97.3503
92.4684
100.836
201.218
172.384
213.826
492.898
1014.92
1373.41
1083.04
895.229
1015.27
829.926
675.33
589.102
530.548
648.039
525.494
359.538
336.772
248.299
152.579
114.44
147.567
201.179
117.926
240.872
140.106
127.384
83.2423
135.805
78.965
140.768
136.61
104.805
87.4127
68.31
53.1469
54.1441
70.3338
74.1029
55.971
51.3483
70.2698
76.1155
78.9432
74.862
73.07
65.3649
79.4867
87.9228
76.2748
134.078
110.732
113.372
170.277
317.148
456.924
400.328
403.782
476.143
403.823
336.378
297.792
309.167
350.538
270.679
197.317
195.849
156.749
103.986
89.7901
131.622
183.171
104.822
205.845
117.009
94.8172
72.8806
124.844
72.3252
136.249
105.062
87.3595
111.396
90.6947
82.7941
69.4842
85.2695
96.5231
94.9908
83.6133
78.9046
98.5709
87.1993
102.224
88.4417
75.7966
87.0198
103.884
84.7156
78.332
80.5406
99.8159
102.773
92.5147
98.1348
92.2415
90.5272
75.7039
78.1746
77.5999
75.6965
69.1606
76.3932
92.7946
83.4238
74.3075
72.9904
75.9078
70.5456
64.8215
80.6467
63.4304
71.0506
78.031
88.0068
68.9924
69.3052
63.2052
65.7995
73.1478
188.031
250.286
176.778
195.61
180.369
175.709
199.388
171.102
186.874
183.144
211.704
204.259
216.964
209.384
175.569
207.038
177.422
191.484
184.191
207.353
267.719
373.066
386.28
334.269
242.657
176.379
154.979
99.6354
67.019
73.4949
86.4096
113.727
120.431
125.331
108.545
130.454
127.029
149.77
154.035
195.509
150.574
186.984
174.757
236.032
179.879
177.859
162.108
157.546
208.344
79.7215
90.4124
64.007
57.8293
53.7016
66.0756
67.4245
60.5327
56.3167
69.4464
83.3113
75.8406
78.3078
74.5909
60.0922
76.1607
78.8774
74.127
86.5017
75.1064
97.0263
135.956
150.455
149.679
103.438
91.7551
86.4271
71.69
52.0283
60.5826
73.7907
81.3476
79.1474
70.3
69.4039
63.9817
54.0644
57.2222
64.1874
76.005
61.9392
79.6867
67.8501
73.3286
61.5534
56.999
46.4104
57.9543
59.4409
138.539
132.284
101.402
83.0178
59.1188
92.3672
103.902
81.4232
63.953
85.1987
94.9971
83.817
92.7325
108.739
77.6128
126.596
113.239
150.605
299.012
272.473
367.07
858.645
1769.4
1940.64
1281.57
805.829
788.402
697.616
577.445
509.465
474.007
542.234
466.309
303.682
360.143
313.35
199.968
169.596
185.395
266.855
183.506
318.539
211.877
179.697
120.908
214.114
115.527
178.16
190.786
98.9243
92.2498
93.4237
63.7404
43.9181
65.1652
69.4139
62.9616
48.9523
69.6773
70.9789
63.5493
72.5063
79.0075
61.5088
86.2763
83.8967
108.787
240.891
199.954
245.555
568.91
1494
1626.7
953.772
669.292
693.995
628.282
509.69
448.557
414.439
447.183
413.602
266.471
317.252
267.505
154.977
121.076
144.177
210.96
164.4
256.639
179.57
147.345
102.402
165.581
98.2984
141.384
149.755
65.7734
73.7426
60.5431
55.421
49.9951
57.6896
66.4071
63.9739
55.1262
62.3128
69.8234
64.0126
64.1752
57.5045
55.1957
68.1838
78.6507
73.3415
89.6511
75.3667
80.601
90.3901
93.0209
102.227
83.4417
81.1351
71.6012
71.1028
63.7833
65.1226
85.825
82.8953
75.5396
62.9303
71.0763
67.5992
62.1391
58.1928
63.6273
80.8404
61.6249
85.6528
73.0424
76.488
60.8891
72.9142
51.4614
62.4007
67.9624
224.2
286.384
251.03
191.952
169.138
185.861
186.139
160.45
184.285
173.323
200.705
188.723
240.18
184.563
156.726
161.634
164.562
218.496
247.986
275.798
355.852
705.419
716.634
700.191
634.175
346.919
218.76
129.735
90.3344
124.952
106.548
171.543
145.423
124.773
149.138
170.49
173.524
165.42
168.54
268.126
200.864
261.688
201.333
277.572
183.892
138.615
132.842
152.279
192.119
67.686
77.8451
65.2958
55.2132
50.4301
61.0179
63.4864
56.4952
53.5085
63.1238
72.0298
64.6359
68.6766
66.4958
56.4709
67.7476
73.9781
75.9742
94.9664
81.8883
93.4218
145.338
173.891
179.282
136.257
101.686
88.8334
72.7995
55.806
68.3
73.7368
78.283
70.983
62.3818
66.7184
63.0529
56.0773
56.1092
62.7443
78.0465
70.3439
87.9185
67.7573
78.0977
64.6596
57.2387
47.0672
57.8687
59.5347
141.232
124.338
109.602
67.8001
66.5683
95.6413
90.0941
71.5658
59.0788
96.9416
115.981
86.7404
91.4744
93.5115
86.3789
96.8235
96.5866
113.833
192.959
166.083
226.01
647.005
1590.18
2411.02
2264.52
2071.65
1977.55
1665.42
1334.03
1119.72
1017.19
1169.53
876.511
615.158
542.763
378.523
238.91
161.39
185.219
226.697
142.242
282.861
176.443
143.182
89.4531
135.316
86.1528
138.063
137.059
175.214
132.17
130.182
80.958
81.8902
120.29
109.377
104.805
74.0028
95.8735
117.662
92.3454
111.732
102.156
91.9545
131.595
116.133
147.554
242.132
187.485
226.444
461.711
1227.29
2008.73
1958.21
1936.58
1884.93
1598.68
1268
1035.86
956.653
1055.26
755.92
542.716
502.071
367.184
243.228
153.968
191.623
261.46
184.481
304.963
188.46
158.725
107.663
143.653
94.1668
147.753
138.745
77.4146
88.1592
72.0025
67.0784
59.0734
78.5503
80.3114
72.8189
68.4777
67.526
77.7836
71.6855
79.551
76.3874
62.2569
68.7513
75.844
69.6288
78.9264
73.7175
76.2157
98.56
123.599
128.928
95.2332
84.1016
80.3308
81.2321
71.9756
67.8192
69.0908
78.8819
88.1218
71.4029
69.3673
64.9052
64.2486
59.5444
57.173
67.9253
54.2657
64.2016
68.835
67.5169
61.2464
59.6579
51.878
58.7132
59.2935
216.207
277.867
204.87
224.884
194.623
216.795
253.613
214.525
236.866
234.143
221.507
237.19
258.123
257.539
227.483
218.982
232.422
241.58
259.882
294.889
326.091
575.055
920.994
824.69
481.143
279.415
222.62
189.534
131.147
133.297
119.133
161.938
189.879
146.553
173.601
188.174
160.718
178.993
173.284
216.409
193.468
209.259
204.971
221.224
207.582
200.851
181.373
196.808
229.641
85.568
97.6047
64.8883
57.0355
56.9166
68.3118
69.9737
58.6316
55.4449
71.1641
88.0265
73.0806
77.2823
73.8191
61.3174
75.7259
78.1262
80.4384
93.4211
85.6486
126.793
255.925
325.531
323.418
235.694
132.092
96.3287
77.2239
61.8829
69.6179
85.5624
103.147
88.8532
73.7854
71.9382
72.1309
63.7913
64.0427
70.6258
84.4955
61.1162
91.5788
67.6518
77.962
58.2124
57.4283
43.3265
61.4497
60.994
