-1.13503 -0.542803 0.268775 -0.418942 0.0372909 0.787768 0.654744 0.573511 0.474586 0.200506 -0.0308278 -0.731637 -1.37108 0.0153548 0.1272 0.0229118 0.108493 0.0521104 -0.0155059 0.296721 -0.162392 0.045918 1.79215 -0.404357 0.901006 0.00131301 -0.0813404 -0.206089 0.289283 -0.225765 0.138231 0.000205251 -0.0639471 0.502122 1.84474 0.906064 1.29169 0.954756 3.35798 
-1.08254 -0.444985 0.337558 -0.556072 0.423332 0.786839 1.02964 0.916882 0.664687 1.40731 -0.463536 0.494234 0.648798 -0.0557171 -0.0124218 0.0795148 -0.196279 0.291169 0.0527295 -0.044896 0.197242 0.397453 -0.348994 -0.0845874 -0.188874 0.965458 0.0233686 -0.420595 -0.12527 -0.122818 -0.867051 0.407015 -1.22918 -0.198496 -0.284541 -3.91768 0.823379 -2.33181 -0.582871 
-1.19075 -0.555224 0.348289 -0.615222 0.32846 0.840498 0.609848 0.770754 0.872039 -0.148488 -0.115415 -0.920512 -0.405626 0.0387234 -0.293395 -0.102358 -0.0143248 -0.814941 0.39151 -0.932458 -0.360888 -0.238623 -2.12553 0.419023 -1.4308 -0.581558 0.320522 -0.384458 0.0571209 0.337629 -1.70604 0.15563 -0.67056 -0.124781 -0.0163401 0.632517 1.99714 1.33224 -1.10897 
-1.04382 -0.73838 0.2352 -0.570397 -0.391609 1.17835 0.0971811 0.555994 0.426064 -0.718216 -0.0445136 -0.936566 0.0672393 0.264804 -0.39688 0.136636 0.14135 -1.41487 0.20836 -0.715456 0.0724612 0.381113 0.283523 1.91255 1.14337 -0.143511 0.140713 -0.0305021 0.683081 0.0900873 0.274735 -0.439271 0.947958 1.13979 0.106645 3.64675 -0.0319056 2.32335 0.596886 
-0.925944 -0.952104 0.484925 -0.473872 -1.08641 1.04886 -0.105608 0.843215 1.25315 0.135035 1.79714 0.222857 -0.549137 0.179436 -0.323897 0.580723 0.0757625 -0.540205 -0.0477616 0.0155001 0.778906 -0.131978 1.52122 0.387117 0.892555 0.0153274 -0.18051 0.187774 0.0150308 -0.670541 1.66771 -0.192891 0.3134 0.176593 -1.73108 0.173262 -4.11386 -1.43507 1.31125 
-0.864385 -1.06228 0.815923 -0.494634 -0.931814 1.13059 0.112681 1.3349 0.294086 0.803008 0.342604 -0.0440112 0.0825666 0.0842945 -0.209106 0.151666 -0.529191 0.25284 0.015469 -0.402056 0.249055 -1.34997 0.456785 -2.20131 -0.291702 1.16774 -0.185248 0.119768 -0.839328 -0.532953 0.777544 0.177987 -0.314518 -0.827139 0.371694 -1.95188 0.608861 -0.94459 -0.747859 
-0.841649 -1.16121 0.636591 -1.00306 -0.833574 1.06433 -0.507663 1.09227 -0.0968184 0.59182 -0.404176 -0.0688447 0.618601 -0.00581201 -0.20413 -0.258605 -0.457191 0.237339 0.130225 -0.299018 -0.048233 0.239716 -0.430661 0.995978 -0.0520356 -0.732532 0.069392 -0.0197356 0.380935 0.517198 -0.153482 0.151049 0.889622 -0.336679 0.602797 -0.47728 3.19301 0.810884 -2.48104 
-0.870197 -1.26641 0.557318 -0.951825 -0.694475 1.26081 -0.186337 1.28667 0.533802 0.372347 1.33858 -0.0960468 -0.649965 0.153686 -0.228842 0.532602 -0.0119935 0.0993578 0.166518 0.487567 -0.0876245 -0.747173 -0.0204947 0.991702 0.519182 -1.31331 0.699269 -0.609001 1.06878 0.674083 -1.14495 0.108987 -0.0481544 -0.0964855 -1.50826 1.10422 -1.71913 1.64432 0.216226 
-0.687963 -1.39005 1.16919 -1.01506 -0.734216 1.23084 -0.0200967 1.00464 -0.843992 0.571326 0.587526 0.450337 -0.694705 0.693457 -0.813131 0.81017 0.216893 -0.907613 0.239212 -0.347173 -0.144718 -1.26854 0.673561 -0.723154 1.59229 -0.516306 0.58913 -0.670184 0.0378743 0.433637 -0.584623 -0.0363946 -0.443685 0.0414738 1.17028 -0.00310342 -1.62028 -0.15569 0.582218 
-0.176739 -2.07954 1.36749 -0.734932 -1.60209 1.50002 -0.53351 1.14195 -0.734741 1.04591 0.615428 1.49624 -1.16627 0.742817 -0.899025 0.570476 0.421644 -0.485265 0.130123 0.0438816 -0.0461507 0.423106 -0.0235982 -0.62858 0.363492 -0.731088 -0.492689 0.753471 -0.0648527 -0.324855 1.49038 -0.0149409 0.857632 0.128478 2.67199 -0.303285 0.964695 -2.33894 0.708326 
0.0548538 -2.28908 1.73967 -0.593413 -1.21948 1.36097 0.0237849 0.958494 -0.420886 0.547727 -0.0410545 0.81383 -1.42579 0.200769 -0.0596602 0.745317 -0.107962 0.582771 0.224271 0.510459 -0.0162402 1.40345 0.370277 0.241541 -0.746647 0.19202 -0.791516 1.13567 -0.449041 -0.720826 0.255955 -0.0128113 -0.356437 0.180973 0.732332 0.666757 -0.684609 -0.0347255 0.783481 
0.0240293 -2.1392 2.11281 -0.842894 -1.01932 1.7243 -0.023051 1.12571 0.668707 1.41619 0.856969 0.749594 -0.97425 -0.0486993 0.236649 0.121435 -0.299183 -0.22931 0.117312 -0.312556 0.134822 1.15544 0.643159 -1.31319 0.328767 0.0523925 -0.481487 0.289789 -1.38344 0.141878 -0.655201 -0.868869 -0.792147 -0.245782 -2.32249 -0.777811 -2.31108 0.341712 -0.196657 
0.00615454 -2.05243 1.8611 -0.892595 -1.44879 1.47828 -0.288771 1.09332 0.734552 1.19089 -1.35424 1.1426 -1.3734 -0.280719 0.230129 -0.638122 0.0339161 -0.0724295 -0.644598 -0.281689 -0.262022 -0.919046 -0.407534 -2.06954 -0.404935 -0.00463619 -0.260209 0.230325 -0.659469 0.607436 1.16895 -0.747725 1.71811 -1.21921 -0.518949 -0.828578 1.01258 -0.77742 0.147783 
-0.256689 -1.90907 1.47468 -0.808978 -1.09175 1.0797 -0.30474 0.863686 -0.250339 1.00865 -1.21257 0.344659 -0.978887 -0.308908 0.466974 -0.538033 0.308254 0.939636 -0.630413 1.40555 -1.08439 0.63649 -0.185419 -0.300611 -0.448653 0.200176 0.587118 -0.497402 0.462468 0.595823 0.38952 0.694141 2.44815 -0.73547 2.81949 0.357841 2.20937 0.00332857 0.345273 
-0.302754 -1.58545 1.32307 -0.584342 -0.509155 0.847866 1.11678 0.00892835 1.37104 1.00547 -1.65486 0.693943 -1.17323 0.306399 -0.267273 -0.175654 0.629739 0.31709 0.0495433 2.16646 -0.997492 1.90045 -0.0496931 0.139834 -0.401606 0.340636 0.711183 -1.21933 -0.172247 0.234823 -0.656875 0.0303625 -0.48017 1.13267 -0.192648 0.423192 0.937985 -0.684592 2.17067 
0.0497098 -2.17634 1.29903 -0.179239 -0.774657 1.12924 1.86172 -0.133806 1.65011 0.958958 -1.07273 -0.0569468 -0.63825 0.402275 -0.752356 -0.71028 0.543077 0.282761 -0.600051 0.925382 0.0482823 0.443842 0.237773 0.637374 -1.13324 2.37085 -0.529963 0.545138 -0.646363 -0.821511 0.682767 -1.46882 -1.87881 1.09637 -2.57937 -0.448588 0.304762 0.747794 1.23308 
0.0995215 -2.33781 0.612792 -0.041265 -0.226395 0.247815 2.04216 0.0572106 1.81488 1.24324 -1.01748 -0.439302 1.19762 -0.223564 0.277865 -0.822016 -0.191772 0.999858 -1.41928 0.287652 0.098883 -0.678917 -0.498281 0.444596 0.346187 1.57372 -1.07458 2.01432 0.55693 -1.04909 0.606764 0.526417 -2.08286 0.57636 -1.46407 -1.13639 -0.339986 1.68593 -4.14627 
-0.173855 -1.89848 0.477015 -0.371011 0.225201 -0.290037 2.14937 -0.0349226 0.971192 0.460677 -0.628138 0.289241 0.935466 -0.672307 1.26196 -0.15335 -0.506015 0.889525 -0.0736338 -1.15748 0.624642 -1.02023 -0.898616 0.297388 0.552684 -1.77542 -0.145113 0.91927 0.653553 0.314415 0.0634157 1.79576 -2.25331 0.551806 0.637192 0.362012 -0.717185 0.861851 -2.30589 
-0.572786 -1.07585 0.459442 -0.54728 0.66313 0.174182 0.884687 0.681853 0.794658 0.344625 -0.720094 0.113383 -0.577798 -0.368677 1.19714 -0.168463 0.122643 1.06327 0.376486 -1.96566 0.650689 -0.0417253 -0.136268 -0.272589 1.20804 -0.732178 0.985838 -0.278499 -0.198548 0.826109 0.749535 -0.018705 -0.645122 -1.31448 -0.338946 0.336515 -0.73835 0.166086 1.23229 
-0.542532 -0.701341 0.308551 -0.248367 1.28847 0.086449 0.183713 0.615767 0.929467 0.324409 -0.900727 1.49728 0.203289 0.313531 0.983465 -0.351897 0.320095 1.63906 -0.0923388 -1.8026 -0.689835 -1.35917 -0.5621 -0.440962 0.71877 -0.543129 1.36576 0.369135 -0.356711 -0.611703 -1.02747 -0.0218902 0.159729 -2.04468 -0.214665 0.601008 1.7791 -2.7059 -0.289547 
-0.259255 -0.0923809 0.107545 -0.227185 2.30219 0.0818428 -0.917911 -0.00798171 -0.564512 -0.217475 -1.16106 0.832153 -1.12093 0.997082 1.56627 -0.525174 -0.48906 0.0358028 0.354595 -1.80593 -1.39399 -0.256391 0.464739 1.50651 -1.49786 -1.02173 0.623306 0.290774 -0.381129 -1.2763 -2.57762 0.155784 0.762665 -0.707903 2.01413 1.04195 2.10381 -2.00964 1.83886 
0.454551 0.864928 -0.216623 -0.737428 1.32428 0.441044 -1.62222 -0.778228 0.673076 0.789148 0.605787 -0.000583268 -0.818436 0.936836 1.27424 -0.733026 -0.956202 -0.938564 0.0634452 -1.03993 -1.39774 0.654964 0.479851 1.66285 -1.29087 1.29573 -0.729292 -1.10643 -0.0893875 -0.195393 0.510666 -0.601358 1.80591 0.642371 -0.913293 -0.922367 -2.06969 0.467348 2.03521 
0.677581 1.18186 -0.625482 -1.18339 1.36363 0.145288 -1.95784 -1.40572 0.0904513 0.262376 0.501794 -0.458712 0.174801 0.267791 0.459844 -0.614562 -0.684454 0.546469 -0.246763 -2.41766e-005 -0.751623 -1.16968 -0.457628 -0.563173 -1.03051 1.01349 -0.845926 -1.25978 0.523447 0.639134 1.5759 -0.0585568 1.10715 0.791594 -1.95032 -0.0694582 -1.55372 0.69868 -1.08516 
0.722342 1.32477 -0.831185 -1.42188 1.87075 0.194282 -1.62224 -1.52985 -0.496607 0.33152 0.0426137 -1.0311 0.19505 0.0909101 0.0144603 -0.209579 -0.317068 0.637334 0.00488846 0.0672178 -0.606143 -1.29536 0.410392 0.109126 -0.592186 0.210565 -0.0798928 -0.6489 0.546295 0.93159 -0.689258 -0.0998041 0.223746 0.350599 0.412188 1.87506 1.36378 0.256613 -0.235457 
0.768491 1.19632 -0.835061 -1.50045 2.00096 0.150176 -1.89063 -2.01186 -1.20491 0.672768 0.61092 -1.0509 0.385366 0.187898 -0.189056 -0.0682672 0.247136 -0.14279 -0.346567 0.223722 -0.401024 -0.757496 1.41743 0.800606 -0.773901 0.778029 0.0435473 -0.0351036 -0.0405665 0.622299 -0.859508 -0.431182 0.346967 0.832407 0.702125 0.16239 -0.0445136 0.296679 -0.155389 
0.91024 1.13572 -0.899452 -1.17475 1.72796 -0.152285 -1.39852 -1.93087 -1.2541 1.74895 0.84322 -1.805 0.97308 0.134457 -0.0206434 -0.250146 0.305231 -0.222174 -0.426293 0.414185 0.226264 -0.593233 0.572782 0.0646124 -0.295507 0.0551768 -0.255534 0.360775 -0.148458 -0.236158 0.115811 0.349332 -0.309334 0.446948 0.537526 -1.86718 -1.39429 1.81177 -1.09275 
0.902948 1.17567 -1.08521 -1.19522 1.77879 -0.276117 -1.47644 -1.7856 -1.79814 1.24555 0.675533 -1.3464 0.440543 -0.0676356 0.171719 -0.216725 0.0109781 -0.0269782 0.00276525 -0.0856128 0.045924 -0.21997 -0.44975 -0.593679 1.03787 -0.314718 -0.0984394 0.0974797 0.309243 -0.0752424 0.131284 0.585199 -0.216926 -0.0342037 1.38157 -0.393707 0.337141 0.648557 0.593051 
0.842604 1.30743 -1.11618 -1.16377 1.70098 -0.14952 -1.48413 -1.88495 -1.47407 1.2992 0.249541 -0.767126 0.658362 0.0360179 0.0768364 0.0590971 0.229989 -0.0908897 0.158905 0.197259 0.19206 0.788337 0.179075 0.401753 0.35305 0.648228 0.246476 -0.335321 0.362509 0.0684233 -0.064365 -0.232441 0.310755 0.321822 0.764402 0.0941839 1.18328 -1.37329 0.379319 
0.938966 1.25251 -1.02611 -0.965235 1.6879 -0.117212 -1.27918 -1.59354 -1.0098 1.42463 1.07729 -0.993355 1.08877 0.17884 -0.163603 0.145784 0.0794014 -0.0913432 -0.229676 0.225142 0.367746 0.544431 -0.355566 0.589597 -0.335416 0.0646011 0.000515012 -0.126077 -0.237019 -0.27715 -0.221436 -0.457446 -0.508862 0.126277 -1.35646 -0.829494 -0.86336 -0.593621 -0.795114 
1.02144 1.14383 -0.970393 -1.08437 1.60963 -0.379196 -1.25899 -1.5172 -0.929642 0.943634 0.839138 -1.10254 0.722963 0.0365329 -0.0492406 -0.177922 -0.0471613 -0.312326 -0.29854 -0.311604 0.318337 -0.568124 -0.650419 -0.461607 -0.240571 -0.146887 -0.239413 0.312455 -0.435829 0.15919 0.187258 0.104268 -0.643919 -0.0608919 -0.256797 0.158058 -0.755248 0.921512 0.284342 
0.975499 1.20327 -1.20403 -1.0124 1.37557 -0.415752 -1.59079 -1.2752 -1.57793 0.774207 0.615679 -1.23393 0.941884 -0.0605733 0.148853 -0.290045 0.238592 0.0959147 -0.125407 -0.418777 0.306854 0.287635 -0.197509 -0.165651 0.586096 0.348943 -0.0268597 0.187654 -0.166561 0.223102 0.338995 -0.0109846 0.528259 -0.178075 1.26212 0.294567 0.0524447 1.05997 -0.12852 
0.960871 1.29268 -1.26044 -0.845774 1.70555 -0.504603 -1.67777 -1.21035 -0.642007 0.746125 0.673486 -0.516446 1.07191 0.0096732 0.138414 -0.344483 0.17594 0.0266689 -0.309525 0.216655 0.140262 0.693999 -0.355852 -0.409162 0.819397 -0.275406 0.274995 -0.342336 0.0548934 0.103216 -0.328201 -0.197966 1.01412 -0.343943 -0.572303 -0.0583593 -0.0717534 -0.19181 -0.989797 
0.985173 1.34168 -1.54851 -0.836456 1.40224 -0.725277 -1.37413 -1.13494 -0.883927 0.418355 0.206518 -0.414529 0.666477 0.214422 -0.193483 -0.235151 0.341807 -0.232286 -0.323374 0.595345 -0.037089 -0.284668 -0.255868 -0.237405 0.394286 -0.640854 0.290468 -0.468941 0.434006 0.330543 -0.0711107 0.158256 0.217964 0.017317 -0.647944 0.65784 1.39812 -0.476458 0.736647 
1.17529 1.0992 -1.49559 -0.503966 1.47326 -0.827977 -1.08242 -1.24744 -0.926675 0.490257 0.436082 -0.12216 0.431051 0.300141 -0.330527 0.0895233 0.506484 -0.0444418 -0.151269 0.434619 0.157579 0.0460551 0.301988 0.988958 0.34294 0.46124 -0.0369689 -0.0719183 0.438508 0.197889 -0.415042 0.0780714 -0.0994867 0.179081 1.09454 0.455776 -0.0782968 0.0804621 1.69038 
1.28531 1.01116 -1.45899 -0.329972 1.3578 -0.876546 -0.939512 -0.97736 -0.837872 0.720342 1.19548 -0.0715891 1.12772 0.177453 -0.265402 0.203357 0.539696 -0.647328 -0.245302 0.495858 0.141992 0.809874 0.199908 -0.315702 0.474748 1.04953 -0.185538 0.0145018 -0.0198409 0.250501 -1.11697 -0.0125125 -0.237697 -0.686268 0.972902 -0.782945 -3.14996 0.318435 0.252031 
1.35275 0.833799 -1.29223 0.03573 0.825935 -1.07328 -0.586565 -1.10545 -0.116801 0.690165 0.12038 0.352588 1.48058 0.114603 -0.316025 0.0696824 0.756985 -1.16141 -0.163781 0.196923 -0.528689 1.01896 -0.480957 -2.161 0.661375 0.713271 -0.194053 0.170646 -0.668023 0.295007 -0.746328 0.410432 -1.2323 -0.549462 -0.0194374 -0.4848 -0.86343 0.0630841 -0.878216 
1.39992 0.695132 -1.38931 0.427013 0.196389 -1.04033 -0.742589 -1.50605 0.181085 0.239385 -0.965524 0.589786 1.84099 -0.0166 -0.0947561 -0.464666 0.834704 -1.39366 0.16513 -0.736441 -0.40747 0.790436 -0.284892 -1.17913 0.537832 0.171313 -0.21601 0.366454 -0.392421 -0.108647 0.153766 0.109006 -0.653647 0.485036 -0.287947 -0.0450752 1.12758 -0.271866 -1.12747 
1.33615 0.739043 -1.7569 0.870434 -0.567721 -0.908149 -1.32301 -1.51292 0.673635 0.405273 -1.05875 0.890421 1.65189 -0.101407 0.050429 -0.322738 0.648338 -1.00764 -0.0547756 -0.456725 -0.0436522 0.731011 -0.526032 -1.03342 0.389509 -0.414196 0.103298 -0.0899429 0.894656 -0.860014 1.7749 -0.465492 1.16646 0.475628 -0.327285 -0.564548 0.331308 -0.289735 -0.350675 
1.29851 0.745561 -1.71205 1.07535 -0.811254 -1.0951 -1.19931 -1.5497 0.912096 -0.286647 -1.99894 0.979295 1.42679 0.0866977 -0.184699 0.42999 -0.0253106 0.381243 -0.300362 0.430021 0.0681583 0.463151 -0.84944 -0.847824 0.248097 -0.179362 0.126746 -0.333954 0.730298 -0.54455 1.47644 -0.271803 0.613123 0.257459 -0.582833 -0.0197005 0.910244 0.239999 0.60843 
1.42284 0.554344 -1.32691 0.845123 -0.186477 -1.20851 -0.892986 -1.44476 1.13679 -0.444167 -1.90658 1.13852 1.47253 0.0253387 -0.283525 0.40756 0.103788 0.468795 -0.326578 0.156399 0.213806 0.148178 -0.545733 -0.123174 0.629508 0.194234 -0.234378 0.1702 -0.51705 0.794862 -1.17482 0.223129 -0.695361 0.464109 -0.199944 0.705022 1.2315 0.535573 -0.241804 
1.32385 0.462036 -1.30449 1.17914 -0.342459 -1.42168 -1.04291 -1.33589 1.06027 -0.83238 -2.12212 1.6088 1.62103 -0.147681 -0.014499 -0.0870596 0.769551 -0.793574 -0.0772326 -0.26534 0.532268 0.263208 -0.144418 0.383672 0.78367 -0.421166 0.0165312 0.321459 -0.361216 0.248665 -1.1541 0.417934 0.387142 0.42973 -0.168129 0.143714 0.809997 -0.501083 -0.997795 
1.27516 0.539845 -1.41397 1.61467 -0.980052 -1.28574 -1.15833 -0.912492 1.39999 -0.588585 -1.5229 1.92219 1.05137 0.0418699 0.0379342 0.046344 0.352453 -0.685304 0.0913559 0.543541 0.643537 -0.0199515 -0.402019 0.686822 0.128424 -0.803561 0.200022 -0.00771981 0.166437 -0.609832 0.932771 -0.0252383 0.720383 -0.36374 -0.909709 -0.0653468 0.123109 -1.64393 -0.197346 
1.36572 0.49997 -1.25814 1.53159 -1.02776 -1.33032 -0.499374 -0.692358 1.04032 -1.2344 -1.43529 1.73723 0.817466 0.0523416 -0.0222188 0.0793771 0.159719 0.139196 -0.102471 0.455043 0.168528 -0.646501 -0.209765 0.506781 -0.860264 -0.618511 -0.129126 -0.133541 0.031783 -0.0148042 1.22019 -0.335716 -0.586659 -0.961043 -0.858782 0.665182 0.777697 -0.285631 0.24405 
1.3275 0.517627 -1.33459 1.77439 -0.840856 -1.38821 -0.703282 -0.743964 0.753493 -0.798349 -1.01612 1.06192 0.432854 -0.0872565 -0.095607 0.078127 0.337648 0.53489 -0.24436 -0.0431184 -0.317507 -0.878733 0.263163 1.46452 -0.157207 -0.559511 -0.119248 -0.0277424 0.00671787 -0.0185819 -0.356582 -0.17461 -0.0565423 -0.0339008 -0.144196 -0.40438 -0.232494 1.34305 -0.155794 
1.27846 0.404363 -1.18002 1.86924 -0.492873 -1.57469 -0.542493 -1.00986 0.161589 -0.971236 0.0292252 1.58002 0.257955 -0.066906 -0.0499612 0.086095 0.141137 -0.217386 -0.277081 0.398501 0.134627 -0.790697 -0.614145 0.274287 0.482789 -0.774305 0.0534008 0.146008 -0.0736681 -0.396199 -1.27477 0.0761323 0.714342 0.849441 1.27852 -1.2986 -2.95366 -0.00338027 0.120138 
1.2606 0.467665 -1.2485 1.91553 -1.05824 -1.66529 -0.304781 -0.609337 -0.0372043 -1.41249 -0.741837 1.54471 -0.341451 -0.0338557 0.0504009 0.00445894 -0.0585507 -0.739884 -0.168228 0.671223 0.531934 0.399788 -1.03544 -1.48914 -0.160587 -0.439373 0.0182613 -0.0310569 0.167232 -0.0344482 -0.0322948 0.311923 -0.422834 0.0503035 1.39481 0.578002 -0.68708 -1.2956 0.417149 
1.24461 0.454764 -1.17556 1.81069 -1.23276 -1.74291 0.128731 -0.477931 0.561378 -2.00668 -1.45992 1.41943 -0.181418 -0.0486447 -0.0810181 0.253327 0.106689 -0.24968 0.0348427 -0.0243329 0.184931 0.604111 -0.036143 -0.412793 -0.812813 -0.357156 0.00362298 -0.0220179 0.186786 0.128763 0.513115 0.471166 -0.968291 -0.713327 -0.594591 1.66538 2.14655 -0.990868 -0.329395 
1.21195 0.386647 -0.995168 2.02222 -1.30792 -1.63045 -0.329114 -0.424406 0.566907 -1.44864 -1.15463 0.731899 -0.698607 -0.0302327 0.028383 0.191245 0.0702123 -0.226769 0.302938 -0.297068 -0.181393 -0.194803 0.629944 0.657406 -1.15146 -0.768768 -0.120307 0.177216 -0.167173 -0.0284858 0.0271469 0.0402203 0.0306919 -0.563856 -1.25553 -0.015257 0.818144 1.1634 -0.138687 
1.21437 0.483147 -0.984312 1.8809 -1.45953 -1.43997 -0.168337 -0.659324 0.366575 -1.37673 -0.802513 0.267977 -0.950186 -0.168952 0.0961974 0.0861544 0.0782031 -0.222534 0.0750631 0.00635898 -0.378925 -0.651418 -0.0514001 0.405351 0.350588 -0.495843 -0.21614 -0.00910702 0.0545452 0.224145 0.251413 -0.549314 0.258716 0.284421 -1.2954 -1.16006 -0.619014 2.29203 0.392122 
1.043 0.482845 -0.909014 2.10042 -1.53046 -1.55539 -0.322755 -0.803331 -0.0845113 -1.50004 -0.749279 1.08249 -1.19445 -0.246373 0.019276 0.24579 0.294358 0.0246442 -0.246376 -0.0383515 0.103028 -1.4902 -0.530115 0.0383923 1.14058 -0.376646 0.126878 0.0499746 0.242655 -0.0799914 0.495234 -0.0525476 0.701261 1.024 0.108911 0.11776 -0.168619 -0.281337 0.93886 
0.967999 0.502423 -0.738521 2.17526 -1.43488 -1.68635 -0.206688 -0.556296 -1.12362 -1.90685 -0.764121 1.40855 -1.32683 -0.0420743 0.146172 0.32881 -0.00178827 0.2727 0.0225154 0.70762 0.645076 -0.542508 0.0663603 0.236732 0.0692509 0.443017 0.198646 0.203976 0.0724791 -0.577645 0.115888 0.479199 0.683151 0.285548 2.16908 0.917136 0.0434202 -1.52396 0.929156 
1.00093 0.629017 -0.580204 2.09863 -1.25776 -1.53287 0.384865 -0.158255 -0.627019 -1.43368 -0.512547 1.15174 -0.751433 -0.0477276 0.223252 0.31827 -0.283288 0.140532 0.232824 0.644799 0.388576 0.678884 0.387021 0.0818126 -0.38338 0.552509 -0.26458 0.0917789 -0.0542264 -0.366598 0.237702 -0.289561 -0.618476 -0.317775 -0.797273 0.151318 -0.17503 -0.387824 -0.295924 
0.920272 0.725675 -0.420252 1.89197 -1.29435 -1.45353 0.438111 -0.16772 -0.444741 -1.51983 -0.682308 1.02517 -0.774322 -0.306655 0.237951 0.274583 -0.368386 0.510402 -0.267045 0.0891444 0.327301 -1.33978 0.217679 0.0617027 -0.318573 0.147093 -0.258054 -0.21339 -0.0771229 -0.280244 0.582546 -0.453048 -1.0956 -0.465968 -2.77496 -0.679086 0.257941 -0.424838 -0.923211 
0.694273 0.866968 -0.305621 1.73025 -0.747353 -1.79992 0.47401 0.169046 -1.9668 -1.216 -0.450844 0.833165 -0.60434 -0.305782 0.00986143 0.241147 -0.563532 0.723078 -0.220224 -0.4508 -0.0773917 -2.09607 -0.292066 0.339754 -0.808218 -0.370701 0.155402 -0.20011 0.114886 -0.122694 -0.0562441 0.663215 -0.329347 -0.124105 1.3891 0.098809 0.663491 -0.824722 0.209115 
0.61449 0.735536 -0.179105 1.32844 -0.571272 -1.67375 -0.012689 -0.245111 -2.54081 -1.81189 -0.342555 0.216956 -1.14502 -0.151252 0.0378414 0.38947 -0.49108 0.454158 0.396169 -0.240203 0.203196 0.0493169 0.316488 0.725194 -1.14329 0.356208 0.0566909 0.158465 0.151624 0.0425704 -0.377391 0.740308 -0.177417 0.665727 2.91856 0.56509 1.09646 -0.410652 -0.727994 
0.543021 0.904809 0.0838491 1.23917 -0.293196 -1.40375 0.233807 0.372242 -1.91748 -0.899511 0.27435 -0.310129 -0.248132 -0.249091 0.168327 0.39277 -0.520962 0.345687 0.520084 -0.628217 0.588335 0.82249 0.273024 1.43622 -1.21887 -1.0987 -0.195393 -0.0736729 0.445075 -0.150098 -0.811883 0.529609 -0.0997401 0.165883 0.423899 -1.36835 0.6242 1.29263 -1.88605 
0.365399 0.903863 0.213665 0.807477 -0.225585 -1.15367 -0.640906 0.343224 -1.71832 -1.53887 1.09366 -1.00191 -2.24372 -0.346645 -0.0358315 0.834544 -0.641178 -0.357725 0.925778 -0.339943 0.369079 0.473216 -1.05186 1.34939 0.149336 -1.52984 -0.0197979 -0.243403 0.633818 -0.102727 -0.78247 0.594485 1.12054 -0.390583 -0.0898788 -0.841113 -1.12862 2.5768 1.06665 
0.196375 0.868977 0.918393 0.597991 -0.65092 -0.477971 -0.106136 0.741321 -1.44427 -1.95137 1.62374 -0.160794 -1.77797 -0.268889 -0.0750768 1.02659 -0.623689 -0.436783 1.11457 0.492321 0.197752 0.732611 -0.568089 0.3076 1.35793 -0.0320418 -0.0445039 -0.0551972 -0.318167 0.0868414 -0.141365 0.0820197 0.629067 -0.80227 0.202131 1.3779 -3.25409 -1.86774 1.44628 
0.09651 0.828786 1.24025 0.183788 -0.662368 -0.0390978 -0.148584 0.540976 -0.985712 -2.10696 1.40126 0.356012 -2.27576 -0.391149 -0.0910287 0.516377 -0.554336 -0.499089 1.0078 0.289124 -0.433191 0.675347 0.326044 -1.9047 -1.7184 -0.0835662 -0.333577 -0.165981 -0.808081 0.63725 1.01382 -0.468506 0.0957842 -0.15676 -0.359738 1.46096 -2.19232 -3.54943 2.04838 
-0.194774 0.777949 1.43477 0.0436549 -1.15001 0.529826 0.182988 0.30813 -0.768921 -1.62533 -0.280957 -1.8792 -1.86154 -0.602466 -0.241058 0.218507 0.0135609 0.577041 0.646064 0.588105 0.0409928 0.372874 0.892875 -1.88471 -2.1915 2.01634 0.0197362 -0.0370957 -0.50459 0.61578 1.4117 -1.31758 -0.0670978 0.891853 -0.078272 0.429048 1.88788 1.63563 1.47798 
-0.505956 0.587728 1.45876 0.197349 -0.0853268 0.606966 0.439521 0.581969 -0.612839 -1.21408 -0.483452 -1.83549 -0.259424 -0.371413 -0.128124 0.0117868 0.0614434 0.912607 -0.309787 0.222026 0.458662 0.597075 0.755092 -0.0168211 -0.0827703 1.39441 0.468695 0.177479 -0.476372 -0.0137654 0.185797 -0.401103 -0.566963 -0.687532 -0.634783 -0.75568 0.990303 3.18903 -2.52574 
-0.566187 0.649824 1.44656 0.105098 -0.237403 0.22004 0.405015 0.766792 -0.171846 -0.870233 -0.297778 -1.96197 -0.467125 -0.133771 -0.063579 -0.257864 -0.000204494 0.762838 0.244961 0.021142 -0.646539 -0.26191 0.137196 -0.894412 0.997528 -0.509401 0.384097 -0.00649742 -0.0748506 0.248253 -0.225265 0.981408 0.0537005 -1.2685 -2.18419 -0.66818 -0.49393 -0.0564055 -1.38172 
-0.639727 0.524149 1.2009 0.197145 0.677511 0.851927 0.460663 -0.0645705 -0.874748 -1.07689 -1.37786 -0.837962 -0.768824 0.0126837 -0.134622 -0.0630638 0.309697 0.687342 0.671621 0.275727 -0.809842 -1.58712 0.0869118 -0.510751 -0.139176 0.0126911 -0.221122 -0.323238 -0.0207557 -0.0274159 -0.663032 -0.296482 0.759406 1.06267 0.160959 0.969465 1.26259 -1.70542 1.10409 
-0.553503 0.515202 1.38349 0.414795 0.449939 0.891661 0.680741 -0.0430506 -1.75897 -0.783322 -0.808529 -2.10114 -0.454434 -0.354893 -0.386817 -0.27862 -0.0276204 0.0998061 -0.0515204 0.780548 0.416133 -0.100951 1.10666 0.368181 -0.707892 0.594691 -0.669004 -0.507883 -0.949784 -1.18707 -0.692356 -0.526254 0.55947 1.4631 2.51265 0.868342 2.19178 1.01906 0.0745759 
-0.99462 0.137331 0.922277 0.169524 0.777317 0.800407 1.24121 0.351563 -0.975699 0.0297744 -1.00968 -1.54585 -0.174134 -0.656321 -0.642505 -1.01285 -0.877377 -0.00501425 0.145367 0.835197 0.653254 0.925526 0.955254 1.68103 0.879883 0.087267 -0.0269416 -0.202239 -0.191233 -0.753809 -0.873995 0.0108619 -1.0242 0.181908 1.54179 -0.62263 1.79091 1.69337 -1.53257 
-1.20982 -0.127302 0.370645 -0.462582 0.444925 1.03703 1.51594 0.610203 -0.833439 0.171932 0.8725 -1.22126 -0.367167 -0.381834 -0.589057 -0.469853 -0.78143 -0.774189 -0.0406585 -0.243656 0.598041 1.44084 0.484031 2.15909 0.985473 -0.937879 0.536548 0.383141 1.08256 1.02386 -0.264845 -0.868353 -1.99731 -0.534169 0.417409 -0.169009 -0.732522 0.145945 0.342208 
-1.37645 -0.451725 0.452424 -0.611906 0.00312838 0.759748 0.997555 0.949604 0.465143 0.513805 1.1494 -0.560381 -1.11201 -0.119772 -0.259364 0.069715 0.146483 -0.269859 -0.722986 -1.16211 0.119085 1.34294 0.786245 0.948508 1.02583 0.429475 0.514518 0.776204 0.582459 1.11021 1.60039 0.0226304 0.0391841 -0.81916 -1.69912 -0.670813 -3.39165 -2.00212 1.13022 
-1.3296 -0.386666 0.44036 -0.3161 0.175066 0.314042 0.353829 0.729289 0.509496 0.958178 1.82101 -0.195432 0.0623077 0.132684 0.187147 0.112606 0.328778 0.826201 -0.0180281 -0.204472 -0.221119 -0.258278 -0.186782 -1.23256 -1.01665 0.192341 0.162988 0.43867 -0.0650891 -0.0537307 0.810476 1.33166 2.16797 -0.118235 -1.56631 -2.39614 -2.89853 -2.46152 0.995145 
-1.24377 -0.264578 0.56503 -0.283128 0.829329 0.74172 0.793084 0.728485 0.206865 0.327023 -0.0831585 -1.57703 -0.919672 0.0432161 0.179306 0.00462585 0.0927518 0.540617 0.608675 1.00586 0.000850362 -0.223377 -1.6099 -1.95002 -1.43569 1.42462 -0.285857 -0.124456 -0.142082 -0.634259 -1.71596 -0.0558655 0.784481 0.163486 -0.0411909 -0.259649 2.20351 1.92434 0.324769 
-1.28638 -0.20736 0.444986 -0.223348 0.715682 0.922717 1.35969 0.730139 0.286119 -0.651719 -0.129011 -1.63112 1.48693 -0.153173 0.0626911 -0.0294759 -0.305482 -0.889757 -0.0738937 0.58001 -0.0576324 -0.299469 -0.446431 0.970951 0.907691 0.517111 -0.140194 -0.236999 0.232054 -0.0748515 -0.840274 -1.00636 -1.49703 0.137667 0.414515 2.28824 2.89519 3.82092 -2.64672 
-1.39694 -0.201887 0.535555 -0.58861 -0.0604274 0.667827 1.37309 0.670852 -0.0926037 -0.119407 0.887793 -0.669338 -0.402561 -0.0969782 -0.0576922 0.23668 0.0179003 -0.299657 -0.397689 -0.491173 0.138517 0.191139 0.678345 0.945169 2.38522 -1.2221 0.263679 -0.0566558 0.153154 0.688792 1.15856 0.105232 -1.1466 0.642275 1.76132 0.357701 -1.7831 -0.14909 0.316514 
-1.38336 -0.265052 0.681666 -0.205448 0.416026 0.525028 0.868515 0.868656 0.477258 0.0266258 0.816158 0.754102 0.264824 0.110506 0.00603525 0.123678 0.38331 0.268799 0.0313386 -0.566592 0.584643 1.46185 -0.0887294 -0.812146 0.758602 0.833625 0.174652 -0.0614069 -0.467697 -0.251381 -0.316516 0.453093 0.590826 0.284123 -0.306263 -0.478662 -1.40034 -3.21588 1.80054 
-1.28644 -0.195852 0.659233 -0.2053 0.208372 0.699165 0.806502 1.2555 1.36925 -0.208136 0.0756465 0.0892633 0.431064 0.0776739 -0.119099 -0.231017 -0.233481 -0.616173 0.0554037 0.0996524 0.42264 -0.115124 0.199683 -0.455173 -0.830653 0.57844 -0.0387851 -0.132441 -0.277812 -0.438485 -0.403249 0.126455 0.681984 -0.843109 -2.1488 1.29028 1.63816 -0.708725 -0.897754 
-1.30568 -0.384151 0.450649 -0.438929 -0.200147 0.580431 0.968167 1.2913 0.362133 0.226309 0.360985 -0.0765507 0.843264 0.0717209 -0.126406 -0.154134 -0.0551749 -0.13445 0.157794 0.115392 -0.258466 -0.686945 1.20155 0.826017 0.0498769 -0.0641293 -0.0861083 0.0641708 -0.16427 0.0345148 0.559629 -0.0529669 0.219719 -0.414634 0.823029 -0.136968 0.784329 1.59045 -0.310892 
-1.21472 -0.322258 0.505099 -0.260475 0.073922 0.856959 0.921894 0.997029 0.682304 0.993417 0.901664 0.13914 0.366934 -0.00843439 -0.0549283 -0.395287 -0.198966 -0.0565442 0.00243681 0.319372 0.00800678 0.707904 0.0627157 0.329156 0.759799 0.267548 -0.177964 0.166523 0.222342 -0.123195 -0.0549957 -0.618437 0.263751 0.421717 0.804809 -1.60245 -0.509984 0.799139 1.2011 
-1.31412 -0.439079 0.0553616 -0.637895 -0.256691 0.582868 1.28754 1.2993 1.07004 0.289025 0.690141 0.683248 1.11081 -0.106243 0.040117 0.068208 -0.17837 -0.189446 -0.460643 0.379142 0.163251 0.117865 -0.400901 0.316033 0.849016 1.13697 -0.0333372 0.0694279 0.605254 0.198839 0.397747 0.353009 0.066759 -0.292264 -0.825297 0.0723197 0.244718 -1.26579 -0.0139642 
-1.32096 -0.282141 0.573307 -0.438845 -0.115524 0.396316 1.30104 1.16028 0.800168 0.592516 1.2177 0.988156 1.5039 -0.0417716 0.0144996 0.209967 -0.000126642 0.341203 0.355445 0.386131 -0.284257 -0.117393 0.135035 0.573874 -0.505987 0.253584 0.0284111 -0.230583 -0.192985 0.141712 0.306041 0.865474 -0.514161 -0.462062 -1.17346 0.11035 -0.35009 -3.2535 -2.56574 
-1.35589 -0.42458 0.265328 -0.638021 0.0845113 0.938314 1.67367 1.01505 0.952645 0.42406 1.26401 0.177261 1.3644 -0.0778316 -0.190466 -0.124777 -0.0366579 0.116596 0.404831 -0.135019 -0.298811 -1.0556 -0.290552 -0.0340573 -2.40448 -1.42877 0.110409 0.0123422 -0.185152 0.108576 -0.833859 -0.803575 -0.94586 0.454119 0.688734 0.863253 0.0928997 0.187915 -0.0121938 
-1.39879 -0.472607 0.44853 -0.475503 0.00107239 0.801147 1.16602 0.861469 -0.25543 0.301964 1.18364 -1.41633 0.0751298 0.0686372 0.0268418 0.0248143 0.108449 -0.492656 -0.44813 -0.55973 0.169862 0.571341 0.998288 0.666773 -0.318072 0.24139 0.216772 0.289037 -0.0770531 -0.0665405 0.153719 -0.632753 -0.26271 0.509221 2.33306 0.729485 0.717409 3.27613 1.10267 