0 0 0 0 0 0 0 0 0 0 0 0 0 -1.41202 -0.507677 1.17237 -0.710787 0.54606 0.991017 0.533477 0.565198 0.60262 0.0901567 -0.827471 -0.06864 0.226403 -0.729156 -0.447129 0.935143 -0.726448 0.517338 0.982953 0.705321 1.00033 0.835468 -0.0986773 -0.695735 0.439684 0.0388034 
-1.41202 -0.507677 1.17237 -0.710787 0.54606 0.991017 0.533477 0.565198 0.60262 0.0901567 -0.827471 -0.06864 0.226403 -0.729156 -0.447129 0.935143 -0.726448 0.517338 0.982953 0.705321 1.00033 0.835468 -0.0986773 -0.695735 0.439684 0.0388034 1.85242 0.317453 -1.87372 0.922452 -1.06431 -1.17751 0.0158623 0.0879901 -0.273189 -0.371243 1.56987 2.09229 -0.27473 
-0.729156 -0.447129 0.935143 -0.726448 0.517338 0.982953 0.705321 1.00033 0.835468 -0.0986773 -0.695735 0.439684 0.0388034 0.440403 -0.190223 -0.701355 0.211665 -0.518248 -0.186493 0.549339 0.653188 0.329431 -0.281087 0.742399 2.02365 -0.0483271 0.667158 0.261075 -1.39501 0.879195 -0.88798 -0.773549 -0.836801 -0.8772 -0.854406 0.699299 2.15165 0.203387 0.76623 
-0.971614 -0.6979 0.471016 -0.499122 0.0278124 0.804523 1.08282 1.21839 0.932052 -0.19093 -0.0850716 1.95501 0.178076 -0.0619981 -0.186055 -0.459872 0.152747 -0.370642 0.209404 -0.13148 0.123131 -0.0189375 0.600622 1.45591 0.643072 0.805034 -0.170652 0.124217 0.848743 -0.131156 0.342598 0.571891 -1.30558 -0.813775 -0.172843 0.360608 0.555121 -2.87047 -0.511337 
-0.791154 -0.633184 0.475271 -0.573701 0.146696 1.19236 0.573841 1.12346 0.816531 0.501945 0.760176 1.08276 0.843837 0.269751 -0.0660069 0.147388 0.0805084 -0.17565 0.385398 -0.756244 -0.160588 0.156589 0.0795208 1.29752 -0.846817 -0.559664 0.156777 -0.377938 1.0072 0.269102 0.0484299 0.0797811 -0.0623759 -0.479903 1.01083 -1.62581 -0.759621 0.636175 -1.84248 
-0.701863 -0.763907 0.618404 -0.418614 -0.147838 1.18992 0.326573 1.0578 1.08864 -0.111409 1.21245 1.1082 -0.381588 0.0947791 -0.563993 0.547327 0.421849 -0.322212 0.289186 -0.193856 -0.356772 0.991894 -1.02518 0.69629 1.27925 -1.03744 -0.204137 -0.45523 0.382272 0.163274 -0.0422702 0.0551439 1.35352 0.418727 0.751039 0.245345 -1.90835 0.132469 0.151625 
-0.696375 -1.19718 1.0226 -0.151852 -0.175516 1.48154 0.379985 0.76669 1.80842 -0.52324 1.45647 2.362 -0.193605 0.0656145 -0.521237 0.529661 0.243782 -0.217921 0.440542 0.597275 0.258139 0.907628 0.324866 -0.610832 -0.714348 -0.408039 0.0344545 0.368602 -0.419664 -0.299536 0.245165 0.198722 -0.14277 0.923922 -1.41116 0.965516 -2.13873 -2.85541 1.37805 
-0.636248 -1.28514 1.14806 -0.174832 -0.365759 1.63046 0.923848 1.31594 1.99627 0.213456 0.601617 0.393849 -0.789628 0.129234 -0.195391 0.127663 0.122312 -0.0770467 0.487908 -0.336626 0.56715 -0.419264 -0.0596686 -1.44244 -1.57617 0.340612 -0.0446276 0.391026 -0.957937 -0.665827 0.254998 -0.449325 -1.59224 0.037594 -1.96637 -0.22573 0.974994 0.415755 0.248509 
-0.567142 -1.39257 1.15026 -0.0295399 -0.252562 1.96945 0.0433595 1.33384 1.38916 -0.582909 0.0140249 0.785837 0.147007 0.020987 -0.130211 -0.428276 -0.422044 0.0370776 -0.00878341 -0.994967 0.295733 -1.05875 0.0991352 0.364162 -0.298592 -0.15953 -0.283109 0.233059 -0.178761 -0.934843 -0.441277 -1.59422 -0.090154 -0.0904978 0.0357552 0.454882 0.768023 -0.0483674 -1.75252 
-0.615261 -1.41536 0.719788 -0.596876 -0.328681 1.62168 -0.0711191 1.61167 0.937522 0.312592 0.965779 0.0952569 -0.949158 -0.153875 0.0376682 -0.051098 -0.812531 -0.518324 -1.10631 -0.42678 0.476653 -0.383509 0.395214 -0.674418 -1.62453 -1.41191 -0.243796 0.254722 0.66999 0.200313 0.285332 -0.122733 1.55945 -0.310762 0.380579 0.464838 0.173109 1.56681 0.930148 
-0.721017 -1.3549 1.09916 -0.842071 -0.770886 0.863139 -0.383421 1.81049 1.00565 -0.187695 -0.660393 -0.838695 -1.2649 -0.222809 0.12451 0.241714 -0.221732 0.32241 -0.131517 0.564478 -0.0150294 -0.678167 0.563973 0.537271 1.26822 0.770618 0.0718255 0.40189 -0.125059 1.25217 1.73453 1.37235 1.39981 -1.24822 -0.371623 -0.317868 1.70788 2.74494 1.61657 
-0.83807 -1.29085 0.961502 -0.818608 -0.0062711 1.49016 0.493359 1.59664 0.259355 0.876565 1.50305 1.36347 -0.17854 -0.0820496 0.439558 -0.176157 0.439636 1.21621 0.266042 0.97303 -0.771566 -0.755132 0.0773459 1.03346 1.12041 0.20466 0.357667 0.300623 -0.289216 0.727933 -0.275664 -0.141378 -0.322249 -1.15067 1.08744 -1.87173 -2.64134 -1.92858 -1.89758 
-0.803066 -0.915342 0.923006 -0.402435 0.445319 1.12918 0.58961 1.03893 0.25052 -0.110349 0.373071 0.281715 -1.06024 0.134858 0.425134 -0.0475019 0.506201 0.0467461 -0.272895 0.242229 -1.1657 0.40927 -1.30776 -2.10407 -0.660362 -1.12696 0.315386 -0.709839 0.129055 -0.252676 -1.70043 -0.0861834 -1.04742 0.597152 1.40541 0.248104 -1.82488 -0.46054 -1.27056 
-0.703212 -0.865712 0.914 -0.312407 0.040475 1.21727 0.735588 0.430943 0.668625 -0.43119 -0.601019 0.703112 -1.3055 0.233337 -0.270281 -0.0471022 0.18696 -0.484226 0.179859 -0.0743887 -0.174414 0.650275 0.32545 -0.79142 0.659871 -1.0659 0.0607618 -0.77985 0.13318 -0.379566 -0.024565 0.509854 -0.291449 1.44761 -0.166624 2.13765 3.12842 2.15949 1.60411 
-0.569729 -1.18562 0.875904 -0.215474 -0.0389068 1.30904 0.515221 0.864513 0.900795 0.215101 -0.418349 0.941586 -2.12614 0.19562 -0.354717 0.0856778 0.126635 0.0221811 0.236959 -0.0492206 0.281914 0.242646 0.829891 1.02435 1.49912 0.477149 -0.126702 -0.247267 0.29372 -0.252755 0.322964 -0.500321 0.338345 -0.0158047 0.0327688 0.692998 1.99454 -0.590377 2.97734 
-0.507592 -1.22043 0.999678 -0.185772 0.0626561 1.45423 0.686367 0.712856 0.911271 0.398701 0.423331 2.20224 -0.828356 0.106635 -0.517548 0.246617 -0.0657943 -0.161262 -0.320462 0.263956 -0.190219 0.683044 1.01845 1.20312 0.0694931 1.91145 -0.22526 -0.0370534 -0.327614 -0.361922 -0.357688 -1.7773 0.412294 -0.679147 -0.537451 -0.795956 -1.89559 -5.17029 0.209704 
-0.463095 -1.70317 1.12252 -0.281268 -0.200168 0.988579 0.779177 0.674294 1.58384 1.23355 0.784774 1.01108 -0.214689 -0.0296402 -0.39177 -0.241936 -0.235288 -0.335506 -1.54034 0.363073 -0.397233 -0.294805 0.033935 -0.871238 -3.67117 0.686853 -0.249651 1.48998 -0.855053 0.0447933 1.30409 -0.266983 -0.0928168 0.251943 -1.3617 -1.22018 -1.41297 -1.06432 -2.2389 
-0.537232 -1.6122 0.757742 -0.42106 -0.27285 -0.0861174 1.04944 0.315623 0.616467 0.432636 -0.447907 -1.46893 -0.141502 -0.143016 0.972428 -0.608436 -0.0210009 1.14283 -0.587444 0.17114 0.061724 -0.678661 -0.201728 -0.209844 -0.994824 -0.327449 0.462678 2.22151 -1.02696 0.206976 2.90169 2.15335 -2.12493 0.195482 -0.45561 -0.710085 0.735119 4.62595 -1.61595 
-0.606111 -0.730744 0.514085 -0.302269 0.942664 0.401134 0.950317 0.736018 0.905177 1.03182 0.574929 0.0162545 -0.542137 0.433038 1.82974 -1.2689 -0.0283118 2.56618 0.613009 -1.76186 -0.201751 -0.750415 -0.67615 -0.136119 0.954787 -0.929098 1.00598 0.527791 -0.4166 -0.462317 -0.558849 1.19762 -2.14135 -1.19567 -0.846213 -1.06201 -0.183861 0.46192 -1.58482 
-0.104194 0.217541 -0.511158 -0.449372 2.29333 0.526891 -0.712416 0.113872 -0.133948 -0.243514 -0.584026 -0.514144 -1.0706 0.862961 1.50022 -1.02504 -0.483318 0.583983 0.610172 -1.97021 -1.13395 -1.52487 -1.26374 -0.393705 -0.532904 -1.91227 0.345237 -0.666263 0.97643 -0.652794 -3.68828 -0.945981 0.848666 -1.22788 -0.391718 1.33482 0.865355 -1.53666 0.442287 
0.25685 0.769475 -0.510951 -0.785588 1.52665 1.01131 -1.0199 -0.397931 -0.619697 -0.231915 0.181224 -0.516649 -2.4544 0.778275 1.16348 -0.292469 -0.681106 -1.1221 -0.332973 -0.913191 -1.42963 -1.14213 0.658675 0.729236 -0.581869 -0.486811 -0.255486 -0.795246 0.273853 0.0897102 -0.849259 -1.91341 1.31685 -0.0308954 0.795736 2.97785 1.25268 0.36455 3.87126 
0.674081 1.38102 -0.803627 -1.13048 1.17124 0.193919 -1.62561 -1.31576 -1.27608 0.415161 0.14521 -1.09601 -1.55741 0.607475 0.704972 -0.751183 -0.393608 -0.265276 -1.30324 -0.653359 -1.16484 -0.729139 1.71412 0.858971 -0.168354 1.95899 -0.442365 -0.659612 -0.481731 0.769799 1.02045 -0.264874 0.935478 1.15644 0.329106 0.127738 -0.149408 0.30308 1.72934 
0.864324 1.47445 -1.26213 -1.1792 1.26137 -0.291934 -1.67325 -1.56278 -1.34884 1.4822 1.04019 -0.685004 -0.49541 0.33591 0.503865 -0.7742 0.0886929 -0.101645 -0.597847 0.022288 -0.273188 -0.813027 0.786412 0.579828 -0.278789 1.24253 -0.440367 -0.102438 0.895423 0.415304 0.236903 1.39124 0.896034 1.16969 0.853814 -2.27562 -0.989998 1.16994 -0.551685 
1.00999 1.88488 -1.57783 -1.04178 1.06959 -0.403928 -1.60332 -1.58895 -2.08911 1.20157 0.725038 -1.3748 -0.314878 0.167108 0.602534 0.144241 0.0216959 -0.0283729 0.0879971 0.242675 0.00484279 0.124675 -0.5615 -0.131028 1.00159 1.40731 -0.386679 -0.114663 1.41168 -0.356657 0.166813 0.709957 0.0336077 0.379454 1.39015 -1.22179 0.00227134 1.75687 -0.338883 
1.03143 2.07698 -1.11789 -1.1575 1.233 -0.203937 -1.43058 -1.55793 -1.22416 0.920703 0.909167 0.316587 0.911898 -0.0507687 0.389201 0.637482 -0.267964 0.0651676 0.11211 0.0558957 0.106266 0.577125 -0.435379 0.5821 1.47809 0.90365 -0.140704 -0.555685 0.24646 -0.222121 -0.244764 -0.0333534 -0.0172067 0.0157183 -0.390482 0.530347 0.671198 -0.816372 -1.6069 
0.959222 2.27408 -0.940345 -1.30975 1.13476 -0.291818 -1.54742 -1.48268 -1.51198 0.766195 1.30714 0.103284 0.588771 0.0264044 0.0468499 0.390701 -0.200425 -0.273136 0.0546436 0.225468 0.0205611 -0.265807 -0.0311529 0.540171 0.185218 -0.199591 0.142348 -0.408111 -0.693802 0.267485 -0.27093 -0.0318418 0.201042 -0.0797856 -0.500568 0.178593 -0.37465 -1.26454 -1.05255 
1.05784 2.12383 -0.727192 -1.35792 0.959861 -0.149293 -1.20511 -1.53737 -1.48997 0.88955 1.44934 0.501805 0.712307 0.0915788 -0.0189097 -0.0563202 -0.000478525 -0.205762 0.0802683 0.256938 0.0264801 0.0765571 -0.256786 0.207449 0.213549 -0.1489 0.0611609 -0.17833 -0.70793 0.268109 0.187327 -0.306511 -0.25015 -0.0102559 -0.103585 -0.178436 -0.521516 -0.831369 -0.340557 
1.0508 2.25517 -0.996665 -1.31023 0.928995 -0.211549 -1.29048 -1.4562 -1.43543 0.509409 1.51459 0.316833 0.439872 0.0875654 -0.13148 -0.317229 0.0676844 -0.0858099 -0.251867 -0.0246822 0.0103052 -0.369392 -0.209589 0.018655 -0.64615 -0.540148 0.161447 -0.469545 -0.0992568 0.109194 0.266983 -0.420032 -0.0956728 -0.0874323 -0.383058 1.19954 -0.106477 -0.743372 0.54952 
1.1454 1.99235 -1.04442 -1.29024 0.874051 -0.40116 -1.22979 -1.52707 -1.85936 0.679962 1.46799 -0.144345 0.172159 0.253025 -0.488455 -0.155577 0.108715 0.0612203 -0.339764 0.161265 -0.0609521 -0.306501 0.942758 0.100972 -0.529823 0.400621 0.109725 -0.0643966 -0.209796 0.182002 0.240183 -0.055843 0.0308937 0.00484395 0.621026 1.15627 0.284691 0.577614 0.894804 
1.30383 1.76672 -1.15224 -1.20151 0.990216 -0.551313 -1.12922 -1.51715 -1.74193 1.45217 1.61556 -0.21299 0.840492 0.19729 -0.195877 -0.527026 0.249687 0.154373 -0.30771 0.00621154 0.0151491 0.251634 0.946681 0.303346 -0.0685363 0.354656 -0.155544 0.44179 -0.469459 0.346303 -0.0674622 -0.0516894 -0.5191 0.168201 1.32363 -0.443298 -0.0490433 0.461817 -0.627434 
1.34269 1.79647 -1.57145 -1.04055 1.02842 -0.70887 -1.22358 -1.51192 -1.60773 1.62664 1.77134 -0.212882 0.526815 0.0974816 -0.0466649 -0.625036 0.455018 -0.00624187 -0.391453 -0.357835 0.107249 1.01713 0.499461 0.0519286 -0.0680068 -0.226813 -0.102674 -0.0408425 -0.0231386 0.233407 -0.333052 -0.419268 -0.545691 -0.0916019 0.646174 -0.812391 -1.09503 -1.00375 -1.10135 
1.40131 1.72005 -1.77728 -0.746493 0.983974 -0.942766 -1.48705 -1.4099 -0.7248 1.95163 1.66749 -0.280997 0.613679 0.0946161 -0.236719 -0.550164 0.483094 -0.178678 -0.726978 -0.539479 -0.0764528 0.897808 0.13429 -0.791687 -1.07228 -0.746689 0.137928 -0.585479 0.763911 0.114251 -0.338586 -0.0506942 0.650967 0.0565349 -0.340672 -0.410541 -0.614824 0.0522744 0.165701 
1.43731 1.55975 -2.12161 -0.557459 0.849746 -1.43585 -1.76306 -1.58837 -0.709919 1.76093 0.979652 -1.28517 -0.219874 0.23541 -0.632144 0.138875 0.569269 -0.344828 -0.442147 0.293132 0.163783 0.676454 0.0889196 -0.562895 -0.0157324 -0.0611122 0.0154431 -0.011319 0.293174 0.678665 -0.871376 0.816395 1.15732 0.0873888 0.972483 -0.72583 0.357892 3.31579 1.14687 
1.63672 1.08791 -1.6384 -0.177224 0.639146 -1.38491 -1.19392 -1.24612 -0.0483458 2.04055 1.10459 -0.29673 0.552567 0.110059 -0.248038 -0.25699 1.16176 -1.05005 0.0894171 0.617842 0.010936 1.87029 -0.59154 -0.433795 2.2435 0.400179 -0.253476 0.239122 -0.475939 0.106772 -0.74466 0.115392 -0.460544 -0.598127 0.277469 -2.13371 -0.920176 1.5515 -0.167599 
1.54737 1.31172 -2.3786 0.6043 -0.200308 -1.34643 -1.14522 -1.57743 1.16037 1.16939 0.545857 0.958337 0.180305 -0.0180664 -0.393022 -0.337064 0.676041 -1.08949 -0.326755 -0.167412 -0.434343 0.953923 -2.04479 -1.48307 1.53577 -0.228711 -0.114642 -0.231915 0.848521 -0.768295 0.579839 -0.128754 -0.846054 0.220751 -1.90913 -0.988672 0.607249 -1.12489 0.0981332 
1.61865 0.694888 -1.97547 0.498817 -0.450341 -1.71167 -1.36133 -1.68046 0.905578 -0.00424043 -0.378478 1.23904 0.323856 -0.00458258 -0.479953 0.591531 0.393464 -0.470215 -0.0393366 -0.228212 0.231687 -0.0388354 -1.58021 0.173454 1.11861 0.498312 -0.0773838 0.323273 0.708258 0.100386 0.765162 0.787208 0.468369 0.833895 -1.52657 1.14493 2.78092 -0.742333 1.42529 
1.54279 0.831763 -1.78707 0.997764 -0.670523 -1.38577 -1.37343 -1.34575 1.12154 -0.41082 0.71931 2.07695 0.678617 -0.0954503 -0.0697488 0.371194 0.776427 -0.324325 0.460452 0.300957 0.399552 -0.572645 -0.899855 1.29785 0.793439 1.19657 0.00894304 -0.151641 -0.264691 -0.147634 -0.0558135 0.0144398 0.272795 -0.100643 -0.917174 0.433922 -0.0776022 -1.89892 -0.0786856 
1.5232 0.625139 -1.60427 1.27524 -0.774666 -1.25122 -1.06038 -1.28091 0.332933 -0.904095 0.919375 2.03248 1.52043 0.00436046 -0.631594 0.32684 0.24583 -0.526028 -0.0248969 0.0445832 0.131044 -0.95601 -1.14629 0.0958517 -0.780307 0.419627 0.126834 -0.50316 0.0175393 -0.539706 0.0539366 -0.350034 -0.523938 -0.165972 0.611782 0.472669 -0.220665 -0.936519 -1.44859 
1.54715 0.200169 -1.46023 1.24359 -1.19655 -1.41066 -1.32885 -1.2147 0.165526 -1.55711 0.815162 1.29664 1.09824 0.0313832 -0.572909 0.388733 0.236721 -0.270389 0.110418 -0.222981 0.23358 0.0391369 -0.427185 1.07719 -0.14308 -0.25202 -0.00797285 0.273334 0.152019 0.0523455 0.389655 -0.0239905 0.377628 0.46634 0.996553 1.35505 -0.241254 0.336199 -0.156132 
1.55458 0.0522306 -1.21554 1.51196 -1.04506 -1.1408 -1.28336 -1.04733 0.37207 -1.33128 1.99656 1.8894 1.26841 -0.0036124 -0.35826 0.478859 0.298175 -0.136373 -0.0488874 0.422211 0.597383 0.0405432 0.208765 -0.145402 -0.444108 0.263495 -0.0409028 0.117092 0.0483803 -0.0995462 0.278686 -0.493399 0.528531 0.294767 -0.228324 0.851272 -2.89697 -1.18719 1.24231 
1.54353 -0.158091 -0.981371 1.54177 -1.33292 -1.45955 -0.906637 -0.61732 0.206069 -1.34835 0.66976 0.852534 1.36174 -0.0095196 -0.455817 0.437113 0.137175 0.00829753 -0.382981 0.305551 0.528347 -0.189187 0.424086 -1.81979 -1.33027 0.990294 -0.0301444 0.11838 -0.325509 -0.193289 0.0641821 0.117557 -0.517416 -0.439598 0.228225 0.418015 0.0364237 -0.863558 0.273873 
1.54506 -0.403586 -0.778428 1.64914 -1.03676 -1.52378 -0.977807 -0.518986 0.182883 -0.907194 0.176775 0.55913 2.2587 -0.0337568 -0.23988 0.15335 0.104887 -0.072191 0.0686701 -0.0952043 0.157785 0.268768 0.62678 -0.108978 -1.30767 0.537368 -0.163404 0.456508 -0.495906 -0.0512531 -1.27045 0.705508 -0.34795 -0.527747 -0.254136 -0.852895 2.02498 0.275185 -1.06339 
1.50978 -0.397971 -0.828022 1.64666 -1.40512 -1.39088 -1.00184 -0.459534 0.474837 -0.721565 0.560782 -0.455132 1.89911 -0.172924 0.00069128 -0.0587929 0.0859216 -1.26216 0.322528 -0.0423997 0.000599406 -0.443324 -0.428809 0.20519 -1.05509 -0.0730973 -0.107994 0.0720276 0.151099 -0.061966 -0.636805 -0.0773165 0.0697765 -0.143575 -0.595907 -0.647169 0.15149 1.15243 -0.292145 
1.37214 -0.402895 -0.837221 1.73506 -2.29891 -1.20125 -1.02021 -0.518387 -0.260441 -1.336 0.381966 -0.495956 2.18561 -0.141751 -0.167853 0.304448 0.0429205 -0.708996 -0.00864642 -0.0254278 0.0142101 -0.327139 -0.0203893 0.042512 -0.15524 0.245223 0.134677 -0.132138 0.141068 -0.262738 1.61488 -0.216424 0.532371 0.257595 0.626283 0.511371 0.745755 1.87278 -0.259768 
1.36803 -0.565824 -0.523573 1.68958 -2.11411 -1.39953 -1.02727 -0.445324 0.147698 -0.741955 0.603294 -0.610373 2.14433 -0.0382466 -0.131446 0.0822753 -0.176817 0.352727 0.106103 0.489971 0.258195 0.182959 0.0825626 0.950945 0.81769 -0.332866 -0.0371496 -0.00507654 -0.495197 -0.0582019 0.753107 0.0755889 -0.0426028 -0.0494477 -0.0733053 -0.400155 -0.456119 -0.0730299 -1.78893 
1.33389 -0.534341 -0.754946 1.55824 -1.94619 -1.09515 -0.530236 -0.260192 -0.0774823 -1.25344 1.33291 0.321734 1.85274 -0.178901 -0.172929 -0.190749 -0.0152814 0.0441111 0.0669425 -0.0680307 -0.0352377 -0.400444 -0.420545 -0.413607 -0.22827 -1.54371 -0.190133 0.0772946 -0.0171332 0.215169 -0.609526 -0.207801 -0.548459 -0.200858 -1.38888 -0.643193 -1.93572 -2.62574 0.0650169 
1.18913 -0.738753 -0.714322 1.6743 -2.07 -1.33259 -1.0953 -0.480562 -0.252746 -1.1625 0.189686 -0.838643 0.600618 -0.228379 -0.0541517 0.0651421 0.0383522 -0.256799 -0.101698 -0.0584881 0.0573364 -1.20592 -0.56063 -0.984771 -1.80805 -0.267849 -0.00160477 0.442545 0.209641 -0.00344503 0.179698 -0.129808 0.51188 -0.16927 -0.413519 -0.24866 -0.424722 0.13706 0.994604 
1.10552 -0.588493 -0.689803 1.5966 -2.20299 -1.19685 -0.588724 -0.202856 -1.2834 -1.81407 0.34814 -1.48632 1.58489 -0.180505 0.269616 0.0188928 -0.0187264 0.223809 -0.0628652 0.443849 -0.204508 -0.813963 -0.669205 -0.838329 -0.0912104 -0.549106 0.0374431 0.495976 -0.219679 0.155957 0.74348 0.177461 0.203772 -0.58477 1.4922 1.33842 -0.387571 1.69767 -1.62297 
1.00862 -0.469137 -0.695429 1.65557 -1.84619 -1.39545 -0.65145 -0.68507 -1.06671 -1.8317 -0.648643 -0.929853 0.0515118 -0.190936 0.441824 -0.154537 0.194309 0.486682 0.0757636 0.145284 -0.527433 0.286288 0.777787 -1.37234 -0.110374 -1.89081 0.0559064 0.173183 0.444743 0.356796 0.563476 0.315636 0.365718 0.38376 1.53882 0.916403 0.044008 0.0590754 1.01563 
0.914579 -0.146669 -0.844341 1.79091 -1.71631 -1.12108 -0.44344 -0.730289 -0.997111 -1.03628 -1.0242 -1.59669 -0.305921 -0.124599 0.442799 0.463636 0.33807 0.787285 0.252771 0.809567 0.179252 0.724858 0.247198 -0.794321 -0.032135 0.466521 0.0954983 -0.411344 0.795185 -0.0801456 -0.179511 0.176497 0.762715 0.51024 -0.58273 -1.90809 0.640332 0.602881 2.13508 
0.884021 -0.0263382 -0.231793 1.99364 -1.05891 -1.14268 0.158116 -0.505818 -0.341851 -1.58451 -1.44296 -0.961988 0.518033 -0.0954381 0.0304795 0.640648 0.114164 0.30717 0.25226 0.907999 -0.0171932 -0.296443 -1.13031 -0.73201 0.492506 0.24427 -0.106902 -0.281712 -0.354858 -0.719349 -1.29342 -0.0580744 -0.0491168 0.000872873 -2.14071 -1.12126 0.216871 0.323389 -1.57865 
0.819141 -0.116189 -0.203693 1.90507 -1.40913 -0.868821 0.464558 -0.747482 -1.29355 -2.16659 -1.75621 -1.10418 -0.0616506 -0.231501 0.161087 0.108778 -0.381279 -0.506134 0.194696 0.76045 0.180125 -1.41586 -0.874059 -0.57745 0.291254 -1.11213 -0.186994 0.287952 -0.323637 -0.612867 -0.241632 -0.321163 -0.479096 0.711095 0.73395 1.73189 1.49699 -0.313037 -1.58727 
0.65252 0.134749 -0.123015 1.61236 -1.56504 -0.947983 0.918566 -0.325693 -1.75771 -2.45857 -2.02041 -0.670734 -0.594097 -0.282432 0.318432 0.317011 -0.498704 0.0655384 -0.0689024 0.428902 0.693902 0.437508 0.601582 0.764976 0.179469 -1.343 0.123995 0.165625 0.326437 0.134539 0.975594 -0.163213 -0.3868 0.128023 2.36797 2.38395 1.25701 -0.528095 1.53775 
0.536708 0.202243 0.113318 1.40637 -1.3436 -0.937724 0.893461 -0.0535802 -0.856046 -1.56501 -0.991237 -0.924714 -1.40465 -0.107505 0.326712 0.435215 -0.24674 0.46946 0.0314831 0.373651 0.308148 0.952112 1.50989 0.679556 -0.23684 0.425615 0.231587 -0.137003 -0.177846 0.51312 0.570738 -0.0934252 0.0406731 -0.260595 -0.507844 -0.303043 -1.24838 -0.549202 1.34244 
0.545015 0.461461 0.3122 1.36562 -1.09558 -0.9165 1.29222 -0.0175455 -0.805594 -0.94868 -1.34086 -0.907574 -0.168482 -0.0508452 0.181429 0.139165 0.0144166 0.636276 -0.162328 0.469575 0.433307 -0.0703359 0.298539 -0.483402 -0.369733 -0.000567579 -0.260686 -0.149056 -0.326385 0.00572929 0.520892 0.233261 -0.259229 0.0946264 -1.34478 -1.24044 -0.634657 -0.0984081 -1.5087 
0.485863 0.383671 0.252483 1.42078 -0.70732 -1.10005 1.36304 0.379727 -0.926382 -1.26647 -1.47464 -1.29445 -1.40522 -0.368191 0.177656 0.10883 -0.24101 0.990352 0.264744 0.114422 0.402774 -0.392671 0.269447 0.0448989 -0.335248 -1.08308 -0.695549 0.18768 0.83594 -1.1965 0.663102 1.41283 -1.60292 -0.5857 0.0650705 0.451837 0.608928 0.0158747 0.54315 
0.176824 0.639117 0.42103 1.12461 -0.105228 -0.651756 1.40664 0.385229 -1.19827 -0.679232 -1.29596 -1.24282 -1.25157 -0.746394 0.369109 0.975105 -1.18208 1.29938 1.2505 -1.13335 -0.152393 -0.00526532 0.750376 0.125526 -0.353858 0.542582 -0.238398 -0.306233 0.867878 -0.945632 -0.541408 0.918671 -0.995632 -0.666075 0.377516 0.101021 0.139185 0.910828 2.40361 
-0.260531 0.75278 1.22759 0.2387 0.592058 0.150451 0.22969 0.227334 -0.931647 -0.516093 -1.34911 -1.64831 -0.86264 -0.606589 -0.128577 0.976708 -1.18664 0.448944 1.18341 -0.881211 -0.263301 -0.015155 0.370469 0.184084 0.575579 1.32053 0.396368 -1.06318 -1.02871 0.7832 -1.77517 -1.34097 1.21091 0.235375 -0.0965862 -0.88861 -0.265637 0.293708 -0.951786 
-0.429765 0.51054 1.39774 -0.0620329 0.343716 0.531658 0.525428 0.121928 -1.21342 -0.308764 -1.11188 -0.667243 0.0689598 -0.350026 -0.694072 -0.0536059 -0.398883 -0.475794 -0.0904652 0.077563 0.0829816 -0.101852 -0.138235 -0.140111 -0.0601503 -0.409204 0.212622 -0.346504 -1.39461 0.796757 -0.208516 -1.1668 1.00964 0.380468 0.0996109 0.322103 0.398428 -1.44387 -3.4452 
-0.610557 0.0587081 1.17398 -0.160183 0.116264 0.0599857 0.307253 0.310315 -1.0335 -0.654328 -1.48922 -1.70846 -1.27184 -0.393967 -0.475081 -0.417899 -0.389886 0.240428 0.0166184 0.12843 0.117167 0.0844559 0.692571 0.582511 -0.868286 -2.12467 0.0417656 0.373366 -0.178452 0.196231 0.922498 0.801252 0.959314 0.402653 2.09604 1.43061 1.13286 0.366314 0.371321 
-0.823732 0.0354594 0.979839 -0.451919 0.584143 0.548277 0.653858 0.239094 -1.12896 0.383807 -0.529365 -1.53553 -2.05571 -0.30826 -0.320706 -0.232058 -0.202652 0.446704 0.710787 1.03688 0.485635 1.99419 1.29238 0.992749 0.306164 -0.0378824 0.284657 0.22731 0.602552 0.771155 0.232543 0.332189 -0.462653 -0.0822733 1.46396 -0.913741 -1.09989 2.14148 4.67786 
-0.918818 -0.261998 0.941924 -0.362836 0.562968 0.770772 1.34413 0.79595 0.96069 0.638048 -0.496476 -1.40229 -1.30973 -0.10931 -0.247771 0.184653 0.381269 0.472971 0.348808 -0.334223 0.0348934 1.54841 -0.22117 -0.517384 1.27319 2.55319 0.292588 0.306086 0.209525 0.174647 -0.545101 -0.757056 -1.66902 -0.65954 -2.60643 -1.61351 -1.00781 1.30153 1.66207 
-0.933042 -0.212312 1.16449 -0.0706495 1.05711 0.897085 0.319635 0.273988 0.419449 0.162638 -1.04675 -0.262336 0.497473 -0.0156726 -0.0146195 -0.0225326 -0.0280051 -0.0983969 -0.046269 -0.632146 -0.173905 -0.612241 -0.32113 -0.0150567 1.60769 1.62419 0.0839911 -0.0040081 -0.614961 -1.03778 -1.22298 -0.552299 1.00312 0.157673 -2.26052 -0.477475 -0.487338 -0.912277 -2.2435 
-0.93449 -0.276617 0.919392 -0.390841 0.464571 0.724503 0.711984 0.622046 0.348449 0.316918 -0.511533 0.2054 0.31446 -0.0253188 -0.251779 -0.430307 -0.656516 -0.750006 -0.203491 0.668896 0.192567 -0.712108 -0.698644 -1.00472 0.360916 0.30969 -0.043811 -0.103096 0.0740167 0.127292 0.32278 -0.143068 0.697511 0.992383 1.42996 0.509649 0.62879 -0.559288 -1.21483 
-0.95836 -0.464091 0.734185 -0.727165 0.307108 0.693594 0.988531 0.466555 -0.292659 -0.536006 -2.05147 0.09858 0.807163 -0.0594835 -0.117716 0.0514841 0.0992871 0.224383 -0.189337 0.0653646 0.818479 0.817719 0.188519 0.613733 1.0484 0.409357 -0.043536 0.316413 0.386845 0.589089 1.19246 0.267291 -0.406759 0.465402 1.96768 2.1921 3.22918 -0.852257 -1.25158 
-0.993974 -0.394333 0.970876 -0.291554 0.688954 0.535166 0.777349 1.44052 1.16617 0.505437 0.102201 1.25381 0.723817 -0.0688548 0.0646341 -0.043462 -0.0674264 0.442458 0.0638002 0.262137 0.657969 1.25558 1.49345 2.22446 -0.491341 -0.941893 0.00172969 -0.148593 -0.497614 -0.533218 -0.087736 0.182278 -0.090945 -1.40874 -0.847085 0.163649 -0.719479 -1.46884 -0.498164 
-1.02722 -0.399457 0.690723 -0.794592 0.749566 0.757394 1.25067 1.12452 0.962919 0.957446 0.172988 -0.392761 -0.13473 -0.0577539 -0.266308 -0.44613 -0.433931 0.136647 -0.007059 -0.0255804 -0.590258 -0.0293658 0.352168 -0.105746 -0.42043 -0.0888067 0.11046 -0.18746 -0.137313 0.212325 -0.497498 -0.227972 0.112473 -0.58061 -1.53059 -1.3251 -3.05525 0.784866 1.19897 
-1.05173 -0.660641 0.524746 -0.725484 0.825601 0.528107 0.751769 0.850266 1.1368 0.857606 -0.00354493 0.833375 0.63501 0.0416052 -0.122826 -0.180775 0.144898 -0.0550398 -0.164172 0.37461 0.0773582 -0.275012 0.168353 -0.830788 0.293526 0.257078 0.165934 0.413137 0.406002 0.556796 -0.612462 -0.0687823 -0.073324 0.20476 -1.21334 -0.797822 -1.52911 -1.23152 -1.49735 
-0.98561 -0.522283 0.509948 -0.649693 0.694527 0.593222 1.62528 1.20188 0.687906 1.1258 -0.6578 -0.0992352 0.122348 0.10818 0.146829 -0.0401277 0.122866 -0.475815 -0.0758413 -0.0989044 -0.385498 -1.24271 -0.445653 -1.63485 -1.65195 -1.58616 -0.0279859 0.267587 0.337125 -0.111132 0.0221771 0.329617 -0.431314 -0.151129 -1.28634 -1.04907 1.14983 -0.0484632 -0.667842 
-0.943548 -0.513812 0.484618 -0.602618 0.349786 0.452266 0.652864 0.464768 -0.105907 0.411953 -1.6384 -0.818573 -0.951149 0.0136193 0.144761 0.15635 0.0337661 -0.0328627 0.165445 -0.0567045 -0.0737706 -1.56135 -0.880716 0.319044 0.245062 -0.410763 -0.13685 -0.252934 -0.104347 -0.229433 0.829451 0.312389 0.86074 0.890987 1.7257 0.82756 3.05679 2.57628 1.71639 
-0.971991 -0.377522 0.666297 -0.615927 0.661664 0.758667 1.56857 1.12811 -0.873445 0.245083 -0.338756 0.145827 -0.288415 -0.0286699 -0.106105 -0.144475 -0.106568 0.353636 0.236548 0.761835 0.505489 0.48299 0.381906 1.42194 0.924335 0.130232 -0.0247984 -0.48904 -0.454819 -0.0628605 -0.0793331 -0.0207605 -0.575909 -0.470971 3.25011 1.87679 -0.567283 -0.151092 -0.247291 
-0.972217 -0.619918 0.340143 -0.709186 0.703422 0.688814 1.4147 0.970257 0.377083 0.793859 -0.216459 0.105762 -0.820917 -0.0111791 -0.34428 -0.298469 -0.0290944 -0.112196 0.144685 -0.632614 -0.544742 1.68876 0.996072 -0.248239 0.0939709 -0.658054 -0.0569812 0.350586 0.610021 0.355878 -0.426499 -0.183715 -0.964235 -0.414147 -0.134251 -0.308774 -1.38843 -0.0921005 1.48708 
-0.98317 -0.721802 0.367829 -0.645022 0.549468 0.903352 0.935959 0.583369 0.815316 1.24115 -0.586995 0.239798 -0.946469 -0.0856511 0.244481 0.465546 0.24931 -0.0728629 0.0528334 -0.2024 0.0913417 0.348739 0.0731318 0.0335049 0.832234 1.61731 0.0338466 0.551143 0.628001 0.0544168 0.332044 -0.380715 0.468318 0.645745 -1.3126 -1.49118 -0.475542 -0.181372 1.1725 
-1.05787 -0.375437 0.80569 -0.459876 0.630559 0.741647 1.2123 1.0616 0.725822 0.866991 -0.182954 0.937996 0.796394 0.0226675 0.206863 0.329532 0.0253224 0.219848 -0.23603 -0.164296 0.101003 0.376158 -0.495104 -0.723781 -0.0874006 0.514445 0.178639 -0.484062 -1.01889 -0.580117 -0.115061 -0.498106 -0.733741 -0.112664 -0.201124 -0.444569 -0.870446 -1.41972 -2.32341 