0.454053 0.541287 0.480443 -1.16127 0.203921 -0.31074 -0.62007 0.16238 0.419152 -0.415855 0.324535 -0.0700929 -0.167685 0.984258 0.407522 1.70654 1.96503 -0.471804 -2.06686 -1.68477 -1.07087 1.41992 0.553875 0.140175 -1.26869 -1.06306 -0.502596 -0.582675 -2.79566 -0.993758 -1.31226 -1.24198 -1.42032 -4.11515 -2.36933 0.748438 -2.62799 0.03346 0.876992 
0.174851 -0.121779 0.329452 1.04319 -0.218461 -2.15732 -1.88511 -1.73521 0.438166 0.385471 0.620097 -0.09479 -1.37534 -0.7638 -0.362914 -1.63362 0.0236235 -0.696775 -1.29292 -0.0979252 -0.806508 0.196007 1.2476 -0.762435 -0.270329 0.0358447 0.417935 1.6451 -0.798985 -2.44514 1.15436 5.39458 4.14969 3.03998 -0.290547 -1.74515 -2.28579 0.462623 2.29649 
-0.309748 0.178373 -1.15318 -1.13765 -0.492853 -1.60366 -0.717995 -0.644129 0.615159 0.83174 -0.437899 -0.340422 -0.13184 1.40219 2.05262 0.90755 -0.480106 0.682552 3.32772 2.46492 1.96911 1.12938 -1.19128 -2.14561 -0.806069 1.23343 1.12459 0.238922 3.38643 1.87842 1.32494 2.24472 1.25975 2.70677 -0.288043 -1.7338 0.880566 0.233124 -0.100429 
1.57704 1.93084 1.237 0.563087 0.464091 1.1704 0.57981 0.233905 1.56754 -0.805809 -1.52552 -0.900859 -0.141911 0.360792 -0.123992 1.75281 1.90205 0.628164 0.951802 1.16183 1.90026 -0.0920359 -0.486206 0.118132 -0.0372045 -0.0645844 -3.81178 -4.55372 -2.69207 0.933197 0.644606 -3.56459 -2.65806 -0.531969 -1.81919 1.31957 2.22143 0.365319 -0.850423 
0.0510444 0.0543802 0.599637 0.764402 0.13531 -0.651854 0.443833 1.25614 0.523123 0.345534 -0.319768 -0.377626 -0.196424 -2.40958 -2.5011 -1.78452 0.453091 1.32716 -0.236867 -0.193144 1.43714 -0.689811 0.128285 0.0758222 -0.440749 0.383003 -1.54245 -1.0748 -3.78895 -3.6609 -0.650833 -0.372237 -1.10034 -1.59396 0.704238 1.35986 0.6243 0.390545 2.34658 
-0.832538 -0.570259 -0.547519 1.01618 1.79125 0.933538 0.386666 1.67105 0.87773 -0.677524 -1.44969 -1.34161 0.241091 -1.18166 -1.19879 -2.03614 -1.75885 -0.0226693 0.579565 0.0614885 0.306306 0.612202 0.873655 0.742431 0.353341 2.282 3.53282 2.19578 0.363304 -1.55528 -2.42469 -1.94289 -1.80474 -4.73481 -2.49822 -1.24022 0.600215 -0.386221 -1.08133 
-1.13062 -1.14441 -1.4365 -0.994447 0.112641 -0.0722892 0.505322 1.56244 1.13533 1.21919 0.422663 -0.0242855 2.08557 1.12324 -0.305316 -1.42122 -1.10219 -1.09753 -2.17976 -1.99789 -3.29767 -3.18803 -1.11194 0.676037 -0.82697 -0.698323 1.98043 2.03367 2.7035 4.11946 1.42463 0.146961 -0.468458 -2.66539 -1.92784 -1.0146 -1.17231 -0.832105 -3.03265 
0.290703 -0.875575 -1.96874 -0.0860075 0.693719 -1.24622 -1.61122 -1.62662 -2.3103 -1.78946 -0.773656 -2.16858 -0.457232 0.798771 0.834885 0.66736 2.36062 1.40196 0.726525 -0.40697 -2.35908 -1.31564 -0.140944 -0.429874 -0.478765 -0.750654 -1.06655 2.57929 3.86144 0.690731 0.190278 2.01757 3.26289 5.3076 5.69685 3.0627 -0.0903407 3.07686 1.90172 
-0.331847 -0.309524 -0.769139 1.36617 1.5146 0.654236 0.0983523 -0.796637 -0.180312 1.07824 -0.00721056 -0.50305 1.33492 0.0566909 2.27397 2.44022 -0.411454 -0.907252 -0.162185 1.265 2.00994 2.50881 1.95076 0.585696 2.24988 1.2034 -2.3103 0.0135045 0.936992 -4.92285 -2.42335 -1.26087 0.301451 4.69578 0.713674 -3.3217 -0.960077 0.614602 -1.26882 
0.347394 1.3984 0.471485 -0.497461 -0.213534 -1.40841 -0.346218 0.383319 0.198511 0.1613 -0.18796 0.0813064 0.746169 -1.51153 0.848389 1.60435 -2.56224 -1.02139 -0.534343 -0.105518 2.3367 -0.601964 -3.46264 -1.38995 0.135837 -2.01948 -0.747719 -3.11731 -1.86036 1.52162 2.4031 3.42026 0.648254 -1.87941 -3.15385 -2.03075 -1.04521 -3.84815 -4.23296 
-1.84337 0.538865 0.835213 -1.19607 0.493214 0.119893 -0.00716609 1.54006 -0.782276 -2.3844 -1.39716 -0.367213 -0.684559 -0.691028 -0.843337 0.579862 1.11016 1.49585 3.25807 1.91326 0.130524 -0.645031 -0.0799908 -0.459514 -1.59826 -3.02956 3.04338 -1.20251 -1.5184 3.96248 0.617054 0.310421 0.590369 -3.57953 1.20971 5.12317 1.11887 -0.496637 2.57719 
-0.343634 0.55506 1.05135 0.612703 1.28232 1.84967 1.56704 0.513843 -0.44652 0.0813091 -0.647474 -1.51696 -2.28339 1.53185 -0.354121 0.0859556 1.40025 -0.404334 -0.223922 0.484851 -1.24283 0.607748 1.66053 -0.27108 -0.3608 0.557711 0.785566 -0.00786771 0.140165 -0.889671 -3.13777 -4.94083 -2.01217 -0.159847 0.0100099 -0.374107 0.928993 4.22979 6.19116 
-0.311523 0.184744 0.921169 0.204181 0.0888797 -0.104029 0.477685 0.29723 -0.174529 -0.723865 -1.66824 -0.728013 -0.126848 0.0945386 -0.851204 0.720027 0.220494 -1.64192 -1.68276 -0.098919 -0.0293233 -0.635021 -0.454098 0.469479 2.63153 3.1616 -2.22793 -0.785696 -1.32169 -2.67116 -0.600263 1.2014 -1.07594 0.0509171 -0.551771 -0.830656 1.35974 0.0737034 -1.65501 
-0.249095 -0.296145 1.77137 0.833197 -0.359606 0.166909 1.46812 0.48452 -1.08154 -0.372789 -0.177995 1.11457 0.878205 -0.696077 -1.13982 -1.23573 -1.27091 -1.0046 0.977479 -0.591084 -1.19191 0.0559764 0.829876 1.08866 -0.287097 -1.0973 -2.30319 0.880566 -1.90884 -0.0286252 4.95221 2.64793 -0.624732 -0.599151 -0.149251 0.703692 -0.183908 -4.99098 -2.45583 
-1.0076 -0.955072 -0.314561 -1.06673 -0.915718 0.87345 -0.113399 -0.894684 -0.118552 0.106011 -0.579585 -1.01511 -1.22415 -2.20865 0.0293611 -1.18881 0.191868 3.31029 0.965174 -0.723651 -0.628475 -0.784273 0.249594 0.285571 -2.35945 0.705773 0.333804 1.49366 1.71378 1.29664 2.11221 -1.43088 0.333572 2.40219 0.664926 0.0177064 1.0354 1.71624 3.66513 
-2.45774 -0.266784 0.582563 1.02506 2.95068 1.13208 0.744467 -0.143955 -1.86581 -0.123194 0.107576 -1.24488 1.58398 -0.362273 0.35384 0.478045 0.0257227 1.10761 -0.453406 -0.257513 1.21028 0.720902 0.847582 2.12406 1.42914 2.56783 5.64886 0.0500472 -0.428673 -1.54956 -4.57573 -0.952221 0.437734 1.05999 1.67358 -0.426145 0.584942 4.87519 -1.24247 
-1.36987 -0.601232 0.163484 -1.04101 0.191892 0.420044 -0.370912 0.315595 0.60235 0.953593 1.54447 0.414033 1.34368 3.44021 0.0794083 -1.61748 -1.35769 -1.26544 0.0129529 -0.285917 0.43152 0.889311 -0.176551 0.870512 2.51574 -0.5367 1.19269 0.0178279 0.154677 1.53307 -0.422638 0.122535 1.61417 -0.708674 -0.219273 -0.497496 -2.30924 -0.522703 -2.44592 
0.982465 -0.187376 -1.03492 -0.332626 1.68525 1.14504 0.458551 0.287565 -0.976504 -0.299745 0.978088 1.27086 1.04728 0.830418 0.371668 0.632722 1.55879 0.684973 -0.33087 1.35666 0.501604 0.501629 0.350086 -0.18518 0.90644 0.121911 -3.50517 0.248866 1.83858 0.684572 -0.118325 -0.236414 -0.268439 -1.39783 2.1224 2.39981 -1.62598 -3.48391 0.133384 
-0.539455 -0.229565 0.796207 0.517786 0.876865 0.089174 0.985744 0.817199 1.10398 1.30368 1.35929 1.32047 1.46559 -0.0649615 0.328275 0.221092 -0.673119 -1.38376 -0.223461 -0.554355 -0.966311 3.01171 2.22326 -0.755464 -0.968166 -0.403317 -0.646415 0.43076 -0.238524 -1.79783 -0.913742 -0.0246137 -1.44683 -0.816011 -2.01157 -2.15135 -1.2824 -1.28416 -1.09378 
0.917503 0.140899 -0.813829 -1.00574 0.301482 0.921576 -0.0958046 -0.678746 2.03521 1.92352 0.222625 0.302694 0.64396 0.184003 0.802428 0.394198 -0.239037 -0.228769 -0.355484 -0.0901763 -0.314407 -1.50994 -1.80126 -1.46758 -0.377715 -0.971865 -2.95997 -0.740982 2.52193 3.28146 2.09861 0.39555 2.00869 2.36851 -5.1377 -5.35757 0.106559 0.467966 -1.00953 
-0.355452 0.572864 1.1904 0.278748 0.648095 -0.26631 0.895568 0.502792 -0.405965 -0.497582 -0.108287 0.942758 0.493725 -3.02493 -0.412707 2.74302 2.60834 0.714845 0.172089 1.45433 1.4022 -2.12599 -3.13431 -0.648905 -0.500201 -1.41285 -2.00449 -2.86968 -2.45332 -0.0819135 -0.258294 0.471647 0.191631 -0.372444 1.35064 1.70264 1.50128 -0.120807 -0.764068 
-2.10743 -0.271808 1.92919 1.60259 1.01633 1.09366 1.35853 0.723457 -0.0907788 -1.21079 -0.426281 -0.197507 -0.768886 -1.82048 -2.06725 -2.05912 -0.320951 -0.487063 0.116163 0.101455 -0.686851 -0.159303 -0.0986211 0.0337067 -0.498523 -1.73593 5.4076 0.146765 -5.511 -4.19125 -2.48564 -1.40204 -1.36354 -2.01494 0.805524 3.16861 0.234256 0.148903 2.59011 
-2.17594 -1.49438 -0.868714 -0.0422025 0.161032 -0.150147 0.997022 -0.184059 -0.565268 -0.596203 -0.0745804 0.444235 -1.24221 2.38267 -0.265943 -2.76798 -1.58291 -1.77079 -1.22995 0.0907974 -0.61274 -1.32046 0.0343004 -0.414649 -0.351298 1.17727 3.56753 1.99257 1.80084 0.00794457 0.441885 1.23128 -0.499365 0.210156 -0.554637 -0.849508 0.165069 -1.07569 2.85399 
0.275246 -0.537751 -0.838784 0.0196873 -0.754466 -0.136287 1.44933 0.110718 -1.41124 -1.17649 -0.84093 -0.548805 0.408381 1.74704 -0.074678 -0.258278 -0.313006 -0.0451779 1.34744 -0.39791 -0.476695 -0.713939 -0.948129 0.198776 -1.57421 1.11806 -2.14542 -1.11111 1.2672 0.364035 1.50298 0.942691 -1.16551 1.12896 2.07964 0.108618 0.820538 0.37152 -0.550714 
-0.428891 -1.56906 -1.12699 -0.355209 0.115854 1.19729 0.599112 -0.660754 -1.27921 -1.54433 0.124196 -1.12998 -0.124149 0.237248 -1.37705 -1.50078 -1.21887 -0.267815 -0.28726 -1.07471 0.516222 0.759179 0.142919 0.405889 0.0202222 0.626554 -0.734879 2.49277 1.74563 0.595237 -0.604818 -2.93774 -1.4333 0.307507 3.5392 3.70169 -1.10352 2.9372 0.417223 
0.512495 -1.9148 -2.33956 -1.19919 -1.02228 -0.423547 0.374613 0.626939 -0.652063 -1.03357 -0.435041 -0.528583 1.03493 1.01216 2.4181 1.48735 0.282231 -0.649996 -1.5903 -1.83121 -0.169188 2.82526 2.75356 -0.904743 1.36299 1.53528 0.241585 4.14453 4.24529 3.34156 2.65534 2.20467 0.575992 -2.20667 -0.694702 1.12269 0.54247 1.66943 -1.58119 
0.583274 0.849035 0.360362 -0.0729782 -0.534142 -0.393007 -1.2321 -0.829941 1.54606 1.20923 -0.780548 0.233013 1.41113 0.478834 2.76748 2.74451 2.12269 2.38753 1.9174 -0.498721 -1.69045 0.0644768 1.26561 0.948358 1.68965 -0.954637 0.372519 -2.06339 -1.61755 -0.309199 1.49412 2.74934 2.69683 -0.114448 -3.75191 -2.75325 2.26179 -0.994025 -2.36002 
0.991328 0.852672 0.404946 0.923505 1.36525 1.49386 -0.124107 -1.06351 -0.587586 0.23204 0.513317 1.16107 0.0802977 1.38468 0.354709 -0.130192 -0.0269689 0.844129 1.15904 0.865622 -0.283636 -0.926647 0.000314 1.35705 0.368966 -0.82474 -2.77197 -4.91565 -3.1187 -1.37118 -3.30922 -3.53497 -0.0264711 2.3984 1.99868 -1.09783 -1.04168 -1.5595 2.97309 
1.96796 1.20374 0.23017 -0.0999472 0.309987 0.766036 -0.366476 -1.11358 0.61941 1.20954 0.576499 0.601979 0.586392 -2.29314 -2.14817 -0.37419 0.751515 -0.92169 -1.61757 -0.525192 0.707952 2.06316 0.16778 -0.0933202 0.130156 2.01846 -3.15519 -1.94635 0.679259 1.15136 -1.45244 -2.78538 -2.15996 0.232351 1.1958 0.228509 0.124361 -0.302708 -0.363902 
-1.30181 -1.2955 0.0307565 1.67502 0.443556 -0.123712 -0.649299 -0.355562 1.47557 0.39982 0.419997 1.29123 2.09875 -1.7705 -1.59164 0.549066 1.12439 -0.608309 -1.62634 -1.29434 -0.0512847 0.269158 0.228823 1.48141 0.0662579 -1.18864 5.00739 6.41755 1.59863 -1.66419 0.1763 1.14653 -0.968813 -0.591802 -3.12775 -0.278785 0.0614327 -1.97733 -3.72046 
0.197456 -0.387893 0.779236 1.02445 -0.298322 -0.860299 -1.66081 -1.16486 0.888568 1.43836 2.05791 0.668237 -0.602251 2.71425 4.26938 1.22444 -0.912675 -0.74539 -0.471035 -1.494 0.11615 -1.06459 -0.111005 -0.0318876 -1.84717 -1.702 2.90602 3.55313 -0.791642 -2.94328 0.524479 1.35742 1.7103 1.55115 -1.61554 -1.80385 -3.2103 0.108546 1.86453 
1.41244 2.97388 1.2552 0.762345 -0.301834 -0.594747 -2.1433 -0.239413 0.41098 0.288815 0.38811 -0.555945 0.396754 1.13552 1.9615 -0.242576 -1.81888 -0.0838301 -0.268918 0.415961 1.49986 -1.34638 -1.57503 -1.7289 0.174803 0.675883 -3.8147 -5.89875 -2.44001 -1.11198 0.0374797 -0.0669286 2.83694 0.934395 2.1826 0.779222 0.0544598 4.82369 3.29606 
1.33297 1.5736 0.536661 -0.794439 -0.382152 -1.12922 -1.24485 0.335001 -0.457811 -0.136662 0.329011 0.84304 0.0736324 -1.10045 -1.62937 -1.21557 -2.02466 -0.70791 -0.537964 1.34293 1.05054 1.118 0.668217 0.0225722 2.97652 1.59406 -2.48131 -2.55481 -0.502785 1.8072 0.604559 0.08752 0.812415 -1.00981 2.68643 0.833846 1.42993 0.68301 -0.403763 
0.311982 1.34451 0.0396302 -1.26231 -1.00974 -1.13271 -0.80037 0.811132 1.52898 0.957032 0.410682 2.42057 1.99082 -1.3458 -0.593314 -0.745361 -0.0116887 0.520729 -0.181398 1.22838 0.490057 1.34005 -0.74118 -0.298969 0.857813 0.27212 -0.218433 -0.568116 -0.235619 2.28425 0.917332 1.41547 -0.987969 -1.3798 -2.13907 -1.85114 -0.468585 -4.12803 -1.83995 
-0.0128258 0.980289 -0.2087 -0.806127 0.138577 -1.31062 -0.0164764 0.825058 0.882241 -0.877842 0.0300419 1.70085 0.345753 -1.31889 -2.19749 -1.45119 0.259592 0.209422 0.877501 0.354965 -0.329251 -1.02107 -1.18292 -0.446013 -1.15151 -0.24589 1.08692 0.149669 0.745118 0.395148 -1.35463 1.51124 -0.560509 0.0374422 -1.37542 2.11453 0.709322 -2.63434 -1.08144 
-1.00691 -0.852979 -1.41156 -1.00272 -0.800322 -0.25521 -0.445404 0.481881 0.507919 -0.225892 -0.0353308 1.26906 1.74493 -0.258881 -0.443645 -0.000243299 0.383459 -0.8339 1.32984 0.667867 0.527499 -0.0353704 1.37335 0.410353 -1.77653 -0.809316 1.75157 2.17319 2.58698 -0.11632 -1.47078 -1.23967 0.233399 -0.803049 0.0701838 2.49414 0.210967 -0.365725 -1.06887 
-0.271707 0.536644 -0.208944 -0.422668 -0.695323 0.0192268 0.651391 1.35256 0.84687 0.49551 0.440395 -0.0756731 -0.463563 0.432684 -0.0242942 1.13579 0.143271 -1.26136 -0.362169 0.588365 -1.1323 -0.950882 1.31122 -0.235045 -1.51723 -1.31476 0.635902 0.0464391 -0.0346727 0.777746 1.45748 -1.8228 -0.941655 -3.19365 -2.40106 -1.06602 0.583548 1.38728 0.333846 
-0.574222 -0.877273 -0.275762 -0.859449 -2.06168 -0.617379 0.14296 -0.650418 -0.442963 1.08532 -0.270376 -0.248168 0.43017 0.377021 -0.397206 -0.034916 1.16121 0.623582 -0.49296 -0.273788 -2.66615 -2.43643 0.307329 0.993901 -0.389246 -0.47547 -0.483181 0.0107336 -0.753581 0.0235654 2.6335 2.00431 0.452707 0.735029 1.65309 -0.441499 1.2505 2.06959 0.764245 
0.105314 0.139438 -0.24386 0.738537 -0.0717412 -0.473733 0.377603 -1.31359 -1.58956 0.802839 1.4343 -0.464919 -0.939032 -0.0504975 -0.0135606 0.382212 0.166837 1.37214 1.64215 1.04107 -0.39727 0.702206 0.869717 1.01546 0.552358 -0.550511 0.516064 0.26013 -0.34343 -1.31599 0.0276813 1.31492 0.643844 5.67712 5.31403 0.215602 -0.206043 1.79463 2.44693 
-0.624719 -0.890833 0.10645 -0.692612 -0.689546 1.02477 1.18403 -1.04769 0.259243 1.95504 0.74508 0.30419 -0.120341 0.893085 -0.137076 -0.378346 -0.154787 0.651263 0.821956 0.370056 3.01097 2.8776 0.522931 0.787859 1.40539 1.97146 1.17278 1.71936 0.394483 2.45784 -0.726934 -3.28537 -1.67014 2.46936 0.198417 -2.56608 0.35634 0.4453 0.755092 
0.998399 0.00236268 -0.622205 0.58375 0.579522 0.348223 0.747659 1.69738 1.28804 1.32577 2.22215 0.940466 1.03243 1.12228 1.7058 0.776695 2.62468 0.645202 -1.64322 -0.629069 2.07209 0.900624 -1.69636 1.3718 0.997658 0.204582 -0.560354 1.46622 2.27202 1.14134 -1.02211 -1.93608 -0.518061 -1.92076 -3.52478 -1.51365 -2.08503 -1.74419 -3.35911 
0.49756 0.814966 0.883145 1.93206 -0.0443447 -0.618456 0.554963 1.0244 1.15987 0.258679 2.11688 1.30185 0.0842408 0.332731 1.32914 1.89368 0.986548 -0.370848 -1.11412 -0.148005 1.09021 -0.647183 -0.990722 -1.29717 -0.338804 -1.38764 -0.0526626 -0.937104 -0.510346 -3.55409 -0.730782 3.31005 1.24868 -1.95486 -1.06818 2.57663 -2.31273 -2.09708 -0.498642 
1.33113 1.33151 1.27147 1.5703 0.208673 -0.765902 0.599654 2.78759 0.640857 0.335049 0.924983 0.601662 -0.35521 1.06962 0.768695 0.26635 -0.929412 -0.08558 1.66683 0.619612 0.117231 -0.167552 0.880266 -0.940936 -1.09942 -0.29406 -1.54418 -2.58365 -1.69599 -2.04913 1.17793 3.3716 -1.03862 -5.30993 0.575949 0.964541 0.489368 -0.440514 1.80085 
1.56718 1.58366 1.1495 1.00265 -0.129925 1.04837 1.17457 1.14163 0.992315 1.13894 1.17594 0.202426 -0.209819 -1.21145 -1.25451 0.19769 -1.06259 0.807085 2.25748 -1.18663 -4.21972 -0.0712346 -0.0261815 -0.807803 -0.779318 0.413206 -3.6145 -3.12632 -3.17172 -0.818926 1.64846 -0.0929455 -0.374739 -0.559495 0.409626 -0.877774 0.121153 0.324701 -0.363503 
0.119676 0.076997 1.46916 0.507712 1.01576 1.49157 -0.586972 -1.43213 0.569623 0.308867 0.11718 -0.177655 0.0579953 -2.54489 -2.35762 -2.90537 -1.74834 1.56288 1.57388 0.244873 -0.442264 0.242075 0.00249212 -0.819783 -0.77472 -0.657563 1.53396 2.08321 -1.76431 1.06892 -0.467147 -2.80257 1.79365 6.50094 1.24737 0.0221204 0.679743 0.359528 -0.815754 
-0.977707 -0.77396 -1.75587 -0.745686 1.43296 2.62225 1.41945 0.699366 1.23439 1.14144 0.356156 -0.572294 -0.867383 0.322509 0.828702 -1.56662 0.00633022 0.339939 -0.545091 0.607025 2.28123 1.17613 -0.00406104 -0.128061 -0.419789 -0.402548 4.39302 4.71452 6.1358 1.95952 -2.33668 -2.48639 -1.30131 0.728672 -1.27985 -1.55779 -0.546182 2.05019 1.90739 
0.442185 0.905699 -0.0974595 0.514042 1.3557 0.946484 0.0200525 0.849098 1.74576 0.304806 -0.0108805 -0.597444 -0.344553 1.84813 2.3569 3.23043 0.211182 -0.773797 -0.912506 -1.05644 0.286407 -1.03777 -1.5553 -1.36597 1.27547 1.24983 -2.03817 -3.17575 2.67371 -0.99047 -2.25958 0.341212 -1.59079 -3.68349 -3.83734 -2.52686 -0.991698 1.3318 0.471345 
0.870423 1.58294 1.47456 -0.534503 0.659163 1.70974 0.363012 0.985774 0.19662 -0.413863 -1.00981 0.703172 0.382449 -1.71566 -2.34704 1.10709 -0.98414 -1.91964 -0.203879 -0.983763 -1.40227 -2.6612 -2.53092 -1.11976 0.91201 0.0687962 -1.31934 -2.74087 -4.39429 1.2569 0.554385 -0.260896 1.92644 -1.49783 0.810195 1.15502 0.848261 -2.96885 -2.35107 
-1.27347 -1.44134 1.00963 -0.470097 -0.563943 0.742606 -0.96371 -0.553171 -0.915445 -2.22611 -1.13064 0.314566 -0.275757 0.528794 -0.383968 -1.16385 1.46808 -0.219412 -1.1734 0.87 -1.21142 -0.227576 -0.400281 -0.517704 -1.69338 -1.10124 4.86898 5.0915 -0.564246 3.53541 3.50951 0.447448 1.90004 1.46678 3.60162 4.99807 2.05378 -0.758609 0.168394 
1.39922 1.19897 0.310704 0.933577 0.439751 0.536342 1.23301 -0.225651 -0.0309561 -0.814144 -1.52751 -0.990206 -0.718786 3.15332 2.74446 0.542848 2.55127 1.58987 0.24357 0.91628 0.0645164 0.940419 2.46715 0.934021 0.153402 0.237191 -1.47157 -0.203495 -0.0703461 -2.38551 0.162367 2.41015 -1.3111 2.00327 -0.333118 1.14659 3.15192 2.59279 1.02743 
1.87984 1.30312 1.55248 2.08117 1.02593 0.986176 -0.0474301 -0.488654 0.0249735 0.241037 -0.196618 0.467967 -0.0385663 -0.942772 -0.587463 -1.2342 -0.917431 -0.0570455 1.23675 -0.4411 0.791847 -0.560694 0.74631 2.63421 0.899408 -0.0738038 -3.9226 -3.84631 -1.69142 -4.11225 -2.62716 -1.6393 -1.81174 -0.269289 -1.72952 -1.88868 0.680467 0.392464 0.366928 
0.456446 0.611511 -0.923496 0.0161454 0.382705 1.77309 0.791911 0.566197 -0.59165 -0.0678335 1.1067 -0.0907979 -0.79259 -0.769278 -1.10185 -1.14857 -1.56098 -1.03729 -1.39573 -0.895458 -0.204773 -0.789099 0.578476 1.61449 0.545866 0.604119 0.5104 -0.296708 1.21608 -0.91054 -1.8142 -5.05287 -1.98522 -3.16389 -0.430407 -2.21219 -5.3055 -1.78902 -0.161649 
1.11057 0.201266 0.403911 0.520197 -0.0113638 -0.409558 -0.942888 -0.693427 -0.764125 0.819513 1.41787 1.01383 0.565552 -0.432371 -0.88417 -0.0181178 -1.82797 -1.87124 -3.81612 -2.42632 -2.37205 -0.9911 -1.46588 -2.67129 -0.889616 -0.235453 -0.0858714 0.996257 0.19437 0.81992 0.540782 1.30804 1.58822 1.15639 1.29852 -1.65615 -2.20056 -0.415309 -1.31467 
0.0240745 -0.272659 -0.941614 -1.81183 -1.48854 -2.04303 -1.63441 -1.80585 -1.58275 -1.53372 -1.56459 -0.980414 -1.02804 -0.855149 -0.105593 -0.954202 -0.741057 -0.496508 -0.0876972 0.692766 0.951615 0.50942 -1.07767 -0.586069 0.130556 -0.710551 -0.334064 0.67425 2.06302 3.65539 2.27028 6.21821 3.1814 4.60316 3.83529 2.89367 4.28359 1.8732 1.64692 
0.255417 0.0956729 -0.550291 -0.22086 -0.507872 -0.497255 -0.250122 0.258188 -0.254705 -0.258157 0.831801 1.14439 -0.144998 -0.766436 -0.20992 2.04491 1.82742 0.399041 2.40209 0.755074 2.23111 2.84419 1.42779 1.6123 0.983589 1.41147 -1.52488 -2.87671 -0.11407 -1.52691 -1.96955 -0.809614 -0.509387 -2.63295 -1.3437 0.207791 -0.480205 -2.23216 -0.66981 
-0.742361 -0.482579 1.10329 0.0155895 -1.0895 0.359063 -0.879336 0.42526 1.26144 -0.105924 0.047715 0.00317493 0.383425 -2.38003 -2.9823 -1.06827 -2.26796 -2.46605 -0.897311 0.183379 -1.68134 -0.834284 -0.869879 -1.06627 -2.1016 -1.38036 0.73277 0.551676 -2.70523 -2.67421 -0.832592 -3.73313 0.614372 -1.83324 -3.48242 -0.754048 -0.876426 -0.639773 -2.7894 
-2.12462 -2.88663 -1.61856 -2.48882 -2.97393 -1.39457 -0.066743 -1.42315 -1.08899 -1.12804 -0.234473 -0.957215 -1.52536 -0.033665 0.341756 -0.660329 -0.846791 -0.433551 -1.33104 1.36945 0.397873 -0.638226 0.673744 0.735879 0.343816 -1.37794 4.06497 5.86736 3.2419 3.90899 4.45777 0.974291 0.0673374 3.13224 2.67328 1.7234 1.11038 3.19983 2.9443 
-0.776026 -0.140823 0.442963 -0.831201 -1.52305 -0.97198 0.490111 0.823134 0.623218 0.56782 0.783594 0.346991 -0.994511 1.68493 2.88506 2.17363 1.64102 1.99171 0.0769807 0.250716 1.4509 1.839 0.853523 0.0441098 1.09823 1.56394 -0.849714 -1.25653 0.635328 0.735672 -0.135807 1.29845 -5.01532 -2.42049 -0.330654 -3.42665 -5.34368 -3.81601 0.109467 
-0.439685 -0.00157161 0.555063 -0.847798 -0.982212 -1.31758 0.183973 0.0277533 0.750006 -0.274513 -0.190363 0.141014 0.0385794 -0.883379 -0.914774 -0.0250005 -0.111118 -0.569358 -0.0325971 -3.64587 -2.02262 -0.968881 -2.75291 -4.6078 -3.47219 -1.26847 -1.27627 -2.99753 -3.12766 -0.850832 -1.01045 1.0938 -2.69273 -2.13503 -4.24531 -1.39877 0.193881 -0.979889 -1.78499 
-1.6594 -1.0556 0.417962 -0.94232 -2.09241 -1.00458 -3.15576 -1.19949 -0.345663 -2.18509 -3.8242 -3.1252 -2.26298 0.408665 -0.112473 -0.954039 0.790193 0.981259 1.17078 -2.44201 -0.684126 -2.40632 -0.545251 0.237991 0.11834 -0.221056 2.96108 2.64578 -0.229876 1.31726 4.12147 2.0278 7.61424 4.02401 2.09935 6.02709 8.3693 5.50225 1.97701 
-0.0310198 -0.114045 -0.398976 -0.0576057 -0.000952774 -0.146803 -2.25804 -0.656373 -1.65631 -0.819765 0.0476274 0.259354 -0.182476 2.0777 1.73101 -0.254877 1.20614 3.55211 1.9952 3.96837 2.00139 1.13046 3.27418 3.7615 2.03006 0.708544 0.304203 1.10329 1.44357 0.387068 0.0422474 -0.733582 5.16321 2.06336 3.91956 2.96362 0.20805 -0.217511 -0.0972663 
0.418293 0.675413 0.163086 0.263824 1.4597 0.990626 0.812614 0.801908 0.784802 1.0891 -0.0627035 -1.09515 -1.55444 0.712868 0.990813 0.489534 1.17726 1.02351 0.4372 2.7212 1.37923 1.51324 2.41837 0.446041 -0.0991711 -0.318322 -2.69806 -2.77465 -0.188573 -0.794787 -4.89343 -2.70048 -5.79796 -3.30423 -2.57632 -3.73877 -3.5978 -0.878947 2.19634 
0.681848 0.876768 0.0905581 1.11966 1.02255 0.290397 0.463163 0.722862 -0.143065 1.5986 0.493668 0.160183 -0.500799 -0.620364 -1.04364 -0.44345 0.411357 -1.34132 -0.705275 -1.82959 -1.30284 -1.44586 -0.464584 0.163706 1.15111 2.90488 -0.679038 -2.14757 0.13603 -2.19415 -4.08923 -2.65732 -3.84719 -3.4363 -2.55549 -5.92343 -1.8161 -0.206786 1.3299 
-0.202071 -0.36823 -0.280364 0.675181 0.118387 0.285351 -1.01698 -0.500931 -0.661055 0.624512 0.101002 0.0559619 1.35044 0.0338299 -1.15676 0.625564 -1.01689 -3.06572 -2.22012 -1.12599 -2.05707 -1.04225 -3.50507 -1.37006 -0.305957 1.01158 0.488655 -0.466346 -1.50373 -2.04415 0.898842 0.0977562 3.22591 2.3372 1.67243 0.560619 -0.218084 -3.89034 -6.16735 
0.715678 -0.279989 0.716122 0.102768 -2.04317 -1.92973 -0.662823 -1.33421 -1.18531 -1.90646 -0.876388 -0.145773 0.510781 -0.131709 -1.50999 -1.94718 -1.6328 -0.442474 -0.607519 1.39632 1.03436 0.226577 0.0960349 -0.0543786 -2.73923 -3.26247 -0.330043 0.270955 -3.53775 -0.10413 4.8991 4.14613 2.73322 3.79364 2.76435 5.47157 2.25665 1.75322 -1.35171 
-0.33378 -1.87822 -2.22754 -0.957616 -0.324087 -0.322168 0.379346 0.53343 -0.434478 0.720546 0.0466236 -2.68327 -1.91202 -0.296213 -0.885802 -2.91219 -1.12102 1.83338 1.92601 1.60723 1.73657 1.72211 1.9665 0.886595 1.44726 -0.340131 2.0997 3.37381 4.10278 2.80814 -0.0358823 -0.513518 -1.14188 -1.20512 -0.185844 -0.235208 1.3589 6.86541 3.31603 
0.419465 -1.16579 -2.19607 -1.01825 -0.20979 -0.00371266 0.944408 0.402368 0.536794 0.0600397 0.0102067 1.30149 0.170649 1.96799 1.86382 2.1556 1.17534 -0.478356 -1.12104 0.254443 -0.170755 0.0407324 -0.139173 1.30452 4.12617 0.0535585 0.292469 2.23579 4.53715 1.9586 -2.74029 -2.62513 -1.14687 -2.57361 -3.82597 -3.32363 -1.79546 -3.53876 -0.904524 
1.63421 -0.0143964 -0.0719407 0.217723 -0.802443 -1.44321 0.633789 0.362676 -0.393746 0.581373 1.35114 1.4429 -1.85847 -0.00374407 1.34999 1.62496 0.837578 -0.906911 -0.699116 0.460363 -0.83704 -2.10387 -1.35713 -0.908865 -2.09149 -1.24466 -2.8498 -2.48461 -1.86259 0.682898 2.0959 2.41024 -0.294585 0.166114 -0.243096 -0.975804 -2.82292 -5.64875 1.04262 
0.415721 0.184195 -0.571106 -0.180671 -1.1167 -0.702829 1.40477 -0.434672 -1.56707 -1.29709 -0.898658 -0.790004 -1.07401 -0.881814 -0.620787 0.293011 1.85824 1.61754 1.2892 -0.040142 -0.00464004 -0.202364 -1.11498 -1.5184 -1.52258 1.09618 -0.645973 -2.15995 -0.515484 0.576535 1.4071 1.69784 -1.36188 1.21154 4.13832 2.61471 0.506132 1.41649 3.36768 