-1.04465 -1.00927 0.680391 -0.574993 1.07326 0.268047 0.709366 0.915966 0.408319 0.982345 0.203559 -0.550067 -0.538739 0.0367864 0.302651 0.152454 0.115511 0.520594 0.589775 0.18921 0.444694 -1.23505 -2.12253 -1.09882 -0.790656 -0.101288 0.164505 0.865798 0.819053 0.839006 -0.180772 0.628488 0.573597 0.318344 0.636468 -1.33963 -0.610081 0.81375 2.43017 
-0.919469 -0.474702 1.06708 -0.194928 1.37271 1.27564 0.651402 1.07605 -0.0606326 -0.301519 -1.03265 -0.915699 0.508575 0.100535 0.385024 0.422978 0.451033 -0.284586 0.357439 0.571548 0.482603 0.113207 -0.730126 -0.208243 0.703983 1.5319 -0.0869572 -0.423326 -0.0926563 0.160262 -1.04077 -1.28973 -0.143549 -0.644199 2.08901 3.38195 2.85093 2.27386 0.760484 
-0.944118 -0.624247 1.10337 -0.12396 0.788677 0.625486 1.28091 1.39857 0.521526 0.252219 -0.00468418 0.153915 0.993165 -0.0501708 -0.120675 0.0597981 0.275773 -0.520177 -0.699952 0.0456603 -0.199505 0.853959 1.25943 1.75211 1.4832 0.659196 -0.227093 -0.607629 -0.578442 -0.792833 -0.0299694 -0.862025 -0.94895 -0.841084 0.700676 0.584317 -0.0943804 -0.58724 -0.796761 
-0.969639 -0.595377 1.12688 0.0808453 0.852536 0.575687 0.697062 0.876549 0.793326 0.957909 0.719459 0.5675 1.16777 -0.126558 -0.222605 -0.155464 -0.3418 -0.314555 -0.504587 -0.377402 -0.358481 0.813882 -0.145809 -0.302623 0.116743 0.735142 0.00883484 -0.151918 -0.593177 -0.470305 0.779174 0.84237 -0.156522 0.235302 -0.984224 -1.80085 -2.53212 -2.25946 -1.41081 
-1.07068 -0.846852 0.947905 -0.465759 0.474122 0.1209 0.903511 1.04009 1.33541 0.106409 -0.307308 0.270658 1.72831 -0.0413359 -0.272593 -0.533378 -0.194532 0.258997 0.142418 -0.110862 0.0357968 -0.130265 -0.541424 -0.780015 -0.776265 -0.751612 0.19696 0.438522 -0.235171 0.569774 1.04641 0.379926 -0.0864968 0.259064 -1.59173 0.421087 0.610206 -0.189357 -1.91992 
-1.01098 -0.86797 0.593498 -0.113687 1.11153 0.718105 0.5862 0.912346 0.663061 0.416485 -0.0605559 -0.208765 0.416159 0.0704024 0.215918 -0.390635 0.227974 0.731851 -0.124661 -0.463899 -0.0994174 -0.77785 0.275278 0.307582 -0.0726146 -1.18477 0.0568844 0.437858 0.661653 -0.19205 -0.539502 -0.544972 -0.198284 -0.217346 -0.0201662 -0.13275 -0.104272 0.94976 1.28619 
-1.00027 -0.630934 0.557269 -0.237786 1.20597 -0.00376095 0.439612 0.94067 0.557558 0.381687 0.000274485 0.198043 0.543535 0.0155485 0.165265 0.128275 -0.386582 -0.280505 -0.402554 -0.309147 -0.181549 -0.150431 -0.674175 -0.884286 0.173495 0.53458 -0.0595587 -0.260812 0.635309 -0.507835 -0.710812 1.092 0.78722 0.429061 1.02908 -0.424801 -1.15469 -0.642614 0.930195 
-0.995427 -0.702705 0.721772 -0.500269 0.831028 0.315551 0.277053 0.730796 0.51263 -0.25769 -0.944842 -0.0352701 0.950738 0.0108436 -0.0448941 0.244674 -0.279861 0.021039 0.967343 0.323321 0.329644 0.251228 -0.149523 -0.847109 -0.715229 -0.254578 -0.0388743 -0.284007 -0.0739307 0.265988 0.411235 1.70223 0.725988 0.497613 -0.0316126 1.19127 1.50429 -0.726738 -0.997668 
-0.989429 -0.675828 0.801943 -0.517647 1.22701 0.963583 0.762933 1.27031 0.808786 0.232164 -0.846835 -0.517185 0.288957 -0.0233258 -0.118742 0.0543441 -0.120595 0.13073 1.29967 0.416841 0.316064 -0.182044 0.517099 0.620006 -0.553243 -0.463089 0.0522202 -0.367054 -0.37275 0.0483337 -0.909796 -0.79879 -0.802889 -1.12851 -1.79422 -0.138627 1.56409 0.509342 0.636804 
-1.01875 -0.821447 0.776117 -0.620864 0.961757 1.61522 0.693894 1.04686 0.330586 0.259409 -0.324837 -0.588513 0.487649 0.0630638 -0.411948 -0.128077 -0.231527 -0.888757 0.168554 -0.479568 -0.798862 -1.543 -0.288149 0.716979 -0.205887 0.382226 0.0837653 -0.060125 -0.0696869 0.544488 0.25791 -1.28741 -0.664396 -0.431524 -0.219528 -0.916013 -1.97914 -0.683588 -0.352535 
-0.926366 -1.08778 0.673866 -0.749174 0.338254 1.13214 0.283365 0.471452 -0.73421 -0.0559848 -0.129856 -0.723072 0.671183 0.0604395 -0.178867 -0.0153427 0.423893 0.388639 0.0122661 -0.247555 -0.11546 -0.401572 -0.398914 -1.35914 -1.23683 -0.815624 -0.0819458 0.700494 0.238358 0.697263 1.65572 -0.233528 0.787588 1.74638 1.91344 0.695515 -0.214181 1.03431 -0.146113 
-0.958313 -1.00031 0.760774 -0.196971 1.3504 1.62749 0.44634 0.931401 -0.0709864 -0.139505 -1.68397 -1.82534 -0.327974 -0.0188819 0.288545 0.110282 0.465736 0.766968 -0.0649738 0.30802 0.947523 0.370443 0.407365 0.502798 0.82842 0.236114 -0.134384 0.121788 0.109998 -0.635903 -0.774866 0.0337637 0.780643 0.884747 -0.0212779 0.208947 2.42134 2.46833 2.10062 
-0.945247 -0.799231 0.784148 -0.283438 1.10522 1.06716 0.591385 1.41898 -0.363767 0.351381 0.372942 0.105348 0.907297 -0.0739445 -0.057079 0.0946552 -0.212009 -0.386227 0.0460298 0.533088 0.769288 -0.42285 -0.189967 1.06221 1.2315 1.285 -0.102391 -0.494932 0.0417035 -0.450743 -1.27177 0.0436133 -0.427784 -1.13973 1.08469 -0.00435524 -0.417795 -2.04115 0.0381032 
-1.03226 -1.05739 0.855429 -0.40898 0.964169 1.67352 0.979428 1.70069 -0.493836 -0.329472 -0.621764 -0.593842 0.957024 -0.121273 -0.206386 0.151985 0.0149928 -0.504806 -0.0213605 -0.119764 -0.192207 1.45514 0.40301 0.0850032 -1.21273 0.274217 0.0485471 0.294657 -0.643097 -0.286499 -0.0601939 -2.1308 -0.857226 -1.46245 0.62779 0.518043 -0.951251 -1.71007 -1.54709 
-1.06652 -1.00562 0.936133 -0.268446 0.600416 1.0458 0.47162 1.22677 1.09137 0.754391 0.457945 -1.10738 1.18151 -0.0253973 0.237578 -0.548441 -0.498509 -0.446421 -2.08477 -0.324138 -0.69316 0.20494 0.328076 0.110957 -0.478571 -0.262087 0.198165 0.178127 -0.879233 -0.710181 0.550392 -0.272672 0.573801 -0.00585813 -2.96914 -0.546314 -0.941137 1.59674 -1.07679 
-1.05765 -0.819815 0.306988 -0.907489 0.517748 -0.411251 0.65529 1.00753 -0.288896 -0.00139604 -0.510808 -1.07241 0.694937 0.076892 -0.0282594 -0.727248 -0.695188 0.0455862 -0.294033 0.454037 -0.198065 -1.514 -0.143304 -0.856134 0.384014 -0.802572 0.133312 -0.122187 0.919731 1.1368 0.984447 3.3038 0.4619 0.488353 0.295585 -0.344836 -0.387152 1.3842 0.569597 
-0.989629 -1.03388 0.208886 -0.963634 0.646002 0.751769 0.925657 1.0287 -0.42263 0.611087 -0.398189 -0.723366 0.378942 0.107914 0.115391 0.37129 0.638287 0.538026 1.21903 0.137762 -0.204807 0.500525 -0.0167602 -0.276195 0.905628 0.307509 -0.0147528 0.380256 1.20913 1.05277 0.0457862 0.00252259 -0.855377 -0.125234 1.06191 -1.02036 0.0225806 -1.06356 0.386192 
-0.949741 -0.704424 0.678277 -0.269201 1.05577 0.80778 0.793052 0.802721 0.211629 -0.0181563 -0.787003 -0.166786 1.00245 0.0621392 0.351997 0.481879 0.35758 0.0913724 -0.29151 -0.40134 -0.3233 -0.452088 -1.16366 -0.833553 -0.679545 -0.41638 -0.158246 -0.222065 -0.559571 -1.2113 -0.796409 -1.65833 -0.250458 0.272633 -0.913685 0.0200392 0.141323 -1.514 -0.970546 
-0.927489 -0.68188 0.690764 -0.606054 0.737374 0.460259 0.524316 0.705403 -0.874718 -0.552578 -1.23174 -1.40291 -0.0374389 -0.0503314 -0.106674 -0.188282 -0.573012 -0.258383 -0.439302 -0.112696 0.0678258 -0.41316 0.00327897 -0.134872 -0.608375 -0.663037 -0.117945 -0.395736 -0.319413 -0.033991 0.188469 0.144891 0.707665 0.662783 1.94591 2.87924 1.91818 1.45311 0.978356 
-1.00007 -0.811098 0.489996 -0.842213 0.797391 0.368478 0.680356 0.870547 -0.20153 -0.0148773 -0.921875 -0.775161 0.339409 -0.055806 -0.0437396 0.162466 0.323589 0.279842 -0.146619 0.306324 0.339484 1.49383 1.71557 1.08462 0.773561 0.561976 0.0575496 0.283634 0.441086 1.07783 0.652741 0.761036 0.265133 0.161767 1.46692 0.166801 -0.161208 0.422797 0.44539 
-0.983295 -0.725619 0.853231 -0.282465 1.01722 0.31364 0.830641 1.04489 0.619107 1.16299 -0.14712 -0.62935 0.524537 0.00721825 0.176961 0.252805 0.504818 0.394358 0.321734 0.152437 0.229593 1.05376 0.17008 -0.29608 -0.185579 -0.217647 0.0174384 0.16589 -0.289815 -0.657407 -0.455103 0.010032 -0.706727 -0.855399 -1.98178 -2.67179 -2.04695 -0.679171 -1.21489 
-0.992854 -0.634138 0.742801 -0.337395 1.19175 0.690211 0.832793 1.10014 0.852227 0.155202 -1.21796 -0.960739 0.121762 -0.0383676 0.122151 -0.127348 -0.333818 -0.175261 -0.136587 -0.400402 -0.515915 -0.487955 -0.956215 -0.962326 0.0943908 -0.652916 0.0340005 -0.243544 -0.370194 -0.703286 -0.929926 -0.530047 -0.102563 -0.401666 -1.06418 0.408111 1.22996 1.03509 1.20197 
-1.02166 -0.603469 0.725882 -0.616282 0.841955 0.177053 0.430239 0.528972 0.131152 0.206778 -1.10945 -0.534959 -0.128379 0.0412187 -0.0665834 -0.11739 -0.198468 -0.535568 -0.208313 0.0498743 -0.172073 -0.0104244 0.578191 0.933875 0.849515 0.984318 0.0602617 -0.607663 0.538086 0.813926 0.0682152 1.39394 0.818722 1.15764 0.677461 1.94548 1.56407 -0.496132 1.13302 
-0.951635 -0.700721 0.625411 -0.535863 0.656181 0.481898 0.882668 0.928067 0.841803 0.733393 -0.28408 -0.111225 1.10608 0.0218941 -0.485512 0.410738 0.480109 -0.107046 1.25735 0.41832 0.641726 0.189506 0.989268 0.601747 -0.401741 0.480107 -7.94287e-005 -0.106321 0.710655 0.456959 0.848574 1.75515 -0.330804 0.307889 -1.32942 -1.15815 -1.05281 -1.83778 -0.947197 
-0.999769 -1.08898 1.13662 -0.136174 0.734909 1.43441 0.848559 1.1707 0.320658 1.19605 -0.5077 -0.9367 0.351727 0.0411393 -0.172905 0.593265 0.258491 0.313007 1.54683 -0.280929 0.135816 -1.33984 -0.579959 -0.118934 -0.988263 0.0371211 -0.0323244 0.871636 -0.546916 -0.960171 0.308549 -1.88022 -0.518761 -0.716121 -0.19995 -1.74215 -0.158967 1.32191 0.268687 
-0.910496 -0.873626 1.21868 -0.277372 0.969188 2.02873 0.601738 1.06388 -0.498039 0.153434 -0.403014 -1.09949 1.1432 -0.0104303 0.386124 -0.136179 -0.480063 0.201504 -0.622862 -0.100441 -0.0743946 -0.010444 -0.752885 0.44278 0.920164 0.748794 -0.139487 0.239846 -0.973108 -0.346174 -0.538824 -3.34973 0.709053 -0.100905 2.70398 1.21059 1.26781 2.16089 -0.112613 
-1.0102 -0.702858 1.00044 -0.616236 0.936413 0.811546 0.748118 1.0963 0.310214 0.44316 -0.0649201 -0.0165367 1.10052 -0.0983478 0.0669409 -0.379843 -0.0876833 -0.225817 -1.8029 0.428124 0.0349115 1.36414 0.630629 1.14888 1.17263 -0.0754921 0.0555495 -0.562233 -0.174054 0.604537 -0.551979 -0.416029 -0.181002 0.0657502 0.30818 1.20562 -0.990813 -1.56581 -1.45388 
-1.00884 -0.806685 0.838833 -0.365056 0.743371 0.225836 1.02986 1.0988 0.866098 0.784064 0.745861 0.0731437 1.06771 0.0451192 -0.176109 -0.310232 0.124474 -0.350475 -1.03889 -0.281443 -0.00864438 0.297736 0.452737 -0.548034 -0.645644 -0.705086 0.192295 -0.179849 0.213617 0.143125 0.104218 1.63271 -1.41124 -0.713776 -2.18605 -0.48253 -2.28523 -2.18838 -0.539174 
-0.96508 -0.878967 0.690209 -0.491762 0.585938 -0.227345 0.466674 1.08766 0.607951 0.895897 -0.612954 -0.662181 0.395434 0.0939475 -0.112908 -0.166227 0.0554418 -0.121599 -0.170184 -0.983119 -0.678865 -0.821913 0.1481 -1.13635 -1.01575 -0.614666 -0.0529429 -0.114283 -0.268652 -0.342405 0.270092 1.66977 0.207303 -0.288314 -1.51114 -1.07 1.31866 0.571709 0.276355 
-0.914896 -0.919593 0.672606 -0.309614 0.621772 0.0556522 0.0467428 0.41993 0.0441847 0.932163 -0.390492 -0.942603 0.453044 -0.00782373 -0.290393 -0.578884 -0.217931 -0.0803834 0.630883 -0.0741401 -0.296959 -1.2134 -0.617261 0.770625 -0.0739348 -0.428732 -0.118876 0.206174 0.457916 -0.178456 0.266561 1.07751 1.72793 1.224 0.162652 -0.56043 -0.315585 1.21843 0.414782 
-0.972904 -1.16936 0.111326 -0.709693 0.505554 0.403539 0.392534 0.790701 -0.605453 0.278636 0.157671 -0.736115 -0.0332974 -0.0249288 0.0932652 0.291689 -0.123014 0.144962 0.90733 0.74481 0.545139 -0.659261 -0.41233 -1.45194 0.202682 -0.199884 0.187972 0.833911 2.05956 0.655701 0.533248 0.0284685 -0.199924 0.10873 0.768926 1.17259 -2.39459 -0.682604 1.13046 
-0.939825 -0.826328 0.964295 -0.432628 0.766734 0.962982 0.791552 0.965069 -0.615077 0.519833 -1.84243 -0.739921 0.25316 0.180148 0.543519 1.48067 0.43777 0.452865 0.659352 -0.274064 -0.188228 -0.444479 0.555327 -1.62396 -0.756539 0.701732 0.347329 0.337802 0.880096 0.474349 -0.299203 -1.81408 -1.79171 -0.955845 -0.576951 -0.237948 2.18241 0.0817888 0.00241531 
-0.792756 -0.62584 1.592 -0.271923 0.958419 1.06289 0.11847 0.602472 -1.04993 0.833963 -1.46629 -1.49265 0.668435 0.3224 0.431067 1.17179 0.351336 -0.154241 -0.90675 -1.0469 -0.410706 -1.23621 -0.650278 0.730475 0.28447 -0.197469 0.22458 0.130332 -1.21674 -0.518209 -1.08671 -2.52874 -0.526311 -0.653902 0.239534 -1.69928 2.42641 1.84878 -1.29432 
-0.617425 -0.395261 2.13608 -0.0812922 0.612493 0.0562312 -0.255352 0.554363 -1.85129 -0.130445 -1.11196 -0.455451 0.0556907 0.404727 0.673851 0.263933 -0.0804388 -0.633846 -1.86939 -0.800375 -0.84213 -0.204944 -1.14395 0.802443 1.09224 -0.59259 0.401233 0.187379 -2.33809 0.698281 -0.43406 -0.157689 0.105192 -0.658407 2.78089 0.071732 -0.87537 -0.905524 0.341748 
-0.388028 0.0480102 1.85593 -0.352361 0.324573 -0.806498 -0.681905 -0.239658 -1.25488 -0.309989 -0.663849 -0.400411 0.0758446 0.723633 0.618446 -1.16631 1.04962 -0.588301 -1.06444 -0.941712 -1.06911 1.54468 -0.578546 -0.144894 -0.621053 0.144279 0.503768 -0.727485 -1.9493 2.55534 0.163383 1.55602 -0.140394 0.0174134 1.55381 0.28229 -0.405199 -1.53085 1.2309 
0.106209 0.223185 0.969775 0.968324 0.0241916 -1.00821 -1.19706 -0.51475 -0.306609 -0.708992 -1.25685 -1.0765 0.19997 0.908496 -0.0536342 -1.68537 2.47491 -0.470463 -0.313369 -0.940769 -0.824717 1.34886 -0.861662 0.397244 -0.438603 0.638305 0.0190885 -0.887874 -0.112548 0.383569 -0.061964 1.51096 0.0991325 0.809452 -1.61243 0.278735 0.284544 0.804961 0.316819 
0.520467 -0.00562392 0.170564 2.12254 -0.145891 -1.11987 -1.62267 -1.06437 0.0939886 -1.17165 -0.266605 -0.839014 0.71415 0.742722 -0.269428 -1.27885 1.43319 -0.650265 0.44652 -0.84258 -0.259661 -0.0677495 -0.299811 0.13965 0.183908 0.461098 -0.368622 -0.193187 1.36611 -2.24736 0.18638 0.0490582 0.55213 1.12163 -1.31774 0.869107 -0.819722 0.579737 -0.378947 
0.848931 -0.0462423 -0.309078 2.40151 -0.626074 -0.561688 -2.03964 -0.774411 -0.374358 -1.0088 -1.1172 -0.892597 0.661068 0.539874 -0.246821 -0.319256 0.227544 -0.284083 -0.26431 -0.388639 0.296908 0.0311259 0.00744426 -0.422479 0.141134 0.259359 -0.457499 -0.147905 1.07529 -1.42176 0.515973 -2.26275 0.586992 0.395091 0.00765485 0.379537 -0.714997 0.62495 -1.08022 
1.06034 -0.252445 -0.148692 2.35009 -0.429974 -1.38418 -2.01131 -0.767466 0.125114 -1.16421 -0.689084 -0.69788 0.973509 0.285223 -0.417332 -0.203559 0.0114302 -0.134292 -1.81623 -0.255588 0.13543 -0.0600946 0.0797263 -0.575347 0.808858 -0.619122 -0.352226 0.173243 -0.126109 -0.294513 -0.200564 -0.183381 0.475015 -0.0116294 -1.29121 1.17532 0.205707 1.06645 -1.20941 
1.13415 -0.463575 -0.512637 2.41294 -0.760365 -2.37792 -2.29523 -0.638981 -0.434453 -0.929076 -1.69255 -0.0837389 0.0419462 0.187648 -0.0735781 -0.445365 -0.0669682 -0.484647 -0.447692 0.0863766 0.285279 -1.26009 1.18276 -0.216772 1.20759 -0.950051 -0.18432 0.723754 -0.651578 0.0567707 -0.44518 2.19479 0.46189 -0.404769 -0.840628 -0.0518064 1.77319 -0.432074 0.483882 
1.24799 -0.326023 -0.594057 2.28312 -0.914621 -1.83187 -1.92494 -0.482187 -1.13497 0.0185574 -0.905856 0.509708 0.0234574 0.100903 0.306422 -0.855137 0.0682009 -0.579472 0.378563 0.206303 -0.269339 -0.900723 0.0279199 1.19784 0.376784 -0.13524 -0.0955432 0.278854 -0.111086 0.213585 0.405711 -0.0121455 0.593176 -0.867367 3.29753 -1.85366 1.60396 -1.48029 1.19179 
1.23506 -0.157153 -1.36777 2.48114 -1.33984 -1.99936 -2.08893 -0.90832 -1.33518 -0.901156 -0.494705 0.293045 -0.0932939 0.0921047 0.205275 -0.556451 0.146617 -0.0789361 -0.459837 0.679553 -0.582088 2.03744 -0.670899 1.38719 -0.272698 0.241736 0.146702 -0.583075 1.35369 -0.81797 0.941376 -0.745354 0.756331 0.361288 3.3272 1.24261 -0.814982 -0.705369 0.321238 
1.34009 -0.120748 -1.15051 2.42974 -0.993557 -2.29171 -1.24538 -1.06428 0.902469 -0.652341 0.481333 0.23701 0.265194 0.247606 -0.276653 0.498551 -0.749769 0.361904 -0.366791 0.962633 0.0919485 2.42648 1.27053 0.382859 -0.328586 0.185998 0.0967705 -0.420934 0.690789 -0.995744 0.0524224 1.0875 -0.836682 1.31042 -2.50522 3.29711 -2.78141 0.450677 -1.24577 
1.48266 -0.433805 -0.869223 1.73137 -0.977933 -2.36615 -1.1263 -0.816372 1.0913 0.369373 -0.111846 -0.0355407 0.0927042 0.188875 -0.215659 0.134338 -0.849128 -0.0265137 0.627661 -0.157129 0.728333 -0.46778 2.62621 -1.39422 0.177979 -1.00403 -0.187204 0.233727 -0.694829 -0.108043 -0.389236 1.10643 -1.15199 0.0575184 -3.17337 0.136925 -1.60685 0.518975 -1.44472 
1.52897 -0.336407 -1.01617 1.58061 -1.02007 -1.66404 -1.40251 -0.335942 0.434689 1.97387 -0.912883 0.414989 -0.738839 0.0604017 -0.0429258 -0.196278 -0.857812 -0.0273322 0.739636 -0.189353 0.149467 -0.746893 1.40746 -1.22399 0.190389 -1.25872 -0.201042 0.29673 -0.198348 -0.128836 0.482618 -0.311461 0.845638 -1.63425 1.32616 -3.02494 1.74089 -0.403526 0.0115519 
1.54306 -0.476731 -1.0655 0.87356 -1.00527 -1.62651 -1.31565 -0.666905 0.344409 1.77683 -1.33583 0.154849 -1.16602 -0.012167 0.0810717 -0.0640105 -0.977963 0.456105 0.3162 0.688509 -0.90592 0.858379 -0.398737 0.34667 -0.225547 -0.99248 -0.173542 0.585731 -0.317938 0.33317 0.0156367 0.472312 0.713344 -0.931755 0.757818 -1.45582 2.11315 0.0409378 -0.208887 
1.5168 -0.255335 -1.08018 0.602647 -0.563966 -1.34784 -0.714003 -1.24186 1.29307 1.57513 -0.566213 0.189442 -1.73132 -0.113141 0.542806 -0.514216 -0.524642 -0.0116955 1.21195 0.523991 -0.782288 0.0109244 -0.0483684 0.889165 0.231327 -1.46761 -0.132521 0.552492 -0.516228 0.722065 -1.23579 0.851548 -0.628936 0.814313 -1.61723 -0.537206 0.817393 0.244869 0.0324418 
1.42992 0.0660742 -1.57972 0.348917 -1.01696 -0.414564 -0.791658 -1.44919 0.355334 1.72846 -0.446667 0.386176 -2.63363 -0.144688 0.633564 -0.580238 -0.255899 -0.779688 1.16775 0.0595733 -0.0916072 -0.758855 -0.935943 1.16406 0.019322 -0.960039 0.0584586 -0.336034 0.615381 0.174518 -0.532896 -1.08477 -0.250611 1.09896 -1.60741 -0.906066 0.293498 -0.388214 1.11194 
1.37211 0.378229 -1.66042 0.346749 -1.34365 -0.180097 -0.65443 -1.33347 0.534212 0.639186 0.59785 0.208764 -2.69136 -0.0546822 0.206772 0.101165 -0.350124 -0.544591 0.127175 0.27338 0.316673 -1.59648 -0.954434 1.18266 -0.156887 -0.355665 0.0711729 -0.532479 0.709593 0.00407672 0.108606 -1.22935 0.260317 0.38038 -2.17364 1.18251 -0.548242 0.196018 1.09421 
1.37524 0.272846 -1.47855 -0.00120695 -1.56155 -0.28739 -0.518278 -1.13252 -1.24115 0.774026 0.735996 0.229289 -2.98929 -0.0735155 0.101085 0.129354 -0.251822 -0.671082 -0.0616013 0.319891 0.288773 -2.93249 0.246571 0.615821 0.21534 0.134167 -0.0943882 0.349146 -0.079552 0.557781 0.407011 0.0486431 0.16037 -0.165828 0.920301 0.701331 -0.171299 -0.121177 1.61058 
1.2986 0.479314 -1.53106 0.094927 -2.01474 -0.241698 -0.334539 -1.0447 -2.39828 0.885757 1.21367 0.424104 -2.55719 -0.14907 0.555917 0.0216131 0.207656 -0.137581 0.175818 0.433751 0.150845 -0.676181 -0.253103 1.01136 -0.278064 1.25491 -0.0369027 0.0773541 0.266816 0.0295365 1.39656 -0.70322 0.0175762 -0.451609 3.95753 -2.73433 0.827236 -0.456406 0.500659 
1.22617 0.828764 -1.45694 0.206449 -1.69913 -0.111572 -0.0845271 -0.981675 -1.91733 0.520923 1.74736 -0.0487743 -1.73438 -0.110418 0.178439 0.39617 -0.222285 0.725479 -0.764822 0.337467 -0.162836 1.02503 -2.48776 1.44306 -0.241067 0.634826 0.0142117 -0.363467 -0.016865 -0.683237 0.917197 -0.784561 -0.86377 -0.379182 2.68475 -2.48744 -0.690334 1.8854 -0.728854 
1.18818 0.657753 -1.13489 -0.127358 -1.28926 -1.00652 0.00292744 -1.20753 -1.37325 -1.602 2.65673 0.183037 -1.92236 -0.134859 0.19245 0.00474814 -0.475581 0.779616 -0.608743 -0.430019 -0.228337 2.00857 -2.74055 0.32103 1.60734 0.526058 -0.0617696 0.370383 -0.620241 -0.320013 0.107617 1.01426 -1.14736 0.0581213 1.24628 2.05693 -2.3415 1.89372 0.355675 
1.09131 1.02121 -1.45219 -0.269132 -0.919517 -0.720315 -0.514546 -1.21001 0.09124 -2.21962 2.06839 1.55856 -1.20832 -0.172188 0.548822 -0.224071 -0.542298 0.833095 0.249434 -0.809894 -0.104715 2.27131 -0.430831 -0.898444 1.65266 0.990501 0.00217788 0.141676 0.381445 -0.359811 0.090377 1.10354 0.0537234 0.0300098 -0.830794 3.3739 -0.627783 -1.6889 0.0714872 
1.01599 1.20657 -1.35897 -0.669657 -0.456162 -0.757086 -0.806966 -1.31225 0.898062 -2.03283 1.75828 1.83569 -0.931863 -0.132681 0.334126 0.386193 -0.835392 0.869993 0.494798 -0.376296 -0.198327 1.17777 0.633353 -0.306752 -0.0815643 0.597546 -0.0742867 0.153465 0.335209 0.259036 -0.741617 1.60619 0.489221 -0.432512 -2.84384 1.94347 0.405657 -2.3428 0.0774235 
0.958632 1.35534 -1.066 -1.10452 -0.0495232 -0.225517 -0.890843 -1.40834 1.26901 -1.58627 1.76164 1.477 -0.610775 -0.246474 0.702287 0.111138 -0.283262 0.0914783 1.85562 -0.320673 -0.537227 -0.572531 1.51264 -0.492787 -0.690144 1.06792 0.011995 -0.268334 0.161717 0.356435 -0.399027 0.6042 0.26606 -0.0333239 -2.14588 -0.0489688 0.070422 0.242251 0.29612 
0.769518 1.90886 -1.24783 -0.952919 -0.364684 1.09853 -1.12764 -1.84947 0.325531 -0.520194 1.2655 1.14555 0.136061 -0.120686 0.0657919 0.54791 -0.478957 0.470966 1.099 -0.110236 -0.231651 -0.968109 0.584384 -0.23633 0.160687 0.893665 0.19478 -0.53286 0.0238112 -0.122855 0.602365 -2.08838 0.415236 0.770839 1.26601 -1.51298 0.729178 2.26586 -0.686518 
0.837946 1.42113 -0.518088 -1.58348 0.421443 0.873482 -1.00108 -1.63999 0.300906 -1.00189 1.52531 1.63769 0.28289 -0.051694 0.169427 0.134949 -0.406117 0.693843 -0.232758 0.094563 0.233612 0.693478 -0.000339225 0.236391 1.57571 0.381407 0.0752587 0.276573 -0.618152 0.324668 -0.303951 -1.4456 0.0171979 0.463682 1.64774 -0.278895 0.375892 0.878864 0.0661573 
0.717824 2.07829 -1.11288 -1.35904 0.329159 0.865777 -1.03308 -1.61586 1.01901 -0.520534 1.50189 2.72126 0.517468 -0.0454271 0.342365 -0.0702423 -0.154289 0.167014 -0.346601 -0.0930384 0.232032 0.679628 0.305489 0.139562 1.03955 0.959823 0.104433 -0.232879 0.0109698 0.0508631 -1.11038 -0.175165 -0.223593 0.237483 -0.0466661 -0.960921 -0.226188 -2.21715 -0.737369 
0.792519 1.7635 -0.58833 -1.73777 0.588457 0.526881 -1.09412 -1.40796 0.980534 -0.6964 1.66487 2.67724 1.24271 0.0527391 -0.0634525 0.145919 -0.355254 -0.416533 -0.407923 -0.12903 0.471095 0.646812 -0.96126 0.0102029 -0.641434 -0.355962 -0.00800276 0.00466484 -0.599785 0.617655 -1.50329 -0.317258 0.211163 0.225485 0.0421751 -1.25817 -1.20575 -1.72688 -2.49197 
0.770563 2.01484 -0.96696 -1.71429 -0.0873738 0.457855 -1.16211 -1.14477 1.66582 -1.48179 1.51209 2.07983 0.161506 -0.0534299 0.34703 -0.670027 0.463366 -1.33628 -0.663859 0.118125 0.457517 0.721804 -0.952677 -1.06619 -0.687331 -1.53215 0.00265382 -0.225375 -0.167921 1.04545 -0.197279 -0.741958 0.754335 -0.00350591 -0.262273 -0.143426 -1.05696 0.999102 -0.890652 
0.739089 2.11053 -1.25836 -1.2744 -0.747819 -0.136978 -0.975992 -0.950441 1.70234 -1.64908 0.598686 1.98991 -0.289434 0.0553929 -0.288827 -0.022002 0.690197 -0.613811 -1.14988 0.625305 0.467589 0.384539 -1.10469 -1.04676 0.357668 -1.24661 0.0861225 -0.690098 0.803072 0.687552 1.22428 0.498463 0.732759 0.00589737 -1.65198 0.443643 1.41311 0.919351 0.673598 
0.825956 1.72601 -0.988962 -1.02409 -0.701185 -0.692026 -0.536802 -0.677179 2.05036 -2.58648 0.465333 2.4375 -1.08511 0.0326926 -0.343068 0.133045 1.15092 -0.111997 -0.165396 0.850883 0.463414 -0.930176 -0.509033 0.346928 0.23202 -0.858549 -0.104787 0.238096 -0.212198 0.816005 0.147331 1.25938 0.351633 -0.143338 -2.89085 2.21457 1.92266 -1.93951 0.984676 
0.771781 1.76746 -1.12531 -0.123486 -0.859816 -0.302374 -0.125109 -0.487027 0.772162 -2.15811 0.945614 2.22193 -1.14798 -0.0493938 -0.0507314 -0.2342 1.5062 -0.46648 0.109504 0.976937 0.324251 -2.50631 1.10989 0.8759 -1.58184 -0.261938 -0.0366733 0.00223625 -0.218625 -0.484468 -0.477982 -0.41171 0.290307 -0.374263 -1.76766 1.97225 0.0197466 -2.75326 1.3608 
0.776562 1.67528 -1.22316 0.48211 -1.16767 -0.582522 0.440135 -0.352927 -0.455952 -1.47659 1.34123 0.855656 -1.34705 -0.00398072 -0.340832 -0.0855799 0.66645 -0.589979 -0.577106 1.14119 0.0891511 -2.69783 1.46321 0.366675 -2.52124 0.502253 -0.00278801 -0.282307 0.385718 -1.27633 -0.364989 -0.0907198 -0.118336 -0.88672 1.32976 0.557521 -1.59584 0.233934 1.07838 
0.767801 1.42663 -1.21089 0.542963 -1.44979 -0.87948 1.01608 -0.397875 -1.92567 -0.694896 1.31229 -0.29931 -0.64573 -0.0521818 -0.333039 0.151518 0.229872 -0.831469 0.0187844 0.858601 -0.562468 -1.17655 1.66741 -0.719941 -1.34791 0.816442 -0.0691847 0.36467 0.746734 -0.464785 0.117776 1.76531 -0.63281 -0.416254 2.87801 -0.200887 -1.32219 2.34993 0.0284115 
0.724381 1.34224 -1.07164 0.711982 -1.99913 -0.563737 1.29874 -0.915396 -1.6325 0.190817 0.621292 -0.492251 -0.530605 -0.0731654 0.0238387 0.661154 0.201664 -0.472203 1.1882 0.508381 -0.327103 0.180173 1.26233 -0.955511 -0.171308 0.530665 -0.0668473 0.27802 0.720512 -0.441341 0.995744 0.383765 -0.622873 0.879133 0.978931 -1.65496 0.289465 0.948544 -0.505205 
0.694635 1.45047 -0.549738 0.744627 -1.922 0.308721 1.52446 -0.724978 -1.7455 0.567431 0.356778 -0.470618 -0.115065 -0.119029 -0.0550182 0.872031 -0.211468 0.164275 0.402549 0.235729 0.316664 -0.197619 0.0124526 -0.430476 -0.399362 0.311237 -0.0921392 0.0332509 -0.272516 -0.23372 1.01125 -1.81353 -0.408561 0.741879 0.518764 -0.632767 1.31178 0.522402 -0.134343 
0.605351 1.28722 -0.199613 0.500514 -1.83486 -0.161188 1.53447 -0.598731 -1.83012 0.203269 0.190817 -0.891613 -0.219367 -0.165305 0.0570896 0.388639 -0.0320556 0.539051 -0.625328 0.0998191 0.414776 0.698937 0.62956 0.356265 0.351095 0.396322 -0.107179 0.132648 -0.674241 -0.198882 0.44564 -1.10694 -0.185636 -0.257341 0.382341 0.443302 0.103471 1.49097 0.2649 