-1.06369 -1.00998 0.023867 -0.772666 0.943056 1.05417 0.713103 1.14299 1.24187 -0.126979 0.011545 -0.109686 -0.037698 -0.0314239 0.14686 3.76817e-005 0.628482 0.52217 -0.400317 0.00122741 -0.135448 0.073025 0.0847592 1.18123 1.10688 1.75491 0.0102588 -0.409341 0.567882 0.443038 -0.828007 -0.0935669 -0.367112 -0.413683 -1.50929 0.708231 0.463383 0.0243643 -0.172066 
-1.08438 -1.0539 0.447951 -0.345132 1.1145 0.822192 0.303841 0.668197 0.536364 -0.133075 0.61785 0.69097 0.960879 -0.0363394 -0.206687 0.158282 0.24208 -0.660446 -0.331647 -0.265215 -0.351375 -0.474667 0.285309 0.271618 0.181251 0.059612 -5.51951e-005 -0.345992 -0.31184 -0.538262 -0.153319 0.814036 0.0825344 0.425259 0.0994873 -0.12821 -0.797092 -1.74187 -3.15521 
-1.10003 -1.21667 0.182149 -0.530586 0.282611 0.722525 0.447888 0.791614 0.7672 0.15833 0.283163 0.0715652 0.021914 -0.0314791 -0.199132 -0.311802 0.0902194 0.368852 0.413719 0.0837618 0.289811 0.172512 -0.0434504 0.38414 -0.634981 -1.40031 0.0167029 0.193425 -0.113646 -0.230185 1.24271 0.612184 0.382725 0.689443 0.521421 -0.584614 0.11842 0.714475 -0.0881186 
-1.11586 -1.25303 0.136149 -0.254912 1.48335 1.23591 0.387603 0.958008 0.708876 -0.176526 1.00199 0.0559883 -0.439431 -0.0196365 -0.0132628 0.0446355 0.0118949 0.582261 0.280536 0.11751 0.338068 0.0467537 -0.299306 0.390038 0.895726 -0.0285066 0.118763 0.552648 0.500592 -0.641526 -1.40339 -1.03146 -0.607588 -0.710901 -0.118851 0.583389 -0.806157 1.57231 1.28873 
-1.11966 -1.22993 0.226784 -0.518691 0.864871 1.00306 0.565397 1.12968 0.813954 -0.140976 0.673201 0.967291 -0.00659268 0.0872836 0.353517 0.18879 -0.551307 -1.03454 -0.617743 -0.523826 -0.42109 0.0536617 0.539939 -0.422017 0.937325 -0.111578 0.0717104 0.27624 0.131133 -0.0932709 -1.37441 -0.784916 -0.508607 -1.24079 -1.04982 0.308936 0.142757 -1.23555 -0.206409 
-1.02858 -0.899515 0.324939 -0.806219 0.448815 0.618167 -0.136223 0.536918 0.762538 0.363413 0.579973 0.993314 -0.551009 0.0520739 0.262977 0.175769 -0.081376 -0.792144 -0.504379 -0.391097 -0.902721 -1.00307 0.00963022 0.532794 -0.339826 -0.234916 -0.112806 -0.449837 -0.0430414 1.13903 0.958455 0.764065 1.03783 0.693786 0.354891 -1.28433 0.453353 -1.38303 -0.0742475 
-1.06759 -0.966957 0.402553 -0.600067 0.072727 0.498682 0.174301 0.226961 -0.189115 -0.131346 1.20599 0.627465 -0.241509 -0.0255223 -0.0963201 0.145748 0.587724 -0.0760842 0.146322 0.514005 0.272696 0.408553 -0.744394 0.031336 -0.445704 -0.185826 -0.0639527 -0.370093 -0.387346 0.332155 2.30289 1.31157 0.843962 1.67689 2.64232 -0.825047 -0.873438 -0.913343 -0.463354 
-1.0541 -0.995835 0.470687 -0.218495 0.372731 0.764489 0.377782 0.809614 1.17109 -0.380981 0.611309 0.547609 -0.736834 -0.0118788 -0.107115 -0.211577 0.250779 1.51075 0.807188 0.452865 0.774172 1.63925 -0.815417 -0.340643 -1.25317 -0.69827 0.0468251 0.0716122 -0.413557 -1.1787 -0.270537 -0.42758 -0.720145 -0.470944 -0.719786 -0.32934 -1.15917 -1.93363 -0.820906 
-1.07947 -1.07407 0.190976 -0.349288 1.58347 1.30587 0.627166 1.00113 1.45014 -0.946762 0.865352 -0.625704 -0.939779 0.0213028 -0.0247079 -0.267808 -0.59098 -0.346621 -0.281259 -0.20614 -0.198249 -0.311233 -1.07373 -1.12783 -2.37933 -1.00673 0.0771955 0.236095 0.177394 -0.707739 -2.55003 -1.37838 -0.486641 -0.995608 -2.63463 0.763325 -0.713892 1.993 1.61552 
-1.0328 -1.02054 0.202879 -0.809474 0.0261099 0.483231 0.171642 0.611365 0.859857 -1.45472 -0.516524 -1.83173 -1.74357 0.0653167 0.12898 -0.0341825 -0.45696 -1.03928 -0.571196 -0.0337762 -0.221436 -0.995374 -0.0520916 -1.05454 0.739826 0.917253 -0.0975481 -0.322508 -0.160802 0.264357 0.547948 0.483073 -0.267038 -0.146351 -0.545372 1.52572 1.98702 4.98242 3.19967 
-1.01415 -0.945092 0.156794 -0.806249 0.544192 0.734674 0.59339 0.779696 0.454767 -0.998854 -0.189184 0.114121 -0.0225261 -0.0762453 -0.347216 -0.42861 -0.326623 0.201328 0.201815 -0.473178 -0.3446 -0.856605 0.451985 0.859191 2.60308 2.19293 -0.101509 -0.231305 0.0116337 0.94196 1.48005 0.879502 0.125858 0.289988 0.856712 0.984171 1.55781 -0.818542 -0.718305 
-1.10904 -1.36776 -0.225731 -1.1361 0.227438 0.685045 -0.301535 0.266766 0.00325234 -1.00273 0.342666 0.771359 0.449367 -0.0361926 -0.102325 -0.0225488 0.485 0.440764 0.308306 0.0920813 0.0685519 -0.138662 0.93208 0.503271 -0.0787158 0.198947 0.187903 0.79766 0.990744 1.01995 0.836564 0.295505 1.72132 1.19128 1.2562 -0.37769 -1.32477 -2.60699 -2.3707 
-1.05034 -1.04742 0.134245 -0.321249 0.984957 1.04298 0.685471 0.848248 0.316105 -0.0667742 0.314087 0.0354056 0.176421 0.111658 0.450444 0.562133 0.69333 1.03789 0.49732 1.24814 0.846677 0.399595 0.0742942 -0.465583 -0.00390959 -0.177764 0.131072 0.19706 -0.0807789 -0.979982 -0.506824 -0.322179 0.11121 0.0834649 0.443616 -1.19034 -0.070252 1.22104 -0.720614 
-0.997383 -0.917315 0.336402 -0.442767 1.26533 1.18237 0.946605 1.11344 0.402847 -0.928437 -0.122916 0.767449 0.271603 0.0948796 0.0947354 -0.103328 -0.494982 -0.0660599 -0.0138737 0.203291 0.152017 0.304954 -0.258265 0.433019 1.14232 -0.521667 -0.142571 -0.595943 -0.513192 -1.03876 -2.26731 -0.92905 -1.26844 -0.9496 0.621573 1.35132 0.560244 0.379837 0.309184 
-0.955463 -0.952682 0.0309172 -0.816231 0.918897 1.02911 0.888762 1.00027 0.621059 -0.325039 0.747106 1.17773 -0.345246 -0.0309127 -0.145499 0.0489416 -0.345432 -1.22941 -0.43173 -0.0203017 -0.102923 1.02117 1.42562 0.0946606 0.375928 0.13142 -0.227165 -0.133255 0.392366 0.985442 -0.135761 -0.179318 -0.337839 0.0668205 0.354489 0.31652 -0.781931 -1.90305 1.19358 
-1.0283 -1.06281 0.385344 -0.788199 0.0359155 0.750636 0.926303 1.01052 1.42401 0.49718 -0.0282559 1.14338 0.403023 -0.132285 -0.0385197 0.289038 0.49046 -0.201821 -0.193191 -0.134548 0.218837 0.659444 0.0582552 -0.348912 -0.760725 0.671917 -0.00155451 0.182741 -0.0164305 0.984298 1.64367 0.920362 0.384709 0.273037 -1.16573 -2.09638 0.298811 -0.200962 0.256923 
-1.08775 -0.991202 0.319956 -0.325771 0.717076 0.835915 0.754214 1.2191 1.2805 -0.266784 0.398194 0.417004 0.326672 -0.0324672 0.0372418 0.0325112 0.638866 0.414255 0.488633 0.364407 0.170115 -0.144558 -0.67076 0.393471 0.174966 0.388343 0.267985 0.0890939 -0.510279 -0.647233 -0.0362784 0.402459 0.465651 -0.41838 -0.542142 0.776276 0.528634 1.76851 -0.164467 
-1.06076 -1.02557 0.417855 -0.149333 0.450171 1.23927 1.29071 1.18063 1.27946 -0.17358 0.365215 1.31834 0.791366 0.135699 0.0505742 -0.221241 -0.156774 -0.238099 0.209268 0.331102 -0.199543 0.117301 0.834531 0.179722 1.00779 0.50745 0.092111 -0.0160424 -0.296732 -1.06248 -0.306117 -0.833262 -1.22275 -0.498163 -0.463792 0.277678 0.0524593 -0.707014 -0.428938 
-0.952049 -0.940627 0.0987149 -0.482545 0.478976 1.04518 1.08532 1.01956 1.3978 0.567747 0.577916 1.42479 0.834122 0.0596438 0.0211994 -0.264221 -0.423613 0.108138 -0.34463 -0.858344 -0.328048 -0.60835 -0.393083 0.445931 -0.532049 -0.0405946 -0.24885 -0.177939 0.331024 0.148601 0.0865932 -0.570333 -0.56737 0.491385 -0.675045 -1.77082 -0.0177433 -1.54182 -1.17653 
-1.00112 -1.00437 0.153634 -0.572945 0.558309 0.894639 0.432367 0.852587 0.671107 -0.566663 0.811146 0.786294 0.750771 -0.113151 -0.127365 0.109783 -0.00817222 -0.151506 -0.361065 -0.236267 0.291842 -0.557744 -0.936288 0.161978 -0.534034 -0.669084 -0.0600527 -0.0529558 0.325525 0.0117643 -0.457291 0.66758 1.14154 0.899907 0.935364 0.406731 -0.788368 1.68434 -0.637136 
-1.0652 -1.06799 0.208498 -0.490717 0.32747 0.684117 0.849049 1.3114 0.84006 -0.36854 0.739894 0.890759 0.165038 -0.000408974 -0.0317565 0.0613047 -0.411849 -0.349153 0.322951 0.283199 0.571859 0.327014 0.0136482 -0.342437 1.15229 -0.677731 0.172174 0.256419 -0.125988 -0.37937 0.132648 0.700689 -0.0161307 -0.535132 0.360772 0.926059 -0.34716 0.0627332 -0.5692 
-1.00153 -1.03613 0.214939 -0.984794 0.209156 1.21759 0.715566 1.42445 0.998122 -0.553015 0.468709 1.93858 0.0730407 0.0590231 0.129055 -0.0162044 -0.387542 -0.0188584 0.339624 -0.252398 -0.24329 -0.196973 -0.0102288 -0.185181 -0.471301 -1.23828 0.465351 1.34097 1.25437 2.00944 -0.280188 -0.577643 -1.37863 -2.29553 -1.16718 -1.79591 -0.233275 -3.04347 -0.403291 
-1.00618 -0.938938 0.192294 -0.878259 0.308612 1.02374 0.596651 1.06811 0.643087 -0.378769 0.554713 0.419458 -1.07325 0.464942 1.30921 1.31568 1.59759 -0.629341 -0.254692 -1.09543 -1.72367 -0.840164 -1.78226 -0.575712 -1.89118 -1.08102 0.7982 2.01129 1.47009 1.4926 -2.03986 -0.909949 -1.25864 -1.88827 0.392565 -2.23086 -0.340249 -0.0813747 -0.0346965 
-0.536586 0.273081 1.53062 0.612797 -0.420185 0.962897 -0.379866 -0.299229 0.157957 -2.33527 -0.107002 0.0474035 -1.00798 0.857223 2.14035 1.45388 1.10506 -2.05871 -0.570325 -1.51104 -2.13156 0.195593 -2.24109 -0.52543 -0.552676 -1.27298 0.00716726 -0.139556 -1.34739 -1.92085 -0.0375072 -0.958387 0.452959 1.32266 0.393765 2.00926 1.06186 1.28506 0.14721 
-0.148954 1.20141 1.64618 0.226798 -1.7501 0.453416 -0.914387 -1.06345 0.83868 -2.61986 0.0292828 -0.133218 -2.34623 0.472109 1.16965 -0.0317088 -0.323254 -0.666848 -1.21308 -0.642473 -0.401015 -0.446399 0.227003 0.486149 -0.60612 -0.933811 -0.510456 -2.08338 -2.52031 -0.173347 4.35 -0.821963 2.07964 3.01889 -2.01427 4.08526 1.50199 -0.786249 2.22079 
-0.0644763 1.44274 1.49891 0.289543 -1.08703 -0.250182 -1.02234 -0.700244 -0.288442 -2.10827 0.379146 -0.558716 -1.94179 0.346767 0.0569638 -1.06643 0.93171 2.29128 -1.39229 0.568605 0.887327 -1.81867 1.84418 0.976559 -1.33892 0.947804 -0.197466 -1.43473 -0.978221 2.02408 2.38591 0.682212 1.61378 0.915172 -0.467065 0.599047 0.0198409 -0.321658 2.08878 
0.197813 1.25837 0.579746 1.15851 0.541179 -0.938871 -0.345782 -0.176124 -0.979994 -0.775677 1.00584 -1.47214 -1.39842 0.274643 -0.265078 -1.00993 1.70083 1.71906 -0.530867 0.971305 0.514157 -0.913464 0.82605 0.50599 -0.927778 1.15497 -0.364807 -0.234556 1.22485 -0.83812 -3.19387 1.8576 -0.260408 -0.930251 1.84345 -3.42737 -1.00035 1.7661 -1.96045 
0.210167 1.17766 0.488979 1.99037 0.632028 -0.78105 -0.0510345 -0.186086 -1.20191 -1.28222 0.885136 -1.48649 -0.786821 -0.0180404 -0.177592 0.158416 0.0935895 -0.902587 0.46531 0.308197 -0.0429239 0.0247805 -1.5832 -0.0237942 0.427171 -1.01265 -0.168847 0.178174 1.32587 -3.2346 -1.99392 1.48052 -1.77394 -0.220817 1.16402 -1.00613 -1.3242 2.50489 -1.71296 
0.179773 1.08078 0.738163 1.2521 -0.361407 -0.473561 -0.0375844 -0.219048 -0.955213 -2.35887 0.982048 -1.04497 -2.41107 0.105797 -0.0869037 0.31594 -1.53378 -0.274857 0.94965 -0.802639 0.293341 0.250551 -0.180085 -0.818206 1.57711 -0.55799 0.19239 -0.271456 0.298365 -1.52381 3.23365 0.498754 -2.6191 0.488262 0.750764 3.18062 -3.41154 0.584316 2.14784 
0.315964 1.09075 0.804919 0.456594 0.357171 0.1686 -0.853674 0.107255 -0.951355 -1.46231 0.0669294 0.090618 -1.34481 0.17435 -0.449049 0.456781 -1.43022 2.33107 0.964064 -2.3109 0.445338 0.775544 1.59742 -3.43533 1.01149 1.13519 -0.00344486 -0.690804 0.515739 1.03672 2.40244 -0.477863 -1.05346 0.106569 0.241992 1.8852 -1.78072 -0.794608 1.12525 
0.354123 0.631733 1.19494 -0.178119 1.96966 0.490503 -2.34849 0.22629 -0.179669 -0.761454 -2.45328 -0.0334833 -1.27588 0.102352 -0.777707 0.831679 -0.497056 2.12759 0.471787 -1.8561 0.39991 0.492543 1.70511 -2.59893 0.782504 0.567263 -0.0542496 -0.0710977 -0.114118 1.2832 -2.44493 -1.22939 1.9761 0.145572 -1.89327 0.0563172 3.4167 -1.13707 -0.620425 
0.418315 0.313047 1.6366 -0.0404616 2.48476 0.640387 -2.70977 0.507164 -0.458812 0.242806 -2.532 0.873122 -0.777548 0.1201 -0.520146 0.342663 -0.147021 -0.113865 -0.265327 -0.334798 0.59091 -1.11772 1.65374 -0.0186327 -0.125582 0.514763 -0.00327896 0.441551 -0.708083 0.16742 -3.77091 -0.795061 2.23388 -0.18387 -1.66174 -0.585053 3.54391 -2.055 -0.73351 
0.474223 0.111587 1.53761 -0.32514 1.85579 0.225176 -2.68328 0.8172 -1.29739 0.892283 -2.47192 -0.159066 -0.761121 0.0990727 -0.336157 0.123596 -0.329635 -1.64332 -0.323275 0.37778 0.21604 -1.1692 1.12006 0.944982 -1.27249 -0.166247 -0.0824381 0.314689 0.0363113 -0.121141 -1.58296 0.246019 1.1251 -0.114142 0.378668 -1.76864 1.54004 -0.641101 0.674258 
0.517388 -0.0231097 1.76019 -0.370097 0.841435 0.317112 -2.33199 0.723205 -1.62801 1.36286 -1.58702 -0.399372 -0.943795 0.0376624 -0.205457 0.378974 -0.268162 -1.69682 -0.0193083 0.790307 0.476768 -0.739053 -0.114898 1.52141 -0.766683 1.18902 0.00675563 -0.0996924 -0.0978245 0.646027 0.222961 0.290641 -0.0368054 -0.0487932 1.06882 -1.48046 -0.237702 0.86741 0.00727402 
0.511886 -0.0938697 1.91658 -0.593303 0.158968 0.205867 -1.89298 1.29397 -2.03644 0.777385 -0.950509 -0.925749 0.4279 0.105828 -0.435849 0.0257712 0.316392 -1.42036 -0.0326335 0.340974 0.167247 -0.100385 -0.360402 0.70728 -0.405083 -0.158973 0.116642 -0.230526 -0.628131 0.867113 1.40643 -0.292942 -0.974132 -0.448285 0.609497 -0.0347432 -1.61489 0.790878 -1.36267 
0.623216 -0.458959 1.78596 -0.0537051 -0.578928 0.284479 -1.99102 0.890452 -1.7284 1.00246 -0.879739 -0.804456 -1.10277 0.154304 -0.435982 -0.249157 0.598951 -0.290399 -0.31225 -0.183825 0.0284837 -0.129556 -0.149641 -0.0934848 0.0241955 -0.173646 0.00629848 0.283904 -0.302703 -0.321317 2.83867 -0.260513 -0.409541 -0.209559 0.188454 0.0442404 -1.40352 0.537461 1.80331 
0.66619 -0.529852 1.66742 0.00564873 -0.131431 -0.106383 -2.0768 1.32245 -2.166 0.627744 -1.04399 -0.901553 0.254254 0.112127 -0.151945 -0.276931 -0.00492501 1.41831 -0.293147 -0.0685661 -0.0423123 0.088069 -0.316162 -0.696238 0.132377 1.64434 -0.0461612 0.279831 0.0858048 -0.801437 2.054 0.591878 0.334353 -0.837885 0.18975 1.02186 0.263251 -0.351127 -0.198723 
0.735343 -0.610904 1.50903 -0.0586301 0.839382 -0.00866811 -2.05958 0.848139 -1.64033 0.6863 -1.57598 -0.672078 0.541572 0.108143 -0.156151 -0.163352 -0.202486 1.7636 0.279628 0.150528 -0.809401 0.0601941 0.87222 0.169766 -0.326931 -0.372369 -0.0714087 0.0990607 0.0585222 0.318658 -0.794762 0.398094 0.309932 -0.440481 0.145633 1.02137 0.924818 -0.482819 -1.96796 
0.774332 -0.686003 1.50407 -0.196837 1.63217 0.173245 -1.92627 0.513051 -2.10581 1.49996 -0.874228 -1.22848 -0.118114 0.0407181 -0.0528844 -0.218409 0.313733 0.623548 0.104947 0.241366 -0.482793 0.233702 0.705208 0.228581 -0.350441 -0.323618 -0.0662195 0.0766796 -0.0517844 1.36219 -3.86943 0.0569208 -0.670068 0.368655 1.88703 -1.43478 -0.106284 0.314643 -0.330883 
0.776061 -0.663789 1.29062 0.255103 1.46293 0.0962792 -1.81822 0.365346 -1.40663 1.39151 -1.3474 -1.02252 0.217953 0.0419233 -0.0794715 -0.215136 1.1597 -2.10583 0.336549 -0.519539 -0.440746 1.94723 -0.562557 0.0634823 -0.0122879 -0.703251 0.120645 -0.245306 0.0235607 0.0240675 -2.77849 0.190099 -0.857586 0.378836 0.487629 -1.68098 -0.60406 0.79742 0.631987 
0.816256 -0.765475 1.28894 0.962865 -0.473663 0.509793 -2.44581 0.0723059 -0.158579 0.937407 -0.810746 -1.24077 -0.821366 0.161363 -0.298191 -0.194848 0.337801 -2.15495 0.295046 -0.61622 -0.103958 0.721331 -0.975776 -0.37548 0.446978 0.308368 0.232898 0.0308776 -0.238394 -1.4105 2.3471 -0.574716 0.72483 0.501562 -2.86209 -0.476452 0.0143785 0.970402 2.58496 
0.937424 -0.961979 1.09578 0.592904 -0.692016 0.391326 -2.43444 0.261388 -0.685296 0.415732 -1.72288 -0.575541 0.526322 0.274822 -0.0485939 -0.45353 -0.250802 0.24127 -0.238168 0.205291 0.0608166 -0.914863 -1.03901 0.0778608 0.958115 1.88171 0.108439 0.848286 -0.657436 -0.221417 2.35473 -0.851875 1.55111 -0.300497 -0.861146 0.514387 1.22382 0.576951 -0.106116 
1.09108 -0.814069 0.835406 0.712063 -0.232393 0.271626 -2.24052 0.133122 -1.07344 -0.101602 -0.732885 -0.282658 1.06034 0.269802 0.550096 -0.852285 0.116384 0.199788 -0.556829 0.934888 -0.404455 -0.139815 -0.461389 0.848337 1.02393 0.202253 -0.119455 0.977163 -0.868399 1.40911 -1.42934 -0.185046 0.428722 -0.44547 1.63681 1.63936 -0.0215299 -0.611883 -1.61482 
1.20723 -0.411883 0.243491 0.709288 -0.492228 -0.165503 -1.49955 -0.143066 -0.825112 -0.0456574 -0.874539 0.448388 0.728574 0.155367 0.928569 -1.32193 1.15831 -1.18807 -0.423214 0.634013 -0.384653 0.721951 0.600346 0.0563309 0.346231 0.266888 -0.207967 0.252941 -0.529725 1.61846 -2.11335 0.172509 -0.918327 -0.207626 1.42587 0.0328912 -1.66952 -1.41292 0.270008 
1.24644 0.1145 -0.486524 1.87037 -1.42046 -0.151588 -1.60651 -0.251531 -0.351491 0.498744 -0.676554 0.0635736 1.32723 0.0618347 0.803037 -1.38201 1.73484 -1.91356 -0.384319 0.0165606 -0.612081 1.28605 -0.428498 -0.821179 -0.388996 0.472261 -0.000511412 -0.90033 0.692377 -1.2602 1.39948 -1.04854 0.285365 -0.84121 0.344782 -2.33713 -1.34306 -0.522871 -0.583326 
1.26906 0.391154 -1.13852 2.44413 -2.40579 -0.549822 -1.48299 -0.755147 0.460943 -0.474155 -1.69572 0.0593918 1.20084 0.154855 0.0282388 -0.629553 -0.101893 0.211412 -1.47175 0.919378 -1.22586 1.06673 -1.73678 -1.28673 -0.17664 -0.316438 0.0630702 -0.653438 1.14351 -1.80731 3.38729 -0.792667 1.28745 0.0527953 -0.417899 0.426451 0.695917 1.11549 -0.181464 
1.4013 0.142739 -1.11608 1.76848 -1.20905 -1.62334 -0.687132 -1.47739 0.715242 -1.23804 -1.96329 -0.113066 1.01079 0.124905 0.149599 -0.238504 -0.0724681 1.47372 -1.17699 1.30402 -0.559285 0.868155 -0.00204679 -0.125261 0.72649 0.290798 -0.110259 0.150547 0.483444 0.445536 0.185866 1.21932 -0.442912 1.53044 -0.68265 2.93116 1.4512 0.919817 1.05072 
1.39397 0.540753 -1.37702 2.37166 -0.932069 -1.72681 -0.178974 -1.31443 1.3291 -0.476202 -1.82098 0.785881 1.49163 0.0445961 0.178786 -0.146109 0.343643 0.397278 -0.252431 0.476465 0.304573 0.384083 1.19438 0.164467 0.743177 0.734279 -0.134592 -0.192625 -0.0589852 -0.0168215 -2.09574 0.808723 -1.527 0.624972 -1.4811 0.334863 -0.169368 -1.56941 -0.377876 
1.4459 0.321525 -1.26219 2.11212 -0.811773 -1.87577 -0.210667 -1.17282 1.09933 -0.0436574 -1.79882 0.630111 1.74507 -0.00968658 -0.0430263 -0.297489 -0.0892897 -0.622015 -0.368264 -0.222985 0.0656866 -0.612942 0.332817 -0.294629 -0.842924 -0.0870783 -0.0916363 0.0397831 -0.233363 -0.317736 -0.191898 -0.0741404 -0.405165 -0.322327 -0.823956 -0.842642 0.0069449 -1.20543 -0.604584 
1.38428 0.497727 -1.67451 2.28237 -1.55408 -2.09507 -0.401959 -1.24875 0.716156 -0.143386 -2.11561 -0.057043 1.40455 -0.0470403 0.218569 -0.379472 0.0259066 0.20538 -0.326572 0.0713004 -0.0177539 -0.439873 0.351736 0.171412 -0.462251 0.129695 0.0474132 0.132191 0.380284 -0.0767729 1.93037 0.411919 0.600377 0.289918 0.576682 0.474823 1.17822 1.53049 0.896798 
1.39886 0.540094 -1.64166 2.13803 -0.606393 -2.20234 -0.139366 -1.19057 0.659452 0.308078 -1.62741 0.167859 1.87477 0.0377266 0.0891643 0.0827944 -0.166063 1.30835 0.0436552 0.377392 0.355605 -0.0362597 0.80764 0.883589 0.687567 0.809719 0.156139 -0.49405 0.775099 -0.597974 0.385215 0.615806 -0.0856726 0.242724 0.468819 0.0560153 0.372409 0.893516 0.177948 
1.42201 0.586891 -1.59172 2.11631 -0.245731 -2.05142 -0.0245672 -0.893141 0.679897 0.664255 -1.23202 0.630524 2.21427 0.109099 -0.275481 0.395627 -0.572068 0.590595 0.289234 -0.0143722 0.22497 0.0289455 0.407751 0.543821 0.431264 0.307643 -0.0664406 -0.0538667 -0.204127 -0.28509 -1.61648 -0.157877 -0.494323 -0.735731 -0.0157409 -1.05997 -1.19604 -0.780518 -1.45357 
1.50795 0.264613 -1.24603 1.56596 -0.0157975 -1.91311 -0.153738 -0.965604 0.688397 0.715829 -1.08358 0.599124 2.18241 -0.0287139 0.0352976 -0.121332 -0.451152 -0.308127 -0.114222 -0.116931 -0.380127 -0.0520007 -0.252334 -0.312449 -0.0929507 -0.643855 -0.235709 0.807082 -0.889156 0.683597 -1.14778 -0.296757 0.138243 -0.354968 -0.13614 -0.388033 -0.493573 -0.625955 -0.537804 
1.39329 0.622189 -1.71305 1.66516 -0.553859 -2.16564 -0.141498 -1.27327 0.627896 0.411921 -1.54447 0.537574 1.57042 -0.12661 0.531601 -0.493529 0.11153 -0.557183 -0.0075231 0.123871 -0.129997 -0.107194 0.0197184 0.0502487 -0.194691 -0.230161 -0.00946269 0.176888 -0.081804 0.327055 -0.192742 0.316012 0.0653746 0.30912 -0.311608 0.230868 0.737734 -0.485658 0.425049 
1.38134 0.796213 -1.73956 1.67749 -0.57298 -1.92063 -0.0298679 -1.0956 0.581203 0.735548 -1.03334 0.404433 1.95225 -0.0381766 0.212186 -0.203136 -0.124097 -0.50087 0.201789 -0.0515564 -0.0710064 -0.363609 -0.0214655 0.425285 -0.578609 -0.218806 0.168083 -0.706685 0.631209 -0.662176 0.680216 -0.0750949 -0.242265 -0.0141597 -0.33849 -0.00389241 0.134981 -0.497117 -0.448629 
1.35512 0.834374 -1.91619 1.54106 -1.05473 -1.96385 -0.193055 -1.34427 0.264287 0.390455 -1.11918 -0.0410352 1.35161 0.0414727 -0.175084 0.13768 -0.550646 0.123033 -0.082618 -0.118394 -0.144157 -0.445684 0.015826 0.18523 -0.691807 -0.67879 0.127427 -0.425112 0.658659 -0.388653 1.23581 -0.0587477 0.210589 0.211799 0.341015 0.812785 0.0731583 0.551842 0.0977545 
1.42282 0.621129 -1.60188 1.12684 -0.449947 -2.00325 -0.148262 -1.23976 0.135519 0.751374 -0.848106 -0.287374 1.27346 0.0892505 -0.212926 0.455522 -0.51275 0.734942 0.143042 0.159032 0.140792 -0.0225937 0.79132 0.498444 -0.0267672 -0.121052 -0.0992801 0.358744 -0.177139 0.636585 -0.307295 0.238321 0.278701 -0.0482411 0.69332 0.584092 0.19338 0.858944 0.396821 
1.44437 0.621448 -1.46066 1.02831 -0.319787 -1.82081 -0.0340224 -1.20348 0.241693 1.18178 -0.62074 -0.0678024 1.23056 -0.0578074 0.18366 -0.0394591 0.085939 -0.184261 0.155703 0.160307 -0.192398 0.247636 0.599918 0.37861 0.167137 -0.28197 -0.173639 0.552462 -0.543253 0.860172 -0.923657 0.103494 -0.0123617 -0.229544 0.236661 -0.387159 0.0103709 -0.203208 -0.00734541 
1.36501 0.80479 -1.64134 1.21278 -0.634209 -1.84755 0.0120443 -1.43216 0.383156 1.35129 -0.469496 -0.120237 0.99149 -0.0843883 0.339536 -0.0877311 0.347422 -0.188715 0.246536 0.14667 -0.088752 0.214067 0.404161 0.508814 -0.229976 -0.128397 0.0939558 -0.324633 0.280451 -0.536864 0.394036 0.133371 -0.105402 0.175879 -0.814999 -0.464462 -0.124063 -0.922129 -0.139696 
1.35998 0.960984 -1.54839 1.37573 -0.508502 -1.57427 0.112648 -1.29223 0.455761 1.58594 -0.111925 -0.297778 1.10216 0.0361484 -0.140973 0.240992 -0.450926 0.209775 0.289074 0.0549049 -0.0165191 -0.567362 0.135457 0.254547 -0.754992 -0.421666 0.0102953 -0.177374 -0.326032 -0.376532 0.0118726 -0.00176254 -0.104854 -0.343364 -0.776342 -0.267606 -0.587703 -0.580328 -0.426202 
1.40116 0.663817 -1.40034 0.761858 -0.424434 -1.55847 0.0669492 -1.44868 -0.184207 1.48675 -0.214949 -0.875229 0.569824 -0.074093 0.162163 -0.413763 -0.0291098 -0.176843 0.244773 0.0418169 -0.432116 -0.562274 0.136556 -0.0788886 -0.810304 -0.554599 -0.108145 0.398475 -0.381335 0.658868 0.698917 -0.0225102 0.0848623 -0.0900772 0.396734 0.771939 0.203786 0.258917 0.612354 
1.28588 1.12315 -1.96216 1.34662 -0.685345 -1.3295 0.154465 -1.72435 -0.106514 1.72249 -0.190814 -1.10808 0.547564 -0.0719962 0.257502 -0.140342 0.207943 0.908691 0.266564 0.139767 -0.106596 -0.170628 0.907395 0.458333 -0.496075 0.190688 -0.0833409 0.0274249 0.520757 0.285244 0.652963 -0.12011 -0.16895 0.202682 0.191161 0.11216 0.212127 -0.0451188 0.683406 
1.32916 0.921319 -1.54069 0.969801 0.484257 -1.29191 0.206716 -1.55527 -0.354835 2.39414 0.243384 -1.3713 0.760513 -0.157434 0.189588 0.106994 0.256134 0.47612 0.124663 -0.127133 -0.229435 -0.371113 0.248716 0.133238 -0.855422 0.128807 -0.206677 -0.518856 0.919324 -0.393786 -0.0802932 -0.00826051 -0.234701 0.499571 -0.346739 -2.02339 -0.639647 -0.396329 0.210382 
1.12845 1.31273 -1.85516 1.60276 -0.209225 -1.20484 0.0273318 -1.95378 -0.477627 1.97121 -0.0575758 -1.9635 0.676371 -0.278673 -0.261354 0.778982 -0.185843 0.828398 0.258304 -0.0949341 0.392975 -0.517367 -1.116 -0.181314 -0.892404 0.40107 -0.147536 -0.681321 0.990228 -0.982772 0.839795 0.0804571 0.0702978 1.03496 0.574302 -1.13432 0.149702 2.24944 -0.189429 
1.05049 0.659965 -0.761705 0.783958 1.31266 -1.0336 0.111782 -1.1623 -0.872202 1.27815 0.0620703 -2.26371 1.16158 -0.30497 -0.491733 1.09722 -0.726638 1.31592 0.205121 -0.0568354 0.805528 0.203189 -0.885609 0.28294 1.39402 -0.0606222 0.0839084 0.538283 -1.14346 -0.0534828 -1.43426 -0.45071 0.101584 -0.582832 0.600835 2.00961 0.974674 1.86787 -0.390531 
0.82348 0.821001 -0.757941 0.87612 1.10669 -0.999716 -0.0295037 -1.14826 -0.274438 1.0856 0.225364 -0.569484 0.615749 -0.194764 0.276929 -0.364483 -0.239326 -0.60586 -0.192407 0.00665002 -0.189857 0.0834672 0.893612 0.793361 0.975464 0.010539 0.534216 0.686997 -1.60029 0.248074 -2.51702 -0.466504 0.38779 -1.40131 -0.746042 2.37744 -0.103577 -3.08488 -0.280428 
0.855724 0.936894 -1.12619 0.544632 0.706795 -1.22601 0.118432 -1.35216 -0.788735 2.17176 0.855431 -1.28824 1.17212 0.229246 0.195264 -0.503071 -0.478564 -1.2011 -0.261383 0.330955 -0.595783 -0.542852 1.49183 0.179363 -1.69086 -0.341051 0.433046 -0.283374 0.30825 -0.603086 -0.335738 0.212094 -0.0326919 -0.0532689 -0.253661 -0.871683 -1.46166 -2.82643 -1.79928 
1.05273 1.01627 -1.26101 0.397556 -0.0944128 -1.2611 0.301451 -1.74404 -0.81729 2.57743 0.404727 -2.26035 0.274698 0.238282 -0.00644555 -0.0562326 -0.842412 -0.941598 0.0196872 -0.0260419 -0.243126 -0.170194 0.0219286 -0.668304 -1.85097 -1.78874 -0.305428 0.115388 0.285149 0.00362317 0.11848 0.471133 -0.444094 1.04905 0.126757 -3.02765 -0.41818 1.28559 -1.08616 
1.09401 0.930448 -1.18242 -0.29778 -0.234803 -1.20632 0.0923905 -1.59528 -0.958928 2.19369 0.187127 -3.13921 -0.616623 -0.076182 0.310651 -0.217922 -0.474941 -1.08262 0.20975 -0.113139 0.453269 -0.416095 -1.53582 -0.238816 -0.405276 -1.42721 -0.397993 0.51577 -0.155535 1.33241 -0.971578 0.634276 0.164042 0.606639 0.395953 -1.48674 0.989468 2.73858 1.11109 
0.976544 1.32692 -1.47893 -0.0773852 -1.17704 -1.05135 0.188312 -1.29077 -1.23339 1.04161 0.165911 -2.66562 -1.15251 -0.159711 0.509324 -0.211767 0.489996 -1.91318 0.653963 0.138 0.363513 0.22576 -1.46481 0.321164 0.887607 -0.677655 0.0115838 -0.0753986 0.445329 0.625104 0.819413 0.350904 0.576072 -0.254621 0.817447 1.39009 1.13942 1.43609 2.01642 
0.934295 1.43977 -1.39419 0.192216 -2.14798 -0.552361 0.230391 -1.23177 -0.733169 0.728871 0.508292 -2.25161 -1.29428 -0.0645982 0.235253 0.227407 0.150163 -0.26321 0.560654 0.462932 0.198648 0.401352 -0.145733 0.900606 1.03082 0.589207 0.175643 -0.841777 0.659454 -1.52925 2.78465 -0.739223 0.183061 -0.372072 -0.639737 1.24534 -0.145484 -0.0321499 1.22705 
0.911946 1.56217 -1.25153 0.0727781 -1.44025 -0.490694 0.651244 -1.09212 -0.832034 0.895872 1.06652 -1.6348 -0.563304 0.0159314 -0.332453 0.447687 -1.03925 0.871475 -0.0852598 0.321061 -0.0085591 -0.413977 -0.219472 0.17568 0.855457 0.549399 -0.0488795 -0.320109 -0.135862 -0.718235 -0.217858 -0.515343 -0.415467 -0.237684 -1.10135 -0.34511 -0.918073 -0.206427 -0.17996 
0.950226 1.10732 -0.946501 -0.847035 -1.2765 -0.63762 0.551452 -1.24033 -1.14715 0.509398 0.683972 -1.39615 -0.744879 -0.113478 -0.0848561 0.091545 -0.568072 -0.481068 0.045311 0.0474658 -0.0390362 -0.699998 -0.490843 -0.0174667 0.824391 0.409247 -0.17343 0.415738 -0.399335 1.05522 -1.45458 0.0960955 -0.0167204 -0.14626 0.0710992 -0.295985 -0.229452 0.270005 -0.402033 
0.798468 1.47731 -1.15998 -0.495294 -1.92132 -0.445383 0.69871 -1.13116 -1.53203 0.405029 1.04905 -0.810413 -0.154057 -0.157499 0.0832848 0.0483514 0.0159665 -0.583105 0.0108356 0.304341 -0.154819 -0.342878 -0.515458 -0.0537718 1.12546 0.147366 0.00117157 0.207671 0.14004 0.773226 0.57005 0.29849 0.417902 0.0966206 0.768109 0.3107 0.397965 0.764995 0.0616519 
0.792727 1.1906 -0.89815 -0.831068 -1.85961 -0.626785 0.855793 -1.39515 -1.49002 -0.0060593 0.6302 -0.270689 -0.597513 -0.112306 0.122814 0.231585 0.205154 0.0889818 0.343801 0.465368 0.0575844 0.0681111 -0.180143 0.380499 1.58939 0.470899 -0.037809 0.361483 0.142284 0.0109981 1.11624 0.35076 -0.074236 0.329773 0.0544918 0.950906 0.623414 -0.3398 1.24535 
0.686162 1.60013 -0.928397 -0.29014 -1.83233 -0.101582 1.16408 -1.07358 -1.46392 0.224886 1.42955 0.778973 0.316841 -0.195308 0.444768 0.190636 0.0269646 0.533139 0.361595 0.230105 0.174954 -0.288386 0.435448 0.569643 0.785662 1.39271 -0.0297745 -0.127969 0.226062 -1.05492 0.313294 -0.636244 -0.603158 0.108992 -0.29068 0.451037 -0.218422 -2.38695 -0.179165 
0.59742 1.63537 -0.707514 -0.804104 -1.32647 -0.265189 1.0859 -1.22019 -1.77841 0.429389 1.19984 0.514973 0.795201 -0.142081 -0.00515406 0.457646 -0.849763 0.402276 -0.292443 -0.13779 0.166577 -0.222569 0.270894 0.162077 -0.79756 0.291734 0.0868141 -0.484069 0.18301 -0.0845222 -0.584355 -0.657204 -0.174328 0.336882 0.398558 -0.453904 -0.0401323 -0.610656 -1.86278 
0.544081 1.59497 -0.47075 -1.1399 -1.43006 -0.394025 1.02629 -0.906998 -1.68649 0.49578 1.59163 -0.0185864 0.608575 -0.108494 -0.0393017 0.373645 -0.0575576 -0.0512166 -0.295608 0.0557775 0.511836 0.110172 -0.0184553 0.52951 0.175006 -0.470064 0.0249741 0.0151807 -0.498701 1.19076 -0.802814 0.275717 -0.177085 -0.196748 -0.129493 -0.861564 0.0153738 1.02179 -0.882173 
0.488926 1.59607 -0.333869 -0.861661 -1.37769 -0.560798 1.14168 -0.708356 -1.66824 0.410934 1.72935 0.689979 0.325137 -0.117107 0.0100266 -0.0410549 0.341001 -0.400538 -0.0167255 -0.314875 -0.0301713 -0.352061 -0.59067 0.177451 0.224234 -0.590439 -0.0305846 0.0513483 -0.107358 0.0817142 0.209337 0.751936 -0.558851 -0.651564 -0.20129 0.146419 0.06198 0.0433611 -0.13303 
0.426975 1.605 -0.511805 -0.798902 -1.8306 -0.41075 0.711413 -0.93717 -2.03855 -0.0948895 1.76908 0.205647 0.0181361 -0.139078 0.0120466 0.266288 0.0241566 0.15812 0.456327 -0.503073 -0.139728 -0.0911188 0.127964 0.59149 0.218367 -0.603094 -0.151165 -0.0724294 0.987514 -1.18229 0.971572 0.447399 -0.0570918 0.121037 0.7857 -0.343856 -0.327871 1.04845 0.051077 
0.349848 1.60812 -0.0675813 -0.837505 -1.21957 -0.104471 0.638603 -0.848084 -1.75936 0.538897 2.32084 0.908347 -0.277958 -0.268272 -0.0624028 0.946459 -0.841285 0.571034 0.430674 -0.371967 0.0908658 0.433639 -0.934525 -0.15042 1.27268 -0.539362 -0.121077 0.10493 0.205541 -1.47622 0.246261 -0.00305996 -0.21602 0.385282 0.968024 -1.95244 -2.35375 -0.128638 0.366852 
0.158703 1.5426 0.434654 -1.64019 -1.25956 0.0199238 0.339446 -0.846304 -1.60491 -1.02941 1.61866 1.47833 -0.521226 -0.260156 0.116977 0.471829 -1.45206 0.404381 0.453267 -0.719093 0.245554 0.876905 -1.82447 -1.76226 0.089729 -0.236242 0.0912191 0.311922 -0.805224 0.433404 -0.0645171 -0.144412 -0.209206 0.51379 0.48577 0.795886 -0.540302 -1.979 0.130425 
0.089692 1.72509 0.404247 -2.28957 -0.815185 0.348796 -0.0804904 -0.602529 -0.882453 -1.28558 0.558579 0.998076 -0.5142 -0.177053 0.249519 0.141235 -0.407881 0.506517 0.286262 -0.581172 0.604656 0.919408 -0.13864 -0.690722 -0.706319 -0.408937 0.0474107 -0.503229 -0.0908992 2.4659 -0.843218 -0.470518 0.131544 -0.293572 -0.129204 1.84479 2.23147 -0.368262 -1.61999 
-0.0183498 1.79212 0.57589 -2.04807 -0.753046 0.306186 -0.241726 -0.241648 -0.685504 -1.16805 0.927934 0.772012 -0.930163 -0.212745 -0.386252 0.380929 1.01384 -0.438838 -0.017251 -0.587549 -0.0480177 0.747701 0.020314 0.469209 -0.278533 -1.85623 -0.0660414 -1.086 0.416371 2.07617 -0.415303 -0.148428 0.403952 -0.788592 0.321152 -0.0444931 0.987004 0.880615 -0.549266 
-0.123053 1.33884 0.785177 -1.27573 -1.25402 0.331545 -0.668039 -0.650547 -0.134751 -1.26526 1.02779 0.719543 -2.37043 -0.243094 -0.836478 0.557606 1.66829 0.0912134 0.137834 -0.177221 -0.183936 1.24056 -0.183133 0.296282 0.174296 -0.958203 -0.229266 -0.438741 0.0242829 -0.026156 0.734612 0.138205 1.67752 1.07027 0.452853 0.8799 -0.865668 0.424929 3.12597 
-0.261444 0.955638 1.1335 -0.379777 -0.661832 0.44402 -0.418947 -0.425584 0.555057 -1.35119 1.22422 0.946308 -1.88837 -0.442011 -0.824993 0.405212 0.98768 0.295774 0.120954 1.08998 1.02225 1.20055 0.900214 -0.396459 0.146397 1.26974 -0.386739 -0.356203 -0.821948 -1.71462 0.613721 -0.0340203 0.829482 0.95398 -1.02313 1.00393 -2.15898 -0.902854 1.81376 
-0.565064 0.513848 1.19039 -0.288052 -0.958248 0.452499 0.421936 0.371701 1.0658 -0.365048 0.631329 0.86594 -1.1007 -0.629833 -1.19268 -0.264342 -0.0463291 0.704934 0.103814 0.652261 0.770044 0.217435 0.820795 -1.86269 -0.728557 0.855555 0.0849142 -0.103489 -0.961219 -1.07685 1.47857 0.239858 -0.789581 -0.71349 -1.82841 -0.940155 -0.57586 0.350147 0.156382 
-0.891277 -0.237043 0.869153 -0.426106 0.0431017 0.547834 0.233315 0.34446 0.772492 -0.530392 -0.638478 0.217751 -1.03281 -0.357097 -0.928483 -0.556007 -0.0891735 1.77434 0.360812 0.300395 0.308758 -0.627858 -0.0399408 -0.972318 0.496544 1.42612 0.530208 0.900073 -0.184481 -0.331607 -0.70636 0.0814198 -0.297228 -0.242664 -0.419172 -1.18946 2.96181 0.982725 0.374985 
-0.922162 -0.414635 0.634382 -0.377226 0.816097 0.813311 0.72233 0.680458 0.437945 -0.404989 -0.340989 1.36248 0.325421 -0.0996251 -0.292608 -0.448823 -0.377936 -0.001426 0.185234 0.355034 0.52738 -0.201737 -0.368663 1.09912 0.254168 1.23054 0.248054 0.661488 0.452661 0.0957419 -1.8405 -0.338276 -0.333595 -0.232478 0.774856 -0.104446 2.51529 -1.23984 -1.94285 
-0.990902 -0.529651 0.420331 -0.804043 0.0416757 0.733068 0.588348 0.871839 0.570755 -0.899055 0.460637 0.471918 0.197729 -0.109043 -0.266995 -0.103346 0.00656844 -0.0661511 0.0225359 -0.0332 0.07628 0.146998 -0.144387 1.54298 -0.743293 -0.516736 -0.00360281 -0.217049 0.147099 0.32156 0.253247 -0.54279 -0.808356 -0.877499 0.152471 0.430027 -2.36454 -0.923213 -2.44951 
-1.0312 -0.68163 0.531036 -0.370657 0.749946 0.835847 0.68913 0.756738 0.584943 -0.549376 1.20199 0.61919 -0.191315 -0.103228 -0.509657 -0.301724 -0.0563763 0.251821 -0.357556 -0.453322 -0.350119 -0.0492656 0.0613631 -1.26543 -0.669046 -1.21897 0.0927014 0.106337 -0.0442554 -0.156101 -0.194827 -0.0779155 0.104372 0.105622 0.00682775 0.454796 -1.50343 2.33853 0.634105 
-1.09413 -1.03931 0.118606 -0.860419 0.293497 0.375512 0.135026 0.521721 0.52149 -0.837692 -0.80479 -0.197127 -1.02125 -0.0163418 -0.160658 -0.147601 -0.149532 -0.260978 -0.0553796 0.0711723 0.181902 0.153825 0.310409 0.0395457 1.59523 0.11737 0.0731759 0.75375 0.647997 0.508617 0.482635 0.922492 0.430859 -0.0834195 0.0638044 -0.187154 2.61611 2.02837 2.01858 
-1.04755 -0.842288 0.383435 -0.52019 0.488967 0.780467 0.760303 0.93864 0.738768 -0.238967 1.24153 2.21442 -0.0739458 -0.030052 0.244092 0.346272 0.452241 0.734456 0.564936 -0.0224637 -0.433538 0.0145388 -0.125791 1.35068 1.35932 0.799608 -0.0527483 0.217778 0.131043 0.161968 0.364961 0.0106541 -0.45151 -0.511243 0.254158 -0.270384 -0.866669 -2.9312 0.823655 
-1.12418 -0.795216 0.464879 -0.408178 1.02795 0.940448 0.112562 0.0881824 0.536028 -0.963483 0.54589 1.16219 -0.221638 -0.0690901 0.0571204 -0.0165583 0.0124353 0.103983 -0.0447255 -0.380338 -0.329341 0.407983 0.0400256 -0.827124 -1.33597 0.941025 0.0894585 -0.15478 -0.504339 -0.444438 -1.36059 -0.808206 0.666722 1.22463 0.315127 0.713966 -1.7675 -2.32183 -1.5814 
-1.11664 -0.785168 0.366877 -0.507754 0.59295 0.735742 0.379964 0.609299 1.14675 -0.198941 0.414408 0.878457 0.867079 0.0594065 0.0893122 -0.158067 0.00780253 -0.626135 -0.24327 0.644258 0.791094 0.329665 0.588175 -0.416823 -0.962506 -0.781791 0.0581961 -0.161728 0.0750234 0.0357503 0.188207 0.13679 1.09457 0.772306 -0.476601 0.632192 1.20021 1.38584 -1.8815 
-1.06478 -0.705903 0.306812 -0.400376 0.401818 0.697179 0.756821 0.879276 0.865694 -0.375308 0.129066 0.199688 -1.00343 -0.010894 -0.104608 0.0584651 0.0481857 0.29219 0.092065 0.714236 0.442964 -0.0686174 0.672218 0.373082 0.0498695 -0.940478 -0.203024 -0.567002 0.136083 -0.27043 0.730454 0.579991 -0.282324 -0.733706 -0.165037 -0.933562 0.0449753 1.37642 2.21044 
-1.12753 -0.889775 0.425342 -0.459569 0.88514 0.827807 1.0942 1.05226 1.07813 0.473277 0.78749 0.928326 -0.0733989 -0.143617 -0.47769 -0.0219839 -0.262627 0.104319 0.336721 0.361935 0.057388 0.164628 -0.345387 -0.371848 0.413919 1.42865 0.0159929 0.0293874 -0.107874 0.104458 -0.424108 -0.445864 -1.73334 -0.508102 -0.0733963 -1.90343 -0.955377 -0.277834 0.221769 
-1.20839 -1.18359 0.284828 -0.663003 0.506136 1.0339 1.11876 0.936664 1.03032 -0.720695 -0.242782 0.613607 0.425222 0.00509884 -0.0752201 -0.0494093 0.152644 -0.131918 -0.353799 -1.0191 -0.0651379 -0.142014 -1.23121 -0.582295 -0.227964 -0.718709 0.21248 0.541629 -0.044912 0.682395 0.855206 -0.480974 -0.940359 -0.130375 -0.562726 -0.0398208 0.907416 0.174709 -1.70165 
-1.12243 -0.964995 0.375932 -0.306924 0.753221 0.474008 0.075097 0.987125 0.93612 -0.757934 0.205195 0.700362 -0.792108 0.0688629 0.0639388 -0.066896 0.419768 0.959524 -0.144253 -0.578424 -0.0729872 -0.398098 -0.385208 0.535568 0.588627 -0.273003 0.0264363 0.220964 0.00703236 -0.760185 0.0123727 0.686903 1.55338 -0.253311 -0.717765 1.64678 0.63969 -0.936152 1.14459 
-1.13953 -1.11965 0.217932 -0.243235 1.46566 0.889647 0.540331 0.863677 0.632224 -1.1059 0.292786 1.20223 0.152218 0.0315351 0.145744 -0.0423769 -0.607541 -0.119546 0.333105 0.53428 -0.318449 -0.859779 0.415572 0.0573949 -1.16412 0.425884 0.0470891 0.273104 0.180694 -0.864706 -2.26575 0.185459 1.11895 -0.0806958 0.345673 1.94285 -0.207857 -1.49767 0.539755 
-1.0909 -0.819251 0.333556 -0.914465 0.633676 0.807113 0.609377 0.668676 0.0763417 -0.342362 0.26259 -0.463754 -0.366224 0.115952 0.337043 0.113798 -0.444937 -1.30622 0.0412063 0.540531 -0.153683 -0.0524246 1.55764 0.32771 -0.909044 0.266752 -0.0158667 -0.196361 0.199678 0.929088 0.891647 -0.119423 0.158404 1.22589 1.9992 -1.08659 -0.105534 1.13486 0.730095 
-1.02358 -0.782612 0.331731 -0.688172 0.159438 0.930853 1.08086 0.709994 0.5798 0.451742 0.620496 0.29319 0.41897 0.0156684 -0.0506168 0.157301 0.321547 0.772101 0.213682 0.692684 0.907445 1.13942 -0.671019 -0.0481394 -0.0292549 1.15598 -0.26089 -0.627957 -0.217627 0.51695 2.32503 -0.14806 -0.572424 0.931448 0.743603 -2.24751 -0.82169 0.656087 -1.03808 
-1.07523 -0.869868 0.490856 -0.592918 1.40578 1.02079 1.30206 1.57612 1.21576 -1.01338 0.21445 -0.493009 0.789755 -0.144938 -0.290914 -0.103829 0.0720121 1.01881 -0.106854 -0.0318936 0.777765 0.691178 -0.689863 -0.49398 -0.252957 -0.771325 -0.115241 -0.137019 -0.117468 -0.270429 -1.83629 -0.371086 -0.66495 -1.47338 -1.6048 1.15266 0.143278 0.586896 -2.83949 
-1.16852 -1.07353 0.227901 -0.61616 1.17825 0.823999 1.04897 1.48776 1.27098 -0.238121 0.126516 0.0402327 -0.352355 -0.0995727 -0.187636 0.0398325 0.0511184 -1.06418 -0.157404 0.0277341 -0.565936 -0.465379 0.481639 0.0951385 0.557641 -1.68351 0.220309 0.437389 0.246047 -0.0540872 -2.05589 0.0575863 -0.0450281 -0.863052 -0.161099 0.898197 0.814414 1.11685 0.134215 
-1.1748 -1.0575 0.530689 -0.5418 0.341592 0.86339 1.3298 1.01019 0.750385 -0.531742 0.309589 0.0646321 -0.893757 0.0753716 0.146475 0.142217 0.0179249 -1.03708 -0.0492679 -0.0769217 -0.0852869 0.53008 0.208334 0.320434 0.863895 -0.63711 0.142533 0.0797493 -0.632049 -0.697761 0.476464 -0.277658 -0.53382 0.339064 0.61092 -0.258369 -1.18105 -1.90967 1.12261 
-1.09314 -0.927051 0.370119 -0.598235 0.141164 0.774731 0.972047 1.40247 1.80106 -0.0297877 0.44695 0.904127 -0.989465 0.0429599 -0.107886 -0.592217 -0.646642 -0.587721 -0.435062 -0.506086 -0.226872 0.14554 0.223271 -1.08591 -1.35202 -0.560906 -0.115316 -0.277429 -0.42431 -0.500458 1.78455 -0.000220418 0.188741 -0.0232332 -1.98939 -0.529353 -0.379979 -0.933664 2.76366 
-1.13184 -1.16539 -0.0615278 -1.18844 -0.246129 0.428328 0.823709 0.783313 0.895926 -0.308472 -0.776321 -1.28739 -1.45466 -0.0399447 -0.130954 -0.282093 -0.482533 0.747472 -0.0494883 0.111819 -0.10852 -1.45931 -0.32102 -0.0595454 -0.069769 2.12655 -0.00149728 0.427221 1.10279 1.29848 1.99691 0.427476 0.241577 0.135928 -0.982726 -1.18805 1.795 4.06071 2.38624 