89.0764 -6.21516 -3.88719 -1.31953 -0.984421 -0.01297 -0.228717 0.165045 -1.14301 0.167419 -0.382673 1.85851 -1.43534 
86.7088 -6.91626 -4.47523 -1.66188 -1.27893 -0.0884113 0.531425 0.0389833 -0.363164 0.285115 -0.0856144 1.47532 -1.24772 
87.3161 -7.3386 -4.04825 -1.59871 0.00259293 1.30689 0.438733 0.683377 -0.198352 0.912303 -0.711525 2.15079 -1.62086 
86.3707 -6.429 -4.7063 -1.78381 -1.84759 0.0824678 -0.24872 0.296974 0.232943 0.474803 0.870079 3.00566 -0.634147 
88.085 -5.87331 -3.75125 -1.93352 -1.58056 0.112611 -1.36131 -0.567115 0.191088 0.0957447 -0.298874 2.52984 -0.633192 
88.0181 -6.91054 -4.8742 -2.59151 -1.42903 0.748693 -0.10397 -0.119411 -1.13721 0.776392 0.611415 0.918956 -1.36989 
89.0644 -6.46766 -5.03214 -2.0766 -0.753974 0.343828 -0.10218 0.226491 -0.553535 0.116133 -0.598854 0.652136 -1.10356 
89.8525 -4.6388 -2.76944 -2.06596 -0.91215 0.716782 0.123858 -0.154 -1.78041 -0.531771 -0.394543 1.53354 -1.5599 
91.1288 -4.25424 -3.69784 -0.888669 0.844361 1.20692 -0.240614 -0.0896932 -0.988388 -0.128349 -0.205448 2.66503 -1.18316 
91.1239 -3.55182 -3.04309 -0.408563 0.61719 1.17532 1.05173 1.12284 0.692016 0.438027 0.327707 2.63503 -0.404604 
95.8213 -0.228347 0.179304 1.03326 0.972644 0.862254 1.42629 1.05404 0.461871 1.3771 0.174085 1.93581 -0.777231 
103.53 5.75383 3.08086 1.42629 0.770204 -0.0194705 0.848962 1.43762 -0.0295201 -0.0871608 -0.816181 0.518393 -1.31702 
104.71 7.91926 3.71604 1.47421 -0.866386 -1.63685 0.270682 0.653895 -0.414623 -0.361892 -1.25297 -0.192331 -1.78847 
108.002 7.90059 4.48434 0.881183 -1.43176 -0.542289 0.111737 0.825091 0.389481 -0.468464 -1.58307 0.130356 -2.34951 
107.02 9.70204 3.97132 0.0538531 -0.604808 0.0987595 0.168098 0.494821 -0.628393 -1.27947 -2.27133 0.138527 -1.65021 
108.109 8.13701 4.36232 0.505314 -1.26576 -1.21994 0.219484 0.569628 0.0559597 -1.32924 -1.83788 -0.201076 -1.77783 
108.283 8.32482 4.93152 1.13683 -1.72206 -1.04297 0.617777 0.755678 0.0190494 -0.357219 -1.04443 -0.097344 -2.46224 
108.394 9.02647 4.61608 1.09173 -1.83751 -1.27625 0.35759 1.57896 0.11935 -0.149093 -1.04348 0.388397 -2.18475 
110.824 9.53474 5.6342 0.90815 -2.33757 -1.07817 -0.219309 0.199583 -0.572269 -0.796195 -1.95514 -0.245155 -2.51194 
111.359 10.7794 5.97259 1.12004 -3.58821 -1.20589 0.46559 0.0294164 -0.65411 -0.633311 -2.30732 -0.229245 -2.29287 
113.449 10.6042 6.3687 1.65907 -4.25823 -1.71629 -0.577238 -0.0783541 0.634596 -1.19905 -2.87044 -0.321849 -1.64587 
113.591 11.8679 6.40325 0.820419 -5.26615 -1.8989 -0.381034 0.0577178 0.063146 -0.868771 -2.97273 0.183225 -1.7365 
114.083 12.4762 6.26503 -0.123121 -6.48682 -1.50739 0.180318 -0.242239 1.15589 -0.734986 -2.98809 0.218502 -1.03686 
118.786 11.9309 3.0267 -0.264392 -5.59735 -1.56941 -0.14706 -0.0669506 1.59376 -0.951016 -1.51786 -0.4324 -1.41776 
120.329 11.7666 1.5195 -0.554231 -6.11671 -1.70846 0.0552961 -0.218593 1.56011 -0.449493 -1.77083 -0.264065 -0.727129 
118.558 12.2518 2.61984 -1.62455 -7.57426 -1.73135 1.85491 -0.138913 0.758859 -0.464472 -2.04967 0.74805 0.104411 
117.683 12.3552 2.62913 -1.93756 -7.97884 -1.31966 3.49228 -1.29757 0.425977 0.0344972 -2.09673 1.01387 0.426859 
118.283 12.1869 2.45015 -2.35957 -8.39037 -0.765725 3.64977 -0.911682 0.127491 0.114905 -1.82828 0.605825 0.701918 
121.101 11.4804 0.970242 -2.98634 -6.71831 -0.818371 3.45552 -1.35034 -0.094122 -0.068621 -0.782102 1.46136 -0.822242 
120.801 11.4214 1.38649 -4.21978 -6.15013 -0.109948 3.58368 -2.31131 -0.340908 0.974623 -0.657551 1.23091 -1.05001 
122.192 10.9224 0.446175 -4.16443 -5.28721 -0.221868 3.0997 -2.4978 0.126237 0.70434 -0.558593 1.44577 -0.972837 
122.553 10.4458 0.358373 -4.77297 -4.10789 -0.209342 2.71791 -2.56384 0.45028 0.269919 0.0373971 1.15983 -1.1271 
120.945 10.6817 0.623755 -4.77194 -4.1503 0.554335 2.28681 -3.03125 0.661734 0.678151 -0.67889 1.55019 -1.37026 
121.646 9.50837 1.22083 -4.77357 -3.77077 0.0740456 2.38462 -3.14182 1.29185 0.180304 -0.784809 1.79983 -1.82773 
120.409 9.40089 1.50833 -4.5471 -3.20552 -0.113592 1.59034 -2.43968 1.24058 -0.101942 -1.03094 2.19674 -2.13623 
120.053 9.95238 1.02287 -5.3091 -1.78881 -0.676154 2.12116 -2.88233 0.389466 0.80786 -0.745216 1.74318 -2.50962 
118.536 10.1276 0.948889 -4.42463 -2.55574 0.211892 2.00877 -2.72567 -0.328188 1.09243 -1.16026 1.44569 -1.79998 
115.925 10.6273 0.523093 -3.3666 -1.83136 0.104934 1.46622 -1.8237 -0.935339 -0.336271 -0.721488 2.06594 -2.04759 
113.706 9.76706 0.472195 -1.94572 -1.93544 0.0846744 1.63971 -1.34815 -0.968241 -0.807097 -0.585073 1.54695 -2.58906 
110.569 7.71362 -0.306655 -0.284562 -0.748668 0.13743 1.85556 -0.317814 -0.545358 -0.912021 -0.798696 1.09784 -2.71814 
107.215 6.09755 -0.684914 1.33727 1.32896 1.21327 2.27166 0.846028 -0.698326 -0.667706 -1.14784 0.100557 -3.50944 
106.55 6.19035 -0.443464 2.14445 1.875 0.619967 1.2721 0.356222 -1.19674 -1.16066 -0.0973018 0.179878 -3.45931 
105.103 4.96954 0.110061 2.50319 2.5203 1.86522 0.106113 0.192498 -0.449802 -1.26842 -0.161322 0.901289 -3.86996 
105.135 3.72502 0.361388 2.61648 2.55969 2.20508 0.249042 0.275515 -0.681933 -1.22652 -0.925623 0.288549 -2.87241 
103.256 3.61154 0.871754 3.62679 2.74971 1.487 0.148975 -0.262971 -0.968379 -0.651804 -1.13674 -0.0796213 -2.40691 
102.55 3.07688 1.16733 2.43051 2.59154 1.60123 0.203815 0.33726 -1.16732 0.00215655 -0.680359 0.685943 -2.56008 
99.0973 1.64833 0.762189 2.78519 2.93975 3.02171 0.438131 -0.436478 -0.971182 0.398275 -0.873199 -0.23219 -2.3489 
97.2056 1.11621 -0.165363 1.87868 2.16642 2.73321 0.508755 0.0435246 -0.684679 -0.16611 -0.892736 0.129089 -3.00572 
97.4084 -0.531503 -1.25228 2.34038 2.56981 2.97665 1.20607 -0.543615 -1.40814 0.57141 0.0716994 0.271784 -1.63733 
94.5459 -2.01181 -2.95627 1.52437 1.10075 1.75371 0.63292 -0.569414 -0.786946 0.0421383 0.677814 0.755441 -2.14631 
93.1761 -2.90663 -3.40927 1.08148 1.72113 2.09392 1.04901 -0.368153 -0.982918 1.03487 -0.499623 1.17811 -2.13224 
92.1641 -2.99539 -2.81974 0.488287 0.305715 1.91218 0.897231 -0.865511 -1.34439 0.508286 -1.31001 0.959733 -2.27057 
92.6145 -2.31935 -4.59851 -0.236222 0.0962543 1.56271 1.24432 -1.45293 -1.40711 0.320451 -0.177574 1.26031 -1.61119 
93.0026 -3.21984 -4.57851 -0.147794 -0.300381 1.72904 1.50008 -0.661788 -0.828128 0.702761 0.430096 0.809811 -1.51385 
90.3826 -4.1661 -4.22619 0.105455 -0.492158 1.47226 0.439744 -1.00814 -0.470774 0.596966 0.00836663 1.6195 -1.60872 
89.9837 -3.91493 -4.31217 1.09421 0.567839 1.62429 1.62509 -0.488149 -0.268572 1.72329 0.661299 1.75167 -2.07609 
94.7008 0.342177 -0.326242 3.93766 2.55395 3.25491 2.14406 1.07663 0.62971 0.529182 0.0124112 2.05421 -2.4743 
95.8672 -0.703231 -0.434489 3.7702 2.84429 3.5304 2.31453 0.565123 1.68056 1.30409 -0.784554 1.17624 -2.32445 
91.3353 -2.32428 -2.00033 1.85875 1.30542 2.8068 1.72278 0.644835 0.660659 0.204835 -0.681821 0.96994 -1.6914 
91.4082 -1.7982 -1.51739 0.759928 0.870922 2.05686 2.06674 0.648317 0.431032 1.63511 0.800788 1.41888 -1.34396 
92.6179 -1.11253 -0.108382 2.06423 1.95941 2.98218 2.88127 0.54322 -0.426112 1.34897 0.597623 1.93898 -1.68128 
93.6015 0.792001 0.498344 3.23107 2.06558 3.31842 2.35972 0.0499202 -0.341943 0.208288 -0.680793 1.17913 -2.11563 
97.6807 1.26167 0.816129 3.79154 3.08333 2.6284 1.5929 -1.23502 -0.581271 -0.826492 -0.866747 1.98713 -1.6027 
79.8755 15.1301 -14.2044 12.6993 -3.58006 5.03947 2.66109 -3.68466 4.25136 -3.19057 2.06886 0.328342 -2.29466 
86.8376 -1.22269 -2.06819 1.41229 2.04319 2.43908 -0.351861 -0.457308 -1.29209 0.695859 -0.454955 1.92375 -0.950542 
17.8676 -0.956141 -0.866615 2.44344 0.74151 -1.21988 0.152365 0.559567 0.817074 0.425652 -2.20769 1.42924 -0.947506 
