-1.0298 -1.06611 0.419788 -0.802782 0.559911 0.813328 0.751442 1.22076 1.06302 0.381321 0.325256 -0.147011 0.0890439 0.0236262 -0.134134 -0.529525 -0.610655 0.206098 0.483911 -0.528026 -0.229774 -0.433248 -0.710545 1.05995 -0.0508081 -1.17885 0.0798662 -0.145713 -0.191882 -0.454085 -0.303672 -0.87565 -1.3471 -0.725533 -0.250766 0.632083 0.719533 0.629702 0.579898 
-1.02898 -1.12194 0.230029 -1.0576 0.836875 0.889527 0.426782 0.953236 0.538892 0.245514 0.196026 -0.739676 -0.524965 0.0891744 -0.151799 -0.139127 -0.557945 -0.236155 -0.0954767 -0.542362 -0.547402 -0.277077 0.382116 0.686997 0.0877751 -0.321687 -0.067069 -0.00468956 0.553442 0.538188 -0.787514 -0.902123 0.340368 0.0458751 0.397695 0.730558 -0.634935 0.759035 1.45509 
-0.94063 -1.21791 0.280661 -1.36073 0.323756 0.717851 0.20908 0.673356 0.78594 0.763437 1.01225 -0.0592358 -0.232643 -0.0434428 -0.138823 0.0239168 -0.0724664 -0.581417 -0.418212 -0.187658 -0.183899 -0.0355526 0.0200128 0.425012 0.708227 0.276234 -0.127367 0.245968 0.23158 1.20289 1.18925 0.0975649 0.928097 0.902363 -0.192364 -1.13546 -0.720964 0.234933 0.393896 
-1.07243 -1.26077 0.253946 -1.13007 0.255459 0.471315 0.239124 0.769337 0.503339 0.265527 0.621038 -0.0314485 -0.248732 -0.0381923 0.0941692 0.0924537 0.644944 0.953097 0.00208826 0.385736 0.354962 -0.46944 -0.753341 -0.0339669 0.322708 0.0722083 0.170654 0.0923801 -0.0826336 0.272986 1.25354 0.762117 0.124571 -0.0837334 -0.539154 -0.377139 -0.154674 -0.566808 -0.376602 
-0.978822 -1.12374 0.373115 -0.715783 1.27685 0.71994 0.594816 1.02832 0.3165 0.0100958 0.978286 0.263472 -0.160435 0.127211 -0.0464431 -0.0587168 0.200519 0.67212 0.343906 -0.063087 -0.267632 -0.574706 -0.357127 0.270338 0.14142 -0.100368 0.0208254 -0.186697 -0.282356 -0.766657 -1.63442 -0.121179 -0.197162 -0.677434 0.570001 1.64543 -0.640869 -2.44388 -1.10923 
-0.945216 -1.30721 0.195229 -0.92955 0.927579 0.815221 0.176037 0.501704 -0.0713667 -0.0915997 0.891377 0.109971 -0.3491 -0.0173669 -0.0925274 -0.189902 -0.121713 -0.681325 -0.119091 0.188573 -0.322473 0.100561 0.892091 -0.674836 -2.12117 -1.03702 -0.184321 0.50112 0.495475 0.196718 -0.914669 -0.536319 0.571587 0.488589 1.48506 0.708132 -0.977022 -0.721335 0.621405 
-0.996189 -1.21627 0.183212 -0.837496 0.595528 0.600849 0.783389 0.705845 0.41706 0.902186 0.30345 -1.8577 -1.19746 -0.0571093 0.454676 0.436758 0.397237 -0.242548 -0.192414 0.5085 0.220957 0.910353 0.351005 -0.706684 -0.579915 0.521036 -0.0239845 0.493383 0.686093 0.404795 0.393982 0.303474 -0.204828 0.567494 1.32868 -1.26789 0.526503 4.98934 3.64425 
-1.00233 -0.852535 0.631987 -0.532312 0.685031 0.622807 0.684536 0.722661 0.838987 0.259406 0.184693 -0.469944 0.171936 -0.0413514 0.400856 0.496191 0.283083 -0.287344 0.184384 -0.0162546 0.245021 1.42925 -0.375795 -0.148333 2.86817 2.60723 0.0486238 -0.56525 -0.431589 -0.512723 -0.413998 -0.0436115 -1.02264 -0.0656361 -1.40152 -1.05764 1.16689 2.32375 0.443697 
-1.03754 -0.815414 0.679403 -0.554413 0.308185 0.785233 0.767134 0.950867 1.84631 0.526392 0.155117 1.01047 1.40977 -0.00848553 -0.110573 0.00516864 -0.115486 -0.656546 -0.236025 -0.514144 0.155321 -0.491168 -0.706635 0.46021 1.74383 0.964733 0.111564 -0.459817 -0.565841 -0.593323 0.973714 -0.178276 -0.240414 -0.319756 -2.57716 0.149849 0.599392 -4.08674 -3.16709 
-1.01081 -0.963108 0.637155 -0.647798 0.0284842 0.386782 0.170392 0.877982 0.347818 -0.447229 0.644903 1.27389 1.13667 0.0702127 -0.0589617 -0.0696498 -0.310241 0.686371 0.00610766 -0.256669 -0.0747351 -1.14791 -0.225946 0.451059 -1.21857 -0.559869 0.041208 0.124274 -0.123256 -0.0981953 1.65534 1.00445 0.900219 -0.138506 1.40372 1.0405 -0.673545 -2.39933 -3.00697 
-0.967328 -0.874376 0.609754 -0.864654 0.994555 0.79134 0.510465 0.876131 0.698393 0.300446 0.606176 -0.208105 0.849898 0.0327225 0.0137009 -0.118087 -0.213681 0.998795 0.768425 0.386075 0.0168147 0.912552 0.333868 -0.213335 -0.655502 -2.04223 -0.146608 -0.306092 -0.274483 0.58425 -1.6433 -0.427675 0.178706 0.00183004 0.820228 0.744455 -0.131746 3.4635 1.622 
-0.978088 -0.949407 0.519068 -0.861479 1.02728 1.15521 0.556466 0.894796 1.26037 -0.113361 0.431568 0.618386 -0.905562 -0.076395 -0.365053 -0.344133 0.274009 -0.956929 -0.421567 -0.0779632 -0.0729051 -0.327685 0.518509 0.319313 2.24493 1.06213 -0.0394114 -0.114439 -0.0725585 0.367016 -1.07465 -1.09909 -0.134889 0.104636 -1.76572 0.271122 0.781525 1.01594 3.05032 
-1.04372 -1.23943 0.265621 -0.590645 0.0376257 0.369773 0.432502 0.803226 0.370708 0.818955 0.925489 2.03683 1.91202 -0.00668885 -0.100738 -0.190646 0.153335 -0.0758569 -0.330662 0.251185 0.121451 -0.853165 0.604989 0.56819 0.360441 1.00809 0.12881 0.604599 0.435968 -0.545382 1.02679 0.79555 0.376413 0.303752 -0.74163 -1.91839 -1.36439 -3.12798 -2.37158 
-0.984777 -1.05015 0.328422 -0.708144 0.951423 0.824545 0.807652 1.01625 0.407206 0.491628 0.999758 0.978827 0.102525 0.0524154 0.239546 0.0918348 -0.271373 0.0698569 0.373982 0.298449 0.230847 -1.06931 -1.39988 -1.04508 -0.883048 -1.30945 0.00284062 0.135082 0.193488 -0.326277 0.024316 0.0119686 -0.059345 -0.00246084 1.29433 -0.957451 -1.39943 -0.306835 -1.63124 
-0.991307 -0.999883 0.357455 -0.862017 0.107483 0.743755 0.730952 1.03407 -0.698606 -0.580924 -0.119588 1.15378 0.602576 -0.00384823 0.0343432 0.00284213 -0.172942 -0.0515409 -0.318694 0.19184 0.11899 0.44117 -0.352461 -0.831241 0.053606 -0.623153 -0.0971294 -0.380728 -0.118341 0.354722 0.10619 -0.762828 -0.515404 -0.943969 0.836691 1.7697 0.676269 -1.08397 -0.352731 
-0.988626 -1.0158 0.331265 -0.881086 0.899882 0.505851 0.999492 1.13524 0.848376 0.139166 0.168517 1.03243 -0.520628 -0.044714 -0.141182 -0.0265063 0.0833494 0.176047 -0.388846 -0.216955 -0.713122 -0.232623 0.369818 -0.368808 -1.96702 -1.66218 0.0924465 0.00489183 0.0184817 0.196818 -0.434565 0.162848 -0.589367 -0.434205 -0.41804 0.780154 1.33077 -0.636863 2.13886 
-1.03602 -1.14107 0.330949 -0.778668 0.28353 0.354909 0.513997 0.320952 -0.931229 -0.211106 -0.488396 -0.813243 -1.0596 0.0885982 0.0392351 0.0213239 0.0238762 -0.486106 -0.155845 -0.397526 -0.315215 0.0231298 0.427693 0.499527 -0.583257 1.51571 0.0105662 0.113635 0.286858 -0.406343 -0.202082 0.605759 0.24452 1.24792 2.19347 -0.557314 0.535713 3.23969 3.02974 
-0.900027 -0.976567 0.352588 -0.85721 0.413776 0.350006 0.601965 0.820023 0.871506 0.566859 0.668044 0.449176 0.995084 -0.0341478 -0.0275475 0.260352 -0.322994 -0.0260353 0.216913 0.0275652 0.534799 1.96085 -0.187496 0.166905 1.27266 1.36756 -0.143991 0.108679 0.180756 -0.219744 0.162552 0.471764 0.031528 0.00683235 -0.926945 -1.1604 -0.827564 -0.115258 -1.36747 
-1.07017 -1.16861 0.591301 -1.10166 0.257494 0.571823 0.541562 0.85575 1.02962 -0.398602 -0.321491 0.459421 0.307957 -0.055393 0.147914 0.20208 -0.195867 -0.323553 0.315919 -0.365998 -0.308383 -0.903815 -0.732702 -0.328037 -0.698515 0.148239 0.091373 0.258037 -0.360805 0.909599 0.708063 -0.362294 -0.0575412 -0.338254 -2.6405 0.164384 0.741502 -0.776043 -0.492484 
-0.95542 -0.828653 0.554669 -1.05308 0.090223 0.665924 0.235967 0.51164 -0.0323094 -0.165843 0.340007 -0.24934 1.14332 0.0572252 0.230489 -0.100453 0.586606 0.682027 -0.14538 -0.029976 0.196545 -0.679649 -0.0231123 0.908407 0.49662 0.875076 0.0164812 -0.275239 -0.24709 0.76111 1.03643 -0.489668 0.479375 0.573777 1.12206 -0.0807575 0.885058 0.521384 -1.29528 
-1.01294 -0.938123 0.490848 -0.515056 0.939522 0.426442 0.511586 1.0523 0.349973 -0.421714 0.586915 0.956041 1.18303 -0.0389117 -0.127326 -0.0450095 0.565242 0.712881 -0.173749 0.113377 0.265394 0.218241 -0.81346 0.557022 -0.177131 -1.14704 0.367715 0.766774 1.41233 0.519603 -1.92235 -0.0881394 -1.05894 -1.42262 -0.121296 -1.40173 -1.43814 -2.23538 -4.94794 
-0.994332 -0.955979 0.509659 -0.487835 0.803104 0.492175 0.349344 0.777034 0.185931 -0.979303 0.897029 -0.426471 -0.00371735 0.42494 0.997263 1.31188 1.10621 -1.24033 -0.23352 -1.08892 -1.22608 -0.800945 -1.42485 -0.529734 -1.73876 -4.07286 0.975747 1.9443 1.18373 -0.0612288 -2.11706 -0.278659 -2.21221 -1.72235 -0.65043 -0.804195 -1.96831 -0.581663 -0.758149 
-0.588004 0.0591399 1.80272 0.591152 -0.300804 0.192923 -0.577334 -0.173784 -0.450972 -1.84656 0.057181 -0.782721 -2.88983 0.936835 1.81698 1.13872 0.504013 -1.40418 -0.452408 -2.09884 -1.45695 -0.432189 -1.61765 -1.41129 -0.758794 -1.90519 0.0778719 0.173663 -1.61999 -2.07737 1.4036 -0.0577256 0.0807819 0.889642 -0.773943 1.48673 -0.168882 1.88187 5.83975 
-0.0574966 0.860997 1.64838 0.0161782 -0.601078 0.0397669 -1.74949 -0.67992 -0.246258 -2.59696 -0.514259 -1.18527 -1.90891 0.502812 1.17093 -0.30811 -0.97116 0.163272 -0.291245 -1.00814 -0.336437 -1.57489 0.0618889 -0.698617 0.143105 1.76689 -0.9194 -1.62645 -1.28092 -1.25445 1.35495 0.699525 2.6991 1.34568 -0.9722 3.24038 1.16649 1.49709 1.42138 
-0.0851922 1.23007 1.49461 -0.380008 -0.137533 -0.0983229 -1.58547 -0.510221 -2.02586 -1.78467 -0.641436 -0.639616 -1.12293 0.0174355 0.190524 -0.142202 -0.75044 -0.0492375 0.247117 0.600261 -0.111271 -1.40439 1.62273 -0.244795 0.738291 -0.483811 -0.224716 -1.8442 0.0883915 2.27287 -2.87614 1.06397 2.25317 0.0242619 3.99731 0.0325992 1.60803 -0.473436 -3.20341 
-0.0400612 1.05152 1.50617 -0.734262 -0.650316 0.286884 -1.14923 -0.79119 -1.65065 -0.974228 -0.759054 -0.446975 -2.39272 0.278096 -0.673271 -0.219718 1.30171 -2.71286 0.772723 1.24503 -0.312175 2.42243 0.0944881 0.909418 -0.33033 -1.43652 0.141675 -0.658871 0.0352763 2.34793 -1.87348 0.11203 -0.74245 -0.077107 3.14487 -2.61598 1.15949 -2.28597 0.587454 
0.192903 0.556796 1.2749 0.921705 -2.8504 0.6744 -0.340443 -0.822396 0.396565 -1.69018 0.267983 -0.969947 -2.55946 0.159111 -0.468347 -0.106926 1.59749 -1.92272 0.359148 -0.142189 -0.188378 1.74048 -0.993254 0.914697 -1.54768 0.103643 -0.413398 0.416554 0.614845 -1.59574 3.85319 -0.52526 -2.39516 1.09744 -2.59382 -0.430964 -1.03792 0.436997 3.08349 
0.11905 0.583173 1.39925 0.863227 -2.57304 0.646032 -1.29142 -0.979568 0.0898359 -1.96748 0.155643 -1.99465 -2.28908 -0.135302 -0.256717 0.395127 -0.294025 1.14032 0.247463 -1.15013 0.785269 -0.171398 -0.336476 -0.128506 0.106667 1.64697 -0.00109986 -0.47562 0.568296 -1.59498 1.43651 0.854841 -0.941576 1.37239 -1.84778 1.91395 -0.72299 2.15375 1.26324 
0.057601 0.300079 1.67002 0.627681 -1.71007 0.921863 -1.49057 -0.0371267 0.225167 -2.02666 0.139477 -0.86328 -0.912486 0.158011 -0.943967 0.461371 0.00250991 -0.486207 1.21399 -1.08377 1.18402 -0.107301 0.920699 0.191708 0.606077 1.36688 0.623154 -0.444206 -0.616186 0.17319 -1.38238 0.698319 0.14417 -0.995724 0.805649 1.74277 -0.201429 1.02366 -1.47755 
0.277061 -0.360794 1.86062 0.865737 -3.05924 1.86002 -2.37519 0.204449 -0.0174648 -1.04678 0.347351 -1.38858 -0.922192 0.487851 -0.700923 -0.22106 -0.120834 -0.242061 0.945782 -1.00596 -0.210455 0.634251 1.40629 -0.329935 1.13033 0.169424 0.245359 0.687149 -1.22878 -0.190941 1.7646 -1.63007 -0.160625 -2.14316 -0.281404 -0.621555 -0.412156 -0.236654 -2.61145 
0.545452 -0.400844 1.44896 0.506846 -1.95213 1.86764 -2.49653 -0.247581 0.859417 -0.620368 -0.190458 0.267048 -0.743063 0.40337 -0.256819 -0.767411 -0.188431 1.27839 -0.416085 -1.24439 -0.959139 -0.388705 0.299145 -0.220448 0.369423 -1.24457 -0.120422 0.599428 -0.818128 1.13821 0.361559 -2.08431 -0.202442 0.0770951 -2.07015 -2.12993 1.07123 -3.64465 -0.724762 
0.68043 -0.617613 1.09321 0.677306 -1.78085 1.44393 -3.61958 -0.754691 -0.40617 -0.747638 0.126903 -1.01915 -2.16676 0.367429 -0.101494 -1.03919 1.01737 0.119499 -1.13853 -1.2084 -0.13336 -1.4359 -0.723638 0.741298 -2.51432 -0.555338 0.038546 0.550158 -0.166011 1.10953 -0.790231 -0.590242 2.10697 1.13434 0.37472 -1.04281 1.24297 -0.77326 3.49607 
0.912881 -0.502338 0.409776 1.52422 -1.83263 0.729115 -3.70493 -0.380941 -0.576487 -1.34401 0.55084 -2.24727 -1.2984 0.441916 0.293339 -0.933422 0.921096 0.488163 -1.00633 0.86258 0.175201 -0.0139849 -0.743666 1.02252 -0.403837 2.2515 -0.0393707 0.578737 0.2462 -1.06529 -0.156219 0.383754 2.40365 -0.577857 0.702428 1.17114 -1.18086 2.79759 1.7484 
1.12235 -0.324274 0.159785 1.5984 -1.29269 0.437607 -2.757 -0.57949 -0.420155 -1.4913 1.14943 -1.42299 0.0847394 0.328058 0.477243 -0.792988 -0.0479171 -0.03672 -0.754776 1.19525 -0.711216 -0.733475 0.447504 -0.439561 0.28327 1.19306 -0.286548 0.361611 -0.0972641 -0.441784 -0.578687 0.197863 0.481553 -1.00575 0.0221602 1.42188 -3.0748 0.687416 -2.43109 
1.24094 -0.0250953 -0.383211 1.4763 -1.86935 -0.0256607 -2.50968 -1.09216 -1.30996 -0.896503 0.111279 -1.964 -0.105339 0.155367 0.65495 -1.03069 0.479313 -0.0905238 -0.808464 1.34413 -0.830552 0.00817532 0.67821 -2.05228 0.28358 -0.179583 -0.209669 -0.261666 0.186384 0.555322 0.973668 0.0707051 0.403259 0.0103539 1.97227 -1.03021 -0.813631 1.08298 -0.668063 
1.27771 0.330676 -0.870902 2.07771 -1.38321 -0.370857 -1.41286 -1.41004 -0.411979 -0.813094 -0.902852 -1.13941 -0.0948436 0.118389 0.215577 -0.606603 0.507404 0.936948 -0.684071 1.59851 -0.700863 1.2388 -0.582705 -1.25319 1.36625 0.524999 -0.104849 -0.647861 0.478192 -0.292705 0.200397 0.336467 -0.748439 0.173454 0.0200317 -1.90876 1.23745 0.554889 0.52026 
1.35933 0.190481 -0.989815 1.9837 -0.932406 -0.709731 -0.911168 -1.79302 -0.0711668 -1.47921 -1.14191 -0.59775 0.41966 0.0505188 0.00708872 -0.552495 0.186608 0.109873 -0.471997 0.595694 -0.657098 0.028207 -1.23054 -0.814824 0.838469 0.340677 -0.119359 0.0025893 0.172787 -0.138615 -1.28234 0.559841 -1.51775 0.57515 -1.0529 0.167726 0.87053 -1.07286 -0.52901 
1.32823 0.337765 -1.4234 2.26432 -1.27334 -0.842854 -0.817171 -2.06714 -0.383772 -2.04364 -1.71768 -0.300941 0.245834 -0.00096937 0.218166 -0.433816 0.368789 -0.34539 -0.12423 0.0807601 -0.125713 0.185897 -0.414979 -0.382662 0.293391 -0.00401135 -0.0384078 0.355823 0.423634 0.0132176 0.206389 0.29468 -0.154756 1.09049 0.366664 2.1314 0.285535 -0.564372 0.0881597 
1.35836 0.408647 -1.42363 2.35249 -1.2778 -0.833961 -0.830408 -1.91873 0.11473 -1.89419 -1.52458 -0.304358 0.415648 0.012111 0.362911 -0.128861 0.199826 0.316262 -0.177317 0.440938 0.433387 0.394871 0.900858 -0.52929 0.274096 0.428837 0.0315171 -0.28979 0.477484 -1.18645 0.977381 -0.706906 0.279825 0.169203 -1.24938 1.18917 -0.916933 -0.0900634 0.400799 
1.34034 0.700676 -1.55226 2.46415 -0.957076 -1.02017 -0.376233 -1.63375 0.0110985 -1.14278 -2.24697 -0.0268444 0.67467 0.0305477 -0.0716242 0.0436674 -0.817662 0.631992 -0.831136 0.360585 0.0434899 -1.06348 0.774191 -1.2996 0.203328 0.396788 0.0468904 -0.499621 0.224921 -1.06234 -0.00600524 -0.489095 -0.2726 -0.497623 -0.901131 -0.18633 -0.0929719 -0.20504 -0.279103 
1.38891 0.337023 -1.37996 1.53483 -0.645805 -1.6651 -0.469822 -1.87524 -0.948752 -1.12 -2.82417 -0.101031 0.812436 0.0590014 -0.136709 0.0960604 -0.862512 0.310257 -0.666412 0.168338 -0.0642362 -0.50626 0.714528 -0.622261 0.0690566 0.149734 -0.0586222 0.39317 -0.264979 0.815682 -0.984136 0.520927 -0.140682 0.122548 1.58262 0.0572467 1.39651 -0.290056 -0.46223 
1.39934 0.563967 -1.4562 1.60164 -0.646819 -1.68658 -0.207895 -1.69799 -0.495162 -0.428253 -2.86923 0.0422122 0.824404 -0.0280745 0.321546 -0.221312 -0.00198007 -0.352145 -0.310208 0.219904 0.166038 0.519139 0.831438 0.0969147 -0.0867285 -0.065442 -0.00272137 0.0722361 0.177997 0.540822 0.0889395 0.526945 0.0926663 0.348018 0.425067 0.140402 1.41262 -0.11073 0.113233 
1.36083 0.65857 -1.60128 1.53285 -0.997949 -1.97531 -0.249919 -1.7092 -0.429613 -0.288558 -2.72726 -0.187759 0.746994 0.0562801 -0.0644732 0.274057 -0.321689 0.399196 -0.139467 0.261004 0.283782 -0.0811936 0.85493 0.790354 -0.0416733 0.262967 0.035275 -0.151647 0.355022 0.186033 0.949026 0.420208 0.10245 0.0476884 -0.195978 0.318221 0.781403 0.339379 0.446863 
1.45562 0.499494 -1.18214 1.27995 -0.247622 -1.82605 0.0531089 -1.41421 -0.576355 0.426676 -2.07887 0.000538908 1.08737 0.00720053 0.1699 0.13371 0.184053 0.596881 0.11 0.322354 0.213726 0.323161 1.14966 0.878318 0.252651 0.381421 -0.158459 0.410603 -0.450539 0.448835 -0.460306 0.202627 -0.486028 -0.369546 0.842772 -0.443691 -0.389568 0.00974244 -0.435276 
1.36803 0.828469 -1.46757 1.71691 -0.401068 -1.86531 0.0724346 -1.49548 -0.106452 0.8611 -1.84894 0.0648917 1.12841 -0.102179 0.34613 -0.176481 0.127146 -0.0611091 0.0631593 -0.225024 -0.0857648 0.761579 0.411239 0.400785 -0.0319309 -0.172309 -0.0760544 0.117587 -0.266053 -0.0875273 -0.916555 0.146444 -0.497769 0.0132618 0.491709 -0.693174 -0.680685 0.123275 -0.788235 
1.35345 0.845623 -1.35862 1.40709 -0.308731 -1.76289 -0.171915 -1.49997 0.185224 0.837915 -1.67809 -0.0313919 0.915062 -0.0688539 0.287487 -0.132344 0.0965254 -0.319674 0.256444 -0.175415 0.226988 0.81487 0.456484 0.197633 0.375926 -0.406814 0.129633 -0.354096 0.215012 -0.45157 0.0769915 -0.255869 0.282001 0.478483 -0.419913 0.209387 -0.215142 0.0665037 0.397949 
1.29918 1.11596 -1.59991 1.81343 -0.720742 -1.60886 -0.102981 -1.26849 0.708418 1.31758 -1.65131 0.440817 0.721601 0.0274541 -0.00796645 0.0385306 -0.324424 0.0158824 -0.192709 0.056977 0.392718 0.341666 0.620626 0.185643 0.0345729 0.22564 0.105276 -0.229585 0.0448376 -0.405684 0.69204 -0.552044 0.117889 0.0617338 -0.761138 -0.182456 0.384734 -0.581513 1.04136 
1.3809 0.837657 -1.32009 1.08267 -0.292849 -1.9556 -0.114938 -1.10726 0.526889 1.45854 -1.49245 0.00318094 1.1407 0.0364224 0.0579018 -0.087506 -0.309159 0.372366 -0.295601 -0.0575265 0.288722 0.0537325 0.274028 0.582367 -0.205587 0.634548 -0.0228956 0.290167 -0.308257 0.371544 0.408523 0.27926 -0.254413 -0.116211 0.201731 -0.657731 0.551357 0.40518 0.0818161 
1.3356 1.17386 -1.68742 1.50427 -0.348376 -1.90446 -0.160507 -0.979768 0.762151 1.59161 -1.06894 0.23523 1.35615 0.00455855 0.282201 -0.269727 0.0471204 0.424406 0.0865507 -0.197436 0.276507 0.543397 -0.0371057 0.737 0.439753 0.307456 0.0226028 -0.284242 0.206737 -0.594334 -0.0295452 0.267588 -0.223481 -0.468431 -0.741349 -0.572221 -0.608828 -0.179801 -0.770978 
1.38546 1.11986 -1.58982 1.12979 0.131557 -1.86905 -0.312374 -0.830749 1.07029 1.42143 -0.755445 0.442933 1.44816 0.0590252 -0.22634 0.119231 -0.903492 0.342821 -0.0280128 -0.281008 -0.179709 -0.687617 -0.298193 -0.0264606 -0.385388 -0.13643 -0.0225494 -0.450514 0.358548 -0.630616 -0.309216 0.0864486 0.134353 -0.547437 -1.74864 0.0949779 -0.435456 -1.34431 -0.294552 
1.39463 0.947518 -1.56818 0.600779 -0.00555507 -1.93248 -0.441515 -1.15948 0.0745341 1.29342 -1.0954 -0.150158 1.21972 -0.0179909 -0.168313 0.0888212 -0.583495 0.11519 0.172999 -0.0630822 -0.270931 -1.20524 0.0578722 0.301545 -0.904553 0.0129044 -0.137474 0.400766 -0.0657129 0.839342 0.104681 0.607558 0.391003 0.0971476 0.419883 0.497867 0.450117 -0.368799 0.514501 
1.36747 0.951544 -1.501 0.546294 0.246746 -1.69605 -0.375456 -1.10168 -0.134957 1.47931 -0.453901 -0.461619 1.46106 -0.0784483 0.174426 0.0535182 -0.0641502 0.447502 0.579546 0.109995 -0.082561 -0.267734 0.199675 0.423656 -0.754187 0.378071 -0.0914663 0.45398 -0.0368675 0.43198 0.433384 0.165776 0.128326 0.298964 0.872702 0.257535 -0.148782 0.134038 -0.166506 
1.31618 1.12194 -1.51467 0.536629 0.441947 -1.35293 -0.33152 -1.24204 -0.1932 1.49309 -0.671742 -0.904346 1.59779 -0.109457 0.285667 0.0519537 -0.151515 0.548574 0.338775 0.0652436 0.0280333 -0.332541 0.315407 0.152763 -0.770515 -0.153601 -0.0588169 -0.262029 0.219471 -0.460339 0.0425016 -0.697906 -0.441337 0.327913 -0.750304 -0.435397 0.519221 -0.386541 -1.38781 
1.25801 1.23721 -1.44904 0.394779 0.79532 -1.35728 -0.310212 -1.07365 -0.467498 1.79471 -0.301138 -1.23213 1.30746 -0.137265 -0.0876035 0.272989 -0.524489 0.490004 -0.118361 -0.331342 0.245352 -1.01804 -0.235722 0.942877 -1.14073 -1.00974 -0.105917 -0.40837 0.0425249 0.000284933 -0.511366 -0.663045 -0.309478 0.47865 -1.11061 -1.95283 0.408539 -0.653718 -0.608056 
1.17891 1.03434 -1.24168 0.0121402 0.931951 -1.47129 -0.662861 -0.996686 -1.21124 1.25737 0.271135 -2.04507 0.588053 -0.215374 -0.122703 0.0944786 -0.15123 0.0372075 -0.32427 -0.244234 0.506683 -1.44316 -1.63742 0.561302 -1.42423 -0.761657 -0.0150921 0.431581 -0.385026 1.00931 -0.767314 0.171697 0.996234 0.299793 1.11042 -0.264583 -0.333033 1.64311 0.321671 
1.04264 1.11451 -1.35456 0.243549 0.832528 -1.68155 -0.554446 -0.566963 -1.91065 0.157291 0.260164 -2.65637 0.545804 -0.152357 0.343978 -0.112037 0.48482 -0.27731 0.0533359 0.664893 0.545145 0.0923817 -0.500305 0.609844 0.50238 -0.688066 0.291116 0.402192 0.0386594 0.482511 -0.503803 0.614722 1.30728 -0.416005 2.05482 2.3998 0.290508 2.89132 0.712412 
1.02656 1.37832 -1.35371 0.49696 0.65464 -1.41795 0.00203111 -0.451542 -1.11886 0.757068 0.880979 -1.54269 -0.100014 0.0757417 0.279489 0.133138 0.33128 -0.466595 0.290452 1.06305 0.0906777 0.61166 0.762376 0.85181 1.46709 -0.0492456 0.268856 -0.467118 0.0636323 -0.561087 -0.546636 -0.0156904 -0.0426197 -0.880469 -0.213856 0.663292 -1.42701 0.62174 1.41611 
1.11838 1.394 -1.22142 0.574829 0.365932 -1.39109 0.508601 -0.476285 -1.29899 0.919667 1.11197 -1.18928 0.496559 0.116498 -0.12314 -0.0484048 -0.0762675 -0.823946 0.0376455 0.622273 -0.335324 -0.121474 0.162987 -0.817164 1.12412 0.728046 -0.0784708 -0.409493 -0.33773 -0.602762 -0.582754 -0.226926 -0.817976 -0.451177 -0.482061 -0.787241 -2.5161 -0.0765564 -0.0558317 
1.14305 1.25518 -1.40212 0.420693 -0.169306 -1.38031 0.624304 -0.786866 -1.24033 0.920055 0.0638151 -0.418575 0.628032 -0.00272909 -0.130004 -0.204592 -0.271482 -1.04935 0.0635255 0.245072 -0.3605 0.1296 -0.0248647 -1.66429 1.39053 -0.105077 -0.111018 0.00701186 0.339991 -0.267601 0.543015 0.167311 -0.306674 0.50685 0.393301 -0.258084 0.546117 -0.436332 -0.501138 
1.11565 1.26399 -1.42602 0.303347 -0.683417 -1.32757 0.753673 -0.836785 -1.16939 0.894803 -0.552321 0.201255 0.391481 0.00548035 -0.116129 0.291586 -0.343868 -0.280932 0.204957 0.315599 0.171526 0.271827 -0.0950965 -0.271047 0.687787 0.226908 -0.0293672 0.209658 0.555004 0.381894 0.847977 0.618936 0.0230642 0.399683 0.546134 -0.561364 2.23421 -0.835707 -0.130034 
1.14853 1.13905 -1.11053 0.0768241 -0.450238 -1.17535 0.939903 -0.615341 -0.968503 0.824959 -0.207232 0.269212 0.85494 -0.0320963 0.0796539 0.350412 0.110412 -0.201373 0.682461 0.268136 0.0391838 0.675733 -0.586229 0.569912 0.554825 -0.235111 -0.12736 0.349326 -0.146913 0.585726 -0.374572 0.380198 -0.155699 -0.425319 0.350095 -0.444804 -0.257487 0.517486 -1.1798 
1.08355 1.34365 -1.07561 0.413759 -0.884789 -0.645108 1.02181 -0.797601 -0.49366 0.308573 0.0175911 0.75608 0.156371 -0.12188 0.233198 0.144673 0.241857 -0.655504 0.585155 0.1599 -0.253793 0.621922 -0.5399 -0.528535 1.20527 -0.952894 -0.0977727 -0.103457 -0.215261 -0.409711 0.0542849 -0.892073 -0.0502156 0.1492 -1.59556 0.496104 -1.3237 0.393023 0.358281 
1.02665 1.37225 -0.965861 0.318681 -1.10574 -0.590198 1.0998 -0.869134 -0.346581 0.285058 -0.735767 1.47448 -0.0979538 -0.129869 -0.0238035 0.135151 -0.299299 -0.147088 -0.209611 0.21792 0.188384 -0.919826 -0.0901252 -0.753785 0.947848 0.12317 -0.00807252 -0.222424 -0.221803 -0.514903 0.404748 -0.598031 -0.255784 0.524602 -1.92479 0.269807 0.910804 -1.51662 0.461635 
0.953683 1.31984 -0.940454 0.114459 -1.03188 -0.854719 1.23973 -0.609217 -1.41349 0.218448 -0.736194 1.70393 0.27954 -0.129953 0.0107736 -0.0771304 -0.273045 -0.250756 -0.0128764 -0.0958837 0.270809 -1.30286 -0.270094 0.382269 -0.311352 -0.491259 0.0602607 0.0512944 -0.160216 0.133568 -0.0637507 0.727573 -0.497078 -0.231861 0.855992 -0.520716 1.53783 -1.04159 -1.23503 
0.896702 1.38302 -1.04299 0.0456363 -1.3565 -0.603074 1.00392 -0.598325 -1.64945 0.0149646 -0.353498 1.16313 -0.589213 -0.0696083 0.0274909 -0.0250653 -0.165731 -0.210838 0.517962 -0.279158 -0.0434773 -0.0638338 -0.610841 0.78404 -0.0937458 -1.11186 0.0400543 -0.098939 0.167937 -0.120444 0.691336 0.134091 -0.471768 -0.365373 0.970175 -0.314104 0.0173415 0.170951 0.160382 
0.884075 1.34733 -0.96552 -0.051272 -1.24272 -0.336757 0.960571 -0.652694 -1.47732 -0.392393 0.0478457 1.61018 -0.83232 -0.0898982 -0.0881654 0.0908064 -0.393489 0.44058 0.121215 -0.567652 -0.0945638 -0.332689 -0.584198 0.39961 -0.140401 -0.330877 -0.0743394 0.0460313 0.284406 -0.621612 1.05208 -0.594283 -0.327674 0.288288 -0.564158 0.619996 -0.093451 -0.698624 1.14029 
0.806804 1.29485 -0.952185 -0.347853 -0.915918 -0.48186 0.436268 -0.692888 -1.98213 -0.569233 0.0461125 1.02273 -0.92009 -0.143948 0.0735223 0.259341 -0.787343 0.841241 -0.0763203 -0.606832 0.244811 -0.627992 0.00915538 0.690589 -0.792369 0.0284313 -0.0999544 0.173646 0.013946 -0.500439 0.117923 -0.474608 -0.184374 0.378642 -0.632705 -0.0451563 -0.187235 -0.29908 0.450678 
0.740127 1.42086 -0.706179 -0.838615 -0.401475 -0.413077 0.353739 -0.407884 -2.10531 -0.383237 0.738435 0.817813 -0.803888 -0.189853 0.0854806 0.104752 -0.893929 0.558503 -0.353393 -0.752026 0.284078 -0.965395 -0.629354 0.212376 -0.439481 0.119801 -0.0651956 0.0354219 -0.0327229 0.217597 0.180988 0.0926482 -0.192276 -0.134232 0.759457 -0.606389 0.0304216 1.58792 0.595358 
0.616951 1.38034 -0.847432 -1.24178 -0.357416 -0.835253 -0.315758 -0.40881 -2.94753 -1.19859 0.258488 0.583251 -0.800289 -0.209143 0.108944 0.226618 -0.569746 1.02223 0.0163279 -0.799108 0.110579 0.131465 -0.597234 0.721011 0.795549 0.623789 0.092616 0.0427856 0.670026 0.837835 0.0479642 1.42707 0.696187 -0.138551 2.88987 0.90663 2.29953 1.53878 -0.0925435 
0.530984 1.5298 -0.479561 -1.40836 0.620754 -0.396749 -0.445369 -0.297305 -1.97385 -0.980471 1.45945 1.61336 -0.180099 -0.0972366 0.128266 0.774778 -0.0560943 0.606467 1.07368 -0.0558385 0.145527 1.92447 0.277276 2.51191 1.0993 0.0272573 0.0831643 -0.188567 0.701968 0.394934 -1.95954 1.13333 0.724247 -0.193217 1.46523 0.289503 0.230036 -0.562062 -1.15703 
0.519715 1.5086 -0.0726544 -1.29788 0.249051 0.238425 -0.371597 -0.263283 -1.02306 -0.921311 2.7704 1.68255 -0.773032 -0.125979 -0.0796226 0.928586 -0.174812 -0.937316 1.14965 -0.0748614 -0.0826383 1.5967 -0.307731 0.951047 0.233488 -0.533239 -0.257408 -0.0158201 -0.0765494 -1.08359 -0.947589 -0.781348 0.0457359 0.0814398 -2.55239 -0.187899 -3.69297 -1.03964 -0.137119 
0.405005 1.45018 0.449025 -1.58317 -0.316562 0.752904 -0.52023 -0.379943 -0.377147 -1.2882 2.41049 1.84685 -0.713339 -0.354644 0.112446 0.698229 -1.13968 -0.341122 0.29233 -0.0101025 0.226967 -0.627911 0.089377 -1.18106 0.0596577 -0.109862 -0.235179 0.141723 -0.458369 0.149147 1.03679 -1.3854 0.0726774 0.277839 -2.00615 1.29475 -2.95122 -0.9373 1.2143 
0.16507 1.62105 0.625574 -2.43756 -0.0920706 0.530755 -0.381699 -0.036316 -1.65097 -0.831934 1.58934 1.74221 -0.882894 -0.361158 0.0621003 0.470217 -0.025665 0.0994788 -0.235746 -0.00218398 0.195201 -0.409449 0.98702 -2.00018 -0.703812 0.681063 0.101043 -0.89316 -0.190206 2.59318 -0.46611 -0.599357 -0.354644 -0.555029 2.15133 -0.997139 -0.248351 -2.00949 -1.04548 
0.0438476 1.51228 0.919241 -1.60884 -0.217083 0.517158 -0.522414 -0.184742 -0.786596 -0.301182 0.410315 1.14304 -0.0322757 -0.253602 -0.780714 0.508023 1.4535 -0.807232 -0.307028 -0.364747 -0.328062 1.52342 -0.907762 -1.42941 -1.94983 -1.15534 -0.151268 -1.23319 0.00540508 2.03234 0.284767 0.165588 0.484245 0.250347 1.54385 -0.527097 2.50647 -0.78282 -1.8569 
-0.0885313 0.840334 1.1336 -0.984062 -0.899302 0.223727 -0.746446 -0.364378 -0.127548 -1.7397 0.159923 -0.207624 -2.03824 -0.512425 -1.17109 0.475622 2.00668 0.384246 -0.0701581 0.482061 0.445548 1.1344 0.459923 0.506291 -1.48663 -1.17583 -0.303435 -0.106937 -0.817933 -0.568335 2.36619 0.928956 2.21059 1.83225 -1.44986 2.97373 1.97183 1.75709 3.40531 
-0.468578 0.34119 1.39486 0.397841 0.167163 0.447 -0.0403528 0.260806 0.347804 0.158741 0.916607 -0.343594 -1.20811 -0.557036 -0.88765 -0.30991 0.885161 1.55896 0.621929 1.84584 1.50418 0.0735596 2.06597 0.542415 -0.192745 2.24997 0.278885 0.682863 -1.02301 -2.82828 0.0941852 0.247984 0.0822012 -0.026974 -1.6247 -0.899186 -1.18926 1.71856 2.51464 
-0.645568 -0.0473164 0.823687 -0.0989012 0.659657 0.845656 1.09939 1.13981 -0.0539881 0.326275 0.702338 -0.400369 0.211732 -0.23354 -0.488226 -0.547383 -0.821602 0.478431 0.177826 0.564262 0.418574 -0.490295 -0.439263 -0.682967 0.231932 1.33881 0.352841 0.342464 0.317721 -0.852693 -0.961643 -0.716258 -1.91673 -1.63849 0.795024 -1.21738 -0.498745 1.29782 -3.159 
-0.702118 -0.147036 0.84748 -0.423761 0.645594 0.624826 0.523909 0.679379 -0.142491 -0.280522 0.233639 -0.111662 0.130695 -0.204196 -0.545187 0.00781117 0.0324684 0.597317 -0.0943294 -0.070886 -0.134308 0.868583 0.848589 0.0436694 1.10508 -0.909033 0.0233872 0.0518764 0.637376 1.25907 -0.0983688 -0.156178 -0.324338 -0.31441 1.18741 1.18909 0.891294 -0.0728542 -1.56722 
-0.849763 -0.592503 0.831499 -0.0664328 1.25697 0.751326 1.02851 1.0055 0.814595 1.17486 0.746007 0.704707 -0.697301 -0.210153 -0.436349 0.0899933 0.437465 0.380062 0.0216478 0.239924 0.104163 0.697112 0.749827 0.208326 0.159077 -0.22841 0.0834716 0.323874 -0.0176568 -0.0186356 -0.79261 0.226225 -0.727855 -0.0253812 -1.00724 -1.61543 0.162131 -1.81859 1.08413 
-0.912271 -0.583385 0.937474 0.0137039 1.02566 0.646474 0.763834 0.783543 0.554621 0.469304 0.441966 0.0474152 -0.0977152 -0.120724 -0.221312 -0.00984559 0.0138328 -0.195293 0.131896 -0.798741 -0.15969 -0.138658 -0.766845 0.205801 -0.713511 0.175097 0.159603 0.0665137 -0.443558 -0.848299 -0.66516 0.376291 -0.433156 -0.0876873 -0.917194 -0.892171 -0.915714 -0.679023 0.185722 
-0.970487 -0.813815 0.821653 -0.0526 1.06168 0.883222 0.229766 0.845807 0.675937 0.408019 0.951807 -0.00880374 -0.522204 -0.0505503 -0.369836 -0.353565 -0.410834 -0.285098 0.397939 -0.193232 0.0164761 -0.220082 -0.142344 -0.707387 -0.519945 -0.0426885 0.157021 -0.0494026 -0.472795 -0.596503 0.380114 -0.35854 1.35819 0.214359 0.176252 0.0490826 -1.96777 0.0644961 -0.0254282 
-0.962821 -0.953221 0.583908 -0.39713 0.740558 1.04441 0.570602 0.800019 0.334539 0.32696 -0.265421 -0.47253 -0.140404 0.0362971 -0.270715 -0.482641 -0.58267 0.184821 -0.226644 0.559447 0.0546697 0.0375945 -0.717763 -1.76197 -0.649015 0.149668 0.0610678 0.190688 0.265112 0.830946 1.15196 -0.340874 0.477242 -0.0210813 0.250565 -0.0677565 1.94338 0.69447 0.00304905 
-0.93419 -1.08453 0.339012 -0.63527 1.2465 0.656578 0.789214 0.900477 0.713532 -0.309744 -0.810162 -0.657819 -0.372536 0.0105175 -0.179148 -0.0884534 0.420112 0.866867 0.0570653 0.28401 -0.00460521 0.030483 -0.210101 1.236 0.174525 -0.0396394 -0.034928 0.367379 0.658051 1.05066 -0.598932 0.042258 -0.657971 -0.0774718 0.270917 0.987687 3.2979 1.73176 0.781942 
-0.952304 -1.13237 0.495455 0.0229817 1.60743 1.10148 0.854611 0.795414 0.365022 0.116859 0.970576 -0.298006 -0.180043 0.00136904 0.0966638 0.17541 0.467992 -0.414111 -0.184386 -0.0985237 -0.0228021 0.308511 0.269925 1.53593 1.08274 0.931611 0.0215855 0.572681 0.352241 -0.621143 -1.24644 -0.414871 -0.0562545 0.824124 0.485591 -0.105512 -2.03634 2.45394 2.19744 
-0.932821 -0.987866 0.514422 -0.167278 0.832391 0.472192 0.69069 0.877675 1.02204 -0.0398188 0.725764 0.424926 0.559075 0.032103 0.393533 0.263788 -0.201031 -0.379572 -0.357806 0.227755 0.819519 0.516074 -0.315613 -0.800347 2.62847 2.1578 -0.0633486 0.00764094 0.0549483 -0.785698 0.855337 0.436032 0.263711 0.518821 -0.412604 0.717763 -1.40206 0.227855 -0.816521 
-0.920201 -0.738835 0.759243 -0.178049 1.22785 0.743672 1.08237 1.61493 0.881096 -0.198754 0.170229 2.33046 1.97775 -0.0619796 0.104305 0.230358 -0.317707 0.441226 0.251646 0.165188 0.496019 -0.104093 0.987687 0.133871 1.3106 0.11509 -0.0560287 -0.470023 -0.359183 -0.00643785 0.591752 0.722639 -0.468563 -1.32366 0.594565 1.62943 0.80441 -4.93878 -4.00959 
-0.994801 -0.883562 0.74478 -0.484985 1.27362 0.723838 0.855878 1.37369 0.91795 0.947869 0.859635 1.73553 0.674165 -0.0239257 -0.0764899 -0.0953958 -0.207469 0.21218 0.364832 -0.240807 -0.504144 1.11064 1.31381 0.00406302 -2.31032 -1.8518 0.0561468 -0.107354 -0.490914 0.278312 -0.515774 0.0939296 -0.0699353 -0.279823 0.78435 -2.58142 -1.32175 -3.63048 -0.336605 
-0.944127 -0.815325 0.663847 -0.385518 1.44003 1.1085 0.84156 1.11079 1.99173 1.11506 0.174292 0.0201454 0.125959 -0.00583278 -0.00304943 -0.260555 -0.0393944 -0.0745483 0.345575 0.0952525 0.216196 0.680257 -1.59373 -1.18788 -2.31988 -0.221516 -0.0250751 -0.0971106 0.00894779 0.17066 -0.619482 -1.06117 -0.317325 0.75514 -1.15172 -1.46465 0.39873 3.21458 2.61929 
-1.00063 -0.886611 0.484225 -0.524379 1.19907 1.06941 0.95113 1.58989 1.59821 -0.645863 -0.328242 -0.584353 0.45265 -0.0490008 -0.173601 -0.086448 -0.0368088 -0.407302 -0.696342 -0.558132 0.250996 -0.041085 -0.150833 0.402793 0.904262 0.767491 -0.0107762 -0.0697723 0.21803 -0.471315 -1.09983 -1.35116 -1.0066 -0.813767 -1.24333 3.27233 1.55687 3.38301 -0.339552 
-0.993127 -0.988926 0.577399 -0.422327 1.03273 0.412163 0.283427 1.36178 1.95065 0.964227 0.577085 0.924407 0.89345 -0.016609 -0.0728218 -0.0425253 -0.51071 -1.17437 -1.00558 -0.911346 -0.597571 -0.563072 1.6786 0.36899 1.06313 -0.561068 0.0386241 0.100228 -0.160007 -0.396509 0.163423 0.936848 0.852448 -0.909949 -1.70967 -0.304814 -1.17844 -2.66263 -1.8097 
-1.01724 -0.959433 0.4417 -1.03509 0.024694 0.063832 0.039784 0.99232 1.03513 1.03274 0.040748 0.478775 -0.108418 -0.0103767 -0.0733722 -0.246455 -0.433317 -0.24388 0.240506 0.294316 -0.658954 -1.75076 -0.455647 -0.775649 -1.75837 -1.04221 0.0324265 -0.016908 -0.0150807 0.597859 1.95778 1.98116 1.67111 1.1017 0.888773 -1.32946 -0.383709 -1.96767 -0.500538 
-1.0035 -1.0623 0.330944 -0.855644 0.788852 0.652669 0.577743 0.70283 0.199892 0.50858 -0.198564 -0.833963 -0.148758 0.0158175 -0.0897297 -0.0576059 0.0871489 0.78341 0.975576 0.759768 0.504133 0.325701 0.349145 -0.0147193 -0.904537 -1.06161 -0.0407798 0.16715 0.500265 1.33081 0.797726 0.312152 0.139438 1.37881 3.24924 1.17767 1.75151 2.77273 0.786658 
-1.00143 -1.04916 0.384094 -0.94794 0.808104 1.03941 0.799552 1.49645 1.36084 1.38189 0.0260287 -0.425762 -1.17002 -0.0511565 0.0937783 0.25381 0.897496 0.553846 0.552658 0.433754 0.719855 1.49849 0.722024 0.975861 1.01436 -0.255549 -0.0156253 0.157183 0.376721 0.780095 -0.643835 -1.33382 -0.854394 -0.992669 -0.322734 -0.698786 0.70933 2.51547 2.57999 
-1.05466 -0.968519 0.584754 0.0418519 1.3427 1.20533 1.0115 1.42269 1.69838 1.2306 0.777298 0.180402 -0.404307 0.000192203 0.0674533 0.319115 0.867244 0.139576 -0.358247 -0.0946263 -0.488536 0.00296723 -0.349641 0.694611 1.61093 1.51839 0.108508 -0.138659 -0.410463 -1.49868 -1.24802 -1.15023 -0.85137 -1.35088 -3.08221 -2.07249 -2.05873 0.027123 2.01576 
-1.00123 -0.981709 0.703209 -0.0806957 0.94768 0.681161 0.704925 1.00792 1.3638 1.03224 0.72064 1.18517 0.348362 0.0573518 -0.0448804 -0.156653 -0.601186 -0.694173 -0.597569 -0.417615 -0.631028 -1.58373 -1.35047 -1.08287 1.04149 1.76021 -0.000502523 -0.12731 -0.448349 -1.39372 -0.864288 -0.0249687 0.0792617 0.588131 -0.398002 -0.239504 -1.96638 -3.23286 -2.92692 
-0.997309 -1.0134 0.428101 -0.559334 0.648525 0.607758 0.593883 0.791657 0.114651 -0.119865 -0.305572 1.22189 1.3559 -0.000310321 -0.0598563 -0.129234 -0.526475 -0.724712 -0.383216 -0.0153646 0.0995949 -0.395035 -0.589146 -1.27177 -1.62193 -1.40854 -0.11776 0.023633 0.185784 0.682395 0.904104 0.73206 0.566821 1.14415 2.48655 2.64118 2.38343 -2.78823 -3.33585 
-1.00154 -1.04157 0.573975 -0.607171 0.222968 0.297945 0.689561 1.10751 0.968768 0.443098 -0.551132 -0.436759 -1.06017 -0.0604081 -0.0212474 0.0291313 0.081209 0.209931 0.134491 0.149205 0.513125 0.902826 1.29071 1.30056 -1.74674 -1.57564 -0.0863182 0.135657 0.161332 0.733572 1.6196 0.749054 -0.16027 -0.484386 0.259336 1.39949 3.0906 2.15164 2.34419 