-1.23919 -0.705087 0.489495 -0.97597 0.865217 0.118834 0.181041 0.732065 -1.56216 -0.0671038 -0.122004 0.872424 -0.313175 0.0471738 -0.0299067 -0.348743 -0.781229 0.211881 0.637076 0.091407 -0.0942917 0.311917 0.272732 1.16233 0.447575 -0.413949 0.0360052 -0.186004 0.269205 0.710374 0.316201 1.60567 2.65708 0.605509 3.92989 2.06931 -0.0246307 -0.214137 1.99634 
-1.22858 -0.938841 0.476569 -1.02893 1.14271 0.329852 0.517334 0.513503 0.20439 0.849548 0.462297 1.25415 -0.368116 0.022063 -0.154945 -0.0382217 0.0378917 0.368509 1.11013 0.983923 0.451506 2.08126 0.81772 0.126331 0.0558967 1.00429 -0.0264681 0.110153 0.424072 1.20084 -0.246929 0.321934 0.941809 0.564412 -0.686006 -1.16707 -1.46989 -1.20776 -0.295873 
-1.21713 -0.860031 0.451273 -0.938078 1.23373 1.22897 1.16496 1.18357 0.5191 0.750616 0.00432778 0.928321 0.691119 0.0207057 0.0802468 0.0753292 0.419616 -0.0350474 0.95901 1.03322 0.47012 -0.374089 -0.894337 -0.307565 -0.760183 -0.709822 -0.0731925 -0.110526 -0.0365773 0.14405 -0.95226 -2.27235 -1.3627 -0.932275 -4.19928 -2.60513 -1.01803 0.2836 -1.16169 
-1.20787 -0.858594 0.551898 -0.609311 1.10767 1.28886 1.55055 0.983624 -0.169699 -0.0447894 0.154733 0.493971 -1.07794 -0.0511295 -0.265471 -0.074799 0.181941 -0.583751 -1.16221 -0.378778 -0.480769 -2.11802 -1.78741 -0.8917 0.339496 -0.157394 -0.0258798 0.0339845 -0.000634916 -0.318522 0.0196352 -1.7636 -1.59205 -0.4477 -0.27291 0.401993 1.34596 1.9561 2.3799 
-1.26826 -1.1255 0.376474 -0.756137 0.649976 0.0667569 0.786187 0.702802 -1.59892 -1.03679 -0.887373 1.26782 0.533725 -0.00517413 0.114231 0.0746943 0.101094 -0.0154123 -0.804589 -0.558834 0.0224205 -0.646999 -0.492344 1.0384 1.19592 1.67007 0.145752 0.603537 0.168461 -0.0759994 0.650161 1.11038 1.12203 0.955557 4.54862 3.08242 1.29418 -0.651744 0.0506378 
-1.21305 -0.744363 0.626593 -0.508217 1.09225 0.484273 0.991716 1.00604 -0.816698 -0.537134 1.19313 1.68989 0.592135 0.0946222 0.338066 0.0936619 0.105942 0.0664107 -0.0518342 0.743249 0.474788 2.4306 1.29501 0.402479 -0.312248 -0.106756 0.0104131 -0.267937 -0.0586146 0.11006 -0.562684 0.309086 0.522343 0.17099 0.61094 -0.225354 -3.2099 -1.69744 -1.40474 
-1.17363 -0.787436 0.470136 -0.650195 0.716386 0.0149227 1.52944 1.17759 0.831683 0.258212 -0.484893 0.955569 0.426969 0.00523902 -0.153706 0.0160797 0.211154 -0.578097 -0.495503 -0.0364906 0.193411 -0.0360591 -0.717698 -2.1715 -0.501524 0.265339 -0.182376 -0.458128 -0.0806385 -0.212275 0.400485 1.14744 -0.805922 -0.182489 -2.64035 -1.82119 -0.175583 0.554256 -0.375173 
-1.20781 -0.898069 0.642672 -0.297064 0.514157 -0.0112297 0.955226 1.19946 -0.852757 -1.25483 -0.978369 1.18837 0.857474 -0.0877534 -0.120061 0.0130234 -0.106333 0.466895 1.09561 -0.0626733 0.292299 -0.209751 -0.526187 0.226896 0.242008 -0.481929 -0.0648504 0.0692298 -0.335781 -0.993093 1.31001 1.88362 1.20102 -0.210838 0.529511 0.587193 0.450523 -0.436761 -2.28521 
-1.26139 -0.907497 0.483159 -0.756529 1.18328 1.11053 1.46676 1.46989 0.621932 -0.267976 -0.257997 1.19758 -0.0549604 -0.0596113 -0.084476 -0.319702 -0.781939 0.731912 1.38812 1.16453 -0.0174267 0.493452 -0.130505 -1.72098 -0.938285 -2.01987 0.129841 0.252264 0.195401 0.258699 -0.341718 -0.532031 0.561701 -0.208559 -0.308746 0.467982 -0.201181 -0.836199 1.01755 
-1.26742 -0.982545 0.32297 -1.079 1.24607 1.37689 2.11976 1.18203 -0.359305 -1.38534 -2.69934 0.250082 -1.16239 0.0420873 0.132202 0.208424 0.152366 0.125177 0.563576 0.499028 0.0837396 -0.518497 -0.0582054 0.0257158 -0.594191 0.535617 0.118096 0.316221 0.813754 0.904761 -1.1959 -1.71192 -1.79471 0.228742 0.212576 2.11037 5.45108 2.40826 4.60661 
-1.2193 -0.775295 0.691583 -0.604163 1.30846 1.67411 1.96579 1.55363 0.103435 -0.326181 -0.232281 0.603385 0.480657 0.0584844 0.231745 0.494052 0.122823 -0.463985 -0.323801 -0.630177 0.211316 0.706028 1.97986 3.73011 1.46998 2.58674 -0.0862194 -0.117588 -0.21209 0.09385 -0.412473 -1.29383 -0.767156 -0.558412 -0.563274 -0.396499 -1.51791 0.755584 0.13719 
-1.20894 -0.7508 0.817023 -0.95618 0.782084 1.05309 1.48958 1.39334 0.346723 0.594526 1.03076 1.72006 1.42435 -0.0441321 0.014614 -0.00366536 0.246216 -0.287295 -0.730255 -0.268128 -0.474672 -1.08177 -0.454704 -1.49219 0.161393 0.672807 -0.0874121 -0.053916 -0.538794 0.213989 0.649503 1.30556 0.97958 -0.38788 -1.34366 -2.78137 -6.46267 -2.44006 -4.27536 
-1.26343 -0.760681 0.687918 -0.357947 1.02116 0.94385 1.69766 1.07896 -0.978337 -0.780885 -1.72448 0.764778 1.15346 -0.0289277 0.177829 -0.0447416 0.336811 0.185518 0.981763 0.349403 -0.176564 -0.637629 -0.801509 -2.73256 -0.970083 -1.68862 0.103283 0.0320852 -0.0656739 -0.625717 0.176619 0.836353 0.51398 0.70215 1.44513 0.983803 3.0506 0.0751526 -0.810133 
-1.23786 -0.572971 0.772281 -0.619368 0.967602 2.03485 1.83899 1.21678 -0.290906 -0.206983 -1.7018 0.749977 -0.264268 0.0591506 0.0466992 -0.0693393 -0.379501 -0.110676 0.106098 0.245852 0.227477 0.36336 0.529099 1.55841 0.236545 -0.137325 0.082485 -0.217695 -0.316826 -0.204384 0.0259102 -2.46202 -0.917869 -0.265758 1.20464 0.41031 4.26338 1.22719 2.64558 
-1.20428 -0.713982 0.618579 -0.737448 0.910488 1.04995 1.94351 1.30643 -0.614977 -0.251786 -0.166069 1.00132 1.01614 0.0535572 -0.0398661 -0.361568 0.132427 0.211428 -1.48026 -0.568466 -0.442322 0.567008 -0.391199 1.53082 0.257107 0.95696 -0.123563 -0.287243 -0.0243574 0.799988 0.482486 -0.689992 -0.934627 -0.488507 0.668846 -0.760656 -1.589 -0.361665 -0.473744 
-1.18431 -0.612837 0.410713 -0.486941 1.17903 0.554593 1.27052 0.774458 0.276102 -0.598182 -0.170979 1.00708 0.692692 -0.0644122 -0.240544 -0.0936967 0.420488 0.37181 -0.583894 -0.688776 -0.26103 1.03221 -0.231557 -0.0305958 -0.125119 -0.611069 -0.127842 -0.449996 0.456715 -0.291072 -0.645217 1.25963 0.371174 0.350763 -1.15874 -0.600433 -0.663654 -0.37495 -1.79321 
-1.26869 -0.954526 0.524882 -0.316961 1.2823 0.466053 1.25474 1.0454 0.41723 -0.483343 -0.196665 0.876204 0.405069 -0.0742843 -0.489862 0.0951476 -0.158644 -0.433789 -0.220626 -0.197292 -0.0915589 -0.591733 -0.991632 0.867166 -0.117843 -0.83625 0.114903 0.568121 0.516229 -0.550256 -0.818551 0.860911 0.438872 0.211482 -1.69207 -0.359256 1.20447 1.00288 1.42612 
-1.25859 -1.1027 0.505861 -0.645586 0.745241 0.333967 1.07323 0.682899 -0.315632 -1.58981 0.696187 0.889241 -0.143559 0.0504908 0.327577 0.422532 -0.129768 -0.446741 0.277017 -0.249903 -0.0495476 -0.659859 -0.590813 1.17387 0.877763 0.815053 0.174166 0.708786 -0.00421405 0.0101506 0.782241 1.21417 1.01787 0.974163 1.88071 2.34215 -0.923996 0.618789 1.49648 
-1.2182 -0.62695 0.947414 -0.446729 0.835557 0.74307 1.00484 0.995855 -0.24263 -1.07416 0.977206 1.75397 1.22012 0.0998815 0.218925 0.0909335 -0.148494 0.348452 0.993549 0.820576 0.882604 1.28898 1.35052 -0.0568299 0.500946 0.660231 0.0107595 -0.776222 -0.707646 0.108193 0.862917 0.905167 0.482396 0.179262 0.872038 1.14984 -1.79496 -1.57697 -0.990149 
-1.15871 -0.883774 0.596794 -0.794079 1.09369 1.32752 1.8938 1.5655 0.973345 -0.239298 0.639357 1.39019 0.516672 0.0612503 -0.448645 -0.285115 -0.0215759 0.416177 1.18218 0.232492 0.129714 0.212178 0.559026 -0.621084 -0.699203 -0.175096 -0.0647124 -0.593059 -0.0669419 -0.344499 -0.983912 -1.99595 -2.55563 -1.31262 -2.44808 -0.594936 -0.648016 -1.37761 0.440682 
-1.15695 -1.07559 0.662299 -0.468305 1.25173 1.92525 1.23733 1.12557 -0.0304513 -0.51513 0.356122 1.05476 1.04503 0.035169 -0.374134 0.0239917 -0.492992 -0.63546 -1.0024 -1.73505 -0.430011 -1.1591 0.75558 -0.704845 -0.876668 1.10091 0.0782122 0.208131 0.388746 -0.67346 -0.739252 -1.94711 -0.313041 0.24708 1.49918 0.997478 1.8243 0.966312 1.12605 
-1.12354 -1.25791 0.620786 -1.28707 0.458233 0.325111 0.158749 1.13549 -0.185754 0.516282 -0.0654883 0.513519 1.61759 0.139463 -0.240514 0.103632 -0.695036 -0.323075 -0.764927 -0.0805489 0.376794 1.71135 1.5565 1.20322 0.267109 0.95095 0.144791 0.269383 0.450647 0.583679 1.25253 2.07702 2.79196 0.875219 1.78085 -0.668112 1.31721 1.59032 -1.34357 
-1.01749 -1.31611 0.765931 -1.16334 0.928659 1.16033 1.15678 1.50236 1.6809 1.04137 1.55934 1.32187 1.99598 0.17996 -0.104752 0.474639 0.0906869 0.617075 1.07462 1.0569 0.445209 0.62175 0.0874673 0.612364 0.713649 -0.242659 -0.0616703 -0.00554525 0.208639 0.380043 0.181673 0.275079 -0.459993 -0.901172 -4.41257 -2.59428 -2.37812 -0.114412 -2.02632 
-0.94358 -1.36266 1.09542 -1.19638 1.07531 1.39973 1.21565 1.5807 0.435996 0.603749 0.546876 1.22717 1.37493 0.0777923 -0.246059 0.312271 -0.314993 -0.141402 -0.489847 -0.540542 -0.524378 -2.70122 -1.03778 -1.17491 0.152697 -1.07537 -0.15429 -0.279477 -0.442985 -0.759899 -0.585428 -0.889844 -1.42452 -0.752414 -3.08268 -1.31714 -3.42197 -0.720474 0.0702065 
-0.939698 -1.56217 1.0782 -1.47833 0.787257 0.67048 0.616236 0.977986 -1.02031 0.00359403 0.384432 1.47457 0.920606 0.0256705 -0.384228 0.0316535 -0.669213 0.0316461 0.184773 -0.367621 -0.307206 -2.46093 -1.22967 -2.80961 -0.00682566 -0.172452 -0.0724965 0.259678 -0.245873 -0.017562 0.379345 0.467381 0.887898 1.13217 1.03771 -0.241305 -0.69886 -1.18058 0.430491 
-0.917909 -1.74689 1.12708 -1.8656 1.10695 1.5845 0.84803 1.2735 -2.02493 -0.625922 -2.26273 1.22034 1.20247 0.00529576 0.0136195 0.0663971 -0.332555 0.237943 -0.0224669 0.347356 0.60779 -1.6635 -1.27908 -1.87377 -1.02788 -0.64488 -0.0672269 0.322099 -0.0732389 1.23218 0.16556 -1.80673 0.0936699 0.11837 4.08051 0.848846 5.44741 0.113957 -1.18509 
-0.934402 -1.54855 1.1446 -1.81089 1.0252 0.648013 0.963592 1.58578 -2.68382 -1.27549 -1.48933 0.446685 0.275726 -0.0415564 -0.0621292 -0.0415854 0.562972 0.197206 -1.62196 -0.273951 -0.188835 1.61959 -0.380825 2.63781 0.107131 -1.35754 0.0148796 -0.0429485 0.19427 0.559623 0.00829227 -0.563313 -1.24404 -1.22936 2.61709 3.04644 3.18534 1.47727 0.725482 
-0.959466 -1.80902 1.08549 -1.30263 1.30416 -0.0374556 0.574079 1.08466 -0.405345 -1.00675 0.375075 1.32747 -0.155064 0.0201753 -0.029329 0.260667 0.227068 0.246235 -0.585779 -0.89668 -0.621571 0.953589 1.76735 1.31157 0.449384 0.0806018 0.0233391 -0.277034 0.351336 -1.37191 -0.142204 1.80546 0.0169652 0.289931 -1.86984 3.02409 -4.08768 -0.255464 2.63156 
-0.914227 -1.57788 1.40527 -1.58382 1.27144 0.0622333 0.0669124 0.964204 -1.73023 0.491864 -0.177764 0.896069 0.356328 -0.0182173 -0.339164 0.309751 -0.808943 0.0550015 0.183506 -0.256986 0.101095 -0.250255 2.64326 -1.44987 -0.148333 1.27402 0.0113546 -0.292985 -0.433187 -0.626398 -0.558763 0.760772 2.17348 1.10459 0.166659 -1.10311 -1.73392 -0.358767 0.975322 
-0.977683 -2.14818 1.39524 -2.11157 1.35916 0.14605 0.317092 1.18576 -0.6556 1.63651 -1.07479 1.17914 1.11895 0.0315299 -0.322314 -0.172519 -0.39933 -0.312528 0.174992 1.2768 0.483022 1.12025 0.664244 -0.422349 0.0906169 1.05592 0.0891737 0.86666 -0.160722 1.49976 -0.0915658 0.145701 0.610325 -0.132756 1.06537 -3.39575 1.88024 -0.717493 -2.18173 
-0.882697 -1.90019 1.23275 -1.98315 0.958907 0.237226 1.34371 1.44723 -0.609978 1.15611 -0.600113 0.986686 1.41225 0.0709564 0.527497 0.149029 0.690817 -0.0365643 0.329207 0.353339 -0.0316605 0.815111 -0.752486 0.43037 -0.865826 -0.907711 -0.0816081 0.379072 0.348398 0.347001 0.419446 -0.0775865 -1.90979 -1.17322 -2.15834 -1.63786 -0.661039 -0.646294 -3.16262 
-0.906727 -1.62068 1.54427 -1.42075 1.3226 0.475257 0.670431 1.15409 0.159511 0.884028 -0.644424 0.313315 0.211244 -0.0500782 0.056758 0.175879 -0.0523283 0.106918 0.0974056 -0.632992 -0.690195 -1.03809 -0.973614 -1.08339 -0.555677 -2.10669 -0.0188224 -0.902999 -0.711606 -1.39792 -0.0165928 -0.902006 -0.398789 0.037344 -2.80886 0.104048 -1.49423 0.758252 -0.0500265 
-0.932775 -1.84343 1.40863 -2.03548 1.06583 0.334631 0.71072 0.757031 -1.64807 0.182494 -1.6835 0.431009 -0.694442 0.052134 -0.375502 -0.562577 -0.707102 -0.053157 -0.572799 -0.0454498 0.00568349 -1.99375 -0.648438 -1.06386 -0.107574 -0.957737 0.126982 -0.101296 -0.333778 0.345107 0.0732984 -0.698274 0.331886 0.97397 0.956565 1.46712 0.820594 0.856102 1.8949 
-0.854593 -1.99619 0.981696 -2.12785 1.26944 -0.0975421 0.624981 1.15978 -1.83424 0.235591 -1.70828 0.205741 -0.746493 0.0769042 -0.0445385 -0.157899 0.292779 0.180216 -0.600868 -0.301106 0.283774 -0.0815279 0.493503 -0.262795 0.300425 -0.211796 -0.0984192 1.03952 0.877306 1.62825 -0.0899095 0.781101 -0.484883 -0.669757 1.84102 0.917928 0.242125 0.938852 0.664649 
-0.855871 -1.88797 1.25073 -1.7427 1.24604 -0.266237 0.409614 1.04081 -1.7296 0.675997 -1.9463 0.731434 -0.906238 -0.0462851 0.664014 0.314729 0.921149 -0.143067 0.208302 -0.530333 -0.664073 -0.152724 0.26949 -0.821734 0.831278 -0.293088 0.833848 2.71861 -0.0475557 1.67722 -0.814991 -0.0971564 -1.65667 -2.35377 1.28257 0.403649 2.73957 -0.815741 2.92954 
-0.900878 -1.33217 1.29642 -1.2067 1.12637 0.11076 0.0946482 0.495705 -1.98696 0.505081 -2.53002 1.03702 -1.03958 0.910752 2.67407 -0.205454 1.97 -0.634775 -0.698025 -1.95778 -2.06999 1.20104 0.897152 2.47677 -0.515316 2.71774 1.53834 1.45981 -1.4378 1.12714 -0.695738 -2.09929 -0.773178 -1.40993 1.38006 1.36401 5.53551 -1.48516 2.93928 
0.0548813 0.786102 1.04527 0.227301 0.611267 -0.964262 -1.54817 -1.02919 -0.528554 1.57315 0.530475 0.216118 1.8115 1.49206 2.12382 -1.12307 2.04829 -0.838804 -1.89099 -1.30351 -2.07401 1.22734 1.6335 4.71378 -0.653883 2.64619 -0.120493 -2.28963 -1.43278 -0.884116 -0.556329 -0.429042 2.16599 1.66929 -1.23527 -2.15697 -2.31434 -0.128373 -3.42556 
0.591181 0.791651 0.173356 0.841587 0.287568 -1.78023 -1.20886 -1.5783 -0.759622 2.13858 2.18376 0.383136 1.60661 0.790258 0.384446 -1.63823 1.08588 -1.1911 -1.12707 0.208214 -0.400705 -0.034226 -1.25981 0.162435 -0.64369 -0.707822 -1.08175 -2.19706 0.0917777 -1.82501 -0.144619 2.345 1.21466 2.48834 -0.262505 -3.4136 -6.23334 -0.213522 -2.8121 
0.84514 1.17055 -0.592959 1.31318 -0.579837 -2.09133 -1.33995 -1.42989 -0.56278 0.313335 0.692909 -0.427572 1.10368 0.410307 -0.0732362 -1.03129 0.223277 -0.983423 0.454011 -0.0888465 0.414332 0.964835 -1.7801 -1.51956 -0.867405 -0.165912 -0.575214 -0.92091 1.0508 -0.733223 0.563397 2.57404 -0.503245 1.10175 0.73418 1.6371 -0.431021 0.300734 1.29831 
1.00149 0.718414 -0.857935 1.06486 -0.695855 -1.32622 -1.29771 -1.16397 0.205213 0.358483 0.664197 -0.484269 1.4407 0.215044 -0.536464 -0.587432 0.35266 -0.627706 1.44697 -0.295031 0.701048 0.699954 0.377289 -0.268586 -0.342956 0.590488 -0.233441 -0.425045 1.00986 0.149408 0.930159 0.0893663 0.305671 0.205719 -0.578495 1.73502 1.26771 0.885035 0.697689 
1.06018 0.634085 -1.18039 1.66584 -1.20754 -0.644355 -1.63498 -0.728842 0.137174 0.690624 0.424323 -0.770528 1.69417 0.176866 -0.498281 -0.0214292 0.372685 -0.0532644 0.543377 0.216824 0.62005 0.38634 -0.0450732 -0.251851 0.0176299 0.531778 -0.102057 -0.00785637 0.737419 -0.837141 0.951301 -2.09309 0.61805 -0.575646 -0.740679 -1.62445 -0.278791 0.241223 -1.13354 
1.17835 0.220133 -0.879365 1.43755 -0.749119 -0.782841 -1.08089 -0.543921 0.591553 0.31341 0.412346 -0.466639 1.97247 0.112987 -0.54432 0.149987 -0.484482 0.323594 -0.64612 0.323019 0.125402 -0.0407244 -1.24716 -0.547377 -0.101732 -0.54305 -0.194245 0.641969 -0.339051 -0.351064 -0.225689 -0.550536 -0.300182 -0.487316 -0.669781 -0.657621 0.0583511 -0.43643 -1.07734 
1.17317 0.0897646 -1.0304 1.18136 -0.883949 -1.29048 -1.31196 -0.60344 0.0964499 -0.556537 -0.123054 -0.87226 1.15112 -0.0173791 0.143688 -0.36048 0.0216204 -0.278954 -0.00715824 -0.0833581 0.132734 -0.283441 -0.702695 -0.1935 -0.4188 -0.545562 -0.0971308 0.766276 -0.30805 0.547502 -0.675645 1.03552 -0.167898 0.218902 0.251085 1.09574 0.99291 -0.254055 0.259971 
1.16097 0.363821 -1.23985 1.45917 -1.02807 -0.79 -1.16424 -0.411187 0.308112 -0.389285 0.218846 -0.885439 1.42691 0.015856 0.221955 -0.158063 0.06302 -0.352051 0.389403 0.155121 0.344304 0.210361 -0.151417 0.445532 -0.355787 -0.28308 0.0491951 -0.048458 0.223882 0.101747 -0.124288 0.319375 0.0522014 0.128553 0.0542168 0.264852 -0.117044 -0.0174155 -0.0498492 
1.18903 0.31172 -1.18847 1.24438 -1.236 -0.901073 -1.15684 -0.259136 0.306811 -0.707954 0.322479 -1.22805 0.86804 0.031816 0.0952299 -0.136599 0.123368 -0.403241 0.312217 -0.0311567 0.261287 -0.229224 -0.437842 -0.310543 -0.436216 -0.595411 0.106796 -0.564967 0.492725 -0.603709 0.896391 -0.895837 0.716669 -0.295033 0.534676 0.627121 -0.531892 0.954542 0.049592 
1.19279 0.459051 -1.37644 1.58254 -1.43131 -0.477783 -1.1954 -0.1499 0.0788877 -0.827127 -0.0916966 -1.32166 0.831501 0.122653 -0.343012 0.334662 -0.540689 0.54434 -0.506435 0.87179 0.0492713 0.745037 0.475704 -0.0863602 0.598755 -0.233488 0.00508511 -0.241295 0.0839716 -0.348576 0.320877 -0.695833 0.0417248 -0.275572 0.146106 0.191637 0.16735 0.326097 0.0123522 
1.31168 -0.0312916 -0.853806 0.703692 -0.691659 -1.40751 -0.285054 -0.209864 1.05185 -0.23225 0.236118 -0.629292 0.634552 0.0369011 -0.146065 -0.0526271 -0.225208 -0.0823645 -0.383616 0.0105681 -0.0142846 -0.0831184 -0.246205 -0.143194 -0.110119 -0.583059 -0.230523 0.666266 -1.0505 1.10191 -1.51129 1.22954 -2.11792 0.0768882 -1.94106 -1.41453 -0.564841 -1.5725 -0.340079 
1.22969 0.312986 -1.42907 1.35733 -1.51368 -0.861399 -1.18483 -0.164185 -0.00423075 -1.07333 -0.23489 -1.43177 0.248443 -0.107871 0.323255 -0.715836 0.561223 -0.966947 0.723102 -1.24613 0.126159 -1.19603 -0.938822 -0.651201 -0.973747 -0.573566 0.00049842 0.0100088 0.284662 -0.150053 0.355012 0.554988 0.448104 0.0809549 0.830845 0.18746 0.720712 0.0266508 0.523411 
1.20381 0.291963 -1.56964 1.26492 -1.65861 -0.684406 -1.53118 -0.0837048 -0.144179 -1.17107 -0.415082 -1.60304 0.0609855 0.0373995 -0.136056 0.232035 -0.375261 0.272647 0.171371 0.458672 0.0666703 0.747726 -0.0587452 0.577518 -0.083468 -0.0596477 0.112156 -0.293906 0.731989 -0.573256 1.00028 -0.533206 1.45049 -0.139477 1.48361 0.784145 0.560272 0.936077 0.425974 
1.26709 0.17693 -1.19704 0.982067 -1.24103 -0.690028 -0.72616 -0.0975144 0.743496 -1.13208 0.342628 -1.51524 0.188795 0.00428499 0.0293483 0.0161523 -0.0120321 0.0333315 0.189896 0.204363 -0.0133172 0.287581 -0.154677 -0.0909288 -0.0376695 -0.147592 -0.0194166 0.26499 -0.245861 0.698385 -0.286273 0.600459 -0.608657 0.291559 -0.754831 0.698275 -0.677066 0.547113 0.109366 
1.20809 0.321311 -1.55349 1.25288 -1.62528 -0.49451 -1.32682 -0.097022 0.143402 -1.32575 -0.506011 -1.64071 -0.0866066 0.0179829 0.128934 -0.0138262 0.323124 -0.0136259 0.77183 -0.149986 0.35823 -0.00710484 0.639529 -0.0995483 0.463645 0.0497178 0.0228672 -0.19569 0.103403 -0.230524 0.143114 -0.126253 -0.154285 0.112513 0.0435413 0.173003 0.705686 -0.124145 0.401865 
1.28507 0.305863 -1.21086 1.30519 -1.25466 0.0818021 -0.876146 0.260715 0.736391 -0.492548 0.24308 -1.0516 0.238513 0.0271522 -0.166341 0.119556 -0.242556 0.176445 0.063643 0.0500778 0.0991959 0.331123 0.0183263 0.614757 -0.161814 0.254273 -0.0870275 -0.0732187 -0.36572 -0.473377 -0.164481 -1.33623 -0.221125 -0.677079 -0.296016 -1.60072 -0.167405 -1.34242 -0.537807 
1.23525 0.15497 -1.43393 1.01033 -1.44883 -0.430867 -1.27674 0.00217393 0.474525 -1.30742 0.108746 -1.80252 0.167666 -0.0690446 0.0557149 -0.379546 -0.150252 -0.178107 -0.564397 -0.37111 -0.318849 -0.303121 -0.961192 -0.266953 -0.87877 -0.488089 0.0089206 0.317047 0.0958523 0.199483 0.171528 0.115175 0.418173 -0.0839319 0.601191 0.441118 0.0255965 0.233835 -0.0712337 
1.21603 0.361578 -1.59041 1.15494 -1.43276 -0.482595 -1.24726 -0.0581337 0.43327 -1.45374 -0.0238737 -1.93037 -0.249577 0.0360728 0.150706 0.215408 -0.043073 0.347973 0.178818 0.468251 0.015264 0.932314 0.459444 0.640353 0.0720206 0.183039 0.0491415 0.111602 0.462272 0.0726628 0.22918 0.651317 0.695744 0.270964 0.524698 1.24198 -0.172782 1.00496 0.514924 
1.27132 0.305676 -1.21853 0.967255 -1.10086 -0.252049 -0.808489 0.017438 1.40684 -0.847977 0.749099 -1.7305 0.350705 -0.0199032 0.167317 0.0827254 -0.0775896 0.051073 0.0869202 0.324634 -0.047885 0.221577 0.28079 -0.439736 0.12619 0.0268351 -0.0068943 -0.43317 -0.01659 -0.567244 -0.144768 -0.892019 -0.0341021 -0.229098 -1.03117 -0.729979 -1.51516 0.204435 -0.620343 
1.19613 0.528895 -1.50768 1.07735 -1.38169 -0.395675 -0.922622 -0.106019 0.654847 -1.17295 -0.463609 -1.80418 -0.222741 0.0291785 -0.282464 0.198818 -0.610317 0.203205 -0.7132 0.434149 -0.213834 -0.0988568 -0.270535 -0.874806 0.276456 -0.437304 0.0632705 -0.463877 0.0785173 -0.133377 -0.0362139 -0.119633 -0.460186 0.0269303 -0.612587 -0.494207 0.501039 -0.318549 -0.0839913 
1.3005 0.0232118 -1.01971 0.356938 -0.897652 -0.965249 -0.37434 -0.196396 1.30798 -1.11851 -0.125707 -1.45405 -0.0865988 0.0433673 -0.29656 0.161243 -0.210966 0.014859 -0.0327126 -0.135552 -0.0209546 -0.39101 -0.213417 0.0613035 -0.192359 -0.0571562 -0.116245 0.61904 -0.543353 1.26377 -0.702448 1.22093 -0.933078 0.191819 -0.0449957 0.274218 1.22061 -0.615166 0.380672 
1.23949 0.232335 -1.34644 0.866383 -1.36683 -0.428387 -1.05817 -0.126973 0.263837 -1.38637 -0.402306 -1.99654 -0.279898 -0.0870666 0.336576 -0.344535 0.653455 -0.499243 0.50773 -0.49893 -0.0220147 -0.143852 0.00368317 0.3458 -0.33871 -0.0566321 -0.0873258 0.56423 -0.185253 0.695637 -0.11111 0.583282 0.385039 0.0479188 0.866244 0.615974 0.696328 0.483202 0.225611 
1.21343 0.359787 -1.36424 1.01039 -1.39689 -0.457519 -0.87327 -0.21841 1.16413 -1.11483 0.220093 -1.79276 -0.143231 -0.0439585 0.26767 -0.0240104 0.484671 -0.0962506 0.55057 0.249487 0.0269642 0.475234 0.402557 0.757631 0.290843 0.168455 0.0655136 -0.213479 0.311544 -0.510768 0.38936 0.1675 0.437542 -0.0208651 -0.153209 0.141034 -0.466954 0.344458 0.0138071 
1.19554 0.500005 -1.37045 1.35105 -1.46308 0.122183 -0.808687 -0.100009 0.739071 -0.983811 0.355325 -1.70569 -0.111442 -0.021553 0.123097 -0.0329908 0.142686 -0.109882 0.675231 -0.061388 -0.0428799 -0.297062 0.144717 -0.121153 0.0057482 -0.042825 0.111589 -0.506005 0.419445 -1.31145 0.571973 -1.0839 0.283795 -0.371831 0.0660146 -0.0577745 -0.954617 0.00154536 -0.0722547 
1.19188 0.482884 -1.39723 1.15308 -1.50678 0.217712 -0.934658 -0.26129 0.867068 -0.970112 0.0989394 -1.78701 -0.186056 0.0676309 -0.238334 0.395434 -0.826776 0.475723 -0.533328 0.533282 -0.344867 0.541249 0.344782 -0.196985 0.292388 0.0962005 -0.00143003 -0.0733177 0.0930304 -0.72098 0.388118 -1.61359 0.312059 -0.367322 0.434273 0.171498 -0.593482 0.0498253 0.101176 
1.26317 0.261671 -0.975016 0.524278 -0.98736 -0.411146 -0.275406 -0.444876 1.28032 -0.639029 0.15834 -1.41331 -0.0152419 -0.0229831 0.0497788 0.0600396 -0.578294 0.278236 -0.93836 0.250671 -0.410202 0.137211 0.316215 -0.714635 0.0555735 0.0583514 -0.228272 0.847431 -0.896518 0.989704 -0.581223 -0.0358003 -0.616571 -0.0261219 -0.805811 0.418248 -0.789697 -0.121993 -0.282047 
1.16889 0.532663 -1.3372 0.574785 -1.22854 -0.720648 -0.683986 -0.671492 1.00428 -0.653897 -0.615696 -1.73143 -0.127705 -0.160642 0.609096 -0.501084 0.162928 -0.105501 -0.569129 -0.0832897 -0.370989 -0.264562 0.76303 -0.986682 0.170394 -0.185846 -0.12734 0.529461 -0.0751489 0.833325 -0.0805507 0.780179 0.0988407 0.172362 -0.320906 0.889699 1.08567 0.851588 -0.6186 
1.10252 0.870767 -1.4761 0.687206 -1.09286 -0.980275 -0.358695 -0.815865 1.01576 0.124001 -0.828341 -1.24291 -0.201088 -0.150323 0.57924 -0.0151093 0.255031 0.197686 -0.158181 0.349512 -0.23784 -0.183695 1.20591 0.371033 0.907161 -0.560248 -0.284205 -0.354449 0.952936 -0.247179 0.361121 0.958612 -0.16492 -0.157992 -2.27762 -0.982449 2.97688 0.846793 -0.692245 
1.01857 1.1119 -1.3523 0.829816 -1.03086 -0.878829 -0.334474 -0.909332 0.820584 0.552017 -0.244663 -0.824274 -0.687953 -0.444847 0.254648 0.451853 -0.0842512 0.25562 0.389483 -0.24821 -0.528981 -2.54218 -0.219419 1.9902 1.01719 -0.878091 -0.66353 -0.618173 1.35777 -0.661811 0.713171 0.529734 0.395017 0.977084 -0.446371 -2.10138 0.591696 0.219146 0.0707047 
0.657678 1.12541 -1.02425 0.602955 -0.83724 -0.590791 -0.606905 -1.34485 -1.52642 -0.0954177 1.16185 -0.225723 -1.07918 -0.813853 -0.0389328 1.34266 -0.40678 0.910856 0.371553 0.744529 0.739244 -0.630066 -0.895466 0.962728 1.12631 -0.489543 -0.503444 -0.870389 1.04518 -0.0365032 0.983426 -0.755951 1.18808 1.55051 3.81557 1.09102 -4.14385 -0.391988 0.739414 
0.204718 1.07297 -0.00964382 0.423036 -0.119999 -0.507277 0.410055 -0.170089 0.190519 -0.34345 0.718065 0.302034 -1.1775 -0.948291 -0.615741 1.49704 -0.120754 1.23905 -0.366468 0.939872 1.02153 1.2734 0.8716 -2.15365 0.625199 -0.138677 -0.26014 -1.07519 -0.502833 -0.685293 -0.248811 -0.23152 -0.685215 0.0875142 0.0083415 1.97115 -2.65901 -1.58294 2.2042 
-0.290613 0.509673 0.472789 0.482201 0.401806 -0.957259 0.332966 -0.323318 -0.25302 0.776182 -0.991796 0.399476 -1.21786 -1.07399 -1.11412 0.839828 -1.09207 0.662045 0.140033 0.0593136 0.826758 -0.621724 1.07569 -1.69628 -0.456628 1.71465 0.217352 -0.220046 -1.31981 -1.31695 -1.01158 1.94533 -0.317245 -0.18176 -1.88749 -1.77473 2.086 -0.11538 2.82775 
-0.869275 -0.0411511 0.830184 -0.669036 0.542046 -0.367244 0.469368 0.656669 -0.431206 0.732238 -0.978217 -0.154595 0.537158 -0.730939 -0.835788 0.177224 -1.43771 0.227469 1.57886 0.622627 0.839768 -0.614087 -0.903134 -0.0676488 0.509819 2.68907 1.16138 1.30905 -0.758266 1.12585 -0.353069 0.379314 -0.395304 -1.36824 -0.10896 -1.77336 4.00748 1.34735 -1.91602 
-1.02155 -0.326114 0.650013 -0.955508 0.629275 0.6216 0.955594 0.51645 -0.867108 -0.126952 -1.05945 0.909295 1.47122 0.0873894 0.194928 0.0815619 0.0337729 0.308977 0.519347 -0.33599 -0.541479 -0.730684 -0.697675 2.3112 0.890725 -0.201362 1.99562 2.27508 -0.371478 1.80225 -0.653283 -1.81101 -2.43183 -2.74653 -0.143729 1.50127 4.45263 -1.14836 -5.27869 
-0.781886 0.153777 0.911746 -0.635263 0.851022 0.152103 0.133378 0.11519 -1.16189 0.0345627 1.33298 0.73613 0.335796 1.26468 1.43929 -0.194254 0.364543 -0.425814 -0.23215 -1.80921 -1.90676 -0.757817 0.598136 4.38498 -0.638537 -2.58962 1.44176 0.999962 -1.48046 0.495273 -1.77861 -1.63376 -0.428767 -1.32129 0.361529 1.82686 -1.74798 -1.16563 -1.61451 
0.243129 1.11318 0.455759 -0.590965 0.203461 0.38945 -0.853613 -1.39031 -1.62492 0.471184 3.32553 0.270759 -1.1184 1.52915 1.19489 -1.3989 0.529045 -1.46963 -1.11441 -0.764758 -1.86277 -0.369155 1.12919 0.563211 -0.274905 -1.81588 -0.666727 -1.33597 -1.05369 0.367555 -0.930974 -1.34222 2.52574 1.6154 1.39982 0.564001 -6.23112 -0.0401185 1.58105 
0.747262 1.34867 -0.487151 -0.106218 -0.618611 -0.962309 -0.63138 -1.74758 -1.53104 1.16375 1.89619 0.461224 -1.48008 0.597954 0.103324 -1.24795 0.732098 -1.35679 -1.57437 0.716538 -0.291367 0.642 1.16214 -1.84614 -0.678655 -1.00856 -1.35074 -1.78621 1.11245 -0.67751 1.4382 0.0152382 1.25254 1.61989 0.77903 -0.790741 -1.45611 -0.596134 1.66072 
0.841083 1.2165 -0.792187 0.141133 -1.15333 -1.18492 -0.137074 -1.68168 -0.982925 1.63332 1.4794 -0.407896 -2.12696 0.178408 -0.591323 -0.286448 -0.148464 -0.0314308 -1.09917 0.487779 -0.242877 0.409875 0.338444 -0.892902 -0.871039 -0.155158 -0.496467 -0.530707 1.094 -1.06494 1.83639 0.873447 -1.16102 0.17585 -0.41403 -1.50181 1.76803 0.498731 2.06087 
0.92567 0.757344 -0.773599 -0.254682 -0.650042 -2.06148 -0.143601 -1.99046 -1.12117 1.50219 1.00329 -0.409815 -1.63524 0.101486 -0.427383 -0.153945 -0.332839 0.479604 -0.700924 -0.444481 -0.115517 0.22797 -0.339672 -0.0781095 -0.179924 1.05231 -0.148678 0.844193 0.035397 0.950915 -0.0737324 1.90615 -0.774017 0.862773 1.40785 -0.48088 2.01102 1.00389 1.558 
0.94257 0.789119 -0.946132 -0.191705 -0.673722 -1.88585 -0.581555 -1.7972 -0.754955 1.29365 1.40129 -0.58782 -1.07465 0.0297306 0.252869 -0.251051 0.802451 -0.105163 0.806972 -0.286238 0.619896 1.81772 -0.142436 1.11812 0.132853 1.40285 -0.0795998 0.436987 0.144152 0.57299 -0.15689 0.90109 0.679785 0.688847 1.3313 0.89515 -0.153793 0.711438 -0.189977 
0.955401 1.01021 -1.02465 0.547769 -0.755205 -1.25451 -0.429838 -1.37056 0.696551 1.35976 2.1214 -0.276962 -0.232393 0.0218867 0.0096041 -0.00979331 0.240152 0.322715 0.200165 0.235304 0.573331 1.55927 0.555478 -0.231902 0.531515 0.862331 -0.104641 -0.322525 0.21099 -0.824704 0.276616 -0.591779 0.0858717 -0.605989 -2.12122 -0.259571 -3.03933 -0.374236 -1.48139 
0.964456 0.798723 -0.955925 0.0484463 -0.351007 -1.68568 -0.346251 -1.22387 0.804312 1.84913 1.16939 -0.0563052 -0.212324 -0.0749108 -0.0696554 -0.0400614 -0.022253 0.171452 0.215193 -0.200366 0.0139067 -0.303498 -0.402007 -1.92121 -0.241383 -0.0785441 -0.131392 0.0267389 0.167785 0.188185 -0.74396 0.545223 -0.561437 -0.760081 -0.864381 -1.15003 0.117039 -0.490847 -1.06152 
0.88049 0.940558 -1.06471 0.525516 -0.583753 -1.03932 -0.630204 -1.35666 0.393053 0.957749 0.200188 -0.518345 -0.310937 -0.109506 0.036343 0.157991 0.428336 -0.421246 0.745388 -0.326133 -0.18675 0.694886 -0.594552 -0.114863 0.0406679 -0.199185 0.0336755 0.162219 0.371032 0.420112 -0.472532 0.370987 0.389002 0.383338 1.94308 0.439499 3.31436 1.23521 0.201229 
0.854951 0.835066 -0.797934 0.476783 -0.772253 -0.940292 -0.672384 -1.41062 1.4992 1.25457 1.05452 -0.0156373 -0.411509 -0.0412354 0.0925639 0.330971 0.397859 -0.30108 0.58618 0.188636 0.397245 1.63958 0.0374918 1.39314 0.993825 0.122685 -0.0150732 0.074937 -0.150165 -0.161249 0.283185 -0.91825 0.00621288 0.197346 -1.42533 0.131267 0.225673 -0.208047 -0.635347 
0.839255 1.03312 -0.733741 0.923374 -0.884832 -0.453137 -0.441569 -0.959411 2.03263 0.995241 1.59333 0.47548 -0.188252 -0.124579 0.11128 0.00782609 0.267087 -0.138061 -0.172862 -0.31992 0.010596 -0.730443 -0.463286 0.11081 -0.167379 -0.834532 -0.0123627 -0.181429 -0.24967 -0.692919 0.447319 -1.01388 0.293997 -0.521176 -2.32056 0.0178128 -2.83931 -0.984936 0.322528 
0.730372 0.946346 -0.790108 0.743869 -0.910313 -1.11315 -0.992305 -1.40002 0.768755 0.791288 1.16533 -0.183016 -1.24604 -0.053598 -0.0888649 0.0813008 -0.29506 0.146239 -0.427703 0.482633 -0.123932 -0.680981 0.0553046 -1.44616 0.00888888 0.445213 0.111367 -0.12496 0.236221 -0.423552 0.130816 0.659479 1.25722 -0.0249124 1.35985 1.03014 -1.66941 0.216175 1.81129 
0.785657 0.944257 -0.65244 0.628314 -0.738593 -0.880841 0.0410641 -1.08334 1.35165 1.05055 0.14717 0.484369 0.256961 -0.0132124 -0.0136795 0.244047 -0.156465 -0.00724507 0.486617 0.937299 -0.0143164 0.629405 0.56685 -1.5586 0.0487959 0.976762 -0.0566881 -0.00646786 -0.00942224 0.517928 -0.422131 -0.222196 -0.876293 -0.0626043 0.478604 0.122889 0.943991 -0.960638 -1.70358 
0.717159 0.932666 -0.546061 0.587404 -0.917558 -0.626536 -0.0550059 -1.41434 1.39816 1.35814 -0.393265 -0.13422 -0.269278 -0.110286 -0.0953328 0.0718785 0.222868 -0.275892 -0.649899 -0.39366 -0.186536 -0.202377 0.178194 -0.502171 -0.951749 -1.25837 -0.0821768 0.204207 -0.23495 0.685422 -0.111274 -0.717998 -0.704119 0.512768 -0.44988 -1.19757 2.03862 -0.381264 -1.07411 
0.675371 0.848925 -0.580562 0.851182 -1.01449 -1.53074 -0.352596 -1.26988 1.14927 1.22874 -0.355001 -0.46738 -1.0014 -0.0953892 0.190527 0.00909739 0.528957 -0.118519 -0.23138 0.23318 0.498451 0.179525 -0.630717 0.480022 -0.332468 -0.0973482 0.0128438 0.21961 0.0600449 -0.324189 0.231275 1.80942 0.673054 0.148442 -1.28178 -0.317139 -0.300865 0.735225 1.21025 
0.62177 1.12319 -0.536964 1.11636 -1.03608 -0.857916 0.178174 -0.915887 1.57768 0.727422 0.0867566 -0.466688 -0.366627 -0.0974424 0.124277 0.131923 -0.101321 -0.0446169 1.15952 0.279394 -0.0380938 -1.48416 -0.138945 -0.803036 -0.216524 -0.0481184 -0.0257133 -0.318718 0.360053 -0.321965 0.400075 0.851358 -0.470953 -0.695492 -0.772826 1.1303 -0.809369 0.425761 0.313026 
0.577928 0.973202 -0.448638 0.749861 -1.0591 -0.371222 -0.0732013 -1.30797 -0.334885 1.08979 -1.15804 -0.683903 -1.04952 -0.121103 -0.12819 0.36915 0.206992 0.281556 0.619978 -0.237773 -0.197041 -0.593301 0.499579 -0.329347 0.093293 0.215678 -0.0149475 -0.235619 0.353672 0.421628 0.544849 -0.285588 -0.797708 0.429246 2.42358 -0.196548 2.02825 -0.0493154 0.882945 
0.500667 0.995003 -0.167813 1.32335 -0.754522 -0.237938 -0.0595996 -1.11293 0.984384 1.227 -0.24259 -0.373395 -0.150949 -0.11239 -0.111342 0.485596 0.320307 0.500232 0.87393 -0.518314 0.391153 0.93942 -0.335493 1.22521 -0.265839 0.834827 0.0866691 -0.103944 -0.126333 -1.05282 0.074525 0.167164 0.279469 0.457571 -0.0540284 -0.77082 0.212593 -0.21021 -0.440272 
0.465538 0.86186 0.0369573 1.07017 -0.55887 0.502708 -0.591515 -0.916819 0.604535 0.754301 0.067174 -0.949743 -0.214696 -0.0344335 -0.232134 0.242817 -0.84583 0.356081 0.787142 0.0416954 0.26053 -0.647329 -0.271241 -0.116754 -0.116917 -0.224595 -0.0501407 0.198879 -0.197955 -0.648784 -0.251706 0.00195631 0.764684 -0.455751 -1.21716 0.438875 -1.51391 1.01178 -1.64042 
0.466234 0.762869 0.0750039 0.477523 -0.398441 0.549204 -0.0179042 -0.852397 0.337055 0.955759 -0.359345 -0.490312 -0.375544 -0.162531 0.0875373 0.287641 -0.328477 0.248526 0.875886 0.246371 -0.0645984 -0.27774 0.103382 -0.288701 0.745936 -0.805595 -0.218703 0.601075 0.417283 0.65989 0.113948 0.272301 -1.19438 -0.332054 1.7309 -0.0355028 0.286719 0.142474 -0.761477 
0.303008 0.949397 0.324598 0.741691 -0.310344 1.37859 -0.345144 -0.981418 0.326795 0.857683 -0.221527 -0.203807 -1.02029 -0.253136 0.368941 0.6601 -0.18594 0.470028 1.05944 -1.15268 -0.0715238 1.08357 -0.306744 0.169965 0.0255566 -0.986072 -0.149665 0.198112 0.105278 -0.765175 0.292612 0.367172 -1.62527 0.22231 1.65933 -1.07224 0.682164 -0.490379 0.451894 
0.213098 1.13181 0.735104 0.291583 0.0715875 1.60865 -1.17059 -0.923921 1.42062 0.649015 -0.189379 -0.464756 -1.36162 -0.312196 0.28565 0.392918 -1.09365 0.541138 1.24306 -1.3789 0.157711 1.38159 -0.968855 0.393463 0.255557 -0.353701 -0.124819 -0.177779 -0.828017 -0.624916 0.278749 -0.977854 1.7356 0.447629 -1.6211 -0.313059 -0.912133 0.53597 0.968785 
-0.00918799 1.23505 0.717516 -0.351961 0.230794 2.62165 -1.72404 -0.823707 1.70838 -0.111172 0.171936 0.051751 -1.37399 -0.377955 0.191163 -0.167917 -0.810856 0.748777 0.0815885 0.582914 0.376105 -0.537537 -0.619804 -0.742168 0.561527 -0.0172865 -0.0286437 -0.143113 -0.177542 0.736005 0.37416 -2.56915 1.96027 0.34711 -2.60863 0.0161762 -0.669462 -0.112204 -0.763849 
-0.164858 1.32297 0.567186 -0.519273 0.820365 1.69024 -0.587674 -0.547817 0.883085 0.0292111 -0.931547 0.0967709 -1.3789 -0.34084 0.142537 0.215376 -0.357647 0.915297 -1.32609 0.58137 0.504821 -1.22704 -0.952679 -0.275999 0.143353 -1.11755 0.131958 -0.178393 0.684631 1.05143 -0.513325 -0.107854 -1.13109 -0.221431 -0.576662 -0.633443 2.09981 -0.81753 -0.942563 
-0.350028 1.37758 0.932892 -0.709608 1.14609 1.29556 -1.14267 -0.318885 0.481341 -1.06385 -0.104064 0.195104 -2.49154 -0.245997 0.0127696 0.516714 0.240577 0.235452 -0.0262659 -0.548171 0.154674 -1.1142 -1.25325 1.35764 -0.256003 -0.95985 0.170206 -0.325547 0.552442 1.05338 -1.77474 0.998709 0.839631 -0.152869 -1.15248 0.21874 0.869371 -0.265803 1.96491 
-0.410855 1.33574 1.0839 -0.278697 1.05582 1.66397 -1.13584 -0.393143 -0.231114 -1.22404 0.426092 -0.159233 -2.33875 -0.170634 -0.18301 0.767818 0.695738 -0.859442 -0.327383 1.421 0.351953 -2.37952 -0.733939 0.593371 -0.12245 0.847359 0.124094 -0.362403 0.430124 0.532471 -0.788415 -0.65164 1.57825 0.187992 0.00940983 -0.00531108 -3.15363 0.865819 2.19905 
-0.520661 1.19457 1.70071 -0.0138699 0.28665 0.968177 0.278327 0.0330673 -1.89818 -1.79779 0.489308 0.0726543 -1.64418 -0.121903 -0.349634 0.946838 0.773047 -0.552963 -0.677906 1.03008 0.342666 -1.10479 -1.25856 -1.79599 0.609816 1.2392 0.190291 0.273569 -0.512112 -0.199025 0.983999 0.432434 -1.82834 -0.176647 3.48999 -0.0514523 -1.2284 0.68789 -0.894527 