-0.777116 -0.973288 -0.304366 -1.20559 -0.247716 -0.645248 -0.930479 -0.7837 -1.30801 0.633268 2.38338 1.32349 -0.918383 
-0.837058 -0.980488 -0.351373 -0.562091 0.236806 0.200362 -0.295198 -0.874198 -0.510477 0.585107 1.59989 1.2071 -0.666507 
-0.880547 -0.953358 -0.420512 -0.708694 0.453628 0.667029 -0.453359 -1.11544 -0.0942104 0.534701 0.784862 1.85503 -0.249039 
-0.918989 -1.1541 -0.800489 -1.03594 0.636955 0.669561 0.00135391 -1.20467 -0.131981 0.00575657 -0.474436 1.45158 -0.327726 
-0.867842 -1.98276 -1.01961 -0.156826 0.473364 0.23512 2.45914 -2.68824 -0.32854 0.729648 -0.323695 1.9003 1.56287 
-0.813788 -2.26249 -0.629239 0.823686 -0.309779 -0.3234 3.01618 -3.35452 -0.467239 1.43987 -1.09577 -0.12703 0.777356 
-0.764958 -2.3672 -0.808525 0.747014 -1.08565 -0.904611 2.54204 -2.56592 -0.705997 0.976593 -1.31635 -0.479731 0.869014 
-0.679168 -2.01159 -0.603693 0.692936 -1.70398 -1.35134 1.78055 -1.77259 -0.765855 1.22328 -1.02939 0.0401389 1.07526 
-0.734515 -1.46104 -0.592377 0.00332497 -1.60609 -1.05483 1.81898 -1.42686 -1.30079 0.723912 -0.0487236 0.785186 0.422181 
-0.804256 -1.28539 -0.62719 -0.250737 -1.50155 -1.20606 1.58785 -1.18453 -1.17384 0.437415 -0.742262 1.46141 1.25693 
-0.865837 -1.33396 -0.534906 0.273531 -0.914977 -0.989695 1.67559 -0.676281 -1.01271 -0.395281 -0.858469 1.92365 -0.278026 
-0.881757 -1.32144 -0.507568 0.287333 -0.192402 0.273738 1.95558 -0.261103 -0.67551 -0.172431 -0.7962 1.18991 -0.274164 
-0.821065 -0.880198 0.29756 0.609405 0.297107 1.68307 2.64476 0.320813 -0.413938 -0.606363 -0.889173 0.79011 2.11401 
-0.334907 0.331627 0.229878 0.831758 1.201 1.16582 1.0764 -0.0207561 -0.325114 -0.801398 -0.882189 0.0521983 0.291466 
0.0234715 0.736027 0.444996 0.943317 1.30263 0.748446 0.856067 0.0546125 -0.242344 -0.862839 -0.848698 -0.630887 -0.511117 
-0.308379 1.78392 1.52244 1.07804 -0.789341 -1.59331 1.16752 1.27789 1.17272 -0.368588 -2.2167 -1.83859 -1.87057 
-0.0871313 2.22772 1.7454 0.659393 -1.97457 -2.65255 1.27283 1.87123 0.340747 -0.850799 -1.21694 -1.98233 -3.1319 
0.118271 2.39187 1.55659 0.71706 -2.3496 -1.56636 0.931534 0.989414 0.280977 0.223339 -1.0824 -2.07926 -3.12522 
0.414618 2.24895 1.12673 1.10684 -2.60793 -1.20904 0.845007 -0.0706495 0.0845013 0.286383 -1.27722 -2.08942 -0.676804 
1.05633 1.43167 -0.118941 0.53916 -0.767597 -0.715327 0.417791 -0.598868 0.418082 -0.24044 -2.16018 -1.79965 -0.976885 
1.24864 1.03704 -0.376274 0.356325 -1.25043 -0.521559 0.651262 -0.583275 0.849617 -1.92706 -2.3007 -1.75344 -0.431861 
1.43398 0.489818 -0.374159 -0.320046 -1.68526 -0.992755 0.013816 -0.282965 0.235242 -1.75494 -2.01523 -1.50992 -0.606841 
1.5905 0.0178103 -0.761278 -0.812589 -1.9565 -1.49765 0.145179 0.273981 -0.160283 -1.60443 -1.65129 -0.995322 -0.28668 
1.58218 -0.0446677 -0.782207 -1.009 -2.41661 -0.848939 0.541023 0.583072 0.378334 -0.721218 -1.04834 -0.383941 0.700556 
1.52558 0.0802353 -0.882062 -0.498799 -2.64596 -0.128427 0.393517 0.01814 0.989372 -0.942274 -0.369018 -0.05255 0.198546 
1.47388 0.106732 -1.31931 -0.0310373 -2.60311 0.0393189 0.278342 -0.0451451 1.54514 -1.57633 1.04813 -0.981529 0.630939 
1.53713 0.0573012 -1.53472 0.193845 -2.34912 0.305825 0.104132 0.106246 1.35286 -1.43222 1.9579 -0.285797 0.236764 
1.63995 -0.0170105 -1.76037 -0.575369 -1.87999 0.81616 0.0430679 0.172532 0.742132 -1.16557 2.1087 0.135098 -0.877098 
1.67872 -0.0752143 -1.81611 -0.976379 -1.13083 0.699174 -0.0692312 -0.619838 0.688872 -1.42091 1.81487 -0.507606 -1.18586 
1.79217 -0.346815 -1.57057 -1.4309 -0.990226 0.191426 0.0990038 -0.469877 0.250485 0.0712377 0.0396249 -0.242338 -0.845885 
1.76477 -0.612909 -1.61461 -1.37188 -1.38888 -0.714159 0.415636 -0.169184 0.143263 0.783761 -0.0427511 -0.95794 -1.28817 
1.76944 -0.701777 -1.59924 -1.4909 -1.02778 -0.59772 -0.114072 0.284615 0.872901 0.66653 -0.860144 -0.876578 -2.00319 
1.81944 -0.637441 -1.71059 -1.58609 -0.613571 -0.501839 -0.440734 0.277973 1.53427 0.401637 -0.825975 -0.460807 -0.894265 
1.84646 -0.444603 -1.77394 -1.30003 -0.471052 0.176193 -0.725239 0.190567 1.42643 -0.368391 0.138979 -0.829613 -0.0114894 
1.83806 -0.384389 -1.85 -1.08483 -0.420356 0.455047 -0.684501 0.0752408 1.18897 -0.756509 1.13752 -0.299624 0.101051 
1.81654 -0.463257 -1.75957 -1.37555 -0.490164 0.0556819 -0.434989 -0.145265 1.86244 0.418985 0.470806 -0.308199 0.243781 
1.81447 -0.542994 -1.44742 -1.53017 -0.142824 0.0195383 -0.607244 0.0240865 2.18896 0.997083 0.0344123 -1.11583 -0.312683 
1.82296 -0.352053 -1.51988 -1.40692 -0.419447 -0.162538 -0.566547 -0.0637358 1.81998 0.355047 0.315976 -0.789159 0.390055 
1.85446 -0.30768 -1.46809 -1.16037 -0.896557 -0.347551 -0.598906 0.263759 1.62068 0.326203 0.642398 -0.683657 0.610026 
1.77506 -0.215876 -1.23161 -1.03232 -0.905658 -0.876798 -0.964889 -0.040538 1.94356 0.828975 0.471724 -1.38381 0.748885 
1.68557 0.0828171 -1.34541 -0.979231 -0.556554 -0.752658 -1.02685 -0.431804 1.39106 0.331866 0.737304 -1.19676 1.35719 
1.6318 0.112795 -1.06606 -0.641442 -0.703883 -0.320893 -1.14456 -0.808651 1.84733 -0.411971 0.614233 -1.10389 1.5976 
1.40965 0.150145 -0.815829 -0.890207 -0.0326383 0.489153 -0.267405 -1.44642 1.29044 -0.764278 0.865057 -1.97924 2.48444 
1.26227 0.27011 -0.703428 -0.454935 0.54273 1.01734 -0.264608 -0.298193 1.24272 -0.1969 -0.845175 -2.41624 1.57403 
1.14477 0.27642 -0.35487 -0.372697 0.17225 0.692971 -0.203438 0.443817 0.536053 0.461196 -0.122389 -1.78471 -0.486331 
1.04272 0.131666 -0.263562 -0.689721 -0.0704777 0.416859 0.330165 0.602579 0.597552 0.417616 -0.326625 -1.29829 -0.630361 
0.932478 -0.221715 -0.408087 -1.30371 -0.12024 0.277745 -0.162763 0.906337 0.95213 0.275028 -0.418951 -0.713555 0.945044 
0.905221 -0.390289 -0.367097 -1.21745 -0.0811187 -0.618384 -1.11995 0.437091 0.757207 0.968072 0.362482 -0.522186 -0.690582 
0.83518 -0.557971 -0.337439 -1.30642 0.271229 -0.17023 -0.671086 1.18976 -0.215661 0.202854 -0.856815 -0.2765 -1.22428 
0.790148 -0.653102 -0.443257 -0.989256 0.422047 -0.130127 -0.0074628 0.964635 0.216879 1.69382 0.600076 -0.0491615 0.599185 
0.752734 -0.697078 -0.705064 -1.38544 0.365377 -0.327305 -0.89088 1.18472 0.453104 0.967909 0.285929 -0.879944 -0.251498 
0.705383 -0.762298 -0.614505 -1.47891 0.105876 -0.0345294 -0.713695 1.18491 0.351646 1.35709 0.845832 -0.747382 0.189065 
0.627216 -0.608406 -0.213729 -0.624978 0.497731 0.2532 -0.635813 1.09129 -0.579544 -0.037301 0.0157042 -0.137657 -0.179814 
-0.0113214 -0.096653 0.0614334 0.136667 0.897008 1.15522 -0.490467 0.856181 -0.656667 -0.224765 -0.0578073 0.403535 -0.904919 
-0.742093 0.349208 0.881008 1.64683 0.781441 0.0925423 0.794469 -1.16665 -0.550147 0.448709 -0.051563 0.500892 -0.471477 
-0.798279 0.306669 0.644633 1.2121 1.11791 0.0773866 0.628908 -1.25397 -0.284263 0.648288 0.849777 1.2793 0.0717101 
-0.826016 -0.0254839 0.341718 0.677096 0.773046 -0.288193 0.735656 -1.27016 -1.24378 0.751622 1.16039 1.41497 -0.247814 
-0.862294 -0.0219778 0.425271 0.504155 1.00769 -0.244721 0.623541 -1.19386 -1.53143 0.253648 0.847089 1.32435 0.542492 
-0.942441 -0.0801471 0.461891 0.0632124 0.707543 -0.0540346 0.0220457 -1.44772 -1.63212 -0.641413 1.0745 1.13088 1.4204 
-0.964228 -0.28778 0.150083 0.422415 1.24543 0.203134 -0.159492 -1.12035 -1.34386 -0.627948 1.29677 1.00105 1.42328 
-0.979739 -0.563011 -0.103401 0.670469 1.46309 0.511278 0.281583 -0.381442 -0.625559 -0.869026 -0.330178 -0.626279 -0.423795 
-0.984458 -0.570919 -0.146259 0.333413 1.08092 0.962576 1.18882 -0.0816013 -0.968461 -1.32499 -1.24147 -0.873133 0.294792 
-0.945913 -0.38077 -0.174523 -0.723555 0.644914 0.180649 0.574368 0.604745 0.0556052 -0.656993 -0.995406 -0.516336 -1.30887 
-0.712204 0.149805 -0.316986 -0.88463 -0.482393 -2.11948 -0.216379 0.743432 0.423695 -0.210218 -0.243202 0.503013 0.142887 
-0.433962 0.722858 -0.520557 -0.462092 -0.347805 -2.01271 0.749418 1.58546 0.344034 -1.09287 -0.323091 1.79565 0.361483 
-0.186395 1.17282 -0.716457 0.00648027 0.378307 -2.30498 1.07435 1.87974 -0.999615 -2.06399 -0.342843 1.47712 1.03005 
-0.0735562 1.48893 -0.626109 0.165436 0.781516 -2.37709 0.978423 1.4629 -0.801744 -1.8059 -0.564388 1.09504 0.487356 
0.18463 0.82166 -0.0971154 0.301347 0.664982 -0.915233 0.274461 1.0983 0.0554389 -1.4657 -0.625489 0.0690334 -0.519593 
-0.0531261 1.35155 0.0354308 0.517982 0.722913 -1.4461 -0.0500961 1.1036 0.111741 -1.01241 0.124162 -0.160487 -1.42832 
-0.215805 1.75978 0.209971 0.356521 0.757497 -1.28711 0.221195 1.03033 0.216121 -1.37014 0.245962 0.240403 -0.611679 
-0.260832 1.58369 0.422412 0.405862 0.835158 -0.85242 0.155665 0.797494 0.00823362 -1.70567 -0.604553 -0.0397402 -0.454665 
-0.351937 1.27502 0.231904 0.0545366 0.633749 -0.930315 0.718055 1.20252 0.437303 -1.70097 -0.499526 0.457217 -0.553777 
-0.478886 1.12869 0.274335 0.28518 1.09439 -0.243693 0.480598 0.899038 0.13448 -2.05399 -0.752772 0.0077313 -0.496538 
-0.541338 1.08698 0.497 0.523447 0.661606 -0.534871 0.266579 0.424096 0.144566 -0.716519 -0.023394 0.116096 -0.297125 
-0.607613 0.968619 0.490955 0.390787 0.673926 -1.12166 -0.0216666 1.30007 1.51061 -0.723724 -1.76357 -0.149633 0.897097 
-0.644137 0.794857 0.591627 0.216791 0.582308 -0.885961 0.210028 1.00162 0.823776 -0.987882 -0.587194 0.52952 -0.264008 
-0.707853 0.568159 0.342966 0.0927477 0.397703 -0.765836 -0.198932 0.514566 0.53168 -0.495126 0.384064 0.927969 1.23251 
-0.728138 0.51015 0.615384 0.557009 0.10486 -0.953383 0.587504 0.908541 0.491243 -0.832583 -0.182685 0.523458 1.49885 
-0.777788 0.275746 0.506993 0.823751 0.866385 -0.341223 0.203106 0.712485 0.718668 0.153613 0.0964567 -0.767931 0.864694 
-0.771651 0.0342848 0.160085 0.113566 0.453541 0.0124939 -0.296599 -0.0827592 1.72853 -0.1702 -0.165348 -0.855695 1.96371 
-0.717019 0.189837 0.533693 0.665018 0.753268 0.420846 0.358862 0.674989 0.923423 -0.484969 -0.172978 -0.145457 0.678814 
-0.538302 0.74927 1.30585 0.825144 0.590207 -0.620394 -0.40289 -0.0314832 0.034196 -0.243984 1.27339 1.36076 0.821201 
-0.344001 1.16063 1.56371 1.18517 0.285507 -0.339086 -0.997618 -0.474936 -0.295566 0.748692 1.66494 1.56143 0.7359 
-0.25105 1.26989 1.97972 1.61561 0.183038 -0.256247 -1.7766 -1.27726 -0.293532 1.37904 0.688462 0.866258 -0.839778 
-0.225829 1.24838 2.13701 1.67948 0.244602 0.0524708 -2.00397 -0.637246 -0.0134138 1.22139 0.653195 -0.151783 -1.22853 
-0.278562 1.12504 2.05691 1.70304 0.108279 0.589751 -1.75835 -0.876512 -0.0740958 1.34931 0.525533 0.0529996 -0.441086 
-0.327564 0.961291 2.05905 2.05086 0.248675 0.752163 -1.71128 -0.924609 -0.464651 1.18942 1.12441 0.322283 0.352598 
-0.403384 0.968594 1.83772 1.90842 0.325218 0.801986 -1.33386 -0.639183 -0.326642 0.295116 0.547987 -0.389975 -0.267656 
-0.426988 1.04165 1.74329 1.82793 0.498324 0.601707 -1.59092 -0.375477 -0.403622 0.0653914 1.65249 -0.0373269 -1.47607 
-0.456405 0.847293 1.60877 1.92397 0.564842 0.326506 -1.43232 -0.699416 -1.45025 0.230602 1.30491 -0.347171 -1.24143 
-0.527951 0.7791 1.38959 1.78086 0.62784 0.54207 -0.449457 -1.10298 -1.33391 0.563408 1.40105 0.119559 -1.17393 
-0.609979 0.830675 1.39689 1.90925 0.94505 0.640041 -0.459336 -1.29723 -1.12869 1.00238 1.34874 0.118506 -0.0819334 
-0.664895 0.696124 1.09238 1.35052 0.818053 0.733015 -0.374134 -1.19909 -0.748264 1.8596 1.55996 -0.545142 0.614723 
-0.685495 0.764579 1.00945 0.740642 0.440858 0.545735 0.0785239 -1.26388 -0.955626 1.49793 1.17183 0.346546 -1.06781 
-0.710987 0.559985 0.864333 0.871843 0.867269 1.07354 0.406446 -0.725401 -0.530358 0.674047 1.60264 0.740276 -1.11453 
-0.717536 0.479487 0.922935 0.970164 0.74294 1.13778 0.510902 -0.205133 -0.547771 0.526504 0.665115 0.296005 -0.449919 
-0.695688 0.339705 0.989219 0.46534 0.7249 0.374171 0.165832 0.610648 -0.285694 0.65582 -0.685456 0.307171 -0.0570125 
-0.76028 0.0943516 0.640803 -0.0574818 0.554263 0.547048 0.179963 0.827342 0.382179 0.350801 -1.51675 -0.155629 -0.433761 
-0.806104 -0.0200851 0.885297 0.782339 0.698504 0.429372 0.537112 0.814922 -0.0391399 0.157482 -0.284382 0.377118 1.62763 
-0.842259 -0.213684 0.653494 0.755965 1.01681 0.325575 0.511085 0.514695 0.0510335 1.16583 0.342177 -0.260959 -0.0633379 
-0.830061 -0.269462 0.334724 0.501907 0.757285 0.575777 0.320844 0.288545 0.722038 1.39072 -0.00876934 -0.353849 -0.375866 
-0.854655 -0.55614 0.294054 -0.0905427 0.810794 0.645166 -0.47749 0.383394 -0.49854 0.57504 0.0314723 0.414428 0.440261 
-0.810656 -0.86099 0.480752 0.16123 1.34966 1.38138 -0.886354 0.176273 -0.94907 0.561506 -0.422154 0.164207 -0.648604 
-0.830847 -1.27118 0.648598 0.0571554 1.29603 1.29353 -0.822595 0.975759 -2.16768 1.05399 -0.106757 0.475496 0.319573 
-0.849632 -1.35489 0.64843 -0.609699 1.03914 1.6667 -1.42513 0.585084 -3.14097 0.876527 0.150713 0.870591 0.224706 
-0.787874 -1.40689 0.681812 -1.26325 1.01101 1.61259 -1.64454 0.761838 -1.9531 1.84733 0.277089 1.34145 -1.03981 
-0.676312 -1.63208 0.617338 -1.35132 0.0959779 1.51765 -1.5676 1.25649 -1.58233 1.78519 -0.616207 1.1024 0.516062 
-0.624472 -1.81849 0.417818 -1.8996 0.430924 2.27691 -1.79566 1.66087 -0.914673 0.667246 -1.88601 0.715395 1.36269 
-0.630228 -1.83631 0.450965 -2.03367 0.699723 2.00064 -1.66547 1.43614 -0.976679 0.434434 -0.770178 1.31793 1.71813 
-0.709579 -1.97012 0.488022 -1.60333 0.54663 1.96701 -1.883 0.968357 -1.02064 0.783115 0.0702238 1.86886 1.20861 
-1.07764 0.367697 -1.80348 1.5037 -1.36348 2.68203 0.285242 -1.85956 1.79332 -3.2963 1.69521 1.16403 0.28548 
-0.553599 -0.995247 0.418798 -0.886581 0.0902283 1.61023 -0.928457 0.670173 -1.41649 0.0241128 -0.51687 0.30713 0.713423 
-1.94172 -0.550569 0.193889 -0.463119 -0.178341 0.783128 -0.373345 0.0711871 -0.647492 -0.355317 0.176665 -0.196666 0.369495 
