-0.82288 -1.11341 0.418002 -0.515805 -0.944795 1.5072 -0.25203 0.111442 1.09855 -0.640525 -0.0669309 -0.395014 -1.8754 0.251738 -0.171206 0.641915 -0.205714 -0.083213 0.100388 -0.781357 -0.650928 -1.77661 -1.41334 -2.09873 -2.35133 -0.177469 -0.140057 0.169499 0.179448 0.237444 0.353967 -0.593927 1.07469 2.07386 0.347123 0.385148 -0.551904 2.40466 3.225 
-0.723706 -1.24372 0.997402 -0.600472 -1.24443 1.45275 -0.400123 0.0671793 0.175402 -0.745473 -1.71578 -1.10129 -0.919792 0.00651675 -0.214839 0.349443 -0.179613 -0.285876 -0.398605 0.0358568 0.821624 -0.258704 -0.284774 -0.435288 1.41506 2.19873 -0.314344 0.0504178 -0.714183 0.173998 0.68923 -0.184012 0.721659 1.36531 1.37865 2.17327 2.331 3.20316 0.01685 
-0.816363 -1.32825 0.767445 -0.695418 -1.23067 1.10859 -0.216173 0.933066 0.839848 -0.925298 -0.502219 1.02004 0.323326 -0.0626056 -0.120788 -0.0722678 -0.0317155 0.606017 -0.0836238 -0.0596977 0.714381 -0.397964 0.759932 0.232266 0.851836 -0.160619 0.0612919 0.374997 -0.16407 0.022031 1.30116 1.04923 0.504389 -0.0631408 -0.399968 1.58097 -0.616009 -1.99442 -2.44321 
-0.786312 -1.36451 0.925134 -0.632188 -0.63841 1.36913 -0.45982 0.78156 -0.222562 0.0144595 -1.48351 -0.249451 -1.08041 0.0678087 0.160157 0.185373 -0.157582 1.01529 0.650627 0.540246 0.758483 -0.658672 1.29619 -1.0513 -0.579367 -0.244482 -0.00589752 0.402715 0.124043 0.0589904 -0.411013 0.222666 0.65406 -0.0477741 1.22309 -0.0602612 1.02385 -0.383491 1.06987 
-0.748554 -1.16809 0.952818 -0.853 -0.215384 1.75922 0.324072 1.69155 0.181176 0.370896 -1.55352 0.440674 0.0788438 -0.0685032 0.281927 0.0517757 0.027275 0.195004 0.139042 0.594362 0.666607 0.825129 0.699671 1.25611 0.468345 0.909249 -0.16927 0.149806 -0.460865 0.629476 -1.16813 -1.19411 -0.69412 -1.16005 2.03256 -1.11482 2.17105 1.0286 0.837641 
-0.854815 -1.08258 0.97691 -0.604913 -0.443406 1.50817 0.134542 1.44817 0.602567 0.71413 -0.2274 0.218893 -0.171162 -0.101461 0.309964 -0.275492 0.471894 -0.152844 -0.543478 -0.153874 -0.401568 1.37389 0.181375 1.11975 0.449236 0.593159 -0.140493 -0.0925664 -0.62761 -0.0122093 -0.334806 -0.683008 -0.102986 -0.909524 -0.407112 -0.398663 -0.655437 0.402341 -0.60139 
-0.850015 -0.85813 0.677326 -0.381106 -0.368227 1.21574 0.170198 1.28998 1.55507 0.552271 -0.433761 0.88991 0.672003 -0.208996 0.189361 -0.575834 0.0150656 -0.139802 -0.543966 0.491376 -0.242917 0.418017 0.301008 0.600677 0.870686 0.307859 -0.0958583 -0.32283 -0.0307235 -0.461642 -0.0739412 0.333715 0.392767 -0.123838 -2.34856 -0.623374 -0.826304 -0.1276 -1.16449 
-1.06381 -0.893221 0.401076 -0.589847 -0.583208 0.964205 0.625918 1.20525 1.02058 1.01514 0.373277 1.08958 0.136697 -0.197319 -0.0128661 -0.306215 0.0102527 -0.226785 -0.209764 0.238893 -0.525406 -0.974673 -0.441999 0.29345 0.321636 -0.571335 0.367562 -0.0778624 0.910625 0.101619 0.0350325 0.57182 -0.418025 -0.0655048 -0.560405 -0.921132 -1.55429 -1.33063 -2.14627 
-1.04733 -0.870996 0.371111 -0.370853 -0.595012 1.00598 0.409091 0.764576 0.580394 0.110272 -0.140311 1.21155 0.100667 0.158566 0.111498 0.334791 0.116685 -0.104769 0.0278537 0.0733513 -0.308422 -0.142389 -0.620124 -0.953609 -0.459941 -1.83841 0.347851 -0.147799 0.0559495 -0.175266 0.605651 0.218595 -0.269148 1.21112 1.88276 1.29945 1.4326 0.363675 0.620344 
-0.905245 -0.781723 0.735867 -0.473163 -0.687978 0.992059 0.69927 0.896828 0.878195 0.395015 -0.580332 0.629638 -1.70171 0.150532 -0.160665 -0.250266 -0.165013 0.378867 0.00883169 -0.0302555 0.685716 0.908087 0.857453 1.72605 0.685311 0.0490083 0.0557762 -0.294848 -0.565613 0.100908 0.362009 0.165023 -0.271079 0.445419 1.02074 1.1434 2.95666 2.28363 5.15091 
-0.896803 -1.03166 0.120845 -0.535866 -0.216145 1.01481 0.378836 1.45029 1.48848 0.967725 1.58574 1.89686 0.149676 0.214342 -0.18335 -0.230822 0.217592 0.257239 0.192877 -0.197728 0.136997 0.878349 0.523272 2.00305 1.82369 3.3125 0.253682 -0.002176 0.234928 0.484812 -0.829127 0.297662 0.329128 -0.960939 0.102328 0.209452 -1.63376 -0.842308 0.21807 
-0.690903 -0.965073 0.505045 -0.25557 -0.430738 1.18494 0.501541 1.03382 1.75654 0.918286 1.42272 2.45333 1.61078 0.404214 -0.162841 -0.0153372 0.319799 -0.450261 0.306494 0.298873 -0.275223 1.01041 1.06691 0.0922925 -0.156997 0.267078 0.241389 -0.65544 0.64793 -0.359979 -0.957975 -0.557034 0.562215 -0.898177 -0.85962 -1.12717 -4.40522 -3.36377 -3.66684 
-0.492589 -1.1945 0.105508 -0.216066 -0.666406 1.3213 0.677709 1.17507 2.4989 2.03463 1.67803 1.73986 0.416754 0.455731 -0.83879 0.417107 -0.142386 -0.700735 -0.364156 0.364486 -0.76118 0.0187291 -0.603898 -2.40218 -1.54008 -0.354347 0.249697 -0.920476 0.684141 0.155003 -0.189892 -1.57965 0.914171 -1.65677 -2.7606 -1.64888 -1.84005 -2.57507 0.669459 
-0.235172 -1.80386 0.922152 -0.397957 -1.13147 0.820779 0.866028 0.272645 1.77527 0.314388 -0.97946 0.91325 1.25644 0.65391 -1.08332 0.668803 0.474802 -0.640153 -1.27316 1.21304 -1.93199 -1.75019 -0.581978 -1.74776 -2.73206 0.936537 0.192173 0.29355 -0.721311 1.05919 1.28373 -0.593128 1.11431 0.214785 -0.523024 2.96703 3.76972 0.761797 -0.349304 
0.161321 -2.27782 0.774312 0.258736 -1.30656 0.0481434 1.89075 -0.75692 0.74871 1.45265 -0.0697238 -0.992203 1.35329 0.647904 -0.54524 -0.304204 0.916805 0.582999 -0.957284 1.4788 -0.546395 -0.504295 2.36313 1.36755 -0.778283 -0.703651 -0.475954 1.1428 -0.85881 -0.38737 2.26668 0.58277 -0.922355 3.00419 0.523637 -0.576931 1.27739 2.58728 -3.79615 
0.412732 -2.3491 0.617948 0.518848 -0.548474 -0.136505 2.34482 -0.273751 1.27098 2.67752 0.388086 0.134967 0.552786 0.177956 0.0594868 -0.190007 0.0874323 1.62653 -0.690391 0.290688 1.07221 -1.22655 -1.15891 -0.470364 -0.144778 -2.85962 -0.737763 0.80096 0.267153 -1.39013 0.893465 0.470857 -1.80381 2.07499 -1.6177 -4.83651 -1.19344 0.841297 -1.70318 
0.339277 -2.21833 0.584305 0.346168 0.319969 -0.642248 2.18144 0.315287 -0.477838 0.293744 -0.540088 -1.13698 -1.50633 -0.0898584 0.255721 -0.0370511 -0.473324 1.47646 -0.486428 -0.325009 1.52859 -2.122 -2.47338 0.174109 0.0630145 -2.40683 -0.275709 0.127036 -0.128509 -0.384561 -1.92999 1.13962 -0.751761 -0.378769 3.24495 1.6808 2.14658 3.56499 5.54447 
0.322874 -2.09338 0.580897 0.0455244 0.92799 -0.622933 2.01981 1.25484 -0.851022 0.204135 0.562195 0.197981 -1.85404 -0.0977528 0.186523 -0.318516 -0.297129 -0.303464 0.449227 -0.461072 0.693438 2.0184 0.52189 1.67622 3.42021 2.68485 -0.180572 0.270309 -0.579213 0.279447 -1.43748 1.2432 -0.473942 -2.03124 4.08431 2.68464 -0.817262 -0.204571 4.59115 
0.241525 -2.03181 0.265788 0.0490391 0.0165052 -0.193021 1.72037 1.00872 1.54056 0.815634 1.13613 2.28323 1.17852 -0.270431 0.526029 -0.616265 -0.193877 0.0389889 0.756772 -0.798951 -0.502652 1.96231 0.211257 -0.643153 -0.141557 2.18432 -0.113357 1.24635 0.273472 0.0318123 3.01301 -0.0558482 -1.50884 -1.47552 -2.43238 -1.27163 -4.75973 -6.18166 -4.34326 
0.0524432 -1.56735 -0.0353678 -0.148352 0.966979 0.133839 1.22086 0.752188 1.11129 0.415392 -0.080958 0.0564246 0.330276 -0.21111 1.43287 -0.045044 -0.265317 2.70955 0.393378 -1.96991 -0.782084 -0.413984 -0.749744 -3.08351 -2.76144 -1.65841 0.826046 1.20689 0.37343 0.120921 1.3204 -1.1318 -1.67913 -0.752094 -1.97319 -0.623626 -1.22127 0.0065966 -3.89615 
0.0304145 -0.598937 0.220744 -0.216277 2.72605 0.200357 -0.249543 0.22664 1.12658 0.0658904 -1.94738 -0.47821 -0.479884 0.555615 1.73292 -0.242835 -0.0729558 1.35939 -0.375031 -2.47808 -1.25475 -0.0108756 -0.412369 -1.86442 -0.13496 -1.71183 0.912163 0.0779152 -0.373587 -0.143597 -4.09622 -0.453498 0.798397 -0.538742 -0.666672 1.16617 5.74923 2.43704 0.943812 
0.608058 0.165569 -0.278203 -0.221308 2.32637 -0.241192 -1.25722 -0.502558 1.10041 0.00302294 -1.94538 -0.0785357 -1.38155 0.701053 1.51079 -0.418631 -0.408913 -1.38667 -0.0601197 -1.17151 -1.32083 -1.08066 0.41643 2.66572 -0.324403 -0.714596 -0.366035 -0.724764 -0.590484 -0.861193 -2.2447 0.478789 1.53498 -0.00392668 -2.43157 0.584591 3.64978 -1.23404 1.93156 
0.731468 0.911851 -0.197887 -0.625191 1.33938 0.140238 -1.42106 -1.09419 0.0459227 0.48232 0.718334 -0.802613 -1.19448 0.18958 1.00816 -0.833319 -0.934148 -0.885309 0.103758 -0.943106 -1.25867 -2.44245 0.172222 1.78535 -1.369 0.21973 -0.576729 -1.07152 -0.206235 -0.462991 1.40566 0.00878631 1.09333 1.17583 -0.0707234 -1.0062 -3.18158 0.229907 2.52511 
0.797638 1.17373 -1.11152 -1.15546 1.44106 -0.137434 -2.20033 -1.76123 -1.34204 0.175245 -0.160029 -1.44754 -1.16182 0.124324 0.439266 -0.624866 -0.871904 0.0189837 -0.0513334 -0.0781876 -0.144993 -1.15138 -0.58977 -0.515865 -0.0944964 1.81051 -0.151768 -0.694608 1.05757 0.728142 0.848683 0.117458 1.39765 2.05346 2.55711 -0.152214 -0.492496 2.06914 1.54809 
0.855792 1.35112 -0.822753 -1.49709 1.35836 0.0889042 -1.49925 -1.23918 -1.10546 -0.10745 0.202468 -0.897109 0.616032 0.0378124 0.313549 0.224247 -0.206006 -0.0366263 0.221216 0.454547 0.79479 0.114662 0.0200075 1.29286 0.700143 1.76782 -0.0680543 -0.395545 0.508683 1.09596 -0.32068 -0.0158929 0.105171 0.211181 0.739087 1.14986 1.54612 0.322606 -1.73239 
0.835451 1.48727 -0.887274 -1.36146 1.40443 0.0837824 -1.74578 -0.96644 -1.22737 0.195252 1.13283 -0.747394 0.605992 0.05627 0.043721 -0.116183 0.224055 -0.301696 -0.0672263 0.0269831 0.0661879 -0.412292 0.560094 1.03025 0.22811 0.0781248 -0.0139132 -0.416219 -0.17811 0.367868 0.0737334 -0.320787 -0.398759 -1.12987 -0.424879 0.42416 -0.326604 0.00181031 -2.18337 
0.912062 1.39484 -0.938936 -1.27304 1.05667 0.0216779 -1.47226 -1.17299 -1.51775 0.452644 1.23272 -0.668999 0.694157 0.0238992 -0.10267 0.0461375 0.161861 0.0371071 -0.0995704 0.0557882 -0.335085 -0.310217 0.444168 0.966253 0.701953 -0.415552 -0.0626583 -0.0453887 -0.0185217 -0.350176 0.687108 -0.242191 -0.121647 -0.107877 0.622621 -0.817471 -0.337419 0.378786 -0.653382 
0.85935 1.3846 -0.841137 -1.1996 1.44154 -0.0157879 -1.68999 -1.30153 -1.53759 0.63942 2.09908 -0.0454412 0.190441 -0.0063883 -0.00166771 -0.134705 -0.126121 0.385412 -0.309418 -0.0946638 -0.0416895 0.210329 -0.257377 0.692835 0.606895 -0.575257 0.0288945 0.196338 -0.384103 -0.26394 -0.159468 -0.0179846 0.0268117 0.660547 0.563312 -0.879927 -1.4587 -0.759863 0.76402 
0.905674 1.39317 -1.07364 -1.39916 1.44208 -0.28774 -1.56693 -1.21468 -1.30742 0.195267 1.92556 -0.0621039 0.1189 0.0527937 0.0936675 -0.337966 -0.102078 -0.12236 -0.117555 0.0825998 0.325462 0.253095 -0.43576 -0.492446 -0.0579101 0.348469 -0.0200523 0.0737746 0.0355755 0.400988 -0.470978 0.337508 0.0270247 -0.0842848 0.0713504 0.564371 -1.17905 -0.815266 0.360868 
0.912143 1.47827 -1.1791 -1.30168 1.31918 -0.133343 -1.60739 -0.976063 -1.2845 0.20366 1.60663 -0.103351 0.538909 -0.0264406 0.0721068 -0.0991293 0.274868 -0.0855664 0.0280902 -0.067639 -0.125974 0.281679 0.306994 -0.486214 -0.20837 -0.214389 -0.0616543 -0.187503 0.290831 0.146317 0.205684 -0.319109 -0.144329 -0.451235 -0.465077 0.569514 0.0754177 0.115236 -0.481952 
0.879233 1.46528 -1.17277 -1.12429 1.35651 -0.25965 -1.63456 -1.34065 -1.02574 0.502261 1.43934 -0.270474 -0.0954893 -0.00886061 -0.0938352 -0.0471343 0.0442381 0.0833234 -0.436664 -0.0617296 -0.125773 -0.211982 0.133754 -0.417028 0.0573262 -0.133484 0.0833483 -0.0976607 -0.0500695 -0.173875 0.21357 -0.410326 0.0277811 0.417584 -0.454223 -0.132322 -0.180553 0.496924 0.274822 
0.903283 1.38444 -1.22624 -1.25744 1.4025 -0.570007 -1.66912 -1.10184 -1.49648 0.337414 1.18961 -0.0460251 0.405426 0.0569077 -0.0255538 -0.149199 0.100993 0.128004 -0.382236 -0.0398579 0.291609 -0.172544 0.174672 -0.666767 0.288554 0.0604329 0.118604 0.0201418 -0.180219 0.426321 -0.133688 0.223931 0.0419767 -0.0217283 0.690705 0.0159439 0.625426 -0.319071 -0.434283 
0.936141 1.43972 -1.32197 -1.0233 1.48452 -0.641886 -1.67442 -1.04905 -1.19829 0.676933 0.772576 0.0180803 -0.0350564 0.109743 -0.0736934 -0.227354 0.470559 -0.0503647 -0.212733 -0.0197529 -0.147501 0.478723 0.149698 0.208397 -0.261745 -0.567766 0.251355 -0.453513 0.059702 0.20579 -0.44932 -0.0424626 0.0707805 -0.770759 -0.144909 -0.591527 0.702259 -1.73942 -0.324295 
1.01303 1.31074 -1.45359 -0.786883 1.35214 -0.782739 -1.68887 -1.24934 -1.01776 0.487112 1.398 -0.30777 -0.162341 0.308263 -0.479067 -0.0894967 0.306782 -0.321316 -0.424698 0.0309226 -0.479149 -0.317453 -0.416855 0.0354914 -1.45087 -0.263862 0.187811 -0.128215 -0.0332444 0.25709 -0.193745 -0.223859 0.722918 0.0177683 -0.417018 0.905458 -0.576048 -0.317589 1.6311 
1.2444 0.960657 -1.41147 -0.716518 1.1632 -1.06658 -1.6435 -1.52819 -1.51574 0.260078 0.808068 -1.43279 -0.298919 0.297555 -0.201908 -0.260598 0.727649 -0.244109 -0.436591 0.703166 -0.129733 0.0617047 1.05516 -0.36765 -0.579333 1.06334 -0.13718 0.536003 -0.186559 0.757961 -0.264861 0.239299 1.09588 0.615714 0.933141 1.58119 -0.920577 2.12815 2.32324 
1.31058 1.10884 -1.71419 -0.0592338 1.10803 -1.21933 -0.985709 -1.37907 -0.956051 1.54227 1.03035 -0.887103 0.900996 0.171083 0.0569368 -0.276056 1.06474 -0.586177 -0.185399 1.1268 0.136564 0.615689 1.16434 -0.885086 0.677283 2.05938 -0.201455 -0.0337217 0.330509 0.0347298 -0.478235 0.247633 -0.394099 -0.147776 0.376859 -0.982026 -1.02582 0.905383 -0.502851 
1.41549 1.01759 -1.68752 0.348226 0.577024 -1.25198 -0.516696 -1.39163 -0.900049 1.42442 -0.077018 -0.755506 1.76046 0.0960998 -0.23563 0.0699108 0.762379 -0.722345 -0.188958 0.309066 -0.277509 0.438563 0.0731293 -1.39347 0.326049 0.560486 -0.185888 -0.18577 0.0714575 -0.400939 -0.204186 0.0376894 -1.40888 -0.386688 0.077662 -1.12745 -0.100962 -0.0289722 -2.2763 
1.40668 0.873205 -1.64428 0.703145 0.385683 -1.40829 -0.676642 -1.65658 -0.517487 1.6154 -0.363115 -0.561054 1.46148 -0.0148052 -0.128834 -0.204598 0.663804 -0.790363 -0.14771 -0.282075 -0.250123 0.693351 0.0368915 -0.986048 0.648311 -0.216926 -0.114594 0.169215 -0.232931 -0.129627 0.365634 0.2789 -0.511769 0.215727 0.238726 -0.644032 0.884146 0.820639 -0.47134 
1.40068 0.88876 -1.89212 1.01203 -0.213339 -1.39969 -0.798771 -1.64175 -0.206699 1.46131 -1.06307 -0.107195 1.54353 -0.018494 -0.0664155 -0.163021 0.632752 -0.356711 0.0899414 -0.202703 -0.0617817 0.67729 -0.570903 -0.509322 1.14669 0.0891468 0.0257318 -0.192183 0.442303 -0.559767 0.749472 -0.180296 0.361192 0.111145 -0.444461 -1.64219 0.398682 0.52364 -0.787657 
1.38819 0.80679 -1.8073 1.3359 0.0289714 -1.31835 -0.879345 -1.71836 0.159802 1.04449 -0.872437 0.585634 1.55063 0.0109266 -0.321017 0.237705 0.104037 -0.040891 -0.328005 0.0791167 -0.138979 0.24889 -1.6053 -0.587366 1.17195 -1.00458 -0.0175564 -0.106824 0.578123 -0.513394 -0.00651472 -0.571982 0.332867 0.57087 0.0197476 -0.950713 -0.750122 -0.672915 -0.576554 
1.41161 0.567743 -1.65441 1.11607 -0.25423 -1.7277 -0.719655 -1.78073 0.0421907 -0.143989 -1.65043 1.06476 0.538948 -0.0360504 -0.173239 0.415103 0.119357 -0.363226 -0.482041 0.130165 0.509088 0.697037 -1.52162 -1.25944 0.473773 -0.487407 -0.0488296 0.406218 -0.0989098 0.195543 -0.192539 0.444698 -0.0260544 0.952079 0.249861 1.18844 0.756301 -0.791649 1.00091 
1.35214 0.633551 -1.3922 1.45525 -0.334254 -1.80039 -0.74918 -1.20927 0.85684 -0.477122 -2.13188 1.05941 1.06322 -0.037903 0.0852008 0.138795 0.29958 -0.23343 0.116693 0.0530623 0.8131 0.498751 -0.416858 0.168935 0.380302 -0.00367533 0.0294743 0.0949638 -0.388835 0.191738 -0.137263 0.528125 -0.241539 0.0287323 -0.610663 0.890336 1.89813 -0.192822 -0.178605 
1.37371 0.652944 -1.51562 1.41565 -0.48766 -1.61101 -0.666592 -0.967633 0.540941 -0.560848 -1.4815 1.44506 0.535272 -0.00657611 -0.0782751 0.026268 0.311096 -0.500489 0.0460838 -0.111374 0.537821 0.0863746 -0.63128 0.638688 0.280951 -0.666012 -0.0410636 -0.186318 -0.0900014 0.265853 -0.323896 -0.109976 -0.337794 -0.472148 -0.679442 0.176591 0.00562042 -0.0124539 -0.353451 
1.34556 0.555275 -1.36593 1.76635 -0.834744 -1.7543 -0.860555 -0.671452 0.943214 -1.1084 -1.49319 1.34036 0.39721 -0.0789666 -0.101117 0.0487935 0.565433 -0.557327 0.00671637 -0.284732 0.340952 -0.180691 -0.240267 0.174555 0.367849 -0.357126 -0.0696173 -0.0595768 0.182348 0.0750177 0.188009 0.0633805 0.292511 -0.406614 -0.372673 0.791027 0.0074188 -0.226845 0.547322 
1.29474 0.551827 -1.46683 1.98108 -1.04499 -1.60429 -0.951324 -0.626681 0.36025 -0.801115 -1.30694 1.81291 0.178146 -0.0761934 -0.137852 0.208616 0.386113 -0.31248 0.109464 0.181137 0.131207 -0.286299 0.159747 0.646107 0.0541067 -0.11869 0.026393 -0.113369 0.25081 -0.67761 0.439845 0.043762 1.34022 -0.534 -0.218848 -0.728267 0.0782603 0.277025 0.870407 
1.26937 0.417424 -1.15731 2.15246 -1.14722 -1.64484 -0.679418 -0.540246 0.656916 -0.948655 -0.847086 1.39447 0.27852 -0.0525736 -0.214486 0.299604 -0.112177 -0.117482 0.0504784 1.05549 -0.193048 -0.399539 -0.968534 0.252816 0.644873 0.513281 0.0496167 -0.158287 0.332301 -1.17731 0.647098 -0.320062 0.299167 0.0757244 -0.442804 -1.13448 -1.03046 -0.497466 0.89058 
1.24217 0.337341 -1.16722 1.8689 -1.16247 -1.55381 0.104168 -0.819729 -0.039289 -1.76965 -1.05413 2.45778 0.691427 -0.0265767 -0.296138 0.540917 -0.791201 0.334618 -0.210597 0.480304 0.206931 -0.729103 -0.974736 -0.384358 -0.44336 0.77189 -0.062011 0.263298 -0.30669 0.055163 -0.196048 0.101161 -1.44566 0.43848 -0.118528 0.438754 0.66837 -1.98882 -0.384638 
1.24279 0.121285 -0.616394 1.36126 -0.812606 -1.85544 -0.199114 -0.333315 -0.0721873 -1.92339 -1.23144 0.951106 1.05041 -0.114585 0.0488122 -0.00708663 -0.0570137 -0.31353 0.151639 -0.390168 0.245432 -0.518067 -0.52978 0.921186 -1.34395 0.128643 -0.240726 0.66886 -0.786213 1.18457 -0.587311 0.691986 -0.783139 -0.236445 0.126661 1.20467 1.94136 0.130847 -1.73396 
1.12758 0.386154 -1.17431 1.81189 -1.476 -1.40217 -0.286 -0.574298 -0.557356 -2.29943 -0.13294 1.11383 0.82007 -0.267303 0.372722 -0.245296 0.393371 -0.252693 0.481388 -0.302835 -0.0295142 -0.602442 0.229932 1.557 -0.312512 -0.962068 -0.0503331 0.0650055 0.608913 -0.0429672 0.372604 -0.0225515 0.513592 0.100337 0.857241 1.31637 -0.581746 0.392185 -1.20019 
0.975487 0.494007 -0.86169 1.75463 -1.0653 -1.37405 -0.501949 -0.362829 -0.674629 -1.69346 0.325553 0.638594 0.0883411 -0.164918 0.113818 0.601826 -0.0999809 0.0590739 0.129087 0.123423 0.345769 0.339173 0.786593 0.33944 -0.951764 -1.07155 0.178561 -0.436533 0.784617 -0.0878617 -0.580927 -0.269169 0.652842 -0.0913245 0.982295 -0.784501 -1.93179 0.420107 1.00946 
0.962663 0.499971 -0.572483 1.71191 -1.41693 -1.27308 -0.162577 -0.228529 -0.218183 -1.51284 0.2065 0.162069 -0.251479 -0.0887422 -0.0638113 0.539321 0.305509 -0.83362 0.212219 0.350007 -0.120839 0.379853 -0.55457 -0.374798 0.107595 0.0473952 0.0366937 0.154301 -0.147786 0.118779 0.0880673 0.0732244 0.285739 -0.186215 -0.956792 -0.388943 0.608581 1.62187 -0.146248 
0.886745 0.430195 -0.32237 2.06014 -1.89892 -1.16183 -0.151941 -0.483668 -0.294777 -2.24803 -0.0492451 0.746189 0.135736 -0.128224 0.268118 0.45404 0.0187984 0.147141 0.202312 0.409163 0.159554 -0.617618 0.397651 0.948022 0.670109 -1.2178 -0.113596 0.312816 -0.190054 -0.392983 1.39088 -0.0208565 0.17745 0.164841 -1.02454 1.38577 1.30695 -0.92911 -1.07942 
0.834439 0.76809 -0.118443 1.73071 -1.26978 -1.07077 0.246586 -0.0689746 -0.835801 -1.11519 1.15452 0.832178 -1.46928 -0.202338 0.249005 0.349267 -0.0874736 0.557258 0.191363 0.527457 0.0440023 -0.64469 0.831205 0.932149 -0.821515 -1.03203 -0.0845484 -0.50987 -0.30097 -0.072732 -0.336553 -0.132887 -0.0867903 -0.520263 -0.504285 -1.03131 -1.97002 -1.38018 1.86103 
0.684407 0.6792 0.0268974 1.97267 -1.34166 -0.970468 0.375516 -0.439666 -0.939466 -1.41682 0.882904 -0.0753255 -0.896289 -0.212772 -0.241751 0.15307 -0.0539336 -0.189412 0.0694252 0.322373 -0.360709 -1.1219 -0.633657 -1.022 -0.710067 0.643235 -0.053265 -0.271224 0.350415 -0.692926 -1.06101 0.0613361 -0.0783332 0.117619 0.710407 -0.582398 -2.32514 1.27321 0.780122 
0.621666 0.526338 0.0346275 1.67677 -1.4592 -1.00135 0.568959 -0.429684 -1.9577 -1.74884 0.132523 0.122111 -0.826042 -0.255603 -0.0222193 0.699682 -0.780399 -0.50375 0.252699 0.449124 0.161621 0.0657174 0.248807 -1.39299 0.451691 -0.251903 -0.213584 0.0887378 0.427981 -0.382515 0.34309 0.461321 0.110295 0.563695 1.36989 1.42036 1.13568 0.358238 -0.788521 
0.428804 0.656981 0.726579 1.19227 -1.84541 -0.717769 0.824641 -0.278044 -0.873749 -1.16802 -0.510087 0.376365 -1.14819 -0.426356 -0.153014 0.581052 -0.436448 0.153678 0.530746 0.432668 0.202986 0.247989 0.786701 0.113682 -0.351829 -0.145286 -0.243814 0.00186389 -0.369125 0.377343 1.71354 0.139625 -0.561179 0.129288 -0.653814 -0.0383006 2.72105 -2.10777 -0.397687 
0.19531 0.373324 0.615679 1.24033 -1.30552 -0.470602 1.00163 -0.226697 -1.70972 -0.962141 0.246205 -0.229718 -0.971329 -0.499417 -0.0203554 0.330556 -0.403056 1.20979 0.392323 -0.112055 0.290909 -0.588097 0.210506 1.32806 -1.65608 -0.649591 0.210735 0.431589 0.424498 -0.400483 0.684925 0.266085 -0.907306 -0.388299 -0.398969 -0.456523 1.44763 -0.274133 0.984324 
-0.0706131 0.636625 1.05714 0.789213 -0.635626 -0.325446 0.712586 0.0128651 -1.46185 -0.957511 0.817969 -1.27972 -1.79778 -0.215621 0.278576 1.00555 -0.836932 0.838603 0.796831 -0.474638 -0.185313 -0.150981 0.330178 1.56132 -0.625963 0.839037 0.360883 0.0756691 0.380095 -0.41368 -1.19698 0.594772 -0.294665 -0.531645 1.35586 -1.35777 -2.16725 1.85547 1.86713 
-0.0203112 0.6519 1.62123 0.403394 -0.466915 0.326229 0.526988 -0.41201 -1.8607 -0.631964 1.80752 -0.85568 -0.132291 -0.138533 0.0553137 0.710651 -0.816736 0.0128061 0.987096 -0.40672 -0.240736 0.767765 -1.14726 -0.839191 0.199384 1.21754 -0.225387 -0.336143 -0.960062 0.331756 -0.840128 -0.510444 0.332331 0.651678 1.47655 -1.73406 -4.19937 0.375065 -1.83159 
-0.209146 0.691939 1.76779 -0.0275227 -0.62282 0.66165 0.305866 -0.227871 -0.69408 -2.10477 -0.0212217 -1.08034 -0.580245 -0.441009 -0.0575672 0.0454876 -0.505176 -0.00152462 0.286387 -0.142308 0.466366 1.32557 -1.40388 -2.63805 -0.250897 -0.992555 -0.456795 -0.468414 -1.05065 1.01984 0.767965 -1.53925 0.127774 0.484737 -0.273187 3.11213 0.668213 -1.25746 -2.54915 
-0.46132 0.594333 1.66672 -0.101782 -0.468439 0.612617 0.38468 0.0543558 -0.535124 -2.03585 -0.830532 -1.10658 -1.12485 -0.595329 -0.413101 -0.339997 0.203102 0.780771 -0.552151 -0.278946 0.244001 0.494578 1.96487 -0.170978 -1.05808 -1.33161 0.0284109 -0.279094 -0.379476 0.348438 0.658105 -0.474493 -0.0917384 -0.652124 -1.16362 3.65974 3.65971 -0.23719 1.3482 
-0.804475 0.278838 1.42779 0.175579 0.157951 0.109499 0.0269199 0.0161299 -0.199502 -0.139902 -0.1922 -2.13841 -1.91186 -0.412598 -0.336661 -0.333988 -0.156738 0.65658 -0.188105 -0.234046 -0.185758 0.161948 2.25585 1.02166 -0.488087 0.355643 0.560316 0.481884 0.320775 -0.752107 -0.774703 1.29981 0.542611 -0.205266 -0.692557 -1.94894 0.728168 2.48987 2.29344 
-0.873917 0.257672 1.33273 -0.25852 0.188141 0.424512 0.150634 -0.131402 -0.373176 0.220003 0.191128 -1.59466 -0.769203 -0.0350126 0.0687828 -0.0192224 -0.549005 0.00606762 0.74766 0.263665 0.0387353 -0.197979 0.0159253 0.55719 1.43179 0.961831 0.346976 0.494837 0.450681 -0.173679 -0.685193 0.250205 0.318186 0.730316 0.0482337 -2.54813 -2.23552 1.55391 0.655404 
-0.839488 0.347621 1.40857 -0.373426 0.164018 0.857159 0.290585 0.0548652 -0.397481 -0.123977 0.36499 -0.706621 -0.950027 -0.0656214 0.158176 0.116693 -0.330417 -0.0286134 0.0620995 0.0841399 0.544558 0.210182 -0.292277 -1.21386 1.06583 1.01105 -0.202421 -0.212886 -0.233478 0.561615 0.124763 -1.04138 -0.118886 0.498962 0.901667 0.472951 -1.3161 -2.60756 -0.450496 
-0.939539 0.415847 1.44942 -0.588937 0.159527 0.486611 0.234774 0.413156 -0.162994 -0.0722743 -1.02273 -0.528837 0.241843 -0.237434 -0.144104 -0.2527 0.0126091 0.130831 -0.293716 0.144779 0.537697 0.703688 0.488877 -0.758907 -1.17576 0.511334 -0.117654 -0.524542 -0.316603 0.582448 0.684424 0.537307 0.406811 -0.282181 0.262998 -0.00951038 0.985464 -0.945474 -0.0713959 
-1.07692 0.203517 1.15587 -0.360817 0.294849 0.563443 0.435363 0.592562 0.306207 0.364899 -0.393916 -1.88239 -0.438693 -0.183276 -0.366366 -0.19991 0.252031 0.655811 0.599406 0.490951 0.262377 0.47318 -0.301787 -0.228391 0.120353 0.939651 0.103002 -0.202159 -0.2314 -0.169583 0.196145 0.48448 0.146571 0.0656392 -0.921047 -1.67707 0.91825 3.10489 0.849829 
-1.12281 0.0494812 1.24951 -0.336906 0.815338 1.08602 0.725725 0.675532 0.310186 -0.374062 -1.25112 -0.408484 1.18149 -0.134432 -0.346262 -0.4841 -0.156974 0.326976 0.190764 0.29135 0.603336 -0.217359 -1.18819 0.159343 1.92913 1.36116 0.0987947 0.204343 -0.297546 -0.210398 -0.509395 -0.942087 -0.509374 -0.0558847 -0.381898 1.26887 1.49782 -0.534906 -1.50319 
-1.21135 -0.142745 0.671766 -0.517791 0.621824 0.754207 0.726713 1.1959 0.088848 -0.823291 -0.234573 0.0467404 0.92247 -0.0844808 -0.162023 -0.497456 0.041633 0.146416 -0.34268 -0.0184231 0.206492 0.0912816 0.967087 1.26943 -0.414552 -0.56354 0.00829614 0.295576 0.735887 0.344666 -0.299696 -0.348688 -0.450758 -0.715521 0.746476 1.90136 -0.161992 -3.12691 -3.01581 
-1.2073 -0.112542 0.752056 -0.295273 0.961754 0.743337 0.707302 0.882024 0.401467 0.593025 0.0183106 -0.823036 0.617954 -0.126136 -0.0506865 0.251787 0.187693 0.0272792 -0.157925 -0.159408 -0.112185 0.529117 0.71317 -0.00264842 -1.19778 -1.65465 -0.114793 -0.11388 0.389053 -0.251728 -0.724691 0.0685489 -0.149729 0.139242 0.0401162 -1.26662 -1.49818 0.474009 -0.817287 
-1.33749 -0.193431 0.923553 -0.330098 0.649104 0.596282 0.567305 1.08371 0.617965 -0.110122 -0.237221 -1.15104 -0.73218 -0.199274 -0.275903 -0.108403 -0.210095 -0.578275 -0.274132 -0.168152 0.345734 0.131398 -0.299534 -0.228753 0.0594569 -1.38083 0.200261 0.0999107 -0.358169 -0.315139 0.0263558 0.485101 0.21322 0.128869 -0.903744 -0.446179 0.262666 1.78217 3.78349 
-1.40657 -0.388445 0.643653 -0.505368 0.383478 0.469205 0.53915 1.22776 0.532865 0.293492 -0.210442 -0.763579 -0.762873 0.0741259 0.0492241 -0.106381 -0.127447 0.053635 0.327176 0.0538117 0.0166846 -0.374627 0.266991 0.260018 0.584393 2.12884 0.248751 0.41936 0.140833 0.317387 0.621568 0.579362 0.783277 -0.262855 0.249334 1.05488 0.64976 0.494396 2.06552 
-1.26336 -0.144207 0.817172 -0.457545 0.702739 0.923459 0.621117 1.1004 0.243337 0.156869 0.0227966 -0.566646 1.39666 0.0494775 0.143457 0.03243 0.107292 0.0432921 0.30523 0.615125 0.0828787 0.380731 0.755345 0.421007 0.553853 0.684695 -0.161922 -0.245091 -0.0385861 0.132529 -0.0192955 -0.656963 -0.117646 -0.495375 -0.344187 -0.279372 -0.230836 -1.01729 -4.71529 
-1.35709 -0.244988 0.676083 -0.398076 0.426771 0.774436 1.15428 1.31064 0.913596 1.04884 0.210565 -0.209726 -0.0781781 -0.0877962 -0.195866 -0.144968 0.00508222 0.0343395 -0.329786 -0.0638345 -0.47869 -0.718814 -0.0123804 0.0291822 -0.432896 -2.58645 -0.0663274 -0.258768 -0.0822542 -0.77829 -0.720236 -0.722122 -1.52406 -0.409163 -0.974257 -1.4542 -0.392559 -1.3059 -2.49795 
-1.35116 -0.340074 0.672204 -0.452463 0.737078 0.593672 0.557282 0.621708 -0.475477 0.144489 0.0519788 -0.999542 -1.18979 -0.0168499 -0.115311 -0.0498243 -0.670997 -0.676944 -0.416892 -0.908938 -0.326285 -0.593526 -0.698854 0.0284483 -0.75205 -1.81326 0.131652 0.271273 -0.059063 -0.335968 -0.49378 0.70249 0.409877 1.3603 1.78398 1.3509 1.53313 1.13834 3.78152 
-1.37394 -0.360299 0.626259 -1.06907 -0.250173 0.357544 0.245338 0.984352 0.320071 0.349982 0.239013 -0.961775 -1.89144 0.0438558 0.0754069 -0.204031 -0.330885 -0.459441 0.372703 0.346042 0.881607 1.06516 1.33852 1.56231 0.705442 1.19507 0.0343619 0.0549154 -0.26636 0.769779 1.01433 0.863517 1.52155 0.96436 1.13634 0.990095 0.200436 1.69148 4.97763 
-1.3073 -0.264667 0.468173 -0.783348 0.277637 0.966376 0.903325 1.50332 0.589687 1.48301 1.61429 -0.2941 0.00528137 0.0175119 -0.0603956 -0.316184 0.0987819 0.33739 0.446625 0.612613 0.638076 0.542817 0.291241 0.228885 0.939433 3.16437 -0.229768 -0.275787 0.122143 0.225787 -0.0796092 -0.794477 -0.381873 -1.58049 -1.53144 -2.26756 -2.60072 -0.888693 0.3942 
-1.35643 -0.420695 0.310075 -0.970291 0.0872171 0.804169 0.857951 1.62243 0.862888 0.641223 0.467898 -0.0223428 1.27293 -0.185912 -0.20038 -0.0818878 -0.105099 -0.53905 -0.421774 -0.0358307 -0.698883 -0.466273 -0.92904 -1.03841 -0.18325 1.58927 -0.0603549 0.0827871 0.285879 -0.196955 -0.0504074 -0.192238 -0.741765 -1.48807 -1.58591 -0.817308 -1.16207 -0.989653 -2.41883 
-1.49322 -0.465047 0.386286 -0.888447 -0.261413 0.544602 0.867494 0.804432 0.123413 0.553967 0.575884 -0.47735 1.59455 -0.042843 0.0223916 -0.0303047 -0.0981735 0.286983 0.254387 -0.129151 -0.849994 -1.04309 -0.526067 -0.933186 -0.0502198 0.745538 0.323046 0.346596 0.0348319 0.341478 1.59488 0.673284 0.0540643 1.29347 0.285945 0.588798 -0.779218 -0.514896 -2.2708 
-1.39927 -0.398303 0.27977 -1.06846 0.3742 1.05856 0.7288 0.772433 -0.1802 0.115156 -0.465288 -0.0725626 2.01847 0.137134 0.146216 -0.0470559 0.236379 1.05583 0.25151 0.0182337 0.59459 -0.180328 -0.340242 -1.81763 -0.698146 -0.681531 0.0355276 0.0323788 0.202063 0.330725 -0.609266 -0.780674 -0.0765114 1.1178 1.57896 0.194684 1.95903 -0.0875749 -3.82114 