-1.00413 -0.685029 0.889489 -1.13348 -0.479526 1.29262 1.09128 0.268201 0.208757 0.334616 0.406428 -0.165395 -0.221883 -0.0638131 -0.281929 -0.337698 -0.396761 -1.93992 -0.538343 -0.325367 -0.456074 -0.894497 -0.399796 1.06398 0.270458 -0.560174 -0.0111662 -0.229228 -0.475221 -0.193155 0.497037 -0.631077 -1.31707 1.2764 1.58085 -0.91635 -0.39808 -0.305791 0.451685 
-1.01365 -0.970852 0.721603 -1.2688 -1.00261 1.04579 0.638488 0.670412 0.352321 -0.0236117 1.2243 -0.104458 -0.4348 -0.027348 -0.179294 -0.347821 0.0711144 -0.0487376 -0.443263 -0.288101 0.63971 0.635225 -0.615546 -0.00233885 -0.394762 0.0424389 0.062502 0.462471 0.150946 0.606489 2.92838 0.5075 -0.217508 0.235466 1.59879 0.0333415 -2.45679 -0.516426 1.10596 
-1.03148 -0.864323 0.541667 -1.06237 -0.528263 0.849355 0.803178 0.907911 0.843982 -0.28093 0.404089 -0.560157 -0.179444 -0.00131105 0.180541 -0.186752 0.209728 0.988461 -0.0308426 -0.542876 -0.220609 0.704295 -0.366454 -1.39282 -0.245968 0.545784 0.0790383 0.320867 0.227974 -0.120257 0.710441 0.528104 0.239973 -0.994886 -0.648814 1.01528 -0.592564 0.954668 0.506984 
-1.01496 -0.79031 0.534851 -1.05907 -0.0141476 1.01494 0.0956129 0.449803 1.05662 -0.390066 -0.168523 -0.350426 0.110984 0.0516902 0.141573 -0.119848 -0.0491428 0.661703 0.0848408 -0.0481277 -0.355176 -0.0135883 0.399734 -0.594902 0.559906 0.549423 0.0383701 -0.032367 0.264216 0.00777429 -0.293961 -0.0445321 0.621372 0.77388 -0.269664 1.08901 1.4806 0.259383 -0.781855 
-0.979792 -0.722751 0.42182 -1.11151 0.13344 0.934195 0.75505 0.552735 0.830394 0.118804 -0.190814 -0.000250773 0.369978 0.0370591 0.148174 0.0774646 0.217503 0.694501 -0.0753748 0.0784961 0.553271 0.434631 0.72256 0.0877833 0.0134151 -0.236071 -0.120784 -0.146949 0.561345 0.460234 0.0265236 -0.0867668 -0.305142 0.767983 0.910684 0.312431 1.16625 -0.757474 0.209654 
-0.9779 -0.642136 0.612316 -0.841568 0.680353 0.939568 0.174109 1.00307 1.49125 0.332494 -0.0807395 -0.33701 -0.125087 -0.0690941 -0.00537657 0.441498 0.411092 0.688227 -0.00192599 -0.35327 0.412807 0.897095 0.712165 0.571346 -0.197568 0.759077 -0.0253469 -0.203407 0.041086 -0.321057 -1.40621 0.09164 0.677023 -0.862032 -0.921989 -0.803256 0.165244 -0.302063 0.304147 
-1.04889 -0.728127 0.863318 -0.700421 0.821667 0.932269 0.40178 0.965542 1.72749 0.830969 0.380532 -0.197819 1.12905 0.0117122 -0.0552326 0.118551 -0.103554 -0.711713 0.0162653 0.755519 -0.308761 -0.487358 -0.080696 0.253027 -0.288648 0.0680755 0.142252 -0.071925 -0.483806 -0.520431 -1.63794 -0.222546 0.951229 -0.534793 -1.65195 -0.52915 -0.21741 0.00386577 -0.346263 
-0.966187 -0.697369 0.730867 -0.945123 -0.0313601 0.955833 0.929628 0.694314 1.00389 0.251798 0.172287 -0.625658 -0.0570119 0.0731584 -0.0773016 -0.0423083 -0.109339 -0.949714 -0.224472 0.597959 -0.121986 -0.754856 0.183015 0.353936 -0.193702 0.412813 0.0168551 0.0359147 0.0965124 0.615435 0.865553 -0.0658057 -0.196361 0.54225 0.536438 1.60878 0.159966 0.348235 0.660832 
-0.975728 -0.805429 0.821009 -0.80976 -0.128047 0.707797 0.999739 0.843555 0.972633 1.01398 0.734468 -0.391521 1.54187 0.0285673 -0.0193178 0.215063 0.511881 0.15384 -0.0495405 0.559158 0.233489 0.0490799 1.52809 0.412993 0.0595873 0.728908 0.0601364 0.0237984 -0.094657 0.598512 1.3584 0.269956 0.425599 0.509087 -0.123058 -0.357686 0.327403 0.209448 -2.03946 
-0.93762 -0.716686 0.94593 -0.433242 0.12248 0.906293 1.48879 0.927803 1.05297 1.77989 0.58528 -0.566071 0.671896 0.133295 -0.0535033 -0.136965 0.489173 0.408687 0.0454838 1.02356 0.387101 -0.877913 -0.174672 0.681339 0.0157464 -1.62665 0.0324872 -0.398286 -0.833511 -0.706583 -0.349325 0.0136596 0.0340983 0.00207696 -0.434414 -3.60346 -0.60504 0.19988 -1.4894 
-0.842433 -0.858932 0.684044 -0.320587 0.28064 0.753281 2.0233 1.23066 0.0947199 0.839312 1.41581 -0.375774 -0.0847824 0.0610545 -0.417604 -0.618448 -0.194702 -0.195485 -0.0358808 0.593256 0.235566 -0.385335 -2.07537 -0.192047 0.259467 -0.760494 -0.118273 -0.187891 -0.453672 -0.579207 -1.67331 0.0695504 -1.24925 -0.895259 0.698134 -0.221106 -1.81762 -0.857331 2.63016 
-0.876566 -1.13429 0.327482 -0.627944 -0.0730053 0.870412 2.08204 1.16337 0.667634 -0.295481 0.393233 -0.306604 -0.0885987 0.0150215 -0.241394 -0.590638 -0.090034 -1.26462 0.115034 -0.22569 -0.508158 -0.179779 -0.395778 -1.13628 -0.841585 1.00351 -0.0314065 0.126953 0.204798 0.137373 -0.64989 -0.132472 -1.66057 -0.620813 0.31647 3.54889 0.0396872 -0.985995 1.79172 
-0.827412 -1.10033 0.0934063 -0.410621 -0.98398 0.868315 1.79761 0.722498 -0.0850592 0.443534 0.279531 -1.21736 0.918726 0.0296481 -0.290652 -0.41365 -0.0573293 -0.845375 -0.168353 -1.06731 -0.385247 -0.0688648 1.47353 -0.15236 -0.726528 1.03123 0.0780451 0.348956 1.32174 0.0208517 1.58262 -0.299977 -0.760044 0.863853 0.739612 0.77463 1.90874 1.62649 -0.78316 
-0.846918 -1.42494 -0.0861678 -0.685273 -0.918381 0.702059 1.01473 0.778122 0.598769 1.17805 0.240873 -1.03313 0.942629 0.0930666 0.107562 0.7311 -0.0691823 0.317997 -0.184943 -0.985734 0.355695 0.559833 0.378852 0.772465 0.784907 0.220349 0.065898 0.34083 0.665918 -0.34034 -0.017068 0.00901207 0.958752 0.496641 -0.259859 -2.27302 -0.0157143 0.369437 -2.86672 
-0.734345 -0.992764 0.824507 -0.479804 -0.665984 0.683372 0.811872 1.07819 0.474774 0.822386 1.052 -0.432452 1.13907 0.0955461 0.0501784 0.252269 -0.397669 -0.862443 -0.159341 -0.108558 0.111395 -0.328724 -0.799496 -0.168075 -0.357091 -1.83549 -0.10344 -0.465698 -1.46871 0.253495 0.518197 0.0736105 1.51219 -0.208586 -0.948663 0.446774 -1.22056 -0.901965 -0.771751 
-0.751371 -1.37476 0.166101 -1.08294 -1.78082 0.542718 0.906173 0.889517 0.270046 0.37855 0.072798 -1.39022 -0.892863 -0.0103735 -0.358136 -0.737614 0.184312 0.836194 -0.111332 0.526459 0.147109 -0.38883 0.825627 -0.448099 -0.117059 -0.551403 -0.0316564 -0.11604 -0.274815 1.43004 3.85399 0.497337 0.835447 -0.123957 0.615213 1.87764 0.531304 1.01643 3.27441 
-0.744719 -1.3509 0.0868929 -0.295491 0.17021 0.57204 1.33833 1.2253 0.0859444 1.64801 0.603897 -0.549511 0.587672 0.0638897 -0.0658616 -0.0225463 1.03237 2.99155 0.337996 0.726889 -0.0125621 0.286489 1.07814 0.36323 0.659336 1.43891 0.0847763 0.057141 0.805151 0.0314783 -0.0508033 0.612988 0.0962479 -0.398419 0.345929 -0.573824 0.391882 -0.236922 1.28662 
-0.687482 -1.44063 0.143554 -0.0505694 1.21072 0.880714 1.63306 0.876955 0.556535 1.45669 0.436028 -0.730887 0.546052 0.0744028 -0.300995 0.0675375 0.215791 0.78539 0.501656 0.622706 -0.251309 -0.0429009 0.251802 -0.0562172 -0.353981 0.735219 -0.0535192 -0.241891 -0.0781696 -1.36008 -4.2437 -0.636488 -1.68901 -0.11983 -0.361318 -0.67513 -0.511897 -0.835324 -2.00102 
-0.670316 -1.6519 0.15443 -0.0797007 0.955601 1.0737 1.96104 0.973994 0.0430435 1.89982 0.54768 -0.903492 1.32289 0.0103705 -0.307752 -0.100716 -0.327705 -1.25215 -0.298492 -0.962118 -0.132392 -0.0748281 0.403014 -0.148667 -0.175988 -0.562106 0.0582007 0.619831 -0.382276 -0.828611 -1.41817 -0.844897 -1.21979 0.0617923 0.440165 0.258902 0.409036 0.139869 -1.92566 
-0.677111 -1.74838 0.0428386 -0.378274 -0.0414289 0.582222 0.670944 0.744562 0.481707 1.85971 0.28736 -0.906876 -0.0160543 0.132603 0.318836 -0.314738 -0.612821 -0.632776 -0.343241 -0.597084 -0.189517 0.397264 0.510705 0.352819 -0.214112 -1.19044 0.193657 0.816587 -0.247098 0.323259 1.31136 0.138467 0.985037 -0.127681 -0.286964 0.610916 0.790121 0.526447 1.74528 
-0.537713 -1.33306 -0.160308 -0.692521 0.322825 0.730455 1.36395 0.784477 0.440308 2.41052 0.900498 -1.1176 0.132451 0.204027 0.508834 -0.347814 -0.00444644 0.0592098 -0.160026 0.0229193 -0.260073 -0.361792 1.01393 0.641454 0.350458 1.18317 0.146361 0.376235 0.1137 1.74086 1.87339 -0.160388 1.10693 0.253535 -1.61791 -1.80669 -0.689013 -0.0372726 1.3032 
-0.473084 -1.23954 -0.304975 -0.382721 0.0177809 0.422196 0.693863 0.484489 0.119915 2.87364 0.928814 -0.556417 1.16712 0.278964 0.695071 -0.201038 1.12804 1.24061 -0.503629 0.509849 0.0640178 -1.22065 -1.29599 -0.336194 -0.251385 0.112755 0.55669 1.58641 1.28264 0.735635 0.228295 -0.629186 -1.14577 -0.847297 -0.950068 -3.30711 -0.244651 -1.86733 -2.71299 
-0.258748 -0.63799 -0.361345 0.43552 1.56344 0.226826 1.8738 0.848495 -0.780339 1.11453 0.564304 -1.36899 0.245205 0.760717 2.09525 0.934822 0.731188 0.287505 -0.789212 -1.12285 -1.10737 -1.31186 -2.29318 0.396804 -1.51687 -1.52981 0.633911 1.64446 0.119874 -1.87897 -2.81911 0.00233053 -3.40625 -2.17426 0.47606 1.4086 1.54863 -0.206134 -0.0308504 
0.287633 0.855705 0.629847 0.348467 0.305286 -0.367015 -0.428982 -0.622882 -1.19194 0.580456 1.32562 -2.07329 -0.362693 0.912876 2.33953 -0.0811634 -0.750926 -1.5785 -0.501299 -2.8964 -2.11024 -0.744587 0.112611 1.21244 -0.457519 0.0819043 -0.295754 -0.998531 -3.08413 -1.11765 -0.915354 0.898881 0.838705 0.292179 0.428757 2.31994 -0.649198 1.47919 1.44207 
0.654127 1.70154 -0.442509 -0.315406 -0.0150591 -0.274473 -1.0226 -1.26175 -1.52493 1.22714 1.77674 -1.82651 0.32711 0.464963 1.09672 -2.14931 -0.386463 -0.627849 0.109669 -0.284141 -0.815192 -0.883103 0.0267584 -0.252394 -0.0376789 -0.087743 -0.709451 -2.16358 -0.731096 0.866282 2.2872 0.607571 3.19998 2.34229 1.37423 -1.27816 -2.11478 0.451742 -0.559005 
0.752596 1.95242 -1.51946 -0.0379958 -0.322564 -0.257346 -0.713123 -1.43807 -2.07505 0.607215 1.07322 -2.11097 -0.450437 0.203424 0.175956 -0.81226 0.115356 0.7087 0.106272 0.303584 0.232049 0.629641 -1.16555 -0.902338 -0.00577711 -0.477101 -0.269375 -1.41301 2.67243 -0.183205 2.82385 -0.215793 -0.417083 1.47711 2.27602 -0.970226 -0.0691977 0.842936 0.963295 
0.857552 1.8775 -1.25477 -0.200049 0.693641 -0.168201 -0.719015 -1.0297 -0.895285 0.061594 0.874405 -1.83228 -0.149992 0.195588 -0.316297 0.523119 -0.569668 2.196 -0.106123 -0.701224 0.661917 1.39292 -0.943467 -0.321592 0.805257 0.875552 -0.0107057 -0.746469 0.92619 -0.77975 0.690674 -0.352588 -1.31564 -0.302303 -0.905612 0.66677 0.688721 0.589467 0.710796 
0.948185 1.63612 -0.99634 -0.607664 1.87344 -0.363469 -1.41435 -0.776156 -0.68213 -0.336252 0.751632 -1.30571 0.425116 0.192719 -0.570513 0.11393 -0.664394 1.39937 -0.246317 -1.01206 -0.0702543 -0.27597 -0.498779 -0.213617 0.583689 0.233694 -0.169112 0.86421 -1.75885 1.09347 -1.76931 0.168608 0.925489 -1.26801 -1.73287 1.65932 -0.0233756 -0.383702 -1.48993 
1.05027 1.30699 -1.14084 -0.864443 2.09302 -0.414518 -1.73107 -1.09995 -1.17126 -0.437185 0.660788 -1.24859 0.083703 0.0264762 0.547913 -1.23573 0.523801 0.426692 0.0624843 0.224265 -0.606089 -0.339953 0.715854 -0.344968 0.421555 -0.614375 -0.182387 0.856841 -1.13193 1.22806 -1.12334 0.0738353 0.654172 -0.723156 0.0657545 0.578947 -0.466178 -0.735612 -0.619884 
0.974661 2.18404 -2.23207 -0.0838633 2.30013 -0.300985 -1.19008 -1.38224 -1.02208 0.379601 0.406664 -0.884153 -0.18926 0.0103318 0.286328 -1.018 0.563666 0.276032 -0.172481 -0.357886 -0.793411 -0.210216 0.0801678 -0.679795 -0.151922 -0.38619 0.139603 -1.29146 1.44671 -0.253686 0.137054 -0.401741 -0.850367 0.169527 0.409376 -0.799582 0.00286655 -0.417003 1.4249 
1.0606 1.59332 -2.15884 -0.300778 2.36905 -0.586999 -2.08896 -1.89337 -1.38147 -0.357017 -0.0190065 -1.40052 -0.302487 0.166079 -0.743552 0.210973 0.270115 0.563746 -0.339257 -0.626102 -0.436562 0.0694236 -0.083728 -0.342101 0.00455157 0.810521 0.169083 -0.685079 1.4239 0.0162009 -0.455552 -0.105753 0.733557 0.984733 0.860534 0.632482 0.669519 0.883118 1.31564 
1.14074 1.44048 -2.0211 0.186252 2.86388 -0.640242 -1.81618 -1.81881 -0.952659 0.295873 0.064563 -0.879602 0.621262 0.179415 -0.39875 0.405896 0.579866 -0.179519 -0.278234 0.375671 0.191322 0.650318 0.71265 -0.0102756 0.731195 0.929449 -0.136149 0.747095 -0.272507 0.393642 -1.87744 -0.0302998 0.875658 0.611526 0.3616 0.32997 -0.406879 1.15556 -1.47484 
1.24002 1.19456 -1.75295 0.279089 2.18953 -0.865233 -1.71329 -1.70204 -0.731153 0.355633 -0.0292821 -0.669322 0.626963 0.02993 0.00354307 -0.0615338 0.663757 -1.31369 -0.369556 0.249556 0.174964 0.431023 0.246242 -0.74898 1.16011 -0.664318 -0.142249 -0.134211 -0.208192 -1.11282 -0.665785 -0.296263 -0.865907 0.177892 -1.25332 -0.995019 -1.48876 0.190134 -1.22668 
1.17067 1.44403 -2.08264 0.850009 1.55018 -1.0098 -1.56663 -1.64384 -0.521636 0.542115 -0.684417 0.280509 -0.0430559 0.0371654 -0.532962 0.197704 -0.532958 -0.845305 -0.574497 -0.490236 0.369214 -0.603004 -0.282369 -1.49903 0.921329 -0.297229 0.0635809 -0.400208 0.561274 -1.33623 1.32887 0.0771852 -0.212863 0.418861 -0.578649 0.506614 -0.479499 0.098358 0.597538 
1.27718 0.661603 -1.55524 -0.253869 1.34422 -1.43973 -2.20352 -1.33283 -1.33416 0.0732633 -1.52832 0.252008 0.329734 0.0935109 -0.396664 0.49974 -0.672474 0.0151758 -0.292371 0.0366922 0.593825 -0.147626 0.752856 -1.22848 1.25847 -0.0667798 0.00332275 0.629294 0.146669 1.16033 0.521437 0.823929 1.14147 -0.111529 1.38813 1.22098 1.2708 0.446372 0.471829 
1.26418 1.04736 -1.5829 0.177535 1.56536 -1.30217 -1.52994 -1.05002 -0.669262 1.29497 -1.9129 1.53898 -0.109836 0.0404882 0.0963326 0.344373 0.627372 -0.323868 0.249432 0.651231 0.257686 0.785123 0.938607 -0.228231 1.3677 0.1746 -0.00331753 -0.141295 0.0110139 0.933829 -1.16776 0.301085 -0.0507763 -0.830755 0.314848 -1.58734 1.41902 -1.43709 0.822127 
1.31767 0.757936 -1.21087 0.373502 1.02036 -1.1903 -1.55229 -1.07514 -0.549034 1.01187 -1.75655 1.61971 0.504334 0.0901933 -0.53796 0.510754 0.261356 -1.15258 0.00871428 -0.0140841 -0.236931 0.167222 -0.834484 0.190538 -0.178626 0.755348 -0.0400439 -0.224666 -0.356347 -0.174858 -0.523758 -0.393127 -0.466247 -0.465032 -0.885002 -0.967088 -0.227258 -0.784894 -0.904138 
1.35437 0.509404 -1.07214 0.438891 0.412775 -1.29345 -1.54402 -1.28695 -0.50204 0.460488 -1.72236 1.36035 0.645512 0.000444297 -0.128333 -0.0119738 0.452513 -0.847626 -0.143695 0.184984 -0.207346 -0.0998792 -0.0284808 -0.45549 0.582808 -0.729537 -0.0446827 0.225278 -0.331054 -0.175485 0.574559 -0.0955401 0.120913 0.347875 -0.22486 -0.0740328 0.324785 0.197086 -0.873134 
1.31811 0.629603 -1.22284 0.826016 0.17273 -1.33399 -1.36731 -1.28249 -0.648913 0.98339 -2.21204 2.20252 -0.225203 0.0455106 -0.312682 0.179699 0.0858706 -0.578024 -0.0868258 0.106829 0.110944 -0.0576385 -0.908517 0.515323 0.0184602 -0.117787 0.0540212 -0.227707 0.131065 -0.705891 0.165499 -0.00331797 -0.0970238 0.114659 0.0959781 -1.72985 1.34635 -1.34958 0.582594 
1.39988 0.196722 -0.892443 0.524762 -0.165248 -1.38028 -1.43719 -1.176 -0.559679 -0.448029 -1.20704 1.37881 0.527725 0.0544655 -0.35604 0.119091 -0.253377 -0.682127 -0.147013 0.0879601 -0.0926869 -0.00390106 -1.75833 0.89086 -0.766776 -0.146944 -0.125667 0.778651 -0.542392 0.493742 0.387093 0.111204 0.607203 -0.163282 0.136101 1.20282 -0.488091 0.712489 -1.25529 
1.37258 0.273563 -1.10375 0.572638 -0.509397 -1.481 -1.27935 -1.37518 -0.652814 -0.774945 -1.32118 1.43574 -0.372147 -0.0801564 0.465968 -0.362693 0.579613 -0.190931 0.0243782 0.714032 -0.0523384 0.0784621 0.294301 0.0272325 0.730949 -1.37307 -0.05988 0.4066 -0.0154857 0.764212 0.86869 0.285365 0.484081 0.15579 0.0685499 2.10502 -0.563888 1.26449 0.0578528 
1.31973 0.66269 -1.25514 1.10437 -0.356179 -1.3559 -0.72316 -1.22834 -0.481217 -0.153728 -1.1798 2.10976 -0.845348 -0.00541454 0.0505593 0.103605 0.510834 0.186563 0.138353 0.572041 0.0631033 0.0646488 0.346681 0.326972 0.497714 -0.0890908 0.164231 -0.977965 0.6022 -0.517784 0.272433 -0.0269643 -0.635348 0.0291815 -0.417622 -0.690978 -0.483113 -0.510724 0.881303 
1.36717 0.324122 -1.00015 1.08347 -0.322835 -1.34265 -0.707307 -1.31207 -0.588165 -0.428263 -0.994204 1.93346 -0.461237 0.0840749 -0.511997 0.239507 0.0618285 0.0815029 -0.00258611 0.0786839 -0.023157 -0.33916 -0.396678 -0.45588 0.220225 -0.491771 0.057114 -0.382051 -0.0606465 -0.0935662 -0.226776 0.0676157 -0.758997 0.182658 -0.429378 -0.878553 -0.833606 -0.154691 -0.845165 
1.4038 0.150693 -1.01563 1.1662 -0.274676 -1.35849 -0.644476 -1.2515 -0.820377 -0.550406 -1.63568 2.32999 -1.33712 0.0516994 -0.331492 0.0429589 0.417268 -0.0402134 0.205968 -0.186957 0.245761 -0.364729 -0.531871 -0.506634 0.343024 -0.934256 -0.091019 -0.0235807 -0.17819 -0.0495792 -0.0654703 0.00108239 -0.691824 -0.204356 -0.353129 -0.761971 0.330638 -0.963923 0.3924 
1.41887 -0.00736971 -0.957188 1.50074 -0.363048 -1.13668 -0.894264 -1.06631 -0.952894 -0.960134 -1.50084 2.27648 -1.39549 -0.00694416 -0.535578 0.0613174 0.0122492 0.0160325 -0.00150372 -0.61314 -0.227513 -0.692289 -1.15865 -0.125242 -0.743697 -0.099371 -0.11518 0.185558 -0.0144322 -0.555031 0.839581 -0.386113 0.328216 -0.463003 -0.237289 0.56898 0.200999 -1.11502 0.638326 
1.39686 -0.384885 -0.954311 1.17845 -0.258644 -1.35999 -1.25762 -1.47901 -1.51267 -1.70905 -1.76092 1.58629 -1.43649 -0.0634806 -0.145934 0.0285267 -0.137763 0.799367 -0.180145 0.141259 -0.217241 -0.602018 0.0371089 -0.305635 -0.771998 -0.29593 -0.0714867 0.733878 0.135972 0.192038 0.834616 0.128024 0.895948 0.442207 0.435435 2.69363 0.068257 0.379475 -0.625129 
1.35538 -0.153304 -0.928662 1.36298 0.436319 -1.31683 -0.753005 -1.28355 -1.55491 -0.923025 -1.80647 1.50448 -1.69142 -0.0784309 0.1983 0.197289 0.204287 0.850648 0.12652 0.282808 0.214694 -0.256854 1.53499 -0.0569848 -0.364223 -0.7245 0.0407626 0.135726 0.176615 0.0179951 -0.746779 0.437805 0.0682539 0.371354 0.538013 -0.0228223 0.509889 0.394133 -0.102477 
1.31843 -0.186585 -0.757021 1.38274 0.592005 -1.23347 -0.974808 -1.26432 -1.76952 -0.174069 -1.81791 1.22207 -2.16099 -0.0227179 -0.0102086 0.205141 -0.119768 0.0525882 0.25766 0.209513 0.154113 -0.0640047 0.0142866 0.204253 -0.377866 -0.398407 0.0820144 -0.1666 -0.1563 -0.447756 -1.85971 0.114715 0.456082 -0.28872 0.364958 -1.90216 -0.257537 0.210799 0.796266 
1.33267 -0.163513 -0.72352 1.24321 0.488908 -1.05917 -0.543491 -1.12944 -1.61892 -0.908739 -1.60222 1.12662 -2.08983 0.0035835 0.0316995 0.0409897 -0.243469 -1.00906 0.241235 0.73889 -0.0740256 0.108103 -0.367171 -0.314522 -0.153424 0.0717666 -0.0105277 0.182419 -0.02994 0.204319 -0.635096 -0.0305357 0.283091 -0.11177 0.151816 1.09175 -0.154706 0.389171 1.01214 
1.32201 -0.154885 -0.716032 1.13927 -0.41706 -0.992238 -0.235918 -1.33834 -1.66142 -0.54124 -2.13243 1.06864 -2.08922 -0.0332456 0.17221 0.175201 0.0845511 -0.582508 0.227124 0.492604 0.0423425 0.0878115 1.10603 0.0495472 0.0113056 0.613733 -0.0898309 0.26238 -0.0582272 0.441072 0.720167 -0.377184 -0.658675 0.553465 0.126949 0.898699 0.70766 0.257353 0.0491226 
1.29942 0.00869782 -0.548319 1.32776 -0.0936003 -0.832044 -0.0508869 -1.0871 -1.53111 0.197293 -1.55267 1.13792 -1.4761 -0.0862474 0.294079 -0.0172374 0.197603 -0.288897 -0.13595 0.0802156 0.479439 0.235052 0.531528 0.393138 0.103928 0.120889 -0.000693784 -0.0378148 -0.243343 0.0184576 -0.649953 -0.65622 -0.547796 0.495487 0.656488 -1.37802 0.0534641 0.10645 -0.872493 
1.23576 0.139194 -0.733269 1.33687 -0.705956 -1.12819 -0.155703 -0.858904 -1.42637 -0.00971218 -1.73929 1.17257 -1.96833 -0.0339394 0.134396 -0.068142 0.103009 -1.23246 -0.429096 -0.0551912 0.53783 0.7443 -0.271988 0.103011 0.117755 -0.25876 0.050066 0.0410083 -0.290109 0.273529 -1.27576 -0.0365337 -0.564774 0.163025 0.601342 -0.0358789 -0.65093 -0.239309 0.00988299 
1.26548 0.143093 -0.616461 1.43077 -1.32606 -1.26114 -0.106078 -0.549268 -0.786805 -0.0746946 -1.44966 1.25568 -1.73486 -0.0361815 0.335088 -0.307347 0.471132 -1.56466 -0.172483 -0.484559 0.642464 0.836394 0.495649 -0.257792 -0.135381 0.130772 -0.0324785 0.0724209 -0.0443912 -0.212659 0.711555 0.351898 -0.300051 -0.492852 -0.459414 0.64297 -0.0552687 -0.656717 -0.0475072 
1.19958 0.474282 -1.04062 1.808 -2.27061 -1.30067 -0.640261 -0.21644 -0.589971 0.485937 -1.99709 1.03719 -1.83756 -0.0664178 0.206816 -0.112533 -0.10965 -0.520906 -0.0771981 -0.355242 0.0449778 0.284886 0.370982 0.0477426 -0.538961 -0.306267 0.0047573 -0.377758 0.870565 -0.760846 2.23244 0.542964 1.36785 -0.841712 -0.991199 0.517369 1.00904 0.588659 -0.173412 
1.19906 0.34991 -0.728994 1.32112 -1.84697 -1.33834 -0.46132 -0.50429 -0.501919 0.296288 -1.40192 0.716715 -2.04112 -0.0314242 -0.0426706 0.563218 -0.289714 0.667783 0.370481 0.88329 -0.199247 -0.154805 1.01302 0.75125 0.453278 -0.0426395 -0.0704484 0.0478611 0.0963919 0.409198 1.01756 0.372758 0.686985 -0.19139 -0.714816 0.53507 0.383527 1.36978 0.441226 
1.16816 0.431611 -0.477397 1.51829 -1.60283 -0.93019 0.243029 -0.415687 -0.744777 1.49896 -1.24584 1.49047 -1.8802 -0.136866 0.254677 -0.0161413 0.299547 0.496656 0.29556 0.331743 -0.146413 -0.42993 0.906052 0.43127 0.830815 0.134959 -0.134527 0.031185 -0.908993 0.26362 -0.940031 -0.596318 -1.63537 -0.63805 -0.0707865 -3.92331 0.284185 -1.50254 0.0515259 
1.0622 0.604587 -0.745136 1.62067 -1.35031 -1.04278 -0.129577 -0.650702 -0.931849 1.20234 -0.97065 1.54753 -1.90617 -0.165951 -0.0114857 -0.345775 -0.0260944 -0.272247 -0.225838 -0.752082 -0.837297 -0.225592 -2.91029 1.03544 -1.04926 0.00888637 -0.0579734 0.181673 -0.0650805 0.186374 -1.16363 -0.228332 0.103781 -0.121504 0.857573 -2.81816 0.645403 -2.04153 0.891122 
1.00221 0.420126 -0.823173 1.4922 -1.87508 -1.15603 -0.509053 -1.25298 -0.970369 -1.41134 -0.210401 0.441212 -1.87131 -0.19484 0.43635 -0.0812217 0.485921 -0.666972 0.0672285 0.435524 -0.267917 0.427644 -1.91211 1.07667 -1.21072 1.02608 -0.0144497 0.429843 1.01483 0.342722 0.647901 0.238892 1.42976 1.3777 1.03783 2.91077 -0.906379 0.990068 2.39132 
0.867358 1.04094 -0.826357 2.10659 -2.01728 -0.97555 0.305946 -0.918619 -0.504205 -0.709772 0.106023 0.336814 -0.880085 -0.180401 0.418357 0.669055 0.316627 0.375654 0.013054 0.67768 0.540402 0.812233 0.000474977 0.129056 -0.0591893 2.40021 0.0355888 -0.357502 0.465128 -0.163243 1.20849 -0.063901 -0.930194 0.325039 -0.252193 0.90801 -0.938224 1.79338 0.445238 
0.821806 0.838483 -0.154118 1.80882 -1.49942 -1.14297 0.168627 -0.712582 -0.158135 -1.41086 -0.0813448 0.382023 0.528891 -0.159251 0.0788479 0.383906 0.322678 0.541514 0.00332755 -0.49467 0.0571223 0.17545 -1.0041 0.138449 0.582665 1.47132 -0.0129206 0.0230517 -1.13422 0.0460665 -0.451292 0.194411 -0.989122 -0.583673 -0.681694 0.221689 0.563342 0.348077 -1.64081 
0.708107 1.11979 -0.442451 2.42927 -1.47577 -0.972222 -0.188724 -0.861497 -0.328754 -1.71387 0.244473 0.919479 0.591234 -0.193322 0.441409 -0.46516 0.362694 -0.0756384 0.207465 -0.311442 -0.0432703 0.130539 0.222164 0.692398 0.288888 0.759395 0.0504039 -0.0876893 -0.442217 -1.36782 -0.0218363 -0.0900441 0.513396 0.177152 0.127585 1.92377 0.113391 -1.17385 -0.72055 
0.628485 1.27989 -0.619278 2.17152 -1.57506 -0.935509 -0.142814 -0.755852 -0.0275961 -1.1887 0.611053 0.67091 1.28829 -0.108847 -0.00884138 -0.058311 -1.04515 0.519678 -0.0867165 0.0187259 0.234274 0.303035 0.91967 0.251841 -0.591182 0.750769 0.0258549 -0.417081 0.801476 -1.11627 1.00528 -0.602402 0.0725292 0.689855 -0.385865 -1.24654 -1.14222 -0.726013 -0.881675 
0.59926 1.11094 -0.500762 1.38412 -0.95609 -1.05894 -0.169998 -0.627222 -0.0257188 -0.794204 0.496314 0.328297 1.342 -0.167467 0.0243278 0.336315 -0.75358 0.929643 -0.394937 -0.238912 0.646585 -0.255326 -1.02437 -0.449825 -0.437125 -0.12228 -0.198636 0.427081 0.617105 0.65859 0.642459 -0.371393 -0.648408 0.718411 -1.43346 -2.4661 -0.353896 0.0373802 -1.2053 
0.461018 1.30422 -0.282963 1.41794 -0.645418 -1.33045 -0.381727 -0.109268 -0.282922 -2.21307 0.161229 0.233785 1.16601 -0.307482 0.418239 0.558794 -0.386557 1.16214 -0.45811 -0.629682 0.952686 -1.13043 -1.54643 -0.102055 -0.553802 -0.454528 -0.0976667 0.284902 0.513809 -0.204364 0.49929 0.622384 -0.350588 -0.130699 -0.645432 1.38655 1.71414 0.148525 -0.208598 
0.291778 1.52918 0.0580324 0.997563 0.206047 -1.51705 -0.79968 0.325463 -1.15614 -2.34063 0.394258 -0.225505 0.887475 -0.265133 0.30923 0.850125 -0.957944 1.42893 0.227447 -0.5895 0.515886 -0.900758 0.362175 1.26432 -0.2886 -0.330878 0.0573212 -0.268375 0.255749 0.036043 -1.83101 0.989478 0.978164 -0.784725 1.20517 1.85772 1.09671 0.526214 0.305804 
0.195885 1.61345 0.567162 0.459993 0.783515 -1.103 -0.971227 0.406619 -1.18368 -1.8509 1.42555 -0.0548156 0.835128 -0.250161 0.149865 0.814543 -0.350514 -0.668876 0.531368 0.348481 0.16796 0.0747432 0.311291 0.994651 -0.0275877 -0.148725 -0.0816682 -0.0434285 0.191768 0.771144 -3.29387 0.295457 1.48622 -0.341448 1.37154 0.449908 -1.14343 -0.231809 -0.578794 
0.0416164 1.67905 0.872576 0.647049 -0.462829 -0.98568 -0.451199 0.493423 -1.0814 -2.02934 1.38891 -0.253092 0.73875 -0.346802 0.265801 1.04189 -0.1868 -1.86494 0.522904 0.896718 0.174438 0.470782 0.812083 0.120891 -0.520409 -0.909673 -0.082787 0.0155767 0.136126 -1.13754 0.192378 0.848518 -0.469375 -0.823026 1.39903 0.435335 -1.37701 -0.26886 -1.69742 
-0.150917 1.87925 1.60905 0.273193 -1.08142 -0.580096 -0.0745093 0.581057 -0.712898 -1.03882 1.54644 -0.575225 -0.0745446 -0.332948 0.165441 0.95067 -1.48806 -0.476499 1.37989 -0.120894 -0.655065 1.47377 0.746627 -0.38236 -0.296448 -1.84614 0.00428608 -0.93522 -0.848809 -0.570247 1.68018 0.761455 -1.07355 -0.935399 1.11236 -1.01013 -1.21749 0.251986 0.135987 
-0.291332 1.84449 1.82325 -0.841008 -0.939328 0.394206 -0.572092 -0.161642 0.39237 -1.28271 1.00655 -0.549541 -1.10739 -0.342515 -0.669419 0.193084 -0.757047 -0.184756 1.28436 -0.176835 -0.760961 1.58314 -0.198052 -1.0966 -0.268423 -0.773685 -0.231019 -1.83105 -0.85294 1.9455 1.64509 -0.817474 0.71681 1.39149 -1.35174 -0.712727 0.442113 0.985785 3.47308 
-0.493432 1.20983 1.80214 -0.483854 -1.26618 0.704263 -0.251345 -0.179904 0.87024 -1.23687 0.449841 -0.843648 -0.84823 -0.563967 -1.66561 0.0977301 0.457441 1.16859 0.562413 0.595917 0.736421 0.122034 0.0339 0.0597523 0.689337 1.62694 -0.0708798 -0.80614 -0.807419 0.577719 1.87682 -1.32797 0.662359 1.81611 -1.9149 0.99346 1.8104 0.518566 1.91222 
-0.855299 0.178882 1.92098 -0.383567 0.229261 0.956619 0.0238242 0.574779 0.514404 -1.24881 1.0663 0.139796 0.519543 -0.413395 -1.47556 -0.614336 -0.179328 1.69206 -0.0436065 0.485524 1.05515 -0.331762 0.795408 0.713804 0.250143 1.13854 0.378314 0.891028 -1.01439 -0.77292 -0.426283 -0.667862 0.109833 -0.567429 -0.156805 0.410023 -0.999986 -0.855644 -2.07329 
-0.906827 -0.265727 1.1878 -0.663182 0.425883 0.660657 0.23418 0.875249 0.538477 -0.44146 1.16364 -0.593505 0.290306 -0.185653 -0.774578 -0.916656 -0.315479 0.742306 -0.105449 0.705749 0.168993 -0.0347708 0.443923 -0.940234 -0.166307 -0.446357 0.323667 1.11833 0.513028 0.146692 -1.9389 0.325898 0.171524 -0.971247 1.44407 -1.09963 -1.84167 -0.185029 -0.940109 
-1.04095 -0.595696 1.00432 -0.699046 0.971567 0.85117 0.729574 0.743772 0.479633 -0.804891 0.126068 -0.0265112 0.0731859 -0.0897279 -0.357227 -0.101307 -0.0326361 -0.24684 0.282291 0.657048 0.0839063 1.11231 -0.304222 -1.12787 0.0651131 0.198426 0.19343 0.755821 0.890572 0.174338 -1.24975 0.200657 -0.800452 -0.270361 -0.149094 -0.75982 1.2146 0.419446 0.849525 
-0.996555 -0.622954 1.0865 -0.695818 0.179043 0.942948 0.891227 0.959156 1.65078 -0.745683 0.0357759 -0.528392 0.488732 0.0077767 -0.0187572 -0.0260845 -0.141141 -0.507441 0.0952083 -0.0947026 -0.101369 -0.183864 -0.315898 0.274369 0.253138 0.403168 0.0185455 0.146943 -0.332219 -0.340525 -0.302147 -0.675893 -1.78513 -0.699772 -1.79219 0.903744 1.46613 -0.362201 -1.78052 
-1.03318 -0.614453 0.978235 -0.840188 0.464126 0.946378 0.634871 0.642403 0.295769 -1.12079 0.400436 0.226627 0.476353 -0.0711824 -0.210284 -0.433526 -0.373161 -0.548987 -0.393602 -1.12808 -0.615865 -0.679885 0.599522 0.338257 -0.297088 -1.5821 -0.0295754 0.0693061 -0.251546 -0.167749 -0.625443 -0.383306 0.354896 0.57743 1.22075 1.41643 0.205503 -1.29441 -1.25948 
-1.06774 -0.833238 0.652969 -1.06898 -0.369944 0.549346 -0.236856 0.34329 0.9709 -0.146161 0.374032 -0.82548 -1.09336 -0.0217987 0.0505489 -0.277631 -0.30889 -1.13288 -0.288098 0.260193 0.476061 1.03688 1.10053 0.479872 -1.04128 -0.856315 0.107031 0.309275 0.735326 0.534241 0.390846 0.609108 1.69878 1.28976 0.703467 -0.840174 0.482394 1.11421 2.51407 
-1.05497 -0.563904 0.700604 -1.14908 -0.668758 0.65828 0.895064 1.11846 1.33265 -0.0202597 0.880308 -0.81465 -0.379962 0.0358482 0.098991 0.3018 0.16108 -0.158141 0.215506 0.570699 0.673893 0.023582 -0.240652 0.82065 0.81712 0.931975 0.0643813 -0.086295 0.458837 0.478055 1.86546 0.564004 -0.371755 -0.418071 -1.20196 -1.52311 -0.706693 1.875 1.72593 
-1.03189 -0.734247 0.954769 -0.907899 -0.528085 0.764851 0.333842 1.01718 0.994482 -0.386813 1.19468 -0.00836088 -0.161389 0.0425826 -0.0357461 0.181206 0.169164 0.732576 0.275906 -0.111562 0.0579909 -0.165079 -0.422576 -0.226822 0.833723 0.869613 0.0106964 0.0514272 -0.459498 -0.334265 1.3025 0.278778 0.0504555 -0.392774 -0.0150129 0.0779515 -1.61346 -1.25938 -0.277574 
-1.01239 -0.59965 0.88181 -0.979914 0.0638185 0.934186 0.783502 1.17646 1.16757 -0.442836 0.653486 0.0190733 0.489651 0.0465446 0.150418 -0.157698 -0.173185 1.14436 0.494283 0.621154 0.281119 0.0085691 -0.162701 -0.792809 -0.442261 0.654401 0.0492869 0.174958 -0.131925 -0.309877 -0.903621 0.192145 -0.227079 -0.613224 0.273033 0.360958 -1.00419 -1.27707 -1.01773 
-0.985345 -0.583829 0.797071 -1.08108 0.616271 1.25913 0.954997 1.2983 1.00305 -0.549514 0.401874 -0.450622 0.493012 0.0918694 0.139212 0.0492813 -0.140712 -0.171045 0.468051 -0.338641 -0.555233 0.107954 -0.0616181 -1.23101 -0.443351 -0.148118 0.0810957 -0.115106 0.423345 1.08921 -1.80835 -0.541453 -0.618599 -0.818179 0.258739 1.50844 0.922241 0.633167 -1.96071 
-0.920522 -0.460438 0.931092 -1.12063 -0.107226 1.40224 0.444861 0.621223 1.27553 -0.504454 -0.577521 -0.424277 0.341533 0.12764 0.035312 0.265647 0.916025 -0.663999 -0.0471702 0.00255544 -0.53706 0.267308 1.34574 0.129432 0.190906 -1.30631 -0.165766 -0.131501 0.127781 0.26674 0.705618 -0.57137 0.848151 0.868625 -0.0479143 0.953555 2.12129 0.713423 0.107182 
-0.857705 -0.548517 1.06272 -0.165059 -0.0477278 1.21196 0.957552 0.761242 1.27036 0.796225 0.531307 -0.259716 -0.813295 -0.073897 0.00771136 0.177062 0.126028 0.534573 -0.10332 0.50951 0.313392 0.0600399 0.891937 0.890284 0.270072 -0.0409362 -0.311762 -0.236681 -0.188471 -1.20158 1.13951 0.0349414 -0.243665 0.080933 -1.69505 -2.69487 0.00587415 -0.576973 2.35162 
-0.994419 -0.452727 1.10815 -0.994598 0.427347 1.29892 0.954371 0.934616 1.33557 0.387483 0.312763 -0.154205 0.300597 -0.184122 -0.201369 0.0771763 -0.285554 0.475511 -0.0122287 -0.24111 -0.456127 -1.42774 -1.34913 0.135307 -0.386067 1.04531 -0.00388973 -0.4876 -0.276436 0.159351 -0.70056 -0.006162 -0.780776 -0.240284 -0.582907 -1.42218 -0.922586 -0.259335 2.04935 
-1.04183 -0.749885 1.13989 -0.450613 0.427783 1.19974 0.716442 0.305115 -0.157381 -0.552903 0.666613 -0.645783 0.232017 -0.0777867 -0.479889 -0.0993733 0.285379 -0.165986 -0.109482 -0.271266 0.0731086 -0.522867 -0.530244 -0.0323014 0.0107369 2.00841 0.245237 0.419891 0.000679443 -0.0412751 -0.13431 -0.263816 -0.257927 1.49643 2.81753 2.04717 -0.0764467 0.954335 -0.326249 
-1.07221 -0.932616 1.00878 -0.70922 0.26136 1.18944 0.683104 1.00772 0.812699 -0.142761 0.280462 -0.143468 2.30901 0.0611154 0.218522 0.0778558 -0.326829 0.341201 -0.276044 -0.499036 1.04031 1.38979 0.698041 0.0588599 0.568267 0.719063 0.179798 0.593522 0.0666553 -0.475643 -0.243117 -0.280293 0.258451 0.527573 0.76346 0.393543 0.414003 0.160398 -3.36048 
-0.980711 -0.531363 1.21775 -0.777442 0.768985 0.923691 0.217406 1.34542 1.2324 0.145138 0.725473 -0.0775163 0.95108 0.102011 0.113633 -0.0327179 -0.190265 -0.409103 -0.389774 -0.0128156 0.600681 0.240592 -0.136702 0.381701 0.171135 -1.35207 -0.118428 -0.468005 -0.542042 -0.0201433 -0.913896 0.361729 1.05719 -1.70518 -1.88641 -1.30884 -0.434391 -0.127185 -0.216425 
-0.970195 -0.818983 0.976063 -0.899485 -0.147743 0.799661 0.670289 1.60841 1.05329 -0.279463 0.662163 0.0276672 0.956939 -0.0573124 -0.249483 -0.464186 -0.346973 -0.572694 0.0856847 0.558155 -0.66487 -0.496627 -0.610796 -0.375531 0.441082 0.502638 -0.147831 0.0556624 0.0114244 0.275481 0.792424 0.797311 0.337426 -0.873795 0.554659 1.27848 -0.391481 -0.0741166 2.09021 
-1.03802 -0.780847 0.753564 -1.12441 0.19629 1.00938 0.775561 0.680549 0.735777 -0.465658 0.349942 0.363566 1.45372 -0.04582 0.169296 -0.0212936 0.0852158 0.383321 0.407536 0.32461 -0.273113 0.795251 1.14178 -0.00977978 0.0970187 0.738145 0.0686477 0.361704 0.741541 1.01549 0.0407217 -0.284535 -1.34899 0.49536 0.990843 1.61374 0.268798 -1.37214 -1.6997 
-1.01601 -0.649687 0.954769 -0.814269 0.235578 1.2072 0.994899 1.33529 1.84854 0.862315 0.652383 0.124686 1.69508 0.0113353 0.112221 0.277355 0.668513 -0.531973 -0.19885 -0.790838 -0.16951 0.494216 1.00295 -0.106733 -0.931061 -1.19706 0.0666629 -0.356919 0.114026 -0.342292 -0.78833 -0.766759 -1.38061 -0.218022 -2.0874 -1.48719 -0.269099 -0.530602 -1.32774 
-1.02669 -0.668626 1.03092 -0.455902 -0.335683 0.810526 -0.0152778 0.511039 1.22999 0.53729 0.243209 -0.567494 0.256661 0.0208429 -0.187623 0.0927324 -0.257076 -0.405009 -0.359223 -1.056 -0.491135 -1.29214 -0.345412 -0.278878 -0.433583 -0.589594 0.0203986 -0.0546735 -0.505026 -1.5095 0.717659 0.483707 1.40579 0.577022 0.154944 -0.460248 0.754068 1.49234 2.11482 
-0.995172 -0.83731 1.0475 -1.07134 -0.169431 0.847974 -0.0611016 0.844157 0.556398 0.516903 0.373505 -0.308897 1.10549 0.031734 0.0575476 -0.227671 -0.840984 0.185687 0.284857 0.614954 0.407511 0.64916 0.5427 0.647335 0.56128 0.917765 -0.053593 0.261735 -0.390434 0.384747 0.0819077 0.278592 0.545346 0.477532 2.28534 -0.223 -0.405808 0.612376 0.885949 
-0.994954 -0.611078 0.803248 -1.29689 -0.149996 1.09538 0.599676 0.918551 1.87915 1.07999 0.890544 -0.00621446 1.17443 -0.0327501 0.0741121 -0.297702 0.127671 -0.323101 -0.0806309 -0.510654 -0.0136024 0.993198 -0.568412 -0.684686 0.178793 0.296355 -0.0863981 -0.441949 -0.313012 0.814835 -0.186503 -0.526138 -2.00887 -0.238646 -1.29987 -2.59811 -1.28713 -1.0161 -1.82224 