-0.887635 -0.201303 0.824263 -0.695138 1.21363 0.575747 1.13912 0.910155 0.928193 1.26712 -0.559544 -0.0468923 0.799182 -0.0193203 0.0526027 0.405836 0.57774 0.0962905 -0.123311 -0.290025 0.415534 0.237642 0.100023 0.18443 2.80841 1.17325 -0.0584325 -0.0355973 0.15407 -0.0893613 -0.26097 0.762136 0.841441 -0.988909 -0.608042 0.513053 0.417815 0.348497 0.476163 
-0.896988 -0.286366 0.964932 -0.462073 1.33679 0.717015 0.678266 1.12947 0.913507 1.57032 -0.80874 1.63492 1.3753 -0.0263274 0.0503845 -0.0605923 0.155224 0.00239186 0.336624 0.424532 -0.716277 -1.33703 -0.285447 0.056706 0.113015 0.261889 -0.00958854 -0.102342 -0.822756 -0.811934 -0.447794 0.0593396 1.06969 -1.20473 -0.16576 -0.352236 0.0945238 -4.64593 -2.30742 
-0.913962 -0.150918 0.763671 -0.539914 1.21602 0.912371 1.56365 0.193877 -0.408837 0.981675 -0.502838 0.0661232 1.06107 -0.0289088 -0.0497395 -0.41692 -0.234194 -0.351504 -0.0639719 0.77967 -0.789192 0.0718819 -0.252214 0.278954 -1.83752 -1.13417 0.0545969 -0.34025 -0.211416 -0.43649 -0.168647 -0.482817 -0.569815 1.6132 2.61853 0.0460464 -0.753802 -1.88948 -1.10801 
-0.925897 -0.336106 0.548012 -0.696267 0.985291 0.653043 1.45794 0.340281 0.985389 1.3181 -0.529786 -0.202597 0.241132 0.0282695 -0.289866 -0.272009 -0.281266 -0.166255 -0.146194 -0.145284 0.896927 1.2815 -0.2394 -0.697096 -1.77646 -0.846122 0.0847176 0.0479238 0.514697 0.218508 0.175097 -0.14179 -0.613925 1.53128 -0.798508 0.191216 -0.876985 1.12833 1.34566 
-0.885693 -0.440784 0.491662 -0.82118 1.04977 0.766177 1.41837 1.0908 0.872663 0.742275 -1.19993 -1.71034 0.21495 0.0558088 -0.00181575 0.0977772 -0.015686 -0.176407 -0.205762 0.165745 0.742083 -0.726626 -0.060998 -0.598031 -0.709186 0.21149 0.0260763 -0.0112134 0.836541 0.108144 -0.487632 0.34174 -0.220045 -1.34683 -1.7618 0.286607 0.902399 3.25838 2.0478 
-0.870088 -0.337922 0.645789 -0.711953 0.808884 0.447282 1.62368 1.08236 0.258763 1.25711 -1.12782 -0.911783 0.452622 0.0543457 -0.301079 0.564533 -0.173122 -0.653887 0.195546 -0.365329 -0.449907 -0.480303 0.0472071 0.205303 1.48192 1.20168 -0.0751836 -0.280888 0.209672 -0.105374 0.188365 0.309992 -1.04146 -1.32014 0.398992 -0.399901 1.22822 -0.198615 -0.493647 
-0.831347 -0.741863 1.05619 -0.994302 0.395882 0.961723 1.05304 0.640897 0.392359 0.789482 -0.994631 -0.228421 1.41663 -0.0193749 -0.282704 0.30745 -0.12106 0.0119581 0.10423 -0.875718 -0.578057 -0.327634 -0.460899 0.630193 -0.907801 -0.282157 -0.0593226 0.770835 -0.737594 0.218879 1.36303 -0.634792 0.039656 0.400911 -0.229513 -0.440131 0.451065 -1.58296 -1.8926 
-0.889463 -0.620625 0.953239 -0.833013 0.820842 0.551512 0.747963 0.504307 -0.0688705 0.796206 -0.497625 -1.81958 0.170464 -0.00497681 0.469756 -0.173062 0.0457575 0.709141 -0.439246 -0.325673 -0.0489958 -0.709817 -0.392924 0.656368 -0.101041 -0.690924 0.0960944 0.506001 -0.714843 0.00731687 0.233404 0.299342 1.7636 0.908796 0.316143 0.419888 0.14213 2.64922 0.233858 
-0.836324 -0.272107 0.883133 -0.948545 1.10502 0.522477 0.727364 0.591901 -0.317457 0.396558 -0.338263 -0.329462 0.725702 0.0767196 0.223297 -0.407393 -0.113743 0.245362 0.403573 0.887884 0.330739 -0.0114905 -0.041011 0.772323 1.74142 -0.0482989 -0.0163066 -0.76852 -0.348578 -0.275183 -0.897339 0.687873 0.563619 0.49773 1.1054 0.678011 -0.371316 0.689784 0.616401 
-0.812743 -0.397328 0.545845 -0.946756 1.0662 0.955085 1.63585 0.835046 -0.080361 0.755195 0.274698 -0.0781641 0.122165 -0.0212834 -0.298764 -0.52164 -0.229425 -0.188199 0.248627 0.237946 0.448734 0.395578 0.285087 0.285052 0.588743 -0.074523 -0.170741 -0.594695 0.125489 -0.195857 -0.877135 -0.858976 -1.9651 -0.56438 -0.0654439 -0.471296 -2.607 -3.06987 -0.5169 
-0.857607 -0.570871 0.361493 -1.17797 0.916824 0.771105 0.96531 1.04064 0.078121 0.681645 -0.0532113 0.259281 0.651179 -0.094021 -0.371398 -0.281904 -0.3096 -0.631773 -0.455404 -1.07722 -0.233641 -0.0769344 -0.512307 -1.83468 -1.32845 -0.565198 0.026331 0.345606 0.541932 0.57295 0.267812 -0.369856 -0.807632 -0.616757 -0.349034 -0.0817415 -1.3758 -1.47807 0.17975 
-0.906764 -0.768725 0.263941 -1.25636 0.434431 0.499681 0.55863 0.601406 -0.157295 0.242888 -1.55998 -1.40662 -0.443033 0.00504758 0.0468423 0.0202925 0.343524 0.079613 -0.121229 -0.569686 -0.168023 0.046544 0.203345 -1.09075 -0.889322 0.105227 0.100373 0.523566 0.267802 0.426516 0.976476 0.342463 0.866563 0.677911 -0.171929 0.610014 2.34984 3.22704 1.58134 
-0.85256 -0.524028 0.381786 -0.834446 0.996437 0.649876 0.395624 0.872612 0.124665 0.88499 -1.14396 -0.630041 0.756406 0.00635241 0.152169 -0.0141024 0.116916 0.344703 -0.112941 -0.210655 0.444271 -0.248864 0.0977067 0.515157 1.89858 1.01614 -0.0475184 -0.0278208 0.0812178 -0.380932 -0.11528 0.0970019 1.10237 -0.257073 -1.06899 -0.67442 0.564975 0.696013 -0.883096 
-0.900412 -0.616557 0.249839 -1.13944 0.779135 0.38674 0.347975 1.04568 -0.406159 0.340595 -1.04482 0.491967 0.573105 -0.0424708 0.0190215 0.10151 -0.0374082 -0.035667 -0.0242267 0.532685 -0.425096 -1.02245 -0.471075 -0.525771 -0.193309 -0.777869 0.0503778 0.240394 0.188611 0.0468979 -0.459213 0.0641739 0.744657 -0.992989 0.0220944 -0.0983977 -0.716562 -3.73005 -1.5738 
-0.895031 -0.505007 0.483296 -0.871854 0.96077 0.625649 0.928309 0.447517 -0.897784 0.413915 -1.66973 -0.823351 -0.0214635 0.0567302 0.392562 0.174509 0.163814 -0.11451 -0.0487673 0.534002 -0.548719 -0.226769 -0.000690994 -0.201406 -1.83147 -0.557658 0.0380869 -0.00562448 -0.0289883 0.239436 0.0936547 0.037375 -0.124114 0.524386 0.897266 -0.0359974 0.753422 0.282822 0.989876 
-0.843682 -0.223994 0.424348 -0.975625 0.664625 0.337973 0.881976 0.496958 -0.632928 0.339904 -1.24623 -1.3395 0.0154461 -0.00438396 0.013397 0.072522 0.202028 0.0579877 0.0131483 0.408571 0.0992906 -0.125183 -0.507072 0.227651 0.0895128 0.212007 -0.100032 -0.742699 -0.326122 -0.332219 0.456658 0.261726 0.0165923 1.02767 0.693008 0.197962 1.34472 3.26624 0.307537 
-0.899415 -0.49161 0.555818 -0.669826 1.01876 0.638798 1.33688 0.546807 -1.02297 -0.0931567 -1.44208 -0.733838 0.190544 -0.0433017 -0.350137 -0.151613 -0.168404 0.342148 0.212959 0.550594 0.478952 0.466239 0.197271 1.14331 1.43477 -0.250122 0.0236394 0.125947 0.0439773 -0.379246 -0.175478 -0.364844 -0.837478 0.306557 1.03687 1.77456 0.757466 0.602917 -0.490895 
-0.886984 -0.574131 0.272735 -1.14403 1.00677 0.550931 1.43257 0.97591 -0.166689 0.537175 -0.10292 0.0952667 -0.234676 0.0192554 0.139344 0.116499 -0.177219 -0.11749 -0.351696 -0.428907 0.405848 0.911692 1.26749 0.985117 0.69243 -0.278887 0.0233813 0.299039 0.201977 0.359626 -0.490708 -0.30519 -1.35716 -1.13154 -0.432345 -0.170301 -1.95396 -1.82296 -0.0606057 
-0.880159 -0.352266 0.672317 -0.847045 0.901268 0.287102 0.907973 0.952655 -0.111275 1.17433 -0.456959 -0.0414082 -0.0883435 -0.0199204 -0.0510979 0.0503637 0.191222 -0.14856 -0.092231 -0.806565 -0.652588 0.0338941 0.0269698 -0.810646 -0.388191 -0.310727 -0.0396225 -0.302319 -0.168088 0.0714762 0.04072 0.487593 0.419779 -0.562516 -0.333933 -1.6866 -0.621817 -0.455639 -0.0223196 
-0.906904 -0.625229 0.323099 -0.952808 0.858213 0.4587 0.626006 0.323322 -0.132795 0.564144 -0.913566 -0.292924 -0.545403 -0.020367 -0.162975 -0.0515882 -0.105742 -0.0767698 0.135897 -0.00912764 -0.156668 0.577759 -0.419113 0.3633 0.236791 -0.301207 0.0445929 0.12635 0.228094 0.202336 0.236793 0.159885 0.642712 0.501465 -0.865647 -0.29398 2.46987 1.50044 1.6045 
-0.900526 -0.515241 0.620729 -0.952787 0.824498 0.422999 0.898845 0.795987 0.466485 0.755219 -0.0936588 0.195382 -0.38955 0.0246725 0.075252 0.278458 0.393558 0.0882329 0.0676537 -0.163853 -0.151123 -0.831752 -0.26701 1.65923 1.11225 1.29377 1.06287 1.06064 -0.966708 1.9227 -0.466376 -1.27068 -0.665272 -0.506531 -0.136188 -0.817005 -1.86794 -0.492286 -0.138485 
-0.882231 -0.549977 0.601556 -0.55925 0.946446 0.526354 0.462153 0.172199 -0.964548 0.297134 0.745662 0.819325 0.748365 1.0425 0.897664 -1.0183 1.81696 -0.543146 -1.13479 -0.6744 -0.663199 0.441571 -1.23612 -1.50464 -0.255495 -0.439692 1.85057 1.83068 -1.86951 0.684737 -1.48342 -1.2619 -1.00112 -0.857165 3.6413 -0.721177 -3.67633 -2.20632 -3.37902 
0.141974 0.382423 -0.397567 0.864175 0.281352 -0.711788 0.224445 0.132788 0.908056 -0.480899 -1.5983 -0.0601127 -0.829243 1.87525 1.90593 -1.59105 1.0783 -1.39518 -1.19424 -1.16497 -1.00829 2.80955 -0.988187 -2.01711 -1.09407 -2.08525 0.0819595 0.0967201 0.0731849 -2.37562 -0.462446 1.03455 -0.270455 -0.22575 0.383632 0.764696 2.35937 0.294293 -0.339409 
0.993015 1.35596 -0.989494 0.519045 -0.448736 -0.667888 -0.702817 -0.836089 1.845 -0.691054 -1.27144 -0.274748 -1.33688 1.12446 0.994384 -0.945111 -0.558656 -1.00559 -0.100242 -0.944855 -0.888949 0.825203 -0.471422 0.854736 0.0387983 -0.779101 -1.38185 -1.88944 0.395666 -0.542868 0.63662 1.22548 1.0476 1.33241 -2.6971 1.37973 2.89023 2.10971 2.58159 
1.26643 1.37681 -1.34268 0.305519 -0.72424 -0.81203 -0.720409 -0.756161 1.73326 -0.952321 -0.743561 -0.0213143 -1.60834 0.493395 0.0164955 -1.19538 0.535427 -0.758562 0.031239 -0.117374 0.324124 0.112449 0.391545 0.873123 1.01564 0.496342 -0.835847 -1.50801 0.44038 0.678204 0.994393 -0.226331 1.34268 0.626624 -0.820891 0.939837 -0.786634 1.56101 1.53335 
1.48641 1.37245 -2.18488 1.05447 -1.2073 -0.636649 -0.820191 -0.511964 1.95745 -0.299509 -0.398321 0.740889 -0.84054 0.288613 -0.513631 -0.504731 0.119547 -0.0111997 -0.326573 0.397824 -0.262324 0.00431223 0.468415 0.0681023 1.59981 0.754252 -0.453596 -0.0597537 1.33576 -0.649836 0.710924 -0.308288 0.138179 -0.70271 0.192498 -0.718971 -0.589204 -0.640803 -0.762093 
1.55505 0.863177 -1.84741 0.425066 -0.73544 -1.1386 -0.322585 -1.01849 1.73757 -0.483906 -0.675458 1.5785 -0.854091 0.039799 -0.0432583 0.14038 -0.114409 -0.0476389 -0.277049 0.0208051 -0.378585 0.304947 -0.327427 0.28392 0.374834 -0.265751 -0.291558 0.714837 0.368505 0.240519 -0.39744 0.251839 -1.06504 0.340983 0.145289 -0.635063 0.293381 -2.32479 -1.43526 
1.52621 1.32919 -2.0445 0.940064 -1.25494 -0.913698 -0.799386 -0.89055 2.2624 -0.626935 -0.114401 1.11572 -1.10629 -0.00294517 0.201206 -0.136226 0.360066 -0.408639 -0.0747339 -0.667215 0.0786586 0.149601 -0.166649 0.361484 -0.724977 -0.681005 -0.017831 -0.335398 0.0584094 0.18734 0.241552 -0.0814425 -0.200314 0.493843 -0.993818 0.55043 -0.338331 -0.660702 -0.0457925 
1.5521 1.06438 -1.98364 0.785133 -1.14408 -1.21334 -0.9898 -0.939826 1.88717 -0.650555 -0.313975 0.85352 -1.5351 0.021968 -0.378656 0.198789 0.0729316 0.193913 -0.358492 -0.179509 0.115258 -0.688872 0.223003 -0.0544119 -0.285868 -0.311544 0.0496726 -0.95241 0.552165 -0.441698 0.738503 -0.343135 0.408129 -0.479467 -0.959696 0.357071 -0.536912 0.352167 0.233169 
1.54818 0.950537 -1.84571 1.013 -1.06102 -1.27219 -0.978894 -0.775292 1.57353 -0.403932 -0.168813 0.829856 -1.41783 0.0467275 -0.751203 0.415939 -0.0816321 0.329864 -0.417869 -0.259086 -0.400808 -0.810095 0.190422 -0.175428 -0.372809 -0.447836 0.0493135 -0.200559 0.244006 -0.2659 0.236963 0.138744 0.000982019 -0.224458 0.215615 0.107764 0.47445 0.617573 0.369567 
1.59883 0.31318 -1.5677 0.703501 -0.814216 -1.63121 -1.24889 -1.34063 1.07708 -0.460133 -0.489403 0.480711 -1.98293 0.0712815 -0.579215 0.442795 -0.192968 0.430876 -0.219748 -0.178527 -0.1092 -0.473256 0.330767 0.420038 0.331705 0.0580232 -0.0309071 0.948807 -0.314846 0.32007 -0.350987 0.746264 0.232403 1.04143 0.715184 -0.00690107 1.35551 0.756504 1.40705 
1.61946 0.371322 -1.40291 0.820027 -0.630148 -1.49194 -1.15742 -0.884492 1.10027 -0.0731647 0.251225 1.16156 -1.35981 0.0158203 0.197604 0.101093 0.238438 -0.0211235 0.328395 -0.0266826 0.64062 -0.0949107 0.183521 1.18008 0.383695 0.959214 -0.11875 0.986769 -0.613895 0.498015 -0.876893 0.644927 0.112843 0.313933 -0.0295473 -1.00014 0.346226 -0.656837 0.724543 
1.61465 0.510784 -1.4666 0.941938 -0.835339 -1.30281 -1.27557 -0.700014 0.982167 -0.276611 0.690681 0.864406 -1.02372 -0.0474682 0.407554 -0.171099 0.305047 -0.446016 0.425179 -0.0656833 0.204732 -0.502803 -0.669374 0.766264 -0.325132 0.782566 -0.0435456 -0.221466 0.0539188 -0.236297 -0.198814 -0.183706 0.288262 -0.929816 -0.482552 -0.936595 -0.888878 -0.205764 -0.637382 
1.57199 0.778876 -1.57401 1.12507 -1.07616 -1.06676 -1.2231 -0.67976 0.597467 -0.742538 1.01749 0.836429 -0.577245 -0.0277253 -0.0238623 0.155012 0.00214009 -0.219938 0.144688 0.261579 -0.289195 -0.577463 -0.753074 0.291205 0.177931 0.321832 -0.0238808 -0.238883 -0.00033795 -0.0150106 0.0833489 -0.16775 0.169994 -0.701994 -0.0717511 0.21833 -0.484984 0.957798 -0.369868 
1.58692 0.486921 -1.31159 0.944078 -1.05528 -1.15812 -1.01399 -0.98921 0.404704 -1.02969 0.981886 1.04234 -0.701887 -0.071349 0.16867 -0.171437 0.290036 -0.362667 0.257429 0.104311 -0.497262 -0.574555 -0.451043 0.28128 0.632666 0.412698 -0.0724238 0.438386 -0.493782 0.625167 0.112936 0.119339 0.0859653 -0.0370675 -0.214461 0.587932 0.135313 0.665217 0.596421 
1.50064 0.947546 -1.74545 1.41511 -1.43883 -0.809331 -1.11879 -1.17702 0.0229124 -1.19358 1.29877 1.46909 -0.164547 -0.100149 0.414524 -0.33877 0.627307 -0.107001 0.264028 0.347545 -0.326263 -0.791924 -0.165142 0.426519 0.843148 0.918253 0.0534192 -0.340042 0.46474 -0.33511 0.440834 -0.510043 0.156821 0.431279 -0.00726292 0.636455 -0.269181 -0.691267 -0.180495 
1.48677 0.901445 -1.65036 1.57139 -1.16228 -0.894095 -0.666445 -1.31547 -0.38722 -1.19483 1.4084 1.88549 0.216366 -0.0179299 -0.171372 0.293303 -0.0450732 0.0781664 -0.252614 0.261132 -0.0659833 -0.581817 0.185411 0.0120991 -0.0586008 0.232203 0.0112648 0.0275567 0.368958 -0.489889 -0.335337 -0.583533 -0.280688 0.279288 1.35533 0.174508 -0.0520713 -0.99229 -1.56763 
1.48271 0.776175 -1.45215 1.37004 -1.36067 -1.06194 -0.857661 -1.24301 -0.558905 -1.00817 1.31087 1.41049 0.0676565 -0.0888843 0.44208 0.0301878 0.137418 -0.442339 -0.319505 0.0668563 -0.0469746 0.563401 0.00936622 0.374447 -0.149141 -0.649378 -0.0792107 0.433761 -0.0981425 0.249056 0.193191 -0.323835 0.203758 -0.552545 0.774206 0.0364937 -0.42969 0.769302 -1.25939 
1.39789 1.34353 -1.62017 1.7088 -1.60462 -1.2136 -0.599589 -1.36245 0.176181 -1.18546 1.78285 1.73634 -0.433012 -0.0971406 0.26239 0.195161 0.203983 0.271358 -0.576449 0.46489 -0.618528 0.192388 0.221905 -0.417591 0.710701 -1.02718 0.0880208 -1.07214 0.76513 -0.529305 1.11209 -0.31114 -0.0298928 -0.491129 -1.18202 0.633577 -1.74496 0.328556 -0.462362 
1.38557 1.03856 -1.25699 1.57402 -1.08931 -1.63839 -0.392771 -1.86153 -0.366517 -0.786265 0.893277 2.1212 -0.959527 -0.000863516 -0.630063 0.795318 -0.391886 0.669747 -0.630645 0.0369635 -0.538104 -0.618623 0.642943 -1.37051 0.179415 -1.11174 -0.0359106 -0.201919 -0.13899 -0.173361 -0.473643 0.557344 -0.570171 0.670864 -1.0138 -0.177712 0.277133 -1.13384 -0.0369743 
1.39703 0.713462 -0.824856 1.31692 -0.93487 -1.84425 -0.562625 -1.90055 -0.442442 -0.542518 0.412338 1.91576 -1.54475 -0.133051 0.0604712 0.0561706 0.0306221 -0.202285 -0.0191049 -0.105281 0.0523361 -0.821414 0.0441928 -0.140457 -0.423138 -1.06416 -0.217489 1.07299 -1.03298 0.56418 -0.713381 0.864441 0.648071 0.799434 0.23676 -0.93682 1.3062 -0.381445 1.68595 
1.25252 1.09904 -1.20082 1.60464 -1.29159 -1.6575 -0.498052 -1.8092 -1.18793 -0.742072 0.752819 1.69806 -2.02368 -0.218353 0.442928 -0.237659 0.172293 -0.043634 0.233795 0.685034 0.26133 -0.381863 -0.293876 -0.0643173 -0.20203 0.574208 -0.100223 0.00094816 0.176435 -0.0865904 0.684642 0.236397 0.135212 0.205066 0.511096 -0.0595826 0.311407 0.185926 2.14968 
1.17867 1.15639 -1.06252 1.48921 -0.978504 -1.61045 0.122409 -1.63922 -0.824304 -0.836394 0.34802 1.71373 -0.970545 -0.233274 0.0614193 0.232605 -0.0559683 0.482357 0.217292 0.0299304 0.257402 -0.310318 -0.0153898 0.17095 -0.237213 1.08552 -0.0206377 -0.569645 0.358586 -0.489232 -0.307803 -0.123534 -1.88736 -0.119941 -1.03871 -0.136949 0.246348 -1.95197 -0.915873 
1.01925 1.16046 -0.96821 1.54867 -0.809236 -1.44021 -0.468121 -1.5518 -1.49825 -0.757462 0.923769 1.46084 -0.938161 -0.23899 -0.126717 0.120927 -0.316939 -0.351437 0.110261 -1.20233 0.141389 -1.42057 -0.430825 0.182031 -2.154 -0.341665 0.0046819 -0.177525 -0.06988 0.0619415 -1.24821 -0.0300728 -0.73803 0.0806268 0.0476236 -0.367141 0.382558 -1.05028 -1.15701 
0.939684 1.02967 -0.941588 1.17227 -1.32994 -1.50019 -1.07992 -1.49783 -2.24488 -1.26722 0.530051 -0.440271 -1.31221 -0.228592 -0.116105 0.162725 0.00597316 -0.765853 0.187219 -0.7081 0.338029 -0.262694 -0.38253 0.553508 -1.28749 -0.0714884 0.0836256 -0.19983 0.639319 0.366728 0.316268 0.0131899 0.886822 -0.00381578 2.09201 -0.141715 -0.105002 2.04383 0.558214 
0.790654 1.04435 -0.805485 1.55465 -1.57509 -1.25299 -1.17622 -1.21377 -1.76094 -1.13999 1.47728 0.173353 -1.00965 -0.155365 -0.326547 0.760246 0.0497895 -0.0351684 0.123451 -0.315503 0.137573 0.67144 -0.57254 0.0770289 -0.110172 0.216549 0.159188 0.295218 0.446771 0.140617 0.638506 0.276485 0.313347 0.00583813 0.927407 -0.0784278 -0.601649 0.933342 0.623886 
0.784319 0.703126 -0.181342 1.22206 -1.36511 -1.37674 -1.39542 -1.36026 -1.57344 -1.83976 0.60708 -0.550443 -1.09566 -0.0694044 0.179113 0.609496 0.14659 -0.127348 0.463704 -0.394753 0.343867 0.664713 -0.460958 -0.0481411 -0.35415 0.552398 0.0927205 0.729945 -0.37491 -0.0373884 -0.229963 0.535815 0.927021 0.310924 -0.0585129 0.0242459 0.923291 0.0922285 0.0186064 
0.72125 1.22346 -0.195989 1.70124 -1.70244 -0.789283 -1.57097 -0.8699 -1.09623 -1.60095 1.42914 -0.180797 -0.457252 -0.0626442 0.403398 0.385336 0.0124011 -0.265131 0.659265 0.611518 0.448497 0.612927 -0.548295 1.00032 -0.0179434 0.235155 -0.0165499 -0.310718 -0.0986264 -0.409681 0.512243 -0.225492 1.24404 -0.0725329 -1.08398 0.247585 1.02673 -0.284672 -0.86997 
0.721675 1.10652 0.203994 1.23446 -1.63024 -0.717473 -0.783901 -0.911762 -0.960508 -2.38805 1.6074 -0.568386 -0.860507 -0.0859543 -0.131606 0.51087 -0.263091 0.384896 0.238212 0.849284 0.271334 -0.419267 -0.213373 0.978588 -0.638822 -0.317573 -0.0635622 -0.38498 -0.226895 0.242851 0.6094 -0.48125 -0.993198 0.148628 -0.749178 0.624695 -0.769146 -0.0167691 0.173412 
0.635296 1.09186 0.314881 1.43815 -1.31754 -0.55107 -0.72169 -0.598565 -1.5155 -1.81432 2.40772 -0.819618 -0.774824 -0.126206 0.0184175 0.158441 0.255252 0.344268 0.178016 -0.38168 0.597125 -0.13625 0.0764008 0.231173 -0.0347125 0.408567 -0.148241 0.139718 -0.495417 0.140895 -0.318372 -0.253134 -1.35873 -0.262292 0.520699 0.0652247 -0.831356 1.54687 0.75755 
0.595469 1.12494 0.362435 1.48971 -1.28597 -0.539457 -1.16558 -0.314637 -1.09676 -2.31165 1.83857 -0.603099 -0.451939 -0.234195 0.00811245 0.0154528 -0.122196 0.0665239 -0.0149224 -0.509444 0.00904216 0.101432 -0.148148 0.147233 0.908047 0.439977 -0.26815 -0.036597 -0.0490802 -1.25493 -0.143577 -0.439752 0.670221 -0.687027 -0.70381 0.387011 -0.148489 0.243661 -0.357044 
0.4011 1.09997 0.330334 1.31595 -1.25102 -0.565993 -1.23113 -0.589523 -1.41407 -1.96247 2.55496 0.0884286 -0.334847 -0.394356 -0.0181795 0.109361 -0.999681 0.200692 -0.261736 0.28854 -0.0899018 -0.84006 0.463412 0.0826846 0.208948 0.051523 -0.326332 -0.180124 0.501607 -1.05912 1.00585 0.143325 2.16726 0.584674 0.0891125 1.52672 -2.84433 -2.03986 0.0309206 
0.201112 1.10676 0.471796 0.490033 -1.08528 -0.801194 -0.877041 -0.404538 -1.93682 -1.84824 1.92126 -0.394151 -0.400416 -0.560527 -0.172011 0.51706 -1.18132 1.07237 0.128403 1.65782 0.593717 0.190544 1.37857 -2.6971 -1.13181 0.470898 -0.158602 -0.733372 0.436828 1.11734 0.948005 1.07639 0.167683 -0.523068 1.76704 1.34586 -0.429901 0.61016 0.308563 
-0.159427 0.927958 0.847394 0.134629 -0.178646 -0.43759 0.426681 0.00419319 -1.22352 -0.583903 -0.142139 -1.04338 0.13605 -0.552959 -0.751552 0.546189 0.117655 1.1487 0.814656 0.456223 -0.61297 0.926977 1.80927 -0.347216 0.819109 0.360086 -0.0409074 -1.02635 -0.417695 0.685807 -0.610338 0.772964 -2.39254 -1.07679 0.64813 -0.914701 2.45935 2.48643 -1.11701 
-0.351846 0.355209 1.01798 0.607688 0.0634174 0.0134625 -0.420818 -1.01751 -1.00984 -0.0389684 1.57404 0.424958 -0.0403306 -0.601435 -1.19836 0.099365 -0.495513 0.462034 0.901367 -0.734727 -0.483071 0.838674 0.463867 -0.237744 1.35462 -0.646111 0.0432323 0.075993 -0.814976 -1.4541 -0.307329 -0.511077 0.116956 1.78995 -0.433815 -0.523207 -2.22103 -2.20163 0.187437 
-0.760862 -0.270402 0.946759 -0.360884 0.283388 0.463777 -0.308046 -0.478877 -0.384848 -0.120036 -0.379884 0.311237 -0.510061 -0.509726 -0.675559 -0.268787 -1.33645 0.841368 0.303579 0.573179 1.17698 0.493162 1.28607 -2.56824 -1.38252 0.547523 0.467728 1.18719 -0.376216 0.126249 0.593605 -0.6022 1.77588 1.44328 -0.742626 0.315639 0.91582 -0.987096 2.05899 
-0.861572 -0.320349 0.749198 -0.72876 0.904786 0.317042 0.15236 0.159468 -0.516679 1.2471 -0.994203 -0.957564 0.507192 -0.133707 -0.0111693 -0.276851 -0.369264 1.05564 0.299167 1.04115 0.960211 0.0960482 0.779506 0.678075 0.367524 1.41288 0.514437 0.825891 0.12513 1.28232 -0.685663 0.0179811 -0.186808 -1.61096 -1.13985 -2.30158 2.82877 1.99893 -0.456222 
-0.894569 -0.281571 0.669908 -0.730148 1.33903 0.762944 0.733107 0.481333 -0.2888 0.65947 0.298192 0.678761 0.902819 0.00471085 0.150333 -0.143657 -0.0541241 0.155705 0.32156 0.386371 -0.433979 -0.646683 -1.01551 0.260528 0.616411 0.0913008 0.164103 -0.124352 0.311609 0.519092 -1.14909 -0.692597 -1.30357 -1.18028 -0.250213 -0.550203 -1.14417 -0.391556 -1.1015 
-0.856862 -0.170017 0.605541 -0.782884 1.06049 0.638602 0.538731 -0.274511 -1.16336 0.231584 -0.733675 -0.341153 0.598493 0.0303954 -0.135522 0.0347582 0.149828 -0.0934516 -0.39343 -0.262418 -0.220066 -0.154165 0.229303 -0.466091 -0.0240323 0.311378 -0.0428529 -0.39716 0.129838 0.189042 -0.250369 -0.649048 -0.806222 0.540822 1.98003 1.72032 0.306563 -0.235845 0.573924 
-0.864174 -0.417093 0.704666 -0.58032 1.24557 0.369515 0.47069 0.261267 -0.442965 0.888773 -0.167899 0.654729 1.2142 -0.038142 -0.246827 -0.0138183 0.134918 -0.0946634 -0.327488 -0.419851 0.106843 1.33335 0.70481 0.567091 0.380566 0.665224 -0.121954 0.194906 -0.154998 -0.41123 -0.0608379 0.694922 0.670704 0.0723499 0.820562 0.0521171 0.362325 -1.3371 -0.197689 
-0.895004 -0.416844 0.591723 -0.647965 0.965827 0.311114 0.11888 -0.167668 0.169989 0.936394 -0.166585 0.0394126 1.26372 -0.0915591 0.0593844 -0.12024 -0.261402 -0.15429 0.301492 0.408286 -0.147717 0.666397 0.28142 -0.103766 -1.36113 0.11369 0.168834 -0.0437701 -0.145691 0.095229 -0.780772 0.769758 0.737436 0.463074 -1.07777 -1.42574 0.512743 -0.498219 -1.1811 
-0.955733 -0.357708 0.584426 -0.841722 1.09128 0.671007 0.878976 0.11355 0.223432 1.17019 -0.271665 -0.706401 1.32789 0.130692 -0.290597 -0.159509 0.230147 -0.875436 0.44227 0.317585 0.569916 0.255582 -0.720934 1.07983 -0.117654 -0.515879 0.846942 -1.10604 -0.665337 0.538394 -1.50513 -0.120851 -1.85628 0.500249 -1.08347 -1.51947 0.930919 1.62638 -0.376137 
-0.764311 -0.707441 0.432214 -0.417818 0.0903919 0.753384 0.436465 0.402249 0.425572 0.215461 0.913249 -0.0782409 0.747838 0.755383 -1.04665 -0.785577 0.276992 -1.65942 0.180642 -1.448 0.352532 -0.417068 -1.23805 0.827153 0.265248 -0.262447 0.369939 -1.40919 0.811112 -0.971335 0.288765 0.254324 -0.499453 -0.140206 0.20929 0.360689 -3.1268 -1.15059 -0.0279421 
-0.20035 -1.40436 -0.201151 -0.56473 -0.568137 0.851649 -0.569022 0.466083 -0.193637 -0.0678522 0.555488 -0.441153 1.06544 0.500632 -1.69979 0.651603 -0.741188 -0.586671 0.696594 -0.181868 0.429711 0.464873 -0.360244 -2.04696 -1.26824 -0.543821 -0.873718 -0.379777 2.27789 -0.296794 1.86914 0.860098 1.98345 0.761493 1.59729 1.8235 -1.40987 -1.18875 -0.0672239 
-0.26368 -2.40723 1.08382 -1.15901 -0.496279 1.44998 0.254597 0.83196 0.890444 -0.144783 -1.13371 -1.34648 0.204017 -0.118335 -1.42643 1.49231 -0.0198023 0.209717 1.04074 0.535449 1.11403 1.18022 0.585451 -0.582717 -0.923505 -0.329671 -0.351921 1.06093 -0.341859 1.52789 0.448522 -0.0704643 -1.47906 0.700092 -1.53653 1.48587 3.03416 0.134594 2.00932 
-0.318685 -2.83079 1.29116 -0.584533 -0.35842 1.89239 -0.0335735 1.58011 0.986585 0.517599 -0.0272286 -1.36466 0.73577 0.148711 -0.638864 0.309744 0.786698 -0.138149 0.62613 -1.66092 1.1298 -1.07166 1.12562 0.987198 -1.13365 1.4655 0.200685 1.50311 -1.80873 -0.160223 0.537456 -1.26226 -2.71069 -0.490122 -1.10126 0.822738 0.423716 0.442488 0.776587 
-0.114969 -3.0461 1.39356 -0.372309 -0.634428 2.07611 -1.40633 1.96176 -0.181217 0.980841 -0.146515 -2.48013 1.66952 0.0823499 0.0766856 -0.316413 -0.180026 0.747172 -0.221521 -2.17524 0.623903 0.0789613 1.40819 -0.159001 -0.481017 0.446916 -0.398534 1.63089 -1.32394 -1.37604 1.34119 -0.585219 0.821451 -1.11545 2.07034 -1.28082 0.466675 3.51992 0.711934 
-0.236335 -2.7541 0.97475 -0.764558 0.388752 1.67087 -2.20882 2.20401 1.06555 1.92579 -0.186229 -1.84567 1.18269 -0.249823 0.992023 -1.0142 -0.58934 1.20305 0.0409103 -0.839473 0.014355 0.998681 -0.155192 1.45387 2.38627 2.17744 -0.443038 1.58879 0.398862 0.574765 -0.422836 -0.0270214 3.32592 -1.46043 -0.479438 -2.6216 0.368486 1.42704 -0.00944313 
-0.364792 -2.05407 0.379365 -0.961648 0.568617 2.11702 -2.2458 1.97612 0.817464 0.825649 1.30736 -0.0938607 3.84696 -0.360688 1.66547 0.0824484 0.394739 0.324336 -0.248542 1.15068 -0.83653 -0.400477 -1.21341 0.209485 0.946022 0.437473 -0.219558 0.495384 1.38425 0.786635 -0.757436 -1.46305 3.6342 -0.64831 -1.82783 -0.137332 -3.31363 -2.42691 -5.11499 
-0.597023 -1.08863 1.0572 -0.369819 0.713088 1.42233 -1.05814 1.36748 0.66507 0.712379 0.0232558 -0.899652 1.62016 -0.469381 1.48741 0.370054 0.197296 0.445609 -1.42214 2.79473 -0.633955 -0.829146 -0.292524 -1.85976 -0.040633 -2.93755 0.0548462 -1.01679 -0.465334 -1.03542 -0.152168 -0.535883 0.882121 0.480772 0.139103 0.792303 -0.965301 -0.724919 -1.45891 
-0.834173 -0.566664 0.749419 -0.764353 1.01423 0.694877 0.548928 1.34216 -0.0116815 0.533126 -0.5524 -0.134494 0.909405 -0.305842 0.648679 -0.382886 -0.640685 0.172169 -0.784425 2.0328 -0.355758 -0.261374 -0.421107 -0.755816 0.221103 -1.02143 0.354527 -1.28997 -0.272112 -0.326334 -0.740861 1.26193 -2.44234 -0.454494 0.172428 0.223459 1.87 -1.06659 2.61469 
-0.902864 -0.439953 0.674313 -1.0105 0.885257 0.637901 0.974657 1.01172 0.403695 0.291272 -0.73256 -0.678549 0.598727 -0.114854 0.197433 0.0979423 -0.129039 -0.295252 -0.160211 0.352384 -1.08845 -0.656718 -0.0690644 0.0102424 -1.10722 -0.322862 0.292357 -0.374304 0.543337 0.885184 -0.0953031 0.96011 -1.48953 0.085589 -0.686113 0.275268 0.82475 -0.14677 0.51734 
-0.949028 -0.369231 0.847361 -0.893391 0.718974 0.534666 0.901312 0.253714 -0.6684 0.464061 -0.542158 -1.24172 0.586543 -0.013485 0.274375 0.160451 0.244499 0.0768655 0.175684 0.543269 -0.270169 -0.947487 -0.145839 0.0689336 0.0743327 -0.504092 0.184408 -0.0372993 -0.24029 -0.19135 0.032472 0.131908 -0.541072 1.48058 0.395537 0.226184 -0.588401 2.17605 -0.0448324 
-0.916349 -0.165578 0.834764 -0.766005 0.962122 0.813586 1.51793 0.741554 -0.543792 0.145433 -0.663627 -0.604217 0.0946348 0.0695537 0.160134 -0.142348 -0.320389 -0.26278 -0.0283036 -0.188688 0.392136 -0.261181 0.157119 -0.578159 1.06882 -0.367694 0.0789055 -0.208794 -0.239151 -0.353967 -0.133715 -0.299014 -0.716249 0.53106 2.01606 0.631571 -0.330737 -0.395191 1.14307 