-0.846968 -0.673094 0.50391 -0.51311 -0.464518 0.615987 1.48539 1.22678 1.37013 0.835145 0.840054 0.475452 0.22643 0.0728631 0.205988 0.181192 -0.345772 0.330611 0.286829 -0.872112 -0.551648 -1.0611 -1.82914 -1.374 -1.03395 -1.37931 -0.167344 -0.087348 0.34512 0.661752 1.44292 0.273145 -1.00888 -1.06357 -1.02957 -2.55803 -0.890961 -0.684451 0.879714 
-0.838612 -0.640137 0.594334 -0.880466 0.675746 1.07293 0.711406 0.831908 0.707468 -0.681573 0.418143 0.437529 0.282038 -0.0802652 0.00181542 0.154572 0.0097463 0.696638 0.203279 -0.720872 -0.790714 -0.590382 -1.85815 -1.04278 -0.747869 0.377409 -0.173085 -0.464784 -0.394565 0.726584 -0.00788822 -0.470481 1.12897 0.195153 0.794354 1.98802 1.07812 0.00535752 0.371462 
-0.927233 -0.671278 0.658482 -0.503364 0.23212 0.819267 0.764518 0.436069 0.779752 -1.023 -0.202729 -0.272417 0.603839 -0.100221 -0.258797 -0.213373 0.380812 0.322723 -0.183652 0.256861 -0.356495 -0.266743 0.15888 -0.295882 -1.02859 -1.00784 0.107639 0.135782 -0.17244 -0.0435268 -0.0307865 -0.491852 0.782541 1.18094 0.234949 1.90013 0.755317 0.422354 -1.58689 
-0.938833 -0.898934 0.380961 -0.499654 0.998469 0.889281 0.968268 0.475413 0.440725 -0.522693 0.122261 -0.591065 -0.725806 0.0273735 0.137597 -0.0178676 -0.0337805 0.665852 -0.288573 0.0616684 0.390223 -0.355433 0.0419788 -0.287466 -0.325515 -1.20948 0.101651 0.410141 0.376997 -0.573664 -1.31264 0.393255 -0.10327 0.577783 0.809444 -1.04077 0.0642296 1.42632 0.434916 
-0.89986 -0.533681 0.640614 -0.537145 0.897972 0.530694 0.826186 0.826291 0.424319 -0.981024 -0.490195 -0.597931 -0.605645 0.00142931 0.151345 0.163625 -0.192853 -0.989921 0.209603 0.153592 0.221288 0.542701 -0.881892 -0.231653 0.397724 -0.572928 -0.0829282 -0.42679 -0.0125145 0.208717 -1.98463 -0.292549 -0.84376 -0.321345 1.93444 1.22021 2.05349 2.74506 3.13525 
-0.937404 -0.747589 0.544586 -0.692507 0.008548 1.09888 1.12186 0.696701 0.983426 -1.40459 -0.109392 -0.193341 -1.29873 -0.0555547 -0.289192 -0.0303821 0.174936 -1.31878 -0.581122 -0.782091 0.0688773 1.57901 1.26219 1.76602 2.41955 1.92577 -0.0651174 -0.310711 -0.135387 -0.0734335 0.283434 -1.39401 -0.513607 -0.449549 -0.759801 2.03641 0.786227 0.536076 1.98113 
-0.955414 -0.822873 0.610232 -0.362208 -0.420809 -0.0504278 0.0440948 0.895169 2.00332 0.281162 1.27582 1.82162 1.32012 -0.0636881 -0.159367 0.0282375 -0.266286 -0.706487 -1.18441 -0.360015 -0.228261 -0.2171 1.15452 0.554574 0.9338 1.4082 0.0516631 0.36735 0.308894 0.483654 1.31293 1.14654 1.53978 -0.328111 -3.5151 -1.00489 -1.839 -3.22495 -2.54736 
-1.00109 -0.906956 0.572823 -0.958793 -0.697939 -0.0855242 0.761845 0.46844 0.766327 -0.250063 0.445182 0.740459 0.109465 -0.00389154 0.0781573 0.278512 0.658591 -0.00585542 0.565421 0.757689 -0.259234 -1.93609 0.257301 -0.0729837 -0.805402 -0.621588 0.15482 0.548364 -0.0809763 0.566991 1.96459 2.00484 0.0384574 0.713033 0.156817 -0.966764 -0.894644 -1.93148 -1.49256 
-0.959306 -0.744716 0.888744 0.296382 -0.426665 0.514993 0.801783 0.635935 0.067231 0.538462 1.20284 1.01622 0.698535 0.0911322 0.388998 -0.0527388 0.300705 1.25811 0.820432 -0.321557 0.484772 -0.0602827 0.187759 -0.34007 -0.997685 -0.0843653 0.112948 0.0518976 -0.492576 -1.43761 0.400589 -0.389599 -1.31782 0.0892929 2.53114 -1.36374 -0.470699 0.885119 -0.130861 
-0.90996 -0.517958 0.520085 -0.658088 0.560167 0.734908 0.440287 0.953213 0.706044 -0.0623038 0.105112 -0.257226 0.0250997 0.109057 0.130055 -0.214064 -0.779014 0.394733 0.175822 -0.560127 -0.169941 0.595046 -1.10644 -0.543683 0.0797164 -0.752449 0.085033 -0.594268 0.126726 0.209278 -1.48738 -0.436979 -1.01239 -0.686417 -0.286768 -1.22035 0.283469 1.69501 0.677181 
-0.850249 -0.614661 0.674679 -0.482632 -0.0319314 0.690815 0.241656 0.465993 0.662277 -0.567974 0.659158 1.09593 -0.0539136 0.176165 -0.20527 0.0739872 0.509983 -0.229271 0.383453 -1.33394 -0.201645 -0.34705 -1.03259 -0.056601 0.697329 0.592816 0.136971 -0.625943 0.142618 0.788083 0.325023 -0.257561 -1.33092 0.260502 -1.29987 1.05292 0.49053 -2.42216 0.48546 
-0.733794 -0.723229 0.594072 -0.148105 0.330896 1.11836 -0.893657 0.751568 0.358994 -1.0949 0.0485108 0.440103 0.617916 0.246028 -0.495888 -0.0714467 0.00906863 0.719756 -0.0817392 -1.89105 0.0905609 -0.704824 -0.053519 -0.0531522 -2.34245 -0.266988 -0.0230408 -0.351213 0.308176 -0.948332 -0.428837 -0.535699 1.10768 0.751052 0.103709 2.06395 -0.214194 -1.78489 0.428079 
-0.604221 -1.11055 0.603233 -0.473563 0.687825 0.609076 -1.64939 0.556554 -0.0425473 -0.621493 0.606006 -1.24652 -0.320902 0.153124 -0.556483 0.382163 -0.438349 -0.658108 -0.152247 -0.226266 0.549407 -0.243341 1.03135 -0.270795 -1.08757 1.02089 -0.254863 -0.0585608 0.0694993 -1.6694 -2.63336 0.590366 2.54101 0.570491 1.0955 2.51413 0.383038 4.83978 1.94081 
-0.58067 -1.27971 0.976235 -0.586454 -0.327212 0.966114 -1.11992 1.30098 0.115652 -0.0635428 -0.222284 -0.647462 1.63881 -0.00883513 -0.554449 -0.00194733 -1.66033 -1.9136 0.508627 0.649962 0.661052 0.390678 2.46061 0.329886 2.49733 1.67382 -0.114804 0.442239 -0.349505 0.214504 0.8626 0.388184 1.15927 -0.512774 -0.180173 -0.730297 -0.97289 2.06508 -2.4646 
-0.613056 -1.665 0.601285 -2.13389 -1.22577 1.1177 -0.999428 1.21761 0.348131 1.83912 0.935892 1.25082 1.35292 0.0383204 -0.114245 0.0326579 -0.223846 0.204492 0.235938 0.933002 0.0366332 -0.423514 0.301057 -1.24368 0.977513 -1.4437 0.0500494 0.772109 0.598553 2.5124 3.57765 -0.647898 0.2457 -0.781983 -0.772376 -4.3992 -2.39676 -3.1889 -3.20484 
-0.54235 -1.39396 1.00889 -0.8103 -0.12272 1.20205 -0.18692 1.33761 -0.307862 0.237514 -1.46597 0.330052 0.195106 0.0412143 0.21766 0.596606 0.852074 1.66405 -0.139271 0.895662 -0.120931 -0.381698 -1.93859 -2.06687 -0.691568 -1.53102 -0.134175 0.0616791 0.169291 -0.664289 0.588281 -0.605942 -1.18767 -0.304315 0.651432 -0.673221 3.00775 -1.43168 0.358757 
-0.571842 -1.44734 1.19789 -1.28182 0.438271 0.978432 -0.103765 1.09668 -0.0335671 -0.0994665 -1.13098 0.55925 -0.178097 -0.0958542 -0.0525657 0.201949 -0.888134 0.792773 -0.370004 -0.254672 -0.267682 0.227918 -0.372164 1.76406 -0.454165 -1.08495 -0.119472 -0.184431 -0.716253 -1.11675 -0.73433 -0.311139 -0.788274 0.208034 0.941847 2.16651 3.19548 -0.392422 1.37527 
-0.638204 -1.44652 1.21084 -1.69843 0.670053 0.832047 -0.441592 1.06993 -0.079944 -0.13465 0.298095 -0.124113 -0.889841 -0.0782572 0.0332292 -0.119648 -0.264675 0.929716 -0.45041 0.107389 0.0871028 0.560149 0.227919 1.12861 -1.08399 -0.155745 0.0699041 0.238905 -0.282955 1.55281 -0.233485 0.302932 0.785225 0.343753 0.457266 0.152012 -2.8764 0.76468 2.12815 
-0.650099 -1.41411 1.07824 -1.54649 1.36799 0.528021 0.00362322 1.18378 0.526582 0.128452 -0.00237093 -0.52474 -0.333842 -0.0259501 0.18634 -0.081006 0.664673 0.559288 -0.0670723 0.530554 0.0760706 0.685183 -0.220152 -1.11234 0.310515 1.0432 0.0348644 0.0442867 0.183119 0.974937 -1.61179 0.340549 0.122809 -0.408543 -0.826697 -1.27097 -1.6681 3.49316 2.27994 
-0.664154 -1.26018 1.12984 -1.03376 1.22934 0.764975 0.0889618 1.146 0.605239 -0.354802 -0.814244 0.186402 0.153362 -0.0433929 0.0775159 0.0634712 0.710263 -0.682076 -0.109861 0.230198 -0.32144 -0.266548 -1.04305 -0.539496 2.40917 2.1242 -0.0358655 -0.152587 -0.264168 -0.868168 -1.80512 -0.156625 -0.818257 -0.625434 -1.84325 -0.971876 1.3149 -0.819006 -0.839511 
-0.693492 -1.33659 1.14172 -0.836232 0.685912 0.41816 0.233821 0.862338 0.260034 -0.914603 -0.541867 1.88443 1.79036 -0.0618156 0.0337531 -0.345174 -0.203495 -1.24584 -0.223697 -0.287703 -0.549363 -1.15807 -1.19203 0.202561 -0.508491 0.203693 0.846915 1.72366 -0.507015 1.05195 0.39774 -0.49071 -3.06477 -1.20609 0.200767 1.65034 2.00264 -5.02842 -3.27583 
-0.725969 -1.22643 0.784661 -1.23726 -0.0164937 0.541278 -0.198742 0.596633 -0.552826 -1.54683 -0.611683 -0.322089 0.357055 0.803522 1.80117 -0.443544 1.76221 -0.284336 -0.600571 -2.83458 -1.52753 -0.0657806 0.607286 1.46315 -2.61925 -1.15163 1.69939 2.10118 -0.899211 2.39385 1.16527 -1.51889 -1.78976 -1.11324 0.845361 2.00022 0.856592 -0.812143 0.457037 
0.11003 0.46458 0.698171 0.925977 0.401576 -0.182411 -2.60076 -0.665194 0.194254 -0.307317 0.921281 -0.734822 0.638724 1.63757 2.13493 -1.24439 2.19036 -0.0805665 -1.74258 -2.07746 -1.66261 -0.312705 0.808195 1.05915 -1.32063 0.660729 0.299585 -1.70529 -1.50759 -1.73792 -0.278592 -1.4815 2.81366 0.498458 -1.23617 -1.9977 -3.15725 1.14218 -0.128688 
0.911602 0.9085 -0.459724 0.953103 -0.0970602 -1.20131 -2.2762 -1.06597 -0.865531 -0.738635 0.44747 -1.64272 1.01778 1.10311 0.095883 -1.95114 0.0242865 -0.562928 -2.08207 -0.0209196 -1.02907 -1.30195 -1.39041 -1.6941 -1.47707 -1.28032 -1.15431 -2.5679 0.62586 -1.9917 0.624378 1.33067 3.02817 1.71255 1.58019 -1.1542 -2.873 0.932595 -1.8585 
1.21314 0.560463 -1.25296 0.950264 -0.161352 -2.26448 -2.62168 -1.69427 -1.1077 -1.69773 -0.772815 -2.21189 -0.641595 0.483258 -0.432972 -0.618526 0.198663 0.543812 -0.41191 0.95071 0.0499408 1.26749 -0.346004 -1.81385 -0.388039 -1.19777 -0.881351 0.199079 1.47078 1.69213 -0.0454189 3.01738 1.80238 1.74573 3.24819 2.2737 1.03573 2.6148 1.33109 
1.39486 0.475528 -1.07825 1.15177 0.446752 -1.61322 -1.32549 -1.01603 0.401955 -1.08464 -1.36638 -2.03076 -0.179988 0.221756 0.294962 -0.480357 1.71642 -0.608347 0.93531 1.78146 0.716657 1.94624 0.883292 -0.658371 1.13773 0.0507747 -0.372018 0.453057 -0.0420035 1.33353 -1.6829 0.499597 -0.70449 0.125552 -2.35095 1.77719 0.300109 3.65509 -0.844989 
1.43489 0.855425 -1.73332 2.66668 -0.769699 -1.32917 -0.840216 -0.97761 0.838548 -0.814437 -1.43119 -1.07416 -0.590821 0.11124 0.0200847 -0.660529 1.53219 -1.13909 0.0876873 0.246219 0.175493 -1.08346 1.43119 -1.51374 3.26705 -2.04276 -0.0934435 -0.916773 0.733942 -2.26663 1.81299 -1.39493 -1.95645 -0.836074 -3.65718 -0.455563 0.613906 0.420627 -0.716634 
1.5061 0.495613 -1.73878 2.68396 -0.692338 -1.52553 -1.07927 -0.840539 -0.681507 0.34655 -2.88012 1.23629 -2.22275 0.128313 -0.621811 0.253585 -0.550211 1.20465 -0.459615 -0.174993 -0.119417 -1.71094 0.42773 -0.0444642 1.55836 -0.66586 -0.0460546 -0.298999 0.739153 -3.33448 1.69895 -0.701475 -0.460452 -0.456271 1.2302 -3.50234 2.09244 -5.07 3.46608 
1.56321 0.233614 -1.47974 2.11647 0.434946 -1.78878 -1.01521 -1.09703 -0.872388 -0.386707 -1.47565 0.484195 -1.25668 0.0651854 -0.278914 0.0786236 -1.80229 0.559865 -0.613787 -0.214233 -0.280778 0.146735 -2.07116 0.578699 -1.80295 1.42332 -0.147416 0.772624 -0.452757 -0.323416 -1.59883 0.219739 0.096204 0.0221931 1.71042 -1.04612 -0.378633 -2.03874 0.711056 
1.57129 0.216698 -1.66016 0.88167 -0.132473 -2.13932 -1.29351 -1.12132 -0.534772 -1.72461 -2.30142 -0.566664 -0.799429 -0.0191034 0.150813 -0.199172 -0.873627 -0.394186 -0.239876 -0.0787889 -0.0972236 -0.000511208 -0.618386 -0.423098 -0.480384 0.045196 -0.114357 0.702418 -0.159727 3.12994 -0.176379 1.08525 0.757079 0.480176 -0.341138 4.33238 -0.428004 3.44815 -2.20302 
1.5441 0.384427 -1.67891 1.24284 0.0407609 -2.02866 -1.094 -1.19425 -0.872899 -1.00509 -1.89875 0.00381048 -1.21148 -0.0491713 0.423504 -0.0811035 1.32765 0.383485 0.471463 0.542846 0.199397 -0.194403 2.26123 0.150695 1.6452 -0.779702 0.0300173 0.0465851 0.22466 1.75686 0.732556 0.694358 0.579578 0.509192 0.375083 2.81945 0.213147 1.77586 -0.590973 
1.52211 0.640203 -1.74126 2.20932 0.251012 -1.66785 -0.750659 -0.92192 -0.729175 0.53662 -2.15072 1.07854 -1.57913 0.0109139 0.197398 0.0254878 0.883229 0.33837 0.454482 0.500789 0.411968 0.374571 2.20106 -0.20995 1.29548 -0.545777 0.0584078 -0.628797 0.216868 -2.24958 -0.469236 -0.584236 -0.687942 -0.275709 0.190796 -2.22156 -0.693526 -2.03802 0.315655 
1.55502 0.581825 -1.65342 2.12607 0.379131 -1.57418 -0.593208 -0.782282 -0.498327 1.19597 -2.1087 1.29929 -1.75726 0.00923652 -0.205293 0.135764 -0.92193 -0.0857509 -0.112773 -0.145096 -0.0763113 -0.00360703 0.03967 -0.542831 -0.392813 -0.464047 -0.0656606 -0.188967 0.15096 -1.189 -0.305519 -0.253127 -0.651892 -0.719773 0.211673 -2.77627 1.04838 -2.98562 0.893423 
1.53135 0.43491 -1.6055 1.28739 0.165261 -1.78063 -0.895755 -0.998231 -0.732782 0.57629 -2.69355 0.685728 -2.04318 -0.0547467 0.00843106 0.176448 -0.30577 0.0328517 0.201354 -0.151103 -0.307805 0.586245 -0.575211 0.838432 -1.69014 0.347646 -0.0985289 0.432279 0.023239 1.18017 0.44634 0.727381 0.354123 -0.342667 -0.170961 0.800755 2.56004 -0.548102 0.655431 
1.50027 0.590256 -1.47697 1.8203 0.411983 -1.37282 -0.744311 -1.09009 0.0879171 0.620758 -1.27027 -0.39085 -1.40962 -0.0892924 0.226987 0.159003 0.258236 0.360589 0.614608 0.209027 -0.418978 -0.174568 0.840425 2.01721 -0.940915 0.191383 -0.0609619 0.0957941 -0.162151 -1.01099 -0.592738 -0.068966 0.311874 -0.758433 -2.75399 1.30746 0.148107 1.19204 -1.07764 
1.44206 0.661896 -1.44649 1.54563 0.525851 -1.16602 -0.686729 -1.41721 -0.90735 1.41671 -0.676347 -0.255187 -1.8518 -0.115709 0.104225 0.0142975 -1.31676 -0.559886 0.132388 0.160772 -1.06624 -2.16775 0.732254 0.986539 -0.498104 -0.729997 -0.0378684 0.315676 -0.0366181 -1.07343 -1.78012 -0.669653 1.02956 0.170125 -0.93351 0.117911 -1.01846 1.22532 0.0880714 
1.38456 0.694481 -1.46267 0.503542 -0.147903 -1.24043 -0.58354 -2.15632 -2.07983 1.35301 -0.283727 -0.888955 -2.13961 -0.127161 0.542662 0.122385 -0.815195 -1.41953 -0.055045 1.23858 -0.248853 -1.10808 0.958336 0.998747 0.284405 0.279454 0.0078231 0.321477 0.714537 0.539318 -0.699436 -0.287665 1.06598 1.9145 2.48101 -1.66863 -0.119493 1.53738 2.52315 
1.3149 1.20456 -1.32411 0.730433 -0.893677 -1.22106 0.551856 -1.66606 -2.01543 2.37505 0.322399 0.0292182 -1.57234 -0.107886 0.425702 0.728835 -0.77744 -1.25932 -0.155277 1.22675 0.848264 0.313268 -0.936381 0.867046 1.03928 1.79315 -0.0293319 -0.497829 0.603459 -0.434741 -0.236222 0.005902 -0.823707 0.802392 0.799804 -4.66703 -0.390314 0.748671 1.06725 
1.27668 1.12018 -0.73384 -0.273898 -1.40723 -1.39571 0.643208 -1.30806 -1.76656 0.41663 0.583319 0.150325 -0.34646 -0.156493 0.0448333 0.725844 -1.24994 -1.65575 -0.049143 0.414877 0.553538 -0.308274 -3.7087 0.608433 1.03308 1.3467 -0.112118 0.106585 -0.965798 1.18698 -0.703375 0.688407 -0.820412 -0.551327 -0.117455 -0.141467 -1.38363 0.20328 -1.44508 
1.15841 1.24939 -0.598263 -0.519502 -2.54943 -1.27021 0.966733 -1.11253 -2.3237 -1.33365 0.930832 1.06229 -0.22564 -0.220003 0.532287 -0.236963 0.409544 -1.9627 0.53313 0.406336 0.296936 0.195813 -1.07785 -0.516584 1.24256 0.348073 0.0184648 0.38238 -1.20659 1.44685 1.10922 0.560945 -0.133368 -0.636384 0.729671 4.83171 -1.50314 -0.837743 -0.966066 
1.05667 1.65247 -0.970802 0.135646 -3.36992 -0.862582 1.04954 -1.01112 -1.57075 -0.661218 0.0667346 1.39289 0.00161343 -0.138028 0.427213 -0.480742 0.196916 -0.546531 0.511802 0.281509 -0.082846 0.421397 1.12302 -0.894704 0.195333 0.380636 0.292085 -0.8882 0.402799 -1.9661 2.79464 -0.380984 -0.0856542 -0.650883 -0.251725 1.84733 0.862486 -1.45212 -0.0948769 
1.02038 1.6766 -1.07901 -0.322586 -3.09596 -0.758404 1.24824 -1.19537 -1.9023 -0.21063 0.0361282 1.25763 0.154996 0.0720818 -0.355914 0.165836 -1.55656 0.831943 0.152146 0.320681 -0.353946 -0.0559115 0.769479 0.345902 -0.209557 0.253197 0.271263 -0.586332 0.487296 0.0382984 1.05329 -0.129687 -0.0495645 -0.0905744 -0.345496 -0.0989695 1.93481 -0.320663 -1.01746 
1.12876 1.29656 -0.804966 -1.42091 -2.53798 -0.710436 1.37022 -1.36507 -1.62666 0.108262 0.412637 1.18333 0.25481 0.133235 -0.159119 0.00655386 0.235215 0.506762 0.382115 0.231944 -0.17342 0.0759007 1.02405 1.0401 -0.12533 -0.636823 0.040822 0.229475 -0.427186 2.00827 0.098702 -0.196276 -0.622899 0.163309 -0.318665 0.178545 -0.363773 -0.64661 -0.783515 
1.15361 1.51749 -1.07245 -0.0873716 -2.5892 -0.376289 1.48019 -1.36879 -1.8264 0.813417 1.07623 1.1323 -0.481827 0.112904 -0.126439 -0.26135 0.451709 0.930645 -0.0441304 -0.302217 -0.190637 -0.374577 0.948025 -0.0178705 -0.856167 -0.530318 -0.0523007 0.0753978 -0.366521 -0.259407 1.01338 -0.5249 -0.508246 0.168512 0.108615 0.643792 -2.2593 -0.569597 0.75127 
1.24166 1.17012 -1.06632 -0.969204 -1.60733 -0.754566 1.06801 -1.55571 -2.00124 1.05629 0.394766 0.327162 -0.275508 0.080934 -0.0837213 -0.359967 -0.0241929 1.52014 -0.142785 -0.276302 -0.00490808 0.184516 1.66784 -1.2192 -0.694927 0.114446 -0.118826 0.290407 -0.131693 0.736693 -0.290564 0.124835 0.0352462 0.347325 0.895719 0.201818 -1.00435 -0.200212 0.223353 
1.23455 1.43376 -1.43242 -0.111565 -1.06906 -0.519074 1.20388 -1.3737 -1.64189 2.48126 -0.14297 0.43737 -0.367381 -0.00592206 0.163968 -0.393043 1.1884 0.640082 0.0807046 -0.266971 0.156688 0.521142 1.14984 -1.02222 -1.05638 -0.306965 -0.0394604 -0.124904 0.40207 0.380364 -1.31694 0.00833444 -0.468389 0.102152 0.952556 -2.76522 0.968046 -1.25931 -0.577216 
1.23574 1.33408 -1.45936 0.219198 -0.967253 -0.673861 0.801036 -1.39902 -1.48009 2.20613 -0.627458 -0.729217 -0.582473 0.0414736 -0.208625 0.0421031 0.356171 0.203202 -0.134451 -0.74469 0.0972439 1.13707 -1.09738 -0.251155 -1.95424 -0.46277 -0.0527006 -0.204493 0.496983 -1.00307 -0.788654 0.178329 -0.832896 0.0910637 0.773413 -1.72658 0.874445 0.0993522 -0.0149529 
1.27602 1.22514 -1.39032 0.244607 -0.865856 -0.653525 0.459193 -1.27646 -0.504816 1.38387 -0.394126 -1.51687 -0.830151 -0.0586227 -0.040525 0.103939 0.185328 -0.148573 0.259034 -1.09987 0.247752 1.29456 -0.576737 -0.147779 -0.957026 -0.321918 -0.209815 0.290938 0.225705 0.0518353 0.776956 0.126332 -0.0244306 0.0472172 -0.291025 2.07784 0.0737223 2.19511 0.403184 
1.17711 1.29356 -1.35542 0.404526 -1.11583 -0.414827 -0.298831 -1.15127 -0.185538 1.62939 -0.775238 -1.68624 -0.904391 -0.168342 0.0823128 0.267808 0.408007 0.980157 -0.00811896 -0.769121 0.144461 0.846046 0.980455 -0.177433 0.240874 -0.0595861 -0.130286 0.201395 0.160345 0.593757 1.66444 -0.638535 0.889498 0.00741464 -1.3415 0.408784 0.491197 0.978855 1.11609 
1.10768 1.30745 -1.12251 0.652613 0.114301 -0.661644 -0.309928 -1.13199 0.34123 2.36433 -0.571558 -1.27599 -0.889738 -0.188909 0.16087 0.264285 0.779084 1.51586 -0.379501 -0.210369 0.255167 -0.0469469 -0.167954 0.343418 0.0218289 0.794176 -0.0579535 0.162409 0.173216 -0.611479 -0.536911 -0.438574 0.438111 0.281895 -1.4448 -2.57408 0.0243346 -0.971438 1.72337 
0.988205 1.45443 -1.09114 1.18361 0.400038 -0.794328 -0.509199 -0.8961 -0.232485 1.46144 -0.43182 -1.66441 -0.110216 -0.226295 0.244721 0.441023 -0.203473 0.443247 -0.446693 -0.33101 0.426356 -0.598753 -1.59362 -0.153098 -0.730564 1.66378 -0.075353 -0.0631182 0.334733 -1.77822 -0.703167 0.126148 -0.345878 -0.171017 -0.349895 -0.498963 0.402662 -0.540796 0.605684 
0.881383 1.55217 -0.681484 0.449141 0.557548 -1.10834 -0.640938 -0.705638 -0.257524 0.770703 -0.724657 -2.00656 0.774047 -0.264262 0.0977521 0.599017 -0.99914 0.812697 -0.253353 -0.556247 0.0841493 -0.396842 -0.666917 0.74608 -0.518967 1.39986 -0.166648 -0.21914 -0.240953 -0.586432 0.298955 1.18304 0.108166 -0.231773 -0.468438 1.27662 1.1898 1.80217 -0.366774 
0.723943 1.55218 -0.492119 0.18447 1.21273 -1.04768 -1.06545 -0.811951 -0.629327 0.79452 0.31426 -2.18338 1.28964 -0.392943 0.025581 0.20007 -0.789905 0.742201 0.736351 -0.222845 0.194583 -1.06719 -0.317001 1.0367 1.0716 1.29701 -0.227001 -0.127076 0.172089 -0.140276 -0.651628 1.30648 0.380884 0.414017 0.710893 0.329149 -0.954446 3.05151 -0.293898 
0.48844 1.57775 -0.481415 -0.340765 1.29975 -0.371986 -0.863782 -0.511055 -1.32472 0.453702 0.312045 -0.934954 2.07106 -0.491263 -0.0293235 0.771106 -1.13942 0.161069 1.05313 -0.175364 0.498167 0.314052 -0.337768 -0.208366 2.53254 1.10596 -0.0784668 -0.274305 1.213 1.53409 -0.638716 -0.405602 -1.07723 -0.203191 2.37669 -1.07861 -1.83493 -1.13401 -4.1315 
0.232681 1.52286 0.278987 -0.954946 1.3738 0.00544712 -1.24081 -0.313784 -0.315275 0.456753 0.105895 0.349163 2.39561 -0.47141 -0.248724 1.41307 0.744186 0.103486 0.33075 -1.30007 -0.00860727 1.30949 -1.39561 -0.798228 -0.0624046 -2.83449 0.190621 -0.255071 0.432964 2.92973 -1.96987 -0.197263 -0.0773218 -0.802545 1.6034 -0.855689 0.46643 -4.53338 -4.81408 
0.0170303 1.32903 0.931651 0.403421 1.40323 -0.0412362 -2.16386 -0.519662 -0.0152209 -0.941906 -0.486183 -0.997359 -0.763432 -0.300642 -0.284395 1.20407 1.79031 -1.8088 0.855865 -0.252685 -0.304378 1.91745 -1.19346 0.258064 -2.00083 -3.70812 0.252648 -0.103218 -1.11335 -0.831981 -0.440687 0.767467 2.18621 0.250375 -0.924678 1.13934 1.04553 0.523248 2.90373 
-0.0679612 1.23846 1.48306 0.835365 -0.435002 0.861313 -1.4935 -0.618162 1.60218 -0.736704 0.363959 -1.65167 -1.31251 -0.218761 -0.351942 0.299714 -0.0877952 -0.337202 1.09822 0.886131 0.241767 0.384817 -0.256267 0.247298 0.460843 0.0692427 0.00595855 -0.210766 -1.06199 -1.5696 2.58411 -0.822746 1.53135 1.19009 -3.20459 0.414457 -0.546492 3.19456 4.54589 
-0.201731 0.977088 1.23136 0.315626 1.06603 1.05698 -1.27773 -0.277895 0.369596 -1.19817 -0.238885 -0.536515 -0.694189 -0.294683 -0.495161 0.142077 0.220708 0.775301 0.0331197 1.27867 0.885708 -1.28714 -0.779 -0.288428 1.19373 0.83777 -0.0703714 -0.16959 -0.054469 0.861511 0.333368 -1.3683 -0.102318 0.249596 -0.602427 0.439397 0.487601 -0.895115 0.475946 
-0.362645 0.743302 1.62513 1.05607 0.340299 0.894432 -0.214827 0.267546 0.315039 -1.5157 0.0755309 -0.45794 -0.474741 -0.289133 -0.521533 0.245245 0.773715 -0.00383383 -0.270086 0.783812 0.491363 -0.217611 0.18313 0.734899 -0.434272 0.545188 -0.00354223 -0.155646 -0.671583 -0.237266 -0.0531278 -0.0107384 -0.8149 -0.634651 1.04596 1.54563 0.587043 -0.737329 -0.082178 
-0.490864 0.455555 1.47661 1.08934 1.0622 0.786894 -0.493914 0.213468 0.151985 -1.01504 0.496014 -0.970787 -0.149001 -0.298226 -0.650807 -0.529506 -0.0165576 0.722173 0.0223813 0.463769 0.251057 -0.241179 0.766627 0.298615 0.456401 0.755592 0.0117188 -0.155831 -1.01744 -1.23643 0.336071 0.810689 0.673519 0.399049 0.753644 0.0340229 -0.14392 2.20687 0.624668 
-0.66087 0.092495 1.09563 1.03951 1.06247 0.916813 0.248943 0.518603 0.0738594 -0.749077 0.374146 -0.00153902 0.280852 -0.277414 -0.677363 -0.772191 -0.462718 0.332237 0.540603 1.45733 0.890412 0.536033 0.217153 0.590979 1.7726 1.16986 0.188152 0.0733442 0.19849 -0.69292 -0.824943 0.132897 0.0969838 -0.0966852 0.402199 -1.33583 0.16653 0.936445 0.732302 
-0.768278 -0.221808 0.704419 0.626623 1.39444 1.3275 0.963417 1.10388 0.688019 -0.79789 1.08699 0.801815 1.02086 -0.110074 -0.577463 -0.331017 -0.709478 -0.10277 0.155279 0.560753 0.154372 0.16102 -0.569202 0.465145 1.39285 1.48789 0.221541 0.382086 0.690463 -0.551156 -1.17705 -0.599651 -1.78822 -1.46167 -0.464482 0.281293 -0.417513 -0.991821 -1.0322 
-0.770944 -0.484968 0.764611 0.330037 0.959703 1.07209 0.809696 0.672975 0.234879 -1.31828 0.839292 1.39131 1.76875 -0.0558735 -0.295277 -0.0817278 -1.01387 -0.844815 -0.059048 -0.330885 -0.571254 0.0715514 0.498446 0.173466 0.780781 0.137657 -0.0799014 0.467741 0.0532144 -0.654283 -0.379996 -0.40182 0.100905 0.143479 0.823716 3.25655 0.134953 -2.17314 -2.42347 
-0.824152 -0.517085 0.622691 -0.387251 0.549621 1.26845 0.632532 0.532626 0.75957 -0.299444 1.26046 1.5826 1.15851 -0.189975 -0.109722 -0.277802 -1.36376 -0.482766 -0.246541 0.661659 0.297851 0.984736 2.68735 0.600099 -0.780291 -0.935575 0.0159971 0.277143 0.14226 1.23714 1.59696 -0.269103 0.249428 0.549758 -0.193969 -0.153883 -0.507687 -1.41622 -0.385748 
-0.960919 -0.59469 0.486809 -1.03372 0.476937 0.825551 1.47135 0.970825 1.21962 1.36907 1.43939 0.611016 0.83317 -0.0398764 -0.0181341 0.0605318 0.223264 0.752148 -0.328151 -0.0814576 -0.0214964 -0.122418 0.344563 -0.334221 -0.635443 -0.248091 0.230449 -0.141384 0.0209786 1.82451 0.790526 0.246874 -1.90828 -0.715278 -1.94702 -3.89659 -0.271255 1.72324 0.735595 
-0.864028 -0.53522 0.683223 -0.163987 1.30177 0.940298 0.551074 0.51113 0.637152 0.0451198 0.926238 0.947153 0.910422 0.0404736 -0.251106 -0.256824 0.460747 0.307761 0.000333194 -1.24662 -0.417428 -0.962282 -1.20925 0.328844 0.942952 -0.19998 -0.0459437 -0.200287 -0.347068 -1.00893 -1.47429 0.354154 0.303855 0.998154 1.96496 -0.468329 -0.219489 0.39503 -0.819339 
-0.920445 -0.845797 0.229985 -0.572977 0.784698 0.825885 0.224732 0.553398 0.257333 0.159821 1.76823 1.55397 0.63319 -0.08582 -0.218422 -0.286536 -0.78567 -0.722143 0.0260032 0.222397 0.976658 1.84254 -0.123765 -0.553709 -0.240413 -1.06743 -0.0245445 0.528325 0.591006 -0.305406 -0.818195 -0.43864 1.62679 0.548299 1.86421 0.434995 -2.22184 -2.00962 0.246129 
-0.949848 -0.753641 0.396687 -0.949657 0.579625 0.966302 0.773471 1.48779 2.47969 -0.0786457 0.372529 0.70674 -0.157008 0.0159292 0.277218 0.334182 0.155341 -0.510435 -0.438307 0.380167 0.130871 0.901924 -0.774251 -1.893 -1.06667 0.0461485 0.112853 0.283208 0.549309 1.53464 0.0253271 -0.663042 -0.869333 -1.62553 -3.20283 0.116485 0.076876 -0.588369 1.36971 
-0.904516 -0.568578 0.564168 -0.417636 0.274263 0.387578 0.604898 0.684269 1.15926 -0.61443 -0.124763 0.487301 0.679339 0.0270326 0.0647864 0.262773 0.748968 -0.696816 -0.637039 -0.646936 -0.64887 -1.36029 -0.00728073 -0.476833 -0.828782 0.302281 -0.0349268 -0.551813 -0.484835 -0.431494 0.179996 0.0623791 -1.34893 -0.166273 -1.27756 1.11613 2.43738 0.981502 -0.222523 
-0.922816 -0.688855 0.65946 -0.200689 -0.117191 0.329262 0.126536 0.838917 1.1194 -0.0859265 -0.104304 -0.122043 0.145273 -0.0189976 -0.274594 -0.150653 -0.276154 -0.330439 -0.375928 -0.968763 -0.0354018 -0.375637 0.34188 0.544386 -0.0851659 -0.176375 -0.0211751 -0.0736733 -0.355748 -1.08943 0.978219 0.615463 1.32634 0.813284 0.968246 -0.0728271 0.874195 1.60838 0.675571 
-0.923514 -0.843173 0.413515 -0.69379 -0.0561759 0.0116502 -0.363865 0.648867 0.783619 -0.27255 0.419623 0.402135 0.502964 0.00585747 -0.00888686 -0.0929753 -0.340466 0.281403 -0.0215767 0.679401 0.164414 -0.392044 -0.0801078 0.397362 0.779602 0.977852 -0.0199727 0.347232 0.30488 0.541994 0.304432 0.927192 2.07775 0.213413 0.0962457 -1.3687 -1.12797 -0.150776 0.320463 
-0.916958 -0.697742 0.566485 -0.541155 0.164212 0.307686 0.805937 1.00333 0.727356 -0.166034 0.293058 0.657559 1.12312 -0.0389703 0.0726374 0.154227 0.26584 -0.0260068 0.551265 1.10899 0.178011 -0.279392 -1.02682 -0.583585 -0.235942 0.144089 -0.00823745 -0.189782 0.0355464 0.125437 -0.814112 0.0377299 -0.642446 -0.492103 -0.217292 -0.643547 -1.3481 -1.70376 -1.5842 
-0.962484 -0.770535 0.567742 -0.42795 -0.0821827 0.562915 0.745125 0.826879 0.504228 -1.29937 -0.163962 0.166193 0.647053 -0.00237998 -0.198669 -0.0574289 -0.215029 -0.53271 0.0161532 0.0369548 -0.32769 -0.609336 -0.723654 -0.950741 -0.92416 -0.606349 0.047701 -0.206789 -0.57086 -1.01234 -0.0842732 -0.396059 -0.830735 -0.49181 -0.121814 2.07926 1.42213 -1.05122 -0.735636 
-0.919338 -0.896411 0.509056 -0.756184 -0.368498 0.323839 0.842892 0.675641 0.11802 -0.889689 -0.657684 -0.266601 0.516775 0.00873066 -0.134152 -0.416633 -0.746499 -0.11028 0.155206 0.278254 -0.313799 -0.401205 1.05244 0.838547 -1.28716 -0.591548 -0.0757804 0.363245 0.111406 1.41008 1.71391 0.2772 -0.545536 0.30369 1.67694 1.80724 2.19141 0.7042 -0.0231009 
-0.953753 -0.904687 0.15111 -1.17445 -0.192463 0.718121 1.02338 0.513079 0.103022 -0.246929 0.674585 -1.12097 0.0555053 -0.0781604 0.164576 0.0539771 1.19505 1.1812 0.293353 -0.508581 -0.0239999 1.0676 1.08359 1.24066 -0.21996 -0.62945 0.0487006 0.29988 0.813007 1.62307 0.896076 -0.326221 -1.08594 0.343748 0.48588 -1.13731 -0.686951 2.44949 0.411217 
-0.997499 -0.731834 0.563033 0.438868 0.812701 0.617192 0.33431 0.651641 1.18562 0.193898 0.58298 -0.486561 -0.112675 0.0574313 0.165728 0.396375 0.876573 0.785796 -0.171015 -0.807685 0.0299488 0.0846744 -0.084872 0.151596 1.16232 -0.180331 0.0945198 -0.294012 -0.0885498 -1.95615 -1.4706 -0.0674809 1.11825 0.24862 -1.73042 -0.429028 -1.15573 0.912321 1.78379 
-0.896322 -0.738959 0.547484 -0.297876 0.593333 0.547106 0.215694 0.543028 0.187697 -0.331801 0.826181 0.0413538 -0.124826 0.0163594 -0.129435 -0.0345726 -0.761097 -0.2894 0.225872 0.609671 0.22462 -0.662818 0.654558 0.0849378 0.692361 1.15434 -0.0780061 -0.453019 -0.314093 -1.05648 -1.59085 0.734662 1.01244 0.437402 0.930504 0.862484 0.247697 -1.32459 1.35767 
-0.981139 -0.861269 0.52846 -0.322229 0.523301 0.843064 0.943981 0.876262 0.522807 0.848456 0.667918 0.205801 1.04167 -0.0205748 -0.287291 0.0822811 -0.179907 -0.805052 0.563647 0.204753 0.467351 1.01518 0.777612 0.399293 -0.162271 1.17733 0.0778756 0.107931 0.108427 0.159262 -0.957646 -0.284721 -1.50606 -0.342947 -0.142119 -2.33757 0.731236 -0.67661 -2.96463 
-0.916897 -1.02625 0.629765 -0.477783 -0.211719 1.11075 0.420447 1.01038 1.20287 0.445811 1.22547 -0.120917 1.05251 0.0942349 -0.0215043 0.0738543 -0.601835 -1.24705 -0.0588496 -0.896389 -0.118327 -0.804937 -1.68301 0.816174 0.0157517 -1.81029 -0.00782355 0.386585 -0.123542 -0.430554 0.232867 -0.835158 0.402644 -0.101595 -1.50889 -0.565624 -0.121608 -0.547988 -1.72597 