-1.03447 -0.730975 0.931639 0.26933 0.737685 -0.405287 -0.629443 0.778368 0.466499 0.368615 0.861489 0.942881 0.273414 0.0201772 0.3607 -0.00589234 0.273843 0.0681002 -0.114799 -0.53078 -1.06152 -0.279696 -0.137169 2.84912 2.53505 0.679789 -0.0732014 -0.0358025 -0.409923 -0.0300006 0.447291 1.50937 1.08075 0.336302 0.235019 0.444993 -1.86906 -0.518702 -0.471231 
-1.09808 -0.895306 0.904383 0.564059 1.12014 0.354274 -0.833951 0.39833 0.121765 0.411992 1.86086 1.84889 1.19024 0.0371529 0.109468 -0.19059 0.255429 0.215276 0.674408 0.687238 -0.32267 -0.849929 -0.609203 -1.10922 -0.359352 0.464871 0.0746803 -0.496519 -0.41127 -1.06571 -0.348817 0.00459964 1.30046 1.16304 0.554866 -0.481768 -4.41127 -3.6833 -2.37015 
-0.997318 -0.621506 0.741049 0.524759 0.952961 0.269121 0.0577951 0.455698 -0.38343 -0.240588 -0.247734 0.583529 0.738285 0.0948575 -0.135818 -0.417163 -0.791871 -0.280717 -0.1102 0.769681 0.101516 0.27517 -0.618938 -1.56215 -1.14825 -1.69036 -0.00788645 -0.677243 -0.047589 -0.91569 -0.42015 -0.943593 -1.36444 0.137544 1.34556 1.25105 2.02409 0.772718 0.0581508 
-1.00322 -1.03112 0.487221 -0.227812 0.839419 0.244075 -0.0642702 0.499846 0.396935 -0.206946 0.298719 0.700635 -0.500126 0.0292664 -0.567774 -0.238179 -0.66026 -0.204874 -0.269185 -0.677206 -0.185126 0.495626 0.64185 0.914864 0.413366 0.523022 -0.118409 -0.147797 0.459526 0.628106 0.145995 -0.255545 -1.20609 0.0445615 0.440553 1.02707 0.788289 1.18524 1.68342 
-0.968051 -1.18928 0.50287 -0.135502 0.748086 -6.35185e-005 -0.619411 0.270572 0.112196 0.401262 0.66713 0.996894 1.26131 -0.0235512 -0.283616 0.0423634 -0.163765 -0.134722 -0.365745 -0.436414 0.146077 0.715724 0.40813 -0.773857 0.0369929 -0.00693811 0.0358895 0.641369 0.543079 0.569054 0.418279 0.828127 1.23793 1.27306 0.110619 -0.247155 -1.67922 0.356421 -2.34812 
-1.02677 -1.31474 0.529584 -0.391577 0.704697 -0.12167 -0.500684 0.645923 1.11266 0.201184 -0.475139 0.737628 -0.507064 0.0651559 0.0735952 0.3049 -0.0912067 0.213405 0.558942 0.560725 1.08794 0.606245 0.394695 -0.764355 0.769786 -1.8251 0.182312 0.659719 0.27344 -0.0274517 0.356049 0.610426 -0.0302725 0.110431 -1.99115 0.0239168 1.6653 0.0588935 -1.47536 
-0.902895 -1.11569 0.80777 -0.226708 0.961491 0.558878 -0.0586856 1.35851 0.718442 0.795957 -0.0972248 1.76668 -0.563792 0.158761 0.376103 0.315803 -0.191217 0.221327 0.244682 -0.466686 0.256508 -1.27542 0.432047 0.891439 0.0958864 -1.4823 -0.143433 -0.270606 -0.669735 -0.442382 -0.390129 -1.24225 -0.855667 -1.72961 -0.766094 0.298131 2.21966 -1.01775 1.60112 
-0.86801 -0.938637 0.845387 -0.582794 0.926024 0.123011 -0.96737 0.902431 -0.162763 0.633231 0.416301 0.833514 -1.98937 -0.0782771 -0.197011 -0.364835 -0.533588 -0.176724 -0.683311 -0.294942 -0.641673 -0.159849 0.692825 1.4553 -0.247966 -0.223978 -0.226636 -0.703684 -0.46495 0.622056 -0.380859 0.0166895 1.17284 -0.318097 2.10197 -0.172553 -1.50253 0.11344 2.54637 
-0.981172 -1.3127 0.442935 -0.760297 0.784767 -0.124432 -0.353627 0.716834 0.558593 1.48878 1.35808 1.51871 -0.78777 -0.0678754 -0.327581 -0.149147 0.430839 -0.159533 0.261371 0.706157 -0.0615891 0.82655 0.259494 -0.611095 0.209327 1.06407 0.145672 0.24411 0.648733 1.27532 0.268548 1.70986 0.54344 0.735307 0.393436 -1.70811 -3.10271 -0.441847 1.9129 
-0.935885 -1.26622 0.69624 -0.151955 0.766491 0.384383 -0.261213 0.840842 0.663787 0.892725 -0.194794 1.04284 -0.925296 0.0673953 0.0470996 0.283898 0.741727 0.0918242 1.02655 0.248499 0.0936341 0.233588 -1.01528 -1.6474 -0.689813 1.68892 0.093479 0.443159 0.174155 -0.701293 0.0843537 -0.653697 -1.22992 -0.218611 -1.20301 -0.128343 0.000692742 -1.11575 -0.408577 
-0.913777 -1.2656 0.726833 -0.0185696 0.876591 0.90212 -0.105129 0.810468 0.79218 0.4735 -0.289325 0.828902 0.901148 0.0256036 0.115578 0.0250081 -0.270454 -0.075179 -0.392326 -0.523767 -0.2802 -0.376458 0.131151 -0.610402 -0.906425 0.655492 -0.0266706 -0.126367 -0.474599 -0.94808 -0.291991 -2.00213 -0.515467 -0.439397 -1.47466 1.67313 3.58157 0.764394 -2.53936 
-0.910281 -1.15064 0.721248 -0.422408 0.691312 -0.0079432 -0.78498 0.560642 0.287329 1.02388 -0.805196 0.136416 -0.269804 0.0407247 -0.0792675 -0.190701 -0.206352 -0.200167 -0.975579 -0.266968 -0.345762 -1.24108 0.657844 1.93417 0.0745808 -0.850447 0.0687799 -0.230623 -0.153653 0.719768 0.29757 0.719644 1.66936 0.975166 -0.0397418 0.192771 2.31865 0.75604 0.0657002 
-0.873052 -1.34486 0.536132 -0.224922 0.676424 -0.07346 -0.372097 0.464706 -0.448897 1.13134 1.64484 0.903483 0.0507009 0.0943836 -0.115045 -0.128645 0.449314 0.222391 0.327318 1.14559 0.694966 -0.4162 0.323922 1.70825 -0.150385 0.721193 0.0835899 0.28205 0.283533 0.0811354 0.407587 1.03007 -0.0724924 0.303207 1.67826 -0.701525 -3.12508 -0.808772 0.941849 
-0.815898 -1.26569 0.592604 0.0269059 0.913702 0.319375 0.360609 1.25561 -0.128871 1.3478 0.903055 -0.0139688 0.451389 0.124315 0.202783 0.0928323 -0.125217 0.20742 0.0544886 -0.339461 -0.0425556 0.437182 -0.0436807 -1.19092 -0.734191 0.0914023 -0.0341313 -0.0621192 0.107709 -0.878262 -0.0920196 -0.454216 -1.16824 -1.19137 0.354348 -1.11488 -3.00144 0.766256 -1.61344 
-0.748738 -1.14208 0.628965 -0.350139 0.883845 -0.0189713 -0.711558 0.42215 -0.0117153 1.08766 0.453923 0.169292 0.142103 0.0602523 -0.177164 -0.0209358 -0.428948 0.130371 -0.126898 -0.0226457 -0.4964 -0.0618522 -0.790953 -1.29319 0.615871 -0.892243 -0.146723 -0.494753 -0.092788 0.0418806 0.0364786 -0.161319 0.281645 0.276573 0.192523 -0.240233 1.60402 1.79784 -0.781207 
-0.755646 -1.44285 0.571668 -0.402042 1.04407 0.192477 0.337963 0.759209 -0.190723 0.556845 -0.390137 0.601902 -0.440854 -0.0224081 -0.29197 4.42691e-005 -0.0833366 0.243899 -0.106831 -0.0578158 0.234017 0.629705 -0.283913 0.413107 1.06365 -0.689805 -0.0302824 0.211571 -0.237652 0.277264 0.00519483 -0.304292 -0.637056 0.32324 0.278694 1.35946 1.87972 -0.321534 0.863933 
-0.771146 -1.43405 0.629009 -0.433476 1.12774 -0.125802 -0.769373 0.656167 0.61799 0.80375 0.86703 1.23294 -0.547702 0.0299699 0.0344069 -0.258587 -0.151683 0.135566 -0.431189 -0.659702 -0.17316 0.216842 0.568503 0.586528 0.294336 -0.0283096 -0.00529363 0.203479 -0.179579 0.148726 -0.136103 -0.22921 0.583872 -0.566958 -1.25526 0.54803 -0.383075 -0.634444 2.10643 
-0.725676 -1.40844 0.31308 -0.553725 1.17964 -0.238712 -0.321738 0.586049 0.0261187 1.12535 0.196391 0.896238 -0.469164 -0.0277018 -0.088491 -0.179535 0.0653895 0.107795 -0.33604 0.526056 -0.332941 -0.625551 0.264116 0.0300322 0.429207 1.41662 -0.00549848 -0.0629452 0.255248 0.209057 -0.345325 0.137987 0.747228 0.204842 0.0443286 0.0735419 -0.2294 0.487641 0.408272 
-0.798848 -1.52254 0.449474 -0.368086 1.23554 -0.461842 -0.243317 0.323226 -0.00756082 1.06787 0.897062 1.66215 0.868922 0.0244714 -0.0285383 -0.00333958 0.0573739 -0.209759 -0.293203 0.0875264 0.0316825 0.26117 0.642045 0.357128 0.781978 0.379962 0.254129 -0.0140537 -0.157619 -0.395238 -0.164392 0.974429 -0.926398 0.37913 0.814004 0.314969 -0.568717 -1.17567 -2.06763 
-0.701204 -1.43698 0.309741 -0.496351 0.96988 -0.531915 -0.234212 0.617731 0.287289 1.76739 0.553519 1.67822 -0.0892013 0.226427 -0.102545 -0.337154 -0.329849 -0.0565968 0.638389 -0.400342 0.0461889 0.188454 0.579085 -0.538685 -0.746466 -0.651004 0.248664 -0.454435 -0.242074 0.13868 0.473307 0.638884 -0.015027 -0.230479 -0.476262 -1.49214 0.347811 -1.70002 0.292144 
-0.57242 -1.62509 0.11232 -0.697935 1.17894 0.176547 -0.643659 0.369415 0.180893 1.64695 0.358377 0.915683 0.217918 0.273135 -0.482973 -0.245414 0.196054 0.263548 0.345681 0.0724994 -0.198797 -0.215092 -0.850092 0.704939 -0.918043 0.672106 0.125546 -0.434401 0.0896904 0.369229 0.15563 -1.05372 1.03389 -0.510693 0.114427 -0.669237 1.14323 0.262042 1.35661 
-0.428069 -1.91995 0.0643271 -0.300298 1.23343 -0.186234 -0.161712 0.418935 0.0721972 0.917301 1.25846 0.760173 0.582905 0.351973 -0.536945 -0.247464 0.0393809 0.0990335 -0.415335 0.633552 -0.464504 0.302881 -0.0901522 0.60454 -0.484424 0.705606 0.129582 1.97296 1.4301 0.699521 -0.518253 -0.227835 -0.409537 -0.568652 -0.702399 -0.566174 -3.99288 0.0376244 -3.13176 
-0.220447 -2.16203 -0.135144 -0.658554 1.27798 -0.238788 -0.0101073 -0.0950888 0.483773 1.5568 0.962917 0.431259 0.923524 0.402717 1.48999 1.18469 0.895575 -0.254706 0.117846 -0.337038 -0.767449 -0.917491 -1.41627 -3.28794 -0.880419 -2.45966 0.296839 3.84583 1.78263 -0.279544 -2.0361 0.651374 -0.132978 -0.94737 -3.45664 -3.34593 -2.68411 1.07921 -2.6453 
-0.0253521 -0.429966 1.24901 0.595277 0.978722 -0.0683883 -0.49875 -0.348514 -0.845294 -0.498964 -2.02949 -0.120246 -1.87675 0.648812 3.30889 1.53516 -0.240163 -1.93707 0.23604 0.500573 -1.41187 -3.15376 -3.43608 -2.07957 0.594786 -1.9397 0.14677 0.473442 -1.51999 -2.08102 -1.56582 0.622387 1.90482 -0.0251402 1.72434 1.64785 5.31963 1.70229 4.86301 
0.428364 1.14686 1.40002 -0.898717 -0.659093 -0.00274871 0.490466 -1.50696 -2.66998 -1.87928 -1.11665 1.02604 -1.01617 0.549487 1.96343 -0.335303 -1.18545 -1.82052 0.740233 1.56779 -0.792589 0.806849 0.231588 2.03169 0.821866 2.40336 -0.00363918 -2.73247 -3.33609 1.64547 0.66311 0.499615 0.0460345 1.5769 4.65079 4.47357 4.0442 -2.55175 3.20089 
0.524135 1.53346 0.913712 -0.590171 -0.841803 0.671845 1.06904 -1.1411 -0.0384448 -0.267376 0.0022049 0.701621 0.526603 0.645173 0.576421 -1.80093 1.40531 -1.27396 0.735654 0.546608 0.165029 1.49703 1.0375 1.96463 -1.95696 1.2612 0.0575372 -1.99106 -1.20463 2.16947 0.815868 -0.760282 -1.71151 0.379552 -1.16279 -0.22292 -0.837745 -2.11292 -3.1759 
1.07354 1.72328 -0.40091 0.506593 -1.93305 0.732905 1.03707 -1.34193 -1.17295 -0.841781 0.847973 -0.930919 0.245027 0.607024 -0.0276324 -1.53993 0.984022 -1.00466 -0.0200495 -0.143728 -0.413037 -0.355937 0.00866781 1.19395 -1.29105 -0.77254 -0.459006 -1.39158 1.72852 -2.12611 1.5956 -0.606156 -0.329386 -0.34254 -1.53374 -1.55175 -2.10071 2.28137 -0.396023 
1.13116 1.50583 -0.626221 0.393852 -1.84646 0.651795 0.925309 -1.55414 -0.394381 -0.258708 1.19615 -0.589432 -0.245937 0.186167 -0.815155 -0.0724075 -0.720796 0.321642 0.129498 0.217222 -0.177511 -0.0367053 -0.514252 -0.136085 0.324411 0.865175 -0.446098 -0.542461 1.49585 -1.52484 1.16399 0.942138 0.646509 0.698477 -0.443434 -0.91957 -1.52319 1.90981 3.59405 
1.2597 0.908122 -0.473317 -0.214204 -1.61141 0.862404 1.2543 -1.51944 -1.20965 -1.35603 0.711888 -0.606508 1.1102 0.160925 -0.570093 -0.0440855 -0.540822 0.159334 0.922089 0.502781 0.28544 -0.799371 -0.910902 -0.329245 0.618763 2.82151 -0.154311 0.981776 -0.520914 0.807813 -0.766784 0.743436 -0.146614 0.393122 0.0192601 0.420456 -0.506941 -0.144729 -0.20333 
1.29208 0.935738 -0.670307 -0.14697 -1.68713 1.57388 1.42809 -1.2687 -1.19375 -1.16961 0.866905 0.029331 2.57557 0.0318559 0.166621 -0.593322 0.087017 -0.445142 0.872934 0.070608 0.215611 -0.0174452 -0.0937957 -0.643026 0.179682 0.661845 -0.059352 0.531081 -0.121528 0.323119 -0.148619 -1.08347 -0.149923 -0.249356 1.4743 0.332082 -0.43084 -0.876534 -3.40371 
1.29156 1.07474 -1.06664 -0.127187 -2.05655 1.73534 1.3249 -1.30383 -1.2271 -1.44983 0.0688621 -0.426826 1.77205 0.101573 -0.0390123 -0.165614 -0.217702 0.010715 -0.161385 0.352858 0.0360835 0.674928 -0.57882 -0.760085 -0.257771 -0.582198 0.0322891 -0.273856 0.645582 -0.149079 0.750237 -1.13597 -0.161378 -0.285409 0.269429 -0.134998 0.491391 -0.280635 -1.1285 
1.39366 0.896725 -0.83592 -0.364672 -1.67641 1.4125 1.78095 -1.23262 -0.518824 -1.74843 0.10682 -0.22844 1.99337 0.0641451 -0.107235 0.05226 -0.0620621 0.305095 -0.263035 -0.0907696 -0.0697979 0.251984 -0.228794 -0.151635 -0.100953 -0.46665 -0.137837 0.0969678 -0.0950312 0.916132 -0.0687663 0.375858 -1.33985 -0.02033 -0.803672 1.40015 0.399306 0.0350187 -0.631836 
1.3557 0.967507 -1.01438 -0.189249 -1.75146 1.4723 1.23413 -1.37363 -0.975116 -1.67862 -0.0827729 -0.527779 1.3054 -0.0362637 0.0579555 -0.260645 0.69843 -0.0580512 0.214472 -0.986992 0.0157535 -0.128743 0.821331 -0.360779 -0.222752 -1.21403 -0.0158911 -0.227116 0.125905 -0.0177105 -0.0253297 0.0970058 0.231294 -0.239691 0.183918 0.750641 -0.213518 0.392809 0.0700269 
1.35739 0.954681 -1.09657 0.333758 -1.73446 1.62697 0.793956 -1.21686 -0.647567 -0.927098 -0.253959 -0.451192 0.77934 0.0482539 -0.334351 0.178165 -0.0797726 0.279765 -0.166029 0.140525 -0.309489 0.435902 0.521847 -0.365153 0.291856 -0.396623 0.0550026 -0.37608 0.447707 -1.35511 0.370725 -0.555644 1.56751 -0.420129 0.144453 -0.982203 0.236661 0.508738 1.57278 
1.40396 0.633156 -0.836213 -0.269022 -1.47169 1.30627 1.37466 -1.68312 -0.539214 -1.15678 -0.447926 -0.235923 0.908773 0.0187389 -0.318125 0.187062 -0.656684 0.312674 -0.341171 0.580518 -0.404376 0.0157091 -0.160871 -0.124118 0.285986 0.358749 -0.142193 0.280362 -0.578997 -0.121903 -0.650532 0.168584 -0.896699 0.181988 -1.57878 -1.07379 -1.27278 -1.26839 -0.960457 
1.37613 0.636556 -0.909503 -0.322927 -1.42179 1.2858 1.37447 -1.62124 -0.631858 -1.08797 -0.378078 -0.165206 1.13809 -0.0939393 -0.0539891 -0.400831 -0.201675 -0.370768 0.00255517 -0.756175 -0.127501 -1.14288 -0.551943 -1.63793 -0.976537 -1.35708 -0.0486579 0.25779 -0.160373 0.573603 -0.316892 0.538362 -0.541705 0.668078 -0.420196 1.0008 -0.50311 -0.648297 -1.26645 
1.31002 0.579167 -1.23704 -0.470697 -1.84246 1.30883 0.618484 -1.81062 -1.6821 -1.70872 -2.08586 -1.21246 -0.448307 -0.029919 -0.0603345 0.0266895 -0.0830814 -0.00421822 0.197191 0.0388132 0.263703 -0.404487 0.839926 -0.627228 -0.362311 -0.907702 0.121521 0.131731 0.706566 0.50058 0.762537 0.294998 1.36422 0.989225 1.34076 2.61605 2.5605 2.11558 2.04489 
1.34621 0.576222 -0.882814 -0.406008 -1.42601 1.48299 1.41329 -1.35754 -1.03635 -0.248044 -1.00531 -0.527517 0.230387 0.0275818 0.0777415 0.305735 0.298904 0.391769 0.297554 0.608049 0.861724 0.197881 2.06411 0.922562 1.13905 0.687814 0.0246603 0.167053 -0.170845 0.14201 -0.0490117 -0.0877308 0.13499 0.136019 -0.0415929 -0.912119 0.807343 0.819484 0.5813 
1.3376 0.656908 -0.931309 -0.171792 -1.45069 1.60638 1.22653 -0.948897 -1.48422 0.355388 -1.1633 -0.0734112 0.239507 -0.00525874 0.106718 -0.144155 0.0589288 -0.0532299 0.10946 0.173803 0.399721 -0.44608 -0.0721932 0.180115 0.457173 -0.326401 0.031708 -0.359702 -0.210752 -1.22183 -0.0821257 -1.04394 0.564408 -1.45532 0.00379741 -3.14223 -0.363976 -0.96616 -1.1127 
1.34096 0.68294 -1.02697 -0.347079 -1.47924 1.59245 1.58709 -0.957815 -1.48243 -0.320237 -0.825191 -0.0703442 -0.0960139 0.0592897 -0.281961 0.0949834 -0.922921 0.309643 -0.746383 1.17246 -0.593591 0.201678 -1.07812 0.558586 0.172888 -0.424884 -0.0325436 0.0436355 -0.341377 0.066874 -0.097352 -0.0805531 -0.409147 -0.37311 0.154026 -0.211249 -0.0944168 -0.572913 0.975904 
1.39689 0.374947 -0.836326 -1.09471 -1.14105 0.86 2.39899 -1.54249 -1.28254 -0.722737 -0.604712 0.0994773 -0.185377 -0.0378023 0.150354 -0.485533 0.125803 -0.150582 0.0289066 -0.235344 0.0266117 -0.292054 -0.283442 0.0856981 -0.11574 0.649503 -0.120471 0.621923 -0.701651 1.54261 -0.541981 1.19591 -1.75157 0.917185 0.260036 0.628115 0.263871 -0.561959 1.9463 
1.30315 0.833294 -1.5125 -0.221276 -1.62982 1.62136 1.35175 -0.931204 -1.77448 -0.603679 -0.739493 -0.186085 0.553489 -0.0611812 0.339962 -0.606668 0.619687 -0.232338 0.449529 -0.579116 0.323594 0.461714 -0.45001 0.822457 -0.389071 1.52142 0.0364072 -0.212421 0.518766 -0.0940454 0.519312 -0.0581298 0.665462 -0.395714 0.560574 0.108259 1.10591 0.228396 -0.301405 
1.33571 0.714909 -1.44299 -0.475026 -1.37338 1.30953 1.81987 -1.21889 -0.820825 -1.17275 0.217745 -0.289593 1.33604 -0.00139515 -0.0620678 0.0332328 0.0317574 0.36873 -0.0292231 0.430118 -0.369102 0.26852 -0.175183 1.19161 0.112655 0.348098 -0.0141937 -0.372311 0.2657 -0.215612 0.282503 -0.301597 0.11106 -0.719819 -1.65295 -0.0975243 -0.771563 -0.825069 -2.77903 
1.30176 0.771226 -1.47927 -0.189519 -1.26109 1.59213 1.78186 -1.30031 -1.50596 -0.778862 0.452113 -0.0734291 0.901587 -0.0753749 -0.0323486 -0.340967 0.404075 0.0501649 0.147932 -0.468056 -0.396225 -1.19124 -0.547534 0.0508935 -1.21414 -1.25761 0.0268598 -0.264964 0.0753348 -0.00849607 0.115513 -0.733588 -0.387762 -0.147405 0.21998 0.0153937 -1.43559 -1.37204 -1.51045 
1.26033 0.682561 -1.78396 -0.070951 -1.32322 1.45746 1.35182 -1.61512 -2.01206 -1.72028 0.268639 -1.50373 0.0784369 0.0254647 -0.327032 0.108568 0.0232613 0.484243 -0.762811 0.042356 -0.516507 0.4885 -0.159789 -0.243985 -1.25939 -1.16236 0.190691 -0.34494 0.756723 -0.755951 0.625157 -0.884097 0.745536 0.393072 2.34759 1.73024 0.137933 0.977271 0.485094 
1.32722 0.444194 -1.3707 -0.166258 -0.776846 0.829322 1.82422 -1.81681 -1.01746 -0.938652 0.208129 -1.33282 -0.260769 0.115316 -0.377288 0.415756 -0.351876 0.675321 -0.736165 0.27748 -0.0031531 1.15635 1.18271 0.188827 -0.236869 -0.772513 -0.0334313 0.374623 -0.474129 0.141732 -0.446402 0.747612 -0.419196 0.992946 -0.995054 0.955866 0.880199 0.416228 0.87294 
1.37565 0.305272 -1.36821 -0.422827 -0.647898 0.721297 1.6293 -1.61827 -0.855712 -0.537574 0.457465 -1.7406 -0.694076 -0.00796662 0.0475914 -0.365562 0.164993 0.0378414 -0.0151991 -0.37684 0.476439 -0.506554 0.796077 0.636214 -0.843159 -0.289416 -0.21394 0.65648 -1.14919 0.858639 -0.74797 0.605123 -0.76348 0.297199 -1.49099 -0.509884 -0.433598 0.0313493 2.57351 
1.31926 0.491785 -1.73626 -0.00126481 -0.739004 0.814123 1.44738 -1.34037 -1.52401 -0.142575 0.844343 -2.17597 -0.550185 -0.0986244 0.279191 -0.733438 0.506763 -0.0726489 -0.131042 -0.486 0.294045 -0.334634 0.672822 -0.244772 -0.20552 1.80099 -0.00845844 -0.0505543 0.266052 0.0808017 0.174256 -0.873646 -0.242772 -0.228436 1.95539 -0.440321 -1.88244 0.707747 1.31705 
1.27703 0.584464 -2.10164 0.0839358 -0.720547 0.590255 1.1433 -1.32423 -1.19035 0.135248 0.212693 -1.94612 1.10692 -0.0164251 -0.00296283 -0.0995102 0.245795 0.212097 -0.888845 -0.619612 0.248003 1.44884 0.355756 -1.24622 -0.135412 1.02763 0.087314 -0.21496 1.02306 0.0144937 0.562169 -0.728593 -0.132373 0.0420783 1.78751 -0.735254 -0.474091 -0.504723 -2.73174 
1.30283 0.488823 -1.83577 0.24453 -0.526907 -0.0747217 0.827768 -1.09237 -0.0751721 0.213181 -0.40188 -2.31139 0.477445 -0.0113104 0.0642309 0.289623 0.521256 0.48952 -0.859635 -0.618373 0.336124 1.45288 -0.0624317 -0.718863 -0.710242 -0.930742 -0.153169 0.629619 -0.238944 0.383957 0.277702 0.112736 0.314869 0.0423493 -0.616426 -0.628907 0.0957108 0.208946 -1.31886 
1.26572 0.648694 -1.81202 0.605192 -0.231027 -0.26938 0.524924 -0.988102 0.262532 0.0728166 -0.506169 -2.65636 0.176175 -0.169594 0.626656 -0.338455 0.629752 0.4898 -0.776109 -0.304743 0.290352 0.832415 -0.273151 -1.15051 0.0735344 -0.29123 -0.229757 0.510589 -0.629963 0.58883 -0.413736 -0.00807146 -0.394889 0.457391 -0.320614 -0.973382 -1.50974 1.05646 0.163602 
1.13324 1.11548 -2.17423 0.874282 -0.0371075 -0.85083 0.523024 -0.802019 0.757242 -0.0599702 -1.55239 -2.23785 0.186214 -0.241067 0.57482 -0.34034 1.11009 0.0757843 -0.867706 -1.01326 0.793515 1.13226 -1.03581 -2.22861 0.346219 -0.76714 -0.0425816 -0.69459 0.727381 0.356843 -0.319033 -0.384568 -0.225936 0.502542 0.0434945 -0.0516416 0.217102 0.9053 -1.6913 
1.02465 1.22351 -2.15236 1.71528 -0.155243 -1.13709 -0.488337 -0.194587 1.3948 -0.962997 -2.73478 -2.31015 -0.590965 -0.212176 -0.067934 0.388926 0.986595 0.170767 -1.16068 -0.53068 0.792894 0.875909 -0.324793 -0.93341 0.978835 -1.98253 0.11479 -0.827158 1.09764 -1.18524 0.174491 -0.412872 0.712421 -0.122324 -0.566323 1.74028 3.14077 0.715853 -0.947703 
0.92106 1.04754 -1.7853 1.86088 0.13366 -2.01151 -0.00765568 -0.00912573 1.63315 -0.384763 -2.4858 -1.25902 -1.79631 -0.126277 -0.252337 0.757299 -0.0751547 0.250275 -1.28058 -0.300841 0.67119 0.565941 0.704469 0.912161 1.06207 -1.71484 0.112718 0.106672 0.131363 -1.35707 -0.448713 0.961906 -0.21419 -0.544376 -1.03113 0.876095 1.0639 -0.830193 1.29484 
0.898371 0.971178 -1.39506 1.64012 0.0950324 -2.41767 -0.789178 0.476603 1.96074 -0.258528 -1.82262 -1.24807 -2.30581 -0.0994582 0.0387376 0.520289 -0.370471 -0.277946 -0.19877 -0.74487 0.248518 -0.155223 0.551303 0.130485 0.148642 -0.687682 -0.0115162 0.209008 0.013839 0.363373 -0.536577 1.48091 0.0677892 -1.05902 -1.04809 -0.345479 -0.298155 -0.324647 2.50447 
0.821602 1.08628 -1.26501 1.49041 -0.144287 -2.21028 -0.752526 0.239392 1.47793 0.16654 -2.35532 -1.11038 -2.48399 -0.137794 -0.0433295 0.771138 0.288218 -0.286302 0.200332 -0.233051 -0.387827 -0.482153 0.35899 0.614006 0.737425 0.789632 -0.0677139 -0.49553 0.581996 0.81476 -0.00387654 0.210547 -0.425104 -0.261224 -1.11769 -1.01937 0.439862 0.960139 2.33793 
0.760578 0.927848 -0.623923 1.92834 -0.19127 -2.21733 -1.02223 0.088776 1.47858 0.100461 -1.20861 -0.510649 -1.51617 -0.167172 -0.456792 1.10228 0.444289 -0.281823 0.0117772 -1.16997 -0.0127063 -1.27292 -0.468063 0.570347 1.10878 1.65024 -0.00520068 -0.213648 -0.0779955 -0.350375 -0.0732927 0.4297 -0.919876 0.460675 -1.3442 -1.07183 0.17237 0.411608 -0.266556 
0.65443 0.62949 -0.162728 1.93469 -0.42611 -2.1985 -1.9225 0.226686 0.205014 -0.301523 -1.78497 -0.0015943 -0.83375 -0.142994 -0.256978 0.693143 -0.0621568 -0.359595 0.630032 -1.15293 0.0728474 -1.82636 -0.712836 0.786376 1.14903 0.523076 0.0522553 0.40491 -0.354625 0.699708 0.148412 0.686936 1.36241 0.713328 2.03267 -1.17179 2.22577 -1.01352 -0.886758 
0.617584 0.67087 0.0692194 1.86619 -0.550864 -1.5873 -2.17516 0.161623 -0.347774 -0.612375 -0.422233 0.638384 -0.993098 -0.114917 -0.0518818 0.74766 1.144 -0.133411 0.698713 0.192434 0.700621 0.759759 -1.63985 2.79612 0.0952582 0.763485 -0.0672323 0.179148 0.154718 1.7217 0.205555 -0.791605 2.18402 0.545263 1.19843 0.313748 1.81799 -2.29877 1.73997 
0.539513 0.577608 0.584932 3.07869 -0.559521 -1.49979 -1.73007 0.927307 0.964772 -1.94138 1.01115 0.0936639 -0.0702648 -0.210227 -0.0778301 0.847861 1.65954 -0.154039 -0.161573 1.0311 0.618111 -0.627931 -0.399088 2.60437 -1.14974 2.26305 -0.426147 0.140015 0.010578 -1.82397 0.346343 -1.12549 0.301823 -1.08081 -2.88644 1.34239 -2.74198 -0.752383 -0.580989 
0.407357 0.59304 0.91708 3.52573 -0.704904 -1.74887 -1.14406 0.779734 -0.975705 -1.01146 2.18214 -0.511358 1.26995 -0.541064 0.0881337 0.758238 -0.679974 0.212932 -0.426775 0.494257 -0.380188 -2.12668 -0.29746 0.0541374 -0.657124 0.182497 -0.589296 0.40748 -0.363102 -3.56752 1.34542 0.551408 -0.683363 -0.254208 1.01557 -0.712086 -4.23609 2.08378 -4.50413 
-0.00155087 0.665742 1.34317 2.39872 -0.346589 -1.92656 -1.23581 0.547119 -1.16191 -2.23884 1.06528 -0.563461 0.112232 -0.799522 0.32965 0.484759 -1.90797 1.19138 0.389835 0.347732 0.363903 0.387643 -1.11117 -1.63172 0.934035 -2.24109 -0.16763 -0.964985 -1.37265 -0.642603 1.1238 2.03703 -0.0737204 0.353935 3.4326 2.76787 -2.50859 1.36293 0.600988 
-0.392165 0.922691 1.40184 1.61776 0.486475 -1.35904 -0.79633 1.14364 -0.588063 -2.12264 0.550416 0.422678 -0.97114 -0.708694 -0.876852 -0.614407 -1.32258 1.33674 1.61025 0.420536 -0.0262527 1.30592 2.47041 -2.45445 0.70581 0.783485 0.413423 -2.0713 -1.27132 1.28779 -0.609516 1.16295 0.378911 -0.699872 0.334961 4.08042 0.948675 -1.86178 3.44047 
-0.710245 -0.21111 0.728763 1.07614 0.990146 -0.316309 -0.815273 0.520867 0.144005 0.231574 -1.38917 0.142349 0.895717 -0.3861 -1.74165 -0.786565 -0.620181 0.581863 1.55279 0.726643 -0.335969 0.722603 2.96925 -0.683046 -0.927742 1.19938 0.506373 0.192664 0.375842 0.623341 -1.56665 -1.46756 0.128167 0.743472 -0.292878 -1.9241 3.7114 -0.959997 -0.358412 
-0.778265 -0.818959 0.615274 0.997575 1.06834 0.193747 -0.0696869 0.807668 0.134541 0.846609 -0.13263 -0.505064 0.228243 -0.202321 -0.684187 -0.238565 -0.699236 -0.229915 0.142693 0.548703 0.717219 1.01304 0.546311 1.25695 -0.254188 0.425072 0.230737 1.59962 0.659383 -0.151245 -0.980786 -1.91016 -0.830042 0.244194 -0.27386 -2.58027 0.607588 1.7627 -1.01217 
-0.912566 -0.895297 0.490197 0.376904 0.760231 -0.173616 -0.26657 1.23809 1.15704 0.777884 -0.132222 -0.111839 1.32079 -0.155362 -0.142025 -0.127182 -0.771425 -0.398923 -0.357371 -0.103399 -0.091775 0.448743 0.388978 -0.0754581 0.834958 0.187218 0.17084 0.750949 0.236524 0.164815 0.441782 -0.162305 -0.340669 -0.742228 -0.734441 -0.0830745 -1.73957 1.08949 -2.10558 
-0.933627 -0.960984 0.488092 0.22615 0.669416 -0.163624 -0.173086 0.715893 0.583284 1.23559 -0.208088 0.329894 0.415461 -0.0314814 0.0667615 -0.00204137 -0.534421 0.211867 -0.0196124 0.208034 -0.0250084 0.278596 0.463236 -0.482617 0.835299 -1.68051 0.121306 0.181871 0.101714 0.803176 0.587374 0.803764 0.566197 0.345029 0.597287 0.733434 1.403 -0.115324 -0.186504 
-0.944048 -0.828536 0.488156 -0.157517 0.972099 -0.193229 -0.0585356 1.21308 1.43564 1.24112 -0.614839 0.72346 -0.35972 -0.0340559 0.0398462 -0.0254685 0.031751 0.188451 0.446393 0.462798 0.253254 1.04603 1.12241 1.32754 0.719634 0.000713851 0.168818 0.765127 0.291109 -0.0677321 -0.701086 -0.0431947 -0.251532 -0.119013 -0.851865 -1.58877 2.13089 -0.519115 2.30275 
-0.967683 -0.921137 0.462623 0.257901 0.857867 0.282769 0.289712 0.969147 1.62931 2.358 1.11945 1.04953 0.416175 0.137337 0.831889 0.289067 -0.602153 -0.489218 -0.0628071 -0.0434972 -0.144021 -0.573269 -1.12553 1.64828 0.316184 0.622244 0.587569 1.87755 0.412245 -2.15331 -1.02374 -1.14209 -1.13095 -0.179108 -1.51632 -2.382 -1.69832 -1.91891 -1.38913 
-0.806711 0.00335337 0.777223 -0.759669 0.48288 -0.256036 -0.102033 1.06906 0.862369 0.115588 1.03344 1.03964 0.262524 0.553514 1.9174 0.386776 -2.12155 -0.835287 -0.6957 -0.668149 0.0741452 -0.470294 -1.25958 -0.370781 -1.19927 -1.38842 0.417145 0.701818 -0.228124 -0.860857 0.0973447 -0.648562 -0.62615 -0.0730977 0.322829 0.975658 -2.09699 -1.72409 -2.2375 
-0.41417 0.996258 0.8494 -1.86365 0.0225796 -0.41293 -0.378437 1.04329 1.15902 1.09842 0.748668 -0.149744 -0.972246 0.554482 1.53371 0.0609431 -1.46301 -0.391874 -0.71137 -0.669647 -0.217119 -0.250439 -0.149874 -0.448714 -1.40791 -1.61525 -0.534464 -1.51953 -0.607271 1.97949 0.990704 0.471825 0.529953 -0.558801 -0.846705 -0.197991 -1.04771 0.887855 0.518163 
-0.252229 1.53706 0.838167 -2.22268 0.0910066 -0.967405 -0.77168 0.851937 0.61193 -0.0342859 0.584723 -0.368267 -1.35273 0.0190496 0.397868 -0.220495 -0.142068 0.155417 -0.223874 -0.138196 -0.484656 -1.317 -1.45757 -1.41849 -0.311416 -0.870257 -0.816893 -1.81324 0.0389582 2.68494 0.785314 0.905338 0.829823 -0.367622 -0.728911 1.23729 -0.815996 0.607657 1.07188 
-0.39512 1.39413 0.628905 -2.00572 0.177997 -0.636805 -0.516632 0.558636 -0.15798 -0.359155 -0.669825 -0.46116 -1.8425 -0.262411 -0.279532 0.0999014 1.22193 0.39344 0.193968 0.160176 -0.584741 -0.97935 1.08741 -1.26471 -0.800253 -0.543377 -0.342317 -1.24598 0.131578 0.606936 0.031741 0.406047 0.38247 1.38297 2.18739 2.02414 1.45392 1.28046 3.53881 
-0.51464 1.25753 0.938068 -1.00075 0.484447 -0.773437 -0.611504 0.267196 -0.36742 1.05313 -0.679987 -1.16852 -1.89611 -0.323268 -0.848112 -0.0889163 0.464868 0.187158 0.182173 0.244275 0.898313 0.870396 0.566562 0.0354249 0.969041 2.66856 0.120968 0.0639505 -0.115302 -1.72756 -0.75648 -0.30885 -1.29361 0.109005 0.225003 -2.8463 1.95184 0.983573 0.458368 
-0.718388 0.546014 0.539989 -1.54085 0.365155 -0.454632 -0.272357 1.45695 0.712416 0.207407 -0.6344 0.507881 0.826053 -0.141443 -0.215581 -0.0154009 -0.505628 -0.36304 -0.114882 -1.13343 -0.475736 -0.754347 -1.75889 0.68713 0.183319 -0.0850092 0.308108 1.03691 0.632477 0.0126039 -0.542402 -0.767614 -1.09881 -1.98339 -0.791633 -0.935049 1.28486 -1.52447 -3.72191 
-0.656083 1.04195 0.922667 -1.50638 0.121407 -0.888319 -1.74494 -0.20854 -1.12177 -0.705765 0.00714244 -0.985201 -1.98111 -0.0151596 0.188797 0.54356 0.477472 -0.355244 -0.585442 -0.854537 -1.08508 0.0787626 -0.368487 1.32029 -0.555425 -1.05335 -0.204483 -0.857628 0.0652081 1.26 0.574366 0.406079 1.89277 1.69903 3.39525 2.74824 -1.41756 0.841844 2.79913 
-0.733547 0.734811 1.08355 -1.06338 0.00991136 -1.04007 -1.12689 0.371868 0.791179 -0.161081 0.685888 -0.0475433 -0.2273 -0.345926 -1.07321 0.0498072 0.754368 0.211327 0.291197 0.759339 1.22329 2.6409 0.989347 -0.730427 1.02516 2.71412 -0.254404 -0.810914 -0.692411 0.104891 0.89455 1.28396 1.18797 1.06855 -0.528763 0.9368 -2.018 0.711855 0.743429 
-1.00201 -0.0312621 0.972474 -0.75201 0.332734 -0.597121 -0.985598 1.01475 1.51914 0.283583 -0.723285 0.0399624 0.733001 -0.269563 -0.622117 -0.148851 0.582363 0.539307 0.69852 0.333435 -0.0165269 -0.45 0.568312 -0.697715 0.156431 -0.309924 0.316038 1.06803 -0.0456681 -0.567934 0.107818 -0.290222 -0.465808 -1.26175 -3.25565 -0.544807 1.84724 -0.287345 -2.45947 
-1.00311 0.112694 0.934698 -0.481019 0.549218 -0.341554 -0.793459 0.355341 0.341178 0.407232 -0.0118276 0.108887 -0.537224 -0.0298884 -0.00518251 0.00413912 0.186434 0.319145 0.000975387 0.293531 -0.0384597 -0.614746 0.444541 1.11681 0.737819 0.254646 0.232298 0.393586 0.0193983 -0.145263 -0.496826 -0.886343 -0.352095 0.974462 1.73019 -0.538527 1.32502 0.163278 0.0319783 
-1.0319 -0.0364446 0.976613 -0.565576 0.65188 -0.596146 -0.692067 0.976291 0.904391 0.728123 0.393524 0.777781 0.987647 -0.0372658 -0.228531 -0.129453 0.4371 0.0424805 -0.187823 -0.0186599 0.957935 1.28019 0.0297857 0.627305 0.319708 -0.277946 -0.0491586 -0.335831 -0.328556 0.16839 -0.306535 0.204231 -0.319977 0.0528871 1.00273 0.0853238 -0.0990252 -1.29584 -0.883915 
-1.04038 -0.115836 0.805245 -0.043919 0.591698 -0.529376 -0.812119 1.31328 1.62137 0.437018 0.615478 0.428596 -0.81517 -0.079047 -0.341013 -0.324417 0.354825 0.01261 0.205206 -0.0264465 0.0144274 0.387989 0.529864 1.01778 -0.558017 -0.629269 -0.124155 -0.250086 0.0436454 -0.751547 0.00299676 0.439141 -0.0151381 -1.54817 -1.91454 0.560469 0.223664 0.473105 1.92285 
-1.11094 -0.377458 0.652196 -0.210751 0.66449 -0.39094 -0.718513 0.990719 1.29238 1.25799 1.41131 0.219764 0.358377 -0.161421 -0.478617 -0.0858074 -0.314447 0.0454772 0.251319 -0.033798 -0.590237 -0.634352 0.590255 0.850969 0.792813 1.64491 -0.0567656 0.00242857 0.206502 -0.96637 0.149089 -0.252269 -0.53514 -1.58892 -2.16672 -2.71334 -2.12537 1.27584 -0.182666 
-1.2018 -0.594453 0.719438 -0.358366 0.637176 -0.278058 -0.845917 0.723039 0.987017 1.02727 1.46645 1.22141 0.829736 -0.135813 -0.338585 -0.117915 -0.611546 0.161699 -0.0470631 -0.561586 -1.57449 -1.77873 -2.18348 -1.10758 0.717821 -0.811935 0.171519 0.343394 0.0664101 0.132117 0.0413322 -0.215556 -0.043281 -0.208664 -0.0874273 -1.86377 -0.963681 -0.74008 -2.68804 
-1.24676 -0.716043 0.534281 -0.822297 0.826188 -0.438003 -1.2801 -0.583773 -0.486354 -0.925492 0.303724 0.937585 -0.453558 0.0100978 -0.135223 -0.0193973 -0.18233 0.0868095 0.0357621 -0.077079 -0.798902 -0.721779 -1.27352 -0.112712 0.0527334 -1.04314 0.215598 0.583871 0.373056 0.604703 -0.208833 0.272426 0.945295 3.04558 3.47605 3.07526 0.8412 -0.807569 2.19565 