-0.832859 -0.890227 0.35728 -0.687651 0.442344 -0.457671 -0.667 0.386921 -0.374674 0.75474 -1.3126 -0.311882 0.119754 0.00597453 0.0850343 -0.0387454 -0.115811 -0.116845 -0.27078 0.241233 -0.198224 -2.61415 -1.13532 -0.981684 -0.593555 -0.450556 -0.103687 -0.328854 -0.176201 0.153062 0.51276 -0.147269 -0.28606 -0.28114 -0.161944 -0.839917 0.762682 1.31611 -1.95395 
-0.858864 -0.878612 0.431778 -0.0726377 0.770349 -0.343712 0.117578 0.582149 -0.337345 0.641295 -1.48658 -0.393289 -1.04128 -0.051718 -0.126842 0.0478383 0.162336 0.265335 0.0544922 -0.554647 -0.349483 0.151435 0.496363 0.859617 0.280449 -1.25536 -0.0722469 -0.355999 -0.101521 -1.14079 0.0206512 0.766385 -0.91091 0.362373 3.72236 1.53229 1.45478 0.947099 2.24275 
-0.884577 -1.01707 0.405118 -0.525316 0.707679 -0.403178 -1.22165 0.0374378 -0.223239 1.2511 -0.452984 -0.0314326 -1.13561 -0.0662724 -0.270965 -0.140266 -1.2566 -0.0961941 0.495605 -0.669677 0.16415 1.10821 0.396977 0.473099 0.353544 1.7922 0.0190113 -0.0687721 -0.436585 -1.2755 -0.251703 0.12124 1.59106 0.909006 -0.0733632 -1.44161 -1.49704 -0.825969 3.07192 
-0.925137 -1.14958 0.291512 -1.32924 0.674155 0.151893 -0.552099 0.746298 0.770869 1.03827 -1.01348 -0.0397446 0.750914 -0.0327067 -0.195614 -0.388746 -1.11316 0.0136323 0.175732 1.03642 0.559523 0.0780722 -0.945242 -0.637428 -0.545519 1.81656 0.139522 0.497238 0.319716 2.8425 0.144518 -1.12563 1.10412 0.206981 -1.12498 -0.267078 0.541259 0.283105 -0.623323 
-0.917284 -1.21268 0.0163722 -1.63848 0.721312 -0.227446 -0.18523 0.59696 -0.145167 0.305861 -1.09041 -0.576952 0.680951 0.0732498 0.226273 0.17945 1.5859 0.0483236 -0.63003 0.434443 0.37113 -0.0167661 0.129899 1.01436 0.636649 1.16887 0.12798 0.318683 0.934342 2.40144 -0.289941 -0.252837 -2.44274 -0.81108 -0.892002 0.636521 1.27181 0.851528 -1.73542 
-0.851887 -0.923304 0.470962 0.256665 0.722478 -0.478137 -0.117656 1.11743 0.754103 1.16817 0.000881448 0.596904 1.91979 0.0952729 0.123069 0.545595 1.28828 -0.276309 -0.0771046 -1.40632 -0.251558 -0.81393 -0.308721 0.634378 0.306009 0.0811383 -0.0957586 -0.543932 -0.0755336 -3.36169 -0.339785 1.45409 -0.718709 -0.79502 -0.625789 -0.3473 -1.36678 -1.49704 -2.55676 
-0.822011 -1.08961 0.561968 -0.350203 0.445003 -0.304551 -1.59155 0.345403 -0.959096 -0.00285999 -0.456034 -0.270943 0.76209 -0.0225088 -0.317659 0.103916 -1.77579 -0.291461 0.824058 -0.284266 -0.42389 -0.642555 -0.217402 -0.352426 -0.860393 -1.38788 -0.110079 -0.122534 -0.483227 -1.34254 0.796868 0.741151 3.01193 1.71355 2.71951 1.02104 -0.96368 0.256545 0.682485 
-0.874396 -1.24096 0.574878 -1.51913 0.431017 0.345921 -0.401922 0.693539 0.111548 0.950769 -0.351545 -0.263489 0.531904 -0.014806 0.000535525 0.0623681 -0.054261 0.520559 0.664047 1.60561 1.46199 1.90558 0.712318 -0.329302 0.562553 0.763623 0.0497739 0.765224 0.183496 3.30877 0.584089 -1.28554 0.467767 0.518934 0.959036 0.343236 -0.152083 0.715921 1.83832 
-0.836817 -1.08908 0.624336 -0.404464 0.965562 0.359496 0.0140567 1.8074 0.946485 0.709458 -0.785336 0.29161 1.52571 0.0272651 0.447565 0.287412 1.53297 0.292628 -0.461482 0.183501 0.0950446 0.316481 0.125835 -0.504509 -0.144472 0.45044 -0.0269667 0.423552 0.105978 1.04125 -0.298379 -0.962306 -2.13645 -2.63422 -3.16105 -0.522798 1.10912 -0.385527 -1.081 
-0.847131 -0.793398 0.86229 0.0138452 0.723645 -0.11556 -0.218421 0.788584 0.428028 1.0766 -0.856054 -0.407961 0.982344 -0.0417727 0.424088 0.168346 0.986993 0.22218 -0.298259 -0.530842 -1.17223 -1.25547 0.18952 0.779815 0.177026 -0.317379 -0.0533632 -0.382324 -0.434022 -0.782029 -0.133617 0.539256 0.18964 0.538705 -0.0280382 -0.676924 1.7076 1.43078 -1.65994 
-0.87859 -0.66499 0.792682 0.582529 1.18774 0.0612369 -0.516785 0.635169 -0.308988 0.898978 -0.00552092 0.468636 1.20833 -0.0260981 0.0652409 -0.14661 0.750944 0.159011 0.0777738 0.373141 0.63375 0.288442 -0.551089 1.20309 1.28631 -1.2095 0.0102638 -0.746319 -0.709164 -1.68161 -0.585043 0.0154582 1.06588 1.82579 2.81818 -0.086956 -1.18282 0.175114 -0.485108 
-0.873229 -0.728157 0.71568 0.764789 0.882656 -0.0377867 0.154721 1.42233 0.716471 0.525514 0.34704 0.87835 -0.227153 -0.0315089 -0.322231 -0.540818 -0.694615 -0.362863 -0.282801 0.535036 0.653561 1.56271 0.102564 -0.403 0.35214 -0.802487 0.0245566 -0.269828 -0.170071 -1.93526 -0.085351 -0.0708783 -0.570926 -1.15554 0.431213 0.954269 -2.46475 -1.32136 1.76311 
-0.910099 -0.987222 0.251864 -0.112086 0.824879 -0.221564 0.0182508 1.28873 1.25372 1.00154 -0.408521 0.820776 0.405847 -0.00154151 -0.204587 -0.316681 -1.18432 0.0736601 0.00689547 -0.197784 -0.521792 0.719656 0.403179 -1.26165 -0.0350441 0.553612 0.078744 0.557083 1.00513 2.05145 0.576277 0.23465 -0.318869 -0.813631 -3.8053 -0.566907 -0.0512238 -0.498306 0.995959 
-0.87477 -0.932744 0.398999 -0.419527 0.956316 -0.0308912 -0.0430638 0.900541 1.43613 0.928694 -0.914612 0.843306 0.326459 0.0472351 0.234851 0.464312 1.35684 0.213414 -0.0481509 0.216167 -0.160069 -2.24259 -0.464343 -0.454224 -0.146167 0.193472 -0.0263057 0.278952 0.533532 2.68955 0.0443274 0.195059 0.189716 0.595328 -2.46379 -0.653067 2.19071 -1.12356 -1.07188 
-0.862864 -0.75237 0.716176 1.24475 1.03829 -0.269715 0.234418 1.12866 -0.988877 0.537198 -0.862745 0.674609 0.599318 -0.0278472 0.0743654 0.216851 1.50523 0.117987 0.201954 -0.00806842 0.0735364 -1.74414 -0.249888 0.92906 -1.15861 -0.518266 -0.142518 -0.516756 -0.864208 -3.2201 -0.616706 0.188173 -0.522531 0.0407192 3.97852 0.680004 0.86199 -0.545488 -1.85509 
-0.902618 -0.858379 0.61585 1.0857 1.0743 0.171063 -0.0511322 0.974078 -0.308011 0.678806 0.014448 -0.315301 -0.191807 -0.0952834 -0.281905 -0.399895 -1.86326 -0.403292 0.140022 -0.306364 -0.11935 1.73592 0.215661 0.407766 -0.691655 -1.66162 0.0127818 -0.367139 -0.64728 -3.2336 -0.502236 -0.549695 0.157084 -0.495733 1.22847 0.240679 -1.93121 1.96466 1.32082 
-0.958147 -1.03427 0.316281 -0.61851 0.635001 -0.129693 -0.0719459 1.00931 0.747045 0.752859 -0.454979 -0.0170456 -1.06231 -0.0150654 -0.292774 -0.430429 -1.72837 -0.384249 -0.347741 0.149015 -0.422196 -0.515667 -0.00920929 -1.00215 0.806053 0.802553 0.219383 0.444069 0.465773 2.23408 0.463504 -0.0595495 0.365215 0.264823 -1.26012 -0.191582 -0.00618258 1.62372 4.14233 
-0.917683 -1.15115 0.18542 -0.64267 0.690054 -0.176677 0.097883 0.551882 -0.823678 0.669596 -0.987699 0.490752 0.610746 0.1241 0.162164 0.0658779 0.370822 0.0602119 0.0804721 0.0588513 0.145473 0.475807 0.0240786 0.401583 0.932065 2.4807 0.0696668 0.755685 0.787159 2.23251 0.566201 0.471562 -1.06653 0.977578 3.14745 0.0476742 2.6613 -0.94827 0.167767 
-0.834047 -0.872111 0.382159 -0.247688 0.695213 -0.0492213 -0.0130947 1.15479 1.22285 0.776938 -0.0533957 0.915019 1.4184 0.0546014 0.462911 0.35673 0.504134 0.181952 0.123821 -0.917518 0.555382 2.63178 0.038465 1.65916 -0.142217 0.970321 -0.194331 -0.127828 0.386234 1.18038 0.256109 -0.0719128 -0.505775 -0.511711 -0.74419 -0.362798 1.05331 0.159659 -3.11805 
-0.863082 -0.688242 0.54215 -0.138536 0.872006 -0.052856 -0.819635 1.10726 1.8081 0.708061 0.671457 0.348535 1.58107 -0.0702306 0.034336 0.452112 1.5512 0.316321 0.00855928 -0.446924 -0.366238 -0.268383 -0.338719 1.4549 1.09172 -0.637343 -0.0533318 -0.714047 -0.43013 0.194248 0.0490996 -0.150283 1.12391 -0.841058 -4.54774 -0.756033 -2.65733 0.195187 -2.98446 
-0.904278 -0.837775 0.834271 1.30351 1.01153 -0.040662 -0.460019 0.788547 0.954469 0.438218 1.4015 2.00674 0.781056 0.00126957 -0.251136 -0.0733999 0.698382 0.231051 -0.0264621 0.206388 -0.285676 -1.91596 -0.717568 -0.998174 0.0529699 -2.01414 0.106953 0.0562798 -0.766198 -3.00983 -0.30831 0.0139329 0.893034 0.838693 0.792313 0.260751 -2.91185 -3.38623 -0.609561 
-0.861812 -0.939378 0.46875 0.559845 1.10306 -0.079318 -0.613247 0.821587 -0.107859 -0.00950627 -0.326717 0.401505 -0.433069 0.0367228 0.0906158 -0.314086 -1.45863 0.00801077 0.0224922 0.44611 0.472455 0.523931 -0.0779683 -1.45695 -2.2945 -1.2469 -0.0488318 0.0303557 -0.231061 -1.95547 -0.218083 -0.141243 -0.542632 0.786465 3.90893 1.50557 0.430651 -1.09645 1.66514 
-0.867555 -0.747159 0.520185 -0.155114 1.01954 -0.0181699 -0.0139086 1.261 1.4784 0.36025 -0.0554476 -0.28776 -0.465848 -0.0475622 -0.22078 -0.304461 -1.25709 0.0129681 -0.167705 -0.336244 0.500789 1.99297 0.788001 -0.567523 -1.04348 -0.348999 -0.0291868 0.0560036 0.25864 0.943258 -0.166324 -0.601633 -0.771575 -1.07722 -1.81287 0.746623 0.551958 2.74524 2.1474 
-0.909374 -1.16016 0.164289 -0.697246 1.11603 -0.247023 -0.949491 1.32238 1.88511 0.778495 -0.894241 -0.641978 -0.782068 0.00753597 0.146619 -0.0554463 -0.515368 -0.158314 -0.57914 -0.325465 -0.60476 -1.28894 0.668654 -0.904992 0.450735 0.900498 0.116029 0.500253 0.487234 1.98092 -0.296605 -0.0398645 1.1211 -0.432817 -4.08885 -0.196431 1.23998 2.11462 1.68827 
-0.860019 -0.60054 0.464739 -0.670481 0.86123 -0.59731 -0.339374 0.656241 0.189457 1.0289 -0.960439 0.162976 0.43465 0.0684664 0.279472 0.182774 0.723832 -0.283637 -0.207569 0.784854 0.0679716 -2.09589 0.59157 0.672458 1.07114 1.33927 0.0340468 -0.29228 -0.0314698 1.51054 0.286883 0.857405 -0.091935 0.882999 1.45308 -2.1914 -0.0351268 -1.86321 -0.815892 
-0.840908 -0.880687 0.347063 0.026586 0.832389 -0.454592 -0.164637 1.39035 -0.21078 1.37006 -0.221783 0.429163 0.5572 0.0415828 -0.145661 -0.086916 0.99517 0.12857 0.278265 -0.4174 0.278239 0.164141 -1.52275 -0.940118 -1.41248 0.084606 -0.10679 -0.135646 0.230207 -0.0197692 0.317202 0.920543 -0.502794 -0.557479 3.46699 -0.845757 -0.819409 -0.869249 -1.64841 
-0.818436 -0.7462 0.377823 0.324688 0.9898 -0.319045 -0.756774 0.93448 0.353598 -0.493841 -1.90056 -1.2495 0.519256 -0.0383232 0.143826 0.412981 0.704062 0.0335647 0.712974 0.282061 -0.489507 1.37111 -0.254187 -0.146951 0.201892 -0.309146 -0.0369856 0.188187 0.300572 -0.874483 -0.303563 -0.0869661 1.29019 -0.192213 0.159086 1.85899 2.17042 2.46861 -1.26352 
-0.879231 -0.736861 0.760044 0.730648 0.865953 0.258382 0.117424 0.90084 1.16033 1.11588 -0.368734 0.631056 0.248055 0.0045972 0.0425265 0.213656 0.120687 -0.174993 0.191299 0.872793 0.0860263 0.323226 0.336247 1.2303 1.05613 -1.17891 0.164317 0.185866 -0.421107 -1.46999 0.162179 -1.62601 -1.43984 -0.084321 -3.20001 -0.392011 -0.245283 -0.793751 0.14399 
-0.813839 -0.703674 0.591479 0.445375 0.814807 -0.127747 0.116019 1.02051 0.676824 -0.157594 -0.670257 -0.193369 -0.659653 0.125994 0.329692 -0.00812614 -0.765932 0.195744 -0.913032 -1.15778 -0.573828 -1.82891 -0.646198 -0.392235 -0.591859 -0.165156 -0.0461526 0.249509 0.0302357 0.110201 0.219468 -0.539771 -1.73962 -0.60785 -0.255479 0.667896 0.0661638 0.56219 2.6545 
-0.753237 -0.407169 0.751918 -0.0352833 1.0617 -0.65465 -1.04035 0.327012 -0.668579 0.469679 -0.760969 0.0391967 0.0828987 -0.0415554 0.292035 0.243892 0.230888 0.0444745 -0.348472 -0.866828 -0.521824 0.0677475 1.00414 1.29646 1.61832 1.47559 -0.143359 -0.00770497 0.351939 1.40845 -0.366341 0.822647 0.414069 0.107566 2.88272 -0.258404 0.587234 0.0235589 0.54014 
-0.855394 -0.411639 0.835371 0.676263 0.859282 -0.476218 -0.750809 0.498683 0.744571 0.846549 0.626208 1.42496 0.81594 -0.0173656 0.321987 0.343813 0.642521 -0.170598 -0.0903854 -0.743707 -0.466262 1.05381 -0.904602 0.194999 -0.5683 0.374984 0.620392 1.08346 1.11328 0.614437 -0.937327 -0.374287 -0.0822016 -0.273255 -0.915722 -2.99402 -1.70102 -1.22976 -1.47249 
-0.770603 -0.0851828 1.09573 0.607237 0.8911 -0.745036 -1.78406 -0.13925 0.385232 -0.434923 -0.56597 -0.529103 0.457883 0.578836 1.37549 1.35718 0.845325 -0.892853 -0.722759 -0.94903 -0.795079 -0.847975 -1.98988 -0.40456 0.388567 0.0031059 0.67262 1.11689 0.202982 -0.0100209 -0.315866 -0.534192 0.847272 0.540797 -1.4135 0.65544 0.489438 1.2511 -0.915635 
-0.276558 0.963853 2.19255 1.52159 -0.0335711 -1.19898 -1.69984 -0.296396 -0.103404 -1.14333 0.221648 1.81352 0.819046 0.655254 1.43888 0.546795 0.6325 -0.486463 -0.624577 0.103565 0.0745351 -0.359688 -0.249162 0.684437 0.682801 -0.540651 -0.103644 -0.779134 -1.78004 -2.85913 0.44809 0.172655 0.390355 1.37177 2.38357 2.74247 0.802682 -2.17319 0.0139523 
-0.115349 1.35369 1.64253 1.23974 0.404636 -1.36961 -1.68049 -0.0647149 0.025544 -0.684085 0.118467 0.153698 -0.0827686 0.475192 0.596358 -0.422863 -2.01381 -0.444762 -0.550104 -0.558675 0.576695 1.5356 0.752591 0.398122 -1.78462 0.0170582 -0.305276 -0.848703 -0.696798 -4.53924 -0.132864 -0.151523 -0.467686 -0.211418 -0.094857 0.661879 -1.22625 -1.0734 1.66569 
0.198634 1.56021 1.76968 -0.49222 -0.478334 -1.74908 -2.25851 0.280299 1.43219 -0.390737 0.61977 0.0289024 0.836104 0.349979 0.590174 -0.150003 -3.90674 -0.619327 -0.7761 -0.364121 -0.136883 -0.454545 0.412717 -0.541816 -0.390595 1.12504 -0.289112 -0.16767 -0.26683 0.936935 0.385186 0.271433 1.88446 -1.78279 -2.44084 0.173058 -1.4746 3.95096 -0.0174116 
0.23463 1.94387 1.49252 -2.66701 -0.21469 -2.14571 -2.04462 -0.201598 -0.429001 -0.271368 -0.423349 -0.236898 1.04227 0.18608 0.428688 -0.689693 -1.07687 -0.0595767 -0.278671 1.32579 -1.20609 -0.905245 0.925649 -1.07647 2.16634 -0.000353432 -0.0427973 -0.804657 -0.635816 6.543 -0.400567 1.03747 2.69862 -1.19858 0.987699 0.778293 0.554662 2.6158 -1.12022 
0.384714 1.9889 1.07999 -1.56909 -0.53791 -2.02775 -0.932728 -0.925796 0.526948 0.534913 -0.456704 2.19524 0.835751 0.307181 -0.214483 -0.785819 2.63626 -1.01989 0.261368 2.3345 -1.33546 0.533154 1.19101 0.0128454 2.2252 0.00481946 0.101025 -0.629538 -0.259178 3.73488 -1.08718 0.821568 0.19479 0.693201 0.732962 -0.936705 0.268829 -2.66417 -0.0668217 
0.541811 1.72938 0.706703 -0.0307492 -1.23458 -1.88435 0.289888 -1.53706 0.104153 0.919641 -0.410504 1.98831 1.04709 0.287106 -0.200851 -0.948871 2.65801 -1.14676 0.542897 1.52058 -0.512894 -0.172283 -0.0110556 -0.807645 -0.49783 -0.0671751 0.025613 0.224866 -0.198306 -1.41391 0.7578 0.301628 -1.1555 1.70782 -0.458496 -1.39712 -0.528005 -2.28714 -0.4644 
0.67182 1.78805 0.131119 1.08891 -1.68467 -1.48486 0.587848 -1.43869 0.354665 0.523857 -1.26435 1.69741 0.768576 0.332794 0.0103825 -0.984125 1.22234 -0.262094 0.562996 1.179 0.372355 0.0746585 -0.206114 -0.515159 -0.0619328 -0.459581 0.163819 -0.240929 0.166577 -2.92391 1.42948 -0.21856 -0.324639 0.645162 -0.169439 -0.337953 1.17498 0.0990642 -0.919979 
0.874606 1.73977 -0.277422 1.19159 -1.49668 -1.32135 1.46889 -1.1647 0.178812 0.713527 -0.925663 1.92637 0.587508 0.450924 -0.44178 -0.782295 -0.2659 0.282719 0.324337 1.19594 0.132268 -0.341722 -0.349009 0.36733 -0.398766 -0.987154 0.00347489 -0.49965 0.316643 -1.24357 0.0301046 0.316525 -0.635361 -0.714834 -0.603296 -1.04554 1.14514 -1.78487 -0.610594 
1.12274 1.34627 -0.651176 0.823012 -1.40195 -1.16052 1.78378 -1.30642 0.0129434 0.174848 -0.897019 1.29865 -0.218578 0.336269 -0.489267 -0.667482 -0.0212217 -0.231989 0.87952 0.543638 -0.342479 -0.528638 -1.25165 0.629976 -1.8468 -1.07017 -0.330776 -0.0646064 -0.124231 -0.442478 -0.919469 0.277249 -1.72426 -0.617194 -1.88867 -1.26715 -0.00416987 -1.71441 -0.134205 
1.21087 1.2505 -0.944904 1.17037 -1.72867 -0.44183 2.01253 -1.50718 -0.349826 -0.538124 -0.295687 0.0795702 -0.482667 0.120148 -0.506386 -0.906526 -0.708377 -0.63675 0.601586 -0.528326 -0.484927 -2.23039 -1.61616 0.36316 -2.11317 -1.12136 -0.143513 0.251688 0.169542 0.417078 0.551027 -0.400697 -0.547894 0.703829 0.227263 0.980561 -0.198652 2.21035 0.946345 
1.24289 0.839881 -1.5577 0.114634 -2.0387 -0.558933 1.25546 -1.79135 -2.21745 -1.44131 -0.533859 -0.814525 -1.33994 0.192756 -0.23758 -0.49794 0.395857 0.319037 0.478824 -0.00425636 0.36135 -0.301375 -0.27109 0.431324 0.363552 -0.123829 0.11463 0.185686 1.16301 -0.410832 1.3706 -0.501106 1.21329 0.51422 2.49442 1.77731 -0.519853 2.17411 0.511831 
1.40363 1.01292 -1.44284 1.56623 -1.40963 0.0369938 2.00827 -1.14583 -0.651201 -0.809215 0.135637 0.443122 -0.606496 0.234778 -0.3207 0.256489 -1.11921 0.73385 0.10048 0.684966 0.0292936 0.264023 0.161155 -0.156693 0.0609338 -0.609529 -0.0825451 -0.122502 0.569695 -1.25289 -0.236606 0.103306 -0.227169 -0.458024 -0.008979 0.357089 0.245905 -1.16659 0.796779 
1.47767 0.519181 -1.30121 -1.00457 -1.30485 -0.458453 1.94042 -1.76205 -1.95343 -1.28015 -0.690552 -0.753591 -1.94947 0.110211 -0.360081 0.0717552 -0.857029 0.0824317 0.58213 -0.231425 -0.0966747 -0.310354 0.085999 0.677229 -0.803042 0.67295 -0.18578 0.348618 -0.491756 2.43267 -0.807057 0.993227 -1.25437 0.4076 0.201507 0.280691 1.75568 -0.581423 2.15752 
1.51384 0.652839 -1.37109 0.709201 -1.3272 0.619124 1.77684 -1.24251 -0.961554 -0.723216 0.812867 -0.35992 0.0664543 0.0489979 0.0279179 -0.235267 1.31346 -0.0732077 1.09371 -0.569407 0.436893 0.465529 0.441846 1.59898 -0.52049 1.54799 -0.102368 0.383542 -0.455883 1.08952 0.0124519 -0.458393 -0.0386702 0.255677 -0.169439 -0.125945 -0.767221 0.0844425 -1.53152 
1.52667 0.547099 -1.53648 0.308889 -1.37806 0.635254 1.37102 -1.32516 -1.4879 -0.838307 0.908432 -1.27408 -0.401475 0.00784248 0.0234611 -0.384128 0.232489 0.0948835 0.123737 -0.270095 0.159002 -0.479792 -0.0399458 -0.0899919 -0.718599 -0.858573 -0.0545958 0.0156576 0.0171123 -0.872667 0.141504 -0.5625 0.257778 -0.272158 -0.636415 -0.40267 -1.39876 0.34708 -1.28153 
1.52168 0.6763 -1.75522 0.94169 -1.23231 0.742861 1.50675 -1.08351 -1.44135 -0.763162 0.722875 -1.07852 -0.792118 -0.00559784 0.0435755 -0.218155 0.440796 0.0682962 0.531207 -0.311629 0.164735 -0.170886 0.0391756 0.200224 -0.17341 0.266458 -0.0562066 0.0234649 0.253587 0.308629 -0.116006 0.452854 -0.475946 0.0886038 -0.201285 0.359258 0.482797 0.821349 1.37842 
1.52107 0.590674 -1.75464 0.749685 -1.30976 1.16646 1.05939 -1.16043 -1.65878 -0.799132 1.10866 -1.44749 -0.135017 -0.0483641 0.046926 -0.130541 0.541118 -0.0211223 0.576592 -0.746042 0.247606 -0.681077 0.319313 0.392805 0.10275 0.519847 -0.0914104 0.0957856 0.0311086 0.233271 -0.0389477 -0.597813 0.0236976 -0.164599 -0.129676 -0.151352 0.192901 0.167938 0.0977096 
1.47332 0.723226 -1.88576 1.48281 -1.25344 1.31945 0.760707 -0.8359 -2.12242 -0.443849 1.11568 -0.975769 -0.272272 -0.0970083 0.139361 -0.187046 0.674067 0.0293485 -0.0666059 -0.287932 0.000136804 -0.300561 -0.112176 0.393125 -0.00547182 0.364168 -0.0389796 -0.0169089 0.20645 -0.525711 -0.062186 -0.398873 0.628496 -0.238695 1.73196 -0.0343535 0.712488 -0.0796175 0.812895 
1.42406 0.730036 -1.94168 1.42375 -1.28041 1.09986 0.771457 -1.16029 -1.95935 -0.911308 1.50178 -1.45296 0.22915 -0.0873437 0.0300171 0.0759086 0.0154068 -0.0833083 0.177719 -0.117546 0.00891127 1.05089 0.284959 1.10529 0.0231324 1.33274 0.111252 -0.466631 0.845491 -2.21207 0.458013 0.0704848 0.586755 0.241476 2.25904 0.769463 0.264739 0.939332 0.00905687 
1.38598 0.753243 -1.80985 1.49821 -1.33674 1.49717 0.643161 -0.826989 -1.07154 -0.15889 2.22097 -0.952637 1.06047 0.0142438 -0.32727 0.658445 -1.538 0.487362 0.00387894 0.298824 0.241613 1.95848 0.657287 0.657864 0.93386 0.373224 0.0855851 -0.205633 0.408835 -1.79784 0.451896 -0.48969 0.404352 -0.0883108 0.210494 -0.760593 -1.22199 0.117373 -2.67171 
1.43831 0.402766 -1.28324 -0.114246 -0.793049 1.10373 1.07028 -0.918677 -0.000867868 -0.254021 2.15964 -0.519102 0.602375 -0.00175861 -0.175616 0.484743 -1.78243 0.368588 -0.311971 0.286807 -0.0793996 1.26138 -0.475634 -0.116698 0.140506 -1.33897 -0.113518 0.591938 -0.728762 1.56288 -0.759968 0.31955 -0.731985 -0.0773112 -1.58876 -1.04106 -0.754772 -1.47473 -1.10339 
1.38422 0.577628 -1.32511 -0.28422 -0.968157 1.1852 0.929968 -0.906388 0.189841 -0.634524 2.10428 -0.812131 -0.278502 -0.0992737 0.264668 -0.0703173 0.0248774 -0.272606 0.323429 -0.433162 0.164301 0.36972 -0.38377 -0.0969078 -0.540871 -0.730166 -0.0908542 0.213536 -0.183099 0.925328 -0.351636 0.830487 -0.516909 0.118671 -1.29097 0.292609 -0.401237 -0.961664 1.25887 
1.33903 0.667433 -1.35355 -0.089369 -1.06566 1.42716 0.637119 -0.754376 0.368852 -0.637791 2.06274 -1.05997 -0.127791 -0.0926128 0.0379201 0.301644 -0.857107 0.0169521 0.518516 -0.230102 0.0392716 -0.0295938 -0.183025 -0.517935 -0.821159 -0.0801051 -0.114917 -0.2544 0.16387 -1.32131 0.134056 -0.0833956 -0.480192 -0.332171 -2.23883 -1.22049 -1.14973 -1.15729 -1.41319 
1.2916 0.615548 -1.02346 -1.14133 -0.951205 1.70372 0.699866 -0.867117 0.160248 -0.817549 1.58634 -1.63329 -0.358607 -0.214191 0.010268 0.0935528 -1.29643 -0.13855 0.240033 -0.913354 -0.16787 -1.86911 -1.60426 -1.24663 -1.69816 -2.14336 -0.121574 0.171585 -0.0670584 2.13249 0.126007 -0.135375 0.18421 0.258994 -0.406055 -0.547981 0.510927 0.853825 -0.972937 
1.12484 0.677701 -1.26 -1.3858 -1.20421 1.6672 -0.276234 -0.922246 -1.50026 -2.24206 0.816103 -2.75813 -2.27115 -0.214187 0.209505 0.234586 1.27538 0.142959 0.383141 -0.0458924 0.298266 -0.435649 -0.731006 -0.00700823 0.0326665 -1.05304 0.0545245 0.110282 0.400482 2.32296 0.974126 -0.0595084 1.31123 0.301551 2.96382 1.5883 1.58582 3.51787 1.98849 
1.07742 0.825053 -0.788875 0.134053 -0.808246 2.08686 0.653974 -0.568851 -0.275402 -1.54856 1.57933 -1.60062 -1.41165 -0.159666 0.12055 0.494035 1.02653 0.835575 0.180524 0.397878 0.133681 1.09471 -0.0159612 0.339191 1.81971 -0.154865 -0.0817854 -0.143007 0.328379 -4.46199 0.441527 -0.625633 -1.10089 -0.789205 1.28113 -0.476372 -1.15017 0.927738 -0.00430989 
0.965175 0.798251 -0.765967 -0.359275 -0.36863 1.84772 0.121644 -0.788564 -0.405544 -2.25802 1.15529 -0.938418 -2.42601 -0.295973 0.0664975 0.562964 -3.18661 0.584486 -0.242492 -1.14679 -0.490939 0.845479 -1.20738 -1.15718 0.960405 -1.05735 -0.135846 0.181853 0.183736 -2.14562 -0.269925 0.23285 -1.48798 -0.355713 -0.179959 -0.127026 0.101034 -0.0162035 0.157386 