-0.89587 -0.885707 1.07329 -0.116592 0.626113 0.96243 -0.110008 1.18525 0.681369 1.05659 -0.107787 0.260214 0.214215 0.216128 0.153867 0.0865269 -0.169112 0.175461 0.546999 0.211012 -0.450783 0.799791 3.12286 0.267825 -0.524189 -0.981707 0.917317 0.775359 -1.29083 -0.196562 -0.191542 -0.0551011 0.453325 -1.47211 -1.21494 -2.53007 -0.560464 -0.130124 0.298124 
-0.879032 -1.06133 0.752573 -0.360612 0.920136 1.46586 -0.0444331 0.742557 0.620318 1.44595 -0.188952 0.645472 0.22072 0.0214467 -0.110347 -0.217539 -0.313154 0.434571 0.907329 0.343316 -0.286854 -0.533574 -1.47348 -0.668252 0.13009 0.512339 -0.298953 0.0309676 0.0913743 0.284701 -0.164803 -1.23864 -0.352686 0.660285 -1.07352 -4.5134 0.283767 0.616301 1.89453 
-0.874423 -0.996054 0.855749 -0.429746 1.06068 1.86976 0.233308 0.898397 0.147795 -0.416891 -0.776039 0.390305 0.726554 -0.0828244 0.184835 0.177901 0.115589 0.0106585 -0.691642 -0.141674 0.209503 -0.273729 -1.39054 0.551592 0.0921112 0.91282 -0.10184 0.47382 0.357942 0.523221 -0.639856 -1.47095 -0.265053 0.505236 0.27933 0.628461 0.436158 -0.114882 -0.439348 
-0.961856 -0.876499 0.930474 -0.245023 0.930794 0.774217 -0.186107 0.95206 0.346589 0.055411 0.362641 0.737584 1.13354 -0.0803936 0.363473 0.140403 0.210068 -0.205285 -0.563618 0.078264 0.218382 -0.254244 -0.845017 -0.232094 0.0152088 0.0729908 0.0429994 -0.700899 -0.426393 -0.313835 0.0703608 0.85829 0.438104 0.323398 0.61282 0.724052 -1.11609 -0.609511 -0.793644 
-0.954817 -0.632581 0.996152 -0.219678 0.855399 1.30614 0.311572 1.11678 -0.106449 -1.26191 -1.00813 0.405513 0.799545 -0.039825 -0.516064 -0.248492 -0.198246 0.0810193 0.166648 0.296429 0.532901 0.339091 -0.66649 -0.5645 -0.5174 0.119176 0.122988 -1.07844 -0.255723 -0.712932 -0.319775 0.292487 -0.638279 -0.421293 0.521928 1.09958 0.703863 0.352187 -0.194942 
-1.00168 -1.39256 0.681982 -0.443269 1.01181 0.940865 0.110322 1.48496 0.68568 -0.611079 -0.20186 0.220184 1.25272 0.0425946 -0.714965 -0.11532 -0.502865 -0.52506 -0.271131 -0.560015 -0.202911 0.267684 0.254566 0.471769 0.367396 -0.121951 0.143234 1.13755 0.550601 0.403692 -0.329514 -0.308694 -0.460808 -1.26633 -0.285829 1.67659 0.204523 0.699168 -0.0691199 
-0.912222 -1.34755 0.880832 -0.722543 0.33034 1.03501 -0.248443 0.913868 0.161235 -1.00734 -0.536364 0.772909 0.677594 0.103409 0.621482 0.302109 0.205446 -0.248495 -0.142046 -0.164379 -0.733427 0.0532618 1.0101 -0.359977 0.181768 0.0500559 -0.0489722 1.17048 0.0902721 1.13663 1.24596 0.794306 0.906608 0.610259 0.674483 1.65927 -0.0493369 -0.77508 0.817372 
-0.898272 -0.771081 0.984091 -0.237823 0.763318 0.798819 -0.0540568 0.751534 0.738942 0.399018 -0.561836 0.401952 1.30277 -0.0063777 0.455514 -0.0250479 0.633764 0.720897 0.523175 0.346593 0.407348 0.942167 1.91384 0.422432 -0.407685 0.695421 -0.0825017 -0.714146 -0.64005 -0.158861 0.45326 0.498235 0.179405 0.79875 -0.118604 -0.114481 1.71669 -0.339633 -0.564699 
-0.9186 -0.892032 0.855784 -0.0887789 1.05124 1.55818 0.0981501 1.32122 1.1034 0.906496 -0.113931 0.365225 1.37302 0.0209072 -0.0926642 -0.337941 0.0465849 0.204765 0.356189 0.0150259 0.0653233 -0.0653425 0.895616 1.35671 -0.157864 -0.514643 -0.0884977 -0.363376 -0.0255615 -0.603201 -0.583107 -1.57785 -0.255288 -0.46059 -1.26562 -2.96412 -1.71489 0.242458 -2.35543 
-0.877365 -0.863745 0.64615 -0.191238 0.968084 1.15501 -0.0390309 0.816857 0.6736 1.29463 0.794873 0.244088 0.788128 -0.0948754 0.0921374 -0.0506094 0.0305629 0.137789 -1.05468 0.0913045 -0.0532422 -0.323451 -1.05029 -1.29246 -0.165226 -1.66001 -0.0619776 -0.251949 0.591721 -0.318274 -0.700168 -0.706749 0.0293991 0.659876 0.183133 -2.84628 -2.22323 0.60463 1.43494 
-1.01348 -0.799895 0.805174 -0.058216 1.18903 0.50351 0.189455 1.26797 0.779951 -0.143791 -1.40639 0.199998 -0.28699 -0.0410705 -0.344613 0.25378 -0.271689 -0.495402 -0.35056 0.044425 0.7252 0.11779 -1.95066 -0.866523 0.446766 0.920293 0.197749 -0.340525 0.058682 -0.601554 -0.452971 1.50507 -0.531859 -0.00932722 0.0186121 0.317908 1.92032 2.13569 3.6591 
-0.918435 -1.20836 0.89993 -0.462927 0.472682 0.804449 0.00539405 1.54206 0.79139 -0.656029 -0.0716505 0.690854 1.70842 0.102874 -0.248387 0.00807261 -0.570992 -0.315182 0.450394 -0.440555 -0.0625694 -0.304839 -0.732379 0.627868 1.97047 1.99909 0.0176798 0.674671 -0.450558 0.198885 0.878356 0.419547 0.215009 -1.60219 -0.571302 3.95471 1.03344 -0.883679 -1.96554 
-0.910601 -1.04828 0.813247 -0.629208 0.873844 0.953904 -0.2511 1.2054 0.475112 -0.876169 -0.778519 2.17047 1.7121 -0.0233906 0.330058 -0.196778 -0.0728038 0.382954 0.0689869 0.259434 -0.87699 -0.453512 2.00405 0.16692 -0.436913 -1.04525 -0.0842459 -0.079602 -0.0623452 0.781472 -0.046439 -0.754781 0.34393 -0.308435 0.323141 2.41428 -0.391741 -3.74431 -2.54542 
-0.941826 -0.878301 0.703152 -0.535731 0.855635 0.873436 0.264828 0.665067 0.337878 1.34802 0.0952693 0.253941 0.663174 0.0186282 -0.327989 -0.0542726 0.21048 -0.361621 -0.304387 -0.0966248 -0.371005 0.0183025 1.6819 0.236127 -1.77385 -0.546324 -0.016725 -0.555257 0.291138 0.213161 -0.398981 -0.256595 -1.4506 0.613653 0.567446 -2.73213 -0.310695 0.800883 0.55234 
-0.891973 -1.37627 0.758974 -0.418727 0.512223 0.649516 -0.347725 0.8344 0.493415 0.805733 -0.542393 0.396619 1.16578 -0.0401156 -0.225199 0.0943602 0.140357 -0.0160278 -0.187608 -1.19116 -0.263338 0.113934 -0.728081 -0.143776 0.36397 -0.492908 -0.115856 0.635459 -0.0437484 0.0537485 0.766981 0.442734 0.136787 -0.0750878 -0.517232 -2.46958 -0.548252 1.26864 0.0248426 
-0.981942 -1.1035 0.797512 -0.395374 0.839608 0.685828 -0.926334 0.401729 0.451812 0.619936 -0.0485063 0.617911 0.170266 -0.0972283 0.30747 -0.098021 0.264229 0.40536 0.138347 0.0401625 -0.446092 -0.498929 -0.787679 -0.312125 -0.505203 -0.521481 0.138317 0.868553 -0.0607138 0.0147607 -0.0124278 0.518067 2.13637 0.172028 -0.147775 1.64547 0.140298 -1.07915 1.84285 
-0.989202 -1.0688 0.660953 -0.154499 0.917583 0.787863 -0.307563 0.388308 -0.00551428 0.0180537 -0.854518 -0.108584 0.644297 0.0982013 0.643353 0.0336464 0.155118 -0.0284555 0.330459 0.945209 -0.0913091 -0.0338407 0.917387 -0.00347745 -0.715182 1.34994 0.201378 -0.114886 0.450357 -0.313309 -0.632512 -0.0920743 0.490007 0.743256 0.444646 1.12523 1.06807 0.534958 0.554496 
-0.88374 -0.460146 0.831158 -0.240256 0.811152 1.01629 0.018875 0.31042 0.417971 1.53732 -0.0519837 -0.0972711 1.5202 0.10415 0.192584 0.352336 -0.0490804 -0.227151 0.0462726 0.53017 0.297164 -0.0542836 0.337551 0.755946 0.0297547 0.0330144 0.050514 -1.50747 0.344123 -0.233479 0.133313 -0.566625 -0.896125 0.79469 -1.22098 -1.01851 -0.508227 0.409532 -2.11231 
-0.885052 -0.876217 1.01329 -0.203579 0.690432 0.834136 0.222607 0.685472 -0.0597978 0.355605 -0.0985717 -0.0788292 0.677311 0.148715 -0.86412 0.377769 -0.0783607 0.104857 -0.236166 0.0490835 0.703381 -1.25482 -0.101121 -0.511705 -0.30565 -0.762375 0.0296478 -0.906177 -0.29202 -0.46643 0.565527 0.221627 -0.675704 0.0956434 0.212541 1.89688 -0.582939 0.937984 0.173012 
-0.735025 -1.32427 1.20893 -0.318616 0.916009 0.78012 0.0679585 1.0138 -0.836853 1.4362 -0.563688 -0.402921 0.757829 0.133797 -0.713593 0.0603164 -0.515511 0.338376 0.2679 -0.145534 0.392807 0.158257 2.23443 0.173007 0.967738 0.206026 0.115435 1.65322 0.213199 0.738375 -0.358416 -0.266558 -1.34512 -1.03009 0.842848 -1.7912 -0.0287034 -0.403818 0.120698 
-0.751254 -1.58981 1.07361 -0.71909 1.02881 1.10204 0.077073 1.07828 0.0984595 2.59004 0.0744353 0.888909 0.883337 0.264151 0.789102 0.590968 0.660014 -0.253559 -0.502724 -1.29604 -0.326705 -0.411976 -1.89232 -0.540408 -0.709468 -0.641677 0.389362 2.11167 0.558853 1.28311 -1.01267 -1.51078 -0.861196 -1.26284 -2.24668 -3.51261 -0.170056 -3.26735 -1.34817 
-0.470874 -0.535165 1.7999 0.341398 0.662451 0.277396 -1.22808 0.687096 -1.24883 -0.456118 -1.1041 -1.11239 0.116152 0.523159 1.39807 0.61917 0.767602 -0.674298 -1.24288 -1.00673 -0.870034 -2.08843 -1.27818 0.00295089 -2.29961 -1.14215 0.328227 -0.0240591 -0.911531 0.494637 -0.531161 -0.515295 1.23759 -0.438503 1.16515 1.45912 1.57223 1.87743 1.18455 
-0.228095 -0.191738 1.69278 0.0485118 0.35451 -0.140847 -0.929658 0.208246 -1.98997 1.31186 0.0773862 -1.4107 -0.258809 0.592378 0.765043 -0.320562 1.15465 -0.78472 -1.01802 -0.0584446 -0.765208 0.753173 -0.433201 1.03182 1.16797 0.542875 0.138394 -0.855458 -1.34882 0.617962 -0.221768 0.961538 -0.369708 0.0206775 3.64726 -1.43039 -0.448837 2.84093 1.24017 
0.121503 0.229878 1.47933 1.49605 -0.122269 -0.740623 -1.28652 -0.0781119 -0.495656 -0.889319 -0.0722791 0.0555764 0.659028 0.661553 0.542614 -0.729647 1.38556 -0.896066 -0.281344 -1.37644 -0.849356 1.55883 -2.70857 -0.445886 0.541316 0.0980191 -0.460641 -0.824923 -0.776566 -0.981794 1.17651 1.21498 -0.636571 -0.0360094 -0.0356669 -0.00710455 -1.6504 -2.89423 -1.42479 
0.433458 0.350877 0.963129 1.43408 -0.541557 -0.422192 -2.3061 -0.641111 -0.431132 -1.39671 -0.3685 -0.869388 -0.16079 0.131737 -0.05988 -1.09713 0.172857 0.391792 0.196961 -0.695016 -0.801218 0.717506 -0.440305 -0.618586 -1.72626 -0.881913 -0.56328 -0.224065 0.274115 0.418929 1.40535 -0.594502 1.92489 0.426545 -0.179402 1.6194 -0.224153 -0.277199 -0.664621 
0.25324 0.169998 0.382205 1.66891 0.269523 -0.543662 -1.98154 -0.87933 0.22185 -1.32962 -0.690865 -1.67068 -0.222886 0.0982728 0.318549 -0.455532 1.80449 0.50928 -0.875847 0.548451 -0.422811 1.37943 -1.08917 -0.670039 0.264116 -0.566602 0.530191 0.262064 0.593637 1.56915 -1.08431 -1.09345 0.653069 0.29312 0.882248 0.157175 1.63389 2.28293 0.658168 
0.531731 0.669426 0.507598 3.23857 -0.0322764 -1.29804 -1.75765 -1.06392 0.9483 -2.48588 -1.03854 -0.605272 -0.727392 0.661928 0.202184 -0.503491 1.74201 -0.692515 -0.89649 -0.0419466 -0.508097 1.59975 -0.283131 1.01531 0.556672 -0.223746 0.372656 -0.522502 -0.708964 -1.79525 -1.07917 0.775576 -0.896796 0.549968 -1.16787 1.43123 2.1308 -0.273793 1.6697 
0.915168 0.372182 -0.121286 3.41091 -0.422992 -1.44015 -2.02348 -1.38743 1.8216 -1.61275 0.324443 -1.11401 -0.446632 0.470929 -0.203953 -1.1645 0.00924547 -0.56989 -0.10027 -0.348345 0.127157 0.211561 0.342065 1.46076 -0.00967699 1.10309 -0.239302 -0.569707 -0.103866 -2.72413 0.39607 0.760692 0.239733 1.11269 -2.35316 0.247648 -1.561 1.14845 0.604294 
1.00266 0.465473 -0.656898 3.24781 -0.602166 -1.39831 -2.10599 -0.936764 1.15986 -2.14382 0.422221 -0.614949 0.375702 0.422625 -0.367523 -0.607357 -0.982124 -0.296445 -0.135798 0.197786 0.60459 -0.753407 -0.035483 -0.54569 1.70512 0.380548 -0.0151868 -0.266133 0.789887 -0.753681 0.187935 0.323223 0.660714 0.100901 0.25467 0.584931 -1.98101 0.310701 -0.146595 
1.33779 0.00465848 -0.728644 2.42879 -0.719437 -1.57595 -1.8257 -0.782837 1.0682 -1.64824 -0.221247 0.591109 -0.0660833 0.455742 -0.470086 -0.374608 -0.744436 -0.381955 0.222953 0.312369 0.228058 0.466231 0.926996 -0.520252 0.301024 0.956499 -0.260315 0.469868 0.407317 0.349932 0.0348021 1.00025 0.0647964 -0.874318 1.61377 0.536577 0.446239 -2.87283 1.19418 
1.4584 -0.00461221 -1.03151 2.50338 -0.984122 -1.17536 -1.79362 -0.708706 1.62609 -1.21682 -0.0980314 -0.313925 1.3322 0.16231 0.102344 -0.200041 -0.632191 -0.261642 0.864448 0.262583 -0.269728 0.860368 0.501094 -0.0994508 -1.16771 1.57473 -0.34332 0.499408 0.385331 -0.245954 0.779114 0.0296502 -0.0290579 -0.139886 -0.66535 0.266073 0.39942 -0.00166087 -1.82377 
1.5001 0.107003 -0.928684 1.7966 -0.981079 -0.711502 -1.56312 -1.05256 1.92856 -1.14714 -0.320697 -0.576599 1.50864 0.112422 0.0293228 0.010723 -0.990389 0.397159 0.252603 0.283311 0.0881721 -0.199118 1.19307 -0.120833 0.299363 -0.867274 -0.0410227 -0.232366 -0.0251378 -0.183229 0.667944 -0.717615 -0.479185 0.0207519 -1.11596 0.734667 0.699338 1.5908 -3.44394 
1.57082 0.0247105 -1.02078 1.51299 -0.586962 -0.922752 -1.51031 -0.620534 1.42697 -0.0237496 -0.218864 -0.0145626 0.464927 0.121287 -0.130021 -0.225179 -0.815421 0.406301 0.146834 -0.216602 -0.248976 -0.25559 1.23576 0.599888 0.423089 -1.86921 -0.135674 0.503676 -0.546959 0.116505 -0.883866 0.551147 -0.117586 -0.797537 0.351957 -1.58962 1.24836 -1.13854 -0.930928 
1.62139 -0.0230186 -1.15386 0.981175 -0.574777 -0.564668 -1.77972 -1.30154 1.67297 0.0886175 0.27919 -0.153509 -0.360565 -0.0232511 0.532999 -0.536236 -0.873884 -0.486707 0.803751 0.165724 -0.709365 0.152838 -0.396548 1.12752 -0.83918 -1.7982 -0.20904 0.717875 -0.173398 -0.471919 -0.962847 -0.102725 1.31026 0.0559997 -0.830312 -2.76993 -0.534326 -2.16113 -0.564007 
1.54757 0.55771 -1.55702 0.639105 -1.07367 -0.119002 -1.34459 -1.3299 1.57981 -0.420298 0.90866 -0.853742 -1.33327 -0.0877525 0.587853 -0.398577 -1.28734 -0.556546 0.0441087 1.09366 -0.192977 -1.0859 -1.53417 0.0655612 -1.73804 -2.43322 -0.0290317 -0.162846 0.343546 0.530266 0.142444 -0.874747 1.26737 0.836388 -1.5676 0.231564 -1.03609 0.253421 0.870789 
1.53364 0.564835 -1.55244 -0.306165 -1.13132 -0.52056 -0.68606 -1.49452 0.587073 -1.44555 0.344751 -1.89155 -2.79378 -0.0522828 0.370153 -0.192689 -0.343618 -0.344263 -0.0709966 1.4331 0.127023 -1.41477 -0.164984 0.0914354 -0.585759 -0.927412 0.100624 -0.480456 0.297053 1.97496 0.040762 0.414983 0.0394408 0.357361 -0.0243031 3.01942 1.50712 2.46457 3.54807 
1.49529 0.927863 -1.74971 0.295487 -1.41793 -0.189998 0.0885095 -1.20288 0.165046 -0.585282 1.0001 -1.4395 -2.26069 0.0128716 0.107397 -0.101524 0.687616 -0.515784 0.459091 1.1331 0.164385 -1.1102 1.48525 1.57269 0.726535 1.11486 0.0468857 -0.789201 0.688448 0.0264145 0.11355 -0.118552 -0.645528 -0.696161 0.212332 1.60209 1.04761 1.15326 1.25658 
1.54651 0.672232 -1.65396 0.381451 -1.64711 -0.0614684 0.447038 -1.33013 -0.523132 0.039704 1.91744 -1.16501 -1.67893 -0.00539712 -0.419048 0.495759 -0.317204 -0.230714 -0.189549 0.78757 -0.569138 -1.20243 1.43711 1.13904 0.567497 0.329173 -0.110926 0.244415 0.42692 -0.296616 0.104749 -0.500523 -0.907171 -0.0762687 1.4753 -1.05982 -1.14336 -0.264813 -0.635483 
1.48989 0.508815 -1.25395 -0.0217165 -1.64865 -0.379547 0.876079 -1.77201 -1.03739 0.851826 2.13914 -0.872004 -1.93151 -0.0980545 0.351813 0.325396 0.391 -0.411035 -0.0414315 0.225927 0.0881158 0.365095 0.425436 0.429322 0.461722 0.479373 -0.0101377 0.551673 -0.299389 0.627838 0.110438 -0.471006 -0.797975 1.06131 1.75864 -2.0268 -1.16498 -0.557979 0.244245 
1.44846 1.02404 -1.32857 0.772451 -2.05814 -0.1029 0.672965 -1.24202 -0.158036 0.46514 2.34676 -0.703288 -1.19955 -0.0155349 0.132625 0.19637 0.310635 -0.120276 -0.660555 -0.0104051 0.492169 0.556206 -0.589689 -0.0259343 0.0095183 0.573418 0.0213232 -0.495503 -0.492726 -0.685241 0.720421 -1.309 -0.0981202 -0.495483 -0.874525 -0.804018 -1.23655 -1.18787 -0.613363 
1.47436 0.64144 -1.05758 0.288918 -1.76892 -1.0401 0.865674 -1.27985 -0.481182 0.262136 2.1132 -0.862485 -1.3581 -0.0767314 -0.14369 -0.16733 -0.294241 0.309387 -1.35043 0.127807 -0.407368 -0.509429 -0.378582 -0.807223 -0.726144 -0.13399 -0.110477 0.343059 -0.686159 -0.134527 0.378914 0.3159 -0.241451 -0.361426 -0.675103 0.218466 0.221538 -0.310916 -1.03623 
1.37172 0.880355 -1.4959 0.47821 -1.74875 -1.45333 0.800771 -1.64938 -0.667466 0.0865579 1.53954 -1.42943 -1.33354 -0.126012 0.475684 -0.489788 0.176108 0.258638 -0.344655 -0.251857 0.130743 -0.118897 -0.371223 0.195603 -0.301397 -0.462808 0.00598141 0.302945 0.17577 -0.322843 0.57101 1.55209 -0.93317 0.853781 0.604686 0.103157 2.72861 2.41171 -0.965857 
1.34835 1.11712 -1.54737 0.465026 -1.51028 -1.38476 0.613818 -1.1491 -0.600079 -0.109087 2.30881 -1.16388 -1.8209 -0.07075 0.159255 0.00844022 -0.617084 0.880397 0.201659 -0.805364 0.446413 0.0952569 -0.275426 1.92138 1.68557 -1.09985 -8.24509e-005 -0.281603 0.465021 -1.2346 0.649148 0.611719 -0.570766 -0.127868 0.637378 0.589308 0.0478149 2.68636 0.634128 
1.30097 1.03961 -1.48746 -0.138874 -0.868357 -1.25167 -0.00459241 -1.20297 -0.572209 -0.188868 3.46092 0.256136 -2.43339 -0.126094 0.194081 -0.0247674 -1.05849 0.907786 0.267064 -0.822623 0.0028744 0.518481 0.218084 0.243418 2.38496 0.171319 -0.0891901 0.194564 0.0528252 -0.959658 0.0326345 -0.43182 0.454016 -0.541163 -0.33092 1.17646 -4.36298 -0.661311 2.82202 
1.22225 1.31121 -1.57213 -0.593464 -0.602498 -1.11769 -0.208805 -1.14623 -0.081598 0.108997 2.55222 1.22108 -1.64958 -0.15994 0.353818 0.0612655 -1.57674 0.913031 -0.23016 -0.351348 -0.0947504 -0.235663 0.901039 -2.44159 1.02426 1.72217 0.0439488 -0.169451 0.223017 0.626508 0.231478 -0.607828 0.566202 0.0229869 -1.16771 1.02524 -0.845891 -1.15518 0.86656 
1.14103 1.39343 -1.42619 -1.71562 0.0446741 -1.48183 -0.355941 -1.29772 -0.807872 0.712171 1.01933 1.28039 -0.711216 -0.0821452 0.0246296 0.198249 -0.431983 1.13926 -0.340764 -0.25642 0.0258613 -0.649227 1.24333 -0.602473 1.22979 1.03788 0.120795 -0.351287 -0.232541 2.49891 -0.665129 -0.0874301 -0.063758 0.10646 0.797083 -0.806366 2.17941 -0.23446 -2.45559 
1.14011 1.33583 -1.37388 -1.02545 0.536766 -1.45846 -0.465225 -1.12037 -0.730825 1.35233 1.94975 2.45087 -0.611705 -0.0391449 0.00253113 -0.171276 0.922172 0.247902 -0.31759 -0.415106 0.0117097 0.56142 0.0946724 -0.26218 0.789797 -0.73342 -0.00944186 0.124836 -0.433811 0.680532 -1.34797 -0.00840303 0.0419031 0.0843438 0.756512 -2.67744 -0.444587 -1.28726 -1.22729 
1.10189 1.39596 -1.59747 -0.793443 0.292576 -1.79942 -0.771047 -1.28601 -0.246452 0.806843 0.757149 2.07019 -1.44464 -0.0915871 0.149466 -0.235562 0.248549 -0.208708 -0.349167 -0.214517 0.110205 0.107285 -1.43412 -1.04706 -0.0574786 -0.189407 -0.0663776 0.495498 -0.107602 -0.965694 -1.0032 0.4311 0.996385 0.270817 -1.96743 -2.24778 -0.150856 -1.17252 0.891429 
1.04852 1.4853 -1.60945 -0.776898 0.328058 -1.80762 -0.679743 -1.01016 -0.62354 -0.081789 0.902692 2.39339 -0.801112 -0.105523 0.498029 -0.278878 -0.0435218 -0.755299 0.113509 0.581278 0.282527 -1.40601 -2.1531 -0.413037 -0.382721 0.15801 0.103907 0.0054047 0.188726 -0.421571 -0.675048 0.467214 1.42025 0.0972714 -1.17849 -0.197291 0.768415 -0.720028 -0.115069 
0.996367 1.89399 -1.87635 -0.836965 -0.462722 -1.68591 -0.189769 -1.00349 -1.65246 -1.34626 0.344113 1.68747 -1.28663 0.0123199 0.15487 -0.0468359 -0.173022 -0.883756 0.118047 1.20574 0.207477 -1.0712 -1.63141 -0.278645 -0.777507 -0.304476 0.194105 -0.876361 0.608673 0.415223 0.336321 0.0404798 0.602589 0.0439843 1.51856 1.86588 0.725099 -0.723896 0.0908802 
1.06084 1.64017 -1.65628 -0.94992 -0.555698 -1.68958 0.525993 -0.802686 -1.69474 -1.7132 0.624047 1.61588 -1.10559 0.0885826 -0.378332 0.329795 0.371701 -0.418978 0.153989 1.18387 0.326511 0.112549 -0.287221 0.312063 -1.10662 0.24889 -0.0136881 -0.506027 0.607997 1.65962 0.289766 0.214738 0.0353313 -0.25061 1.22301 3.34338 1.69561 0.134978 0.355675 
1.08495 1.51566 -1.54655 -0.465263 -0.881701 -1.53193 0.994099 -0.676975 -1.53992 -1.63348 0.656175 0.580852 -1.03774 -0.00136819 -0.351157 0.561161 1.4866 -0.59399 0.332784 1.24107 -0.0431334 0.151808 1.71198 1.41697 -0.642529 0.051199 -0.116986 -0.0708766 0.216178 0.918039 -0.0572731 -0.136555 -0.566112 -0.6341 -0.180203 1.96863 0.00766036 -0.0670885 -0.373839 
1.05947 1.28901 -1.09512 0.536683 -1.14969 -1.35679 1.76706 -0.845819 -1.54294 -0.00121904 2.04102 0.973351 -1.05439 -0.0284034 -0.449209 0.545973 1.28974 -0.476251 0.0174341 0.617756 -0.307589 -0.0676542 1.68141 0.319723 -1.17371 -0.124949 -0.0689485 0.321852 -0.380456 -1.17048 0.188948 -0.0952942 -1.4893 -0.450057 0.227927 0.00856488 -3.03178 -0.997661 -0.0800874 
1.05655 1.06645 -1.00058 0.824477 -1.35795 -1.51449 1.61185 -0.984564 -1.60757 0.0479272 0.975898 -0.592854 -1.16269 -0.0703166 -0.0293046 0.180704 0.316122 -0.405042 0.23749 -0.248237 -0.493191 0.379734 1.72054 -1.61481 -1.64019 -0.0288884 -0.058882 0.671407 -0.454904 -1.75786 -0.0172135 0.765926 -0.548119 0.0266114 0.570835 -0.484113 -1.75216 1.15727 1.20401 
0.989155 1.25971 -0.914417 0.852805 -1.55473 -1.1193 1.51882 -1.33901 -1.1632 1.71932 0.426204 -0.666839 -1.08328 -0.0872854 0.222198 0.0910694 -0.468124 -0.493465 0.78336 0.0696364 -0.280977 0.503181 1.1973 -1.43243 -0.0164315 1.07906 -0.0350143 0.1163 -0.0021167 -0.989938 0.042155 0.136646 0.675001 0.69902 -1.17553 -3.11509 0.210245 1.71637 0.831201 
0.96926 1.28865 -0.909508 0.356353 -1.85142 -0.731131 1.68149 -1.26554 -1.10439 1.24522 -0.456535 -0.609286 -0.0836249 -0.105331 0.0869949 0.178588 -0.673815 -0.362887 0.374136 0.426764 0.205829 -0.795795 -1.39455 -1.40457 0.0761771 0.802313 -0.038906 -0.0877962 0.0384021 -0.467538 0.666792 -1.05079 0.160644 0.689672 -1.14749 -1.88886 0.349465 -0.968488 -0.995222 
0.883824 1.3467 -0.73583 0.17899 -1.91762 -0.745167 1.94559 -1.13318 -1.959 0.324769 -0.978363 -0.590662 -0.280964 -0.126191 0.134402 0.129472 -0.935662 0.173327 -0.267434 0.230281 0.408695 -0.644304 -0.691569 -1.08297 -0.984919 0.0838385 0.0322866 -0.146122 0.0257079 0.190013 0.603864 -0.886878 -0.0762223 0.259262 0.98288 1.13482 1.03079 -1.20943 -0.355903 
0.843069 1.42305 -0.780037 -0.579308 -1.67809 -0.998565 1.91177 -0.856846 -1.74869 0.553654 -1.5395 -1.5942 0.000213592 -0.0730443 -0.0591267 0.204296 -0.483803 0.240977 -0.512742 0.350541 0.465091 0.187085 -0.259735 -0.37378 -1.13325 0.44641 0.0341477 -0.196233 -0.00484941 1.80213 -0.204849 0.298337 -0.0436341 -0.219441 0.913069 0.580545 1.81847 1.42251 -0.258991 
0.810779 1.28758 -0.531534 -0.304813 -1.67664 -1.25791 2.29613 -0.668089 -1.77191 0.0650334 -1.35214 -1.72391 0.165446 -0.0920437 -0.0618311 0.124622 0.866467 -0.0315214 0.0309027 0.186647 0.189253 0.268764 -0.111024 0.735505 0.437591 -0.175153 -0.123951 0.165326 -0.129214 1.09918 -0.0162158 1.3109 -0.653402 0.073546 0.0502003 0.142979 1.49168 2.02113 -0.736266 
0.751025 1.36122 -0.655415 0.287159 -1.70961 -0.967662 2.09842 -0.667593 -1.47993 0.442631 -0.803999 -1.15661 -0.174939 -0.196996 0.106199 0.0750816 0.61538 0.224761 0.798161 -0.30286 0.538637 0.237285 -0.116756 1.1179 0.887878 -0.289856 -0.195873 0.1934 0.259378 -1.34718 0.890164 1.0513 -0.752618 -0.176574 -0.512062 0.470705 -0.900391 -0.419076 0.878828 
0.613784 1.39378 -0.456452 0.310566 -1.45188 -0.459748 1.99327 -0.129452 -1.53463 -0.051723 -0.234239 -0.836035 -0.124409 -0.287917 0.131569 0.384 -0.480709 0.858643 1.0822 -0.565971 0.0126795 -0.243298 0.359682 -0.164886 0.0185148 0.703675 -0.0734399 0.0526794 0.279248 -1.91724 0.444464 -0.499032 -0.48062 -1.00405 -0.154265 0.978142 -1.49852 -1.68203 1.31108 
0.463109 1.49279 -0.271414 -0.19355 -0.850968 0.114542 1.53245 -0.654913 -1.72323 0.802312 -0.968885 -1.1381 0.528736 -0.270435 0.158879 0.354329 -1.30186 0.669226 0.299129 -0.78348 -0.465417 0.0830206 0.861386 -0.380614 -0.794157 1.02122 -0.0202432 0.0165991 0.063827 -1.34991 -0.246722 -0.514665 -0.744231 0.415916 0.819781 -1.46919 0.352221 -0.0967096 -1.20828 
0.343348 1.55266 -0.102123 -0.991289 -0.782652 -0.160619 1.20979 -0.594869 -1.45161 0.809663 -0.614853 -1.63019 0.896812 -0.30816 0.148168 0.447827 -1.83062 0.611921 0.567539 -1.3102 0.428595 0.576483 -1.10951 0.187335 -0.0781947 -0.504607 -0.310765 -0.982277 0.186932 0.681069 -0.326377 0.537179 0.251313 0.673434 0.283371 -2.71377 -0.448298 1.13164 -3.0053 
0.154948 1.64095 0.176413 -2.02417 -0.239047 0.682081 0.222245 -0.226318 -1.14674 -0.3072 -0.781549 -1.21629 0.024129 -0.5812 -0.823398 0.541261 -0.620787 0.342849 0.836308 -0.532167 0.208017 0.366391 -1.85238 -0.828912 0.33748 -1.98408 -0.201397 -1.3963 -0.0698891 2.41691 -0.267012 0.0316028 1.97199 0.0342048 -0.128159 0.843836 -0.675758 2.11544 1.23978 
-0.237852 0.729258 0.439138 -1.61208 -0.439803 0.675689 0.677621 -0.386852 -1.08521 -1.04272 -1.44376 -1.29271 -1.08727 -0.509557 -1.24813 0.377938 0.586291 0.344909 0.599142 0.661791 0.4628 0.448324 -0.265676 -0.488422 2.03725 0.735174 0.145366 -0.0618984 -0.359401 1.50104 0.65022 -0.542872 0.446159 1.62207 0.665364 1.26731 1.37385 0.885861 3.84887 
-0.354609 0.392823 0.554351 -1.43788 0.105862 1.28122 0.884036 0.236482 -0.698419 -0.572876 -1.26997 0.820956 0.759303 -0.435834 -0.885296 0.18186 0.880256 0.993069 0.293437 -0.0860087 1.83009 1.03176 -0.585071 0.544936 1.22334 1.86479 0.0875204 0.200717 -0.309625 0.299971 0.153829 -1.1107 -1.66721 0.27751 0.337415 0.472607 1.50685 -1.60179 -0.328822 
-0.673686 -0.156038 0.620998 -0.73182 0.553266 0.969126 0.591612 1.44324 -0.0534591 -1.62779 -0.898828 -0.0693721 0.777516 -0.422037 -1.04741 0.0683131 0.886262 0.498738 -0.511556 -1.00542 0.74031 0.785739 0.206931 1.01842 0.435464 0.406352 0.199611 0.344168 -0.183748 -0.185786 -0.525986 -0.438548 -0.0366001 -1.89998 -0.230556 2.98394 -0.284868 0.464619 -2.08543 
-0.776646 -0.65459 0.622665 -0.551614 0.6046 0.769667 -0.121385 0.976792 0.0873195 -0.365945 -0.251548 1.25642 1.16566 -0.236223 -0.541128 -0.00188782 0.69447 0.467084 -0.145111 -0.122609 -0.069888 0.801199 2.39887 0.260068 1.68796 -0.220647 0.305508 1.12351 -0.0459593 -0.224019 0.147527 0.807308 1.21466 -0.872905 -0.0889195 1.64173 -0.204101 -1.63619 -1.08965 
-0.909909 -0.697166 0.61911 -0.0373494 1.02035 0.824015 0.469003 1.37335 0.74774 0.771076 -0.63876 1.61859 0.55687 -0.116529 0.0761 0.0223538 0.662243 0.646265 0.295752 0.209237 -0.132595 0.696819 1.84866 0.814323 -1.20072 -0.683298 0.25157 0.551133 0.0948896 -0.597115 -0.285613 0.145285 -0.298572 -0.553742 -0.499508 -3.09266 0.0150918 -3.28793 0.259344 
-0.893175 -0.57849 0.645018 0.110629 1.25086 1.06542 0.0878512 0.844197 0.784139 1.48271 0.562775 0.0556991 0.482358 0.0153472 0.010005 0.0930018 0.0973555 0.181471 0.000174144 -0.421181 -0.62363 0.301691 -0.69379 0.27516 -1.59997 0.0386974 0.0586655 -0.318339 -0.0298823 -1.26837 -1.1464 -0.454084 0.0224385 0.295595 -0.22972 -3.8507 -1.97501 1.98661 1.32078 
-0.894562 -0.687161 0.712112 0.0600061 1.20182 0.824189 0.0478223 0.749722 1.04943 0.0772865 -0.363601 0.0186132 0.595567 -0.0578638 -0.242239 -0.00752851 -0.606132 -0.500134 -0.158332 0.231675 0.163 0.4671 -2.00204 -1.16068 0.785887 0.637479 -0.123697 -0.437067 -0.330681 -1.10615 -0.532759 -0.232869 0.187067 0.949058 -0.354 1.10578 -0.499648 2.38146 -0.0232618 
-0.951039 -0.82073 0.63749 -0.495503 0.75073 0.907087 0.319526 1.0072 1.25124 -0.519332 -0.597909 0.841586 1.11984 -0.10835 -0.427062 -0.237679 -1.00879 -0.351288 -0.232694 -0.234114 0.325428 -0.0523085 0.411991 -0.224488 0.781491 0.0154356 0.0182218 0.142891 -0.00535231 0.584157 0.58934 -0.447338 -0.583502 -0.485777 -1.07046 3.23108 0.954442 -1.22233 -1.25781 
-1.00291 -1.11422 0.474433 -0.948784 0.850532 0.591494 -0.186292 1.07515 0.997123 0.489277 -0.588089 0.800104 0.611003 -0.039642 -0.0993482 -0.0128808 -0.0219744 0.0892052 -0.60567 -0.351827 -0.322777 -0.603362 1.22904 -0.206242 -0.436447 -0.620334 0.252146 0.716168 0.332069 1.31548 0.476049 0.271836 0.169808 -0.330648 -0.219118 -0.640301 -0.0458886 -2.16452 -0.359297 
-0.990681 -0.920078 0.624609 -0.517477 0.839936 0.301417 -0.0323006 0.68442 0.647876 0.709707 -0.80415 0.405139 0.499503 0.143796 0.289106 0.0943903 0.306693 0.124761 0.0391414 -0.0643063 -0.00521976 -0.271427 -0.22831 -0.270377 -1.38303 -0.343861 0.139352 0.102927 -0.126913 0.08038 0.0782325 0.926551 0.204788 0.565933 0.710035 -1.99439 0.941444 0.368748 0.470789 
-0.859116 -0.825117 0.568824 -0.642091 0.975293 0.630636 -0.250598 1.06993 0.725697 0.260967 -0.858466 -0.582927 0.267142 0.0997096 0.0035791 -0.139794 0.0584056 0.167438 0.320881 -0.147039 0.243155 0.106673 -0.765355 0.735203 -0.0676993 -0.149545 -0.238268 -0.171649 0.0791527 -0.0760694 -0.155148 0.260634 0.666279 0.0766326 0.82811 1.17506 0.454087 1.20782 0.579157 
-0.890971 -0.916499 0.484815 -0.459072 1.00737 0.622298 -0.17934 0.927575 0.754549 -0.0556476 -0.0689476 0.33744 0.349958 -0.0944721 0.117457 0.173543 0.230623 -0.0303866 0.299776 0.601973 0.0714129 0.556683 0.946749 0.18371 -0.175207 0.235296 -0.141057 0.13563 0.181091 -0.184207 -0.453816 -0.715298 0.0127391 -0.78314 -0.0112491 0.408421 -1.58015 -0.874509 -0.817607 
-0.953588 -0.70766 0.742367 -0.411468 0.944907 0.930411 0.351375 1.14134 1.28238 1.20772 -0.674756 -0.758134 0.502438 -0.0413472 0.139209 0.041297 -0.125802 -0.286379 -0.394417 -0.1343 -0.539985 0.0954238 -0.356934 -0.844945 -0.942208 -0.967152 0.120678 -0.195235 -0.340724 -0.366226 -0.0792865 -0.887206 -1.50756 -0.340913 -0.642309 -2.11992 0.0423376 0.591165 -1.21611 
-0.932318 -0.777289 0.526112 -0.584874 0.720995 0.227881 -0.31364 0.38759 0.849973 -0.412581 -0.913893 -0.604768 -0.617194 0.0262064 -0.0777777 -0.167181 -0.135603 -0.109673 -0.58743 -0.90559 -0.2695 -0.0856256 -1.17318 0.226048 0.415959 -0.980815 0.0799079 -0.178161 -0.0720669 0.0509884 0.588667 1.42813 0.689283 0.850513 -0.40014 2.12024 1.2725 1.05388 1.78298 
-0.927382 -0.785437 0.575186 -0.547071 0.835234 0.342981 -0.554214 0.871843 1.19675 0.0345408 -0.448708 -0.342175 -0.478377 0.0385607 -0.0389518 -0.03077 -0.0748133 0.302288 1.03371 0.554983 0.310528 -0.304717 1.7633 0.427552 0.111668 0.815828 -0.111704 -0.0528892 0.281224 0.6876 0.555721 1.19047 1.73352 0.528592 -1.38908 0.827644 -0.0973336 0.0302409 1.95827 
-0.893758 -0.816241 0.495342 -0.659687 1.02328 1.26159 0.241343 0.698118 0.545256 1.35072 -0.48634 -0.493101 0.198633 -0.0854978 -0.130667 0.114044 0.551997 0.446048 0.603043 0.827933 0.259092 -1.4747 -0.345532 0.128714 0.4462 0.977452 -0.115551 -0.0384356 0.309688 0.663386 -0.211682 -1.33147 -0.444682 0.160366 0.20652 -2.39353 0.258931 1.46239 -0.927836 
-1.01288 -0.916104 0.689229 0.00492626 1.28128 0.946024 0.273718 1.13093 -0.277947 -0.310991 -0.319994 0.104025 0.499074 -0.0769902 -0.0773874 0.278918 0.588573 0.0906061 -0.297757 0.110301 0.470894 -0.0981971 -0.630226 0.686483 1.57405 -0.112009 0.200037 0.192709 -0.0825669 -0.851112 -0.965806 -1.24085 -1.45268 -0.627992 1.99834 0.447412 -0.386731 -0.399933 -1.80465 
-0.970748 -0.893629 0.77426 -0.0711138 1.11389 0.963833 0.351644 1.16901 0.447059 0.720494 0.200143 1.08095 0.0866248 0.114539 0.0620417 0.0314766 -0.299115 -0.519758 -0.637809 -0.624747 -0.368901 0.523643 0.10188 -0.258016 0.0462664 -0.8272 0.11552 0.147104 -0.31118 -0.870911 -0.595141 0.147965 -0.402919 -0.90983 0.144054 0.864529 -1.11927 -3.19211 -0.138063 
-0.89834 -0.854063 0.720706 -0.294189 0.761523 0.308215 -0.351028 0.762034 0.245696 -0.209111 -0.57801 0.150292 -0.328126 0.0385297 0.0697165 -0.0322619 -0.282338 -0.504535 -0.149793 -0.292618 -0.438936 0.0458565 0.234303 -0.432787 -1.61805 -0.250071 -0.150974 -0.262514 -0.347246 0.0270336 0.38525 0.981602 0.912068 0.322068 -0.120541 0.00389938 0.296356 1.51399 2.09108 
-0.932218 -0.823912 0.741998 -0.353452 0.609354 0.814041 0.0590265 0.730076 0.492916 0.954797 -0.232644 -0.5371 -0.163447 -0.0364349 -0.200472 -0.31577 -0.272082 -0.134508 0.343793 0.287321 -0.0468328 0.403102 0.105779 0.0383392 1.56025 1.26388 -0.0194689 -0.173222 -0.121022 0.506548 0.702772 -0.322728 0.18789 0.771669 0.222853 0.139778 0.0638518 2.43877 0.634606 