-1.54542 0.445866 0.263411 -0.371287 1.30628 0.279217 1.54944 0.120814 1.16915 -0.564708 -0.368762 -0.920336 -0.239166 -0.0103297 -0.0133081 -0.031883 0.0100052 0.188235 0.672558 0.5314 -0.232929 -0.984518 -0.867223 -0.278116 0.0438212 0.0962287 0.144345 -0.117453 -0.304463 -0.0143139 -0.281644 0.222718 0.170313 0.655997 0.659483 2.25758 2.00855 -1.15512 0.541642 
-1.49898 0.535317 0.110525 -0.359798 1.43631 0.752382 2.14764 0.351568 1.42274 0.0919362 0.0639376 -0.986707 -0.404466 0.0606403 -0.00604852 -0.114667 0.0485027 0.0531127 0.384402 0.233929 0.375727 -0.207927 1.01725 1.70448 -0.33959 -0.220407 -0.00356758 -0.139746 -0.146314 0.0331372 -0.442219 -0.998448 -1.04446 0.0920209 1.03915 1.91858 0.628294 -0.274831 0.558565 
-1.48478 0.439818 0.148744 -0.322784 1.35939 0.66362 1.78337 0.496541 0.961219 0.452542 1.33572 -1.25993 -0.459574 -0.0138973 -0.153054 -0.178197 0.0431424 -0.253984 -0.32589 -0.513056 -0.140908 0.0546332 1.05136 0.350178 -0.23101 0.654794 -0.086553 -0.361913 -0.178689 -0.422024 -0.261252 -0.499705 -0.480562 -0.877977 0.388889 -1.26565 -2.98624 1.50889 1.00344 
-1.51288 0.382263 -0.0676716 -0.316655 1.18233 0.426492 1.63458 0.21066 1.47737 1.1433 0.414116 -1.21772 0.250328 -0.0259127 -0.367962 -0.293356 -0.373521 -0.208139 -0.115303 -0.246633 -0.50225 0.180962 -0.248404 -1.28176 1.1693 0.78303 0.239601 0.0464472 0.327305 -0.244893 0.100479 0.295415 -0.476377 0.178555 -1.43451 -1.95316 0.0776909 2.12539 -0.166212 
-1.51069 0.0718557 -0.144612 -0.696305 1.15125 0.548317 1.53673 -0.00570934 1.14218 0.204138 0.0539521 -0.0906229 0.323457 0.225703 -0.106607 0.149109 -0.20175 -0.153504 -0.030475 -0.989433 0.037647 -1.37987 -0.901799 0.427869 1.89438 0.488582 0.389545 0.392106 0.470926 0.4417 -0.0248714 0.189254 -0.540714 1.17149 -0.950704 0.0554994 0.559148 -2.92134 -2.85491 
-1.28717 0.275656 0.0814369 -0.518406 1.02883 0.396017 0.645151 0.248307 0.0974971 0.241497 0.841984 0.676663 0.73891 0.363632 0.0241445 0.17757 0.0681787 -0.23301 0.0739509 -0.787347 0.669236 -0.769742 -0.192905 -0.722615 -1.75204 -2.07188 -0.0489813 -0.302815 0.283952 0.241936 -8.5596e-006 0.392764 0.942656 0.595535 0.96961 1.82806 -0.107416 -1.8718 -1.11066 
-1.14706 0.0960002 0.0329576 -0.628126 0.918244 0.622268 0.749386 0.663527 0.372439 0.0112337 -0.668663 -1.84266 -1.74842 0.176722 -0.409422 0.43306 0.0401856 -0.153513 0.362289 -0.0467769 0.633182 -0.410263 0.926263 0.320453 0.0225815 -0.622074 -0.336189 -0.372632 0.631502 -0.148484 -0.478344 0.0747915 0.0823999 -0.534919 0.0234649 0.862062 1.45248 3.72107 4.08136 
-1.11045 -0.133765 0.514497 -0.47822 0.875313 0.758306 0.598374 0.881489 -0.312766 1.16776 1.16244 0.699245 0.116836 0.0274432 -0.348487 0.809072 -0.0803054 -0.711355 0.148742 -0.704947 0.134317 -0.746277 0.669157 0.729864 1.96904 2.00949 -0.117206 0.164345 -0.0830569 -0.0121839 -0.0940517 -0.229813 -0.94243 -1.02059 0.356211 -0.241249 -1.86808 -0.481734 0.786422 
-1.11961 -0.252487 0.84203 -0.708432 0.206889 0.77101 0.0444394 0.797844 -0.373838 0.680391 0.0612007 0.126374 0.261067 0.0595158 -0.245077 0.350003 0.0280017 -0.247565 0.132475 -0.989207 -0.387408 -0.0540522 0.685014 -1.54763 -0.459152 0.164348 0.166923 0.080425 -0.902889 0.173186 0.9151 -0.154912 1.02506 -0.0373024 1.26842 -0.049132 -1.38771 -1.47074 -1.05723 
-1.05094 -0.378842 0.864501 -0.450219 0.627749 0.890781 -0.390833 0.494081 -0.366818 1.85277 -0.38519 0.240092 0.281184 0.194366 -0.268062 -0.0938165 0.092881 0.203745 -0.00616991 0.32011 0.0970147 0.522143 0.620025 -0.65785 0.498299 0.952256 0.24523 -0.277266 -0.173441 -0.393151 0.508914 0.151104 1.83871 0.330233 -0.283003 -1.75633 1.93462 -0.500914 -0.548291 
-0.925249 -0.520549 0.748213 -0.615551 0.410634 0.76484 0.364549 0.894859 0.148304 1.30042 -0.596649 0.624673 1.21332 0.304746 -0.522343 0.176563 -0.365149 0.261349 0.283579 0.849507 -0.0571753 -0.337055 -1.07132 0.38699 -0.960066 -0.383943 0.17501 -0.357855 0.732133 -0.337356 0.16763 0.369015 -0.665641 -0.0617341 -0.866266 -0.985538 2.23403 -1.83371 -2.03819 
-0.746189 -0.901185 1.04106 -0.815368 0.889098 1.17436 0.458674 0.436906 -0.703873 0.781458 0.0018001 -0.719974 -0.102758 0.369376 -0.625917 0.638316 -0.244475 0.371375 0.362845 -0.345531 0.0352807 -0.344123 -0.365513 1.57618 -1.33541 -1.08593 -0.00524787 0.0854678 0.27549 0.145562 0.0578155 0.174862 -1.39629 0.775578 1.49899 1.38943 0.436717 1.65123 0.285429 
-0.555873 -1.14647 1.38653 -0.860026 0.782009 1.12769 0.019018 0.930139 -0.195819 0.934903 0.979533 -0.710741 0.127393 0.299498 -0.436875 0.452052 -0.219587 0.319165 0.458441 -0.546779 0.718403 1.16193 0.318118 0.823707 0.691161 -0.098514 -0.251981 0.330843 -0.172493 -0.111801 -0.115095 -0.218075 0.132198 0.245279 -1.01685 0.121662 -3.38662 2.26724 0.649801 
-0.44669 -1.33806 1.49312 -1.03495 1.20826 1.6328 -0.0881048 1.15531 0.45806 1.09958 0.825507 -0.028813 -0.201272 0.117395 -0.295074 0.465823 -0.356276 0.256279 0.14477 -0.213333 0.28056 -1.36098 -0.243851 -1.81044 0.931825 -0.436129 -0.355468 0.241123 -0.290135 -0.0128531 -0.822735 -1.22322 0.161835 -1.04909 -3.59353 -0.879722 -2.59419 -1.84764 -0.105846 
-0.438478 -1.44154 1.85235 -1.2163 1.03829 1.27246 -0.194315 1.2107 -1.55679 0.691051 -0.830906 0.221084 -0.308736 -0.0559693 -0.195752 0.161917 -0.23244 -0.50357 -0.764783 -0.384943 -0.330691 -2.4316 -0.561604 -1.77048 -1.15647 -0.20436 -0.212907 0.437944 -0.464398 0.10359 -0.756947 -0.828958 0.105664 -0.826222 0.49573 0.123489 1.35407 -1.20365 0.198677 
-0.50266 -1.53381 1.65503 -1.2674 0.704693 0.868018 -0.473048 0.824618 -1.97354 0.537972 -0.944974 -1.18529 -0.405633 -0.0955115 0.142869 0.00142474 -0.252686 -0.500668 -0.684187 -0.107669 -0.545662 -0.865245 -0.120363 -0.456364 -0.27183 -0.237452 -0.0261085 0.303555 0.0306936 0.130943 1.46852 0.454976 0.94101 -0.273495 2.30655 1.14799 1.71549 3.06478 1.09612 
-0.533989 -1.29867 1.85378 -1.46899 0.537621 0.588269 -0.301984 0.665037 -2.42204 0.570689 -1.28727 -0.0507453 -0.546187 -0.0820778 0.107803 0.192611 -0.101497 0.96495 -0.309807 0.556066 -0.604186 -0.125046 0.586383 -0.0549867 1.90831 0.891763 0.00377539 -0.141963 -0.236696 0.488888 1.28327 1.10916 1.58235 0.904155 3.79182 1.66895 1.42724 -0.155673 0.232906 
-0.584738 -1.42601 1.84764 -1.36889 1.66964 0.558212 0.0830182 0.220432 -2.09859 1.12435 -0.999961 0.723022 0.486131 -0.0917361 0.000906468 -0.235271 0.236202 0.782607 0.424977 1.47468 0.358493 2.92658 1.54859 0.970873 -0.427503 -0.00454553 0.193836 -0.380011 -0.313875 0.452426 -1.22669 0.341193 -0.809121 1.27308 1.29404 -0.355231 -0.567601 -3.34445 -2.45588 
-0.625725 -1.29776 1.61851 -1.23279 1.32023 1.01325 1.1727 1.02353 0.504539 2.11927 -0.316397 -0.478248 -0.550733 0.111759 -0.272207 -0.121264 0.350929 -0.261741 0.0313858 -0.253055 0.66889 1.16899 0.231152 -0.622588 -1.43614 -1.56411 0.328969 -0.49045 0.217233 -0.107319 -1.04367 -0.588211 -2.27445 -0.360234 -4.02032 -2.56897 -2.25541 0.783754 0.250159 
-0.472979 -1.69822 1.72638 -1.01796 1.4079 0.589597 -0.170037 0.889322 -0.929597 1.35551 -1.62255 -0.713115 -1.07798 0.237233 -0.489543 -0.0180376 0.128883 -0.261064 -0.163234 -0.799765 -0.00174128 -1.09375 -1.02039 -1.28454 0.356251 0.245614 -0.0535232 0.424308 -0.208041 -0.180517 -0.236981 0.00769855 1.12421 -1.07253 -0.707603 -0.533481 3.31551 3.40678 2.56917 
-0.388493 -1.78731 1.60047 -1.1039 1.05916 0.850011 0.372934 1.02179 -0.589207 1.09888 -1.60094 -0.121997 -0.305119 0.0582354 0.152101 -0.329305 0.170412 -0.498722 0.0390843 0.871157 -0.403639 0.461387 -0.302329 2.69292 1.97064 1.00506 -0.34537 1.65516 -0.841968 0.486424 0.172734 -0.306644 1.94344 -0.348992 1.38004 0.0743079 2.32725 0.30964 0.0856538 
-0.414744 -1.54612 1.39707 -0.847551 0.90918 0.628682 0.70112 0.485682 -0.468209 1.05318 1.07037 1.25753 -0.0729265 -0.108137 1.16561 -0.860006 0.615307 -0.0883298 -0.469879 1.14368 -0.350734 0.286297 -0.946081 1.04271 0.665891 0.331268 0.593319 2.64461 -0.262254 0.778827 0.748887 -1.02816 -2.04322 -0.87237 -1.84903 -0.665496 -4.76862 -4.42275 -1.02328 
-0.49663 -0.621695 0.740463 -0.488597 0.970835 0.380132 1.51661 0.671055 -0.302909 0.152804 -0.558227 0.543894 0.0261489 0.651554 2.79671 -0.591559 0.949239 0.250165 -0.989075 -1.17207 -1.27601 -1.38764 -0.967825 -2.0757 -2.45211 -0.0182188 1.56423 0.993774 -0.315537 0.621428 -0.410618 -0.421166 -2.78191 -2.2746 -0.596971 0.655039 -1.0872 -2.68519 1.02834 
0.23681 1.2506 0.805516 0.101688 1.15934 -0.360393 -0.470945 -0.790327 -1.85585 0.0853532 -1.00533 -1.19458 -0.0911453 1.45609 2.15939 -1.17554 1.23673 -0.498948 -0.891045 -1.63823 -2.62533 -0.310674 -0.291042 -0.0444896 -2.0193 1.35961 0.350683 -2.73593 -1.18361 0.215058 -2.45383 1.20981 -0.195573 0.684914 3.52234 0.767483 3.68997 1.19529 1.40962 
0.959462 1.53769 -0.43508 0.748138 0.471887 -0.510912 -0.121617 -1.95427 -0.613583 -0.138239 -0.602716 -1.4754 1.38576 1.00224 0.0607881 -1.77517 1.1643 -2.20366 0.220732 -1.36764 -0.591096 2.1347 -0.200342 1.61427 -1.25682 1.3914 -0.993541 -2.42361 0.55972 -0.40019 -1.25751 1.23039 -0.25542 3.51966 1.24269 0.117562 1.72518 1.84117 -0.903298 
1.23905 1.31139 -0.969656 1.26599 -1.04432 -0.139661 -1.83858 -1.38142 0.278842 -0.114989 0.608933 -2.45141 1.30026 0.46255 -0.264228 -0.615823 0.836544 -1.75646 0.339341 -1.89365 0.894332 0.932011 -0.173481 1.68069 -0.178129 0.456313 -0.621254 -0.415496 1.84762 -1.26262 2.16476 -0.717901 1.37172 0.491632 -2.17314 -0.467356 -0.786666 2.62349 -0.0113164 
1.42201 1.27346 -1.0509 1.58468 -1.28457 -0.171571 -2.01526 -1.05994 0.318428 -0.311719 1.07797 -1.65353 1.84207 0.380983 -0.354708 0.0724458 -0.0983276 -0.0389033 -0.497169 0.00408592 -0.0994641 -0.0384458 -0.667697 0.827599 1.36667 1.38009 -0.177329 -0.125538 0.604922 -1.22199 1.91363 -1.20803 2.39248 -1.23063 -0.919981 -0.2921 -1.31688 1.59744 0.0397154 
1.62003 0.956678 -0.89721 1.16766 -1.08322 -0.636831 -1.8345 -1.48089 0.240397 -0.782686 1.43653 -1.08474 2.68035 0.285222 -0.389766 -0.0109009 -0.385446 0.157167 -0.868686 0.498837 -0.336299 0.0120296 -0.465581 0.363813 1.41931 0.496028 -0.289682 0.216242 -0.427228 0.113312 -0.00176886 0.113028 0.624943 0.194789 0.186724 0.492991 -0.257101 0.0320231 -1.47969 
1.70723 0.883698 -1.0618 1.19924 -1.12741 -1.04026 -1.51643 -1.39624 0.330457 -0.7773 1.44179 -0.234218 2.3381 0.091301 -0.138466 -0.354783 0.0149846 -0.0406722 -0.384141 0.629029 0.0953249 0.148278 -0.174706 0.570498 1.39869 -0.099605 -0.312375 0.510859 -0.417901 0.660608 -0.590053 0.998905 -0.151702 0.68727 0.273881 0.564779 -0.23593 -0.657518 -0.41023 
1.71133 0.818212 -1.25199 1.18264 -1.12389 -1.02097 -1.20547 -1.38556 0.388675 -0.957392 2.00703 0.313948 2.58074 -0.0271534 0.121093 -0.428802 0.275162 -0.432885 0.130219 0.347135 0.350972 0.28591 0.0991977 0.127884 0.761794 0.0857979 -0.140827 0.300361 0.212105 0.339058 -0.828635 0.0844 -0.529935 0.156612 -0.527856 0.401531 -0.676898 -1.53134 -1.18795 
1.68008 1.00479 -1.49061 1.4744 -1.56029 -0.910038 -1.16929 -1.04527 0.616367 -0.678103 1.56967 0.527575 2.4239 -0.0495263 0.161895 -0.142677 0.354043 -0.869307 -0.299741 0.099094 0.251937 -0.379577 0.226825 -0.106401 -0.132654 -1.28756 0.105138 -0.449627 1.00179 -0.227932 0.888812 -0.957035 -0.220828 -0.803952 0.0499621 0.162259 -0.15105 -0.781028 -1.61014 
1.6618 0.980106 -1.39467 1.53669 -1.9932 -1.32071 -1.10637 -1.13363 0.0090979 -0.730567 1.90063 0.181294 1.29318 0.0779845 -0.328534 0.572983 0.0472296 0.455926 -0.826816 0.126307 -0.452981 0.335872 0.261456 -0.0231664 -0.0192341 -1.52435 0.097369 -0.460967 0.649323 -0.391138 1.77445 -0.0160967 0.209116 -0.712937 1.54215 -0.0957276 -0.655924 0.828689 1.14748 
1.75807 0.676257 -0.917622 1.52163 -1.10437 -1.73685 -1.04299 -1.49825 0.95224 -0.416646 1.5465 0.508341 0.899553 0.0478427 -0.299072 0.506646 -0.0370951 0.905141 -0.315838 0.30821 -0.461 1.16257 0.131097 -0.762325 0.696034 -0.140079 -0.326329 0.783332 -1.12443 0.318048 -1.43375 1.28489 0.00472786 0.895414 -0.913925 -0.594532 -0.701019 0.0554943 2.44432 
1.70965 0.681034 -0.888024 1.49959 -1.08806 -1.63655 -0.798164 -1.59463 1.17167 -0.59947 1.1383 0.877328 1.15311 -0.248344 0.454798 -0.551445 0.365278 -0.977824 0.458073 0.131035 0.442434 -0.578053 -0.333076 -0.724185 0.0362601 0.919978 -0.340364 0.784985 -1.02102 0.168655 -1.77482 0.356759 1.03077 0.850401 -1.71006 -0.41993 0.148839 -0.806682 -0.611266 
1.50972 1.13106 -1.46907 1.88691 -2.08219 -1.27878 -0.911951 -1.05582 0.374187 -0.749722 0.822319 0.544601 1.81953 -0.292521 0.485913 -0.514373 0.13156 -0.869683 0.0409209 1.33898 0.3894 -0.547492 -0.288833 -0.613486 -0.110648 -0.751345 -0.0284077 -0.303571 0.31232 -0.767676 1.28364 -0.925548 1.83404 -1.06485 0.710584 0.145404 -0.113783 0.895857 -2.58098 
1.41713 1.16695 -1.4024 1.63115 -1.95774 -1.59563 0.540812 -1.20523 0.624176 -0.888302 0.524817 0.766681 0.401762 -0.276752 0.151227 -0.239126 -0.402397 0.30582 -0.467475 1.96507 -0.622414 0.132531 -0.187672 -0.837968 0.932117 -1.661 0.0261119 -0.439621 0.537095 -0.378902 1.3733 -0.311692 -0.487996 -0.850825 -0.1623 0.00667545 0.292865 1.30849 0.603865 
1.23297 1.28228 -1.70819 1.48451 -1.77637 -1.74626 1.05312 -1.67823 0.506718 -0.937394 -0.0156488 1.47672 0.158529 -0.266409 0.0462914 0.0227224 -0.247342 0.503616 -0.270771 0.85098 -0.461425 -0.709792 -0.282157 -0.320621 1.19785 -0.14748 -0.0353645 -0.119116 0.631412 0.371654 0.191289 0.366845 -2.30598 0.672576 -1.63419 -0.100046 1.06826 -1.31524 1.43436 
1.15072 1.21324 -1.37967 1.38381 -1.45413 -1.8664 1.39179 -1.66665 -0.0856161 -1.17046 0.204196 1.96453 0.254282 -0.312117 0.032111 0.392286 -0.0307434 0.497108 -0.10063 -0.340904 0.0501614 -1.50166 -0.287718 0.230292 -0.383125 -0.226641 -0.112658 0.0403864 0.0259797 0.0626031 0.0369736 0.234299 -2.24517 0.371557 -1.08416 0.336867 0.281259 -1.68096 0.245509 
0.920852 1.31439 -1.31591 1.45376 -1.27926 -1.84689 0.712217 -1.62807 -0.994941 -1.22511 0.214643 1.09359 -0.0681119 -0.379068 0.0866778 0.0487021 -0.184739 0.54059 -0.0364717 -1.39419 -0.0898676 -1.79395 0.0547097 -0.0393622 -0.483114 0.0980288 0.0370932 -0.00626014 -0.0452834 -0.119179 -0.0500079 0.142335 -0.363174 0.342994 1.9016 0.135053 -0.588812 0.0596136 0.138039 
0.77165 1.29992 -1.33097 1.19907 -0.913536 -1.90287 -0.00240105 -1.75652 -1.87957 -1.11575 0.164834 1.48141 0.35231 -0.275023 0.0258509 0.347003 -0.149923 0.4471 0.0417059 -0.704078 0.393155 0.399936 -0.152665 -0.35852 -0.323511 -0.0886013 0.0523719 -0.0562042 0.278131 0.368816 -0.432101 0.160234 1.30777 0.921084 3.19917 -0.476484 0.589297 -0.312566 -0.632698 
0.645829 1.34024 -0.968904 1.30384 -0.832161 -1.80518 0.00813931 -1.23491 -0.595005 -1.37778 -0.143877 0.770082 -0.156713 -0.326696 0.0304736 0.326834 0.184077 0.108489 0.123763 -0.0864223 0.831216 1.40522 -0.421774 0.549935 -0.79568 -0.534669 -0.130381 -0.162283 -0.482689 -0.380526 -1.04201 -0.035203 0.904377 -0.268986 -1.67242 -1.18462 0.858589 0.176416 -0.532293 
0.444954 1.33039 -1.00414 1.38315 -0.805048 -1.77911 -0.0888233 -0.925302 -0.47435 -1.53752 0.714769 0.685732 -0.182359 -0.405404 -0.136432 -0.135686 -0.530448 -0.594907 0.00650291 0.200299 0.124169 -1.27248 -1.33729 0.500069 -0.147095 -0.620894 -0.000271149 -0.120337 0.183709 -0.696352 -0.221947 0.300043 0.215004 -0.837653 -1.47762 -0.659796 -0.80887 0.575117 -0.3528 
0.240425 1.20381 -1.10459 0.773393 -1.42707 -1.79868 0.208438 -1.11075 -1.86749 -2.71506 0.356192 0.622987 -0.777608 -0.326967 -0.0898639 0.510542 -0.512275 -0.113458 0.423806 0.128582 -0.00643726 -0.0724011 -1.08157 -0.258935 -0.220564 -0.887469 0.116039 0.43519 1.77426 0.695125 1.38309 0.742463 0.00969161 0.206747 3.75156 2.2837 -0.776377 -0.330036 -0.311333 
0.117987 1.24053 -0.493596 0.870872 -0.918506 -1.3553 0.0397584 -0.931739 -0.546752 -2.61909 0.455834 0.465169 -1.06983 -0.289365 0.298758 1.63858 0.164676 0.788187 0.748966 0.209991 0.330916 2.47908 0.94641 -0.276308 -0.477132 -0.932228 -0.36241 0.442777 0.980823 -0.298843 1.05092 0.101941 -0.472277 0.430816 -0.115831 2.97845 0.499789 -1.44433 0.535727 
-0.0489405 1.50257 0.533987 0.93807 -0.638881 -1.04971 0.418429 -0.779829 0.61159 -1.76865 0.0798837 0.145855 -1.70984 -0.689377 0.352913 1.49137 -0.811118 0.937465 0.525747 -0.343695 0.424379 -0.188233 1.89688 0.240854 -1.6649 -0.351742 -0.713971 -0.834005 -1.33802 -1.2296 0.372532 0.416218 -0.739512 -0.182582 -3.40771 0.675137 0.610825 -0.431806 1.47854 
-0.57139 1.59344 0.997769 0.0597543 0.0189584 -0.829557 -0.303937 -0.50736 -0.734984 -0.722212 0.696688 -1.19973 -1.42157 -1.00334 -0.535246 0.300554 -1.06492 1.16072 1.16518 -0.529521 0.148333 -0.92863 1.62155 0.334517 -0.908937 0.546314 0.220643 -1.79617 -2.13751 0.119179 -0.304661 0.437084 0.310138 0.23287 0.342866 -0.23086 -1.48493 2.25966 -0.243227 
-1.05228 0.967325 0.834541 -0.126852 0.521838 0.115474 -0.111092 -0.631496 -0.31704 -0.147107 0.4144 -0.763082 -1.16352 -0.468733 -1.44326 -0.646142 -0.691939 0.632804 0.962831 -0.0335568 0.657249 0.154633 1.66602 -1.24407 0.594765 -0.594969 0.865477 -0.404762 -0.994111 1.03708 -0.7326 -0.855598 1.64558 0.677824 0.830863 -1.51383 -0.222764 1.48535 0.717355 
-1.04012 0.150178 0.351627 -0.632185 0.651762 0.133274 -0.337494 0.149889 -0.580351 0.943811 -0.547387 -0.604965 -2.01654 -0.137859 -0.940008 -0.693558 -0.0278438 0.428119 0.309587 1.11605 0.826158 -0.0977677 0.107718 0.111752 0.576416 1.26367 0.481511 0.898852 0.532868 1.03624 -1.27638 -0.962286 1.26667 -0.398558 -0.181357 -2.21155 2.06661 -0.533236 1.86435 
-1.19014 0.0273164 0.140983 -0.154696 0.949957 0.42506 1.00496 0.194662 -0.414808 -0.0393891 0.526153 -0.186666 0.100148 0.0127771 -0.54441 -0.113274 0.344305 -0.643577 0.000544682 1.23311 0.258692 -0.0267245 -0.545523 0.822539 0.0615284 1.26938 0.966742 0.662458 0.0352764 0.753967 -0.873324 -0.727288 -1.41727 -0.945083 1.04543 -0.688615 0.770839 -0.289627 -1.97669 
-1.02735 -0.394232 0.238352 -0.287879 0.00818491 0.133819 0.895618 0.408581 -0.607076 0.398288 0.275152 -0.543436 -0.747159 0.828883 -0.27755 -0.658281 0.726123 -0.445205 -0.417702 -0.301218 -0.118926 0.947661 -0.580897 0.882592 0.286789 -0.713019 1.21136 0.856965 -1.15557 0.821894 -0.146892 -0.630172 -3.22277 -1.42045 0.0275146 -1.46056 0.0163364 -0.545257 -1.04842 
-0.361253 -0.250234 -0.517298 0.571427 0.504753 0.00735856 0.703743 0.0757359 0.532853 -0.620286 1.40874 0.100123 -0.612871 1.22414 0.312556 -1.26885 1.1662 -0.790469 -0.629627 -1.98966 -1.16176 0.000790037 -2.00609 0.838875 -0.483729 0.220961 -0.563906 0.513935 0.328918 -0.568028 -0.370362 -0.295016 -1.20157 0.0683282 -2.30447 0.060167 -0.73667 0.555614 0.845332 
0.196791 -0.0816758 -1.03049 0.87832 -0.782285 -0.495809 -1.09404 -0.753177 -0.606286 -1.6078 1.11403 -1.02716 -0.526198 0.264977 0.236385 -0.329364 0.158094 -0.815566 -0.712717 -1.50279 -0.0505976 -1.35681 -0.52073 0.145922 0.842402 0.132313 -1.6695 -0.637147 1.58261 -1.4935 1.4398 0.824216 2.19769 1.59971 1.52666 2.30933 -1.90712 2.53772 -0.64905 
-0.0962761 -0.0138491 -0.846661 0.729522 -0.310814 -0.705359 -0.799042 0.0251384 -0.823956 -1.14102 1.55467 0.942525 -0.480557 -0.445358 -0.324591 0.313762 -0.327303 0.649331 0.194589 0.208033 0.437952 1.52745 0.303248 -1.06824 2.05399 -0.428089 -0.143706 -0.949039 -0.237333 -0.451332 1.22013 1.82404 1.04622 0.695232 3.57705 1.10985 -2.68213 -1.52533 -0.449942 
-0.248567 -0.406267 -0.716732 0.551018 -0.132953 -0.301219 -0.886009 -0.315225 0.921161 -1.30455 0.0457834 1.02683 -0.954287 0.121272 -0.712654 -0.566697 -0.293237 0.404565 1.11132 -0.456563 0.644635 2.22024 0.589123 -2.53621 -0.682929 -0.317629 0.821321 -0.335039 -0.453228 0.0715221 -0.171201 0.431559 -0.496897 0.459453 -1.15345 0.976995 -0.0275788 -0.529106 1.0767 
0.0249954 -0.726503 -1.41336 0.436284 0.0937515 0.405962 -1.25561 0.669773 1.39628 -0.551893 -0.981545 0.259596 -0.798187 0.375963 -0.65963 -0.139466 -0.255781 0.478131 0.626149 -0.288864 0.897405 0.373993 1.28024 -1.09582 1.52489 0.648614 -0.0482819 0.394687 1.87269 0.00397604 -0.298992 -0.585543 -0.508514 -1.06563 -4.09244 0.212708 2.13931 2.02146 1.57517 
0.127396 -1.0659 -0.856198 0.295237 0.345178 0.324929 -1.17487 0.58218 1.29515 -0.0243064 -1.05004 2.55172 -0.305673 0.0729896 -0.317967 1.306 -0.289261 0.105573 0.525778 -0.965077 -0.420999 -1.8722 0.801831 -0.396898 1.33853 1.25754 -0.50944 0.564974 1.10639 -0.18889 -0.559295 0.205258 -0.857438 -0.440954 -0.476425 0.034854 1.006 -2.58463 -0.603064 
0.097985 -1.04447 -0.107362 0.147023 0.199325 0.93174 -2.22068 0.248774 -0.475919 0.249938 -1.37844 1.59813 0.459357 -0.133477 -0.0946563 0.966924 -0.44467 -0.0811645 0.831407 -1.1463 0.456451 -0.102432 1.3151 -0.0898237 -1.05974 0.0455502 -0.559417 0.194251 -0.663787 -0.115408 0.110804 -0.314649 3.50665 1.32551 3.58119 0.0683652 0.698897 -2.81614 -1.84105 
-0.00608079 -1.16055 0.110726 -0.149433 0.264013 1.15634 -2.32117 1.03863 1.19272 1.29079 -1.13986 1.49198 -0.260123 -0.486428 -0.123716 0.642209 -0.40467 0.216378 0.211129 2.54157 0.904512 1.70899 0.870197 0.301999 -1.47761 -0.583511 -0.187941 0.0226692 0.177519 0.381805 0.0826294 -0.268431 3.72302 -0.853371 -1.03277 -1.9221 -0.597008 0.188445 0.694351 
-0.388443 -1.16819 0.534847 -0.257647 0.415702 1.14287 0.320888 1.15329 1.23307 1.12013 -1.07644 0.120518 -0.124154 -0.321418 -0.0719871 1.14444 -0.0628658 0.00146492 0.562976 2.57672 -0.39692 -1.1352 -0.606998 -0.686831 -0.871294 0.739901 0.566593 0.13615 0.179401 0.166766 -0.855609 -0.0808208 -2.90569 -1.60272 -1.94044 -0.392885 0.280055 2.45831 0.185288 
-0.327498 -1.23254 1.25517 -0.212299 0.265478 1.71931 0.255546 0.641711 0.0575216 0.683792 -1.82669 0.620685 0.479778 0.0801657 0.0124344 0.82161 -0.237904 -0.639231 0.130308 -0.364122 -0.698208 -0.231446 0.477312 0.582054 0.980705 -0.398222 1.6326 1.03733 -2.64965 -1.21365 -0.920553 -1.6544 -2.6492 0.601856 -0.570696 0.386643 1.61514 -0.18263 -1.14948 
-0.308277 -1.15575 1.35646 -0.495551 -0.223529 1.27318 -0.0432336 0.455078 1.00162 1.59745 -0.49439 1.10122 -0.522376 1.31119 0.96534 -1.50521 -1.27652 -0.919088 -1.09142 -0.0724806 0.204936 -1.7059 -0.220355 0.928308 -1.05392 -0.409579 1.62613 0.626671 -2.65467 -0.771709 0.458834 -1.19762 -0.136253 0.659429 -1.75305 -1.75291 -1.85589 -3.46182 0.791377 
0.983688 -0.2672 -0.250038 -1.48882 -0.65361 0.627891 0.183065 0.846647 -1.64837 0.463437 -0.898387 -0.433239 0.0701992 1.70629 0.639105 -1.83306 -1.00961 -0.180397 -1.06731 -0.500375 -0.0387788 -1.98449 -1.2756 -1.27384 -2.48111 0.393155 -1.19299 -1.25265 1.53639 1.5745 1.06638 0.892415 0.170176 0.218985 3.85952 0.12724 -1.53245 1.16159 0.57024 
1.39801 -0.516646 -0.476608 -1.50516 -0.403926 0.205866 -0.543609 0.416299 -0.982868 0.321851 -1.76823 -1.37989 -0.129221 0.118192 -0.287305 0.0311841 0.297981 0.147293 -0.199006 0.0976955 0.423921 2.15362 -0.0931156 -0.604139 0.107668 0.160661 -2.51907 -0.696363 2.192 1.37749 0.341114 1.24847 1.16476 0.929723 3.25102 1.49426 1.64981 2.45405 -1.18351 
1.10188 -0.554505 -0.218854 -1.19083 -0.506317 0.428885 0.280761 1.27057 0.505246 0.370321 -1.50253 -0.325571 0.23086 -0.812774 -0.0572583 0.358937 0.367876 0.160716 0.18116 0.66438 0.890944 1.26653 0.218664 0.375967 -0.0270635 -0.790351 -0.799505 -0.155589 0.2259 -0.298463 -0.215248 -0.290834 -0.127162 -0.296011 -2.79999 -0.29644 0.62804 0.689566 -1.78055 
0.585241 -0.573904 -0.117671 -1.13729 -0.243209 0.387026 0.120771 1.30724 0.283662 0.540515 -1.39226 -1.40695 -0.919572 -0.681313 -0.442894 0.257084 -0.000481477 -0.0679551 -0.48984 -0.0294663 0.12791 -0.646368 -0.389556 0.0239005 0.797234 -1.61989 0.636604 -0.273661 -0.0480771 -0.327304 -0.449916 0.0739993 -0.0739336 -1.11878 -0.74927 -0.825918 -0.608335 2.10944 0.785494 
0.420567 -0.9974 0.0382301 -1.19132 -0.574272 -0.0609547 0.251295 1.39848 -0.141122 -0.0192345 -1.47863 0.471663 -1.38903 -0.176169 -0.330919 0.31086 0.0405722 -0.2892 0.255159 0.590446 -0.227835 0.517259 -0.607254 -0.232369 2.08238 -0.00485683 0.33347 0.855801 -0.415112 -0.00249652 0.0467939 1.21998 -0.0791533 -0.495502 0.867905 0.993453 0.869517 -1.644 1.62616 
0.409072 -0.904823 0.193188 -1.09672 -0.532409 0.642186 0.711218 1.07941 0.800921 -0.0667395 -1.62463 0.675421 -0.924429 -0.347843 0.412907 -0.158028 -0.00297799 -0.0211612 0.73014 -0.10862 -0.367592 0.221537 0.603897 0.893418 -0.846767 0.00627083 0.208367 0.389948 -0.51182 -0.0899144 0.184705 0.520686 -2.1928 1.3821 -0.699023 0.144442 2.16135 -1.82365 0.0153325 