0
0
0
0
0
0
0
0
0
0
0
0
0
0
0
0
0
0
0
0
0
0
0
0
0
0
0
0
0
0
0
0
0
0
0
0
0
0
0
0
0
0
0
0
0
0
0
0
0
0
0
0
0
0
0
0
0
0
0
0
0
0
0
0
0
0
0
0
0
0
0
0
0
0
0
0
0
0
0
0
0
0
0
0
0
0
0
0
0
0
0
0
0
0
0
0
0
0
0
0
0
0
0
0
0
0
0
0
0
0
0
0
0
0
0
0
0
0
0
0
0
0
0
0
0
0
0
0
0
0
0
0
0
0
0
0
0
0
0
0
0
0
0
0
0
0
0
0
0
0
0
0
0
0
0
0
0
0
0
0
0
0
0
0
0
0
0
0
0
0
0
0
0
0
0
0
0
0
0
0
0
0
0
0
0
0
0
0
0
0
0
0
0
0
0
0
0
0
0
0
0
0
0
0
0
0
0
0
0
0
0
0
0
0
0
0
0
0
0
0
0
0
0
0
0
0
0
0
0
0
0
0
0
0
0
0
0
0
0
0
0
0
0
0
0
0
0
0
0
0
0
0
0
0
0
0
0
0
0
0
0
0
0
0
0
0
0
0
0
0
0
0
0
0
0
0
0
0
0
0
0
0
0
0
0
0
0
0
0
0
0
0
0
0
0
0
0
0
0
57.94
-5.47911
-6.13309
-2.85588
-1.23368
-2.77629
-2.94755
-0.735725
0.324949
-0.0883251
-0.412493
-1.52114
-0.400492
76.6642
-3.31712
-5.72288
-0.0328245
-0.769505
-1.48134
-2.00691
-0.0251097
-0.519796
-0.0581689
-0.490103
-1.47582
-0.347585
141.524
-5.34671
-2.49436
-0.722009
1.47756
0.921541
-0.926353
-0.529973
0.982083
-0.579008
0.279026
0.09125
-0.769425
150.508
-7.31535
-2.94232
1.33114
0.09066
0.842005
-0.126987
-0.613047
0.143328
0.518807
0.0459531
-0.672297
0.0105593
130.709
-9.03366
0.101993
7.01875
-0.589766
4.07884
0.717903
1.10269
-0.857556
2.37044
-0.592539
0.281496
-0.192432
121.998
-5.32369
1.30693
7.72567
0.60678
4.95881
0.31243
0.963189
-1.0039
2.27476
-1.15044
-1.85768
-0.688895
117.713
-5.13587
2.50648
7.05838
-0.93576
4.16518
0.802009
1.11878
-1.43684
4.02884
0.0780704
-1.5664
-0.0593619
112.026
-4.28771
2.68799
4.95434
-3.6707
0.986834
-0.485262
1.52029
-1.30582
3.73975
0.0873799
-0.289616
0.242656
101.461
-4.45425
1.81338
2.79942
-0.749539
1.55552
1.99564
2.10199
0.684279
1.68483
0.0206408
-1.61406
-0.363322
82.2265
-7.02986
0.999469
-1.41783
-1.69081
0.248418
-0.788077
-1.24448
-0.418723
0.510916
-1.31021
-2.14063
-0.840076
0
0
0
0
0
0
0
0
0
0
0
0
0
0
0
0
0
0
0
0
0
0
0
0
0
0
0
0
0
0
0
0
0
0
0
0
0
0
0
0
0
0
0
0
0
0
0
0
0
0
0
0
0
0
0
0
0
0
0
0
0
0
0
0
0
0
0
0
0
0
0
0
0
0
0
0
0
0
0
0
0
0
0
0
0
0
0
0
0
0
0
0
0
0
0
0
0
0
0
0
0
0
0
0
0
0
0
0
0
0
0
0
0
0
0
0
0
0
0
0
0
0
0
0
0
0
0
0
0
0
0
0
0
0
0
0
0
0
0
0
0
0
0
0
0
0
0
0
0
0
0
0
0
0
0
0
0
0
0
0
0
0
0
0
0
0
0
0
0
0
0
0
0
0
0
0
0
0
0
0
0
0
0
0
0
0
0
0
0
0
0
0
0
0
0
0
0
0
0
0
0
0
0
0
0
0
0
0
0
0
0
0
0
0
0
0
0
0
0
0
0
0
0
0
0
0
0
0
0
0
0
0
0
0
0
0
0
0
0
0
0
0
0
0
0
0
0
0
0
0
0
0
0
0
0
0
0
0
0
0
0
0
0
0
0
0
0
0
0
0
0
0
0
0
0
0
0
0
0
0
0
0
0
0
0
0
0
0
0
0
0
0
0
0
0
0
0
0
0
