-0.728187 -0.289087 -0.694218 1.26333 0.657492 0.0813239 0.429398 1.07521 0.862265 -0.161896 0.325528 0.41074 0.27379 0.805187 -1.51229 -1.05855 -2.77654 -1.32581 -2.14885 -1.79781 -4.21147 -1.46472 -0.283364 2.72942 1.05206 -0.449623 0.415952 1.31155 3.65964 -1.2533 0.423849 -0.0987604 -1.16616 -1.30188 -0.393072 1.22459 -1.25169 -2.23986 -0.0391376 
0.0749229 -0.112937 -0.114501 -0.574946 -0.528367 -1.09155 -0.89413 -1.90098 -0.502792 0.306409 0.722451 -0.119103 -0.315391 0.893746 -0.423166 0.0980816 -0.860251 0.105936 -1.04112 -1.64608 -0.0705811 -0.306512 0.52731 -0.378668 -1.46912 -0.509417 -1.01744 1.02126 0.249007 1.83551 1.81778 2.1946 0.052176 6.41672 4.33796 1.61636 -2.30735 0.487701 1.28532 
0.165559 -0.712253 -0.596137 0.403083 0.763428 -0.959795 -1.21668 1.00463 0.555753 0.365415 -0.0531396 -1.05838 -0.235627 -0.212249 -0.491027 -0.809543 -0.941021 0.491976 0.0457495 -1.74563 2.20525 2.87324 1.333 0.422072 1.53976 0.835701 0.745456 2.66402 1.37147 -0.942602 -0.951342 1.1016 2.66013 -0.546278 -0.505468 -0.724782 0.344225 2.31291 0.0963422 
-0.137326 -0.603964 -0.924044 -1.51597 -0.0363908 -1.0458 -2.63976 0.304271 2.37045 1.63941 1.14452 1.42066 0.52031 1.6392 2.24085 1.46955 -1.80285 -0.845406 0.0604797 1.01406 -0.616859 -0.81198 -0.197472 -0.0344429 0.843794 -0.413074 0.977141 0.576217 2.55949 2.52337 0.216884 0.678917 2.827 -3.58034 -6.82638 -4.63279 -3.45394 -4.30283 -2.73309 
1.80476 1.5286 0.873412 -1.39977 -0.0819774 -0.899315 -0.20262 0.387767 -0.256227 0.167943 -0.0875826 -0.214585 -0.648701 0.764893 0.0851894 1.74994 1.58235 0.70886 0.724667 1.08136 -1.37509 -3.95315 -3.29979 -3.03186 -2.76307 -1.89739 -2.23888 -3.48081 -1.25339 3.4328 1.65582 1.89859 -0.823097 -0.181998 -0.196869 -1.30754 0.665305 0.230296 1.03257 
0.627567 -0.518775 0.825901 0.0663817 0.672469 -0.321135 -1.5584 -1.07082 -1.5827 -1.66038 -1.88734 -1.34242 -1.37708 -0.599675 -1.23996 0.216158 1.62995 0.81041 1.95907 0.190961 -0.798857 -1.00885 -1.50501 0.630862 1.07409 0.619498 -0.0256837 0.04751 -1.8933 -0.934328 -1.82868 -1.17266 0.355295 1.81646 4.98615 3.26713 3.79969 4.53278 4.65502 
1.20509 0.288638 1.08957 0.23018 0.728432 1.05975 -0.0116585 -0.41109 -1.26508 -1.33707 0.54328 0.859505 -0.0292034 0.739209 0.132699 -0.143357 0.64802 -1.11982 -0.447993 1.43666 0.441371 1.033 -0.0326557 0.767832 1.76971 2.75764 -0.191461 1.44184 -1.34047 -2.93771 -2.72711 -4.61841 -1.53572 1.43615 1.30399 1.3635 -2.13621 -3.26735 0.884825 
1.36678 -0.386075 0.682544 0.714402 -0.447353 -0.769128 -0.121744 -0.629447 -0.549698 -1.69304 -1.11951 0.427293 1.38056 -0.791136 0.201876 -1.12431 -1.30776 -1.9167 -2.65935 -1.34476 0.637295 0.295143 -0.141509 -1.50535 -2.19326 1.50432 -2.63179 0.625343 0.866559 -2.09481 0.172075 -0.0893869 -1.82293 1.19968 -0.520943 1.82857 -0.553836 -1.72295 -1.54858 
0.413952 0.490515 -0.0347411 -1.07758 -1.18827 -1.59959 -1.35642 0.226205 -0.969932 -1.47858 -0.962069 -1.33376 1.47512 -1.89258 0.758042 0.723203 -1.44679 -0.947747 -0.53738 -0.386271 1.64105 0.512059 1.79591 0.213996 0.0467602 1.20906 0.721958 -1.51873 1.26634 2.55395 2.74899 4.01901 3.58819 -1.25764 0.192862 0.289134 0.781222 3.13278 -3.46065 
-0.525804 0.371967 1.40575 -0.732385 -1.3951 -1.30651 -0.508015 1.01161 -0.037639 0.102874 -0.905513 0.474053 2.58962 -0.0691771 -1.31686 0.142027 1.24619 0.832292 1.35967 2.24343 -0.620349 0.488005 0.147626 -0.724127 0.939515 -1.95633 3.12085 -2.80842 -3.65259 2.23629 1.25346 1.75226 0.225807 -5.66034 -2.03892 -1.23858 -0.0443907 -0.320271 -3.7391 
0.344774 -0.826341 0.107286 0.168614 -0.355975 -0.239927 0.887008 -0.394143 -0.481927 -1.33095 -1.6862 -0.394245 -0.481208 1.22827 -2.05038 -2.92939 0.789498 0.305709 1.21488 -0.160465 -4.01929 -1.52686 0.557331 0.169605 -0.273511 -2.53004 -0.818974 1.69036 1.07929 -2.75656 -1.43347 -1.61171 -3.43773 0.822722 -0.0980868 1.91466 2.18377 0.582905 2.16608 
0.702467 -1.67841 -1.52364 0.0571132 -1.08939 -0.0916321 -0.66848 -3.00769 -1.5645 0.660205 -0.735908 0.200542 0.0595767 -0.888151 0.373501 1.22132 -1.51037 -0.601179 -0.252042 -1.1943 0.202374 0.389918 2.06229 1.45964 1.52242 0.209755 -2.90374 2.73239 4.73721 -0.239116 2.8212 -0.618329 0.81407 7.90843 3.64592 0.0550617 0.568732 -1.09566 2.84033 
-0.543377 -0.452839 1.32861 -1.34175 -0.957154 -0.49197 -0.307295 -0.19177 -0.0920094 0.731339 -0.226557 1.12818 -0.271452 -1.67547 0.682012 1.80783 0.550382 3.12691 0.596547 0.653605 3.88914 2.11906 0.612392 0.738337 -1.36918 0.31029 1.87748 0.796298 -1.55873 3.13793 3.46603 2.2928 2.22581 0.544624 -0.0454085 -2.49691 -0.342246 -2.92754 -1.13502 
-0.972999 -0.996401 0.284185 0.607495 2.03752 0.504915 -0.0148749 0.881452 0.554567 1.2726 0.00242875 -1.16863 0.369867 0.989325 1.1698 -0.33741 1.62757 2.86485 2.04076 1.0315 0.746998 0.344509 -0.434622 1.11739 -1.40512 -0.925267 2.02725 0.999299 -2.10931 -1.41542 -4.64504 -2.15649 -0.577163 -3.73281 -2.74031 -1.31216 -1.10681 3.17882 -1.51247 
0.445948 0.71696 0.991196 0.285812 1.9077 1.54879 0.724207 0.555228 0.2525 0.296717 0.890837 -0.276946 -1.19672 0.351779 1.68131 -0.30148 -0.865041 -1.51813 -1.55994 0.0764421 0.156331 -0.621244 -0.69977 -0.368475 1.80965 -1.20218 0.181184 -0.224935 0.20411 -2.02617 -4.5049 -2.53991 -1.38337 -1.58606 -0.155042 0.928067 -1.88362 1.52844 2.56202 
-0.62122 0.68491 -0.0172949 -0.257546 0.519394 -1.05502 0.0615672 1.03778 -0.0666761 0.572827 -0.366047 0.641012 -0.83231 1.17051 0.944865 -0.1333 -0.398605 -1.64005 -0.499154 -0.351868 -0.839059 0.189468 0.493445 -0.766228 0.123317 1.63675 0.927253 -1.94782 0.139407 2.2761 1.74477 3.29991 2.43099 0.351763 0.352805 -0.568705 1.86794 -1.29396 2.67893 
1.61646 1.66183 0.857896 -0.112793 0.267645 1.04963 0.372339 -0.283831 0.441968 0.790162 0.124609 -0.153629 0.44003 1.27903 -0.266505 -0.162073 1.41106 0.226643 1.73997 2.50743 0.508094 -0.268439 -1.26848 1.49946 0.515683 1.47676 -2.67662 -1.63874 0.660914 1.44817 1.02961 -0.790591 0.189517 1.51464 -0.642329 -2.33312 -0.0518852 1.27364 -0.844117 
0.657813 0.418406 -0.179368 1.15351 0.746037 0.684941 2.569 1.54588 -0.335115 -0.695648 1.13341 1.1567 0.644447 -1.50611 -0.693878 0.527615 1.04956 -0.610439 -1.28974 -0.162351 0.675584 -0.452861 -1.83968 -0.818113 1.39695 0.792633 -3.33568 -0.414208 0.460066 -1.81747 -2.02718 -3.64628 -4.86954 -1.94473 0.854009 0.978833 -2.69046 -1.23177 -1.45042 
0.110348 0.967947 1.38551 0.936771 -0.342793 -0.240112 0.209988 0.391753 -0.0108931 -1.04952 -0.693504 1.24332 1.23266 -2.05664 -0.680713 0.297994 -0.406413 -1.80053 -1.90631 -2.3621 -1.43664 0.58557 -0.289642 -1.191 -0.716082 0.0263379 0.979688 -0.00125901 -1.86531 -0.640707 1.21072 1.45401 1.32968 -0.90927 1.50713 3.76428 1.67613 -2.93538 -2.95003 
-1.39883 -0.262308 0.118626 0.7471 -1.0545 -1.22137 0.206902 0.109237 0.250456 -0.985291 -0.057585 0.440613 0.670785 -0.526421 -0.695137 -1.33769 0.408857 0.600277 0.164262 1.16733 -0.233685 1.05427 1.9246 0.858015 -1.53843 -2.1574 3.70474 0.788026 -0.887725 -0.375456 3.28008 5.02529 3.95855 2.69227 0.852456 2.81007 1.28876 -1.15616 -0.817861 
-0.416073 0.272809 0.047819 1.34563 0.257484 -0.0758493 1.37732 0.158068 1.04338 0.875087 0.16451 -0.295107 -0.924734 1.64809 0.107313 -0.589732 -0.781869 1.47954 3.11897 1.59645 1.25563 1.43803 2.52043 0.0977571 -1.87224 -0.791523 2.23575 1.64034 2.41386 -0.588586 1.14727 0.643709 -1.49906 0.229236 -2.02315 -2.51652 -1.55466 3.37551 3.80008 
0.249261 -0.154995 -0.471106 -0.0347695 0.425045 1.8976 1.80335 1.36487 1.68848 1.53514 0.040172 -1.43163 -0.120738 1.70933 0.945202 1.07617 -0.179729 1.74755 0.807972 -0.331731 -0.0044494 -0.968876 -0.591914 -0.696643 1.83708 1.64268 -1.00347 1.64379 2.07786 0.29406 -2.47621 -5.39712 -3.42236 -2.73279 -2.03283 -2.68222 0.815542 4.1291 1.68608 
1.29326 1.21801 1.12399 1.1659 2.00503 0.732122 1.04559 0.153618 0.0745017 0.283173 -0.532133 1.54197 0.717947 0.64462 1.75111 1.48812 -0.487809 -0.996672 -2.27815 -1.82591 -1.47716 -0.594807 -0.161783 0.913299 2.25686 0.894553 -4.27338 -2.78745 -1.15838 -0.0997438 -4.55664 -2.96156 -2.16481 -1.42797 0.664711 0.846946 2.35036 -3.36369 -4.55612 
0.893881 1.59611 1.01702 -0.522579 -0.571627 -0.380554 -0.0225563 -0.112289 1.09368 1.37336 0.953471 0.825225 0.773815 -2.56405 -1.84225 -0.082218 -0.279473 -2.8091 -2.15358 -2.49654 -1.43242 -0.304165 0.255032 1.65372 -1.52661 -2.91344 -4.26252 -3.38252 -1.47381 1.89339 1.07731 1.97923 0.77217 1.96722 -0.349953 -2.32642 -0.622867 -0.200256 -1.05542 
-1.27079 -0.624241 1.04177 0.886426 -0.804068 -1.42146 -1.45095 -1.27881 -0.229663 0.538205 1.12159 0.0153601 -2.19549 -3.6179 -1.63141 0.0143148 1.40558 0.0806391 -0.298918 -1.05374 0.490057 -0.944759 -2.4882 0.290432 2.0566 -0.160863 4.22785 1.64231 -1.2907 -1.72337 4.04886 4.27704 3.48142 2.2119 0.9411 -1.60645 -2.91734 2.93956 5.47796 
-2.72401 -0.0352973 1.03133 0.883003 -0.490988 -0.679472 -1.0763 0.377768 0.148917 -1.11484 1.2439 2.88183 0.612952 1.66379 -0.199943 -1.37292 -2.00284 1.23976 2.12345 0.984881 0.779478 0.636935 -1.35142 -1.26362 1.41295 2.56452 6.27082 0.00454738 -2.1356 -3.73297 -0.600864 1.12755 2.00801 0.311935 2.97987 3.99767 -0.973374 -4.295 0.0066265 
0.393001 -0.824184 -0.331153 -1.11641 0.435692 0.701991 -0.466069 -0.499327 0.407272 -0.813212 -0.142035 1.42831 0.369023 2.65292 -1.62686 -2.12129 -2.32739 -0.520225 0.82863 0.95427 0.801993 2.03511 1.50947 -0.682943 -2.2384 -0.154236 -3.37458 0.556066 2.11386 4.40951 -1.82012 -3.39388 0.0187748 -1.49045 -2.99462 1.68453 0.778266 -3.04224 -2.75742 
-0.0710918 -1.66216 -1.08995 -1.44439 -1.01121 0.149158 -0.122025 1.17976 2.18403 0.394624 0.56096 0.643427 0.458716 -1.71079 0.356123 0.740936 2.40667 -0.580357 -1.27043 1.00366 -0.710967 -2.35769 0.333115 -0.485355 -1.62929 -0.192903 -4.24985 3.34338 2.44056 2.8773 1.13769 -0.703863 0.358378 -2.84026 -4.21619 -1.62543 -1.89354 1.35038 1.94624 
-1.31779 -0.468061 0.409783 1.29026 -0.144664 -0.568435 0.537587 -1.21029 -1.95041 -0.480097 -0.627389 -0.200976 0.176121 -1.59693 1.71652 0.319275 0.549908 0.617461 0.124767 1.31265 -2.03827 -2.18107 -0.115961 -2.57648 -0.888015 1.79201 4.18053 1.30527 -0.0455948 -4.09717 -0.211345 1.34846 -1.10507 1.89361 5.22295 0.160186 0.674256 3.14153 0.563217 
-1.66802 0.0543619 -0.770677 -0.894479 -0.393751 0.273925 1.19062 -0.858506 0.00295706 0.278663 -2.01552 -0.244588 2.25072 2.46974 1.6614 0.695341 -1.6905 -0.791702 0.0780327 -0.101419 1.18264 2.86526 0.493301 0.188901 1.51224 0.370314 3.89592 -1.03058 0.124202 -0.602246 -0.384461 -0.726455 -3.4573 3.60354 1.34695 -1.95802 2.84105 -0.210556 -3.96295 
1.15195 1.19333 1.10512 -0.400248 -0.936366 -0.490402 0.436168 -0.0276547 0.914845 0.0132042 -0.438488 1.31127 0.546434 2.29899 0.685938 0.443477 -0.0523388 0.233 -0.601688 -2.14465 1.56527 -0.834124 -2.07398 0.264568 -1.09857 -2.17094 -2.89192 -3.49383 -2.93124 2.6906 1.93391 -0.0738714 -0.684347 -0.701249 -4.34331 -0.431452 0.596688 -2.61171 -1.09508 
0.630964 0.7403 -0.3272 -0.946818 -0.160752 -0.327764 -0.954024 0.706768 -0.831167 -1.79532 -1.75095 -1.34316 0.0797867 -0.422179 -1.83244 -2.2359 1.00009 1.14221 0.00416127 -0.785766 0.481391 -1.47805 0.0618494 0.785589 -1.09947 -0.724768 -2.18914 -2.014 -1.75831 2.61997 0.979775 0.890621 2.7185 -2.53975 0.474517 2.90938 -0.00598609 0.851866 1.3116 
0.729774 -0.639104 -1.13078 0.599844 0.205843 -0.486241 -0.349598 0.453736 -0.563206 0.0750535 0.347101 0.211801 -0.178333 0.109848 -1.32806 -1.31484 2.56763 1.21278 0.288932 0.573852 -0.974474 -0.359607 0.835398 0.258582 -0.246705 -0.859334 -2.09119 1.76533 2.00316 -1.54408 -2.07324 -0.205803 -0.286188 -1.37133 1.60867 -1.66069 -1.78741 0.00145876 -0.98856 
0.740812 -0.587759 -1.64204 1.62082 1.05202 -0.0388316 -0.380172 -0.267705 -1.19077 -0.959919 -1.49237 -1.58986 -0.779547 -2.51337 -0.0671067 -0.232739 -0.543993 -0.931035 -0.201642 -1.07195 -0.889941 0.130623 -1.59884 -1.00182 -1.09801 -1.71333 -2.74641 -1.26715 1.47135 -4.09124 -1.91386 0.774286 -0.159537 -0.529146 -0.170006 -1.65523 0.174067 -0.656437 0.829862 
-1.7836 -0.706211 -1.36352 0.0558512 -0.725192 -0.687883 -1.42155 -0.436205 -0.432583 -1.52379 -0.654715 -0.886207 -1.89166 -2.63656 -2.59521 0.156517 -1.52361 -0.701087 1.06322 0.414316 -1.50362 -0.529613 -0.819832 0.432649 -0.903142 -0.0294713 4.67992 0.460785 0.263985 -1.56671 0.512815 -1.64179 0.215898 0.566329 0.914831 3.30442 1.56596 1.51631 3.18926 
-1.89575 -3.18297 -1.48552 0.097207 0.350937 1.02439 0.0341438 -1.77132 -1.72039 -1.77975 -1.05972 -2.493 -0.809018 2.16655 0.393678 0.0312456 -2.1107 -0.41822 -1.84344 -0.856056 -0.323612 1.04545 1.70558 0.56414 0.418307 1.47593 7.1944 7.36234 0.85993 1.08614 -0.0749045 -1.48369 -0.150246 2.49212 1.88359 2.97263 1.55007 3.33593 0.464241 
0.382949 -0.312532 -1.33227 -2.05485 -1.14341 -2.53132 -2.27761 -0.759817 0.612872 0.181789 -0.090575 -0.4679 -0.415731 4.55784 4.76714 1.01645 -0.437473 -0.775991 -0.420473 0.264069 0.988501 1.35397 2.1528 1.98271 2.43279 0.434769 -2.18415 1.06894 2.46705 3.64389 1.32214 5.63593 4.42385 1.36801 -1.78182 -0.931134 0.991402 0.305181 -0.00547057 
2.66209 1.58417 -0.469074 -0.340266 -0.425054 0.603913 0.298213 -0.782823 -0.366415 0.37305 0.922995 -0.0602113 -0.374249 -0.0176 1.46262 2.4983 1.53319 0.903917 3.79249 3.56779 1.0444 -0.736364 0.774442 1.55554 0.723488 1.47046 -7.66716 -6.29022 -1.0942 0.132882 0.480019 0.69805 0.0998998 0.255348 -0.631204 -2.14119 -2.88795 -3.26628 -0.0637135 
0.365349 1.15009 1.16603 -0.521666 -0.239495 1.26117 1.29018 0.284582 -0.123492 0.956231 1.46497 0.255589 1.05473 -3.10932 -1.52309 -0.077755 -0.304591 -0.295972 0.277577 0.363969 1.24385 0.722769 0.0116067 -0.905237 -0.833492 0.371056 -0.674524 -3.57137 -4.14966 -1.19094 -1.09888 -5.09042 -5.72582 -1.7205 0.494344 -1.68199 -2.09733 -1.6998 -4.38076 
-0.447231 0.0610826 -0.546829 -0.644857 -0.721026 0.881491 0.662182 0.461026 0.356355 0.384657 0.0177576 -0.893703 -0.0031929 -0.692124 -2.10876 -1.65136 0.342242 -0.194966 -1.29793 -2.15803 -0.6761 -0.24202 -0.907545 -0.541787 -0.976307 -2.9103 3.19733 2.28595 1.57132 3.07164 2.18489 -1.53472 -1.38087 -1.18951 -0.0243693 0.235781 1.97672 1.70838 0.641564 
-0.326776 -0.958671 -0.485332 -0.179424 -0.43446 -0.0367565 -0.867844 -0.391518 -0.365512 0.0486866 0.923179 -0.720718 -1.85558 0.0880118 0.762862 1.49357 2.76705 1.88892 -1.25715 -1.01691 0.0543409 0.6984 0.247388 1.07148 0.874891 1.01262 0.359215 3.22198 2.43698 1.1144 3.2883 3.57873 5.22505 1.50513 -0.642345 -1.02989 -0.640762 1.80085 6.36639 
-0.359219 0.823945 0.946741 2.12219 1.16789 -0.375656 -0.354724 0.515367 1.05476 0.632045 1.08924 -0.0188121 1.00943 -0.33291 1.11322 0.785621 1.45664 3.09334 2.2808 3.06703 0.829033 -0.884365 -1.93743 -1.18255 0.824543 3.45608 0.301817 -0.708951 -1.89686 -4.813 -2.28983 2.43649 1.42121 -1.83625 -2.73608 -0.412774 -1.85302 -0.635581 -2.38059 
-0.659685 0.154553 0.300289 1.27722 2.65887 2.24405 2.19918 0.437515 -1.24988 -1.88875 -0.25937 0.103825 1.60051 0.389829 0.0539109 -0.403292 -2.04595 -0.400911 1.17935 0.404307 -1.78191 -2.03768 -0.165387 -0.781535 0.23931 -1.36797 1.3483 0.852944 -0.177312 -2.15342 -5.09122 -4.52432 -4.93391 -1.64978 1.31224 3.69961 1.38157 -1.16874 -4.47798 
0.0306102 0.877855 0.543448 0.0762439 0.766982 0.803693 0.0495838 -1.26654 -0.982923 0.466658 0.307702 0.220498 -0.358543 1.01539 1.96617 0.608309 -0.696781 -1.99788 -2.24352 -1.86688 -0.820749 0.427877 1.76218 0.199018 -0.344197 -1.02189 0.0508471 0.0347721 -0.731024 2.61261 -0.269179 -4.07802 -0.22027 2.69602 4.76282 2.15307 0.477038 0.31246 2.60782 
0.355704 2.12072 0.908598 0.580437 0.660992 0.000529047 0.332299 -0.383233 -0.822 -0.126568 -0.0603519 -0.240372 0.578614 0.440676 0.0886829 -1.13432 0.566659 -0.670089 -2.89867 0.184037 0.914117 2.72515 1.98768 -0.304497 0.55177 1.23985 -1.76151 -3.77188 -1.92978 0.102982 0.539512 0.961463 1.02321 0.441299 0.977063 -0.966588 -0.577814 0.471797 1.60345 
0.471287 0.966538 -0.590868 0.642903 0.096893 -2.09497 0.233621 -0.352424 1.74222 2.45434 0.00320493 0.772268 0.881311 -0.746124 -1.80572 -1.32147 -0.593799 -1.45837 -1.28205 -0.843676 -0.37945 1.40494 0.795593 -0.378796 0.127601 0.581553 -1.27879 -0.444533 1.72812 -1.42948 -0.419615 4.16059 0.00719215 0.224072 -3.09567 -4.65332 0.611175 -2.33329 -2.92631 
-0.39042 0.315004 -0.41287 -0.013362 -0.797379 -1.28152 -0.511378 -0.762683 0.58294 0.669024 -0.439148 -0.112771 1.16017 -0.838112 -0.355851 0.593801 -0.86282 -1.0897 1.26192 0.191229 1.13819 -0.370527 -2.66563 0.306678 -1.78152 -1.68646 1.14384 2.27829 3.55111 1.58964 2.78326 2.35813 0.345553 2.23274 -0.0691138 -1.97849 0.843012 -0.518334 -2.83405 
-0.366825 0.610688 0.00293387 -0.219917 -0.992811 -0.833051 0.42485 0.785765 1.3717 -0.211289 0.309883 -1.00925 -0.805147 0.397715 0.472575 2.22965 0.995843 1.32489 1.07608 -0.498123 1.85329 1.33583 -1.18289 0.464216 -0.390734 -2.25249 1.31925 -0.769796 -0.732116 1.65647 1.2627 -0.414705 -1.18445 -1.81594 -0.667463 2.12998 -0.135719 2.3883 2.35092 
0.00729496 0.78758 1.81678 0.982481 0.527511 -0.205447 -1.0095 1.09061 1.91877 -0.51387 0.0250685 -0.503504 -1.09233 0.481141 -1.12565 -0.138314 0.793646 0.172993 0.847218 -0.993217 -0.677749 -1.03799 -0.535648 0.170959 0.606784 0.664462 -1.20664 -2.03315 -5.31622 -2.27362 -1.3474 0.45443 2.91796 -1.83635 -2.92733 2.00314 -0.253425 0.587877 2.82357 
0.114316 -0.514958 -0.13538 0.573729 -0.819818 0.0141678 -0.568367 0.108016 0.333705 -0.746937 0.480841 -0.402467 -0.140685 -0.80893 -1.56057 -3.08657 -1.27778 -0.0225138 1.53051 2.41984 0.0169383 -1.59151 0.820247 0.210791 0.197144 0.571078 -1.81 0.419077 0.0524468 -2.59501 -0.789448 -1.98724 0.444564 -0.867939 0.175151 0.495002 -1.12099 1.05931 -0.073836 
-0.801635 -0.772991 -1.26979 -0.295295 0.504997 1.32506 1.41034 1.10755 0.32726 0.306377 0.235859 -0.306361 -0.52125 -1.32885 -0.706569 -0.0858675 -1.80137 -0.616455 -1.14002 -0.548653 -1.54569 -0.86284 -0.0406454 -0.950032 1.66609 0.590626 1.57657 2.40921 4.62893 0.0831279 -1.59335 -3.74652 -4.06747 -0.256443 1.11316 -1.00988 0.0220322 -0.280136 -0.766746 
-1.21454 -1.22153 -0.221248 -1.22764 -1.43627 -1.12585 -1.11702 -1.43767 -0.529135 -0.787583 -0.469191 1.26362 0.449941 0.767642 0.848638 1.54236 -1.19465 -1.61587 -2.21602 -1.64763 -0.239505 -0.478351 -0.189633 0.232823 -0.0829928 -0.195669 0.899228 0.701385 -0.646841 2.77318 2.68469 2.91757 0.767501 2.204 0.375176 0.319909 -1.42703 -5.26228 -1.47252 
-0.0339931 0.075647 0.272567 -1.48994 -1.11087 -0.890954 -0.23729 0.868042 -0.15109 0.116744 0.468682 -0.389353 -0.716918 -0.429626 -0.00518397 -0.732708 0.971814 2.06824 1.77755 0.218848 0.658308 -0.487664 0.279263 -2.37707 -3.59619 -0.881889 -0.46028 -0.4849 -2.54145 1.84243 2.95681 4.39826 2.67451 -1.73821 -1.06172 -0.604736 -1.51234 -0.669101 0.356296 
-1.64416 -1.22671 -0.953956 -0.255825 0.631966 0.651703 -0.898172 -0.779365 -1.0168 -0.508319 -2.84626 -2.33257 -0.431948 0.307362 0.363738 -0.999092 0.647779 1.34094 2.18225 1.02688 -1.97771 -1.54007 -0.794369 -1.27951 -0.752093 0.160627 1.74444 0.635098 0.83219 -1.53633 -4.57115 -2.86038 -1.0134 -1.14847 0.596847 -0.997978 4.87323 4.7506 2.07787 
0.273369 0.439385 -0.726525 -0.842163 0.230072 1.29129 0.789587 -1.10967 -1.69116 -0.677626 -0.810833 -1.14145 -0.556291 1.31481 0.629914 0.099482 -0.564514 -2.50291 -1.08283 -0.794553 -0.49016 0.109183 -0.718715 2.49616 1.1544 1.19598 0.351364 0.121094 2.19376 2.19672 -0.559029 -3.31396 -2.49975 1.93851 2.27491 0.712356 3.51197 2.80189 1.08771 
-0.329354 -0.596798 -0.854474 -0.820339 -1.87094 -0.431123 -1.69272 -1.26952 -0.907616 -1.22703 -0.350096 -1.17817 0.764029 0.658726 0.484831 1.19467 2.8445 0.781913 -1.13171 -1.47287 -0.0391993 0.734839 -0.0820137 2.23246 2.04979 1.24834 -2.98853 -1.65671 -0.162269 0.610366 3.87018 1.6227 3.72131 -0.552721 -0.640006 1.22613 -1.748 -0.864835 -4.44872 
0.932094 0.924216 0.468148 2.00234 1.01198 0.15958 -0.683286 -1.14887 -0.95632 -0.759639 1.42162 0.908347 0.692047 -1.67372 -1.02679 -0.0627866 0.0458518 1.36727 0.539872 2.92676 -1.04288 -0.530823 0.507411 0.748162 0.289569 -3.25275 -1.62084 -3.66375 -2.03168 -5.32806 -2.91896 0.942732 3.07478 1.30892 1.25012 3.90997 -0.611817 -1.78238 -0.263861 
-2.00308 -1.62359 -0.917261 -0.774487 -0.503675 0.108749 1.23404 -2.31241 -1.43844 -0.719622 0.398066 -0.888596 -2.48872 -0.962116 -3.17892 -0.83701 -2.48356 -2.13705 -0.188981 1.6019 1.26972 1.98496 3.82796 1.62064 0.267416 0.984477 4.1167 3.19801 1.01387 -0.513646 -0.763203 -0.139253 -2.99809 4.73964 2.58165 0.844002 0.704259 2.05475 5.31539 
-0.0300211 -2.2547 -0.368862 -0.48122 -1.12506 -0.0294005 0.918616 0.12085 1.02864 3.06832 3.04226 1.17576 1.67652 2.44298 2.17122 0.95108 -0.467795 0.604066 0.400619 -0.0713307 3.69676 2.05083 1.35141 1.45242 2.34432 2.06265 1.04111 5.56712 1.51916 3.45827 4.29732 1.44368 -2.4119 -1.49961 -2.93668 -6.81077 -4.8183 -1.99694 -3.30405 
0.439899 0.547633 0.0338191 -1.24228 0.100391 0.509368 1.1627 1.38436 0.612386 0.63179 1.85049 1.45572 -0.426066 0.0789963 2.38821 0.682146 0.974718 2.16028 1.2547 -0.809998 -0.229886 -0.951719 -2.98282 -3.19766 -1.72952 -2.31957 -0.920921 -2.34676 -1.69337 0.744814 -0.573278 -0.473694 -0.15881 -5.56964 -3.23393 -0.331071 -2.6682 -4.36779 -3.59041 
0.0489752 0.133503 0.313284 0.493497 1.03521 1.2253 0.108618 -0.109037 0.0769218 0.0855037 -0.155398 -0.553761 -0.643048 1.52206 -0.175539 -0.742292 0.27702 0.0307875 -0.0730752 -0.230141 -1.87288 -1.1831 1.02034 -1.21578 -2.02347 -1.52777 -0.224502 -2.00119 0.179331 0.412779 -2.32237 -2.64114 0.300363 0.241616 -0.109155 2.5539 4.03855 2.51065 3.14153 
1.96195 0.372094 -0.708473 -0.965262 0.131178 0.436293 0.932564 -0.488521 -0.570714 1.65213 0.634705 -0.567744 -1.95383 -0.145506 0.387019 0.861477 1.3875 -0.162096 -1.38644 -0.509635 0.0117299 -1.06087 -0.428914 0.840892 0.781127 0.821959 -2.66539 0.936407 3.03265 1.50517 1.87118 0.48762 -0.0150643 2.70689 0.567889 -3.22393 0.743244 2.92959 3.16807 
-0.0965309 0.520523 1.17476 1.88099 0.873117 -0.161137 -0.401017 -0.0973068 -0.983952 -0.34341 0.685495 0.227366 0.178911 -1.14333 0.760867 2.29036 1.78219 1.90196 0.414544 -0.245205 0.834007 -0.615211 -2.20359 -0.472538 0.906121 1.64031 0.0388381 -0.570042 -2.49353 -4.8217 -2.49382 0.550399 -0.461914 0.925732 1.34792 0.00281254 -2.98056 -1.26021 -1.47223 
0.818624 1.13296 1.58189 0.816931 2.03314 0.850837 0.687359 0.345485 -1.18592 -0.551459 0.162167 0.338378 -0.313524 -0.106668 -0.183023 -1.63205 -3.43421 -2.65592 -0.836039 -0.971549 0.937462 0.287045 -0.426102 -2.13966 -0.479086 -0.650273 1.02695 -2.91736 -6.38178 -2.92136 -4.90421 -2.48643 -0.867188 -1.36922 0.927597 2.47984 0.572316 -1.34345 -3.27938 
-0.203199 0.3375 -0.457292 -1.55321 -1.7828 -0.997176 -1.37257 0.840155 -0.696907 -0.769512 -1.45417 -0.25172 -0.471362 -0.116382 -2.1565 -4.09142 -1.13917 -3.00224 -2.07189 -1.11239 -0.535215 0.312386 0.276251 0.0997786 -0.437333 -1.63908 0.744276 -1.49634 1.25042 6.08624 6.06176 3.85038 3.43332 -1.06994 0.894635 1.62614 4.65978 1.80731 0.388543 
0.702242 -1.02353 -2.50953 -0.322234 -0.969099 -1.22105 -0.425034 -0.18973 -0.873538 -0.275208 0.261946 -0.0989548 -1.9526 0.637608 -1.67936 -0.381631 2.65204 3.40584 3.01434 2.46177 -0.13248 1.18168 1.20004 2.52011 1.32822 -0.261731 0.17251 4.05126 7.606 1.58037 5.14345 4.30138 1.91002 1.72309 1.24135 0.629177 0.866911 2.64096 4.22916 
0.434409 -1.34186 -0.838923 1.09882 1.62305 2.01716 1.0892 0.707675 0.484772 0.430531 1.06594 1.0765 -0.733093 0.0561275 1.89477 3.51458 0.4412 2.14121 2.2295 0.797626 1.18788 1.55373 0.905428 0.966689 2.20363 2.59009 -2.6551 1.81957 0.288969 -5.26702 -6.53449 -5.00092 -4.45735 -1.16776 -0.409633 -0.196628 -2.31249 -1.14415 2.16373 
0.758369 0.871234 1.00505 0.118966 1.17211 1.00845 0.372592 0.998148 0.680194 0.63022 1.22864 2.10468 0.637487 -2.01749 0.14021 -0.0926617 -2.61499 -3.12864 -1.98658 -1.99558 -1.30024 0.772046 1.00341 0.207623 0.184076 1.902 0.240565 -3.33745 -6.59608 -1.81143 -5.05379 -3.99032 -1.12789 -1.39742 -2.02829 -1.64298 -2.83033 -3.74019 -2.63231 
-1.58308 -1.20165 -0.931584 -1.51616 -1.5056 0.0305808 -0.906381 -0.592568 1.25682 1.43395 1.27356 1.26058 1.16891 0.296692 -1.44268 -3.0815 -1.37023 -2.91258 -1.76082 -0.330265 -0.209542 -0.474562 -0.737552 -1.86364 -1.53656 -0.0422205 4.66751 0.550191 0.454104 3.19788 4.93698 4.20065 4.03195 4.55465 0.286742 -1.28352 -1.4551 -2.22193 -3.49805 