-0.979417 -0.894821 1.01364 0.41803 0.564985 0.0949153 -0.179884 0.865793 0.95255 1.3795 0.431566 -0.549759 1.39978 -0.0339585 -0.382963 -0.0650885 0.248664 0.573518 -0.0120328 0.0632193 0.25688 -0.309987 -1.11323 -0.426127 -0.066876 -0.463242 -0.0362748 -0.37011 -0.725903 -0.908628 0.460092 0.325152 -0.011545 -0.411551 -0.458781 -0.690441 0.920155 0.800869 -0.0915499 
-0.965586 -1.02651 0.678269 -0.0283317 0.878825 -0.0259453 -0.393692 1.05621 0.470079 0.311575 0.417917 0.110927 1.05668 -0.072798 -0.294873 -0.300159 -0.270869 0.575508 0.728384 0.128343 -0.263296 -0.526862 -0.890001 0.426842 1.04411 -0.180025 -0.0287088 0.348707 -0.0489541 -0.42252 -0.374227 1.09813 1.10569 -0.331373 1.46986 1.67183 1.14599 0.097345 0.190954 
-1.05221 -1.18969 0.713481 0.147161 1.14049 0.823299 -0.0515405 0.602496 0.425688 0.489503 0.858408 0.49435 1.21976 -0.0626672 -0.0342556 -0.114043 -0.173855 0.199292 1.08609 1.16891 -0.0744935 1.15988 0.558596 0.719868 0.030469 -0.272288 0.0849952 0.478828 0.457955 0.263631 -1.15137 -1.74773 -0.331909 0.186307 1.00575 1.85147 -0.555778 -3.1906 -1.11337 
-1.02825 -1.06077 0.564227 -0.202187 1.07812 1.06015 0.77522 0.981721 1.62996 0.870171 1.13778 0.141396 0.784393 0.0121973 0.183955 0.157796 -0.00723755 -0.575861 -1.01934 -0.203566 -0.0769892 0.47889 0.961471 -0.128936 -2.14649 -1.29339 0.0884281 0.105146 0.134674 0.0518349 -0.571819 -2.50023 -2.25168 -0.198319 -1.85681 -0.274834 -1.06426 -0.919348 -0.188086 
-1.04002 -1.00574 0.871277 0.139923 0.564632 -0.196045 -0.255106 0.525507 0.904578 1.45097 0.729472 -1.65214 -0.0736334 0.0257609 0.0708903 0.0206316 -0.12202 -0.372527 -1.41414 -1.08277 -0.272813 -0.696932 0.283761 -0.344391 -0.888879 -0.460374 0.0226694 -0.109837 -0.338974 -0.601473 -0.134136 1.33053 0.330211 0.175449 -0.906053 -2.17505 -0.322036 4.09709 2.4881 
-1.00249 -0.989877 0.584858 -0.324208 0.70559 -0.353987 -0.307548 0.708908 0.933023 1.15393 0.793394 -0.747482 0.324018 0.0348667 0.0741177 -0.181178 -0.60871 -0.709997 0.311185 0.126646 0.0984599 -0.427163 -1.21358 -0.450972 1.9506 1.19471 -0.00363621 0.000412741 0.0991866 0.308838 0.183078 1.76573 0.549644 0.29013 0.625766 -0.855103 0.00413304 1.36006 1.53622 
-1.00515 -0.931622 0.6901 -0.468787 -0.145366 0.11514 -0.12846 0.623967 0.477415 0.237397 0.2785 0.298457 1.12108 0.0221246 0.071303 0.119818 0.186817 -0.18945 0.351591 -0.533124 0.0173169 -0.0711665 -0.571342 -0.340258 0.471179 1.07584 -0.0281164 -0.105052 0.0352393 0.318289 1.42221 -0.489779 -0.617579 -0.0116162 0.259972 0.211392 0.032599 -3.50872 -2.01429 
-0.980367 -0.918574 0.704676 -0.13739 0.51614 -0.00239587 -0.840673 0.726225 0.861857 0.582591 0.453136 -0.276304 1.39986 0.00675029 -0.0309344 -0.145938 -0.290421 0.712217 -0.178594 -0.490933 0.0868437 -0.167192 -1.00218 -0.418373 -1.55812 -0.819576 0.00768308 0.20401 0.194961 -0.400816 0.398024 -0.270003 1.68236 0.140797 -0.00153417 -0.284067 -0.143924 -0.539602 -0.594618 
-0.9984 -0.962556 0.544162 -0.759208 0.566851 -0.0634545 -0.619394 0.710811 0.310223 -0.764788 -0.139873 -1.25966 0.301503 0.0298077 0.275313 0.314779 -0.213999 0.208575 0.0815887 1.14923 0.158114 -0.0727007 -0.855408 -0.484182 -0.0684228 0.481223 -0.0319317 0.162675 0.455347 0.952735 -0.85408 -0.0364765 0.897989 0.338787 0.820202 2.51622 1.33716 3.16401 1.51819 
-0.95056 -0.643261 1.01946 -0.351389 0.724715 0.0791928 0.30856 0.884339 0.789156 -0.272817 -0.0310455 -0.344727 1.88108 -0.0251814 0.131741 0.309408 0.662314 -0.141863 -0.215071 0.407056 0.42563 0.65301 1.51404 0.918786 1.6059 0.698616 -0.14394 -0.758962 -0.644398 0.0849346 -0.723013 -0.141918 -2.6373 -0.405094 0.0750096 1.85811 0.961797 -0.52801 -2.3619 
-1.02358 -0.830815 0.85357 -0.0968945 0.424988 -0.278525 -0.212338 1.13644 0.963234 0.74925 0.778913 0.346235 1.00012 -0.114132 -0.483649 -0.329618 -0.129064 -0.514438 -0.0603292 -1.48807 -0.24698 0.00230888 1.0027 0.477615 -0.596433 -1.88068 -0.0198642 -0.216627 -0.307907 -0.243774 0.175023 0.63131 -0.70456 -1.06243 -0.92456 -1.2466 -0.537748 -2.91925 -0.998464 
-1.06469 -1.12691 0.689837 -0.480454 0.210277 0.0188636 -1.17951 0.637359 0.791465 0.729886 0.446569 -0.94116 0.000404734 -0.0450456 -0.0848862 0.00150189 0.41854 0.0331596 0.41624 -0.297504 -0.636802 -0.271549 0.267441 0.381038 -1.31335 -0.299848 0.115617 0.412685 0.229192 0.486816 0.774923 -0.100584 2.84822 0.681837 0.619398 -0.30048 -0.204646 1.25364 2.13239 
-1.06863 -0.915701 0.855072 0.321645 0.458148 0.137715 -0.509842 0.499639 0.691684 1.01669 1.15995 -0.967117 0.70027 0.00148513 -0.0709639 -0.100426 0.357751 0.260485 -0.160913 1.36015 0.434857 0.621707 0.702223 0.272969 0.657207 0.251708 0.093366 0.264735 0.226867 -0.755233 0.492972 -0.0864745 1.03509 1.05229 0.267593 -0.469919 -1.27469 2.65867 -0.160859 
-1.06321 -1.19787 0.589411 -0.122702 0.470762 -0.14205 0.180639 1.07222 1.41317 1.43211 0.719538 -0.283953 0.252113 0.0483204 0.179849 0.228369 -0.336694 0.526132 0.329765 0.737591 0.415486 -0.00395631 -0.202478 -0.893653 1.34532 -0.460708 0.0202359 0.504476 0.336656 -0.5277 -0.403546 0.479626 -1.96411 -0.549761 -0.941056 -1.02394 -0.360657 -0.441419 0.38411 
-1.02031 -0.735852 1.08344 -0.0150482 0.984279 0.46748 0.227749 0.915125 0.687728 0.814213 0.266298 0.378204 0.239563 0.0217211 0.433512 0.236229 -0.169948 -0.143061 0.318713 -0.603959 -0.114904 -0.31935 -0.321715 -0.0876886 0.215788 0.635818 -0.0685146 -0.34057 -0.642863 0.502275 -0.77231 -0.553675 -0.81371 -0.469258 0.492885 -0.150226 1.61509 -1.28574 1.84855 
-1.04149 -0.764362 0.82564 -0.292651 0.327701 0.176663 -0.423319 0.957312 1.09382 1.11039 0.63185 -0.0681654 0.887931 -0.0201942 -0.160721 -0.414494 0.165582 -0.246178 -0.223909 -0.076119 -0.053772 0.488929 -0.352703 0.721434 0.05958 1.38784 -0.0360167 -0.564248 -0.266359 0.285107 0.446431 -0.603254 0.724514 -0.116013 -0.116253 -0.612904 -0.267251 -0.315525 -0.71771 
-1.0405 -0.896573 0.668948 0.150534 0.738101 0.243571 0.15163 0.861353 1.17666 0.46151 0.987732 0.437784 1.6274 -0.0142957 -0.130736 -0.0301298 0.115158 0.30337 -0.284542 0.120555 -0.230917 -0.435603 -0.934619 -0.35494 -0.0997376 -0.081892 0.0450524 0.028862 0.463953 -0.204373 -0.0691346 0.292646 -0.188627 -0.165894 -0.733626 0.10476 -1.3624 -0.62881 -2.10274 
-1.05578 -0.895097 0.795511 -0.177492 0.631071 -0.107878 -0.302764 0.726394 0.658219 0.175775 0.27691 -0.167903 0.806039 0.0248583 -0.131859 0.0494588 -0.0387913 -0.315313 0.0687371 -0.264746 -0.219666 -0.244697 -0.247943 -0.640967 -0.569231 -0.714894 0.166296 -0.296401 0.0202883 0.147477 -1.28847 1.1337 -0.329259 -0.0972648 1.14153 1.6464 0.623202 0.792015 1.28942 
-1.01564 -1.02843 0.718406 0.111742 0.422788 0.312308 -0.113116 0.641686 0.93196 0.213566 0.346765 -0.131446 0.912511 0.152 -0.427137 -0.00984148 0.262635 -0.985098 0.849155 -0.208704 -0.328182 0.705932 0.71178 0.268262 0.692277 1.20752 0.190889 -0.447635 -0.552991 -0.689382 -0.446262 0.481407 -0.0278117 0.201893 0.398627 1.42099 0.762427 0.39383 0.301707 
-0.903781 -1.32223 0.785669 0.0851424 -0.354027 0.741277 -0.511468 0.398212 1.36415 0.887555 0.545172 0.524374 2.01356 0.215747 -0.579495 -0.503532 -0.728173 -0.761575 0.550145 -0.292558 -0.0177739 0.15393 1.17304 0.12146 -0.1754 -0.413187 -0.238477 0.838343 -0.0156157 -0.704629 1.50815 -1.58089 1.17228 0.955578 -0.728986 -0.775842 -0.224995 -0.954673 -2.06284 
-0.799896 -1.60793 0.214874 -0.616431 -0.338786 0.862452 -0.405674 0.623912 1.08589 1.38661 0.468225 -0.306846 0.499324 -0.0864771 0.411206 -0.0254572 -0.441994 0.523051 -0.731735 0.963581 0.627396 -0.023054 -0.0640615 0.0432675 -0.262396 -0.855317 -0.372042 1.43411 1.31408 1.53053 2.18235 -1.13026 0.674155 -0.293848 -1.08344 -1.93288 -0.192865 -0.260462 0.32101 
-0.990258 -0.911028 0.760212 -0.356852 0.169024 0.00954261 0.452113 1.02561 1.3411 0.823494 0.58844 0.261978 1.15825 -0.156295 0.854618 0.810545 0.80236 1.42077 -0.580111 0.381597 -0.311622 -0.929513 -0.759833 -0.0714048 -0.435862 -0.0921768 0.575338 1.15206 1.46604 2.67138 -0.441317 0.968233 -3.81716 -2.34786 -0.827921 -1.6454 0.423646 -0.680418 -1.00849 
-0.956191 -0.753309 1.02542 0.185929 1.08198 0.282341 -0.0240769 0.31229 0.156378 0.626778 0.39682 -0.742709 0.407148 0.488861 1.56327 1.44059 2.22938 0.0817345 0.236499 -2.85358 -1.72046 -0.850975 -1.70946 0.466914 -0.942814 -1.86381 1.04458 1.34762 -0.0763139 -0.454413 -3.03498 0.837346 -3.91602 -1.16074 1.12604 -1.12735 0.102473 -0.74182 -1.49161 
-0.501397 0.65224 2.2008 1.87253 0.250759 0.246041 -2.40147 -0.694852 0.490123 -0.885964 1.05535 -0.680836 -0.705565 0.888287 2.20224 0.734231 0.347947 -1.61421 0.257235 -3.53442 -1.47236 0.196527 -1.88718 0.0310684 -1.17768 -1.58378 0.193753 -0.548107 -2.46869 -4.01493 0.459968 -0.207426 1.80416 1.8026 0.111319 2.56215 -0.909448 -0.201358 2.12924 
-0.0679046 1.44893 1.75965 0.533877 -0.532226 0.539576 -3.5585 -1.16007 0.352905 -1.2604 0.427889 -1.92039 -1.17663 0.682614 1.01516 -1.02811 -1.78555 0.541703 0.0290731 -1.04942 0.0821376 -0.739655 0.852694 -0.442534 -1.14417 0.265427 -0.489374 -2.16913 -2.14327 0.385876 3.59469 -1.73692 4.77052 1.74071 -1.38531 3.15267 0.281454 0.707188 2.90492 
0.181217 1.6674 1.17269 0.0869843 0.792462 0.275114 -3.45089 -0.612714 -0.249533 -0.0332697 0.612819 -1.82501 -0.440138 0.398913 0.0331022 -1.40904 0.733823 1.98048 -1.47968 1.2361 0.268342 -1.18879 1.26549 0.312522 -0.470495 1.32114 -0.496085 -0.987495 -0.356243 3.3766 0.321323 -1.69025 2.60388 -0.75403 -0.252451 0.16947 0.591015 0.899942 -0.0123256 
0.331008 1.48203 0.350611 1.2677 1.44826 -0.940106 -2.3224 -0.891732 -0.835882 0.00508398 0.740411 -2.39089 0.144503 0.186528 0.0276656 -1.38435 1.59105 0.863026 -1.66118 1.55446 -0.671892 -0.992106 1.02216 0.14848 -0.244231 0.253101 0.00204779 -0.0773538 0.569121 -1.2835 -4.40254 2.68674 -0.558672 -1.24089 1.31906 -1.63203 -1.02084 2.55965 -1.78948 
0.367745 1.69507 -0.211662 1.67803 1.65549 -1.38607 -1.89643 -1.28461 -1.24164 0.988894 0.7613 -2.06924 -0.187037 0.40096 -0.0442516 -0.839918 -0.549675 -2.42205 1.20705 0.677427 -0.972549 0.13027 -0.366543 -0.708316 2.08916 -0.46834 0.399975 -0.267527 0.506923 -2.97938 -4.39524 3.47151 -0.268894 0.135763 2.48749 -2.31195 -1.25574 1.62282 -0.684469 
0.731968 1.43778 -0.489307 0.718025 -0.973794 0.266948 -1.64497 -1.86428 -0.705612 -0.361459 0.0320944 -0.301728 -0.323836 0.586503 -0.239862 -0.877428 -1.38833 -3.53222 1.81033 1.28557 -0.53613 1.49538 -1.28979 -1.10726 1.37859 -0.431367 -0.0860123 -0.232298 0.100263 -0.310583 1.49729 -1.24892 1.1197 0.830129 0.850928 0.0682927 0.309139 -2.11408 -0.275031 
0.954249 1.45521 -1.08909 0.289699 -1.87673 0.424261 -0.610862 -1.82074 0.253741 -0.300892 -0.345964 -0.690645 -0.618404 0.314948 -0.27655 -0.739655 -0.860258 -0.924765 -0.0418691 1.79713 -0.14242 0.981197 -0.29825 -0.399178 -0.0249217 -0.74337 -0.482519 0.0889559 0.321427 1.24413 3.2423 -1.86731 0.117783 0.211508 -1.82893 0.362991 0.627537 -1.07991 -0.494514 
1.04692 1.16123 -1.22896 -0.142232 -1.89856 0.225078 0.15216 -2.0067 0.275586 -0.659709 -0.367083 -0.326649 -1.06721 0.103985 -0.150906 -0.556001 -0.144207 -0.289918 -0.056987 1.40335 -0.324622 -0.333545 -0.926795 -0.479726 0.298685 -0.925882 -0.200591 0.0137292 0.604863 0.613427 1.02798 0.0430493 -0.759933 -0.0649235 -1.77151 -0.241658 -0.214192 -0.138148 0.134329 
1.05823 1.3043 -1.64509 0.145492 -2.16665 0.367274 0.792486 -2.14536 -0.0798038 -1.22769 -0.82569 -0.39196 -1.54429 0.114357 -0.262821 -0.134792 -0.246831 0.103211 0.00118024 1.0372 -0.207344 -0.790311 -0.539908 -0.61337 -0.163069 -0.609041 0.069528 -0.630669 1.07656 -0.902822 0.927279 -0.0370091 -0.809813 0.428439 -0.260587 1.4209 0.326093 0.106036 1.48104 
1.16127 0.898407 -1.36375 -0.389063 -1.79535 0.226259 1.18936 -2.21404 -0.514726 -1.19962 -0.980453 -0.489719 -1.67625 0.173513 -0.781575 0.520559 -1.04703 0.637361 -0.0939961 0.593536 0.103818 -0.594132 0.494106 -0.153633 0.404722 0.555158 -0.0597084 0.224515 0.219943 0.0734948 -0.0463766 0.340166 -0.908232 0.637728 0.193754 1.63525 -0.244287 1.99966 0.524234 
1.23175 0.522725 -1.12453 -0.901538 -1.52929 0.273278 1.38602 -2.04154 -0.673936 -0.733581 -0.979323 0.0127621 -0.989128 0.0546491 -0.0383053 0.0851514 -0.173336 0.0568341 0.341346 0.128966 0.430385 -0.596557 1.09534 -0.857657 1.83659 -0.0848076 -0.174731 1.33387 -0.539402 1.69614 -1.10694 1.23834 -0.685106 0.809543 0.152859 0.281232 -0.439174 1.71292 -1.22915 
1.21592 0.860102 -1.2786 -0.562399 -1.73851 0.567605 1.31832 -1.78366 -1.11128 -0.104273 -1.83811 1.34687 -1.76106 -0.00121829 0.552292 -0.0188421 0.649107 -0.469583 1.14434 -0.09157 0.91336 -0.441273 0.775339 -0.592807 2.11764 -0.673992 0.0130976 -0.190447 0.394866 -0.323911 -0.196122 -0.0216019 0.236417 0.0869278 0.477708 -1.34642 1.11005 -1.64509 0.308052 
1.23053 1.07502 -1.14337 -0.252431 -1.99887 1.41762 1.29445 -1.12818 -1.11521 0.0417574 -1.57213 2.1304 -1.66312 0.0677467 -0.228752 0.480017 -0.497248 -0.139288 0.319745 0.365383 0.517313 -0.11885 -0.251071 0.252389 0.191497 0.223244 0.113319 -1.18486 0.623218 -1.64192 0.673647 -1.48515 0.746452 -0.880451 0.182954 -0.646984 0.385878 -2.8397 1.08577 
1.28367 0.631349 -0.798584 -1.05965 -1.8778 0.88735 1.68371 -1.26635 -1.23013 -0.355343 -1.58572 1.53837 -1.53781 0.1121 -0.632568 0.604376 -0.992816 0.204064 -0.340812 0.654882 0.032909 -0.258319 0.128355 -0.206929 -0.722062 0.411774 -0.0288163 0.0369785 -0.279474 0.246956 0.183311 -0.192019 -0.219598 -0.370618 0.0631745 0.688 -0.500823 -0.400476 0.0564397 
1.34263 0.442448 -0.538997 -1.24525 -1.79481 1.07681 1.94933 -1.09527 -1.37353 0.170112 -1.77906 1.40834 -1.25135 0.0389304 -0.191774 0.200543 -0.250292 0.0440227 0.127725 0.145784 0.146694 -0.0556751 0.436929 -0.248433 -0.208979 0.279684 -0.15197 0.412788 -0.815975 0.345435 -0.757424 -0.298286 -1.49641 -0.359128 -0.603686 -0.690481 -0.796854 -0.110084 -1.12471 
1.3226 0.439575 -0.598041 -1.30994 -1.83378 1.01507 1.82949 -1.11965 -1.28581 0.0815857 -1.83415 1.32939 -1.25813 -0.0398696 -0.219781 -0.211599 -0.647381 -0.55336 -0.639098 -0.841525 -0.326219 -0.862005 -0.562126 -1.00378 -0.832146 -0.712939 -0.00758514 0.251364 -0.138084 0.3151 0.0247245 0.117699 -0.169446 0.247338 -0.281323 0.032233 -0.00952201 0.394229 -0.119129 
1.30276 0.222668 -0.750596 -1.89263 -2.34817 0.437708 1.10781 -1.42149 -2.23553 -0.392013 -2.78284 0.576192 -1.96428 0.0313453 0.0595897 0.0624592 0.0648079 0.0687472 0.245424 -0.0236613 0.394032 -0.336998 0.469162 -0.257955 0.18525 0.160555 0.149418 -0.210864 0.681851 0.42167 1.06522 0.913684 0.979613 0.613492 1.65263 -0.204345 2.22641 0.416634 1.51818 
1.35395 0.499165 -0.535582 -1.24513 -1.76503 1.2605 1.80583 -0.725621 -1.62281 0.550748 -2.09211 1.51464 -1.09757 0.109549 -0.430644 0.470253 -0.225711 0.511855 0.274586 0.138087 0.287273 0.790623 -0.766471 1.22262 -0.415512 0.805242 0.0216259 -0.488254 0.212527 -0.526018 0.160325 -0.534178 -0.0946243 -0.658846 0.848944 -1.81236 0.981066 -0.872729 0.122179 
1.41231 -0.207977 -0.280343 -2.11834 -1.83631 0.712294 1.2459 -1.13422 -1.44491 -1.15848 -1.56022 0.16068 -1.15904 0.0529712 -0.428664 0.274986 -0.46121 0.229073 -0.288754 -0.118286 -0.264814 0.511945 -1.34319 0.723111 -0.687479 0.282734 -0.198518 0.905787 -0.782814 0.68582 -0.258363 -0.338195 -0.115002 -0.334032 -0.538386 0.85583 -1.40563 1.53681 -1.14157 
1.40692 0.0705011 -0.260596 -1.70634 -1.53596 0.971745 1.68754 -0.990435 -1.11086 -0.792447 -1.369 0.827161 -0.814837 -0.0889694 0.475143 -0.312562 0.460108 0.253493 -0.0636091 0.0230856 -0.0467595 0.252237 0.0893589 -0.183005 1.1213 -0.336332 -0.172547 0.73559 -0.700919 0.761735 -0.228303 0.169455 -0.969461 0.233506 -0.91954 1.6573 -1.02019 1.49132 -1.20895 
1.32334 0.267167 -0.592904 -1.65823 -1.58282 0.648685 1.26898 -1.18098 -1.19267 -1.06913 -1.74322 1.28198 -1.49537 -0.119576 0.306926 -0.425933 0.300525 0.000769933 -0.119299 -1.08775 -0.0313082 -0.407595 0.314107 -0.297077 0.803845 -0.926213 0.0504063 -0.115765 0.225868 0.457056 -0.0603941 0.832615 -0.696148 0.617902 -0.720501 1.58306 0.489283 -0.514111 0.307713 
1.28734 0.377427 -0.686529 -1.40582 -1.53519 0.852446 0.599798 -1.02174 -1.51845 -0.47834 -1.66608 1.63101 -1.74105 -0.038563 0.359378 -0.0866933 0.917164 0.193098 0.769006 -0.673062 0.571143 -0.468264 1.67242 0.306279 0.607185 -0.0286192 0.107067 -0.169907 0.376174 0.146864 0.199583 0.230512 1.50218 -0.0407019 0.41298 0.169058 0.496989 -0.939858 1.15836 
1.28477 0.626545 -0.679598 -0.741067 -1.38972 1.41769 0.595919 -0.609833 -1.66094 0.603296 -1.43694 1.88916 -1.52399 -0.0125085 0.137019 -0.0497591 0.447389 0.200353 0.111213 0.414431 -0.07201 0.00538585 0.483165 0.199912 -0.136013 0.232144 0.0374534 -0.541787 0.0414186 -1.39167 0.053648 -1.33454 1.25603 -1.15316 0.657803 -2.30776 -0.330111 -1.23843 0.435878 
1.27483 0.514446 -0.736288 -0.958427 -1.33484 0.963659 1.01423 -1.09375 -1.51307 0.00482506 -1.46616 1.49499 -1.50891 -0.00110966 -0.182409 -0.0452746 -0.47451 0.246746 -0.565531 0.582971 -0.582015 0.189539 -0.635336 -0.0238325 -0.631241 0.407258 0.00561341 -0.0583382 -0.154599 -0.0917585 -0.289451 0.311036 -0.798867 0.17029 -0.267818 -0.0458588 0.0611359 -0.0410216 -0.019628 
1.28367 0.444136 -0.724872 -1.21558 -1.14298 0.85216 1.17889 -1.19185 -1.4714 -0.0320395 -1.46077 1.25792 -1.11674 -0.00689508 0.0786807 -0.204358 0.355631 -0.0890981 0.422249 -0.384436 0.0982802 -0.262432 0.437306 0.261048 -0.177034 0.212516 -0.0145652 0.353413 -0.138285 1.1183 0.163539 0.860505 -0.723186 0.473195 -0.224615 1.22583 0.877109 0.732117 -0.652198 
1.26794 0.593127 -0.940646 -0.602796 -1.42393 1.38591 0.629793 -0.995473 -1.7755 0.442131 -1.20512 1.31796 -1.29639 -0.0156749 0.171004 -0.18356 0.643788 0.410285 0.294974 -0.140215 -0.10882 -0.0350757 0.590492 0.853276 0.100876 -0.24494 -0.00717946 0.0814191 0.107332 -0.346192 0.990042 -0.89967 0.788956 -0.398776 0.248549 0.305813 0.269331 0.648012 -0.398742 
1.26799 0.61514 -0.908432 -0.571789 -0.732691 1.14713 1.03868 -1.30067 -1.50647 0.558452 -0.607498 1.3588 -1.36168 -0.0140745 0.1601 -0.0970264 0.00943899 0.900944 -0.47742 0.40452 -0.300496 -0.0138831 0.743119 0.530379 0.470978 -0.186226 0.0231974 -0.223977 0.0494917 -1.04937 -0.251 -0.804978 -0.0948233 0.140078 -0.479263 -0.239421 -1.25085 -0.787084 0.188143 
1.25386 0.753226 -1.03767 -0.593357 -0.52299 0.908488 1.03431 -1.29597 -1.78938 1.18525 -0.674737 1.78894 -1.48262 0.0075225 -0.0529733 -0.134068 -0.405582 0.159285 -0.510004 -0.235038 0.0312582 -0.514339 0.351071 -0.397574 -0.686208 -0.0567974 -0.0366249 0.0172002 -0.21894 -0.293419 -1.27655 -0.0379974 -0.663862 0.311872 0.22855 -1.72654 -0.819551 -2.55029 0.692371 
1.27551 0.562166 -1.0425 -0.977371 -0.573406 0.63713 0.803638 -1.26941 -2.02081 0.909524 -1.00507 0.672587 -1.41847 -0.0506994 0.1773 -0.315967 -0.28398 -0.375609 -0.515418 -0.259342 0.0113762 0.214667 -0.983417 -0.289172 -2.07931 0.506145 -0.0750301 0.521769 -0.0455489 0.488588 0.270545 0.330232 0.36686 0.120912 1.67137 -1.15705 0.818107 -0.712977 1.09235 
1.20316 0.930526 -1.35364 -0.877337 -0.8986 0.393071 0.774971 -1.28459 -1.57472 0.201833 -0.963909 -0.290376 -0.976472 -0.0675076 0.468796 -0.179617 0.0830055 0.42983 -0.179772 0.131821 0.15217 1.15703 -0.805979 0.420533 -1.39919 1.03555 0.0185544 -0.174743 0.231174 0.23914 1.03117 0.032533 0.336268 0.0403704 0.596949 0.289405 0.274313 0.874709 0.0289508 
1.20801 1.03096 -1.22212 -0.894366 -0.143576 0.457358 0.935459 -1.11724 -0.863782 0.103544 -0.584539 -0.726599 -0.382918 -0.032145 0.00255704 -0.0847928 -0.0448401 0.655558 -0.482885 0.0769261 0.0517466 0.811616 -0.694012 -0.0148586 -1.2046 0.535096 -0.0377785 -0.185728 -0.556528 0.57996 -0.814107 -0.690667 -0.425248 -0.0958703 -0.5458 -0.51902 -0.989837 0.334048 -0.854213 
1.17102 0.933083 -1.43843 -0.922177 -0.243042 -0.089814 0.851897 -1.23285 -0.763102 -0.492179 -0.978768 -1.49498 -0.441376 -0.105286 0.283068 -0.736145 0.662965 -0.384277 -0.870439 -0.293426 0.0562998 0.611231 -1.325 -0.569304 -1.06514 0.181342 0.00849941 0.185521 -0.386324 0.849186 -0.312575 0.0130367 -0.483309 0.588126 -0.155219 -0.198324 0.0678541 1.2629 0.206234 
1.10272 1.31403 -1.95826 -0.231401 -0.527853 -0.41308 0.642033 -1.06094 -0.252551 -1.22145 -1.15384 -1.79174 -0.201576 -0.0236456 0.188078 -0.471117 0.804346 0.342983 -0.469848 -0.406382 0.639873 0.656397 -0.892336 0.0529955 0.0583005 0.741329 0.104472 -0.572438 0.563847 -0.647936 0.810636 0.409292 -0.401718 0.315495 -0.623023 0.908218 0.00882015 1.9413 -0.667962 
1.14737 1.12116 -1.90955 -0.117832 0.0999407 -0.559662 0.445515 -0.592973 -0.106705 -1.38452 -0.925772 -1.43668 0.299954 -0.000813847 -0.28937 -0.172298 0.015029 0.426359 -0.461147 -0.695144 0.371795 -0.0117919 -0.416781 -0.560484 0.876166 -0.48662 -0.015868 -0.242731 0.421223 -0.489393 -0.145644 0.373897 -0.0137022 -0.411561 -0.44008 0.580596 -0.304636 1.78924 -1.60299 
1.10191 1.02466 -2.13056 -0.216372 -0.101494 -0.874227 -0.0531111 -0.689145 -0.264343 -1.63824 -1.71433 -0.915569 -0.688196 -0.0395136 -0.0546529 -0.0498936 0.314952 0.197339 -0.0959507 -0.420085 0.228312 0.216317 -0.311741 -0.251641 1.84754 -0.861657 0.0519214 -0.101038 0.789179 0.196726 0.87922 0.00705961 0.719779 0.120414 0.5818 0.545659 1.63396 0.0711255 0.482957 
1.10786 1.06651 -1.95944 0.19712 0.297279 -0.655613 0.0254301 -0.364662 0.109612 -1.69626 -1.17741 0.410859 -0.561703 0.0511076 -0.390408 0.616881 0.211755 1.30558 -0.454087 0.0246348 0.492209 0.570008 0.128878 1.07348 0.947292 -0.00366291 -0.0431712 0.0475157 0.245645 0.59746 0.113688 -0.819504 0.254097 0.293807 0.449628 0.558884 0.817391 -2.1172 0.390752 
1.15301 0.634252 -1.51368 -0.00461632 1.20408 -1.32831 -0.0284763 -0.196936 0.305664 -1.50936 -0.640846 0.0317228 -0.691859 -0.0826848 -0.00713721 0.195751 0.912412 0.311027 -0.915455 -0.165988 0.522119 0.665944 0.247143 0.56575 -0.269658 -0.470905 -0.24968 0.987642 -0.832097 1.38208 -2.14064 0.18776 -0.579173 0.359973 -0.17494 0.0615808 -1.11663 -0.756721 -0.20158 
1.02517 1.05937 -1.76369 1.10953 0.608306 -1.57107 -0.140558 0.157457 0.775556 -1.44911 -0.611662 0.141201 -1.03261 -0.198573 0.597233 -0.215216 1.59384 -0.835065 -0.266328 -0.554538 0.852181 0.395068 0.190459 -0.0431502 0.190571 -0.205243 -0.0412373 0.0898534 0.126508 -0.571118 -0.279918 0.206236 -0.117343 -0.320869 -0.575311 -0.212199 -0.633479 0.619856 0.921858 
0.95444 1.23149 -1.72889 1.58922 0.369019 -1.59464 -0.583014 0.655245 0.700732 -1.3189 -0.683996 0.222294 -0.897102 -0.123922 0.0827162 0.322259 0.341294 0.0311087 -0.709219 -0.283331 0.20125 0.0906335 0.0349437 -0.0677283 0.350199 0.450953 0.0663415 -0.616186 0.643809 -1.09576 0.972812 -0.344805 0.246228 -1.02669 -0.29538 -0.221386 0.596584 0.563582 0.861306 
0.901252 1.14209 -1.44143 1.45083 0.639415 -2.28029 -0.423889 0.358707 0.866189 -1.41417 -0.679391 0.4914 -0.581655 -0.132231 -0.018953 0.428594 0.498075 0.137746 -0.611133 -0.30831 -0.174509 0.0996883 -0.0309265 0.553434 0.754153 0.656063 -0.0502691 -0.11279 0.00685973 0.64152 -0.245821 0.367165 -0.370354 -0.147635 -0.577689 -0.163432 0.679657 -0.320923 -0.00618295 
0.822209 1.21253 -1.3003 2.0873 0.506765 -2.20578 -0.891325 0.480736 0.800421 -1.34982 -0.130563 0.976446 -0.241039 -0.174191 -0.0300739 0.329119 0.982814 -0.214712 -0.342054 -0.653685 0.0536149 -0.487055 -0.128488 0.611928 0.0292759 0.44477 0.0714356 -0.622523 0.3404 -0.984223 0.13574 -0.320912 0.60358 0.166925 -0.899667 0.127902 0.12165 -1.10416 -0.55767 
0.727061 1.11201 -1.11231 2.43364 0.424703 -2.62234 -1.07757 0.412322 0.379134 -1.54266 -0.0674622 0.520676 -0.136885 -0.0607954 -0.641476 0.768994 -0.486148 0.273486 -0.932045 0.295269 -0.00758353 -0.799979 0.0969751 0.675083 -0.350012 0.0983928 0.0653554 0.111821 -0.206059 -1.01423 -0.311637 0.379868 1.57581 -0.029094 -0.124457 0.214912 -0.334672 0.945068 -0.543188 
0.761414 0.571057 -0.531307 1.60115 0.780251 -3.13782 -0.596055 0.473153 0.000441797 -1.25285 0.544521 0.626434 -0.142646 -0.108836 0.0817467 0.12306 -0.0314192 -0.526349 0.0378134 0.922124 0.0245209 -0.611512 0.0864237 0.277257 0.974344 -0.0984179 -0.192374 1.25751 -0.957533 1.64236 -1.05138 2.04521 0.0148989 -0.368248 0.163259 -0.592988 -0.713091 1.82922 0.657019 
0.618225 1.19376 -0.989253 2.40222 -0.101646 -2.58453 -0.15545 0.436843 -0.232378 -1.45623 0.209794 1.49502 -0.235303 -0.25317 0.616038 -0.188539 1.15622 -0.777897 1.11316 0.310168 -0.375831 -0.63672 -0.496013 -0.0380077 1.47921 0.755412 -0.111331 -0.31902 0.554332 -0.64527 1.07657 0.179489 -1.23507 -0.53764 -0.348943 -0.982158 0.138586 -1.74865 0.810003 
0.508244 1.18709 -0.719846 2.75736 0.00235383 -2.02466 -0.285887 0.0973218 -0.636278 -1.74886 0.506513 2.10564 0.612766 -0.220167 -0.237273 0.677392 -0.676689 0.550223 0.217302 -0.312949 -0.513119 -0.960455 -0.895734 0.415843 -0.774309 0.711585 -0.0295478 -0.388459 0.904847 -1.97169 1.79475 -1.03869 -0.202025 0.265722 -0.314938 1.20251 0.801362 -1.82538 -0.720003 
0.398058 0.956487 -0.311861 1.72553 0.448577 -2.36722 -0.468399 -0.0762759 -1.19283 -2.35197 0.625638 0.72071 0.476282 -0.282718 0.227579 0.716308 -0.815477 1.01685 0.074467 0.108143 -0.110109 -0.951658 0.706499 0.763354 -0.346172 0.0354089 -0.0516366 0.879471 -0.36578 0.43088 0.0308543 0.390179 1.05964 0.839438 0.338789 2.07263 0.0112011 0.990317 -0.105716 
0.225526 1.41467 -0.00353764 1.94189 1.0192 -1.95019 -0.177744 -0.012787 -1.58794 -1.04236 1.26987 1.75947 0.648175 -0.271803 0.642198 0.311613 -0.24581 0.581078 0.607481 0.746689 0.326319 -0.621666 1.1769 0.427044 0.216008 0.605869 0.0609699 -0.290056 -0.197339 0.501973 -1.79046 0.206074 -0.315275 0.503711 1.29878 -1.07892 -0.709504 -0.92933 -0.247699 
0.126255 1.59869 -0.000248546 1.47972 1.02965 -1.75974 0.27829 0.250043 -1.8145 -1.17507 1.05268 0.936718 1.08215 -0.221748 -0.0624774 0.518969 -0.313505 -0.773611 0.280541 -0.207131 0.393602 0.347122 -0.372417 0.0538505 -1.2755 -0.21229 -0.0218973 -1.35727 0.49474 1.10877 -1.03555 -0.921623 -3.31983 0.262671 2.65301 -2.03053 -0.469677 -1.77224 -2.18345 
0.00377889 1.3522 0.515431 1.62838 0.245593 -1.66965 -0.384875 0.380815 -1.24081 -1.41478 1.32372 0.483968 0.435885 -0.293701 -0.715075 0.806353 0.86296 -0.454474 -0.314142 -2.57314 0.58899 2.03134 -0.853636 -0.0426328 -1.55623 -1.57758 -0.295225 -0.938898 0.137097 -0.0385125 1.51013 0.896595 -0.521271 0.0993021 1.36613 0.664143 -0.807683 -0.0156356 -0.14397 
-0.167446 0.88361 0.806104 2.34268 0.57518 -2.07389 -2.29485 0.839033 0.216842 -2.02871 1.01005 -0.619513 -0.495425 -0.516972 -1.00138 0.656066 -0.352017 0.736515 1.17714 -0.728402 0.492904 1.71325 0.291726 -0.753833 -1.29114 -0.35626 -0.351576 -0.410375 -0.459234 -2.16356 1.27542 2.56092 4.67897 -0.914794 -0.875392 3.9794 -0.231318 1.77562 2.66711 
-0.513193 0.35082 1.1715 1.27636 0.982108 -0.492516 -1.11328 0.873719 0.472434 -1.12305 0.569885 -0.80717 0.0796247 -0.645277 -1.12545 0.347119 -1.3006 0.820943 2.24678 2.10583 -0.325804 1.15595 3.12576 -0.27395 0.219391 1.08953 0.216355 0.288137 -0.768064 -0.50749 -1.18662 -0.436703 1.67354 -0.505105 -1.10857 2.09513 1.15255 1.60308 1.36682 
-0.812723 -0.24184 1.15322 1.04208 1.39612 0.172891 -0.189027 0.513229 1.37279 1.09705 0.736099 -0.400122 0.594104 -0.300617 -0.713239 -0.111998 -0.859507 -0.450105 0.740433 0.945138 -0.0122009 0.604678 2.38686 0.398717 0.311942 1.01056 0.568314 0.729113 -0.52022 0.599622 -1.82148 -1.98611 -2.29655 0.685595 -1.85339 -3.05533 0.849378 0.370479 -0.360909 
-0.81381 -0.362419 1.0595 0.416857 0.532003 0.247917 -0.16814 0.861518 1.07711 1.26381 0.968602 -0.495228 1.09018 -0.0769623 -0.396337 -0.173101 -0.700981 -1.00054 0.260663 -0.190721 0.359791 -0.697443 0.0704319 0.575428 0.589871 0.728621 0.250134 -0.0410873 0.0828356 1.06796 0.267033 -0.383203 -1.39089 0.333288 -0.532789 -2.5896 0.430174 -1.00567 -1.55806 
-0.889685 -0.638178 0.980123 0.341098 0.395584 0.433553 -0.379748 0.87302 0.675349 1.16748 1.31153 0.189749 1.32272 -0.0504829 -0.754326 -0.0291625 0.208455 -0.183072 0.35723 -0.445756 0.321087 0.0718883 -0.202741 0.82889 -0.693732 -0.547501 0.0871787 0.104193 0.311186 0.716849 1.32805 -0.117045 0.367969 0.230863 0.906099 -0.353071 -0.565247 -1.87837 -1.64334 
-0.864293 -1.11675 1.03034 0.625312 0.34893 0.605147 -0.613896 1.1826 1.149 1.06106 1.79749 -1.18896 0.542684 0.0102165 -0.292144 0.138086 0.015868 0.327507 0.143618 0.177248 0.590655 0.208656 -0.282639 0.0101809 -1.2885 -0.91472 0.00587616 0.82366 0.0734237 -0.954302 0.239821 0.0629115 1.24304 -0.616076 -0.521844 -0.0781963 -1.79294 0.75336 1.09865 
-0.879468 -0.930321 1.11821 0.356966 0.723091 0.577171 -0.202501 1.46368 0.884005 0.884845 1.32171 -1.09875 0.408004 -0.0446067 0.0693331 0.0442612 -0.745847 0.0567485 0.420141 0.797286 -0.294989 -0.449955 -0.280938 -0.964046 0.0596283 0.551149 -0.0180586 0.00404754 -0.59043 -1.0352 -0.712684 -0.222391 0.265639 -0.730385 -0.284055 0.193348 -0.960921 1.96505 1.44686 
-0.9089 -1.04741 1.0746 -0.120535 0.405679 1.02529 0.18339 0.887615 0.699044 0.780126 0.833447 -1.12933 1.09383 -0.00784217 -0.288096 -0.452344 -1.01933 -0.385178 -0.0787734 0.442886 -0.13973 -0.0753983 -0.0892915 -0.95074 0.676553 0.532138 0.0323097 -0.0951696 -0.14733 0.475637 -0.174459 -0.505043 -0.529834 0.279774 -0.207109 -0.736047 -0.0418052 0.0135623 -0.634525 
-0.887311 -1.21842 0.665864 -0.662365 0.337913 0.498398 0.240386 1.32394 0.808607 0.795554 0.370967 -0.422197 0.940142 -0.0122971 -0.0258365 -0.103069 -0.27021 -0.11771 -0.0849012 0.267452 -0.015215 -0.657064 -1.01698 -1.00585 0.0731906 -0.0833765 -0.0407756 0.531909 0.575467 1.42915 0.840507 -0.188781 -0.957172 -0.249302 -0.663907 -0.906264 1.06816 -0.0249049 -0.620676 
-0.921197 -1.07325 0.971528 -0.390744 0.287968 0.940388 0.450842 0.8724 0.0419804 -0.236859 -0.172404 -1.05614 1.01046 -0.0486178 0.243813 0.123123 0.409821 0.45533 -0.267554 -0.514285 -0.389032 -0.739305 -0.995555 0.117418 0.651648 -0.0885381 -0.0388472 -0.012399 -0.310706 0.197279 0.558483 -0.614999 -1.07709 -0.374168 0.720909 1.48186 1.51419 0.605785 -0.0527649 
-0.935928 -0.974605 0.788987 -0.252543 0.793243 0.230843 -0.2739 0.934913 0.0693018 -0.200001 0.488385 0.229451 0.851604 -0.0511442 -0.0382354 -0.413775 -0.0729305 0.440773 -0.6999 -0.80964 -0.389383 0.0638449 0.464876 0.508338 0.678975 -0.136141 0.04505 -0.171269 -0.23143 -0.628637 -0.427487 0.503985 1.06584 0.216622 1.52509 2.03411 0.420646 -0.344679 -0.279686 
-0.972341 -1.11148 0.557753 -0.463675 0.728741 0.240488 -0.358798 0.483017 0.105825 0.228017 0.335933 -0.377165 0.874314 -0.00356785 0.0725439 -0.108307 -0.218815 0.0278426 0.236431 0.551557 -0.17241 0.785787 1.03855 0.538064 0.306969 -0.368225 0.0233053 0.128836 0.665169 0.045583 -1.04535 1.09045 2.47978 0.897033 0.436213 -0.109059 0.234865 0.338346 0.416388 
-0.939496 -0.902061 0.68068 -0.471359 0.821086 0.467274 0.277657 0.762503 0.855089 0.838552 1.02645 0.53642 0.483379 -0.027839 0.0906002 0.251394 -0.0273475 -0.604577 0.390546 1.67014 0.50765 0.500058 0.355817 0.743203 1.01732 0.280246 -0.0206 -0.388605 0.0731735 0.36727 -0.284829 -0.337409 -1.02477 0.514309 -0.717919 -1.13323 -1.48411 -1.88217 0.615638 
-1.00018 -1.02088 0.809147 -0.491022 0.124164 0.631033 1.31134 0.990667 0.605884 0.583834 1.07914 0.640156 1.15456 -0.0241678 -0.316061 -0.0351333 0.148455 -0.256987 -0.100978 -0.473213 0.3419 0.0678679 -0.0946784 -0.94605 -1.5752 0.247413 0.0559017 -0.309212 -0.550922 -0.00483237 1.27509 -0.825384 -2.90655 -0.147473 0.250524 0.354268 -0.891769 -1.43869 -0.360784 
-0.963664 -1.21812 0.645547 -0.322904 0.564099 0.366297 -0.195556 1.1044 0.922957 0.743874 0.0803991 -1.03878 0.730793 0.0280627 -0.218611 -0.299528 -0.0321799 0.670516 -0.434838 -1.23641 0.360177 0.750582 0.710085 -0.148566 -0.42137 -0.0805374 0.0472192 0.506823 0.148262 0.011131 0.735427 0.412508 0.754472 -0.643499 -0.151702 0.198142 1.81881 2.57297 -0.332441 
-0.972117 -1.2395 0.509619 -0.523202 0.794681 0.196195 0.074924 1.35084 1.35647 1.29392 0.93057 0.218786 1.07402 0.0230513 0.190762 0.113129 0.159586 0.47844 0.311531 0.281259 -0.3016 -0.0838338 0.103464 0.872758 0.99777 -0.085028 -0.041456 0.451552 0.443386 0.0608866 -0.848846 0.205488 1.06043 -1.14441 -1.63232 -1.23322 -0.262778 -0.240425 -0.238925 
-0.940613 -1.02736 0.758676 -0.163319 1.04254 0.677827 0.0857024 0.802803 0.839123 0.847338 0.953157 -0.0410139 0.645765 -0.0133933 0.232941 0.143857 0.0287067 -0.178329 -0.22935 -0.175982 -0.784238 -0.88174 -0.523131 -0.411344 -0.661795 -0.319463 -0.0612722 -0.30508 -0.20537 -0.288684 -0.548236 -0.295724 0.131461 0.572624 0.390436 1.08911 -0.948224 -1.14031 -0.216475 
-0.985511 -1.00655 0.653476 -0.494496 0.616351 -0.0331544 -0.101058 0.566607 0.474726 0.770788 0.519226 -0.44301 0.754561 -0.0382209 -0.114318 -0.0922406 -0.129098 -0.0697955 0.015807 0.41272 0.271024 0.306602 1.19257 -0.0754664 -0.14254 -0.301503 -0.0261924 -0.483441 -0.349108 -0.0475559 -0.31336 0.166758 0.250198 0.891226 0.399459 -0.772738 -0.218175 0.561045 -0.999477 
-0.978834 -1.14168 0.666435 -0.292417 0.972744 0.693634 0.498422 1.07383 1.14572 2.03991 0.877691 -0.183554 0.344262 -0.0395857 -0.2505 -0.205251 -0.0188492 -0.491689 -0.062592 0.0742162 0.106988 -0.482281 -1.29587 -0.629519 -0.10075 -1.31894 0.0526331 0.317273 0.275339 0.0264724 -0.374856 -0.4619 -1.10295 -0.696592 -1.15888 -2.55813 0.673502 0.702578 0.494416 
-1.0251 -1.25705 0.448225 -0.513345 0.124662 -0.0957464 -0.0268418 0.673595 -0.00755532 -0.52508 -0.110293 -0.54376 -0.564379 0.0144122 0.202955 0.183098 -0.102626 -0.444652 -0.446093 -0.690228 -0.425568 -0.852275 -1.36555 0.598035 0.560038 0.192913 0.0793882 0.310739 0.393146 -0.0279322 1.40296 0.945377 0.170982 -0.0632063 0.45994 1.84693 1.17663 -0.135225 2.04847 
-0.964421 -0.938723 0.849533 -0.395043 0.528092 0.247541 -0.191805 0.648259 0.29345 0.674356 1.47573 0.376485 0.537175 0.0398025 0.0602392 0.187895 -0.0467814 0.911267 0.882785 0.245198 0.0437821 -0.0223411 0.551065 0.547106 -0.235975 0.729533 0.0248273 -0.255048 -0.296383 -0.197885 0.260846 0.825977 0.696013 0.619986 1.26422 1.48057 -1.3741 -2.18421 -0.38264 
-0.985294 -1.19682 0.636121 -0.560126 1.03593 0.787039 0.218356 0.717377 -0.0298965 0.0259847 0.436812 -0.779735 0.165154 0.0392396 -0.052093 -0.113284 -0.300511 -0.183806 0.379883 0.00578564 0.194418 0.411949 0.115018 -0.776064 -1.62417 -0.189727 -0.0391512 0.181375 -0.101124 0.202074 -1.06405 -1.41271 -0.778357 -0.126867 -0.0923515 -0.56258 -0.508161 0.0399448 -0.114507 