-1.0763 -0.773899 0.854847 -0.476359 0.873481 -0.203881 0.0317157 1.20344 1.46191 1.22011 -0.183661 1.26206 0.963701 0.0163271 0.212122 -0.0346572 0.667102 -0.0510531 0.228408 0.737736 0.292741 0.144057 -0.87716 -1.35199 -1.25086 -0.12509 -0.0271537 0.665645 0.392306 1.84937 0.222905 -0.184955 -1.37152 -0.227668 -0.561488 -1.28499 -1.16671 -2.2863 -1.05341 
-1.06851 -0.429768 1.07772 0.924766 0.862725 -0.149798 0.389507 0.914932 0.358442 -0.128196 -1.48175 0.140841 -0.462906 0.0348753 0.32245 0.105081 0.808373 0.0190991 -0.101405 -0.11102 0.225976 -0.558986 -0.935023 -0.56836 -1.51107 0.190032 -0.0598503 -0.314558 -0.178006 -0.226215 0.154682 -0.502358 -1.30006 1.12526 1.48697 1.27862 1.93566 1.49135 1.0785 
-1.04142 -0.45145 0.959928 0.332015 0.89258 -0.305286 -0.0793044 1.42941 0.902919 0.285087 -0.752021 -0.249011 1.15373 -0.0435231 -0.102435 -0.212664 0.440888 0.103629 -0.273951 -0.562323 1.418 1.63103 0.40146 0.58367 0.240483 0.953409 -0.0598398 -0.372584 -0.167565 -0.871267 -0.0442446 -0.502578 0.255044 -0.380238 -0.766686 0.441395 1.51789 3.57737 0.218719 
-1.11204 -0.532203 0.865055 1.36565 0.966354 -0.423749 -0.172817 2.33293 1.98947 0.273264 -0.898077 0.381325 0.490504 -0.0249645 -0.050134 -0.0624835 -0.0628936 -0.0251455 -0.603984 0.144024 -0.154262 -1.32567 -0.493627 0.949528 2.0663 0.408751 0.0397705 -0.0944165 0.180309 -1.59717 -0.171319 -0.0024817 0.737041 -3.18742 -3.64441 -0.407861 -0.16774 0.208554 -0.953834 
-1.06639 -0.501583 0.897445 0.269121 0.867434 -0.90927 0.0647198 1.27515 -0.422753 -0.20854 0.197507 1.81729 1.56248 -0.00375265 -0.196852 -0.0323551 -1.15628 -0.0676903 -0.276433 0.174718 -1.76942 -2.01338 -0.00640074 0.41593 0.449037 -0.000424883 0.082838 -0.181718 -0.0766935 -0.0100006 0.0890739 1.36093 -0.267604 -0.305671 2.5914 1.67925 -0.87397 -3.87849 -2.9264 
-1.11579 -0.729054 0.8327 0.20937 0.898663 -0.700182 0.00190116 0.563518 -0.0239089 0.266863 -0.482147 0.830361 0.490079 0.0578736 -0.231852 -0.139177 -0.0728942 0.0639284 0.756946 -0.12358 -0.459932 1.26573 1.18562 0.0755577 -1.81219 -2.51765 0.0715547 0.0494881 -0.137211 0.934954 -0.293043 -1.28989 -1.70531 1.41639 2.24738 -0.975316 -1.27647 -0.976164 -1.36417 
-1.00852 -0.733435 0.758268 0.196227 0.931362 -0.152324 -0.0588599 0.815218 0.842978 0.977084 0.273065 0.0050992 -0.955169 0.067802 -0.147364 -0.169566 -0.22133 -0.360733 -1.56632 -1.5306 -0.353026 0.234001 -0.981716 -0.860543 -0.527128 -1.36459 -0.219416 0.405484 0.432094 0.264187 -0.0362239 -1.41705 -0.455361 -0.198755 -0.94361 -1.79368 -1.13557 2.28514 2.31238 
-1.04799 -0.876418 0.663134 -0.0119592 0.53793 -2.2665 -1.52869 0.210492 0.210092 -0.714853 -1.34269 0.303234 -0.874511 -0.161542 0.173632 0.292917 0.191292 0.0277045 -0.660106 -0.578941 -0.658687 0.322121 -0.608057 -1.06001 0.47295 -0.205268 -0.0720884 0.514852 0.480952 0.452168 0.68495 3.16057 2.01674 -0.144301 -0.582891 2.1927 2.50995 0.80863 1.62973 
-1.17006 -0.559803 1.05118 0.387519 0.959067 -0.81243 -0.637801 0.15653 1.1651 0.369027 -0.786949 0.47805 -1.16044 -0.00428632 0.367489 0.311385 0.230838 0.324217 1.59425 0.486144 -0.497327 -0.34889 1.21098 1.64941 0.281503 0.265141 0.253724 -0.208734 -0.346937 -0.128153 -0.0043473 0.963317 0.962447 1.18198 -1.2919 -0.417901 0.483415 -0.824545 1.50367 
-1.05227 -0.508929 0.974519 0.218879 0.862147 -0.672258 -1.04255 -0.286835 -0.138799 0.496131 0.306716 0.584736 -0.60937 0.0921819 -0.0351017 -0.0540198 0.0631392 0.0233572 0.303212 0.383506 0.523291 -0.969783 -1.02596 -0.576599 -0.351594 1.2984 -0.0728846 -0.718859 -0.406054 -1.16685 -0.108199 -0.747333 -0.709268 0.814801 1.51274 -0.737507 -1.00976 0.350612 1.84235 
-1.07788 -0.594905 0.997165 0.450659 0.982424 -0.509218 -0.254294 0.679822 0.195316 -0.65693 -1.36355 0.126455 0.137966 -0.0771709 -0.351371 -0.0946689 -0.936012 0.216018 0.846914 -0.223123 0.317474 1.16385 0.473477 0.639648 0.632114 2.10749 0.0558191 -0.212581 -0.326486 -0.298709 -0.064409 0.103899 -0.811839 -0.861709 -0.698624 -0.354105 0.682741 -0.873346 -1.70787 
-1.12945 -0.8603 0.87985 -0.717133 1.07816 0.174656 -1.26567 0.0306392 1.02506 0.969608 0.946364 1.21685 1.49812 0.148001 -0.247683 -0.380506 -0.23557 -0.0410518 0.407111 -0.428333 -0.338418 -1.66841 -1.38006 0.106142 -1.22494 -0.409467 0.32341 -0.171248 -0.168335 1.76694 -0.245634 -1.12082 0.990298 0.416046 -2.06117 -1.70609 -2.71343 -2.74277 -5.06394 
-0.929875 -0.842588 0.616659 0.215089 0.941372 -0.102108 -0.682627 0.341404 -1.47309 -2.03699 -1.25741 -1.09849 -0.271502 0.246239 -0.522618 -0.263004 0.830924 -0.0296169 -0.273905 0.767175 0.73352 -0.897315 -1.23261 -2.07378 -2.11065 -2.95645 -0.093214 -0.266948 0.41757 0.333298 0.156766 -0.826455 0.495127 0.804398 4.76098 5.04309 0.737423 2.52408 -0.731772 
-0.883206 -1.38292 0.616846 0.113791 1.04855 -0.0992496 -0.498498 0.764159 0.127741 -0.263007 -1.12742 -0.8938 -1.45833 0.0547869 -0.51463 0.0370646 0.0977277 0.115715 -0.419344 0.0667945 0.46598 3.09257 3.66303 0.843565 1.29914 -1.14124 -0.154494 0.624645 0.391262 0.0806963 0.194061 -0.500539 -1.35738 -0.400507 1.81649 3.44891 4.1879 3.05072 3.18586 
-0.875088 -1.35722 0.653724 0.312816 1.05709 -0.521452 -0.615833 0.807384 1.61948 1.62604 -0.413842 0.200658 -1.41274 0.0917455 0.102026 0.128258 0.911621 0.164444 -0.774445 -0.590205 0.333013 0.919173 2.21629 2.11412 0.940065 0.229409 -0.00270873 0.758915 0.219446 0.0593943 -0.0871675 -0.477133 -0.734088 -0.286891 -3.65033 -4.0786 -0.61436 -0.998558 2.02092 
-0.79146 -1.28089 0.745104 1.02541 1.21299 -0.873694 -1.0887 1.09717 1.04691 1.95329 0.986705 0.046265 -1.22893 0.0520782 0.244284 0.25651 0.157122 0.0285471 -0.896477 -0.667294 0.179089 -0.557753 -0.415567 0.229205 0.300585 0.879684 -0.0319427 -0.0797394 -0.0824603 -1.50971 -0.469849 0.520856 0.466583 -0.380382 -2.36583 -4.76514 -4.11903 -0.931275 0.222251 
-0.82301 -1.11293 0.910234 0.469939 1.08563 -1.41793 -1.28313 0.986473 1.06173 1.21047 -0.184637 0.501242 -0.533057 0.0598028 0.0222871 0.0457975 -0.598094 -0.305404 -0.253589 -0.123622 -0.0473682 -1.44665 -2.54885 -2.00491 0.00879052 0.45166 0.079532 -0.263119 -0.498763 -0.85579 -0.352139 0.995571 0.346725 -0.607689 -0.783431 -0.164167 -0.31112 -0.848262 0.0248715 
-0.731658 -1.2586 0.790902 0.427318 0.907587 -1.12728 -1.21233 1.0498 -0.399742 -0.595563 -1.0182 0.0550555 -0.777265 0.13161 -0.0188345 -0.242252 -0.698668 -0.323592 0.0990939 -0.320569 -0.428599 -1.34118 -0.579734 -0.081915 -0.547677 0.904556 0.0170826 0.0899669 -0.108374 -0.668086 0.301454 1.03215 0.944335 0.402339 2.14585 4.51891 3.13761 0.343914 0.605026 
-0.6914 -1.13177 0.667982 -0.22873 0.762042 -1.31883 -1.60369 0.557874 -0.279456 0.630738 -0.266552 -0.0464351 0.371499 0.0768853 0.112254 -0.0625767 -1.26618 -0.00395024 0.778563 0.820713 0.354971 0.699191 1.97006 1.13271 0.352705 1.05669 0.0387947 -0.220494 0.0568581 0.703686 0.400754 0.471962 1.12347 1.01027 2.47861 2.65376 2.46655 2.47884 -2.0799 
-0.654772 -1.14635 0.728325 -0.838863 0.903637 -0.348719 -0.391613 1.40478 0.29945 1.3745 0.114509 0.407761 0.279422 0.170405 -0.239329 -0.185394 0.00501786 0.077162 0.571056 0.802899 0.581672 1.13743 2.07402 2.38463 1.93116 -1.17535 0.187506 -0.495585 0.044687 -0.137227 -0.252774 -0.93306 -1.36781 -0.62219 -0.0318712 -1.98235 -1.0684 2.04845 -0.115618 
-0.520995 -1.3711 0.482587 -0.223712 0.839204 -0.747779 -0.800796 1.13955 0.857973 2.70476 2.11808 1.88473 -0.803847 0.264391 -0.383331 -0.0178897 -1.40341 -0.256724 -0.154497 -0.547098 -0.267219 0.66732 -0.0122904 0.0643043 2.40115 0.941069 0.604056 1.9116 0.687089 -1.76489 -1.29197 -0.970008 -0.604412 -3.10556 -4.23988 -4.90402 -6.4096 -2.79394 1.60227 
-0.390381 -1.52968 0.710435 -2.24227 0.646913 -0.503217 -0.938711 1.13756 0.966769 1.36221 0.178814 2.80891 1.22049 0.774461 1.67227 0.501694 -1.75987 -1.21481 -0.398952 0.198487 -2.52389 -3.10245 -2.83 -4.02497 -0.862778 0.426926 0.840485 3.67367 -0.312488 4.60768 -1.57962 -0.164191 1.72858 -1.61558 -3.26564 -1.77717 -1.26109 -5.3701 -2.82115 
0.253466 0.301176 0.984281 -1.98358 -0.375603 -1.14673 -0.60231 -1.38435 -2.24448 -0.125236 -1.90689 1.02195 -0.376921 1.10488 3.29034 -0.330378 3.20428 -1.83634 -0.318688 1.18148 -1.8828 -2.59832 -1.78946 -1.19679 -2.96895 -1.88008 -0.0828384 -0.213295 -1.60625 4.29323 0.163901 0.834084 1.11547 2.5532 4.78351 3.1797 5.4357 -1.60748 -0.207381 
0.714495 1.76065 0.380058 0.962005 -1.18943 -0.821905 0.242771 -0.74524 -1.63155 -0.427256 -1.01797 -0.160034 -0.659588 0.691622 1.45898 -1.10456 2.53336 -1.05091 0.435132 1.31396 0.0293054 1.68106 0.349703 1.41073 -2.47026 0.219545 -0.708785 -3.56531 -0.38389 -4.79316 1.78669 1.02076 -0.305693 2.18723 3.73199 2.15109 1.52719 2.40583 1.7152 
0.945088 1.76015 -0.120274 0.549783 -1.42651 -0.711599 0.71165 -1.35504 -0.563421 0.224467 -0.496152 -1.44831 -0.157376 0.396091 -0.274978 -0.714267 -1.58888 -0.0496518 0.70207 0.875789 0.304438 1.13368 0.361622 0.330399 -0.563115 -0.164879 -0.477763 -1.80519 0.928083 -4.06198 1.18929 0.679218 -0.22439 0.935104 -1.26162 -1.44681 -1.38708 2.38946 -0.614251 
1.11059 1.48568 -0.33421 -0.626875 -1.23908 -0.119835 1.11856 -0.440802 -0.497869 -0.0656337 -0.687575 -0.723149 -0.824467 0.213859 -0.346211 -0.176472 -1.52861 0.138379 1.11435 1.08957 0.964409 0.419438 -1.09711 0.0236549 -0.0808028 -0.394706 -0.304232 0.10673 0.563261 1.8076 0.0461964 -0.61729 -0.24355 -0.0903275 -0.674427 -0.866628 0.713646 0.220348 0.8404 
1.15895 1.41394 -0.296746 -0.978829 -1.28813 0.402751 1.80122 -0.390632 -0.143983 -0.872639 -0.472497 -1.52911 -0.552083 0.0918598 -0.168248 -0.151006 0.218721 -0.00345536 0.0847801 0.632239 0.21411 0.45925 -0.505006 1.04404 -0.342767 0.675521 -0.140875 0.117902 -0.2892 1.81998 -0.191096 -1.45107 -1.77585 -1.5914 -0.972734 0.761084 0.915878 0.603956 1.53637 
1.20245 1.31743 -0.485216 -0.408154 -1.24254 -0.035055 1.7508 -0.226692 -0.0386191 -0.570639 0.356469 -1.06592 -0.148946 0.0729837 -0.228309 -0.465672 0.291369 -0.0527167 -0.336721 -0.68628 -0.626989 -0.553296 -0.336022 0.939533 0.523153 1.14167 -0.103276 0.169726 -0.290051 1.09047 -0.129661 1.02323 -1.64521 -1.16288 -1.69335 -0.81611 -0.421351 1.74555 0.786217 
1.23193 1.18563 -0.762418 -0.68746 -1.34085 0.0660299 1.11494 -1.01762 -0.69728 -1.20866 0.467036 -1.00596 0.589584 -0.0114163 0.00147806 -0.441058 1.30919 -0.133117 1.10801 -1.01297 -0.948769 -1.2341 -1.32112 0.622694 1.40278 1.46174 -0.131947 -0.311105 0.398396 -0.699586 0.0766951 0.472106 0.48113 -0.161131 -0.314743 -0.200145 -0.756129 1.32945 0.623176 
1.19103 1.31891 -0.926274 0.90104 -1.37566 1.07296 0.73783 -1.17546 -1.27271 -1.89175 0.979164 0.336865 1.31279 -0.0589637 -0.539414 -0.0672761 -0.408217 0.0239784 0.135385 -0.205149 -0.78812 -0.86804 -0.536167 0.183403 1.8526 1.76484 -0.0443945 -0.198766 0.504999 -1.61025 0.208713 -0.980671 1.21199 0.376698 1.78674 2.09965 -0.855514 -1.47941 -0.67893 
1.17297 0.64622 -0.829694 -1.09568 -1.31687 0.201414 0.909791 -1.80574 -1.56532 -1.74483 0.650439 0.846644 2.35443 -0.0558109 -0.197288 0.0639415 -0.301056 0.0755963 0.127339 0.199017 -0.572071 0.552648 0.778539 -0.23282 -0.0766317 0.782808 0.0445671 0.442576 0.116482 1.08215 0.239318 0.847806 0.695583 1.01494 1.52671 1.28369 -0.0885143 -2.36581 -3.09974 
1.13522 1.12162 -0.862333 0.599984 -1.30006 1.20029 0.936847 -1.74753 -0.720067 -1.11322 0.746344 0.260233 2.0956 -0.0143966 -0.0968381 0.0492062 0.673933 0.263296 0.983191 0.490434 0.226821 0.658667 0.747527 0.094889 -0.513206 -1.33489 -0.00256846 0.0154309 -0.44 0.494844 0.00462498 1.24271 0.374939 1.35412 -1.17277 -0.796783 0.799033 -0.0754153 -1.5302 
1.15857 0.549382 -0.780488 -0.421744 -1.05357 1.18461 1.40022 -1.57892 -0.906652 -0.997302 0.745328 0.333438 1.01954 -0.0583793 -0.181857 -0.376058 0.193788 0.0802213 1.37005 0.573956 0.782046 -0.620119 -0.0182443 0.566213 -0.152047 -0.747393 -0.0136069 0.0594884 -0.440633 -1.25919 -0.411897 -0.391372 0.0668523 0.204194 -0.214055 -0.311789 -0.471033 0.0537292 1.87837 
1.07684 0.939761 -1.23839 0.793773 -1.21984 2.57035 1.5108 -0.965485 -1.34019 -1.13146 1.31256 0.108186 1.34821 -0.0280035 -0.0373497 -0.391427 -0.585259 -0.1486 0.591819 0.557286 0.431016 0.444612 0.435738 -0.376144 -0.459477 0.543479 0.11866 -0.431884 0.536703 -3.1262 0.197921 -2.73787 -0.208239 -0.523402 1.77196 0.782525 -1.17747 0.0626141 0.249335 
1.13057 0.512032 -1.17192 -1.007 -1.20217 1.77642 1.95751 -1.1479 -0.46204 -0.561563 0.369184 -0.12604 1.56302 0.0602806 -0.613741 0.160645 -2.93241 0.278142 -1.36782 0.365717 0.258644 1.15184 0.76428 -0.611261 -0.0894329 -0.498058 -0.0128473 0.229308 0.177936 0.741593 0.236182 -0.493887 -1.14704 0.477323 -0.0902226 0.0864307 1.43099 0.199039 -1.6642 
1.13712 0.32602 -1.07775 -2.13864 -0.941696 1.20253 1.87652 -0.706841 -0.188344 -0.36718 0.701296 0.0187535 0.85015 -0.0408508 0.191958 -0.213491 0.156333 0.0875821 0.0979323 -0.589751 0.908338 0.354389 0.522169 1.05484 -0.260439 -1.12072 -0.201901 0.539108 -0.73094 3.57641 -0.525019 1.2439 -1.66689 -0.282416 -2.04675 -0.188729 1.5349 -1.04771 -0.525767 
1.08972 0.70399 -1.38541 -0.85067 -1.11459 1.87436 1.36776 -0.239565 -0.107651 -0.0393943 1.42403 -0.386478 0.442297 -0.141621 -0.0746326 -0.570295 0.643993 -0.246877 -0.123918 -1.30118 -0.0237719 -0.894907 0.575551 0.923637 -1.13715 -1.02383 -0.0605344 -0.497755 -0.155366 0.243671 0.05569 -0.828481 -0.724349 -1.49933 -1.36234 -0.0307282 -0.483097 -0.335129 -0.156715 
0.9955 0.251387 -1.64804 -1.49465 -1.18857 1.07861 0.575344 -0.730613 -1.08325 0.208371 1.62493 -1.11839 -0.173676 -0.101385 -0.305797 -0.368857 0.400004 0.143272 -0.730549 -1.3141 -0.590987 -1.00796 0.491441 0.571744 -0.595568 -1.27743 0.166224 0.601192 0.664434 0.372353 0.693107 0.295057 1.04399 -0.224092 0.926936 -1.49005 -0.849722 0.715971 0.0497702 
0.988331 0.398193 -1.75426 -0.450666 -0.971319 1.14381 0.0536599 -0.830553 -1.11561 0.452047 1.99577 -0.982046 -0.835136 0.0246035 0.52656 0.0941393 1.01635 0.446229 0.171139 -0.257186 -0.247864 0.0320288 -0.914502 0.0739152 -0.421177 -0.974055 0.085131 0.981325 0.540008 0.804688 0.372743 1.644 1.39073 0.859507 2.01721 -1.92319 -1.52273 0.697075 1.79073 
1.0201 0.777946 -1.5539 -0.478304 -0.742344 1.24975 0.318158 -0.978477 -1.05122 -0.70613 1.69885 -1.53957 -1.14773 -0.0162542 0.675528 0.171151 1.20469 0.516015 0.913455 0.0766338 0.26852 1.00926 -1.43175 -0.950985 0.101506 0.513294 -0.0735302 -0.515003 -0.0412105 -0.488626 -0.130227 -0.828606 -0.334936 0.680578 1.12861 1.25227 -1.5741 0.742065 0.891917 
0.972077 1.07372 -1.58311 0.754026 -0.455303 2.05726 0.130294 -0.562033 -0.10635 -0.979701 1.04478 -0.88054 -0.321842 -0.0489267 0.0115563 0.0529288 0.527719 0.316002 -0.657467 -0.592123 0.432714 1.16064 0.337768 -1.50019 0.320889 -0.0821381 -0.0493025 -0.683689 -0.215414 -0.350221 -0.465768 -2.57259 -1.71355 -0.299722 -0.426662 2.6335 -0.998537 -0.847582 -1.25786 
0.971177 0.789503 -1.50097 0.0494159 -0.426342 0.592279 -0.273965 -0.545763 0.109416 -0.368362 0.198661 -1.21868 -1.22987 -0.0655567 -0.00816035 -0.0442632 0.854471 0.0502468 -1.65914 -1.63691 -0.0312018 0.582594 1.20175 -1.94952 -0.746076 -0.744562 -0.00332272 0.538431 0.0334201 2.82474 -0.182534 -0.515073 -0.0206022 -0.701838 0.813515 -0.639593 -0.17859 -0.85915 0.228065 