-0.961082 -0.734444 0.114919 -1.23543 -0.00889863 0.218325 0.854837 0.95364 0.726633 -0.139691 -0.227199 -0.54749 0.305454 0.0561802 0.114613 0.466053 0.365604 -0.0585142 0.145729 -0.026193 -0.449931 -1.31217 -2.08933 -1.17764 -0.375522 -0.087909 -0.0473346 0.0273076 0.499689 0.877707 1.41309 2.22033 1.09109 0.832935 0.705528 3.19402 3.07111 -0.211534 0.189026 
-0.912797 -0.564518 0.718565 -0.395834 0.344443 0.643223 0.943715 0.837002 0.0287253 -0.520646 0.137176 -0.989717 0.256603 -0.0150521 0.0665522 0.190445 0.518426 0.297848 1.2093 0.53683 0.3191 0.640033 1.56341 1.1791 -0.203544 -0.0107619 -0.0485056 -0.129878 -0.553323 -0.26226 0.591132 0.226836 -0.330244 0.321291 2.32925 3.51157 1.26271 0.138343 0.471043 
-0.976134 -0.667892 0.305363 -0.717001 0.288949 1.42763 1.39167 1.27274 1.36667 1.42372 0.951903 -0.751033 0.294692 0.00767464 -0.0152651 -0.0872701 0.103344 0.532617 0.372565 -0.356437 -0.12864 1.01708 1.42224 0.0850714 -0.237179 0.383134 0.11646 0.0771676 0.0244856 -0.197067 -0.177791 -1.95268 -1.02124 -0.726027 -1.40124 -2.31509 -1.11094 -0.23588 0.227551 
-0.905122 -0.579783 0.631295 -0.292489 0.87706 1.01579 0.587277 0.708362 1.04581 0.901594 0.222248 -1.2269 0.639737 0.101408 0.14372 0.21493 0.321359 0.120057 -0.743379 -0.484408 -0.406927 -0.76121 -0.751684 0.0681591 -0.439424 0.21679 0.00521791 0.116042 -0.0444526 -0.552778 -0.507431 -0.530015 0.455778 0.550571 -1.71631 -2.69463 0.144996 0.700086 -0.607754 
-0.874725 -0.524172 0.520294 -0.395641 0.409007 0.684247 0.907259 0.865813 0.605456 0.672034 1.02006 -1.19046 0.511481 0.0128925 0.100777 -0.131723 -0.449433 0.0251868 -0.15745 0.0993406 0.421931 -0.699229 -1.27239 0.230067 0.462907 -0.224619 -0.213521 -0.241863 -0.517786 -0.400483 -0.050442 0.997049 0.467987 0.868885 1.35137 0.0489859 -0.599141 0.977077 -0.111714 
-0.892229 -0.479006 0.499573 -0.741923 0.902247 0.858339 0.686618 1.13029 0.346577 -0.370793 0.452315 -0.763989 0.415118 -0.112113 -0.0981436 -0.302856 -0.0791235 0.0696153 0.25367 -0.0164206 0.461958 0.590158 -0.702698 -0.530982 0.537653 0.105076 -0.0745346 -0.384881 -0.604021 0.2084 -0.591889 0.361787 0.0932086 -0.800525 0.394867 1.09135 -0.313723 -0.965681 0.144365 
-0.986838 -0.622316 0.217438 -0.474765 0.478622 0.937917 0.890839 1.32777 1.19561 -0.0306642 0.48908 -0.652805 0.616557 -0.061642 -0.284103 -0.735744 -0.241033 -0.566703 0.204338 0.192549 -0.378594 -0.304361 -0.181034 -0.0836563 -0.502774 -0.0802545 0.149433 -0.0240637 0.197144 -0.74237 -0.528208 -0.179462 -0.2803 -0.886072 -1.12308 0.966312 0.876273 -1.11082 -0.796108 
-0.953871 -0.763109 -0.236171 -0.982956 0.335544 1.06268 0.879167 0.7517 0.0422158 -0.551827 0.368658 -1.26676 0.334863 0.0373203 -0.122207 -0.105712 -0.821493 -0.458593 0.0742082 -0.296721 -0.424114 -0.532921 0.263613 0.345291 -0.573163 -0.691032 0.091949 0.528957 1.51132 0.850753 0.897009 -0.62608 -0.390091 0.453051 1.00819 0.633132 0.736441 1.13914 0.260077 
-0.949518 -0.744523 0.111726 -1.29626 0.020029 1.01213 0.594118 0.903658 0.662694 0.232949 0.834372 -1.22597 -0.074475 0.030307 0.244853 0.775576 0.60972 0.330306 -0.421743 -0.197542 0.0744571 0.703833 0.452097 0.652785 0.63637 0.179823 0.035534 0.418878 0.0325458 1.38657 1.65228 -0.00883553 0.532239 0.239499 1.14836 -0.273008 -0.641106 1.12396 0.891606 
-0.923564 -0.518256 0.539405 -0.373236 0.66585 0.640934 0.681626 0.826157 0.746049 -0.0997298 1.02144 -0.630393 0.514686 0.0728542 0.296671 -0.0731659 0.565075 1.19369 0.0653727 0.235518 -0.184615 0.615444 -0.00939441 -0.295814 0.550799 0.200574 -0.0454173 -0.192952 -1.0423 -1.55244 -0.581948 0.778921 0.385394 -0.291369 -0.43998 0.165988 -1.52665 -0.785666 -0.521852 
-0.876664 -0.447852 0.0385602 -0.731182 1.21372 1.0775 0.829636 0.719043 1.27814 0.223555 0.538558 -0.675169 0.126099 -0.0151103 0.0519016 -0.266721 -0.942718 -0.251642 0.357178 0.187852 -0.216912 0.263853 0.618086 -0.873864 -0.149296 -0.342029 -0.164421 -0.419073 0.0487628 -1.32381 -1.77481 -0.312906 -0.527595 0.0853845 -1.02708 -0.320615 -0.134543 -0.437794 0.538894 
-0.938675 -0.466354 0.272684 -1.31595 0.414208 0.998112 0.869478 0.609244 1.0099 0.518356 0.147579 -0.779689 0.172657 -0.0915667 -0.122402 -0.024403 -0.758731 -0.581115 -0.247533 -0.292076 -0.0992304 -0.411634 -0.33001 -0.430357 0.113005 0.739467 0.0404537 -0.306366 -0.0160585 2.32415 0.328463 -1.08022 -0.356192 -0.0114432 -0.808961 -1.32867 1.56023 1.02813 1.19142 
-0.96823 -0.570254 0.0141572 -1.48991 0.632604 0.829965 0.53756 0.619813 0.866503 -0.106455 0.108201 -0.562164 0.865566 0.0253434 -0.254465 -0.28278 1.38143 0.0768207 -0.723042 -0.168339 -0.228356 -0.545108 -0.710582 0.686366 0.878839 0.849394 0.103141 0.0472368 -0.113472 2.10774 1.07924 -0.395921 0.547108 0.673414 0.790556 0.746472 1.69176 0.383105 -0.969866 
-0.913331 -0.720819 -0.0100961 0.0654733 0.491029 0.27507 0.701139 0.380889 0.464794 -0.192226 0.833945 0.09915 1.02205 0.0115742 -0.0751648 -0.137875 1.34901 0.498125 -0.643453 0.255032 0.574184 0.378922 0.416463 1.2614 0.496109 -0.230398 -0.0772941 0.536479 1.29178 -1.34315 0.783025 2.04433 0.669506 0.749181 0.917881 0.630697 -0.938545 -1.36879 -0.585376 
-0.956656 -0.645419 -0.123717 -0.140906 1.13073 0.186511 0.792592 1.194 1.24542 0.310008 1.3696 -0.0660551 0.635168 -0.0519507 0.282014 1.009 0.0382792 0.859846 1.32128 0.501167 0.520826 0.372773 -0.0798851 -0.252179 -0.489948 0.264018 0.0505398 0.465029 1.03081 -1.35417 -0.808787 1.75452 0.134018 -0.687262 -0.312133 -0.609119 -2.43114 -1.153 0.81396 
-0.965282 -0.438805 0.998901 0.103752 1.35087 1.59635 1.20231 0.901714 0.837567 -0.272111 0.581767 -0.390798 1.28607 0.062114 0.389864 0.892936 -0.00515798 -0.310662 1.11107 0.389049 -0.113078 0.0667892 -0.192656 -1.16974 -0.656895 0.583561 0.0462443 -0.157987 -1.67368 -0.702223 -0.404515 -1.60453 -0.622587 -0.125191 -0.140378 -0.434175 -0.0688143 0.335279 -0.671746 
-0.894542 -0.255554 0.769219 -0.146064 0.820067 1.29758 1.18164 1.08092 1.31221 0.117352 0.199864 -0.72295 1.21873 -0.00570636 0.124027 -0.664678 -0.663944 0.455331 -0.283248 -0.12142 0.395634 0.232395 -0.51406 -0.320993 -0.154669 -0.407727 -0.147797 -0.565162 -1.16659 -0.488186 0.260338 -1.53377 -0.32704 0.126718 -0.933973 -0.555444 1.30217 0.357018 -1.70508 
-0.970988 -0.314778 0.334222 -0.560192 1.80621 1.31311 1.08089 1.29735 1.06996 -0.786171 0.260773 -0.545466 0.878342 -0.085683 -0.175298 -0.273658 -0.493344 -0.0503241 -0.422699 0.0620091 0.0136395 -0.867184 -0.7481 0.132436 -0.299876 -1.12152 -0.0357183 -0.404985 0.910608 0.576768 -1.95629 -0.139264 0.24334 -0.799216 -0.409221 1.81996 1.83952 -0.218218 -0.558149 
-0.980225 -0.430852 0.49556 -0.639408 0.769743 0.874881 1.24365 1.09456 0.44503 -0.630749 0.3323 -1.02283 0.0972081 -0.0414247 -0.280958 0.24593 -0.0871766 -1.50096 -0.422512 0.12192 -0.403581 -0.176826 1.3059 1.51853 -0.372887 -0.965877 0.0824618 0.0695231 -0.0704969 0.755956 -0.0938699 0.732034 0.0481808 0.145841 1.95255 1.59731 0.547468 1.06666 2.02328 
-1.01241 -0.595736 0.580152 -0.647368 0.305249 0.890594 1.20281 0.893767 0.893137 0.519729 1.7793 -0.918353 -0.0875342 -0.0032212 -0.105775 -0.344155 0.262612 -0.144194 0.309335 0.11019 0.15948 1.08537 0.849213 0.679904 0.766788 0.901763 0.851172 0.190329 -3.81104 1.86897 2.40557 0.919171 0.00329457 -0.302282 -0.367006 -1.66711 -2.69688 0.705829 1.24981 
-0.983446 -0.536628 0.151405 -0.376796 0.625549 1.18422 1.35384 1.25404 1.5304 0.218465 1.0122 -0.256038 0.998971 0.809748 -0.0906293 -3.56511 1.78179 0.904611 0.496659 0.125214 -0.705864 -0.543832 -0.361215 -1.17835 0.332942 0.283933 2.08619 -1.07311 -2.74013 -0.225254 -1.66848 -1.45103 -1.58168 -1.85457 -3.34048 0.166951 -1.39879 -0.549512 -1.7285 
-0.202665 -0.686365 -2.98496 1.13442 1.20986 1.38725 1.32802 0.187903 0.349305 0.158514 0.600952 -0.585411 0.196398 2.08297 -1.17889 -3.08429 0.0373578 -1.81268 -1.1417 -1.47149 -1.69509 -2.25511 1.01616 -0.718881 0.217277 -0.826733 0.721562 -1.75408 5.30614 -3.9178 -4.86916 -2.77196 -1.55671 0.276019 -0.614299 1.50028 -0.168937 0.49373 0.0546386 
1.09952 -1.71552 -2.93288 -0.339438 -1.18713 0.0425212 -0.117645 -0.441049 -0.724712 1.23463 0.293324 -0.0387613 0.172238 1.53131 -1.84471 1.74103 -2.13601 -3.96455 -2.2753 -1.43149 -0.429845 -1.15813 1.13906 -1.34729 0.826672 0.338571 -2.06109 0.101547 6.62937 -0.0745725 1.09793 0.312291 1.91423 2.82202 2.62157 -2.45358 -0.841585 0.13352 2.4406 
1.32864 -2.53108 -1.24394 -1.00159 -2.75469 -0.888044 -0.103474 -0.241942 -0.808826 1.29758 -0.746336 0.241261 0.534969 0.0218768 -1.07734 3.54509 -0.0372147 -0.714748 -0.829405 0.442747 1.12693 0.366461 -1.43741 -1.56047 0.350797 1.61387 -1.76035 1.6315 0.095189 3.13494 5.81795 1.92449 0.927505 1.76445 2.44156 -0.726103 1.61798 -0.813185 0.203485 
1.1214 -2.79286 0.612204 -0.376653 -1.90188 -0.786884 0.325101 0.68588 -0.358251 -0.202785 -1.26714 0.312036 1.78611 -0.22904 -0.213214 1.83621 0.998935 1.8534 -0.350808 -0.503989 1.33461 1.28342 0.412958 0.270694 0.0134871 0.542056 -0.0283525 1.48975 -3.8314 1.0052 1.99524 0.515044 -2.23485 -1.30946 0.65366 2.82166 0.811759 -0.693455 -1.16117 
1.0996 -2.74429 0.592276 -0.00265146 -0.901287 -1.23885 -0.607463 1.09267 0.474599 1.71053 -0.475641 0.254748 1.07703 -0.00647571 0.412407 -0.286319 0.967987 1.28049 -0.31436 -1.7921 -0.18253 1.02012 1.38424 -0.748707 -0.342658 0.452694 0.199369 1.36341 -2.29715 -0.035814 -1.14361 0.981434 -0.461971 -1.63703 -0.5579 -0.0412684 -0.638835 -0.767302 -0.117759 
1.11492 -2.38045 0.325885 0.591333 -0.621388 -1.10124 -1.467 0.503351 0.66187 1.18146 -2.01585 -0.0306218 2.2388 -0.0296709 1.1502 -0.460935 0.963121 0.709793 0.630626 -0.96596 -0.302418 0.725525 0.37169 -0.368141 -0.753814 0.424297 -0.107495 1.51139 -0.0173982 0.188428 0.0795555 1.90028 1.55042 -0.199707 -1.76502 -0.765917 1.52689 -1.05904 -2.62297 
1.06993 -1.59409 0.131341 0.960469 -0.191494 -0.608226 -1.57342 0.79025 1.20012 2.08222 -0.843783 -0.499066 1.50132 -0.113971 1.92379 -0.303717 1.15641 1.36004 1.58592 -0.241679 -0.382237 -0.7449 0.618326 0.778183 -1.4017 -2.17028 -0.0350654 1.06366 -0.43211 0.225074 -0.963562 -0.307231 0.890707 -0.996287 -2.7082 -1.47533 0.113878 0.146833 -1.16929 
1.00095 -0.45666 0.0221675 1.74775 0.738655 0.484677 -1.70868 0.121114 -0.0830301 1.79978 -1.23767 -1.43232 0.0685227 -0.0647362 2.21386 -0.893045 1.18819 -0.253769 0.323396 -0.075253 -1.2987 -1.98268 -1.10364 -0.254263 -0.606982 -0.744995 0.264243 -0.530688 -1.02529 -0.63862 -1.82057 -3.31003 0.283705 -0.964738 1.83406 -2.31114 0.304753 1.63998 2.72345 
1.0052 0.619764 -0.761704 2.14866 -0.445263 -0.28483 -1.64868 -0.508455 -0.782554 0.978586 -1.09805 -1.10605 0.756328 0.150272 1.39311 -1.32901 0.517795 -0.460529 -1.72411 0.0420263 -1.34697 1.08916 -1.69281 1.08294 0.238278 0.553174 0.479819 -2.06388 -0.790073 -1.06192 0.107407 -1.27834 -0.186623 0.40582 3.52357 0.302928 0.25867 1.0496 -0.455033 
1.15123 0.936445 -1.30684 2.26554 0.278126 -1.23943 -1.66665 -1.22586 1.00613 0.106973 -0.15473 -1.19405 0.621696 0.415083 0.149979 -1.68312 0.126278 -0.146362 -0.954945 -0.261876 -0.892885 1.54089 -0.80071 0.00440666 0.442613 -1.20003 0.2645 -1.7266 0.662398 -1.06392 -0.233665 1.71785 -0.0382373 1.35143 -1.68006 2.28902 -2.75133 1.30047 -1.65269 
1.42028 0.769743 -2.44482 2.27494 -0.591625 -1.23977 -1.91055 -1.40134 0.75834 0.177876 -1.09364 -0.663435 -0.4437 0.414772 -0.333496 -0.666611 -0.546122 -0.694194 -0.00625608 0.00378902 0.00445115 -0.590897 0.596213 -1.66839 1.53875 -1.09952 -0.199062 -0.59315 2.79814 -0.744089 -0.083155 0.912173 0.929885 0.972049 -2.00652 1.62268 -0.469213 0.73897 0.912224 
1.566 0.602949 -1.97345 1.71942 -0.416067 -1.24569 -1.66286 -1.22141 0.415235 0.703186 -1.82312 0.3447 -0.477823 0.216021 -0.443172 1.11502 -0.617811 -0.229517 -0.0427712 0.668009 0.0791646 -0.465629 0.821971 -0.464807 1.18158 -0.287803 -0.372963 -0.184038 1.133 -0.250557 -0.236152 -0.658433 0.0170118 -0.29204 -0.522683 -0.830625 0.903157 -1.37203 0.0900874 
1.6363 0.326571 -1.3298 1.65713 -0.821143 -1.28255 -1.24254 -1.32217 0.29271 0.999847 -1.55845 0.518149 -0.731503 0.0418095 -0.517534 0.46639 -0.796679 -0.930346 -0.664689 0.0208008 -0.287589 -1.11358 -0.234412 -0.765233 0.16672 -1.00943 -0.216906 0.343661 -1.10361 0.455201 0.0815008 -0.0558813 -0.723365 0.100137 -0.148671 -0.933595 -0.178035 -0.350651 -0.428754 
1.60781 0.0854148 -1.50706 0.922742 -1.34641 -1.91038 -1.64206 -1.509 -0.698345 0.468774 -2.58835 0.51142 -1.48726 -0.000884733 -0.0995105 0.0114121 -0.16261 -0.148017 -0.0986524 -0.0553556 0.179302 -0.614301 -0.111624 -0.642841 0.830932 -0.716558 -0.0547882 0.615519 -0.0855837 1.24741 1.49155 0.818789 0.284303 0.426649 1.47039 0.707655 1.51362 0.209219 1.12124 
1.63542 0.227061 -1.31839 1.49452 -0.969159 -1.3812 -1.2979 -1.14287 -0.32159 0.888224 -2.20129 1.34908 -1.44806 -0.0129787 0.0979848 0.380806 0.450731 0.561205 0.1541 0.305104 0.13906 0.356815 0.473243 0.748383 0.375938 0.111809 -0.0999597 0.0478499 0.0284582 0.0942257 0.159879 -0.396101 -0.0949465 -0.588917 0.264542 -0.223364 1.34009 -1.62204 0.870129 
1.59483 0.1834 -1.12626 1.37347 -0.785209 -1.75628 -1.33696 -1.36994 -0.341529 0.942017 -1.83997 0.887358 -1.37545 -0.100844 -0.0516606 0.0398703 -0.0683839 0.0118626 -0.494754 -0.150302 -0.409615 -0.349759 -0.334988 0.697246 -0.791103 0.153572 -0.0893739 0.145493 -0.58367 0.0849325 -0.971703 0.107284 -0.2109 -0.0353349 -0.898597 -0.175286 -0.398859 -0.330998 0.390617 
1.53457 0.1754 -1.27852 1.42614 -0.957297 -1.87595 -1.4482 -1.55249 -0.671349 0.553236 -1.50404 0.557978 -1.29449 -0.102353 0.243477 -0.202864 0.535663 -0.410498 0.261384 0.0942041 0.103725 -0.541782 0.297957 0.349524 0.0449404 0.502426 0.0570155 0.181308 0.128607 0.21082 -0.210423 0.84662 0.284586 0.735966 -0.0646968 0.927773 -0.990909 1.15423 0.144235 
1.49248 0.426877 -1.32912 1.90914 -1.19571 -1.49489 -1.24275 -1.26621 -0.883311 1.23997 -1.49045 0.932299 -0.87302 -0.0438289 0.129647 0.168478 0.142436 -0.198561 0.351866 0.134284 0.326351 -0.414456 0.592785 -0.293662 0.363124 0.297806 0.0751566 -0.548852 0.764975 -1.0145 0.548644 -0.641262 -0.472266 -0.231715 0.308174 -0.185923 -0.837095 -0.0459275 -1.24974 
1.49074 0.305047 -1.11004 1.56857 -1.15586 -1.52409 -1.31392 -1.22614 -1.0858 1.14602 -1.7977 0.921102 -0.996683 -0.027196 -0.305374 0.562111 -0.478832 0.138146 -0.379878 -0.378062 -0.12799 -0.233607 0.112035 -0.487571 -0.000987057 -0.74731 0.0210799 -0.161971 0.462751 -0.24074 0.857936 -0.225919 -0.0868217 -0.224677 0.44963 -0.0668136 0.33688 0.294623 -0.719419 
1.46528 0.121502 -0.76701 1.4303 -1.05756 -1.87477 -1.62081 -1.3942 -1.11692 1.35201 -1.97802 0.931312 -1.62033 -0.0227491 -0.0323241 0.631229 -0.0983035 0.659375 0.125947 0.0474626 0.101674 0.0351741 0.525972 0.0432177 0.657746 -0.421612 -0.00161338 0.395426 -0.509485 0.229809 -0.081656 1.02092 0.640881 0.107131 0.254772 -0.903517 1.61042 0.264454 0.521001 
1.46799 0.272723 -0.478815 1.47027 -0.496483 -1.39814 -1.26645 -1.12446 -1.05063 1.67199 -1.75448 1.57885 -1.41829 -0.0288093 0.0900515 0.0526261 -0.249024 0.0564898 0.641038 0.262819 -0.0208581 0.0211641 -0.791482 1.12285 0.263467 -0.226309 -0.0551438 0.0211212 -0.837329 0.000932775 -1.30387 0.43314 -0.184097 -0.292408 -0.393671 -1.26571 1.05716 -0.704772 -0.237768 
1.43647 0.211554 -0.714384 1.18128 -1.00107 -1.23373 -1.358 -1.41506 -1.09575 0.560527 -0.855167 1.19478 -1.84664 -0.0778929 -0.0112029 -0.2061 -0.0973708 -0.644497 0.559087 -0.136634 -0.190733 -0.358497 -0.739735 1.10038 -0.0470259 -0.65938 -0.114881 0.0760591 -0.11015 0.292186 -0.685976 -0.362147 -0.368821 0.156712 -0.554714 0.415004 -1.07152 -0.209347 0.0720544 
1.3901 0.26152 -0.684915 1.3729 -1.14098 -0.839052 -1.40309 -1.3152 -1.40913 0.932257 -0.65411 1.53182 -2.07767 -0.14369 0.166111 -0.0575242 0.0431622 -0.629486 0.278891 -0.106001 0.135854 -0.533549 -0.376478 0.0513348 0.0541201 -0.154254 -0.00751855 0.0167424 0.385872 -0.346051 0.550844 -0.996998 0.155745 0.27515 0.20712 -0.180152 -1.72633 0.176567 0.518446 
1.29278 0.377665 -0.771908 1.22444 -1.63056 -0.95484 -1.464 -1.27921 -1.6293 0.184048 -0.803832 1.2489 -2.00089 -0.0854114 0.00553956 0.179772 -0.443422 -0.0936532 -0.437911 0.0191111 0.0844162 -0.151377 -0.919887 -0.625954 0.129541 -0.140934 0.114235 -0.27362 0.205754 -0.611362 1.07429 -0.309807 0.248818 -0.46794 0.682892 0.040401 -0.516294 0.268043 0.584733 
1.30469 0.26706 -0.505142 0.929477 -1.23463 -1.27696 -1.38398 -1.23078 -1.5605 0.0123703 -1.28006 1.66136 -2.21861 -0.0294556 -0.107509 0.14823 -0.5682 0.444803 -0.0309161 0.142817 -0.332086 0.149343 -0.336077 -0.464959 0.322163 0.430479 0.0409497 0.13114 -0.0560931 0.387356 1.15003 1.15646 0.209112 -0.0679283 0.1016 1.87827 1.25271 0.360033 0.991755 
1.26333 0.270155 -0.623678 0.656242 -1.18575 -0.985757 -1.32118 -1.61129 -1.47996 -0.152029 -1.26879 1.57106 -1.57041 -0.0444617 0.136679 0.123679 -0.056066 1.05638 0.71855 0.228224 0.0164879 -0.0497767 0.958387 0.626753 0.489574 0.850822 -0.0472148 0.211488 -0.00551309 0.25983 -0.355819 0.415167 0.170519 0.741394 -0.968364 1.26645 0.878672 0.190554 -0.398253 
1.26023 0.403739 -0.381463 0.873411 -0.178255 -0.558413 -1.15575 -1.21429 -1.61028 0.970757 -0.653312 2.15094 -1.36779 -0.0766704 0.103978 0.142717 -0.30837 0.0889837 0.38425 0.313336 0.409308 -0.819021 0.930372 0.413713 0.512717 0.0322264 -0.0478415 -0.188459 -0.0660337 -0.197158 -2.44664 -0.596687 -0.195531 0.0808177 0.138325 -1.75715 -0.411555 -0.34136 -1.3219 
1.18665 0.374134 -0.480961 0.347872 -1.09677 -0.601506 -1.00784 -1.20198 -2.29898 0.778343 -0.855077 2.08378 -1.53819 -0.0923032 -0.0517797 0.0576454 -0.253224 -1.39026 0.121864 0.0326922 0.0973056 0.0885484 -0.798763 0.215198 0.148214 -0.471081 -0.11576 0.310007 -0.611454 0.398822 -1.20056 -0.438137 -0.182424 -0.385846 1.85155 -1.88637 -0.719496 -0.987947 -0.480256 
1.16792 0.35196 -0.323818 0.620186 -1.56852 -0.436549 -1.12306 -1.11699 -1.52173 0.171995 -0.438113 2.29915 -1.83887 -0.19243 0.413985 -0.468737 0.0904523 -1.11157 -0.0538868 0.130912 0.0234622 1.03253 -0.955998 -0.305783 -0.47523 -0.44803 -0.191886 0.634348 -0.880121 0.475899 1.40569 -0.625861 1.0384 -0.238276 1.04967 -0.140894 -0.0690008 -1.2338 1.29142 
0.994225 0.788119 -0.949698 0.438325 -2.20834 -0.655393 -0.876931 -1.17852 -1.26645 -0.177655 -1.16086 1.60855 -1.98622 -0.284189 0.582569 -0.822475 0.222675 0.0154327 -0.503998 1.07109 -0.14097 1.13822 -0.939657 0.146197 -1.08559 0.820339 -0.0482425 -0.22686 0.211794 0.203478 1.96269 0.010505 0.63489 -0.14928 -0.670765 0.64136 1.23045 0.608243 0.973799 
0.883735 0.934528 -1.14629 0.842861 -1.55308 -0.940547 -0.0519663 -1.25796 -0.383514 -0.767662 -0.291916 1.21356 -1.01853 -0.240673 0.187126 -0.256942 0.29393 0.851117 -0.0433818 0.765803 -0.125818 0.361764 -0.314638 0.924664 0.133013 0.525769 0.038241 -0.567207 0.949207 -0.818945 0.197501 -0.062889 -1.11204 0.0483077 -2.28031 1.36024 -0.614576 1.96891 -1.81961 
0.753552 0.975245 -1.20664 0.732255 -1.35723 -0.698775 -0.111129 -1.30434 -0.90469 -0.492293 -0.236196 1.74156 -1.46045 -0.245948 0.0153619 0.126731 -0.59627 0.212934 -0.566887 -0.0409456 -0.0926627 -1.14209 0.420583 -0.468379 0.883317 -0.999276 0.00855971 0.0976551 0.696456 -0.87854 0.0633835 -0.816426 -1.10902 0.500176 0.0958597 0.317737 -0.582365 -0.451768 -0.330357 
0.637787 0.94989 -1.01956 0.246591 -1.34015 -1.50743 -0.0929119 -1.35062 -1.52561 -0.347079 -0.760295 2.09688 -2.01781 -0.232113 0.284781 0.439513 -0.58461 0.9145 -0.859808 -0.343218 0.374359 0.457623 0.00309892 0.342299 -0.318756 0.195412 0.089459 0.327125 0.124312 0.342459 0.883201 0.712243 -0.283208 0.565919 1.51705 -2.36319 1.33579 -1.70966 2.08659 
0.521439 1.26003 -0.767127 0.147645 -0.442728 -1.55858 -0.454346 -0.929982 -0.447067 -0.489194 0.106102 1.42281 -1.26504 -0.156489 0.342487 0.251043 -0.253811 1.09613 0.145356 -0.324153 0.473257 0.37496 -1.94261 0.867412 -0.826346 1.08732 0.0966371 -0.195379 -0.271926 0.829343 0.145965 1.10615 0.578791 -0.227 -1.4074 -2.15125 -0.363211 0.736326 0.574605 
0.481297 1.29238 -0.768519 -0.00722046 -0.244016 -1.36208 -0.417065 -0.877363 -1.15065 -2.28969 0.107117 1.27053 -0.930488 -0.135476 0.089402 0.167588 0.244732 1.06047 0.246345 0.235573 0.147359 -0.949776 -2.14815 -0.0209128 0.41757 0.770017 -0.0845748 -0.178634 0.178991 -0.761512 0.0274607 0.392774 0.624919 -0.783158 -1.23729 1.56323 -0.768355 1.00619 -0.240556 
0.385963 1.34943 -0.599539 0.392377 0.617738 -1.31224 -0.218773 -0.782623 -1.39684 -2.63734 0.0851896 1.84038 -0.495019 -0.241064 0.163853 0.430035 -1.01532 1.1236 0.538129 0.300765 -0.309902 -0.862335 -0.379383 0.0990569 0.179846 0.846762 -0.0697634 0.262577 0.346406 -2.11116 -1.97952 0.467213 -0.116686 -0.322263 0.74061 3.69287 0.00868147 -1.57706 -0.361828 
0.240233 1.45623 -0.338484 -1.02254 0.879579 -0.823949 -0.1163 -1.18726 -2.01298 -2.66907 0.206174 1.45038 -0.0837259 -0.205239 0.351979 0.513994 -1.86643 -0.919051 0.713558 0.118887 -0.174904 -0.209166 1.54472 -0.0122313 -1.15949 0.408189 0.10668 0.0628127 0.0811402 0.202539 -1.98751 0.196872 -0.840726 0.450939 1.80519 1.60345 0.232317 -0.727898 -0.518597 
0.180724 1.70141 -0.0855457 -1.47405 -0.301313 -0.598681 -0.0998865 -0.957528 -1.60601 -1.09262 0.0729583 0.680885 -0.0868296 -0.134384 0.226666 0.511175 -0.812784 -0.863919 0.735002 -0.539961 0.141037 0.942852 1.22406 0.331374 -0.548052 0.328165 0.112335 -0.28845 0.0628384 1.88654 2.1945 0.689569 -0.472632 0.0070493 0.710989 -1.0492 0.414303 1.19509 0.502455 
0.105849 1.6829 0.172691 -1.83533 0.0156597 -0.0889469 -0.656261 -1.04623 -1.07013 -1.44501 0.537548 0.902326 0.244439 -0.0929047 0.063529 0.576832 0.0201166 1.27544 1.40313 -0.353745 -0.167855 0.501823 0.495516 0.402072 0.0356029 0.910645 0.102014 -0.138388 0.100357 1.77844 1.30347 -0.577585 0.582833 0.249564 -0.883918 -1.92543 0.427406 0.504522 0.175502 
0.0878192 1.76494 0.491286 -1.45393 0.974131 0.804446 -0.453632 -1.12538 -1.10419 -0.597106 0.47503 0.716488 0.823815 -0.0323705 0.0882777 0.611532 0.965657 0.439555 0.157416 0.0428722 0.390602 0.0589333 -0.701365 0.75878 -0.0435295 0.503666 0.0175894 0.0258922 0.0355633 -0.0205182 -2.26663 -2.32206 0.648513 0.649354 -0.550975 -1.71903 0.0284056 -0.887628 -1.46723 
0.0734781 1.77117 0.784222 -0.86967 0.455215 0.0684694 -0.613389 -0.655625 -1.0112 -2.14637 1.29633 0.858797 0.748105 -0.0753153 0.0894213 0.612395 -0.000401622 -0.991184 -0.91893 0.294767 0.481499 -0.0491516 -1.22351 0.430477 -0.852025 -0.556589 -0.024311 -0.0287098 -0.298947 -1.32464 -1.36295 -0.153279 0.10184 -0.199276 -0.246665 1.14571 -1.72538 -1.17126 -0.814627 
0.0125039 1.85436 1.10368 -1.45433 -0.0170529 -0.114484 -0.158865 -0.643884 -1.15334 -1.82062 0.905508 -0.135537 0.267226 -0.0566815 0.0595679 0.312584 -0.358987 -0.923391 0.00413682 0.144712 0.191326 -0.187732 0.444348 -0.966598 -1.21479 -0.310961 0.0917293 -0.0675419 -1.05083 -0.131211 0.764344 0.940697 -0.341863 -0.512366 0.400999 1.09959 -1.46192 0.618655 0.269051 
0.0167967 1.83074 1.09681 -1.22866 -0.468177 0.0726062 -0.468677 -0.4643 -1.19893 -1.70203 0.329731 -0.355998 0.437144 0.016414 0.0218794 -0.438434 -0.131613 -0.22684 0.0217671 -0.047096 -0.0308668 0.351848 -0.123924 -1.03145 -0.23337 -0.287538 0.0294088 0.000358043 -0.0859268 0.276711 1.17105 0.055188 0.0726643 -0.125753 1.10883 -0.0570916 0.478567 1.14909 0.763652 
0.0289179 1.87624 0.665248 -1.58595 -0.243893 -0.0927173 -0.205961 -0.674751 -0.801489 -1.94454 -0.125938 -0.368906 -0.020312 -0.0272727 0.0599259 0.226657 -0.0822756 0.247661 0.0593248 0.217376 0.0655727 0.9211 0.387257 -0.48803 -0.0657031 0.452692 -0.238274 -0.242042 1.73564 1.04057 -0.714569 -0.60747 -0.0537288 0.251861 -0.245225 0.666886 1.40531 -1.03685 -0.026037 
-0.010476 1.89067 1.32346 -1.31093 -0.220516 0.131931 -0.251301 -0.398727 -0.277829 -1.31477 -0.158299 -0.421701 0.889836 -0.22186 -0.220162 1.29721 0.908961 -0.941409 -0.585703 -0.100825 0.220994 0.106622 0.542963 0.373866 -1.27022 -0.313575 -0.278902 -0.57238 0.818663 1.38387 -0.452887 0.195626 -0.0670065 -0.017854 -0.99923 -0.763214 1.05551 -0.465243 -1.29201 
-0.192943 1.65607 1.96246 -0.676987 -1.1853 -0.678421 -0.306786 -0.453757 -0.694867 -1.40158 0.247928 -1.63912 -0.333887 -0.306174 -0.512454 1.04532 1.3016 -0.205226 0.254951 0.15037 0.0477188 -0.07813 -0.375957 0.56748 -0.530946 -0.839317 -0.0078526 -0.278485 -1.2228 -0.534193 1.36164 0.724093 0.317566 0.090364 0.534877 0.132313 -0.797302 1.5921 0.558935 
-0.31665 1.37821 2.36878 -0.00933711 -0.425742 0.386882 -0.100931 -0.351008 -0.355959 -1.69073 0.409181 -0.952646 0.0505189 -0.229713 -0.498647 0.0744085 0.374768 0.420227 0.13839 0.216741 0.311358 0.641499 0.675276 -0.423436 0.321881 0.24536 0.0191896 -0.0525423 -1.17157 -1.56833 1.00627 -0.666914 0.0236882 0.577578 -0.337579 0.257737 -0.22577 1.36813 1.26553 
-0.422656 1.15743 2.03686 -0.302219 -0.765075 -0.540031 -0.0900445 -0.142399 -0.0533674 -0.726301 -0.175508 -1.31724 -0.0885274 -0.286985 -0.564996 -0.126247 -0.266733 0.801045 -0.411963 0.174058 0.625297 -0.415709 -0.11822 0.341711 0.837186 0.426211 0.0497082 -0.0667508 -0.342175 0.106363 0.35306 0.578307 0.171886 -0.105508 -1.05028 -0.639795 1.13494 0.118319 0.456241 
-0.603635 0.813217 2.24254 -0.27607 0.375302 -0.0250804 0.073127 0.274289 -0.771668 -1.80895 0.750891 -0.11546 0.47673 -0.180005 -0.565398 -0.267767 0.481131 0.773287 0.716696 0.388627 0.20585 -0.408776 0.0354811 0.711502 0.4402 0.7016 0.0990222 -0.141347 -0.493538 1.00547 -0.0571104 1.05071 -0.129243 -0.925106 1.42377 1.46642 -0.675397 -1.34738 -0.407861 
-0.602661 0.592029 1.7691 0.178912 0.00821233 0.176665 0.298583 0.0634502 -0.462144 -0.69082 0.535994 -0.877042 0.613073 -0.187962 -0.706344 -0.619785 0.738738 0.743934 0.638751 0.0448147 -0.299809 1.00806 1.3482 -0.333686 -0.510193 0.01835 -0.0275727 -0.0368887 -0.482596 -0.610913 0.363137 0.251081 0.16613 0.798595 1.33099 0.626975 -0.822751 -0.554614 -0.8633 
-0.791597 0.106873 1.62275 0.462668 1.11924 0.61367 0.117942 -0.0255203 0.236397 -0.460746 0.417205 -0.625654 0.49508 -0.207578 -0.602286 -0.750363 -0.129782 1.13642 0.967777 0.554757 1.00445 0.922216 0.662456 -0.11125 -0.114414 -0.161699 0.105133 0.327713 -0.488767 -1.28981 -1.16849 -0.894513 0.801207 1.09937 -0.336843 -0.97024 0.257176 0.175734 -0.60028 
-0.810238 -0.0102573 1.01873 0.0491298 1.14464 1.14444 0.85334 1.0679 0.460072 -0.0283641 0.424744 -0.991456 0.451374 -0.0828292 -0.378631 -1.10855 -0.551067 -0.42456 -0.255763 0.846022 0.79956 0.671222 0.377961 -0.0765103 -0.334459 -0.58193 0.0458026 0.133248 0.456287 0.0155267 -0.830147 -1.23323 -0.330306 -0.63886 0.46007 0.178745 1.02204 0.861213 -0.35317 
-0.874426 -0.271758 0.514201 -0.0883984 0.694676 0.357908 0.963963 0.77404 0.907618 -0.0827854 0.340695 -0.960113 -0.0868496 -0.161775 -0.469038 -0.294076 -0.114255 0.306277 -0.265448 0.224451 0.365585 1.38229 0.841201 0.910791 0.746798 -0.514869 -0.0259526 0.0490435 0.995962 0.820768 1.92761 1.06625 -0.572107 -0.998429 -1.05628 0.336154 0.754496 0.871009 1.18801 
-0.972013 -0.479295 0.724659 -0.0651253 1.45091 0.878994 1.07779 1.43348 1.84236 0.812837 1.33554 -0.244657 -0.0634957 -0.108782 -0.329587 -0.11259 0.269701 1.50305 0.810491 0.273914 -0.198869 -0.385056 0.714115 0.677986 0.536549 0.606078 0.247901 0.580495 -0.545095 -0.494923 -0.907211 0.330406 -0.480222 -0.764362 -2.02313 -1.76131 -1.98604 -1.70702 0.497416 
-0.983208 -0.601345 0.401611 0.181303 2.19773 1.1684 1.23788 0.575171 0.522562 0.63133 1.01868 -0.423563 0.519228 0.0861259 0.111457 -0.839171 -0.609178 -0.600934 0.064958 -0.255771 -0.398777 -0.640846 -0.920112 -1.07525 -0.960225 -0.0174531 0.338046 0.361282 0.0830109 -0.0975405 -3.15857 -1.14469 -0.764953 0.533786 1.0248 -1.58721 -1.82499 -1.24553 -1.2077 
-0.885887 -0.367838 -0.114512 -0.674303 0.849978 0.943952 0.822021 1.0347 1.20151 -0.107275 0.260283 -1.20488 -0.0809488 0.229264 0.0316942 -0.0295792 0.172161 -1.65551 -0.334195 -0.491038 0.334918 0.639742 -0.873099 -1.14701 -0.708979 -0.601626 -0.0263052 -0.424998 1.36143 1.70862 1.46156 0.469422 0.512138 0.620328 0.349641 0.589329 1.36598 1.33155 0.359493 
-0.753944 -0.569651 0.372032 0.353463 0.542213 0.834203 0.746839 0.910089 1.1623 -0.24177 -0.128326 -1.13254 -0.0823978 0.0598207 -0.31354 0.522257 1.09944 0.860623 0.53438 0.256368 0.221551 -0.291205 -0.330784 0.29073 0.371327 0.34204 -0.436347 0.0254109 0.0754898 -0.885001 2.77461 0.370949 0.715868 -0.197949 -1.03182 1.48837 2.5569 1.70613 1.12157 
-0.826066 -0.681378 0.407745 0.425139 1.7106 1.47833 1.07839 1.25625 0.910307 -0.438059 0.551013 -0.833554 0.261092 -0.207083 0.0571052 0.0459107 -0.712841 1.11909 0.0367534 0.224829 0.136969 -0.39208 0.615271 1.40989 0.997153 0.51994 -0.12249 0.569819 -0.524008 -1.59373 -2.13875 -1.36516 -0.589861 -0.936016 0.365189 0.165679 -0.762583 0.201935 -0.233432 
-0.961026 -0.512546 0.417943 -0.359378 1.6613 0.870957 0.971668 1.04706 0.770224 0.373502 1.28157 -0.135389 0.437542 -0.0626694 0.256279 -0.0017506 -0.494288 -1.27813 -0.830782 -0.333493 -0.714465 0.0739844 -0.165105 -0.471853 0.573263 0.108609 0.224366 0.197287 -0.0604017 0.322745 -2.28906 -0.282448 -0.699292 -0.209125 0.993225 -1.19251 -1.93717 -1.20478 -0.0545025 
-0.888736 -0.425099 0.405994 -0.0691491 0.432474 0.64755 0.744896 0.54179 0.984292 -0.603164 0.0791601 -0.260292 0.3697 0.0172832 0.254392 -0.014491 -0.390096 -1.16997 -0.245695 -0.474463 -0.0721559 0.601145 -0.57724 -0.527274 -0.207626 0.465438 0.0111624 -0.165519 0.0614059 0.201524 1.35048 0.716063 0.476945 0.947433 -0.750883 0.44732 0.921001 -0.646857 0.348457 
-0.943743 -0.258154 0.403452 -0.749473 0.491336 0.625262 0.497205 0.974902 1.37137 -0.203738 0.754292 -0.343015 0.90298 -0.0515069 0.0907594 0.0596553 -0.292764 0.0723514 -0.114719 0.143452 0.232969 -0.676898 0.282216 0.449148 -0.0735942 0.457065 -0.0262091 -0.484941 0.109403 0.968872 0.8101 0.313004 0.805875 -0.382278 -1.60336 0.849195 0.675364 0.0208863 -0.0344371 
-0.940243 -0.33434 0.465649 -0.361913 0.504826 0.532831 0.888347 0.774759 0.307393 -0.320948 0.528308 -0.333886 0.826766 -0.00892588 -0.230549 0.0949118 0.578777 -0.359868 0.0673093 0.331412 -0.454434 -1.00221 0.271955 0.14809 -0.18674 0.431001 0.0619007 -0.122323 0.0517281 0.038738 -0.0770924 1.15437 0.1373 -0.143148 1.44179 0.47763 -0.63016 -0.692858 -0.137305 
-0.952669 -0.488703 0.498363 -0.170697 0.131468 0.692571 0.828616 0.520468 0.369158 0.0682162 0.902382 -0.529755 1.33398 0.0103938 -0.0315637 0.111383 -0.254026 -0.00474104 1.03965 0.280751 0.0898203 0.764892 0.759846 -0.181012 -0.766452 0.31976 -0.0434789 0.236044 0.117149 -1.55792 -0.379579 -0.0947883 -0.159141 0.930602 1.36385 -0.27512 -0.73201 0.413688 -1.43854 
-0.929849 -0.365903 0.577033 -0.615939 0.500085 1.57249 1.1691 0.864579 1.07229 0.438898 0.347296 -1.10034 1.14653 -0.0524048 0.00549537 0.212061 -0.979142 -0.739447 -0.027479 0.17227 0.476168 0.361639 -0.00316514 -0.58392 0.226948 -1.00754 -0.0314724 -0.0163281 -0.754572 -0.924796 -1.02801 -2.54141 -0.810909 -0.404966 -1.21453 -1.45409 0.244051 1.14981 -1.4976 
-1.00507 -0.483208 0.710424 -1.14984 -0.607979 0.665092 1.00089 0.996637 0.730797 0.065051 0.318462 -0.302807 0.326439 -0.0210787 -0.0478918 -0.643189 -1.17882 -1.03275 -1.50175 -0.530157 -0.315145 -0.449633 -0.694249 0.0630385 0.383359 -1.17784 -0.0090781 -0.218509 -0.442515 1.84858 3.39852 0.408051 -0.501457 -0.540492 0.0844862 0.18725 2.24067 0.260178 2.10541 
-0.950928 -0.413795 -0.0661556 -1.79476 -0.532663 0.0707313 0.638942 0.549434 0.622653 -0.255351 0.410334 -0.716978 -0.0313182 -0.0614829 -0.213014 -0.230454 0.869439 2.65907 0.380572 -0.329187 -0.0643237 0.446125 0.184085 1.65675 0.487126 1.09787 -0.0388137 0.0799176 1.34208 2.63715 2.81182 2.69524 0.777248 0.667856 0.820937 1.03288 0.962368 -0.502709 1.84429 
-1.06656 -0.696222 0.479971 -0.280399 2.05109 1.04566 0.6717 0.932313 1.17692 0.249136 1.97521 0.184319 1.42431 -0.0598924 0.0320258 0.698892 1.45833 1.77908 1.19349 0.247091 0.352711 0.371304 0.33863 1.02541 -0.119349 0.666447 0.132941 0.197971 0.0595947 -1.10614 -3.79482 -0.5681 0.741823 0.193116 -1.24302 -0.396968 -2.16586 -0.245147 -0.720638 
-1.01082 -0.381769 0.632737 -0.336434 1.24641 1.26422 0.886033 0.902144 0.993958 0.083279 1.43574 -0.836328 0.635129 0.0714577 -0.0150425 -0.170859 -0.236698 -1.13575 -0.187529 0.412637 0.128793 -0.796891 -0.212883 -0.509108 0.241979 0.37723 0.113606 -0.275285 -1.17321 -1.99106 -2.85898 -2.01512 -0.38943 -0.427325 -1.21692 -0.631998 -1.36739 0.423966 -0.857835 