-0.951334 -0.867542 0.536346 -0.867902 0.83626 0.612996 1.31055 1.07693 -0.0558677 1.10927 0.867145 0.314207 0.575852 -0.0483582 -0.350688 -0.143351 -0.316392 -0.427618 -0.318725 -0.914662 -1.13862 -0.777836 -0.565685 -1.1854 -1.50408 1.10091 0.0405667 1.14573 0.396105 -0.239319 0.022066 0.646525 -1.13864 -1.02413 0.0645774 -1.29688 -1.95771 -1.43011 -2.85209 
-0.935212 -0.761096 0.603686 -0.924182 0.593904 0.493027 0.583248 0.220317 -1.02482 0.414643 -0.418112 -0.853131 0.846634 0.0097684 0.207507 -0.181356 -0.31359 0.0667107 0.475129 -0.766973 -0.201673 0.118849 -1.67407 -0.565337 -0.241304 -0.150114 0.0854573 -0.007337 0.00154785 0.367939 0.974701 0.852114 1.25572 1.79932 1.51137 -1.13679 1.45304 2.48482 -0.213616 
-0.941565 -0.660035 0.354989 -1.18149 0.902971 1.08813 0.543579 0.875258 0.0629815 -0.564809 0.301807 0.0729029 0.425738 0.0370991 -0.358025 -0.141804 0.0515472 0.547083 0.533389 0.341057 0.660701 0.733533 -1.70248 0.267643 0.980735 0.887295 0.0169901 -1.09964 0.624019 0.669319 -0.27467 -1.07987 0.132462 0.0649634 0.0146838 1.83272 -0.882736 -1.93768 -1.01929 
-0.898112 -1.11912 0.461883 -0.872635 1.14099 1.02642 0.924305 0.881019 -0.291282 -1.28783 -0.15047 0.127603 1.73393 0.0267585 -0.892129 0.442663 0.355729 -0.20796 -0.604741 -0.634511 -0.13671 0.133533 0.158643 -1.44807 -2.17898 -1.16941 -0.0761715 0.520904 0.143701 -0.0591258 -0.729389 -0.442333 0.370352 -0.329568 0.162246 3.34088 -0.385945 -1.94767 -2.26172 
-0.914807 -1.55216 0.797652 -0.825762 0.695011 0.483384 -0.090932 0.738549 0.196515 -0.406166 -1.14627 -2.10608 -0.74367 -0.0390724 0.162879 0.00189748 -0.00757861 -0.182306 0.0910561 0.711409 0.331133 0.895779 1.63841 -0.118303 -0.966937 -1.37443 0.0223822 1.80115 -0.742488 -0.306097 0.539917 1.24119 1.49601 -0.182332 -0.995493 -1.09893 1.86931 3.53712 1.64335 
-0.937185 -0.956242 0.46378 -0.880213 0.958681 1.11747 1.63571 1.21215 0.604497 0.350576 -0.268772 -0.839333 0.359502 0.0491407 0.909019 -0.299825 0.049632 0.331957 0.636448 0.861497 -0.319041 -0.86196 -0.940284 0.421234 1.35813 0.473939 0.0900051 -0.23795 0.164649 0.112316 0.245405 -0.472185 -1.35546 -0.609617 -1.40525 -0.94133 0.195331 1.2211 1.29663 
-0.865666 -0.643145 0.497828 -0.77613 1.02697 1.11983 0.770565 0.419507 -0.665445 -1.34645 -0.725032 -0.747947 -0.269731 0.0509327 -0.075071 0.166546 0.104737 0.0630994 -0.381129 -0.644051 -0.278484 -0.509467 0.697078 0.0770282 0.254168 -0.0777986 -0.0868217 -0.991128 0.482372 0.147937 -0.259985 -1.03712 -0.518196 1.2803 2.77645 4.43134 1.12374 0.151211 0.870383 
-0.886252 -1.03131 0.630327 -0.775476 1.02178 0.736343 0.991663 0.933668 0.0950307 1.04765 -0.191744 -0.585166 0.281704 -0.037681 -0.0821091 0.182547 0.197569 0.0719722 -0.400675 0.343301 0.961261 1.91449 3.49106 1.54497 1.50935 1.34432 -0.0829042 0.334737 -0.324533 -0.163708 0.00980441 0.524316 0.977088 0.694102 0.498768 -0.610103 -1.45901 -0.541876 -0.389151 
-0.903347 -0.725254 0.680374 -0.578561 1.09894 0.719157 1.11387 1.38077 1.24905 2.14461 0.819939 0.761399 1.07459 -0.0319715 0.259666 -0.157986 -0.0589707 0.0729039 0.143187 0.333037 0.415618 -0.0106981 0.0869747 -1.38198 -0.287708 -0.466949 0.0172029 0.259538 -0.115629 -0.455404 -0.235572 0.532443 -0.531429 -1.61109 -3.97456 -5.86919 -3.17027 -3.29105 -3.52728 
-0.918224 -0.771647 0.472341 -0.834447 1.09468 0.87953 1.3247 1.34929 0.0843326 1.13463 -1.57373 -0.872874 -0.185245 -0.0204781 0.177429 0.0669182 -0.257835 -0.163599 0.131767 -0.188128 -0.649826 -2.06007 -2.37813 -1.6253 -1.7817 -2.18296 0.0900612 -0.120141 0.758649 0.332206 0.0363149 -0.0812108 -0.894597 -0.697204 -0.565459 -0.478534 2.43423 0.257506 -0.575917 
-0.923825 -0.547825 0.747293 -0.836396 0.935341 0.850924 0.925738 0.730943 -0.81102 -0.233526 -0.805364 -1.0203 -1.10837 0.0580897 0.139525 0.600662 0.273235 0.109219 0.0619761 -0.56156 -0.281586 -0.576157 -0.391559 1.05225 -0.0302019 -1.04287 0.0761664 -0.152333 0.143837 0.420058 0.270486 0.338087 0.296386 0.655546 2.32577 2.46974 2.39695 2.31647 3.67212 
-0.860134 -0.632123 1.073 -0.561212 1.2039 0.941506 0.76314 1.0677 -0.491825 0.743069 -0.52148 -0.903076 -1.22811 0.0556882 0.0250961 0.210755 0.162224 0.106886 0.469854 0.108258 0.00572042 0.2657 0.0916052 0.771649 0.53477 1.48916 -0.110772 0.00423742 -0.56055 -0.619928 -0.287508 -0.312117 0.797497 -0.231954 0.707471 0.00621682 -0.0556977 0.633405 2.16953 
-0.868137 -0.522729 0.958047 -0.674172 1.04223 1.32078 1.034 0.736663 -0.54532 -0.141921 -0.0337146 -0.485534 0.380796 -0.0526821 0.143762 0.0401123 -0.346693 -0.178289 -0.250141 0.235938 -0.51354 0.131313 -0.385343 0.996548 0.603203 1.12666 -0.0711278 0.121534 -0.11625 -0.286729 -0.0558112 -1.01386 -0.461506 0.221021 -0.386109 0.596116 -0.835492 -0.724355 -2.15912 
-0.912816 -0.48836 1.11312 -0.907904 1.02561 0.691365 0.999078 0.55416 -0.360511 0.357727 0.475068 -0.299873 -0.101448 -0.0154396 0.14663 0.094505 -0.124505 0.0510752 -0.544003 -0.353248 0.226741 -0.120409 0.687721 -0.0638424 -0.189585 -0.669954 0.0818953 -0.0166416 -0.295379 0.483002 0.0034981 0.590902 -0.269914 1.15704 0.371149 0.383527 -0.65969 -1.01338 -1.16793 
-0.883577 -0.376099 1.05255 -0.798678 1.0933 0.776775 0.680748 0.963404 -0.665729 0.5458 -0.0975571 -0.675119 -0.289158 0.0292132 0.12712 -0.255267 0.13631 -0.174791 0.340761 -0.0339763 0.643499 0.502462 -0.00181595 0.336858 -0.410178 -0.0412638 0.00680695 -0.22026 -0.0225464 0.272932 -0.125862 0.812839 0.327683 0.0504841 1.24131 -0.573669 0.96437 0.862928 1.31164 
-0.883603 -0.36124 0.857849 -0.771594 0.850823 1.03213 0.965101 1.19766 0.141951 0.355911 0.811926 -0.71005 -0.142711 -0.00863265 -0.0736303 0.0719586 0.148426 -0.074787 0.268836 -0.0255654 0.277225 1.12091 0.114052 0.900528 0.673342 0.641689 -0.0949135 -0.529517 0.457907 -0.180864 0.517995 -0.489428 -0.126337 -1.05293 -1.14165 0.376738 -1.14483 0.496226 -0.364062 
-0.892209 -0.449729 1.12451 -0.650252 1.01852 1.04561 0.655183 1.24063 0.455177 0.659852 0.802971 -0.00177642 0.352532 -0.0657003 -0.402397 0.202641 -0.0445544 0.343204 -0.148667 -0.160313 -0.409428 -0.639185 0.374922 -0.807969 0.0860482 -0.405326 0.0479957 -0.183374 -0.40977 -0.406206 0.118924 -0.51594 0.298065 -0.460947 -1.31486 -0.019336 -2.66012 -0.897683 -1.55587 
-0.949303 -0.763637 1.06049 -0.816149 1.19403 0.883459 0.804789 0.788231 -0.497234 0.730832 0.00395655 -0.624002 -0.548037 0.039363 -0.257004 -0.337811 -0.25778 0.0441373 -0.247104 0.272499 -0.183722 -0.193958 0.094716 -1.75959 -0.224341 -0.914182 0.0699774 -0.131342 -0.0351368 -0.000107059 -0.560527 0.42293 0.385133 0.615263 2.1915 1.58756 2.09718 0.314925 0.83709 
-0.852846 -0.706734 0.7867 -0.908031 1.06265 0.798507 0.927682 1.05691 0.261219 0.754568 -0.956622 -0.226117 -0.56165 0.00427708 -0.533739 0.167504 -0.0446614 -0.217323 0.274263 0.22482 0.205835 1.55232 1.96248 1.28921 0.400973 0.431764 -0.0894845 0.849033 0.660169 0.4472 -0.114876 0.331879 0.665565 0.364038 0.318482 0.932697 3.38017 -1.10645 2.24779 
-0.945026 -1.29738 1.22799 -0.86081 0.976703 1.15772 1.02961 0.994067 1.05508 2.69331 1.29316 -0.223029 -0.116273 -0.0501214 0.592028 0.322357 0.18942 -0.0707383 0.084775 0.938064 0.180316 0.124524 1.02741 1.62057 -1.33079 1.33361 0.0862254 1.16005 -0.636216 0.0288683 -0.227094 -1.0145 -0.821931 -0.682059 -3.75614 -4.69696 -2.5922 -1.07298 -1.46856 
-0.902968 -0.114705 1.10906 -0.718611 0.991915 0.883282 1.86575 1.23722 0.385744 1.78198 0.663952 -1.5569 0.771963 0.0905025 0.626314 -0.468713 -0.0157932 -0.444417 -0.740238 -0.597111 -0.476224 -2.20382 -2.73448 -1.30299 -0.672003 -1.0368 0.060638 -1.59215 -0.688666 -0.47197 -0.337415 -0.378831 -2.37866 -0.732874 -0.886193 -1.44525 -1.01343 3.96582 -0.847691 
-0.854523 -0.671062 0.759281 -0.876603 0.532286 0.417484 0.432498 0.517843 -1.14874 -0.0411703 -0.0098302 -0.895032 -1.15307 0.0105165 -1.00012 -0.366308 -0.28255 -0.408153 -0.294056 -1.44059 -0.552558 -0.761669 -0.417838 0.607141 2.63503 0.485921 -0.0978262 -1.16886 0.135704 -0.0875103 0.701168 1.16805 0.479067 0.436737 2.19489 2.37403 1.15126 1.35012 1.80361 
-0.892451 -1.11483 0.742749 -1.00116 0.583762 0.589227 0.425153 0.684666 -0.375925 1.36414 1.27109 1.07813 1.25788 -0.00732369 -0.54255 -0.333008 -0.103303 0.256751 0.427812 -0.118044 -0.0394867 -0.00893156 -0.360449 -0.151734 0.678114 0.766809 0.0546353 1.46966 0.525886 0.506388 0.709204 0.45744 1.30795 0.668692 0.864217 -0.545475 -2.31197 -5.16568 -2.03204 
-0.861847 -1.21361 0.426272 -0.979907 0.789037 0.845296 0.314453 0.478356 -1.15767 -0.401619 -0.161564 -0.216918 -0.386265 0.0651519 0.469539 0.159577 0.223839 0.301051 0.163384 -0.132646 0.116134 0.102548 -0.963313 -1.70483 -2.53064 -1.54612 0.0577561 1.50339 0.973839 0.135633 -0.180737 -0.356059 0.388258 0.656639 1.41128 1.25473 0.906041 -0.443774 -0.405302 
-0.827299 -0.645289 0.902326 -0.777322 0.884813 0.752611 0.292508 0.8008 -0.273376 0.400831 -0.433734 -1.45252 -0.288233 0.0504324 0.960838 0.640831 0.0323293 0.0760132 0.0717535 0.270214 0.617153 1.40235 0.894281 0.754308 0.23434 0.361507 -0.103222 -0.570921 -0.226665 -0.541722 -0.443735 0.23698 0.853609 0.142726 -0.493326 0.585608 1.4402 3.27307 1.00491 
-0.811415 -0.252774 1.0671 -0.947578 0.86505 0.917049 0.584667 1.09551 0.244681 0.492662 0.592744 0.0174221 -0.0247581 -0.0380701 -0.101382 -0.0670881 -0.317884 -0.142684 0.400364 0.720963 0.25886 -0.390778 -0.377705 -0.26463 0.742429 -0.541211 -0.0543156 -1.37534 -0.816111 0.153726 -0.200163 0.247539 -0.0851285 -0.995501 -1.54933 -1.0162 -3.24133 -0.976149 -1.9342 
-0.865369 -0.746671 0.835238 -1.09521 0.742129 1.15298 1.01347 1.05966 -0.664154 0.0231257 -0.698364 -0.710086 -0.829444 -0.00388324 -0.414505 -0.17528 0.186056 -0.12415 0.319292 0.185085 -0.378348 -0.14698 -0.121923 -2.48702 -0.741809 -1.57269 0.100151 0.382003 0.221777 0.554229 -0.0618891 -0.553299 -0.904255 -0.536111 0.945492 0.403796 0.563975 -0.643454 -0.049362 
-0.815298 -0.667279 0.891823 -0.761522 0.7409 1.23634 0.769752 0.717161 0.0977005 0.370739 -1.89428 -0.724387 -1.59745 0.0620806 0.280621 0.154689 0.236345 -0.204573 -0.152935 -0.183291 -0.277251 0.554714 0.0260907 0.299346 0.0989753 -0.590573 -0.047265 -0.0921598 0.0692931 -0.49276 -0.170469 -0.710573 -0.6537 -0.165828 -0.987033 -0.127424 4.25944 -0.614307 1.19446 
-0.803289 -0.46605 0.989927 -0.85886 0.537556 1.00004 0.83018 0.782409 -0.10944 0.0492163 -0.399018 -0.611111 -1.42002 -0.0511482 -0.506665 -0.105987 -0.306704 -0.294619 -0.391281 -0.468615 -0.544177 -1.13401 -0.249347 1.77242 -1.35612 -0.378229 -0.159277 -0.728579 -0.444615 -0.3004 0.3229 -0.196975 0.0579307 0.0939409 -0.505009 0.395537 1.04139 -0.0161484 1.24783 
-0.866446 -1.17394 0.785836 -1.06823 0.446281 0.845061 0.301138 0.172984 -1.03631 0.121392 -0.121862 -2.0805 -1.97568 -0.0971961 -0.447958 -0.289927 -0.0640548 0.118327 -0.34991 -0.125361 -0.18331 0.0497059 0.421628 1.34073 0.082827 0.657261 0.0255834 0.859639 -0.0798683 0.360799 0.580414 0.173393 -0.114274 0.979435 2.25726 0.407151 -1.4207 2.94694 1.81628 
-0.900485 -0.914008 0.7 -0.922915 0.655883 0.650131 0.704819 0.599099 -0.0597338 0.470844 0.941714 -0.528284 -0.762756 -0.0255649 0.352975 -0.185855 0.0540948 0.285795 -0.217888 -0.582889 0.435259 1.12325 0.157804 0.351719 1.59083 1.43805 0.0358623 0.103555 0.224018 -0.0253543 0.266763 0.597075 0.33395 0.483361 -0.347764 -1.76396 -3.68947 -1.93436 -2.07241 
-0.892011 -0.820969 0.59998 -1.01413 0.732076 0.627173 -0.281752 0.608243 0.0869343 0.279196 0.229857 -0.489676 -0.537624 -0.0613338 -0.344403 -0.0659085 -0.0894091 0.38509 0.247165 0.20859 0.300051 -0.298058 -1.34233 -2.34874 -1.85153 -1.41515 -0.0359871 -0.494782 0.184457 -0.00710397 -0.11006 0.621637 1.66294 -0.540144 -0.997297 0.0891986 0.250991 -2.32059 -2.48723 
-0.961819 -1.25841 0.634092 -1.01232 1.04097 0.897296 0.913408 0.89915 -0.357792 -0.871485 -1.40702 -2.37981 -2.17791 -0.061552 -0.141808 -0.00139852 0.0469909 0.175735 0.403749 1.08005 -0.104885 0.125951 0.247003 0.60271 -0.729759 -1.04918 1.26782 3.33588 -1.44955 1.48452 -1.76664 -1.94952 -1.82483 -1.90343 2.04264 1.51737 1.64188 4.46354 4.12091 
-0.953563 -0.962777 0.598582 -0.967141 0.907812 1.03092 0.798296 0.503357 0.212885 0.526199 0.832567 -1.21943 -1.5868 1.20649 2.99147 -1.51546 1.39511 -1.38155 -1.70236 -1.61624 -1.60338 1.74458 0.175039 -0.706858 2.61201 2.70575 1.6846 3.5688 -2.21832 1.67858 -1.68871 -2.06137 -2.47979 -1.05063 1.64308 -0.969094 -3.21747 2.20543 2.86175 
0.244668 1.73306 -0.881371 0.382782 -0.340578 -0.80506 -0.70283 -0.704231 1.38679 -0.696446 -2.11388 0.232192 0.527842 1.62305 3.427 -2.21972 1.72557 -1.51298 -1.65762 -1.39974 -1.15551 1.76903 -0.722091 -2.61476 1.47567 1.81257 -0.558891 -2.34333 0.272236 -1.07073 0.668812 2.29244 1.37629 1.79543 -1.33345 0.533624 0.985106 -2.87116 -2.98622 
0.669488 2.46422 -1.62114 0.75843 -0.605166 -0.626698 -0.601449 -0.652157 1.98192 -0.195893 -1.78219 0.256238 0.225775 0.647596 0.648145 -1.24323 0.324379 -0.712739 0.590082 -0.239943 0.19205 0.411131 0.708663 0.278248 -0.259158 -0.28047 -1.20961 -4.02143 1.56694 -1.75659 0.809126 2.06374 0.348958 1.70768 -2.64637 1.68133 1.90387 -1.249 -1.56559 
0.892265 2.38121 -2.1246 0.707161 -1.05332 -0.214978 -0.942773 -0.512181 1.79792 0.0122167 -1.83563 -0.0269661 0.247372 0.413439 -0.594436 -0.652778 -0.0310226 -0.703851 0.406117 -1.05079 0.552161 -0.877342 0.959237 -0.710887 0.226677 0.24698 -0.364909 -1.38235 1.60852 -0.37665 0.728459 -1.011 0.115567 -0.0317894 -0.721257 -0.218769 -0.245589 0.300027 0.350972 
1.08293 1.86978 -2.27392 0.727407 -1.30902 -0.220581 -1.65224 -0.0999964 1.10458 0.763345 -2.49308 0.482915 0.472756 0.282687 -0.734207 0.36529 -0.0522713 0.01572 -0.420914 -0.124376 0.16026 -0.310126 0.489894 0.0326596 0.0408685 0.0705027 -0.270007 0.00134233 1.19443 -0.0257694 0.873888 -0.921986 1.4978 -0.895992 1.11339 -1.30548 1.91381 -0.902247 -0.485608 
1.17495 1.647 -1.75931 0.654889 -1.0376 -0.635892 -1.06715 -0.351921 1.48779 0.50211 -1.80297 0.0139024 0.317875 0.143432 -0.593094 0.541654 -0.056792 0.170037 -0.515869 0.447009 -0.343831 0.236045 -0.346248 1.20292 -0.675571 -0.238627 -0.170524 -0.211324 -0.438935 -0.111341 -0.152246 0.00428282 0.191383 -0.484838 0.17793 -1.43863 0.922004 -0.400376 0.535281 
1.22636 1.27669 -1.73226 0.670615 -1.13898 -0.736449 -1.20523 -0.443827 1.34062 0.417097 -1.29016 -0.192656 0.234128 0.112164 -0.945532 -0.0736445 -0.163612 -0.136526 -0.416632 0.0670071 -0.324578 -0.132196 -0.948733 0.954664 -0.359508 0.605783 -0.0223563 -0.323043 -0.496538 -0.129352 -0.208391 0.357269 -0.128807 0.265957 -0.797131 -0.385182 -0.447564 1.14156 1.22597 
1.28712 0.701468 -1.83295 0.491277 -1.17412 -1.05252 -1.00014 -0.676499 1.3556 -0.446623 -0.848308 -0.345605 0.923658 0.121076 -0.916137 0.0451166 -0.186144 -0.0383543 -0.1586 0.318202 -0.0778735 -0.561086 -0.731429 0.755359 0.465994 0.98734 -0.0203154 0.614614 0.36783 0.112677 0.363445 0.563142 0.149057 0.356616 -0.184337 0.837177 -0.325332 1.06761 -0.240172 
1.34744 0.360554 -1.68715 0.484471 -1.17733 -0.895049 -0.887025 -0.5217 0.779534 -0.314332 -0.534796 0.273338 1.22147 0.0918484 -0.330918 0.294185 -0.0509354 0.226919 0.14651 0.216065 0.032038 -0.316533 -0.111556 0.629332 0.708098 0.365611 -0.0606989 0.95806 0.429659 0.182983 0.319557 0.0956771 -0.0446821 0.00607353 1.23786 0.732863 0.00105073 -0.135709 -0.627897 
1.37896 0.37055 -1.53877 0.440342 -0.947204 -0.906014 -0.784077 -0.644461 1.03906 -0.558179 -0.218976 0.362493 1.28927 0.060377 0.0419226 0.474776 -0.00316128 0.281203 -0.0629229 0.27352 -0.0717999 0.676778 0.00143361 0.75641 0.330285 0.359443 -0.0924755 0.559534 -0.159529 0.212226 -0.422172 -0.309386 -0.315957 -0.433705 0.901171 -0.120553 -0.274087 -1.04188 -0.389615 
1.40781 0.402476 -1.21237 0.481309 -0.896132 -0.957972 -0.613505 -0.5935 1.45631 -0.312899 0.221613 0.603623 1.58091 -0.000627052 0.228616 0.134657 0.16129 -0.195254 -0.162876 -0.0998928 -0.401667 0.584638 -0.232109 0.355244 -0.333778 -0.0240039 -0.118072 -0.0927724 -0.725628 0.0844611 -0.652629 -0.262568 -0.714997 -0.732088 -0.786981 -0.524036 -0.740708 -1.06868 -1.95609 
1.37834 0.599166 -1.40411 0.601632 -1.14246 -1.06889 -0.88397 -1.04613 1.6237 -0.790289 0.136268 0.028715 1.26527 -0.0576948 -0.0508498 -0.250853 0.0812998 -0.371427 -0.325491 -0.441478 -0.803888 -0.110203 -0.522603 0.0157012 -0.738394 -1.59665 -0.0157163 -0.120152 0.340153 0.0680935 0.487034 0.00964819 0.176145 0.599688 -0.452795 1.30894 0.267523 0.977755 -0.416059 
1.35012 0.351626 -1.46322 0.562609 -1.26756 -1.28346 -1.05498 -1.39739 1.34611 -0.835501 0.237314 -0.134771 -0.015734 -0.0163434 0.108464 0.47481 0.229384 0.291781 -0.153228 0.0762524 0.198021 0.131843 1.07683 0.622767 0.643977 -0.440063 0.0680774 0.133309 0.6524 -0.0047834 0.682987 0.329196 0.521755 1.38586 0.0179069 1.72746 1.04463 2.00749 2.30546 
1.36199 0.707629 -0.929301 0.831016 -0.850677 -1.22212 -0.807718 -0.848108 1.75555 0.286546 0.759036 0.672692 0.825203 0.0103826 0.0824596 0.401547 0.0765164 0.31156 0.00370484 0.0802778 0.58197 -0.0922963 1.20486 1.06033 1.2691 0.708817 -0.0136715 -0.183088 -0.475938 -0.204373 -0.380891 0.0178328 -0.209166 -0.325576 -0.955489 -1.1589 0.0827155 -0.368081 -0.0299388 
1.3605 0.434086 -1.06168 0.639126 -0.955998 -1.27976 -0.974705 -0.815418 1.25381 0.369355 1.29764 1.13433 0.693083 -0.0300148 -0.0746248 -0.00112853 0.0250109 -0.0891103 -0.135395 -0.132913 -0.127555 -0.823646 -0.0820608 0.705483 0.275895 -0.470001 -0.0629307 0.00966587 -0.398264 0.0833215 -0.424713 -0.227341 0.16111 -1.19237 -0.797786 -1.91681 -1.16289 -1.68531 -1.4675 
1.33198 0.633004 -0.930429 0.856027 -0.939787 -1.35751 -0.940631 -0.975663 0.9319 0.204485 1.46452 0.948587 0.355201 -0.0525481 0.0921254 0.00328339 0.159838 -0.113153 -0.223636 0.241388 -0.610403 -0.890082 -0.711949 -0.102559 -0.416216 -0.758679 0.0305983 -0.31067 0.33909 0.0309729 0.109513 0.114313 0.505204 0.0354943 0.302125 0.156803 -1.13545 0.395879 0.704335 
1.30795 0.526211 -1.05839 0.798963 -1.06915 -1.50339 -0.733317 -1.42582 0.363731 -0.342594 1.19508 0.718112 -0.0655958 0.00058341 -0.385295 0.337962 0.0559837 0.0204025 -0.0210815 0.37229 -0.0920607 -0.521521 0.074742 -0.429965 0.671775 0.234334 0.0091318 -0.662078 0.310449 0.111664 0.0598403 0.200377 -0.495692 0.620434 0.344241 0.403513 -0.2896 1.31854 0.653138 
1.33256 0.247709 -0.592467 0.912011 -0.919385 -1.37859 -0.56834 -1.06772 0.410379 0.279227 1.03455 1.62036 0.589535 -0.0434163 -0.569952 0.313733 0.271502 -0.0533124 -0.0232587 -0.254305 0.010031 -0.545841 -0.308437 -0.392159 0.902322 -0.105541 -0.110942 -0.272777 0.00317826 0.0749424 0.178526 -0.16318 -0.87662 -0.521893 0.00625966 -0.352871 0.981282 -0.185291 -0.936779 
1.26454 -0.0437407 -0.744659 1.07047 -1.12246 -1.52665 -0.987622 -1.41579 -0.182109 -0.651031 0.802923 1.62043 -0.171137 -0.110358 -0.658072 0.34114 0.130926 0.198929 -0.184261 -0.504329 -0.613954 -0.515261 -0.278129 0.551318 0.486484 -0.702445 -0.0524184 0.814621 -0.262066 -0.407952 -0.0231623 -0.122651 0.331265 -0.465529 0.242114 0.256514 -0.690311 -1.62558 -1.0728 
1.2222 -0.410362 -0.251327 1.04294 -0.720456 -1.56286 -1.07267 -1.68168 -0.104882 0.00109758 1.58587 2.10685 -0.11291 -0.0958347 0.244668 0.0516661 -0.136449 -0.0764747 -0.14591 0.0769599 -0.455498 -0.303727 -0.0519227 -1.08247 -0.723254 -1.17834 0.0102241 1.28836 -0.998664 0.152965 -0.672491 0.256841 0.2107 0.377994 -0.0642251 -0.492834 -1.77481 -1.52129 0.210511 
1.1687 0.200928 -0.692993 0.934016 -1.19894 -1.67256 -0.910662 -1.87129 -0.485836 -0.702954 -0.279547 0.89718 -1.34947 -0.100134 0.630291 -0.657524 0.283891 -0.473562 0.0725799 -0.293629 -0.23596 -0.579486 -0.770963 -1.2235 -1.03481 -0.491934 0.012752 -0.344494 -0.288572 0.310543 0.197744 0.326793 -0.705526 0.520811 -0.68288 -0.733447 1.5243 0.123874 2.37514 
1.12207 0.219929 -0.908851 1.32683 -1.19402 -1.49028 -1.3663 -1.91764 -0.684369 -0.769866 0.362374 1.07204 -0.604844 -0.0830827 -0.0998253 -0.236906 0.174094 0.121269 0.180883 -0.628566 0.0653129 -0.986607 -0.78537 0.441826 -0.59938 1.1968 -0.0199072 0.0926889 0.779024 -0.0782585 0.342135 0.304636 0.261038 0.790588 0.221668 1.17019 1.46564 1.62554 2.11825 
1.08562 0.101102 -0.929899 1.10811 -1.07767 -1.49168 -1.53923 -1.80598 -1.47244 -1.48832 0.162279 0.2978 -0.152677 -0.120042 0.72298 0.1215 0.205633 -0.131427 0.377216 -0.0325907 0.554628 -0.357819 0.399223 0.242147 0.590732 1.62632 -0.0719761 0.567849 0.833638 0.394423 -0.463232 0.0031796 0.980481 0.493319 0.657675 0.713882 0.435867 2.29929 -0.308647 
1.00203 0.942909 -0.787351 1.53246 -1.32545 -1.11306 -1.39889 -1.36301 -1.04219 -0.370643 0.604521 1.66277 1.02147 -0.155059 0.468024 0.596733 0.568517 -0.341963 0.184063 0.351915 0.558632 -0.328931 -0.0714873 0.877693 1.69991 0.888151 -0.0158654 -1.28955 0.495372 -0.115709 0.169207 -0.64034 -0.0337988 -0.602876 -0.516441 -1.25666 0.261988 -0.586128 -2.20366 
0.930559 0.569126 -0.333166 1.67663 -1.41963 -1.30762 -1.18731 -1.24734 -1.80137 -1.55981 1.03997 1.99771 0.735475 -0.135907 -0.566566 0.616871 0.0899236 0.0377804 -0.263124 -0.0663895 -0.0482474 -0.87426 -0.857442 0.504135 0.00460315 -0.577344 0.031986 -0.57437 -0.293188 -0.175677 0.722366 0.349902 -0.805504 -0.421665 0.713414 0.880669 0.115661 -1.58954 1.73838 
0.866121 0.376344 -0.17048 1.62238 -1.28766 -1.37618 -1.46528 -1.41126 -1.91645 -1.22808 1.10866 1.66737 0.444127 -0.123073 -0.106346 0.303545 0.39284 0.380402 0.533965 -0.453589 0.136967 0.384483 0.809182 0.993354 0.110369 2.62653 0.0525772 1.27425 -0.68997 0.0920173 -0.0197538 0.795684 -0.347058 0.662975 1.07031 1.69687 -0.0959131 -0.0736854 1.07483 
0.807486 0.46278 -0.029621 2.06947 -1.03923 -0.773653 -1.6409 -1.11038 -1.41689 -0.750629 2.03333 2.10808 3.362 -0.0833297 0.707689 -0.073099 0.181941 0.0180265 0.53256 -0.413448 0.614727 0.196048 0.839433 0.408222 -0.0690822 0.497489 0.0415391 1.75576 -0.268024 -0.767826 -0.929947 -0.716737 0.932442 0.444617 -0.339993 -0.420823 -2.53585 -1.60774 -6.54831 
0.782791 1.08403 -0.243579 1.80432 -1.26964 -0.843623 -1.87873 -0.796528 -1.7204 -0.388652 1.51688 1.59829 0.941616 -0.0815337 1.64942 0.0355208 -0.374985 -0.549545 -0.182772 0.478853 0.581584 0.0444896 0.388359 -1.54249 -1.49737 -3.92178 -0.132362 0.601295 0.810601 -0.102702 -0.00645214 -0.354989 2.49569 -0.810891 -0.222586 -2.63165 -2.39655 -1.60726 -1.50668 
0.725953 2.1122 0.00589977 1.69448 -1.58878 -0.956425 -1.16205 -0.528794 -1.3724 -0.362269 0.490832 0.610709 -0.559775 -0.215692 1.30898 0.737502 0.0792388 0.0115744 0.177571 2.08225 -0.196164 -0.0265384 -1.79222 -1.98833 -1.67635 -1.00919 -0.185663 -1.8808 0.250238 0.619701 1.42786 0.848703 1.21593 -1.32139 -0.425583 -4.01026 0.533561 0.568062 2.66092 