0 0 0 0 0 0 0 0 0 0 0 0 0 -1.70068 -1.0875 1.10867 0.419996 -0.463736 1.26889 0.539334 0.161377 2.57549 -0.512604 -1.55033 0.844292 -1.24115 -0.472604 -1.18021 0.742965 0.713979 -1.20012 1.25133 1.09417 0.286289 3.04605 0.390788 -0.350293 1.34608 -0.583308 
-1.70068 -1.0875 1.10867 0.419996 -0.463736 1.26889 0.539334 0.161377 2.57549 -0.512604 -1.55033 0.844292 -1.24115 -0.472604 -1.18021 0.742965 0.713979 -1.20012 1.25133 1.09417 0.286289 3.04605 0.390788 -0.350293 1.34608 -0.583308 2.96518 0.897353 -1.52226 -0.69565 -0.708638 -1.28229 -0.465955 0.0269488 -3.64548 1.09265 2.79813 0.0558536 1.2678 
-0.472604 -1.18021 0.742965 0.713979 -1.20012 1.25133 1.09417 0.286289 3.04605 0.390788 -0.350293 1.34608 -0.583308 1.2645 -0.19015 -0.413594 -0.275654 -1.17237 -0.0133991 0.0733789 0.188325 -1.06999 0.580049 1.2478 0.900146 0.0266545 0.577822 0.966316 -0.619924 -1.64792 0.872169 -0.973597 -2.05003 0.54801 -4.30376 0.823061 -0.0682788 -1.7755 -0.305789 
-0.436186 -1.27765 0.695073 0.144341 -1.63611 1.25549 0.612712 0.349702 1.5055 0.0674446 -0.302527 1.74444 -1.21449 0.105218 -0.213891 0.123041 -0.933939 -0.327951 0.277732 -0.955855 0.8343 -1.25771 1.21385 -0.418572 -0.429422 -0.889098 -1.04748 0.0565093 1.07877 0.184611 1.43303 0.108916 -0.277174 0.261391 0.266988 0.287221 -1.58682 -0.358395 -0.457026 
-0.367386 -1.3941 0.866006 -0.21996 -1.52807 1.52906 0.138317 1.12059 1.78834 1.60464 -0.768866 0.916661 -1.47241 0.217017 -0.13364 0.665179 -0.0910435 0.260654 0.0955172 -0.203795 0.449717 -0.803 0.86727 -0.339012 0.54175 -0.430371 0.115482 0.0994184 0.339031 0.933825 1.26117 -0.341322 0.704945 -1.05331 0.755895 -2.27059 -0.429169 1.03686 1.5161 
-0.219169 -1.41129 1.36025 0.0532977 -1.37546 1.35101 0.408918 0.799418 0.702499 0.934715 -0.641539 2.28619 -1.64486 0.2207 -0.114473 0.462072 -0.000114198 0.933214 -0.0635906 -0.25091 -0.219015 -0.501817 -1.05675 -0.847742 0.607439 0.627007 -0.242467 -0.213152 -0.886415 -0.368451 0.111477 -0.0761546 0.136686 -0.596862 0.623874 -1.66028 -0.533025 -1.68549 1.55881 
-0.146686 -1.50857 1.32808 -0.220075 -0.594857 1.46547 -0.112593 0.901574 1.28652 0.547892 -1.61661 1.5241 -0.845399 -0.02545 -0.346793 -0.221236 -0.459494 0.372131 0.0193626 -0.0671084 -0.147145 -0.179127 -0.793007 -0.872037 -1.14374 1.12844 -0.403814 -0.219626 -0.90198 -0.514829 -1.4369 -0.114533 0.711903 0.129604 0.0922658 1.47807 1.81332 -0.329004 0.0797195 
-0.244619 -1.75809 1.13902 -0.406196 -1.00333 1.37037 0.341809 0.652273 0.523372 0.141707 -1.51358 1.14245 -0.516424 -0.183114 -0.334099 -0.439908 -0.514944 -0.503686 -0.178124 0.460993 -0.0894116 -0.409551 0.421327 0.965578 0.278435 0.706727 -0.0203402 0.597742 0.176104 0.0906352 -0.151315 0.0694488 0.213201 0.0435498 0.261118 0.729419 1.08725 1.97823 -2.07165 
-0.3298 -1.84267 0.88817 -0.735018 -1.09854 1.28735 0.348399 0.812162 0.876968 0.969219 -0.651029 1.80253 -0.138672 -0.0457901 0.25095 -0.0451322 -0.368859 0.220816 0.0888114 0.146092 -0.103595 0.0819912 -0.063588 0.215211 0.834484 -0.943206 0.121725 0.719288 0.833212 0.50759 0.931115 0.302853 -0.333104 -0.0144665 0.553137 -0.948987 -1.82866 -0.380496 -1.95185 
-0.290409 -1.50714 1.09389 -0.775055 -0.78251 1.45918 0.487901 0.548678 0.605364 0.0781193 -1.29836 1.97693 -1.45963 -0.0613894 0.385189 0.393304 -0.00735331 0.427429 0.124729 0.127889 -0.103878 0.143586 -0.52766 -0.86308 -0.102061 -1.24512 -0.0753492 -0.0763974 0.0879595 0.555084 -0.268022 -0.50051 -0.485422 0.288116 0.244468 0.0724737 -1.22554 -1.62974 1.68628 
-0.39119 -1.45748 1.28147 -0.742371 -0.671113 1.41207 0.476288 0.708284 1.02055 0.441558 -1.51411 1.70047 -1.38379 -0.121139 0.174552 0.0428273 0.186225 -0.0472064 -0.411699 -0.33933 0.18452 0.326459 0.0088857 -1.01033 -0.795259 0.743078 -0.00309961 -0.314916 -0.854192 0.174611 -0.985585 -0.531858 -0.0105485 0.451381 0.796193 1.24818 1.60517 -0.760953 1.94693 
-0.411548 -1.33258 1.13671 -0.58883 -0.829716 1.04748 0.148572 0.733198 0.931822 0.087005 -2.30869 1.18167 -0.716552 -0.064489 0.070273 -0.460888 0.167258 -0.558155 -0.407129 0.11734 0.347503 0.939778 0.720518 0.742086 -0.863013 0.701808 0.256443 -0.180263 -0.309335 -0.0904741 -0.269371 0.0073857 1.03194 0.328784 -0.348001 0.809479 2.03226 1.20858 -0.892628 
-0.455679 -1.38721 0.820587 -0.575113 -1.22927 1.00495 0.593629 1.05579 1.96033 1.16208 -0.772024 0.837461 -0.681986 0.135303 -0.00571102 -0.266507 0.095751 -0.316578 -0.404313 0.692606 0.513304 -0.0215427 0.818365 1.02194 0.413318 -0.149549 0.214135 -0.142238 0.248129 0.126499 0.859817 -0.23499 0.278396 0.108867 -2.26146 -0.776626 -2.09586 1.81061 -1.21657 
-0.276245 -1.3383 0.870205 -0.493079 -1.14629 0.643172 0.841178 1.2465 0.91028 0.90537 -1.28675 1.59499 -0.866101 0.149646 -0.071965 -0.212759 0.293757 0.301662 -0.642119 0.395736 0.45637 -1.32168 -0.0561073 -1.35378 0.947593 -0.514763 -0.327434 -0.0137491 -0.2369 0.337124 0.106922 0.109641 -1.02729 -1.35667 -0.800041 -0.470714 -1.50758 -0.861882 0.046745 
-0.306032 -1.45917 0.607828 -0.281356 -0.927607 0.362827 0.989365 1.51216 0.638654 1.10597 -2.1258 1.78505 -1.19675 -0.19213 -0.0194601 -0.503407 0.432875 -0.209655 -0.294672 -0.334681 -0.843363 -0.821583 0.347651 -0.485641 -0.448565 -0.102804 -0.386128 0.481093 -0.176966 0.217072 -0.11185 0.613579 0.564546 -1.68479 1.27938 0.785432 2.13101 -2.09701 2.04138 
-0.468375 -1.35776 0.366798 -0.0602038 -1.35595 0.3485 0.506497 0.403139 0.0886964 1.25302 -1.77239 1.14642 -0.968905 -0.236482 0.409128 -0.389725 0.510829 0.189812 -0.0285393 0.960282 -1.22842 -0.0422979 0.729325 0.777235 -1.14941 1.52662 0.219089 0.201224 0.0775606 0.162072 1.80127 0.149641 1.64792 1.29585 0.37297 -0.1931 3.5365 -1.76238 0.599241 
-0.542514 -1.05004 0.218103 0.229473 -0.737795 0.334287 1.94965 0.283738 0.596356 1.83529 -1.34857 0.635641 0.329867 0.0269587 0.181764 -0.425847 0.594948 1.59162 -0.145031 1.31324 0.452487 -0.448613 0.15455 3.05086 -2.21094 0.496437 0.634505 -0.346358 0.711234 0.553079 1.35016 -0.392527 -1.74158 1.93809 -0.584799 -2.01421 1.82332 0.0319209 -2.98995 
-0.441417 -1.17599 -0.0590485 0.534744 0.235668 0.203468 1.81974 0.855627 -0.359917 1.40757 1.27846 -1.06452 -0.472468 0.398023 0.0627701 0.321509 1.06391 1.53998 -0.421066 -0.781294 0.709669 -0.627097 -1.28489 2.60055 -1.11749 -1.46333 0.448167 0.64409 0.785097 -0.952213 -1.35504 -0.26046 -3.12327 -1.81109 0.238693 -0.937867 -2.73235 3.72571 -1.87579 
-0.144491 -0.987274 0.539613 1.29338 0.802181 -0.0867788 1.16835 0.993407 -0.0307407 0.550408 1.25199 -0.481851 -1.13347 0.475125 0.825854 0.359251 -0.357265 0.236577 -0.405491 -1.81003 -1.3586 -0.20992 -0.783317 0.318508 1.51477 -1.37935 0.156916 1.29792 -0.994693 -3.11462 -1.74356 0.935577 -0.718155 -2.80288 0.0501613 1.84396 -3.09012 1.2434 2.70387 
0.0337086 -0.350137 0.300202 0.177479 0.472246 -0.202023 0.00970981 -0.502973 -0.569837 0.624254 1.59697 0.450249 -1.85182 0.554939 1.36069 -0.673184 -2.05071 -0.203589 0.514511 -1.49945 -2.09321 -0.576935 0.559069 -0.489567 0.125908 1.24054 0.603645 0.426818 -1.27848 -0.901934 -0.087271 1.05605 0.685996 0.390079 0.51814 1.09672 -0.830914 -2.58873 3.60465 
0.410448 0.373413 -0.133572 -0.757334 0.598593 0.427732 -0.331096 -1.0998 -0.607676 1.10948 0.762418 -0.355943 0.107069 1.07877 1.25267 -0.919225 -1.2592 0.149306 0.650555 -1.12403 -0.96852 0.30822 0.313402 -0.512406 -1.07397 2.22529 0.306391 -0.421426 -0.102716 1.52848 0.780184 -0.801752 0.818859 1.5987 0.454459 -1.11672 0.858992 -0.531703 -0.794533 
1.11248 0.902535 -0.619023 -1.08172 0.621552 0.448532 -1.11432 -1.47149 -0.261616 0.937656 1.08456 -0.623719 0.373472 0.86133 0.939261 -0.775901 -0.522233 0.576595 -0.287241 -0.68059 -0.494511 -0.122477 -0.557652 0.369424 -0.405795 0.446003 -0.928553 -0.715204 0.547071 0.555739 0.457793 -1.18739 1.30586 0.644548 -1.29247 -0.430216 0.287208 1.11228 -1.70127 
1.27178 1.31267 -0.909472 -1.27957 1.17519 0.140491 -1.01169 -1.59431 -0.730153 0.551825 1.13184 -0.761739 0.553072 0.150217 0.537468 -0.372154 -0.703459 0.6071 -0.536839 0.181831 -0.323972 -0.984248 -0.116815 -0.225198 0.0383081 0.524021 -0.825626 -0.801887 0.492018 0.155424 -1.21142 0.265913 0.861344 0.190659 -0.195248 0.0512619 -1.15427 0.866206 0.51012 
1.2627 1.44 -0.991177 -1.78518 1.22865 -0.0883073 -0.932491 -1.79546 -1.24586 0.820841 0.859366 -0.58541 0.897494 0.0357035 0.137374 -0.283883 -0.36681 -0.63483 -0.021328 0.180755 -0.303851 -0.317724 -0.50639 -0.784843 0.46041 0.956123 -0.147089 -0.471266 0.32249 0.651482 -1.23663 0.682572 -0.272217 0.341897 0.939607 -0.42833 0.0242234 -0.113946 -0.28031 
1.30748 1.45005 -1.19336 -1.64638 0.540358 0.119163 -0.830931 -1.89816 -1.04788 0.0454342 0.347 -0.301328 1.50919 0.00312808 0.0662014 -0.0496641 -0.0519767 -0.629533 0.145733 -0.0903861 0.0179245 -0.0446407 -0.545145 -0.200974 -0.0756374 0.243712 -0.126227 -0.0233947 0.319704 0.325443 1.03369 0.0447537 -0.415597 0.537235 -0.448735 0.582975 1.50437 -0.239837 -1.23513 
1.26582 1.5062 -1.04084 -1.83716 0.599119 0.0574254 -1.02288 -1.77754 -1.29051 0.275696 0.658392 -0.661048 1.14121 -0.0905237 0.113979 0.0358207 -0.0413665 0.398858 0.0234256 -0.234842 0.233384 -0.76646 0.0765848 0.719523 0.220574 -0.279005 0.149714 -0.136449 0.070881 0.0145891 1.29516 -0.0621815 0.44311 0.350004 0.371139 0.4617 0.552733 1.21052 0.326178 
1.21696 1.56403 -1.15753 -1.68774 0.939216 0.142588 -1.06577 -1.66478 -1.81434 0.122019 1.06652 -0.0807546 1.23019 0.152842 -0.0702471 0.0212169 -0.0373876 0.665626 0.0835512 0.352724 0.367928 0.326498 -0.0834444 0.351758 1.13489 0.56989 0.202335 -0.298182 -0.164677 -0.337199 -0.358321 -0.288444 -0.050315 -0.188208 0.885718 -0.360884 -1.19478 -0.293575 0.276738 
1.41867 1.43596 -1.01962 -1.87454 1.26474 0.140977 -0.670153 -1.40961 -0.964007 0.192252 1.01015 0.473839 1.7111 0.111811 -0.184203 -0.128856 -0.378565 0.0405369 -0.265018 -0.285157 0.0451758 0.119259 -0.284299 -0.475255 -0.073001 -0.00226687 -0.202119 0.0217602 -0.226697 0.313328 -0.779319 -0.405647 -1.21888 -0.743099 -0.499079 0.549015 -0.360913 -1.83379 -1.44128 
1.32877 1.37982 -1.28639 -2.06631 0.979753 -0.12243 -1.35093 -1.6196 -1.69508 -0.16228 0.591267 -0.153756 1.22792 -0.0492779 -0.0484869 -0.20548 0.27594 -0.113693 -0.322095 -0.866152 -0.375171 -0.172581 0.465571 -0.00915509 -0.698903 -0.871386 -0.0698354 0.252529 0.112065 1.02246 0.563966 0.359025 -0.040497 -0.182894 0.858727 1.30668 1.60674 0.462561 -0.309975 
1.36939 1.38747 -1.2251 -1.5986 1.15105 -0.181119 -1.53631 -1.78478 -1.13659 0.657822 1.00099 -0.225064 0.839709 0.0419756 0.0683266 -0.0167914 0.643897 0.604503 0.0940061 -0.325654 -0.137718 0.977986 1.02239 1.13148 0.38956 -0.312241 0.143908 0.129246 -0.262278 -0.105887 0.318284 0.0433082 0.970953 0.601843 0.382383 -0.355932 0.322393 1.21746 0.403085 
1.37074 1.44815 -1.30318 -1.42241 1.58426 -0.0284242 -1.67658 -1.75732 -0.717092 0.860106 1.72275 0.235805 0.915681 0.09463 0.0807594 -0.467758 0.170053 0.20459 -0.278787 0.104801 0.226671 0.209802 0.109638 0.313238 0.518554 -0.468301 0.171842 -0.275899 -0.309023 -0.328474 -0.664344 -0.818259 0.35894 0.578696 -0.708157 -1.47967 -1.85459 -0.740939 -0.645283 
1.46402 1.46823 -1.69286 -1.42855 1.35564 -0.459906 -1.4315 -1.55811 -0.926786 0.767461 1.31423 0.29349 0.371408 0.213817 -0.207572 -0.325815 0.315423 -0.0598412 -0.724253 0.0332859 0.440978 0.269829 -0.45728 -0.723109 -0.351379 -0.957525 0.00617403 -0.176542 0.350613 0.573047 0.186799 -0.191357 -0.273078 0.564664 0.426952 -0.23562 -0.110862 -0.968335 1.40624 
1.58456 1.24058 -1.629 -1.10699 1.52442 -0.752677 -1.6433 -1.31634 -0.447262 0.402825 0.999639 -0.115574 -0.0418435 0.100804 -0.0957822 -0.117145 0.7431 0.391389 -0.470145 -0.168277 0.791335 0.636754 -0.125982 0.202376 -0.449781 0.93794 -0.0416389 0.000243874 0.098984 0.650963 -0.50879 0.185164 0.565264 -0.250047 -0.26149 1.37561 0.297908 -0.0866578 3.16222 
1.56482 1.37245 -1.81001 -0.68545 1.74703 -0.930051 -1.59978 -0.766777 -0.290032 0.641479 1.51661 -0.156291 1.30935 0.172178 -0.207328 -0.226831 0.966386 -0.568632 -0.539088 0.59855 0.190931 0.00833888 0.918335 -0.425201 -0.438037 2.2047 0.0581086 -0.283029 -0.246391 0.854724 -1.73947 -0.166127 0.481277 -1.29117 -0.586129 1.04424 -2.1302 -0.342122 -0.493998 
1.75674 1.03325 -1.85583 -0.140602 0.955784 -1.29176 -1.04475 -1.12541 -0.438923 1.32116 0.574438 -0.553611 2.16285 0.158913 -0.378811 -0.363536 1.59782 -1.34808 -0.636271 0.313001 -0.499834 0.0506245 0.918256 -1.92782 -0.791903 0.443942 -0.1829 0.0882612 -0.0188535 0.33062 0.103216 0.123467 -0.718879 -0.346977 0.505829 -0.910395 -0.521615 0.737142 -3.10412 
1.72373 0.993636 -2.17354 0.912374 0.398949 -1.56632 -1.28678 -1.26661 -0.239408 1.55974 -0.411215 -0.948194 1.75329 -0.0107216 -0.119067 -0.245684 1.29701 -0.465416 -0.415621 -0.120329 -0.156046 0.514168 0.00793955 -0.946815 0.299105 -0.899423 -0.253782 0.401185 0.549275 -1.13627 1.63973 0.385627 -0.549621 1.35024 0.865346 -1.60732 2.15931 1.31293 -1.46214 
1.74602 0.914184 -2.10151 1.1564 0.490367 -1.70739 -1.16508 -1.28146 0.075245 1.3291 -0.372378 -0.254506 1.26343 -0.0948693 0.0223739 0.185739 0.461551 0.291651 -0.250644 -0.23662 0.850409 0.91597 -0.689064 0.231486 0.521027 -1.0182 0.0646199 -0.145755 0.891597 -1.59613 0.909144 0.367624 -0.0461556 0.97244 -0.534007 -1.70634 1.40376 -0.0871847 0.770098 
1.62887 1.01601 -1.9878 1.37393 0.6906 -1.81697 -1.5234 -0.416202 0.676563 0.870672 -0.179729 -0.427167 0.73509 0.0538983 -0.264822 0.645913 -0.299122 0.443728 -0.0479972 -0.166485 0.816393 -0.019839 -1.6984 0.456941 0.21192 -0.129326 -0.00139871 -0.181465 0.144525 -0.425577 -0.229975 0.118713 0.134065 -0.877812 -1.3843 -0.431013 0.18887 -0.399569 1.13742 
1.79992 0.649362 -1.4556 0.857282 0.934095 -1.75538 -1.33156 -0.465065 0.055406 -0.369302 0.0845628 -0.0425857 1.1341 -0.096268 -0.159091 0.330264 0.0359741 0.0616757 -0.131931 -0.102555 -0.0274022 -0.468331 -1.12008 0.420356 0.121458 0.119223 -0.3658 0.33184 -0.654597 1.13571 -0.726044 -0.224181 0.066644 -0.630774 -0.472678 1.20193 0.0234328 0.249899 0.329983 
1.5326 0.856918 -1.65754 1.4099 0.752276 -1.9489 -1.62596 -0.443604 0.208232 -0.249405 0.240627 -0.305709 0.854314 -0.311902 0.0670182 -0.00868407 0.836591 -0.282316 -0.272178 -0.0998406 0.185619 -0.492517 -0.496471 0.480374 0.461819 0.200658 0.14225 0.0251232 -0.00477176 -0.0336032 -0.270465 0.171744 0.31776 0.572873 0.128185 0.378091 0.874887 0.546767 -0.088984 
1.48801 0.71638 -1.46428 1.69387 0.651779 -2.02756 -1.4314 -0.279446 -0.437111 -0.865773 0.564936 0.419234 1.33476 0.0459817 -0.133968 0.325492 0.0023709 -0.208789 0.039813 0.215205 0.545471 -0.340146 -0.741985 1.29524 0.668225 0.0302395 0.256652 0.070537 0.13829 -0.843953 0.124991 0.321662 0.347909 0.497173 0.583881 -0.394852 -0.364173 -0.908922 0.158509 
1.57858 0.72295 -1.33205 1.41227 0.543487 -1.90908 -1.41075 0.101867 -0.131914 -0.99139 1.53587 0.362516 0.884553 -0.0552493 0.137555 0.129606 -0.00736166 -0.157326 0.0494846 0.248068 0.682792 0.0913644 -0.891323 0.1162 -0.447102 0.359167 -0.351336 0.282557 -0.362773 -0.0871864 -0.203368 -0.104312 0.0192345 -0.282565 -0.72196 -0.240929 -2.09275 -0.749901 -0.436918 
1.43277 0.853936 -1.33468 1.68651 0.494454 -1.97808 -1.18333 0.403346 -0.345746 -1.7571 0.681137 -0.0278687 1.69393 -0.305355 0.148589 -0.0372805 -0.0848155 -0.412157 -0.064499 0.234439 0.262906 -1.06211 -0.982915 -0.797509 -0.0816757 -0.406679 -0.10432 -0.11612 0.206779 -0.210583 -0.605965 0.202475 0.145614 -0.52403 -0.782743 0.20445 0.251159 0.746295 -1.27805 
1.27322 0.87154 -1.36933 1.32745 0.13133 -1.97358 -1.17631 0.364773 -1.19402 -1.97431 0.73836 0.280841 0.477874 -0.15957 0.0214355 0.336385 -0.217945 -0.763291 0.251959 0.393683 0.158762 -0.691379 -0.686873 0.36736 0.299192 -0.918882 0.214089 -0.244528 0.792843 0.0363761 -0.0655805 0.34087 0.0151693 0.0516665 1.64373 0.646511 0.934137 0.844526 0.468597 
1.2732 0.875371 -0.998293 1.46857 -0.268837 -1.72612 -0.789651 0.562108 -1.03713 -2.44397 1.0485 0.271324 0.775047 -0.091266 -0.0959384 0.755562 -0.0484393 -0.477738 0.276371 0.249609 0.314573 0.581627 -0.336404 0.136628 0.762851 0.0619183 -0.118471 -0.190892 0.592383 0.0856474 0.572536 -0.0833381 -1.27723 -0.2807 1.98278 0.199758 -0.283249 0.299038 -0.727922 
1.18196 0.775601 -0.613767 1.27902 -0.346408 -1.69721 -0.926702 0.679346 -0.612393 -2.31071 0.874988 1.04369 0.539793 -0.278041 -0.169457 0.928768 -0.132297 -0.190755 0.168621 -0.883548 -0.121938 1.2914 -0.487114 0.0841105 0.59823 -1.6468 -0.113094 0.293688 0.123683 -0.207626 -0.233483 0.267907 -0.104814 -0.944002 0.342438 0.278149 -1.56094 -0.433482 -1.26239 
0.995155 0.705914 -0.0695251 1.33627 -0.459592 -1.5575 -1.6732 0.440171 0.254275 -2.93108 1.13261 0.869554 -0.871757 -0.20436 0.19775 0.879245 -0.256066 -0.711221 0.544278 0.144795 -0.629429 0.924064 -0.058255 -1.42432 0.329369 -1.20047 0.0139132 0.498953 0.131308 -0.465776 -1.43235 0.809641 1.75959 -1.25116 -1.66556 1.71387 -1.3016 -1.20219 1.56843 
0.977598 0.973351 0.265478 1.02295 -1.05763 -1.15293 -0.781907 0.0499167 0.311671 -2.36896 -0.549329 1.37306 -0.660678 -0.264127 0.329496 1.06008 -0.598074 -1.6231 0.978262 0.876041 -1.3731 -0.374159 1.22675 -1.21749 -0.603958 -0.0783694 -0.0663438 -0.260322 -0.102685 0.0568136 -0.259651 0.172483 0.0625321 -0.832181 -1.76243 1.45321 2.60246 -1.70708 1.73622 
0.731027 1.03541 0.990551 0.738195 -2.0827 -0.579233 -0.797158 -0.932927 -0.119884 -1.70433 -0.0848853 0.265595 -0.950126 -0.270704 -0.0625723 0.77656 -0.199252 -0.970871 0.716761 0.207327 -1.46161 -0.83837 1.39495 1.17814 -1.37771 0.535753 0.189067 -0.407235 -0.912333 0.91527 1.29793 -0.879391 0.497455 1.20817 -0.548469 0.212874 2.67286 -0.935171 1.37889 
0.706894 0.910779 1.04204 0.823697 -2.0285 -0.436173 -0.57458 -1.41169 -0.526699 -0.97401 0.628816 -0.00464819 -0.124926 -0.0750601 -0.0777395 0.147743 0.317197 -0.325177 0.0988714 1.3735 -0.164927 -0.922627 1.43963 1.45537 -1.53913 1.30052 -0.0166329 -0.222744 -0.938627 0.503022 0.715247 -1.11196 -0.191751 1.49823 0.303779 -0.898042 -1.64876 -0.678949 -1.9407 
0.655967 0.957671 1.13829 1.05539 -2.40787 -0.480362 0.576339 -1.09785 -1.04251 -0.264704 1.37048 -1.27353 0.35039 -0.287337 -0.285317 -0.162067 0.303769 -0.255624 -0.395197 0.0155758 0.0366158 -0.534591 0.496912 -0.470613 -2.05666 -1.40495 -0.157123 -0.509189 -0.739085 0.151343 0.585979 -0.763057 -1.51944 0.601858 -0.242792 -2.40878 -2.71692 0.407921 -3.45562 
0.419557 0.625462 0.87997 1.12747 -2.28412 -0.83137 -0.559004 -1.37508 -1.06129 -0.477099 0.158203 -2.06131 -1.52988 -0.232183 -0.586929 -0.591342 0.46854 0.260802 -0.664185 -0.145939 0.436931 -1.16542 -0.969152 -1.26155 -1.13121 -2.1551 -0.0670149 0.0139803 0.164449 -0.0972488 1.42848 0.602076 1.11176 0.796514 0.00726004 -0.747928 0.290914 3.19254 2.31693 
0.423784 0.370742 0.546951 1.52393 -2.14707 -1.14455 0.4304 -0.660923 -2.20793 -1.23386 0.108938 -2.40474 -1.80471 -0.354352 -0.271336 0.00238165 0.206521 1.17286 0.206879 1.12733 0.833129 -0.527331 -0.251016 -0.179699 1.13588 0.911977 -0.15221 0.362563 0.941954 -0.659511 0.959414 1.22492 -0.139828 0.491963 1.88796 2.17765 1.28896 2.55846 2.84165 
0.0652056 0.354126 0.882352 1.33399 -1.11126 -0.624491 0.56833 -0.541948 -1.58862 -0.728114 -0.0214968 -0.925425 -0.617898 -0.384393 -0.224366 0.350612 -0.190971 1.22022 0.560731 -0.285767 0.928894 0.722536 1.2085 0.0274152 1.42725 0.686554 0.0568052 -0.24359 -0.239392 -0.316698 -1.06397 -0.220958 -1.10083 -0.585027 -0.303938 -0.842607 -0.202011 -1.63026 -1.56303 
0.0393911 0.146376 0.897563 1.33296 -0.926856 -0.583816 0.144633 0.267971 -1.48539 -0.0253607 0.136353 -0.977492 -1.11816 -0.297547 -0.514926 -0.23701 -0.110177 0.108894 -0.0140788 0.0265021 0.248103 -0.831269 -1.09362 -0.381711 -0.494384 -0.65105 -0.192907 -0.0766457 -0.333592 0.0776661 -0.190724 0.206098 1.00128 -1.02533 0.141438 -1.35284 0.752069 -0.836249 -0.717821 
-0.232341 -0.160801 0.645342 1.22381 -1.00237 -0.638569 0.594832 -0.293845 -2.41989 -1.82174 -0.403207 -1.41981 -1.26895 -0.5773 -0.301012 0.0170194 -0.113305 1.02949 0.766829 0.715509 -0.0964358 0.863974 -0.144341 0.779484 0.591001 -0.0312673 -0.00947455 0.531891 0.397959 -0.367548 1.15453 1.13053 -0.15327 0.0838344 3.09729 2.41064 -0.626069 1.09002 1.11376 
-0.537909 -0.154636 0.914583 1.21966 0.102636 0.183013 0.860141 0.171536 -0.621421 -0.169702 0.915837 -0.386491 -1.14942 -0.307021 0.0169645 0.160949 -0.477725 1.26342 1.11645 -0.126768 0.331937 2.26602 1.31701 -1.00778 0.595634 0.462713 0.474381 0.284937 -0.104935 -0.28626 -0.588926 -0.587735 -1.35262 0.185064 -1.21672 -0.485512 -1.86745 -1.3713 0.293601 
-0.539362 -0.143836 0.80629 0.746085 0.261048 0.477885 0.468065 0.0380921 -0.153869 -0.504726 -1.41099 -0.824176 -0.806235 -0.102918 -0.0160749 -0.0879155 -0.399566 0.440566 0.179094 -0.637112 0.0886284 -0.352744 -0.629854 -1.08796 -0.780303 0.262333 0.153766 -0.168505 -0.274818 0.240834 -0.657698 -1.15842 -0.281152 -0.122743 -2.06179 -1.25247 1.37581 -0.717623 -0.199074 
-0.640827 -0.170711 0.826667 0.82009 0.543202 0.362107 0.223029 0.260164 -0.974165 -0.799556 -0.172124 -1.16679 -0.88709 -0.153255 -0.15154 -0.11387 -0.236891 0.605721 -0.0419639 -0.40792 0.209194 0.204233 0.0645391 0.368033 -0.121989 0.263639 -0.0276909 -0.0303231 -0.0216621 -0.0909559 -0.314027 -0.0669508 1.11298 0.674979 2.16838 1.25974 0.64076 1.71468 1.1252 
-0.692617 -0.295376 0.692421 0.509194 0.866769 0.435921 0.0601444 0.247287 0.0503645 -0.440186 -1.04295 -0.946165 -0.542597 -0.130609 -0.046398 -0.109578 -0.490522 0.126538 0.112144 0.475869 0.763607 1.81564 0.629886 -0.447202 0.934381 1.38753 -0.0520627 0.185828 0.178114 -0.054748 -1.21532 -0.206811 0.840032 0.879285 0.0657229 0.071423 1.20882 0.67272 -0.66489 
-0.771436 -0.217109 0.717089 0.329568 0.66974 0.474251 0.698898 1.02377 0.84147 -0.16967 -0.619326 -0.232413 0.500442 -0.205318 0.0342884 0.0642442 -0.291639 -0.609602 -0.248775 0.432112 1.08848 0.269956 0.135962 1.57686 0.550731 -0.401251 0.042566 -0.0609781 -0.0889448 0.19158 -0.0310607 0.00693551 0.311835 -0.241482 -2.57683 -0.0687262 0.791165 -2.336 -3.28709 
-0.897935 -0.261088 0.756665 0.217555 0.257168 0.187146 0.492256 1.33577 0.320321 -0.304224 0.533902 -0.395434 -0.943848 -0.0880432 -0.107376 -0.198522 -0.298942 0.0954778 0.119079 0.787704 0.522125 -0.761197 0.56116 0.343963 -1.40162 -1.89956 0.249466 -0.111988 -0.332603 0.111603 1.24376 0.847788 0.173931 -1.35462 -0.029959 0.341693 -2.18655 -0.85422 2.05556 
-0.859479 -0.324485 0.518567 0.0306266 0.765218 0.59333 1.4866 1.5459 0.0802738 0.39149 -0.275363 -1.63403 -1.39912 0.0441481 -0.0776999 -0.268359 -0.180036 0.634159 0.599013 0.606043 -0.266139 0.239997 0.477655 -0.609697 -0.303489 1.65431 0.0676886 -0.0247694 -0.132458 -0.206494 -0.397453 -0.0342341 -1.08998 -0.482613 1.44889 -1.92321 -0.705554 2.7239 2.57155 
-0.853786 -0.338788 0.488306 0.0375187 0.891326 0.786159 1.0983 1.06963 0.560318 0.173431 -0.0757951 -0.698923 0.710462 -0.0203547 -0.132145 -0.33098 -0.505436 -0.301975 0.0848449 -0.302277 0.0395117 0.687695 -1.36205 -0.361591 1.32228 0.671984 -0.114165 0.00335995 0.00268759 -0.241447 -0.825863 -0.505071 -0.430728 0.543237 0.432921 -0.19057 1.51814 0.720389 -2.09846 
-0.879834 -0.456631 0.187587 -0.474809 0.463243 0.678174 1.18432 1.58541 0.767969 -0.970563 -0.636954 -0.311749 -0.727137 -0.0700174 -0.07434 -0.265671 -0.421483 -0.191704 0.0939421 0.175316 0.277098 0.672918 0.287085 0.908439 0.4169 -0.444146 0.0276737 0.187312 0.324919 0.179515 -0.152337 -0.199962 -0.0854826 -1.0597 -0.921167 2.14076 0.699539 -0.743056 1.37251 
-0.923804 -0.413128 0.222635 -0.383964 0.699622 0.880101 1.27362 1.34673 1.23324 0.460516 0.832644 -0.282022 0.266315 0.00731901 0.0551662 -0.00606159 -0.325921 -0.454312 -0.115117 -0.38776 -1.02019 -0.233472 0.778705 0.337949 0.579228 2.0445 0.0682199 -0.0259344 0.49595 0.640604 0.489991 -0.298856 -0.918828 -1.14639 -2.335 -1.14668 -1.03339 1.26768 0.955798 
-0.872515 -0.401464 0.181525 -0.80073 0.00893117 0.563057 0.796564 0.565221 0.534497 -0.191858 -0.299005 0.267478 1.31736 -0.00179752 -0.100274 0.230279 0.219121 0.298287 -0.204913 -0.743513 -0.869287 -1.66208 -0.859595 -0.124954 1.68458 0.511651 -0.146926 -0.243369 -0.0475914 0.790588 0.620299 0.217614 0.365269 0.725863 0.28756 0.262393 -0.595823 -1.11812 -2.93516 
-0.925601 -0.513402 0.452914 -0.164843 0.997909 0.675187 0.530103 0.477439 -0.428845 -0.399078 0.70769 1.40256 0.777967 -0.139607 -0.188202 -0.053653 0.464668 0.165988 0.102497 -0.0224913 -0.294324 0.0540886 1.0411 -0.257875 -0.538888 -0.890661 0.0189105 0.189905 -0.352572 -0.511595 -1.08398 0.288938 1.16522 1.31763 2.75525 2.31068 0.173547 -2.65723 -0.467611 
-1.01212 -0.589667 0.127872 -0.336062 0.174919 0.665555 0.774073 0.270897 0.588586 0.849241 -0.55688 -0.271409 0.426697 0.017113 0.089631 -0.122293 -0.292474 -0.785694 0.0840247 0.421705 0.448347 1.09317 1.45108 0.0485929 -0.972642 0.0440404 0.184762 0.205035 0.363332 -0.865436 -0.0477742 0.17851 0.481654 1.51761 -0.547462 -1.66122 1.46166 0.757605 0.729957 
-0.908488 -0.423771 0.33062 -0.457317 0.212214 0.759212 0.951808 0.925786 0.664327 1.05201 0.756283 0.429919 0.822007 0.0451545 0.0168327 0.309679 -0.400768 0.118214 0.281007 0.459163 1.22329 -0.493373 -0.620117 1.20379 0.218717 -0.160705 -0.248197 -0.336367 0.102655 -0.157427 1.41984 -0.027614 -0.373411 -0.52347 -1.5325 -2.87436 -1.61142 -0.808335 -1.36174 
-0.966968 -0.572834 0.437551 -0.73683 0.293133 0.946562 1.23324 1.49419 0.0952127 0.229124 0.646906 -0.0526924 0.265992 -0.231084 -0.246736 -0.0196382 -0.449901 0.634147 0.0564107 0.0482944 -0.0751227 -0.439328 -1.42327 -1.56283 -1.78098 -1.3177 -0.086774 -0.205562 -0.808097 0.361583 -0.548678 -0.823846 -1.02239 -2.57947 1.01884 0.775015 -4.20377 -1.66928 -0.339649 
-1.13957 -0.670508 0.310982 -0.907218 0.846362 0.815623 1.0001 0.850663 0.224999 -0.37127 -0.806548 -1.35106 -0.495694 -0.0416194 -0.18873 -0.498418 -0.0391845 -0.430464 -0.542839 -0.563224 -1.35618 0.525468 0.154899 -2.99999 -1.45056 -0.500353 0.327115 0.173008 -0.0320837 1.23105 -0.606682 -0.037729 0.536995 0.319361 1.03276 2.32016 1.99436 1.99819 1.87309 
-1.00859 -0.761564 -0.0608666 -0.776014 -0.137331 0.403724 0.670012 0.138007 0.620681 0.384023 -2.35308 -1.50325 -0.234361 0.0960318 -0.0737279 -0.0517218 0.781152 0.0274654 0.0186817 0.585289 0.244238 0.593429 0.896886 0.431533 0.217218 0.555389 -0.0598254 0.207184 0.850088 0.319062 0.669849 0.560311 0.387987 1.91252 -0.480282 -0.849448 3.93034 1.08618 0.288339 
-1.04354 -0.744236 0.25926 -0.126065 0.873827 0.834305 1.58539 1.0949 0.818428 0.525616 -0.375015 -1.13384 0.059695 -0.101445 0.0184544 0.35167 0.279877 0.239384 0.0174727 -0.175237 0.55634 0.0451862 -0.694549 0.93035 -0.36438 -0.212014 -0.139429 0.280278 -0.00216295 -0.941971 -0.663717 -0.211229 -0.693117 -0.407758 -0.765855 -1.09081 0.0643346 0.713088 0.293632 