1.39013 10.4664 13.4235 2.74431 1.16427 9.8881 45.01 63.743 19.7505 4.04386 15.8116 99.6132 62.5142 43.6141 92.3369 1576.73 622.876 70.2211 113.019 823.877 1873.14 2080.47 509.041 1462.11 981.239 1847.1 1307.91 1134.14 1686.58 2443.45 2222.17 1911.62 1912.93 1501.99 10293.2 4944.96 2702.94 11189.4 4456.51 1996.5 
0.749648 1.78888 15.3899 14.7286 4.98949 5.54977 7.18022 12.9221 14.1967 3.28346 5.40812 56.6847 111.51 130.448 36.7395 153.022 113.753 392.752 626.717 629.808 1028.78 1184.45 188.444 247.268 480.743 1332.81 1681.71 2005.81 1350.58 2199.25 1249.09 888.973 1489.53 1745.83 4877.69 2885.02 5058.02 5431.56 4860.87 2036.39 
2.01307 5.58796 48.8509 38.5674 7.06192 15.3956 17.5551 10.8111 31.5821 64.1699 94.1372 29.6002 4.06415 24.8156 71.8529 44.7251 205.907 644.524 421.598 3044.88 1382.81 1026.04 2831.16 2575.17 520.124 854.403 1643.1 2554.39 2893.96 1564.75 1862.24 2627.25 791.351 1699.37 3770.42 4126.63 8606.3 4587.21 3033.2 2880.03 
1.05794 2.10468 28.5281 69.6968 55.8453 86.6912 17.52 28.2204 19.3322 19.0978 72.2549 39.7675 44.4806 189.398 57.2697 45.9414 217.678 347.183 200.838 606.444 569.414 584.733 7744.23 7354.59 2049.31 411.707 784.542 1327.53 528.627 439.598 807.851 2247.67 2011.69 2768.1 7547.12 4581.84 1963.78 2535.24 3454.68 3387.5 
1.60157 1.15929 8.73888 10.1195 30.3934 43.6913 14.9513 28.8009 67.7907 20.4557 56.9801 41.6625 13.5871 35.4247 26.8116 53.0534 134.412 159.136 167.775 578.695 691.963 179.076 1980.67 4167 1492.45 256.919 489.631 1108.55 847.845 950.712 349.192 1392.53 1614.08 1685.9 2096.75 3275.09 2163.77 1403.12 3078.61 2609.41 
2.95094 4.37096 11.5741 18.5651 23.8668 191.085 141.316 264.346 833.98 141.628 35.0686 64.7001 145.517 49.3565 123.249 82.2026 109.509 119.248 113.352 619.281 1422.8 418.558 1803.42 5063.53 1826.24 359.758 657.154 898.564 3212.61 2576.12 1915.47 1611.09 1875.12 1920.4 3364.68 3032.67 2598.53 2232.59 2939.85 3344.89 
2.1363 3.08837 2.15045 3.44676 57.671 257.946 192.885 572.185 492.406 207.582 19.0861 11.8501 65.0354 144.269 647.675 206.1 117.164 211.475 637.614 665.845 752.54 486.32 1290.45 2053.23 1701.86 1171.48 567.021 1131.96 1290.94 1282.28 1847.16 1347.54 1735.57 1958.3 3643.11 2447.33 2426.65 2768.56 2322.31 3270.52 
1.29769 1.15141 0.704333 0.473031 3.19717 16.3636 13.7362 30.2664 32.4172 57.6947 5.17484 5.31131 51.2182 120.322 133.534 35.6658 95.8706 99.5536 112.895 114.158 180.275 501.854 986.282 910.853 594.641 611.163 859.967 1610.2 1267.84 1680.8 1380.7 920.027 1344.76 1468.6 1395.26 2392.59 2947.82 2161.92 1588.89 3599.14 
1.63895 13.4813 180.919 398.103 209.831 25.6646 27.5724 22.998 31.8 109.092 36.8098 22.9851 66.0036 64.8319 144.328 60.6545 114.969 54.3639 184.784 451.549 502.511 472.887 3155.73 2968.65 944.476 478.85 2474.49 2408.36 1652.11 2880.46 3992.7 3759.3 1154.96 1664.83 1802.01 3343.17 3492.19 2391.36 6886.06 9188.01 
4.06667 4.9099 832.423 2906.98 1071.16 60.8482 63.9892 19.2707 13.384 13.4859 23.9091 13.1671 25.3528 99.4714 66.3612 36.4978 61.4912 54.0028 419.624 574.418 573.212 349.558 2511.48 2711.66 4511.24 1126.81 1407.51 2779.18 1751.22 2178.39 2232.03 2302.12 3470.07 3885.09 3098.77 4023.57 5580.2 4538.25 2478.49 1832.12 
4.41622 4.71187 707.398 1731.73 411.099 6.91308 19.0777 18.6019 58.3572 44.1051 14.8935 20.7366 64.9164 54.8008 100.79 111.859 144.134 116.276 499.893 459.314 366.583 78.3367 2410.53 4112.06 5979.22 1334.21 2385.4 2007.88 1940.72 1592.35 4142.05 4521.92 2527.06 4153.53 2089.98 2658.42 5431.47 2307.12 2629.84 1478.24 
44.8718 46.2236 255.073 476.671 59.1252 2.70318 6.3347 16.9213 4.72726 5.24396 116.868 443.946 142.94 73.4951 92.9161 20.5441 73.4872 359.92 410.276 305.122 463.121 270.362 852.185 2683.12 2226.39 891.585 1233.78 4222.21 1846.96 2663.5 20426.3 10431.9 3842.68 8855.69 1689.29 2514.3 2270.31 2702.87 4011.1 5037.65 
225.718 189.367 255.299 406.277 72.4991 2.40281 26.1037 32.5419 19.3323 36.6932 388.147 1701.66 263.639 31.5411 78.0927 51.7598 267.343 231.841 167.449 767.205 537.421 221.037 198.683 785.427 2834.71 1736.23 6554.26 3713.16 1986.64 1354.26 5219.8 2586.5 4492.99 4728.49 5580.21 3597.56 2087.21 2131.5 3063.16 2392.87 
4078.78 2017.95 814.043 255.913 26.1548 58.1681 61.6666 36.8064 20.2573 32.4693 140.992 506.72 158.814 92.7972 61.8799 84.0053 237.188 146.719 249.028 254.846 219.079 260.087 293.012 1627.65 6927.5 1751.15 6641.47 9242.36 2233.85 2944.24 4649.37 3193.32 2689.33 2151.47 5025.56 2023.1 4742.54 4770.95 2409.91 3102.98 
2.46325e+006 885998 92492.8 20660.6 6768.79 903.728 333.105 27.264 78.1307 113.547 124.013 42.5003 70.389 79.8971 12.4247 20.9653 29.7864 71.4762 74.8112 351.432 1020.79 267.439 1002.63 777.443 2036.97 1009.02 1264.48 3892.29 2413.42 2280.14 1698.23 2921.37 809.332 1014.42 2534.94 2276.02 2935.39 2908.72 1800.87 3004.77 
2.00575e+007 1.11958e+007 7.68345e+006 7.55226e+006 1.7872e+006 57069 2139.39 268.802 165.388 609.384 549.24 55.1431 30.5215 4.55307 7.40075 14.5782 81.0389 54.3029 103.238 1673.67 4129.01 192.104 742.707 627.769 685.016 503.37 592.984 1637.41 1442.47 1952.31 1005.17 1277.57 1647.83 2162.78 2233.33 1282.5 1845.97 4535.01 2285.96 3442.37 
4.2013e+007 3.23735e+007 5.73208e+007 1.71288e+008 4.92883e+007 1.37774e+006 38712.2 730.621 2685.86 6335.47 1070.04 41.1909 36.7771 17.9082 45.745 24.8793 33.2974 13.2042 40.9514 327.133 895.799 297.819 759.026 1159.95 2689.55 505.326 228.793 781.246 1758.56 2085.54 1659.6 1904.32 1326.15 2066.79 1584.25 3072.45 2487.59 2810.65 1593.55 1748.09 
2.53284e+007 4.48555e+007 4.62073e+008 7.92848e+008 1.77244e+008 3.1022e+006 138052 21628.3 25269.3 41250.3 2112.31 142.633 42.5165 19.9956 30.3137 74.1062 31.2196 21.8376 48.7143 167.261 736.065 261.656 344.341 5442.97 15420.9 498.686 358.184 1178.45 1043.36 4903.06 4946.43 2688.24 2637.37 2855.49 4025.65 2848.4 2189.84 2844.19 5601.01 2273.39 
2.72502e+008 6.92143e+007 1.46288e+008 4.3002e+008 1.70513e+008 2.89841e+007 3.98412e+006 2.19426e+006 1.47992e+006 543314 49449.4 2867.89 1768.89 84.6074 31.8809 42.7254 55.8899 54.7783 101.579 152.64 116.092 823.413 1262.91 3100 2860.09 423.609 1270.18 17111.3 9015.13 2212.66 3639.06 2238.11 2055.19 1562.17 2063.37 1860.08 3187.63 3232.01 2443.76 2580.87 
5.72255e+008 2.7908e+008 2.27955e+009 2.96498e+009 8.85508e+008 9.69346e+008 1.47326e+008 4.28286e+007 4.06146e+007 5.9208e+007 4.25117e+007 9.18285e+006 286785 3707.65 749.643 210.106 234.582 120.856 113.548 207.555 267.794 831.002 3167.78 6205.96 2026.69 496.832 6218.75 420342 249608 15521.1 17146.3 6757.09 5900.59 2125.96 2719.99 2008.6 2484.1 5086.78 3592.52 5166.19 
3.99789e+008 4.29193e+008 9.43117e+009 5.80862e+009 3.05438e+009 4.84828e+009 1.53715e+009 3.78719e+008 3.98511e+008 5.43658e+008 1.70775e+009 5.51964e+008 5.04003e+006 381804 6991.7 2062.21 616.368 284.196 230.194 1622.84 407.011 414.279 3022.06 10805.9 6118.49 5596.35 131973 4.42176e+006 5.61367e+006 746362 85760.7 43482.1 15688.1 19928.8 5616.69 2486 3516.98 2403.61 1822.68 20598.8 
1.52358e+009 4.83539e+008 1.90701e+010 2.89555e+010 4.71222e+009 1.39537e+010 1.80685e+010 5.01782e+009 5.67012e+009 1.16599e+010 5.47548e+010 1.05206e+010 2.39107e+008 7.29151e+006 538986 547760 391868 1.01661e+006 1.17386e+006 1.35672e+006 1.21989e+006 917800 782126 1.47714e+006 415821 1.00274e+006 2.54534e+007 1.54753e+008 4.40087e+008 7.40133e+007 4.6298e+006 6.53089e+006 1.23814e+006 1.35625e+006 313962 87676.2 65452.1 57973.3 37425.3 513980 
2.08307e+009 3.71985e+008 1.63574e+010 3.36127e+010 6.69506e+009 1.65947e+010 5.04348e+010 1.03014e+010 1.38862e+010 1.05303e+010 1.7021e+011 7.72105e+010 3.7656e+009 6.52847e+008 2.42854e+007 2.97607e+007 5.62091e+007 9.87004e+007 1.34212e+008 1.43053e+008 1.16468e+008 7.63612e+007 6.05247e+007 5.17101e+007 9.38893e+006 2.90294e+007 5.22781e+008 1.51547e+009 5.3442e+009 2.42804e+009 2.04364e+008 4.95131e+008 1.40127e+008 1.23812e+008 1.90845e+007 3.13868e+006 1.65528e+006 304268 379597 1.38731e+006 
4.20403e+008 1.7837e+008 1.11097e+010 1.3569e+010 2.42744e+009 1.36537e+010 2.47177e+010 7.91793e+010 8.97203e+010 1.23495e+010 8.33661e+010 5.73346e+010 2.46708e+010 2.14849e+009 8.7692e+008 3.06895e+008 2.86183e+008 1.8581e+008 2.04347e+008 1.49688e+008 1.12308e+008 2.07167e+008 1.70609e+008 2.47505e+008 1.17308e+008 7.40381e+008 2.22512e+009 4.28345e+009 3.1735e+010 2.52798e+010 1.33544e+009 4.26976e+009 1.85526e+009 1.05364e+009 2.57083e+008 8.12243e+006 5.4728e+006 3.19659e+006 2.74243e+006 2.24805e+006 
5.36687e+008 3.4125e+008 9.93136e+009 1.04158e+010 1.17145e+009 2.33505e+009 1.52648e+009 1.1126e+011 2.45986e+011 1.73754e+010 1.51346e+010 3.05923e+010 4.86847e+010 1.28597e+010 9.29531e+009 8.8866e+007 4.01086e+008 1.91698e+008 1.43909e+008 1.87768e+008 1.76359e+008 4.5799e+008 1.07748e+009 7.4993e+008 8.86825e+008 4.5392e+009 5.09568e+009 4.15202e+009 3.7761e+010 6.5595e+010 3.5399e+009 7.35663e+009 3.47431e+009 2.67722e+009 5.99628e+008 9.5682e+006 4.19125e+006 2.05201e+006 4.38439e+006 1.01471e+007 
4.18695e+008 7.42727e+007 6.00877e+009 8.0849e+009 8.99099e+008 9.23841e+008 1.94651e+009 9.13827e+010 2.57764e+011 2.39153e+010 3.0854e+010 1.47975e+010 1.80878e+010 5.54969e+010 7.08205e+010 1.18755e+009 1.37004e+009 7.45243e+008 3.87378e+008 3.20653e+008 3.59808e+008 7.54976e+008 2.16644e+009 1.37726e+009 1.53641e+009 8.24259e+009 1.35005e+010 3.2937e+009 2.85454e+010 1.04489e+011 4.69944e+009 1.06014e+010 4.21022e+009 4.06623e+009 5.27097e+008 5.29356e+007 4.58057e+007 2.46644e+007 3.34072e+007 3.7431e+007 
3.50927e+008 1.14987e+008 5.58782e+009 7.44608e+009 8.47792e+008 4.2151e+008 6.04924e+008 5.94615e+010 1.53023e+011 2.97691e+010 8.01025e+010 9.68275e+009 4.80911e+009 3.30366e+010 4.1429e+010 7.5617e+009 1.67929e+009 5.18252e+008 3.39378e+008 1.62383e+008 2.75709e+008 6.30581e+008 1.57239e+009 1.71676e+009 2.55343e+009 1.03362e+010 1.56564e+010 3.46416e+009 3.44464e+010 1.54462e+011 1.28251e+010 1.75286e+010 5.21216e+009 3.29554e+009 5.1843e+008 6.28915e+006 1.11424e+007 4.36303e+007 2.45354e+007 3.67654e+007 
4.01264e+008 7.86868e+007 5.46801e+009 7.46894e+009 8.06779e+008 5.45181e+008 7.21623e+008 3.18558e+010 7.11342e+010 3.60049e+010 1.22427e+011 1.35286e+010 2.09562e+009 6.42515e+009 4.7968e+009 1.77053e+010 6.51552e+009 3.05788e+009 1.62856e+009 2.69844e+008 7.26888e+008 4.5234e+008 1.17253e+009 2.04851e+009 1.0875e+010 1.17613e+010 1.45679e+010 4.48056e+009 3.14145e+010 1.94849e+011 3.38023e+010 2.87888e+010 7.63279e+009 3.25892e+009 9.944e+008 9.37403e+006 3.1091e+006 1.23887e+008 1.01672e+008 5.0222e+007 
4.30598e+008 1.51328e+008 6.00652e+009 7.26209e+009 7.93165e+008 5.36076e+008 4.31229e+008 2.20401e+010 3.1609e+010 4.76745e+010 1.0629e+011 8.19534e+009 2.49636e+009 3.77029e+009 4.32462e+009 2.74525e+010 2.62658e+010 1.48561e+010 6.06269e+009 9.9752e+008 7.09753e+008 6.69037e+008 1.86418e+009 3.62443e+009 1.73498e+010 4.27405e+010 8.49035e+009 5.0827e+009 3.13351e+010 1.536e+011 5.55891e+010 3.36185e+010 6.34719e+009 3.85642e+009 1.63553e+009 2.88119e+007 4.16555e+006 5.36138e+008 4.91907e+008 1.30591e+008 
3.34017e+008 2.00046e+008 6.43163e+009 5.99657e+009 5.59439e+008 7.38528e+008 6.74809e+008 1.7818e+010 1.49743e+010 4.59705e+010 3.23246e+010 1.33727e+010 5.67761e+009 4.85513e+009 2.75773e+010 3.38297e+010 4.35164e+010 1.10791e+010 3.26735e+009 9.80946e+008 9.51895e+008 1.91377e+009 2.22267e+009 6.72857e+009 1.71e+010 3.49996e+010 7.86456e+009 6.30912e+009 2.32876e+010 2.10321e+011 1.02315e+011 3.59145e+010 9.05872e+009 2.85439e+009 1.06215e+009 5.9721e+007 2.25494e+006 2.05137e+008 5.4389e+008 3.17756e+008 
2.76295e+008 3.21758e+008 6.30353e+009 4.49179e+009 4.50662e+008 7.78419e+008 1.10888e+009 1.52747e+010 1.18732e+010 6.00019e+010 4.70275e+010 6.43948e+010 2.22104e+010 1.11183e+010 1.66896e+010 2.40666e+010 4.47745e+010 1.18023e+010 4.37169e+009 2.999e+009 1.75901e+009 1.50249e+009 1.55833e+009 3.47588e+009 1.26502e+010 6.62937e+010 1.20644e+010 1.90287e+009 1.03657e+010 7.44791e+010 5.26529e+010 2.3906e+010 4.37119e+009 1.58177e+009 1.29931e+009 6.81106e+007 6.06066e+006 9.33282e+007 1.69981e+008 6.37897e+007 
1.90583e+008 4.24835e+008 5.47039e+009 3.03266e+009 4.55978e+008 8.69364e+008 1.12892e+009 6.37049e+009 6.39524e+009 4.84582e+010 2.20346e+010 7.97121e+010 2.66214e+010 2.80861e+010 2.17021e+010 1.56178e+010 1.46722e+010 3.0969e+010 5.81024e+009 1.37274e+009 1.06478e+009 1.00123e+009 1.92286e+009 5.31948e+009 1.56767e+010 7.8122e+010 5.7783e+009 7.35144e+008 5.57304e+009 2.01281e+010 2.04659e+010 1.00306e+010 1.68452e+009 5.13078e+008 7.14604e+008 8.98422e+007 1.58232e+007 2.54219e+007 9.08485e+007 5.64195e+007 
1.09856e+008 4.46822e+008 3.59553e+009 1.38955e+009 4.1917e+008 6.10486e+008 9.91844e+008 4.00036e+009 8.06474e+009 5.24623e+010 4.20511e+010 8.11764e+010 1.21691e+010 4.25899e+009 5.5119e+009 1.45741e+010 1.97915e+010 2.86412e+010 9.79798e+008 6.89906e+008 6.23841e+008 1.02986e+009 8.7172e+008 3.52543e+009 7.79822e+009 3.13954e+010 2.69721e+009 3.76085e+008 1.93998e+009 1.43559e+010 2.03395e+010 1.17246e+010 1.26774e+009 7.98016e+008 4.21999e+008 8.64873e+007 1.22579e+007 2.15926e+007 1.02063e+008 3.00534e+007 
4.16399e+007 4.57059e+008 2.31779e+009 6.06292e+008 3.05119e+008 3.2118e+008 1.16488e+009 1.99073e+009 5.48059e+009 8.65477e+009 3.93117e+010 3.07656e+010 3.42081e+009 2.83043e+009 5.22139e+009 7.90257e+009 1.07236e+010 1.05505e+010 2.84458e+009 1.17737e+009 7.46384e+008 4.73447e+008 1.11921e+009 1.83374e+009 4.8418e+009 1.80831e+010 3.78692e+009 3.32669e+008 2.30128e+009 1.52141e+010 2.37706e+010 1.71443e+010 2.66287e+009 5.78075e+008 2.01992e+008 1.52636e+008 1.98884e+007 4.64808e+007 1.57196e+008 5.42516e+007 
2.78373e+007 4.25481e+008 1.29188e+009 2.69225e+008 2.66436e+008 1.62824e+008 1.39184e+009 1.85769e+009 7.20566e+009 4.662e+009 5.87232e+009 2.12587e+009 2.36719e+009 7.59981e+008 1.38357e+009 2.57533e+009 2.58525e+009 3.51863e+009 1.31897e+009 1.35777e+009 5.58951e+008 1.62956e+008 7.33613e+008 9.2397e+008 1.70956e+009 5.83226e+009 5.37125e+008 7.63676e+007 8.63532e+008 3.72939e+009 1.30524e+010 1.80703e+010 4.6697e+009 7.00462e+008 2.43481e+008 1.7342e+008 2.1524e+007 1.17949e+007 6.41242e+007 2.12288e+007 
3.58237e+007 2.61111e+008 3.698e+008 1.64579e+008 2.99119e+008 1.77747e+008 3.73385e+008 3.43631e+009 1.20757e+010 1.01666e+010 1.24108e+010 8.7102e+009 2.51992e+009 8.47307e+008 7.40091e+008 2.23526e+009 2.06243e+009 3.46213e+008 1.23616e+009 1.25874e+009 2.11757e+008 1.83248e+008 2.75958e+008 4.38356e+008 1.11103e+009 1.89237e+009 1.71196e+009 2.2265e+008 6.29902e+008 2.19473e+009 2.79961e+009 6.19066e+009 3.25024e+009 3.69299e+008 8.50098e+007 5.38888e+007 5.97792e+006 2.75641e+007 8.89614e+007 1.30701e+007 
3.49269e+007 9.86643e+007 5.3053e+007 1.89104e+008 1.59579e+008 1.80452e+008 4.79787e+008 6.19257e+009 9.23638e+009 5.99184e+009 6.38526e+009 7.44998e+009 6.07323e+008 5.59671e+008 9.93907e+008 6.11187e+008 6.30939e+008 2.02016e+009 1.57827e+009 3.67266e+008 2.67664e+008 2.13538e+008 2.35886e+008 5.63294e+008 7.8862e+008 1.71848e+009 1.06809e+009 9.00872e+007 2.40196e+008 1.11169e+009 1.14055e+009 4.76239e+009 2.18254e+009 3.51828e+008 1.68607e+008 1.22207e+008 3.96203e+006 2.51249e+007 1.28355e+008 1.26065e+007 
2.54689e+007 5.54348e+007 9.00088e+007 3.15134e+008 1.38549e+008 7.60114e+007 6.03635e+008 4.17443e+009 2.40657e+009 2.5165e+009 4.80015e+008 7.78449e+008 6.3303e+008 2.38052e+008 4.16539e+008 4.54097e+008 1.26998e+009 1.6957e+009 1.58052e+009 8.59637e+008 3.05888e+008 1.79872e+008 2.62295e+008 1.69455e+008 2.61614e+008 1.39691e+009 5.96383e+008 5.98718e+007 1.38909e+008 2.18289e+008 2.49277e+008 1.10524e+009 6.2132e+008 1.31008e+008 1.4964e+008 1.58682e+008 5.97416e+006 4.35031e+006 2.41536e+007 4.45554e+006 
3.23731e+007 1.03133e+008 3.96112e+008 9.26144e+008 2.79574e+008 1.11733e+008 4.92627e+008 4.97706e+008 1.02066e+009 1.03135e+009 8.16418e+008 8.26379e+008 1.82592e+008 1.16883e+008 1.98627e+008 1.97282e+008 6.19651e+008 1.5428e+009 6.1729e+008 7.22011e+008 1.26114e+008 1.29571e+008 1.23382e+008 8.03913e+007 8.11718e+007 2.60368e+008 2.99432e+008 4.80779e+007 1.01989e+008 7.10901e+008 9.83935e+008 1.89207e+009 7.60617e+008 1.60886e+008 6.00204e+007 1.09274e+008 1.54206e+007 1.8098e+006 9.82673e+006 1.61964e+006 
3.41075e+007 4.0667e+007 3.76191e+008 9.24597e+008 2.15301e+008 3.27138e+007 1.20415e+008 2.29054e+008 3.29237e+008 2.6948e+008 3.93212e+008 6.24346e+008 1.43626e+008 7.41003e+007 3.88532e+007 4.60942e+007 1.3207e+008 5.59509e+008 4.27649e+008 1.01275e+008 3.46261e+007 4.17578e+007 1.25177e+007 5.41518e+007 6.69528e+007 3.00578e+008 4.38373e+008 1.24822e+007 2.50192e+007 3.01556e+008 3.20987e+008 4.99161e+008 1.29752e+008 7.05833e+007 4.96273e+007 3.30076e+008 4.29596e+007 742795 3.78577e+006 1.50047e+006 
1.92408e+007 1.77853e+007 4.09766e+008 6.03209e+008 1.03383e+008 4.3612e+006 8.20575e+006 3.30623e+007 2.06339e+008 5.62452e+008 3.17048e+008 8.50785e+007 5.38074e+007 2.71632e+007 3.11282e+007 3.81792e+007 2.05815e+007 2.9679e+007 1.48857e+007 2.54763e+007 8.94887e+006 9.47647e+006 3.19572e+006 1.70211e+006 1.66806e+007 6.71891e+007 7.95682e+007 3.40328e+006 6.86298e+006 4.18723e+007 8.92944e+007 1.10741e+008 2.27699e+007 1.63292e+007 1.32906e+007 2.12298e+007 4.61632e+006 125884 527398 517305 
1.2317e+007 2.6596e+007 6.04008e+007 2.99156e+007 9.47897e+006 474698 9.85307e+006 2.26925e+007 4.72119e+007 3.20652e+008 1.309e+008 5.04804e+007 2.41463e+007 2.31089e+007 6.83315e+006 2.99356e+007 2.39121e+007 6.96375e+007 7.17827e+006 1.61438e+006 563297 201178 282841 87560.8 621652 7.08557e+006 1.96425e+006 168731 805724 7.47371e+006 1.08539e+007 1.62422e+007 6.57304e+006 5.69212e+006 1.71451e+007 7.38435e+006 1.84493e+006 52341.5 164826 274792 
5.70252e+006 1.25871e+006 7.2508e+006 5.44724e+006 2.63608e+006 1.17466e+006 1.30659e+007 4.70974e+007 5.74552e+007 7.10577e+007 7.12639e+007 2.11541e+007 1.04804e+007 2.4815e+006 1.11146e+006 1.639e+007 1.62541e+007 2.01314e+007 2.92017e+006 983428 186905 371080 133470 146416 409118 3.76714e+006 1.12995e+006 166884 306054 4.72096e+006 6.43367e+006 8.55891e+006 7.84709e+006 3.86278e+006 1.64605e+007 2.22181e+006 618937 43799.4 83516.9 162068 
3.4253e+006 2.42238e+006 1.32433e+007 1.05565e+007 2.65879e+006 273169 4.76748e+006 4.47809e+007 5.28489e+007 5.08302e+006 6.15857e+006 7.46615e+006 6.86532e+006 3.5713e+006 1.08438e+006 2.99543e+006 4.34451e+006 6.34544e+006 1.10982e+006 226252 70138.2 43888.1 86587.5 98580.7 123782 337996 135754 88056.1 98874.6 491165 1.39204e+006 3.65477e+006 5.45626e+006 4.98219e+006 1.72706e+007 1.50697e+006 332835 68030 65644.6 125724 
7.28633e+006 1.16454e+006 2.4056e+006 1.24487e+006 344398 200720 1.67249e+006 1.05205e+007 2.78272e+007 6.48004e+006 7.18512e+006 2.39585e+006 512593 1.00653e+006 952853 2.59404e+006 3.12862e+006 8.01862e+006 1.44325e+006 197305 48089.4 51371.5 15978.2 20870.1 23830.6 53536.5 52413.8 22863.5 36167.7 211691 543977 1.70623e+006 2.44914e+006 2.77377e+006 1.33364e+007 1.85867e+006 167148 61349.5 52583.5 64620.3 
550193 502441 2.04571e+006 733388 46593.3 17328.2 1.38159e+006 4.70508e+006 1.77315e+006 1.45788e+006 5.97605e+006 3.27941e+006 1.0242e+006 351962 293479 701447 559076 1.54267e+006 297083 15187 8974.57 5192.7 5327.83 5456.77 25743.2 29549.4 26966 18538.9 13447.8 179348 262179 448212 1.03476e+006 1.67573e+006 3.27813e+007 3.6817e+006 776179 96298.2 36174.9 58045.9 
366869 113579 190152 51031.5 72141 31792.6 209287 141645 407125 413092 717297 363096 295420 161313 56096.3 28874.4 74522.2 182663 55851 14746.1 7089.78 4645.44 5674.3 6704.82 13901 19392.6 14270.1 17733 12674.5 79760 99161.7 118965 319401 1.84211e+006 3.27309e+007 3.53586e+006 1.04362e+006 140150 36892.2 73047.9 
277018 154384 69793.1 34257 28911.1 14868.5 32170.8 73458.1 183840 115097 136929 75777.6 349412 78206.5 15054.4 70799.8 81707.3 153293 30016.7 12856 2468.75 4033.88 1963.87 4906.67 1151.86 4506.85 4105.52 9996.22 4330.41 20768.1 51270 85897.1 193186 900359 7.67352e+006 2.3122e+006 560870 126764 19809 19282.2 
50112.9 25366.7 12818.8 14318.5 9991.74 1806.22 10155.5 19597.8 16667.9 71019 142679 141483 399836 62449.7 21427.1 66571.8 40189.2 46609.3 18037.6 7981.3 1340.94 449.668 1004.13 1656.51 4234.63 4031.98 2183.42 5141.37 4494.16 7224.18 7144 18440.4 65318.4 103332 917540 470573 79180.4 45742 11020.2 4483.62 
18981.9 28137.5 14004.5 4182.87 949.822 1234.46 6952.28 24272.3 32996 12054.6 25879 33029.7 150217 50807.8 5365.46 13216.9 4998.96 10829.3 3640.16 1061.38 394.726 712.774 658.558 360.843 1095.28 2286.42 2940.99 3900.77 2519.3 2490.07 3174.66 8589.22 15848.4 13093.2 87020.7 91380.5 29794.2 13497.1 6508.45 5519.61 
20269.8 2090.41 1223.09 3285.28 2139.95 352.029 1556.86 6603.13 4359.75 8496.83 6241.07 5837.05 20411.5 5247.02 1953.44 3694.63 3137.34 8421.86 4063.46 1304.66 327.137 442.102 115.69 225.77 480.162 2590.64 4904.06 2496.62 890.613 1415.11 3283.73 3055.93 3741.36 6595.68 25556.9 12319.6 3207.59 6521.93 3103.48 2322 
19798.1 9258.48 4225.61 884.014 419.142 324.418 460.33 1974.9 5833.59 5529.61 5495.6 4413.62 22075 6114.08 852.927 1435.59 3169.16 4485.87 4745.56 1283.89 583.337 970.358 339.491 358.39 851.076 1188.06 1028.54 2345.2 1362.74 1426.49 1289.23 1448.17 1383.37 3041.06 25707.1 14122.1 4120.84 2851.94 1565.98 3167.31 
1396.81 385.627 1416.45 1502 490.418 109.454 425.018 313.773 59.8295 899.271 5748.62 4835 6566.54 3088.5 3593.75 7158.66 1123.13 3424.18 2834.71 993.261 735.361 431.153 520.403 489.387 1621.01 1809.51 436.091 727.519 1333.91 1063.1 2013.56 2476.33 2940.14 2768.58 11681.8 11544 6055.8 5861.13 3073.15 2635.4 
995.434 432.771 1862.83 1367.26 273.007 42.7409 425.698 774.173 3661.44 2629.83 1511.26 1024.17 1681.14 615.08 1067.79 2136.23 1090.6 2636.13 2176.11 2168.06 1328.3 448.284 269.876 2201.11 724.772 1025.6 449.262 2010.99 2706.57 1318.62 1851.33 2659.06 2893.67 2248.6 5552.68 6181.32 5714.36 2899.87 2419.62 1206.18 
567.377 170.307 1612.11 1725.61 262.707 287.653 657.409 892.429 2165.72 2116.46 880.71 737.312 1637.17 417.79 872.262 1196.2 2542.78 1267.67 787.535 629.922 1168.44 836.809 290.628 1284.24 997.215 660.309 526.582 1569.06 1305.07 1417.94 1899.24 1792.34 444.664 1300.4 6238.53 2395.3 3546.86 6952.82 3229.97 1140.31 
1620.95 1273.73 146.866 292.524 252.94 147.495 146.874 390.651 2563.72 1752.39 1264.25 787.515 840.619 788.766 1114.35 2599.41 1749.4 481.344 2128.72 3358.9 1198.77 224.312 647.037 2161.11 1003.79 416.014 673.131 2690.31 630.897 446.491 372.732 1533.9 2692.39 1749.84 5983.08 6642.35 2446.23 2783.02 4076.51 1168.26 
1379.29 455.102 740.05 787.259 172.834 89.3562 478.371 326.089 598.319 1874.6 1028.58 1813.97 1028.73 711.403 1875.23 5574.3 3881.26 2651.63 2629.64 2867.38 1267.75 692.241 1372.42 1490.07 1407.95 2173.93 604.134 1026.73 1414.17 575.324 431.316 1149.31 1265.4 2137.86 4907.85 5457.8 3435.18 2111.88 3330.27 1118.07 
280.668 251.201 955.068 519.187 38.9899 9.80541 44.512 130.394 349.114 244.804 1098.04 6155.63 2304.99 1534.28 2001.49 1775.63 3344.66 5140.73 2568.83 3384.25 684.488 282.658 570.376 652.123 1813.97 1191 889.229 2085.25 2700.05 1760.59 842.623 1575.87 3425.49 2867.4 7910.92 4127.3 3543.11 2163.23 2449.78 3530.12 
217.478 84.1209 142.05 34.6355 41.8443 173.702 99.8314 162.511 514.336 213.548 369.699 1363.06 283.033 329.75 1225.63 2984.13 2770.39 2374.71 1658.43 1491.81 1266.57 232.078 298.603 538.516 1428.05 2364.65 2064.63 2531.78 3539.28 3208.61 1416.03 2407.74 4651.13 3300.03 3583.31 3259.51 5975.59 3664.54 1506.09 2140.32 
6001.48 2241.95 287.538 653.742 1257.36 537.921 90.8386 91.996 672.211 988.086 226.875 557.109 247.87 1300.77 3123.74 1216.25 995.028 838.784 470.626 808.096 853.871 196.628 710.514 1428.26 2651.06 1535.19 1674.18 2865.45 2818.04 2545.76 6193.85 3462.37 3572.65 2739.33 2995.31 3308.81 3564.44 2006.76 2765.45 3992.41 
2998.4 3358.53 628.142 1477.98 772.432 184.644 78.5467 19.0899 764.377 919.669 908.664 1362.95 231.398 1228.89 3856.85 368.332 2578.06 2037.52 185.606 241.962 164.129 245.885 791.237 1348.59 1894.52 1276.3 1799.58 3821.49 2975.26 1321.09 5504.97 2032.03 1346.41 3115.08 1139.25 845.147 1840.75 1981.18 4443.92 3076.97 
5987.39 6062.75 2325.73 1184.54 442.114 723.477 219.065 18.4995 619.548 1408.03 4194.99 8574.32 771.327 317.188 1233.06 364.52 841.654 1157.95 338.622 525.51 798.738 186.405 405.426 304.891 760.661 1717.74 1754.22 3875.54 2013.91 2014.53 4437.28 2331.74 1567.14 1341.83 1152.47 3344.53 2689.73 3161.94 2388.93 1807.03 
1822.43 4174.48 1225.46 991.641 945.521 777.061 366.824 7.54789 454.801 1839.17 5269.47 4472.54 1443.64 1191.02 592.852 237.081 1069.73 2590.42 2407.86 1564.26 149.003 242.13 503.969 385.093 579.917 2366.38 640.224 6906.07 4612.49 2852.14 12370.5 4797.72 742.697 1630.03 1578.74 5125.64 2779.62 2458.35 1309.68 5156.57 
845.537 4531.08 5186.05 1769.17 2040.44 757.287 176.296 54.1975 168.974 1846.8 5288.55 3683.31 856.815 794.933 1069.24 462.777 1316.71 5255.36 5472.17 2109.01 147.766 115.031 2394.3 1682.88 498.717 3369.41 1733.67 4591.77 3973.94 2098.52 5892.21 4082.71 2927.46 3121.36 3553.61 2327.51 2900.21 3335.25 3122.96 3701.42 
1417.33 1706.28 4378.89 3272.37 2407.97 674.762 73.0848 9.00757 322.574 3505.33 1834.92 1321.45 1660.7 3880.6 1412.1 1499.3 715.963 1132.75 3650.38 1457.21 345.404 467.052 1514.11 2124.49 270.948 1958.65 3018.71 1783.16 1770.39 2407.66 1617.92 1590.5 1940.07 1406.87 2889.67 2455.16 1336.78 8174.81 4324.07 2975.15 
1331.75 2532.49 1210.18 450.477 832.024 276.549 98.1125 83.1133 294.683 1478.5 1484.19 2109.35 4619.77 4230.18 929.056 1144.03 1127.48 2109.3 4400.08 1855.12 152.969 1047.57 1376.07 1981.48 696.261 1075.57 1377.99 962.603 2020.68 1635.31 1408.19 1695 1928.88 2628.54 2982.86 7761.31 2710.08 2299.12 3892.43 3650.83 
349.386 320.623 455.638 612.639 447.828 260.755 278.356 229.147 1135.59 1642.06 428.534 1203.23 4669.08 7948.64 5304.98 1819.38 500.58 881.614 4291.41 4230.83 296.803 2454.59 1645.41 492.117 867.396 1572.96 1049.86 1330.31 1364.53 2970.31 3141.69 1111.95 1646.39 1597.04 903.431 3776.28 4363.94 3973.11 4774.93 5432.11 
58.449 106.724 475.482 452.156 154.477 43.0014 347.939 494.63 4594.25 2818.17 402.556 794.657 5685.49 10985.1 1936.61 547.292 129.819 1637.05 1871.83 1397.58 255.515 3074.47 1485.53 834.007 670.196 1340.07 1077.66 743.827 1045.61 1644.38 1069.67 1233.76 2291.16 4400.97 1411.95 5906.57 1411.93 4197.32 7270.17 7811.05 
213.294 169.957 48.5351 201.48 340.077 173.401 960.098 898.59 6300.25 6512.02 516.611 424.758 5590.57 9439.36 1018.62 343.635 474.178 1877.06 1366.22 4256.25 1673.43 2442.46 1376.37 3221.36 1133.05 1498.31 1231.73 1295.3 1299.2 3518.37 1713.49 1793.8 4351.98 4863.63 2402.75 1926.28 1706.89 3900.6 6505.39 4363.62 
158.709 97.9213 242.403 945.963 1401.15 1218.73 2072.3 733.736 658.668 1302.58 224.686 239.003 5161.37 8312.61 965.01 286.833 763.819 1392.95 809.584 1725.63 620.055 3472.5 1507.93 2325.07 481.741 1099.31 2277.22 1522.62 3506.9 1775.6 1375.14 995.685 2028.74 3968.73 1808.42 2437.82 1554.68 3059.75 6013.36 3455.26 
2383.63 521.837 370.662 1288.49 1552.59 449.56 254.94 249.885 702.313 381.769 119.25 1635.29 8461.21 15857 5106.08 558.926 236.278 530.68 1717.66 1080.84 271.754 432.11 616.072 378.603 232.609 295.098 729.611 648.752 3281.27 2724.16 2546.96 1396.82 1415.31 1753.93 3791.75 3773.25 1775.1 3046.16 4229.43 3057.39 
61.9544 49.4162 49.2796 46.8954 41.5644 29.6354 15.8291 7.89197 4.30439 1.33829 5.42378 42.8152 124.091 187.256 91.3883 16.6316 4.56517 16.5652 33.4359 25.1283 19.7015 21.9694 13.1062 5.61581 8.43376 4.28088 9.53716 16.7267 24.9402 107.782 89.0597 50.0066 43.2544 22.3095 92.064 93.0521 9.45426 19.963 22.1078 11.4507 
