-0.93497 -0.652193 0.504925 -0.16938 0.566442 0.913942 1.82304 0.791487 1.52242 -0.503386 -0.356059 0.32732 -0.242995 0.00218196 -0.0399697 -0.246042 -0.0524147 -0.448875 0.19152 0.205175 0.151026 1.56555 2.76368 0.293896 -1.46557 -0.337389 -0.0498679 0.165045 -0.18054 -1.53346 -1.1465 -0.98473 -1.8234 -0.0736159 -1.20623 0.569719 1.463 0.403347 0.814629 
-0.946093 -0.564299 0.26016 -0.656023 0.131917 0.593761 0.981648 0.953952 1.90898 1.46667 -0.156465 -0.408599 -0.0998296 -0.0215013 0.113561 -0.0655117 -0.89943 -0.847198 -0.452252 -0.746759 -0.258573 -0.23349 0.344262 -0.157388 -0.182875 0.892301 0.195846 -0.546748 0.418199 0.513506 -0.851268 0.0208686 -1.09002 -0.852748 -3.82608 -4.68436 -0.00450192 2.77907 0.605508 
-0.956472 -0.538633 0.439413 -1.06881 -0.280756 0.46169 1.07629 0.532914 1.28893 -0.159124 -0.513448 0.144445 0.649306 0.198028 -0.586718 0.172157 0.461091 -1.30014 0.212389 -0.884843 -0.701722 -2.26053 -1.92069 0.289394 1.31351 0.268118 0.120408 -0.440569 0.124994 1.69071 0.815173 0.796936 -0.143032 -0.116164 -2.08695 -0.987361 0.761662 0.818775 -1.89135 
-0.748065 -1.15102 0.432316 -0.194932 -1.16823 0.80615 0.0968059 0.25223 -0.351548 -0.454013 0.132929 0.904908 0.168289 0.0989065 -0.327008 0.0594824 0.791284 -0.032025 0.344684 -0.889791 -0.374737 -2.32044 -0.643099 0.604273 0.6359 -0.99905 -0.396013 1.0407 -0.186287 -0.954947 2.81103 -0.645582 1.35585 1.21122 3.35873 2.11406 0.325815 -2.2341 0.200787 
-0.857565 -0.865641 0.498895 -0.277526 -0.312781 0.806375 0.186494 0.158177 -1.03151 -0.802224 0.0908258 0.780345 -0.349744 -0.197985 0.453985 -0.0141307 -0.493857 1.51088 -0.433193 0.471003 0.509496 1.0982 0.193369 0.61521 -0.920589 0.468905 -0.201347 0.337744 -0.184625 -1.7114 0.475971 -0.741103 0.819556 1.03225 4.11055 2.41572 0.741428 -1.59801 2.66401 
-0.946049 -0.697032 0.418186 -0.688788 0.342659 0.372958 0.567809 0.761726 0.74665 -0.260645 0.748139 -0.0156811 0.637194 -0.102441 0.0107364 -0.125143 -0.92012 0.443946 -0.396418 -0.0702351 0.657514 1.79011 1.77262 1.3457 -0.962108 1.66496 0.354342 -0.764065 0.0797295 -0.287496 -2.33888 0.619498 -1.0504 -0.0547496 -0.601355 0.283322 -0.0342279 0.433045 0.133211 
-0.960006 -0.854904 0.373752 -1.19765 0.131166 0.409957 0.116259 0.815691 0.758596 0.970399 1.43653 -0.181763 1.31521 0.156358 -0.31008 0.0655988 -0.781352 -0.827999 0.186305 -0.579392 0.454746 0.496843 0.476691 0.580982 -0.487544 0.602116 0.353304 -0.264019 0.539749 1.20649 -0.124388 0.856207 -0.530461 0.0547445 -1.86428 -1.32175 -2.75804 -0.251168 -1.2905 
-0.789691 -1.00711 0.483784 -1.47014 -0.485341 0.559263 -0.0115831 1.21647 1.24349 0.216046 1.32912 -0.503225 1.23931 0.250864 -0.253283 0.414606 0.286368 0.319558 0.459789 -0.600696 0.712259 -0.0741766 0.450871 -1.41234 -1.21328 0.37446 -0.0234285 0.11287 0.209706 1.26317 2.12276 0.252194 0.154127 -0.732109 -2.40313 -0.609047 -1.79147 0.591319 -1.00671 
-0.709142 -1.10819 0.788358 -0.911278 0.450724 0.869745 -0.484437 1.52795 0.68442 1.42127 0.0241887 -1.39504 1.68967 0.132929 -0.19721 0.275305 0.481818 1.29476 0.438499 -0.425265 -0.277362 -1.90629 -0.132356 -1.21049 0.103776 -0.404592 -0.19684 0.0967663 -0.265575 0.118633 0.00422727 -0.528243 0.939767 -1.31322 -0.501687 -0.732666 1.86926 2.96534 -1.29364 
-0.656762 -1.20432 0.75909 -0.988322 0.809415 0.997762 -0.436848 0.93911 -0.662794 0.0836899 0.118633 -0.399449 0.834719 0.0540236 -0.156516 0.149031 0.405001 0.323786 -0.0684548 0.339071 -0.600964 -0.575864 -0.281795 0.456919 1.75207 -0.91918 -0.140221 0.110547 0.199166 0.0513982 -1.15088 -0.532985 0.976093 0.358588 2.77514 1.80903 1.71577 0.78374 0.330221 
-0.655119 -1.2647 0.937389 -0.506277 0.77451 0.801291 -0.145367 0.926986 0.108556 1.13948 0.481108 0.357028 0.770492 -0.00729141 -0.0866627 0.474472 0.533216 0.14388 -0.0944861 0.550827 0.0812256 0.868853 1.67667 0.505282 0.887516 -0.0743705 -0.106939 0.195008 0.0938242 -0.811792 0.0060136 0.4264 -0.293125 1.0127 -0.0856885 -0.991763 -0.0943487 -2.88302 0.60202 
-0.664054 -1.29098 1.23356 -0.455106 0.953295 0.903276 0.113979 1.02034 0.206059 1.76036 0.623915 0.488067 0.760348 -0.0529151 0.0384916 0.242855 -0.406792 0.329799 0.357946 0.0459458 0.411735 -0.661553 -1.27356 0.36257 -1.13096 -0.31716 0.0573154 0.0014339 -0.77637 -1.80168 -0.491445 -0.121084 -0.939225 -0.00600613 -2.13521 -3.50726 -1.38924 -1.43466 -0.54074 
-0.708034 -1.22621 1.18024 -0.913068 1.10431 1.15924 -0.099421 1.33872 -0.552997 -0.134082 0.843678 -0.77393 0.453332 0.0500239 -0.0852288 -0.301899 -1.26846 -0.347566 -0.21557 -0.388397 0.0752195 -1.26636 -1.83058 -0.883963 -0.547145 -0.615111 0.190489 -0.402887 -0.340838 -0.190925 -0.423048 -0.652414 -0.615538 -0.942983 0.241829 3.46812 -0.807381 3.03816 0.596578 
-0.61403 -1.37621 0.931662 -1.72357 0.605729 0.687706 -0.274418 1.09556 -1.0603 -0.0702216 -0.260048 -0.0590786 0.145238 0.137574 -0.364395 -0.0979827 -0.597717 -0.0932487 -0.294469 -0.569592 -0.531249 -0.419724 2.19456 -0.444811 1.9072 0.279418 -0.0279705 -0.166317 0.64587 1.60282 0.733124 0.570487 0.3419 -0.197265 1.54196 2.77637 0.797709 0.741248 1.60075 
-0.57046 -1.59061 1.08226 -1.51079 1.01106 0.864767 -0.669013 0.807472 -0.972721 2.06048 0.398867 1.13327 0.732749 0.0220534 -0.251546 0.343971 0.334358 0.385558 0.354917 -0.0464976 -0.122046 0.275601 0.945788 -0.0862539 0.194103 0.98564 -0.188658 0.203577 0.136667 0.737238 -0.43866 0.250267 0.920806 1.16184 1.56206 -2.93061 0.203145 -3.25688 -1.15696 
-0.591976 -1.62776 1.27563 -1.38921 0.991287 1.04262 -0.320916 0.97351 -0.784697 0.875566 -0.346302 0.135024 1.13088 -0.0510843 -0.160818 0.0386846 0.139521 -0.531909 -0.0442022 0.351213 0.630593 1.14233 -0.736048 -0.241666 -1.34968 -0.877542 0.00447961 0.205967 -0.442402 -0.225637 -0.966638 -1.04953 -0.912499 0.49113 1.15127 -0.732231 1.15473 0.619567 -1.32091 
-0.621544 -1.75142 1.12095 -1.37126 0.479151 0.820565 -0.3178 1.43806 0.169614 1.32443 0.1572 -0.21641 -0.144793 0.026533 -0.0455789 -0.0984308 0.10872 -0.58108 -0.694613 -0.958996 0.369084 1.42687 0.213557 1.06847 0.81367 -0.335268 0.11072 0.320763 0.0910315 -0.16005 0.928846 -0.254516 -1.54196 -1.24138 -1.95884 0.112877 0.225229 2.0787 1.1361 
-0.565443 -1.67334 1.1772 -1.28049 0.410207 0.34801 -1.27991 1.34259 0.642176 1.08912 0.722169 0.948694 0.79561 0.0596361 0.159945 0.129716 -0.0205288 0.396937 -0.298719 -1.19074 -0.610786 -0.816506 -0.623171 -0.0164377 0.72902 0.258563 -0.111563 0.239129 0.0364519 -0.358782 0.571197 1.30566 1.93658 -0.693669 -1.7846 -0.240012 -1.4376 -1.7356 -0.697607 
-0.561908 -1.59148 1.25066 -1.39179 0.876089 0.521846 -1.50854 0.827279 -0.646893 0.701257 0.140763 0.51261 0.11377 -0.0850298 0.19355 -0.0619789 -0.250061 -0.00988327 0.611051 0.977585 -0.324585 -0.35773 -0.0264545 -0.369132 -0.921934 -1.03287 -0.115691 0.246119 -0.1521 0.140341 -0.49059 0.819886 2.37857 0.987985 1.71308 0.677265 -1.28023 -1.03216 0.679196 
-0.650473 -1.47979 1.11522 -1.53055 0.400324 0.959062 -0.302327 1.01801 0.284446 1.06267 0.353037 0.0267606 -0.237265 -0.0560546 0.406064 -0.0223837 0.119812 -0.0936524 0.521167 1.18783 0.3772 0.896575 0.0540944 -1.29667 -0.303141 0.937759 0.0352593 0.3236 0.125302 1.23015 0.706735 -0.878269 -1.48964 -0.0601425 -1.00267 -0.232953 -0.00558874 2.05191 3.21061 
-0.617962 -1.18541 1.22828 -1.27198 0.782436 1.04301 -0.320712 1.20448 0.249682 0.755351 -1.1559 0.209469 1.05153 -0.0497705 0.51715 0.0633233 0.980084 0.696852 -0.267218 -0.512056 -0.384727 -1.3604 -0.259407 -0.374721 1.12998 2.17773 0.943838 1.43497 -0.531409 1.98866 -0.268512 -2.20745 -3.40297 -1.74039 -1.4329 -1.592 2.05443 -1.66771 -1.57693 
-0.700243 -0.962639 1.17855 -0.550465 1.09718 0.691844 -0.814383 0.633281 -1.07595 0.803262 -0.0216842 1.15674 1.94047 0.887783 1.84103 -0.553793 2.10847 -0.362165 -1.68629 -2.21514 -1.36319 -0.536328 -1.5379 0.757765 -1.97085 -0.63917 1.74644 1.29362 -1.70635 1.04916 -1.68316 -2.07843 -1.05083 -1.19717 2.05425 0.499435 0.814429 -3.11412 -2.66695 
0.269821 0.655618 0.674486 0.836486 0.420272 -0.643272 -2.53585 -0.158714 -0.286645 -0.782551 -0.398137 -1.76138 0.412359 1.69667 1.81077 -1.64302 2.02924 -0.986307 -2.34565 -1.56288 -1.5819 0.693858 0.240028 0.439708 -1.98414 -0.489216 0.0421409 -1.57075 -1.40009 0.23055 -0.843706 0.915929 2.54552 0.253689 0.874235 1.35881 0.117661 3.27508 1.23602 
0.996427 0.848132 -0.464475 1.47878 0.110869 -1.65381 -2.37726 -0.94862 -0.382094 1.04329 0.418024 -0.827398 1.45125 0.929924 0.27028 -1.95388 2.33902 -1.20587 -0.770356 0.330383 -1.1095 0.337907 -0.179092 0.875427 1.30423 0.59685 -1.24246 -2.52629 1.13333 -1.51212 0.415372 2.04524 1.86226 1.32954 -0.539733 -1.55577 -0.838774 2.64947 -0.0932984 
1.19974 0.925897 -1.2794 3.1755 -0.785599 -1.41363 -2.20547 -1.26822 0.0512615 -0.961643 0.47729 -0.45715 1.00921 0.454212 -0.715522 -0.509694 0.517122 -0.570935 -0.300414 0.29938 -0.252358 0.154125 -1.31574 -0.399065 0.665335 -0.582514 -0.645039 -0.984464 1.90017 -3.44632 0.963978 0.230458 -0.127463 1.2197 -0.158836 0.0937165 -1.87072 -1.16042 -0.966913 
1.45064 0.13261 -0.974169 1.9959 -0.460066 -1.95422 -2.07788 -1.20098 -0.227969 -0.27245 0.0189588 -0.162062 0.868737 0.284885 -0.714184 -0.0537126 -1.1073 -0.241893 -0.539899 0.20292 0.110193 0.179071 -0.085375 -0.995296 0.143813 -0.370063 -0.428744 1.25943 -0.110256 -0.173119 -0.654935 0.555962 0.233682 0.652267 0.769979 0.742444 -0.203605 -0.815097 0.204083 
1.48463 0.211713 -1.33311 2.0682 -1.02749 -1.95353 -2.00255 -1.15802 0.230333 -1.04702 -0.518006 -0.313336 0.639147 0.0254676 0.543903 -0.61995 0.344003 -1.22587 0.255548 0.533062 0.399909 0.924104 -0.573295 -0.602671 -0.149761 -0.378432 -0.284579 1.24468 -0.252365 1.10351 -0.587418 0.671294 0.815638 0.270187 0.700973 0.0593617 0.746529 0.105306 0.11713 
1.47611 0.676513 -1.59412 2.3399 -1.68594 -1.69867 -1.54482 -0.801069 0.696136 -0.845745 -0.583712 -0.311823 0.490305 0.000305905 0.530492 -0.306078 -0.00378439 -0.829311 0.131395 1.01856 0.380381 0.880044 -0.0260133 -0.248768 0.249119 -0.252932 -0.00197264 -0.677039 0.500027 -1.20968 0.761768 -0.597398 -0.135066 -0.563187 -0.650301 -0.0258133 0.233463 0.157376 -0.186742 
1.48494 0.742205 -1.63919 2.06442 -1.8568 -1.82213 -0.983989 -0.777643 1.11038 -1.07303 -0.766774 -0.0642174 0.386215 0.023495 -0.133136 -0.119923 -0.86568 -0.464102 -0.341849 0.397996 -0.163278 0.273803 -0.599109 -0.369208 0.00761461 -0.565174 -0.00664489 -0.581209 -0.0691067 -0.693443 0.318248 -0.199994 -1.18282 -0.683151 -1.49559 -0.363955 -0.104092 -0.341197 -0.819263 
1.4996 0.543377 -1.71404 1.47422 -2.15004 -2.04052 -1.14683 -0.964347 0.969939 -1.44485 -0.95292 -0.304209 -0.0748689 -0.00633899 -0.0507166 -0.375185 -0.697228 -0.511062 -0.0685991 -0.164263 -0.30277 -0.615544 -0.389968 -0.35286 -0.0920778 -1.0722 -0.0276323 0.281473 -0.233635 0.556238 0.414136 0.528423 0.00533182 0.21505 -0.701474 1.4027 -0.293827 0.720562 0.726086 
1.4786 0.691489 -2.01437 1.36719 -2.36787 -1.89073 -1.14825 -1.08041 0.494832 -1.463 -1.11963 -0.156295 -0.68598 -0.00413739 0.148337 -0.353558 -0.309441 -0.049966 0.186574 0.403327 0.0517722 -0.427671 0.803589 -0.663035 0.728176 0.160912 0.0398688 -0.243392 0.343938 -0.49753 0.760349 -0.325238 0.457274 0.442638 -0.283467 1.79726 -1.72135 1.49775 0.766917 
1.49546 0.691714 -2.0676 1.16478 -2.2 -1.85395 -0.7435 -0.912575 0.542269 -0.641264 -1.61595 0.423967 0.0860428 0.0335298 -0.294109 -0.0312467 -1.19476 0.249287 -0.393838 0.293011 0.139868 -0.899012 1.40729 -2.07421 1.40567 -0.305278 0.0730109 -0.473478 0.653263 -0.877632 0.798747 -0.564887 -0.197833 0.230331 -0.723424 1.20224 -1.15454 1.05118 -1.40038 
1.51213 0.39738 -2.04562 0.172435 -2.11858 -2.28457 -0.855241 -0.940545 -0.404179 -0.0557074 -3.19385 1.24937 -0.991258 0.0688736 -0.325141 0.299706 -1.18707 0.748781 -0.378313 0.205495 0.282104 -1.15109 2.00583 -1.81757 1.77936 -1.23947 0.00236841 0.278341 0.338354 0.86201 0.426598 0.465598 -0.356382 0.147571 0.45156 0.0191686 1.98811 -1.01412 0.491635 
1.56434 0.366573 -1.76789 -0.0222927 -1.45122 -2.23226 -0.538005 -0.630471 -0.608826 1.36456 -3.43353 2.20333 -1.15342 0.0358982 -0.0157676 0.307107 -0.332747 0.675885 0.0717603 -0.0633708 0.287439 -0.447451 1.42646 -0.0860991 0.391546 0.186357 -0.0983368 0.469903 -0.0723073 1.12923 -0.497088 0.56935 -0.0651656 -0.471465 1.12558 -1.28215 2.11879 -1.85197 1.31805 
1.54803 0.381612 -1.73851 -0.160312 -1.44269 -2.21281 -0.918612 -0.653106 -0.851631 1.37075 -3.27995 1.64092 -0.804901 -0.0294632 0.144762 0.227398 -0.0578464 0.251694 0.191037 0.140329 -0.189362 -0.0255129 0.723678 0.301217 -0.0726069 0.0785832 -0.110653 0.35221 0.0709785 0.691105 -0.178126 0.512267 0.461879 -0.694131 0.825883 -0.245849 1.45048 -0.300477 -0.405812 
1.53487 0.511335 -1.5405 -0.0801391 -1.19953 -2.04123 -0.397676 -0.819833 -0.634339 2.08824 -3.13231 2.13072 -1.07484 -0.0747544 0.336442 0.378086 0.358358 0.497759 0.584028 0.398509 -0.406693 0.378431 1.18061 1.36438 0.091069 -0.219455 -0.233936 0.289912 -0.0902856 0.57071 -0.276452 0.425087 -0.882406 -0.910353 -0.524736 -1.21239 2.50462 -1.94985 -0.473758 
1.47327 0.718054 -1.36043 0.198046 -0.944935 -1.62878 -0.520103 -1.0598 -0.473199 2.55136 -1.91557 1.73199 -1.02436 -0.263399 0.434673 0.137113 0.512863 -0.0247587 0.616124 -0.742077 -1.09971 -0.550249 -0.488716 2.80583 -2.02245 -0.395175 -0.196192 -0.0170432 0.0166448 -0.396406 -0.338339 -0.00660426 0.0495117 -0.199333 -1.56863 -3.14853 1.08379 -1.028 1.00731 
1.27148 0.946008 -1.40338 0.432724 -1.22429 -1.4251 -1.13975 -1.91955 -1.18459 1.59953 -0.32648 0.108268 -1.47002 -0.270946 0.319399 0.394731 -0.0380479 0.15942 0.577423 0.44802 -0.606026 -1.1902 -1.96792 2.44817 -0.936926 0.78786 0.0503212 -0.00397649 0.345321 -0.241864 0.662088 0.711737 2.97939 1.501 -0.255237 -1.65328 -2.1627 2.71633 1.2024 
1.20232 1.03745 -0.965696 0.159998 -0.785515 -1.05136 -0.0720831 -1.66582 -1.6634 0.583446 0.532602 0.795064 -0.236496 -0.213078 0.430697 0.482433 0.270999 0.637329 1.32786 2.23732 0.401281 -0.805486 -2.14199 0.643133 0.693875 0.807225 0.0633113 0.074735 -0.355302 0.380642 -0.391732 0.22562 0.553177 0.533663 0.151236 0.746774 -2.52952 0.802498 -1.88732 
1.0584 1.3767 -0.92095 0.703723 -0.586959 -0.097242 1.09756 -1.51827 -1.99007 -0.542465 0.316653 0.802143 -0.662791 -0.207635 0.394134 0.0394288 0.342594 -0.232311 0.803043 1.0012 -0.0723628 -1.03896 -1.22114 -0.0813493 -0.134428 -1.09946 0.22935 -0.55328 -0.183467 -0.956947 -0.953319 -1.15279 -1.82011 -0.522142 0.197538 2.28536 0.0652586 -1.2529 -1.04553 
0.99469 1.43159 -0.926267 0.502593 -1.01783 -0.248315 0.929114 -1.73819 -2.70236 -0.637698 0.451252 0.660635 -1.33596 0.016273 -0.122584 0.298966 -0.685948 -0.31599 0.175068 0.417201 -0.120861 -0.607948 0.143371 0.708391 -0.559022 -0.238309 0.335303 -0.522011 0.119838 -0.870257 0.342641 -0.625547 -0.74664 9.17927e-005 1.25252 1.87325 0.617227 -0.0504762 1.01506 
1.07467 1.25412 -0.621984 0.0177753 -0.902948 0.0778256 1.51476 -1.63913 -2.59802 -0.399094 1.02504 0.243121 -0.9011 0.127668 -0.127877 0.159267 -0.527662 0.11033 0.177496 0.254557 -0.072271 0.213558 0.652109 0.535878 -0.184904 -0.0844042 0.0996032 0.194136 -0.670881 0.583384 -0.170627 -0.365876 -0.480918 0.0685572 1.09114 0.545129 -0.983366 -0.080562 -1.1042 
1.12236 1.30371 -0.767 -0.0250696 -0.907496 -0.0708185 1.18367 -1.81046 -2.4888 0.0144109 0.98713 0.475731 -1.42036 0.115876 0.0715521 -0.371915 -0.102564 -0.486616 -0.190809 -0.0637173 -0.052304 0.483195 0.6885 -0.274975 -0.639584 -1.34251 0.0118375 0.174269 -0.560057 0.869498 -0.521682 -0.167939 0.0834627 0.235333 1.02314 -0.183944 -0.586062 -1.15105 -0.736538 
1.19055 1.32567 -0.993898 -0.0847885 -1.38956 -0.112983 1.45105 -1.69143 -2.11483 0.289406 0.75007 -0.396462 -2.2436 0.139506 0.046392 -0.40079 0.341835 -0.411353 0.00955731 0.33802 0.163062 1.2367 0.468165 -0.0501836 -1.33596 -0.820943 0.00828311 -0.319565 0.243434 0.458377 0.681106 0.00465371 -0.488453 0.0323118 0.692182 -0.588989 0.0145401 0.796188 1.45495 
1.26186 1.3501 -1.16779 0.316766 -1.31885 -0.0612612 1.52169 -1.6474 -1.2521 0.482576 0.936947 -0.860227 -2.2413 0.124159 -0.248013 -0.12848 0.355813 0.194489 -0.186155 -0.55217 -0.0199922 1.17538 0.099511 -0.260435 0.156604 0.11245 -0.0752661 -0.385411 0.372886 -0.300962 0.561768 -0.133331 -1.70378 -0.399277 -0.349106 -0.786754 -0.686228 2.22551 1.62543 
1.31471 1.07766 -1.12238 0.271024 -1.19508 -0.299138 0.898875 -1.71142 -0.93945 0.388917 0.489635 -0.239858 -2.13116 0.0642395 -0.339019 -0.0279032 0.0408737 0.150415 -0.123774 -1.36576 -0.236215 0.88759 -0.318589 -0.736411 0.889549 0.804486 -0.171337 0.348334 -0.120399 -0.248232 -0.738077 0.127448 -0.330428 0.21594 0.178862 -0.988472 -0.832198 -1.82415 0.164918 
1.3261 1.01108 -1.19569 0.35764 -1.16843 -0.185035 0.155931 -1.88361 -0.364514 0.163986 0.200535 0.0293221 -1.43682 -0.0471777 0.100321 -0.248879 0.107581 -0.543588 -0.0587075 -0.882599 0.195948 1.35424 -0.888961 -1.09263 -1.66755 0.277368 -0.146178 0.554891 -0.226449 0.0869503 -0.350549 0.409134 1.5963 0.941405 0.15171 -0.630179 -0.129186 -2.69024 -1.34586 
1.26753 1.17798 -1.37126 0.378605 -1.73866 -0.357846 0.0162763 -1.51548 0.414789 -0.500044 -0.602998 -1.9074 -1.85379 -0.0819381 0.215872 -0.254352 0.127824 -0.200134 0.28536 0.230544 0.70519 1.0393 -0.948768 -0.865597 -1.80069 -0.54137 0.0213092 -0.492893 0.791565 -1.24842 1.78361 0.183835 0.708512 0.331366 -1.01918 1.52877 0.755662 1.61282 0.105812 
1.24417 1.22696 -1.45005 0.485464 -1.36857 0.100325 0.386475 -1.17842 0.674787 -0.784782 -0.665061 -1.77137 -1.97819 -0.0258685 -0.392573 0.542685 -1.14084 1.24002 0.125127 -0.174087 0.527313 0.335061 0.639814 -0.33697 -0.0547215 0.383179 -0.112158 -0.0622692 0.778537 -0.206566 1.331 -0.167536 -1.16965 -0.578509 -0.100584 1.75472 2.16957 2.294 0.503558 
1.24166 0.785409 -0.828573 -0.762231 -0.498645 -0.232718 -0.15781 -0.988162 0.749851 0.13977 -0.939968 -1.96213 -1.47061 -0.194096 0.153603 0.524185 -0.078742 1.13087 0.117824 -0.93911 0.12668 0.938717 0.80595 1.30398 0.493305 -0.0378119 -0.334142 1.10664 -0.386695 2.02033 -0.472912 0.0538848 -0.508941 -0.271124 -0.904666 -1.45145 1.93132 0.151681 -0.406228 
1.05007 1.38056 -0.925861 0.406722 -0.237701 0.218149 -0.552635 -1.05174 1.6135 0.0211679 0.638915 -1.27807 -2.016 -0.360011 0.714069 0.15599 0.879492 0.767106 0.179012 -0.683028 0.256189 -0.569605 -0.811637 1.59435 0.0969597 -0.023049 -0.124727 -0.00774008 -0.0148611 0.102203 -0.260467 -0.852948 1.19231 0.391449 -3.05424 -1.52971 -2.32957 -1.33129 1.6373 
0.88165 1.49948 -0.672582 0.11726 0.268461 -0.0537063 -0.840838 -0.731973 0.180246 -0.671867 0.654379 -1.86517 -1.49366 -0.318823 0.145863 0.509324 0.0234607 0.8704 -0.735123 0.253196 0.518129 -2.11552 -0.723762 -1.0256 -0.837988 1.59949 0.0350916 -0.554647 0.0775099 0.747094 -0.0256151 -1.13995 0.821385 0.0406691 -0.995055 1.98301 -2.27627 -0.208321 1.79812 
0.731246 1.52642 -0.416537 0.430182 0.632699 -0.516975 -0.299439 -0.533613 -0.50202 -0.702594 -0.386684 -2.11605 -0.416507 -0.324919 0.159423 0.2335 1.62659 0.741491 -0.960935 0.138357 0.296858 -1.56466 1.17137 -0.681925 -0.111362 1.77507 0.0681235 -0.0631424 -0.416242 0.4627 -0.656247 0.302794 -0.304037 -0.384579 1.60926 1.65284 1.1537 0.418953 -1.214 
0.55673 1.6589 -0.439082 1.74385 1.00995 -1.01464 -0.702482 -0.435114 -1.38441 0.499503 -0.0275462 -1.97653 0.281411 -0.2507 0.0827206 0.0930816 0.486161 0.214153 -0.432329 -0.0508408 0.13355 -0.506264 0.929075 0.128104 -0.419035 0.385494 0.165649 -0.305693 -0.078488 -1.74534 -0.50383 1.13865 0.0316126 -0.32397 2.03922 -1.03045 0.8165 0.284011 -1.88593 
0.480546 1.60914 -0.323455 0.916343 0.846852 -0.949304 -0.35028 -0.400063 -1.00828 0.226482 -0.258579 -2.53509 -0.0310123 -0.159271 -0.14627 0.155012 -0.118754 0.237661 0.177713 0.169969 -0.0271117 0.474558 0.140915 0.134575 0.17265 -0.110861 0.0488119 -0.298466 0.22218 0.450599 0.303501 0.929318 -0.642232 -0.258085 0.724459 -0.648531 0.493738 1.92241 0.44773 
0.39746 1.51263 -0.28407 1.62509 1.24761 -0.836929 -0.532512 -0.462226 -0.909856 0.640418 0.107029 -1.80388 0.170551 -0.201888 -0.215745 0.315262 0.936759 0.517653 0.496989 -0.693073 -0.124536 0.218195 0.280545 0.621843 1.50338 0.833224 -0.135966 0.177649 0.417325 -0.521145 0.636766 0.780006 -0.761409 0.0799989 -0.842443 -1.26972 -1.43446 0.71466 1.35179 
0.278659 1.3934 -0.00819335 1.8531 1.36451 -0.452314 -1.04335 -0.524598 -0.790089 0.507026 0.363263 -1.03171 0.802212 -0.295237 0.0313789 0.572337 -0.639898 0.874427 0.957719 -0.59144 0.0528872 -0.367885 -1.1288 -1.29989 0.88731 1.24093 -0.195208 0.288362 0.741184 -2.18127 -0.431616 0.479306 0.0317595 0.322903 0.503211 -2.4364 -0.756369 -1.34331 -2.70834 
0.102223 1.54401 0.288268 0.985194 2.12204 0.12079 -1.12395 -0.409339 -1.27774 -0.488383 -1.19286 -0.916568 1.41148 -0.397095 0.0726173 1.05645 -1.24451 0.0860377 0.976296 -0.661313 0.198367 0.721407 -2.15585 -0.134526 0.160063 -1.87511 -0.224452 -0.57023 0.51923 0.266289 -2.54497 -0.257452 2.21048 0.570101 2.20757 -0.820224 1.77666 -1.3111 -3.64941 
-0.118437 1.46601 1.04825 0.608594 1.45054 0.523981 -1.70467 -0.326231 -0.0686823 -1.64883 0.228737 -0.871648 -1.0729 -0.519689 -0.538851 1.09157 -0.37361 -1.67054 0.700266 1.61904 0.622989 1.83969 -1.94902 0.476772 -0.42379 -2.40848 -0.140452 -1.06224 -0.775668 1.33016 -0.48783 -1.01842 2.44693 0.65667 0.551229 3.63417 0.194593 0.381873 2.40504 
-0.417466 1.00516 1.37983 0.611584 0.4515 0.821057 0.495091 0.21365 0.561945 -2.43741 -0.716088 -1.34036 -0.996991 -0.537547 -0.989627 0.280777 0.0856545 -0.401792 -0.0421242 1.78562 0.855037 1.27264 1.47832 0.0600665 0.541936 0.52993 0.147943 -0.611412 -1.54503 0.0208406 2.04183 -0.626462 -1.23864 -0.268854 -1.41763 4.78116 0.908888 2.60744 4.71101 
-0.655984 0.476387 1.32903 0.694249 1.04875 0.481857 0.0809531 0.528806 1.20395 -0.170511 0.288803 -0.329712 -0.54297 -0.371745 -1.15026 -0.453462 -0.352769 0.371289 0.073804 0.380404 0.354135 0.422052 2.83213 1.38566 2.18365 2.30253 0.310766 0.249782 -1.04064 -0.795087 -0.0450282 -0.0166217 -1.17944 -0.846078 -2.31702 -2.36475 0.542613 -0.338535 1.1515 
-0.789211 -0.145105 0.926373 0.258815 0.822789 0.894861 0.875495 0.567784 0.983997 0.394726 0.669571 0.843289 1.30554 -0.226781 -0.739845 -0.75986 -0.709432 -0.44682 -0.0587459 0.606176 0.0089592 -1.04438 -0.886428 0.60268 0.203401 1.68143 0.220676 0.935098 0.383374 -0.236071 0.00470304 -0.283976 -0.34403 -0.151948 -0.926183 -2.90132 -1.48506 -2.45075 -3.40622 
-0.882765 -0.263458 0.56917 -0.0151837 0.60193 0.423111 0.687129 0.537765 0.159569 -1.05694 0.891483 -0.126312 1.13846 -0.151069 -0.215165 -0.0700877 -0.58884 0.375992 -0.210172 0.0363734 0.202186 -0.504131 -0.0691818 -0.0993981 -0.267105 -1.10369 0.295383 0.231887 0.870917 1.76088 0.36982 0.941662 -0.216788 0.0689662 2.15183 3.53713 -0.460435 0.752575 -2.6446 
-0.940281 -0.36027 0.856285 -0.330025 1.19878 0.684688 0.911868 0.76997 0.479866 0.325544 0.570173 0.576183 0.201851 0.0686014 -0.507958 0.111057 1.05145 -0.0770005 0.882916 0.389387 0.0779254 1.10745 2.6507 0.142245 0.955976 -0.963169 0.231041 0.00373679 -0.203678 1.07242 -1.24967 0.244215 -0.170357 -0.0918435 1.27927 -0.102624 -0.193075 -0.68975 0.631763 
-0.814164 -0.771416 0.680227 1.03627 0.52493 1.30603 1.07652 0.615691 1.26702 1.59376 1.03373 0.829664 0.175293 0.0799712 -0.211428 -0.273766 0.483578 -0.873678 0.0340431 -0.133984 0.110343 0.775138 -0.171806 -0.292474 -0.956855 -0.471927 -0.183666 0.735701 -0.0411998 -1.94138 0.422717 -1.52884 -0.401935 0.206006 -1.22736 -3.59372 -1.17246 -1.87135 0.945428 
-0.86031 -0.571699 0.582519 0.153553 0.325103 0.718731 0.777884 0.880313 1.255 0.153738 0.2777 -0.380672 -0.270076 -0.115065 0.227743 0.0698574 -0.889933 0.345716 -0.645923 -0.0125476 0.283931 -0.119913 -0.943013 -1.03022 -0.915372 -0.0177415 -0.119598 0.318284 0.259778 -1.73752 0.765923 0.0963961 0.729445 -0.172162 -0.785042 0.403567 0.944284 1.85103 0.958485 
-0.929229 -0.543673 0.750085 0.146335 0.870646 0.660104 1.06397 0.899622 1.14711 0.65075 0.00350773 -0.0857077 0.157551 -0.0396271 0.106855 -0.0139874 -1.25394 -0.107755 0.130439 0.595461 -0.0618196 -0.00990395 0.231761 0.65181 0.89417 0.486558 0.0695003 -0.279734 -0.243658 -0.18745 -1.52657 0.344084 -0.46455 -0.707243 -1.40174 -0.83678 0.54348 0.653313 0.0527881 
-0.899937 -0.464844 0.568532 -1.10038 0.217348 0.84917 1.37335 0.818494 1.2451 0.385499 0.92951 0.513498 0.216481 -0.0455648 -0.0519915 -0.173801 -1.07738 -1.18086 -0.301839 -0.477097 -0.423312 -1.52165 -1.77979 -0.48674 -0.262059 0.0350466 -0.0437089 -0.179812 0.0283291 1.22432 0.0484277 -0.211784 -0.662606 -0.125659 -0.608629 -0.126701 -0.767133 -0.238704 0.407071 
-0.974794 -0.595665 0.576284 -0.931048 -0.310212 0.358265 0.586871 0.47631 -0.374548 -1.12904 -0.483232 -0.347767 0.192598 -0.083336 -0.0729567 0.0143417 -0.0296187 -0.0593276 -0.081345 -0.0671445 -0.187478 -0.618533 0.10506 -0.115322 0.655465 0.893629 0.0516423 0.074988 0.0832196 1.48778 2.46489 0.485592 1.22356 0.869553 2.40034 1.49027 1.26754 1.94126 -0.819069 
-0.983273 -0.5378 0.582874 -1.13 0.15802 0.767825 1.3062 0.631015 0.626568 0.490559 0.814187 1.16896 1.11011 0.00607747 0.0229965 -0.0905813 0.410398 1.28403 0.183753 0.746459 0.446241 0.87869 -0.289525 0.780797 1.6792 -0.784023 0.100325 0.0811025 0.0731294 0.546084 0.213266 -0.0336993 -0.333691 0.310353 0.39753 -1.86477 -0.403129 -0.633145 -1.4103 
-0.968716 -0.572668 0.485703 -0.52065 0.973819 0.542018 1.33333 0.922551 0.504142 -1.41857 0.297565 1.33144 -0.591425 0.0169893 0.00814578 0.0874711 0.516465 0.153938 -0.115044 -0.400835 0.122875 -0.221003 -1.75971 -0.518451 0.0223198 -0.516671 0.010909 0.104046 0.332002 -0.328747 -1.41474 0.523696 -0.785586 -0.766761 -1.17689 0.185591 -0.874519 -3.04299 3.42024 
-0.966283 -0.529655 0.670345 -0.613537 0.311958 0.652781 0.905366 0.75389 0.405565 -1.26915 0.295736 1.19128 0.593439 0.0169865 0.127042 0.241421 0.0816511 -0.130709 0.707449 -0.0391268 -0.32052 -0.298197 -0.103934 -0.0937219 -1.36379 2.63621 -0.0145244 -0.0343185 -0.219939 -0.450931 -0.0242685 0.0193874 0.383438 -0.398222 -0.514217 2.92695 1.85165 0.0605086 -0.452845 
-0.95173 -0.445626 0.727124 -0.438999 0.84311 1.24947 1.2942 0.60203 0.205944 -1.5225 0.203843 -0.0323529 2.04479 0.00246486 -0.0261727 -0.132468 0.0655341 0.129669 -0.0956569 -0.0173975 -0.275347 -0.73522 1.16724 1.3332 0.0828284 -0.969517 0.0440581 -0.16478 -0.557268 -0.0116674 -0.456864 -1.59312 -0.180049 0.422231 0.61534 1.8726 1.51686 1.68871 -4.40997 
-0.963819 -0.555827 0.537877 -0.548003 0.441628 0.557124 0.887968 0.478543 -0.329654 -0.101911 1.62894 1.27411 -0.376078 0.0610446 -0.0377378 -0.315847 0.0699837 -0.587573 -0.885673 -0.219175 0.10171 0.317143 1.76866 1.42314 0.324922 -1.77376 0.0562939 -0.0377753 -0.0718955 -0.0553462 -0.412013 -0.115679 0.115405 0.29963 1.67383 -1.15539 -2.50644 -0.394217 2.27541 
-0.890685 -0.483364 0.411277 -0.369016 0.255537 0.363794 1.07503 0.703741 0.523087 0.246161 1.62698 0.292569 0.271028 0.0587588 -0.063948 -0.204364 0.010188 -0.282344 -0.211336 0.0980079 0.0242827 0.938605 0.0118523 -1.17324 -0.311389 1.30589 -0.148655 -0.258507 0.407989 -0.289309 0.856856 1.0507 0.259816 -0.168509 -0.0855184 -2.17864 -2.98595 0.450722 2.07547 
-0.90506 -0.619775 0.333513 -0.537815 0.159284 0.345788 0.985976 0.502825 0.608951 -0.0900585 0.455698 0.962723 0.929816 -0.0876102 -0.296245 0.0921425 -0.219325 0.269283 0.165024 0.0406403 -0.0667985 0.231624 -0.409978 -1.56282 0.775643 0.301714 -0.151957 0.129582 0.450034 0.137229 0.786463 0.443169 -0.797675 0.47304 0.435321 0.182879 0.870096 0.23499 -0.947935 
-0.978295 -0.779608 0.503419 -0.588341 0.52482 0.528818 1.11567 0.636942 0.754712 -0.163817 0.0641648 1.06821 0.572741 -0.0931985 0.0656344 0.24567 0.147417 0.504119 0.231832 -0.699668 0.497322 1.37393 0.194731 -0.303143 -0.0763991 0.357958 0.132583 0.508794 -0.0661627 0.253853 -0.549585 -0.3173 -0.75901 0.229423 -0.637202 0.371146 0.656488 -2.75992 -0.712944 
-0.998258 -0.554141 0.579183 -0.390398 0.663402 0.577621 0.286308 1.00015 1.98288 0.104672 0.152555 0.886323 1.28777 0.0449727 0.212549 0.0259798 0.0345275 -0.280302 -0.152276 -0.718369 0.162624 -0.405578 -0.0388317 -0.906328 -1.98428 -0.411231 0.126716 -0.0590085 -0.0687852 0.418062 -0.387811 -0.14107 0.974955 -0.731936 -2.93872 -1.95866 0.673604 -0.811693 -0.947176 
-0.933323 -0.567059 0.529399 -0.553813 0.244518 0.376541 0.397299 0.799567 0.349134 -0.202649 -0.842163 -0.916066 0.161511 0.0335179 0.0066259 0.176885 0.56548 0.116308 0.0907621 0.275287 -0.234614 -1.56479 -1.76393 0.370461 -0.888092 -0.589217 -0.037546 -0.167281 0.172063 0.574264 0.86682 0.264183 0.609562 0.00308706 1.16062 -0.118688 2.77341 2.9756 0.620957 
-0.96474 -0.547515 0.756068 0.175082 0.77971 0.668383 0.561595 0.765534 0.418087 -1.65926 0.523016 -0.00176854 0.698557 0.00742674 0.0452685 0.198042 0.608792 0.586517 0.111906 -0.108807 0.165712 0.755038 -0.15752 1.86708 0.991322 0.209727 -0.0400395 0.00707825 -0.36943 -1.38329 -0.104334 -0.00785947 -0.194716 0.0468754 1.48772 3.03191 -0.447848 0.918432 0.383771 
-0.925896 -0.52179 0.727442 0.0549783 0.831035 0.488448 0.288492 0.965278 1.10417 -0.360169 1.02492 0.0752565 0.371237 -0.00652167 0.0137041 -0.192545 -0.81781 0.0119738 0.0829027 0.0805713 -0.187739 -0.0770746 1.26798 -0.0773868 0.0303396 -0.205446 -0.0354882 -0.0712087 -0.370586 -1.14359 -0.564608 0.399135 0.547292 -0.498985 -1.53901 -0.157694 -1.87887 -0.589652 -1.014 
-0.971262 -0.533811 0.563523 -0.642728 0.791684 0.751285 0.642167 0.577795 0.341012 -0.391276 0.445629 0.0285711 0.493111 -0.0280615 -0.0259401 -0.172544 -0.534802 0.0219092 0.511042 0.438485 -0.333274 -0.783972 -0.315214 -0.0117914 0.401671 -0.804278 0.0356444 -0.0492137 0.208566 0.930169 -0.34793 -0.0712539 -0.597512 0.130901 -0.195704 -3.35673 -0.4287 0.236226 -0.0563936 