-1.00592 -0.667662 0.387655 -0.801988 0.824868 0.770447 1.76865 1.19034 1.13699 0.883437 0.94912 -0.99572 -0.320143 0.0869399 0.238011 0.349421 0.193595 0.381549 -0.745298 -0.115385 0.0391991 0.0286885 0.0333031 -0.133339 0.160649 -0.386665 0.19377 0.0734819 -0.3612 0.539849 -0.905199 -0.274512 -1.8225 -0.450288 0.348032 -0.0971246 -1.26798 1.64122 2.3384 
-0.929398 -0.499612 0.742103 -0.565346 0.699979 -0.25236 0.299442 0.853639 0.944156 1.06943 0.95777 -0.337843 0.358697 0.132298 -0.0754392 -0.458834 -0.0523174 -0.380451 0.0405068 -1.63207 -0.319316 -0.246241 -0.773331 -1.41477 0.741803 1.15186 0.206696 -0.806886 -1.84638 0.0618498 -0.640333 2.75082 -0.0360744 -0.0154834 0.00461773 0.33118 0.177139 0.648766 0.989859 
-0.873624 -0.743101 -0.0711787 -0.854306 0.444418 0.810954 0.13658 0.87102 0.890754 0.110105 -0.465647 -0.253917 0.83172 0.293636 -0.568876 -1.49696 0.255444 -0.258784 2.00552 -0.151459 0.0237157 0.0333063 0.364483 0.0437994 0.809415 0.603194 -0.101836 -0.280446 0.41208 0.397765 -0.171024 -0.190839 1.85745 -0.129779 0.195113 1.39585 0.609335 -1.2884 -1.25805 
-0.635762 -1.06849 -0.754852 -0.309901 0.441194 1.75316 0.147982 0.877354 0.977462 1.43391 1.00157 0.471572 0.961891 0.0304621 -0.355886 -0.0467534 0.345447 -0.551475 -0.150332 0.225382 -0.449096 -0.0511285 0.622519 -0.805432 -0.546593 -0.106188 -0.521605 0.77172 2.3281 -0.564748 -0.179291 -3.02726 -0.412823 -0.293719 -0.200148 -1.44285 -1.34557 -2.48019 -1.13346 
-0.843162 -1.09899 -0.117932 -0.508858 -0.107057 0.660622 0.361962 0.421924 0.839625 0.732624 -1.27108 -0.800509 0.725532 -0.22797 0.202844 0.831145 -0.309304 -0.438075 -1.02174 -0.564282 -0.270003 -0.166841 -1.07836 -1.30177 -1.67077 -0.530267 -0.045357 0.939312 0.88265 -0.0798827 1.56161 0.47549 0.132301 0.820702 -0.360729 -1.40234 2.41767 1.40916 -0.295668 
-0.863732 -0.865644 0.0762926 -0.619205 0.00311944 0.731426 -0.4163 0.607351 0.810621 0.355546 -0.300198 -1.1992 0.431624 -0.0148949 0.583426 0.835897 0.265565 1.01014 0.325158 0.357683 0.371607 -0.411857 -0.77982 1.61224 0.862565 -0.401856 0.116289 -0.256068 -0.765783 0.499152 1.24311 1.99438 1.83145 0.863236 0.402527 1.03875 1.96387 2.94146 0.888405 
-0.858057 -0.51556 0.717964 -0.243294 0.90308 0.98578 0.719646 0.793531 0.427768 -0.0471964 0.341162 0.0620561 0.323676 -0.111681 -0.0532241 0.0653617 0.189848 0.805031 0.972647 1.26716 0.593233 0.235685 -0.039611 0.662097 1.27069 0.358138 -0.0471087 -0.774555 -1.25545 -0.559674 -1.25782 -1.06141 -1.7814 -0.538594 0.309646 1.65048 -1.7163 -1.49364 0.707549 
-0.975413 -0.918868 0.141654 -0.429357 0.808151 1.70407 0.850865 1.20058 1.04631 0.315935 0.361899 0.071487 0.789762 -0.0620036 -0.191129 -0.419558 -0.294109 -0.247685 -0.736251 -1.42372 -0.166988 -0.102211 0.870656 -0.10406 -0.631077 0.305693 0.136913 0.328884 0.381496 -0.342822 -1.30902 -2.68571 -0.916554 -0.710072 -0.933454 0.227409 -0.607759 -1.46633 -0.178099 
-0.920061 -0.706689 0.298406 -0.537403 0.655395 0.249529 -0.704072 0.626543 0.325557 0.82346 0.237102 -0.569021 0.629368 0.0252327 0.27566 0.446858 -0.152973 -0.503987 -1.71306 0.35061 -0.116839 -0.697768 0.187798 0.0543385 -0.195643 0.180039 -0.000104498 0.0381175 0.345541 -0.018664 -0.235969 0.686244 2.19761 0.424411 0.189102 -1.63827 0.874216 0.192784 -0.936931 
-0.95018 -0.643209 0.588512 -0.58233 0.304164 -0.00898879 1.20147 1.08374 0.348538 0.503733 0.416238 -0.124156 0.969801 -0.0621081 -0.153011 -0.0740175 -0.312773 -0.483654 -0.0500067 0.773892 0.257423 0.0868908 -0.767618 0.770156 -0.438293 -0.631238 -0.122275 -0.541396 -1.31417 0.252913 0.972132 2.24501 -1.17317 -0.11753 0.630687 -0.223097 0.842106 -0.14367 -1.41014 
-0.982169 -0.8597 0.224388 -0.850176 0.17174 0.199522 0.0698196 0.883967 0.412448 0.0558421 1.00726 -1.00731 -0.00187003 -0.0970425 -0.265737 -0.867312 0.0999395 0.468145 0.531945 -0.822565 -0.234369 -0.0670812 -0.0352989 0.896445 -0.339313 -1.2301 0.0711882 0.249545 -0.419776 0.383024 0.804326 0.17963 -0.234725 -0.167306 0.37367 1.33376 -1.08095 0.650458 0.3789 
-1.04722 -0.908945 -0.2788 -0.482391 0.77231 0.522956 0.378909 0.849376 0.281457 0.468434 1.31268 -0.463469 -0.2603 0.00908009 0.0965335 -0.493794 0.0702505 0.320672 0.129624 0.539166 0.0901177 0.46056 0.566143 -0.310794 0.212165 -0.252339 0.135151 0.380299 0.545749 -0.288788 -0.73122 -1.36985 0.413018 0.0183279 0.180084 -0.210359 -2.01116 0.126781 1.33958 
-0.973089 -0.763166 -0.269405 -0.779925 0.492412 0.329146 0.608986 0.974084 0.873009 0.621985 0.696464 -0.795149 -0.254209 0.0381086 0.114563 -0.321563 -0.188848 -0.263074 -0.837909 -0.409547 -0.216041 0.113003 -0.245658 -1.11472 -0.212532 0.109478 -0.00616725 -0.0222106 1.1197 0.0214669 0.238821 0.152225 -0.723327 0.0240646 -0.4353 -0.499001 -0.591235 -0.281774 0.363031 
-1.00911 -0.794383 -0.600363 -0.671239 0.509235 -0.314953 -0.0306373 0.633335 0.39446 0.222776 0.197963 -0.676001 -0.150821 0.00291283 0.0743229 0.625903 0.0917174 0.559493 0.281849 -0.18416 0.114182 0.0252604 0.0671418 -0.902029 -0.0696094 0.110693 -0.0268371 -0.0822545 1.47649 0.108435 0.570373 2.25825 1.44989 0.467489 -0.0130021 0.318372 0.673763 -0.136259 0.550263 
-0.970176 -0.688844 0.356497 -0.688208 1.0519 0.610995 0.424826 1.08827 0.898269 0.689126 -0.205565 -0.864758 -0.143516 0.0112716 0.0323081 1.15493 -0.0804129 0.307299 1.42034 1.04035 0.251448 0.100001 0.0727138 -0.440956 -0.348791 0.659742 -0.00100116 -0.147725 -0.83679 -0.275462 -1.11667 -0.884142 -0.192795 -0.327844 -0.146145 -0.287561 1.72757 0.387528 0.982182 
-0.997842 -0.762075 0.554568 -0.751652 0.816535 1.10539 1.00971 0.884783 0.494461 0.29549 -0.242994 -1.02479 0.50892 0.00191168 -0.0734016 -0.210887 -0.183745 -0.557173 -0.602293 -0.376955 -0.213661 -0.120884 -0.220419 0.825544 0.317919 1.09287 0.130543 0.0539204 -0.951628 0.275061 -0.370326 -2.06022 -2.37425 0.0543477 0.0379909 0.534169 1.49305 0.475089 -0.765134 
-0.968264 -0.762245 0.14561 -0.871953 0.494732 0.00870132 0.0478705 0.874605 0.777385 0.468707 0.61998 -0.546839 0.949359 0.141814 0.0862286 0.203303 0.194648 -0.0630268 -0.639878 -1.33391 0.305796 0.137992 0.606883 1.05209 0.126298 -0.105392 0.0342615 -0.179213 0.261644 0.408538 0.792374 2.23408 1.10357 0.377306 -0.711938 0.00499392 -0.290859 -0.609673 -1.66802 
-0.856028 -0.675846 0.757871 -0.557004 0.753508 0.465513 -0.324197 1.19058 0.632454 0.902373 0.8091 -0.898493 0.403528 0.0361732 -0.252614 0.0507562 0.224794 0.235201 1.63179 0.726618 0.163645 -0.832823 -0.215425 0.534685 -0.291754 -0.575149 -0.304079 -0.111519 -0.842687 -0.157196 -0.00642183 1.48695 3.40848 -0.235582 -0.00734649 -0.857075 -1.53966 -0.426101 -0.162638 
-0.932091 -1.01486 0.196366 -0.647159 0.729933 1.64049 0.774488 1.03825 -0.0554377 0.253282 1.15466 -0.838593 0.37421 -0.162265 -0.0252902 -0.639383 0.0374518 -0.0694487 0.847074 2.07457 0.0702132 0.130646 -0.250192 -0.487562 -0.299803 -0.26803 -0.0701844 0.606758 -0.141085 0.0837934 0.308757 -2.47099 -1.12043 -0.334966 1.89909 0.865782 -1.16067 -0.253052 0.764646 
-1.01829 -0.701136 0.118488 -0.519552 0.684059 1.31259 1.75037 1.26079 0.763099 0.652181 0.321538 -1.1983 0.135499 -0.0340113 0.354143 -0.0903291 0.308587 0.543958 -0.839206 -0.393811 -0.171321 1.06627 0.650357 -0.625989 -0.544806 0.189497 0.158949 -0.114513 0.324706 -0.730243 -0.0394074 -1.89243 -3.17788 -0.670246 0.135189 0.469921 0.0782593 0.369498 0.514694 
-0.966102 -0.660716 0.106037 -0.338572 1.27389 0.801282 0.380678 0.866929 1.01083 0.903639 0.528675 -1.3834 0.563707 -0.00331584 -0.139803 -0.314678 -0.692792 -0.108856 -1.04536 -1.10331 -0.600033 0.265834 0.219729 -0.409303 0.069695 0.246664 -0.0411546 -0.436042 0.596112 -0.0540211 -0.605947 0.622743 0.722289 0.188461 -1.265 -1.06038 1.3876 1.12491 -0.11591 
-1.02161 -0.840939 -0.19619 -1.21234 0.575203 0.267225 0.64707 0.660759 1.02893 0.871911 -0.0877648 -1.1286 0.382163 -0.0751659 -0.0818987 0.505783 0.254566 -0.0619895 -0.216463 0.328479 0.0171398 -0.198736 -0.410024 0.761609 0.580101 0.0735871 0.101794 0.217188 0.821078 1.30274 0.111902 0.518402 0.43117 0.843003 -0.691374 -0.774952 1.33716 0.49347 0.484218 
-1.04127 -0.742615 0.61182 -0.0840066 1.2119 0.584819 0.709157 0.884069 0.812092 0.493615 1.29028 -0.803299 0.637294 0.0984779 0.0773845 0.5064 0.609945 0.0030463 -0.526959 -0.672135 0.24297 -0.42554 -0.555223 0.927853 0.563165 0.730882 0.21887 0.229504 -0.588337 -0.596714 -0.35619 0.224858 -0.511088 0.0236918 0.138258 0.310545 -1.68848 -0.691987 -0.0437737 
-0.923131 -0.763555 0.31021 -0.602398 0.578249 -0.259734 -0.0250657 0.903728 0.603394 0.316688 0.840089 -0.565436 1.11304 0.143704 0.147605 -0.0825541 -0.342149 -0.41818 0.00839543 -0.18261 0.0408316 -0.0604775 -0.0994787 -0.926872 -0.111887 0.0298134 -0.048238 -0.0956203 -0.564523 -0.419947 0.304976 1.17691 1.48772 -0.25504 0.28733 0.593393 -1.4335 -0.47802 -1.18971 
-0.897564 -0.59501 0.529266 -0.426155 0.793721 0.593215 0.526547 0.9249 0.751614 0.394137 0.363412 -0.915185 0.667108 0.0502399 -0.0182358 -0.0581232 0.189999 0.308022 0.649956 0.815581 -0.0120704 -0.13821 0.0381707 -0.505648 0.0851451 -0.458824 -0.186363 -0.150906 0.255812 0.235563 0.291715 -0.505713 -0.198518 -0.0453828 -0.112887 -0.335298 0.266177 0.847695 0.574911 
-0.872891 -0.781791 0.252086 -0.412399 0.886272 0.390222 0.790516 0.891658 0.465184 0.354859 0.33444 -0.480291 0.654221 -0.0426584 -0.00330099 0.173258 -0.106586 -0.126465 -0.497318 -0.381128 -0.00455124 -0.173365 -0.434777 -0.660695 0.735808 0.604724 -0.139493 0.19284 0.250829 -0.196357 -0.325124 -0.277437 -1.14145 0.147448 0.58286 -0.853133 -1.02416 0.0864086 0.922458 
-0.940222 -0.598311 0.702524 -0.532741 0.667256 0.095897 0.145419 0.920349 0.57825 -0.0406405 -0.297283 -0.179377 1.27183 -0.0892533 0.174604 0.192706 -0.00635859 -0.017102 0.372519 -0.325871 0.135377 0.44465 -0.814962 -1.52981 0.171554 0.463634 0.0349057 -0.135572 -1.21117 -0.668863 -0.214973 1.00847 0.815149 0.0596972 0.140854 1.16447 2.42699 -0.754954 -0.900549 
-0.962145 -0.607187 0.444792 -0.418758 0.86917 0.762741 0.464644 1.02703 0.909834 -0.460103 -1.19537 -0.308737 1.11786 -0.0077527 -0.138873 -1.03791 -0.775448 -0.341438 0.511156 0.434021 0.055146 -0.0325108 0.729697 1.7663 -0.0191452 -0.295824 0.143474 -0.242949 -0.680081 -0.112336 -0.749574 -1.61659 0.140369 -0.13875 -0.939119 1.31301 3.63484 -0.291229 -0.795338 
-0.947975 -0.737183 -0.335389 -1.30819 0.325818 0.607053 0.579441 0.975495 0.545739 0.689057 1.46901 -0.198522 0.976008 0.0542206 -0.068345 -0.487376 -0.118695 -0.766676 -1.24408 -0.185502 -0.00337234 -0.494469 0.498043 2.10502 -0.119675 -0.331704 -0.0256792 0.0145573 0.635995 1.0214 0.285723 -1.39784 -1.50773 -0.317151 -0.325065 -1.35191 -2.36333 -0.693755 -0.683906 
-0.907924 -0.675532 -0.0425839 -0.537453 0.102494 -0.481335 0.279142 1.02366 0.415366 0.0379399 0.909653 -0.428412 0.786152 -0.0334319 -0.124315 -0.401918 0.24595 -0.0557149 -0.886679 -1.07371 -0.262005 -0.357575 -0.622218 -0.597032 -0.7129 -0.97973 -0.0849715 -0.00682504 0.660656 0.122751 1.37803 1.91618 -1.05082 -0.210487 0.739375 0.0959315 -1.59298 -0.729659 -0.697197 
-0.981407 -0.861498 -0.737307 -1.06224 0.270103 -0.279627 -0.494272 0.71349 0.188163 0.0668388 0.871982 -0.911422 -0.00372131 -0.0307509 -0.07517 0.17328 0.00405646 0.611356 0.672102 -1.23632 -0.21386 0.244907 0.593975 0.512041 -0.849334 -1.0289 0.0792158 0.4532 1.23285 0.141397 0.476941 2.63686 2.64503 0.501052 0.456815 0.582655 -0.176882 0.645383 1.04296 
-0.938675 -0.750702 0.130696 -0.533396 0.713849 0.190767 -0.957178 0.809803 0.660273 0.631915 1.42169 -1.27775 -0.242749 0.045784 0.328884 0.830935 0.387347 0.421226 1.75018 1.57132 0.239047 0.09924 -0.0395627 -0.773914 -0.0675171 0.0632292 -0.0455342 0.254795 0.549461 0.381795 -0.523696 -0.12679 3.78781 0.503524 0.0367314 -0.486838 -1.10437 1.98971 2.17715 
-0.935623 -0.532614 0.093628 -0.674893 0.691329 1.47055 1.07705 0.952537 0.287403 0.0272762 0.0980681 -0.978939 0.0595079 -0.076285 0.179625 0.722741 0.385851 0.0876597 0.545312 2.55149 0.289665 0.281638 0.107137 -0.592331 1.14037 1.14825 -0.18544 -0.459251 -0.333189 -0.43259 -0.358382 -2.64157 -1.57324 -0.141458 0.494892 0.449964 -0.025305 -0.622919 -0.376597 
-1.01496 -0.571077 0.853437 -0.147545 0.801509 0.736079 1.59431 1.09947 0.941911 0.739051 0.829364 -0.137374 0.905497 -0.139656 -0.130367 0.497746 -0.0452432 0.062844 -0.891385 -0.00192146 0.0975883 0.594132 0.410401 -0.799219 -0.690436 -0.313367 1.82357 -0.465147 -5.79074 -0.124519 0.60869 -3.79038 -1.37577 -1.80017 -0.968555 0.30997 -0.151065 -1.28862 -1.23361 
-1.07528 -0.662981 0.591374 -0.720136 0.754173 0.57917 1.07513 1.05012 0.881536 0.437677 -0.701151 -1.66938 -0.25386 1.74728 -0.285521 -5.068 0.261333 0.69635 -3.24507 1.17572 -1.51051 -0.686916 0.417107 -0.743396 -0.148252 -0.0853624 2.57852 -0.412974 -3.01082 0.580473 -0.0788003 -2.09414 0.875154 -1.85845 -1.42927 0.371851 1.72665 2.96398 1.62786 
0.732325 -0.856598 -4.21456 0.113788 1.49786 -2.50899 2.77003 -0.411038 0.254995 1.15616 0.085968 -0.285626 0.820134 2.43887 -0.543341 -2.51308 0.53523 -0.0159564 -2.98553 0.873232 -1.76087 -0.835138 0.782252 0.927429 2.27354 1.31449 -1.17677 -0.423403 8.99404 -1.36997 -1.66689 4.57564 -3.26237 1.48661 1.77347 -0.200405 -0.797581 0.880087 -0.244428 
1.36359 -1.20632 -1.9217 -0.184906 0.738217 -2.40636 1.94836 -0.71074 0.0463982 1.21993 0.226278 0.604166 1.06063 0.57051 -0.708924 3.92604 -1.10864 -0.970537 1.33057 -2.08665 -0.0238997 1.08655 0.216702 -1.54098 0.731835 -0.32979 -2.70374 -0.0208382 3.2901 -0.844254 0.421295 5.27245 -3.26971 2.49736 2.38607 -1.10382 -2.27533 -3.36247 -1.36172 
1.30283 -1.56552 -0.288516 -0.99485 0.527322 -1.17842 0.683383 -0.434937 1.34155 1.37286 -1.45501 0.44621 0.490345 -0.264871 -0.564179 0.777026 -0.309024 0.405339 2.28693 -2.39647 0.736494 1.55093 -0.321563 -1.3479 -1.08893 -0.0472305 -0.982673 0.832998 -5.44276 3.30499 1.94764 1.742 1.91704 0.386308 -0.750628 -0.355287 1.9608 -1.70585 -0.0848963 
1.09872 -1.7705 -1.14468 -0.49393 1.14356 -0.11943 -0.448113 0.0257539 1.59733 0.898366 -1.12162 -0.48476 1.0134 -0.412163 0.124073 -1.51672 2.19636 0.977099 3.07257 -0.169612 0.362408 0.335924 -0.138586 0.419824 -0.974013 -0.414686 0.0152807 1.91187 0.310214 3.05555 0.0250198 -0.132683 0.402728 -1.05776 -2.53243 0.494381 1.84705 1.28292 -1.38533 
0.890672 -1.44145 -1.80523 1.20151 1.50442 1.89416 0.513771 -0.0725296 1.67747 1.23427 -1.03518 -0.527803 0.0756583 -0.24959 1.34769 1.08724 2.74653 0.430359 2.15424 -1.99374 -0.321264 -0.9815 0.172818 0.499142 0.193994 -1.43256 0.345274 2.01349 3.40216 -0.847322 -1.89567 -4.67072 -1.89844 -1.11738 -1.78857 -0.470525 -0.617366 0.586155 0.167961 
0.849128 -0.422813 -0.0574367 2.2526 1.57391 2.03481 -2.44186 -0.29551 0.615831 1.07118 -0.622483 -0.290766 -0.419159 -0.0668892 2.13756 1.88544 1.34904 -0.918575 -1.59815 -2.06805 -0.754968 -1.45265 -0.609111 -0.197542 -0.387857 -0.246725 0.456104 0.103587 -1.42906 -2.88659 -2.08549 -4.10523 2.52321 -0.630354 0.662577 -0.797364 0.116382 -1.36311 1.95266 
0.823783 0.696115 0.0802061 2.55054 0.585846 0.296008 -1.55428 -0.827497 0.224826 0.625164 -1.23273 -0.91566 -0.171067 0.206514 1.45128 -0.341818 -0.140062 -1.65513 -1.95099 0.529465 -0.951619 -0.318923 -0.624547 0.615524 -1.16912 0.520102 0.344026 -1.64715 -2.41131 -2.376 -0.809828 2.28516 1.99924 0.319588 0.657368 -0.383767 2.07789 0.630255 0.67042 
1.05564 1.02846 -0.399254 2.11254 -0.0812132 0.0838248 -1.91239 -1.24713 0.296908 0.446637 -0.00695912 -1.45988 0.100943 0.277137 0.490417 -0.525872 -1.02697 -1.7284 0.687009 -0.068805 -0.435379 -0.795277 -0.992877 1.88035 0.242398 0.423696 -0.0320476 -1.24444 -0.249905 -0.715418 1.55187 2.14603 0.348708 0.793433 -0.930756 -0.230177 0.724648 2.65331 -0.541402 
1.10092 1.18653 -0.445666 1.52358 -1.14256 0.983017 -1.62308 -1.26288 -0.570451 -0.367714 0.647625 -0.673263 0.252629 0.174466 0.20683 -0.591722 -0.85548 -0.103259 0.195038 0.878172 -0.158186 -1.24968 -0.854724 1.34017 1.48419 -0.0213002 0.050671 -0.729634 -0.204079 1.00676 2.88636 -2.24271 0.298083 0.339759 0.665633 1.06679 -0.675048 0.592681 -1.1934 
1.23011 1.23529 -0.990977 1.25706 -0.184472 0.278863 -1.03422 -1.40531 -0.952771 -0.408087 1.33321 0.0243092 0.0796425 0.327808 -0.239217 -0.729951 -0.0202097 1.15796 -1.5557 0.229278 -0.09562 -0.129644 0.0739133 1.2053 0.835079 -0.769705 0.0290216 -0.408968 -0.130045 1.45814 -0.0970484 -1.50348 -0.868658 0.0828239 1.57476 0.90093 -1.23361 -1.07161 -1.02647 
1.42873 0.947315 -1.17562 1.50337 0.0154019 -0.572683 -1.39381 -1.3585 -0.700095 -0.2938 1.85293 0.161816 -0.517076 0.203488 -0.202137 -0.721767 0.602659 -0.200308 -1.30844 0.0095137 -0.0753621 0.325076 0.0462065 0.106565 0.41258 -1.04777 -0.351403 0.510118 0.106145 0.350966 -2.10379 0.927264 0.979674 -0.0197196 0.349167 -0.201627 -2.0833 -0.240082 -0.606009 
1.4336 1.03316 -1.71274 1.85972 -0.38478 -1.02958 -1.02471 -1.48068 -0.627695 -0.36188 1.43978 0.436889 -0.96813 -0.0235948 0.270901 -0.623806 0.330757 -0.945827 -0.628437 1.20895 -0.11534 0.219523 -0.127714 -0.877992 0.594996 -1.37571 -0.211169 0.275843 1.00024 -0.939181 -0.351102 0.962693 0.394167 0.129375 -0.273011 0.167503 -0.976928 -0.245355 0.763811 
1.40513 1.21822 -1.79942 1.83412 -0.930425 -1.20112 -0.184854 -1.47384 -0.480572 -0.421514 0.974937 0.756812 -1.89279 -0.00768191 0.0737059 0.278477 -0.336522 -0.55141 -0.345749 0.40368 0.0540131 0.0520656 0.21371 -0.870363 0.167225 -0.283961 -0.0309116 -0.280393 0.921973 -0.695356 0.941464 0.0964289 -1.44914 0.157058 -0.438879 0.600101 0.201388 -0.441153 1.18701 
1.42591 1.10686 -1.43427 1.5232 -0.93619 -1.37533 -0.621027 -1.42666 -0.575629 -0.14817 0.569415 0.604114 -1.25209 -0.0545064 -0.0094926 0.298168 -0.3646 -0.00436245 -0.532008 -0.240188 0.041718 -0.219356 0.472387 -0.676604 0.153843 -0.188705 -0.0773278 -0.0614062 -0.0766982 0.265258 0.511556 0.0745616 0.236838 -0.0770457 -0.262327 -0.171467 1.05584 0.1071 -0.481638 
1.35063 1.20872 -1.50125 1.46952 -0.934787 -1.73313 -0.425041 -1.43212 -0.699928 0.0508729 0.298333 0.910655 -2.08149 -0.0850097 0.0122997 0.201779 -0.0712633 -0.0398539 -0.271188 0.640518 -0.0230326 -0.210262 0.042243 0.185479 0.274325 -0.765599 0.0148732 -0.306928 -0.0690454 0.341521 0.0241556 0.312048 -0.650976 0.0103369 -0.425148 -1.13507 0.91464 -0.0875362 0.0308617 
1.3409 1.11916 -1.23249 1.45193 -0.976044 -1.64652 0.0194913 -1.4497 -0.785891 -0.105927 0.754894 0.87844 -2.01769 -0.0396332 -0.31642 0.229122 -0.0230787 0.0197931 -0.21996 -0.891164 0.0520549 -0.644504 -0.662684 0.238036 0.0663071 -0.157844 0.0679278 -0.252315 0.503295 -0.0342901 -0.00918568 0.199855 -1.88444 0.271882 -0.575163 0.163001 -0.248843 -0.00661029 1.20342 
1.31099 0.892302 -1.27213 1.44644 -0.914994 -1.95309 -1.31621 -1.38006 -1.34443 -0.611811 0.536369 0.976962 -2.23934 -0.0170819 -0.240015 0.705074 -0.105553 -0.0490396 -0.0713329 -1.24392 0.24885 -0.785425 0.205244 -0.0633642 0.267715 0.437824 0.0786143 0.22221 1.57842 -0.771855 0.225842 0.493045 1.56859 0.184507 0.243732 2.32795 -1.54324 1.51899 0.475299 
1.32382 0.879146 -0.527413 1.34638 -1.02508 -1.71785 -1.22443 -1.20085 -1.57132 0.0993164 0.69153 1.14615 -1.57987 0.0389811 -0.0942101 1.80754 -0.794934 0.245635 0.273085 0.67743 0.236562 -0.400771 1.66527 -1.30521 1.5853 0.317456 0.00334543 0.252322 -0.227427 -0.575091 0.134651 0.404619 1.69746 -0.192408 0.284088 0.187152 -1.73428 1.38034 -1.53408 
1.34997 0.798092 0.535412 0.651511 -0.66936 -1.68 -0.638775 -1.1435 -1.7452 1.05346 -0.768839 2.56226 -1.92188 -0.0137364 0.0123068 0.477647 -0.680644 0.0856113 0.333286 0.453538 0.0564415 -0.501337 0.392395 -1.79765 1.64805 -1.09626 -0.132483 0.262021 -2.67279 1.08718 -0.56835 0.0845685 -0.60608 -0.149094 0.302157 -2.91445 2.48203 -2.28191 -0.198547 
1.31009 0.891453 -0.0497661 0.665735 -0.939472 -1.38456 -0.77089 -1.14441 -2.07265 0.491712 -1.10612 2.79421 -2.67612 -0.0935017 0.167811 -0.86525 0.292244 -0.322715 0.357654 0.0713501 0.0874679 -0.0986144 -1.24918 1.17682 -0.696611 0.118908 -0.168242 0.0594045 -0.704918 0.800244 -0.193092 0.285099 0.462044 -0.152154 0.40662 -1.74917 2.30503 -2.82323 2.04774 
1.25647 0.965903 -0.329838 0.943755 -0.992075 -1.32235 -0.567425 -1.05603 -1.84382 -0.195728 0.407984 1.86565 -1.80297 -0.181978 0.0717113 -0.227271 0.119599 -0.107481 0.618385 0.915582 -0.0957128 -0.0947163 -1.35677 0.507382 -1.17517 0.951486 -0.111219 -0.122185 1.1232 -0.831921 0.122285 -0.166945 0.179348 -0.342445 0.180798 -0.221218 -2.76365 0.538122 -0.0917043 
1.12811 0.963164 -0.277037 0.785335 -1.04695 -0.766178 0.144692 -1.24012 -2.16737 -0.865061 -0.598736 1.61903 -1.72464 -0.204721 0.0456259 0.257949 -0.539677 -0.200431 0.190709 0.250698 -0.254977 0.0821833 -1.4704 -1.58682 -0.158488 0.0272042 0.000137083 0.219154 0.646294 -0.273748 -0.388044 -0.216139 -0.947455 0.0056723 1.02314 0.947274 -1.33957 1.05005 -0.0127944 
1.05175 1.01153 -0.0718887 0.404078 -1.19251 -1.13164 -0.316727 -1.31101 -1.76163 -1.66613 -1.17884 1.70717 -1.77577 -0.181841 0.290866 0.419023 -0.154149 -0.495525 0.402246 -0.0318733 -0.0900405 0.928425 -0.409499 -0.832192 -0.125128 0.938691 0.149299 0.105414 -0.144887 1.05568 0.0510788 0.684183 0.00773702 0.48834 0.5604 1.43863 1.66658 0.108369 0.990552 
0.946266 1.25403 0.141986 0.631186 -1.54248 -0.363932 0.112818 -1.33016 -1.23894 -1.27456 -1.43093 1.49391 -0.785945 -0.0554221 0.15104 0.113062 0.515999 -0.149352 0.874892 0.258435 0.233363 0.642583 -0.0317691 0.0797606 -0.0501198 1.01776 0.161419 -0.60489 -0.323727 0.253069 0.668085 -0.469376 -0.375644 0.222061 -0.979249 -0.635698 0.954146 0.0133003 -1.059 
0.99633 1.16257 0.0411735 0.920077 -1.34186 -0.256749 -0.0582918 -1.07765 -1.11905 -1.6979 -1.09908 1.65705 -0.758014 -0.0204217 -0.314024 0.0952962 0.0989198 0.17256 -0.0671302 -0.407517 0.132021 -0.0508233 -1.0452 0.121954 -0.111828 -0.120306 -0.127166 -0.175416 0.561221 -1.00004 -0.2749 -0.888756 -0.303027 -0.418274 -0.879118 0.184514 -0.766048 0.117433 -1.07665 
0.925844 0.940006 0.237282 0.730106 -1.36992 -0.431062 -0.294699 -1.19814 -1.28977 -2.31976 -1.30897 1.38208 -0.906251 -0.182588 -0.024376 0.674283 -0.484039 -0.424252 -0.0138639 -0.0445918 -0.184911 -0.236534 0.152745 -0.686288 0.0673128 -0.058893 -0.107267 0.410684 0.546859 -0.55327 -1.61541 0.387619 0.753434 -0.199965 0.0208383 1.6264 -1.15946 -0.335987 0.442002 
0.813742 1.13819 0.715456 0.436038 -1.76611 -0.270613 -0.102884 -1.26256 -1.35559 -1.54515 -1.78537 1.72436 -0.816907 -0.127689 0.0966604 0.642155 -0.454351 -1.44285 0.320488 0.345918 -0.0679445 -0.029985 0.581206 -1.0375 -0.447815 0.321696 0.0888896 -0.0688683 -0.372831 0.383876 -0.10378 0.347536 -0.129458 0.225243 0.0173872 -0.460894 1.13261 -0.483318 0.238635 
0.798155 1.03667 0.879438 0.275755 -2.81277 -0.110573 0.0512189 -1.26608 -1.31975 -1.73855 -2.34648 0.934263 -0.584555 -0.0936984 -0.0932443 0.301452 -0.100163 -0.528032 0.333672 -0.17405 0.0403319 -0.219147 -0.308149 0.446322 -0.416005 0.179742 0.0465263 -0.0767171 0.0334775 0.454196 1.96421 -0.41564 0.580138 0.380813 0.250267 -0.889902 1.47591 0.692534 0.517273 
0.720043 1.04495 1.01691 0.335875 -2.29414 0.0630598 -0.276933 -1.22223 -1.57473 -1.8533 -1.33904 1.30835 -0.637165 -0.0811627 0.0199433 0.675633 -0.000154946 0.521357 -0.0951517 0.926056 0.312868 0.220282 -0.308696 0.438403 0.244719 0.838969 -0.0287134 0.422192 0.106887 0.0292182 0.518121 0.0106357 0.745549 0.34572 1.35485 0.172472 -0.576177 0.24416 0.318318 
0.716993 1.05661 1.55507 0.2756 -2.29141 -0.205725 0.977275 -0.953214 -1.09947 -2.04725 -1.90807 1.17898 0.254414 -0.122412 0.328947 0.408339 -0.0709448 -0.00991109 0.344308 0.571499 0.386052 1.1357 -0.135677 -0.129855 -0.171846 0.49806 -0.270988 0.522975 -0.816039 -1.30848 0.735474 0.32881 -3.18138 -0.0651679 0.217157 0.852336 -0.387881 -0.941807 0.11513 
0.597632 1.3739 1.42525 0.26493 -2.30405 0.407368 0.294566 -0.836174 -0.439033 -1.98898 -1.4689 1.13651 -0.139105 -0.352151 0.542919 -0.140407 -1.30863 1.25683 0.233658 -2.25533 0.2477 0.43744 0.543641 0.0505215 -0.697088 0.954099 -0.274543 0.0776819 -0.0983607 -1.39323 2.21487 -0.366915 -2.14407 0.101457 -1.71847 0.653447 1.57207 -0.136483 1.39127 
0.364841 1.59953 1.41466 -1.03303 -1.03458 0.027933 -1.27805 -0.705514 -0.66203 -1.50361 -1.85755 0.481895 1.20851 -0.396955 0.406629 0.309978 -1.46418 2.20496 -0.0226066 -1.57257 0.487509 -0.582767 0.51777 1.44221 -0.308329 1.88933 0.135803 -0.542383 0.110854 0.279946 -0.62844 -1.45637 1.08808 0.17882 -0.983084 -1.11687 0.720117 0.252898 -1.27244 
0.200677 1.78053 1.73523 -1.19925 -0.0990944 0.384761 -1.278 -0.348665 -1.0218 -1.47121 -0.0266853 0.828179 1.75022 -0.216348 0.000535325 -0.0295525 -1.02869 0.628391 -1.22271 -1.16725 0.426521 -0.545644 -0.573228 0.770639 -0.44419 -0.318345 0.327396 -0.538683 -0.168217 1.3373 -2.71351 -0.868804 1.41062 0.0254341 0.581476 -0.954104 -2.05821 -0.879487 -2.46496 
0.148494 1.60006 1.38511 -2.06172 -0.406189 -1.19478 -2.4453 -0.278994 -1.20767 -2.07683 -1.08691 0.0377052 0.890168 -0.069559 -0.132054 0.141761 -0.126878 -0.508548 -0.891411 -0.16195 0.512943 -0.00129057 -0.436335 -0.615999 -1.18782 -0.575633 0.141061 0.142777 0.84995 1.86918 -0.174749 2.73928 2.90688 0.12498 1.00175 0.929797 -0.836936 -0.304388 0.41636 