0 0 0 0 0 0 0 0 0 0 0 0 0 0 0 0 0 0 0 0 0 0 0 0 0 0 0 0 0 0 0 0 0 0 0 0 0 0 0 
0 0 0 0 0 0 0 0 0 0 0 0 0 0 0 0 0 0 0 0 0 0 0 0 0 0 0 0 0 0 0 0 0 0 0 0 0 0 0 
0 0 0 0 0 0 0 0 0 0 0 0 0 0 0 0 0 0 0 0 0 0 0 0 0 0 0 0 0 0 0 0 0 0 0 0 0 0 0 
0 0 0 0 0 0 0 0 0 0 0 0 0 0 0 0 0 0 0 0 0 0 0 0 0 0 0 0 0 0 0 0 0 0 0 0 0 0 0 
0 0 0 0 0 0 0 0 0 0 0 0 0 0 0 0 0 0 0 0 0 0 0 0 0 0 -1.98873 -1.71719 0.685807 0.272701 1.12202 -0.95657 -1.01212 -0.0337894 -0.498398 0.416559 -0.501197 1.4874 -0.820255 
0 0 0 0 0 0 0 0 0 0 0 0 0 -1.98873 -1.71719 0.685807 0.272701 1.12202 -0.95657 -1.01212 -0.0337894 -0.498398 0.416559 -0.501197 1.4874 -0.820255 -1.03135 -0.780015 0.946066 -0.137413 0.932131 -0.612328 0.0213273 1.63459 1.2075 2.11379 0.0242951 1.67446 -0.497874 
-1.98873 -1.71719 0.685807 0.272701 1.12202 -0.95657 -1.01212 -0.0337894 -0.498398 0.416559 -0.501197 1.4874 -0.820255 -1.03135 -0.780015 0.946066 -0.137413 0.932131 -0.612328 0.0213273 1.63459 1.2075 2.11379 0.0242951 1.67446 -0.497874 3.03202 2.65831 -0.533139 -0.408592 -1.03177 2.08076 2.33253 1.66789 1.73733 0.638435 1.77848 -1.33213 1.66848 
-1.03135 -0.780015 0.946066 -0.137413 0.932131 -0.612328 0.0213273 1.63459 1.2075 2.11379 0.0242951 1.67446 -0.497874 1.04329 0.941114 0.152668 -0.135891 0.0902535 1.12419 1.3204 1.6341 1.23893 1.05499 1.27728 0.155273 0.848228 1.09497 0.813863 -0.845952 0.257751 -0.732375 0.870076 -0.190751 -1.09766 -1.8777 -4.11793 -0.133126 -2.83357 0.818407 
-0.945449 -0.776081 0.838475 0.136809 1.21228 0.167624 0.308282 1.60031 0.740536 1.47155 0.776083 1.64268 0.0279735 0.0636266 0.0338479 0.100114 0.120338 0.199756 0.257748 -0.169424 0.536936 -0.670201 -2.00414 -0.108831 -1.15912 0.320534 -1.08785 -1.11956 -0.156124 -0.236162 -0.315079 -1.7522 -1.52406 -0.918068 -1.39673 -1.5876 -1.27002 -0.573978 -1.18424 
-0.967721 -0.746167 1.04618 -0.0170753 1.13189 -0.35458 -0.148097 2.17153 0.537303 0.10965 -0.0845361 0.515343 -0.17734 -0.0445618 -0.178442 -0.00345597 -0.372053 -0.224825 -0.628007 -0.20366 0.716032 -0.157795 -0.532607 0.0072581 -0.418704 -0.336007 -0.0516667 -0.210293 -0.340484 -0.0226946 -0.12508 0.233042 1.0856 -0.350497 1.30882 2.68613 -1.5506 0.792156 -1.00193 
-0.990011 -0.954523 0.835019 -0.235244 0.98745 -0.460383 0.104622 2.31634 0.582741 0.938946 0.783342 1.22397 -0.308034 0.0119599 -0.176445 -0.24037 0.0976432 0.0746766 0.49079 0.916171 0.186439 0.638622 0.681985 -1.65943 -0.36696 -0.6814 0.15765 0.406482 -0.022115 0.457571 0.201071 0.927201 0.587833 -0.827087 0.456943 0.518886 -1.34208 -0.113728 0.751815 
-0.955762 -0.922612 0.80581 0.0805679 1.20656 0.13621 0.768075 2.35797 1.17593 0.791634 -1.74397 0.148383 -0.85874 0.113089 0.22804 -0.0255709 0.0855175 -0.0237541 0.299193 0.384173 -0.111056 0.299148 -0.0137209 -1.33482 -0.532433 0.415808 -0.0463888 0.12852 0.233393 -0.00230809 0.0284201 -0.629669 -1.74403 -1.34882 -1.20553 -1.97528 2.35372 0.407239 1.05177 
-0.876922 -0.726483 0.809448 -0.149726 0.963696 -0.16119 0.488796 2.20529 0.881888 0.925225 -0.551482 0.691539 0.107774 -0.0344288 -0.0479252 -0.00697635 0.0953351 0.103097 -0.138879 -0.827857 -1.16238 -0.56691 -1.2933 0.69429 0.0402791 0.370366 -0.215517 -0.306742 0.262444 0.378083 0.403527 0.288085 -0.631627 -0.918931 -0.477003 0.010705 1.92231 1.41796 0.341187 
-0.99019 -0.970537 0.798834 0.175903 1.30966 -0.00266925 -0.0597824 1.19559 0.609015 -0.501661 -1.04968 0.188662 -0.488374 -0.102429 -0.0787026 0.236873 0.463601 0.379772 0.587278 -0.247454 -1.02999 -0.177856 -0.00301587 0.587482 0.885531 0.756995 0.0518009 0.182615 0.240051 0.243977 -0.0955856 0.0227351 0.566387 1.47481 0.374442 2.43742 -0.203886 1.35497 2.46184 
-0.979351 -0.805186 1.04632 0.313874 1.34347 0.426088 0.241342 1.1753 0.704032 0.92221 0.0360004 1.57707 0.864769 0.0173721 0.13469 0.233074 0.339312 0.00751107 -0.116144 -0.26147 0.312432 -0.192469 1.14413 0.490404 1.39525 2.8322 0.109085 -0.0501599 -0.327985 -0.487916 -0.561338 -1.43899 -0.261039 1.60145 0.151008 -0.85723 -0.854757 -1.40965 -0.836632 
-0.972818 -0.835847 1.03191 0.515215 1.31717 -0.118813 -0.321253 1.50802 0.416546 0.642465 -0.559275 1.58391 2.34383 0.00665584 -0.128862 -0.0911129 -0.0243147 -0.181565 -0.851717 -0.508493 0.571467 -0.0268474 -0.860246 -0.267274 -0.524119 -0.0796371 0.0818038 -0.282655 -0.583751 -1.0072 -0.196119 0.299152 0.414097 -0.528726 -0.0650966 -1.02674 -0.325958 -2.6314 -4.98549 
-0.972695 -0.934048 0.955208 0.28956 1.1619 -0.425629 -0.267151 1.74677 0.677185 0.0619635 -0.231274 1.05295 0.785132 0.0991759 -0.147965 -0.350677 -0.66789 -0.188608 0.183008 0.152627 -0.216294 -0.257565 0.117384 0.164446 -1.23616 -2.15328 -0.0373688 -0.147009 -0.606673 -0.786781 -0.186669 0.37606 -0.194761 -1.75277 -0.959655 -0.196457 -0.235 -0.529236 -0.474259 
-0.873642 -0.983813 0.681231 -0.152675 1.12856 0.0641943 -0.168626 1.29173 0.158981 0.759848 -0.394829 0.347749 0.190546 -0.0307129 -0.275872 -0.697786 -0.811095 -0.368234 -0.475656 -0.703253 -1.18131 -0.986502 -1.0567 -0.502275 -1.05336 -0.553896 -0.214748 0.1746 0.354467 1.08032 0.101352 -0.298609 0.336427 0.376226 0.855681 -0.824953 -0.198326 1.2864 2.44784 
-1.00341 -1.20992 0.257422 -0.521536 0.793669 -0.901285 -0.970404 0.56546 -0.309317 -0.994739 -0.733549 -0.000404056 0.231236 -0.115572 0.0266344 0.00379037 0.412432 -0.0872563 -0.115601 0.489054 0.159932 0.598116 -0.70757 -0.0338798 0.0502455 0.294555 0.142897 0.552877 1.41714 1.50816 0.679362 0.720217 1.18928 2.1576 2.72912 3.13765 -0.29056 1.72803 1.78308 
-0.989214 -0.957178 0.685022 0.259757 1.04131 -0.051407 0.320428 1.45166 0.757097 0.0522784 -0.428708 0.397995 0.485101 0.112184 0.277005 0.719354 0.697061 0.311128 0.244561 0.486028 0.976293 1.74262 2.08095 -0.792835 0.674673 1.22919 0.142459 -0.329651 0.195893 -0.852756 -0.01291 -0.00351665 -0.613336 -0.0907575 -0.691782 0.686627 -1.12259 1.09255 0.49859 
-0.891224 -0.932915 0.976776 0.175525 1.1048 -0.656724 -0.484376 1.54175 1.4333 1.08621 -1.52638 0.674268 1.46042 0.0268873 -0.303017 0.199683 -0.440325 -0.100166 -0.119118 -0.124282 0.0691744 -0.0936657 -0.0209424 -1.15647 1.14279 0.793144 -0.142475 -0.0734462 -0.521886 -0.927703 -0.22912 0.0891775 -0.18981 -1.52443 -2.57839 -3.67686 1.29807 -0.290491 -1.51769 
-0.962327 -1.26019 0.884705 -0.180568 0.941141 -0.170525 0.196146 1.52083 0.663431 0.031336 -1.58518 1.54079 1.27825 -0.0302917 0.203559 0.197468 -0.230643 0.0820074 0.333738 0.296218 -0.548132 -0.835778 -1.59591 0.505235 0.384182 -0.288503 0.00216402 0.408626 -0.111335 -0.300645 0.0355877 -0.25042 -0.361331 -0.81548 -0.0831511 0.356253 2.62254 -1.24195 -2.53988 
-0.921516 -0.729355 1.17424 -0.0551177 1.1868 -0.322986 -0.188159 0.993622 0.59752 -0.509705 -1.02115 1.05845 1.17192 0.0290514 0.10561 0.0883479 -0.74097 -0.0645786 -0.369538 -0.485613 -0.746306 -0.176817 0.335311 1.46607 -0.0991593 -1.74674 0.145662 -0.457911 -0.298849 -0.0874192 0.0329612 -0.23688 -0.345324 0.0909277 0.806878 2.41078 -0.507668 -1.13391 -1.15186 
-0.933275 -1.15459 0.973053 -0.921538 0.876562 -0.540063 -0.289467 0.774526 0.486614 0.366647 -0.119107 1.44163 -0.468493 0.11537 -0.254352 -0.10138 -0.318062 0.114969 0.0968585 -0.0491064 -0.457204 -0.0289002 0.814868 -0.00243288 -0.74973 -1.44036 0.131279 -0.364911 -0.133962 1.15235 0.417342 0.853945 0.289587 0.946167 0.100514 1.98456 -1.56342 -0.773789 0.491741 
-0.806146 -0.983707 1.07286 -0.37318 1.30177 -0.226127 -0.237265 0.536418 0.56862 0.305163 -1.02358 0.30872 -0.268445 0.16033 -0.259301 -0.0456139 0.41138 0.352763 0.484406 -0.196026 0.199861 -0.0763027 2.31987 -0.0973483 -0.872949 -1.255 0.0172732 -0.248741 -0.15869 -0.197222 -0.395102 0.0527848 -0.173465 0.48937 -0.5328 0.208508 0.878623 2.06576 1.4218 
-0.772945 -1.41389 0.927439 -0.510158 1.22933 -0.0556569 -0.485494 0.974387 0.410312 2.68652 -0.216456 0.568679 -1.72349 0.132643 -0.503093 -0.26007 -0.515284 -0.280133 0.149643 -0.222571 0.0321657 -0.5617 1.02338 0.87619 1.31603 -0.0185604 -0.103813 -0.29915 0.108717 -0.377514 -0.376099 -0.275802 0.614526 -0.0497365 -0.233052 -2.4713 -0.427085 1.08082 3.75977 
-0.673502 -1.4868 0.812794 -0.888464 1.02164 -0.0764841 -0.459836 0.568584 0.00692014 1.32854 -0.147392 1.62475 -0.287006 0.0565168 -0.558451 0.0631027 0.0338661 -0.0233356 0.208604 0.418499 0.150125 -0.309355 -0.151429 -0.524433 0.207866 2.50477 -0.151711 -0.228872 0.397461 0.585883 0.12154 -0.688398 -0.939388 -0.195979 0.381832 -0.623415 -3.10338 -3.49592 -0.841897 
-0.716428 -1.97234 0.990541 -0.476292 1.20599 0.152948 -0.0669946 1.12451 0.100957 2.53509 -0.740889 0.776546 0.781278 -0.0190671 -0.731965 0.137391 0.0705987 -0.158593 -0.538754 -1.16196 -0.163814 -0.179868 0.39996 -2.22719 -2.17989 -0.860457 0.0457045 0.421754 0.0700834 -0.32786 -0.19154 -0.228155 -0.877219 -0.61536 -0.122307 -2.10431 0.746883 -0.748191 -3.05608 
-0.692569 -2.21876 0.950185 -0.817865 0.863047 -0.615238 -1.6218 0.40477 -0.172948 1.7285 -2.37459 -0.555141 -1.14746 0.102221 -0.136698 0.133186 -0.293994 -0.214876 -0.0195504 -0.458719 -0.465235 -0.431662 -2.25574 0.22245 -0.540324 -0.551308 0.149361 1.02366 0.312592 0.366979 0.392458 1.24169 2.35943 0.404989 1.19507 -0.970666 4.67969 3.36464 1.97916 
-0.614207 -2.10904 1.12373 -0.770286 0.991114 0.133397 -0.525714 0.659277 -0.330705 0.279353 -0.518439 0.236221 0.22997 0.130294 0.291695 0.449983 0.437578 0.233865 0.702931 1.19747 0.241175 1.0152 -0.570705 2.45249 1.18475 1.1187 -0.0755397 0.12722 -0.225975 0.242147 0.248996 -0.237664 1.04562 0.83709 1.06778 3.51721 0.461013 1.49239 -0.260333 
-0.562276 -1.92707 1.40017 -0.380287 1.09691 0.0876929 -0.424326 0.645945 0.842253 1.15779 0.0779093 0.62961 -0.028763 0.0266816 -0.00947786 -0.092789 -0.0518474 0.0341201 -0.257214 0.586904 0.371854 0.636113 1.26147 0.683463 0.952064 -0.811641 -0.170343 -0.248521 -0.745254 -0.195659 -0.145429 -0.841468 -0.259651 -0.333817 -1.32555 0.881863 -2.15284 -0.195421 -0.167473 
-0.587525 -2.11851 1.03094 -0.822134 1.02523 -0.123817 0.0611902 1.03113 0.305409 1.54083 0.165025 1.18828 -0.581671 -0.040049 0.0431742 -0.295271 0.241918 0.0884357 -0.138537 0.937818 -0.0926419 -0.310348 0.311158 0.299652 0.98933 0.951227 -0.00295109 0.126321 -0.0877175 1.13972 -0.00251544 0.295551 0.0166543 -0.943164 -1.20921 -0.647647 -1.30597 -1.91972 1.81251 
-0.602325 -1.88389 1.1049 -0.138369 1.18535 -0.0508438 0.513492 0.553303 0.531904 1.46895 0.377561 1.61894 0.922464 0.0237306 0.116843 -0.180506 1.08787 0.0316047 0.0383364 0.603558 -0.57131 -0.573101 0.613825 -0.622509 -0.967656 1.00087 0.271181 1.83118 0.589148 0.0840958 -0.811363 -1.24853 -2.46528 -0.64546 -1.30595 -0.842073 -3.02365 -2.92982 -2.08228 
-0.563795 -2.00167 0.850432 0.265741 1.05684 -0.0854809 0.664749 0.459821 -0.267693 2.15465 -0.457484 0.220629 0.419199 0.231132 1.87435 0.293877 0.326014 -0.722927 -1.38706 -1.52746 -0.738102 -1.6163 -0.530915 -2.724 -1.94049 -1.13105 0.481979 3.51936 1.09648 -2.46405 -1.32529 -0.873535 -1.74168 0.36 0.278015 -4.1556 0.670637 2.38344 0.387054 
-0.371193 -0.00954451 1.39877 0.187645 0.46242 -1.43791 -1.01397 -0.184799 -1.08439 0.938037 -2.34644 -0.321546 -0.208585 0.50571 3.63621 0.915976 -1.37618 -1.29369 -0.835198 -1.13812 -0.21131 -0.295086 -3.54177 0.0481278 1.41578 1.38792 0.656197 -0.155819 -1.01751 -1.54245 -0.676088 2.08606 3.16961 -0.62231 1.81418 -0.590419 5.0304 2.21269 3.32037 
-0.0580848 1.63454 1.76641 -1.11044 -0.236851 -0.920679 -0.473373 0.248512 -0.562779 -1.38712 -0.409356 1.63641 1.80712 0.887329 1.71853 -0.72363 -1.21644 -1.39902 0.698999 1.64215 -1.36041 0.197884 -1.12133 2.3064 0.272202 2.18932 0.289641 -3.54852 -2.46855 2.3784 -0.00183714 1.25281 3.12224 -1.89677 -0.0615274 5.36218 -0.788173 -2.60712 -2.64634 
0.516137 1.70899 0.675145 -1.02879 -0.936596 -0.738909 0.628187 -1.54521 -0.886507 -0.183297 -0.0400394 -0.0493443 1.98074 0.795351 0.0876893 -1.55257 1.00222 -1.29553 0.417608 1.98412 -2.10808 -0.356614 1.82041 -0.740045 -1.19133 -1.25842 -0.401016 -2.16304 -0.0292243 2.11503 0.950072 -0.336181 -1.06641 1.76742 0.241412 1.32574 -2.60506 -0.376828 -3.25179 
0.737266 1.72223 0.213839 -0.108216 -1.53238 -0.503071 1.51075 -1.85957 -0.919392 0.433285 -1.1494 0.445079 0.548703 0.486314 -0.444509 -0.752854 0.898594 -0.448943 0.362818 0.575746 0.407011 0.439296 0.20441 -0.298653 -0.104626 -1.06247 -0.471788 -0.709351 1.17025 -1.10798 1.10378 0.776418 -2.40015 3.31882 0.384171 -2.93853 1.87063 0.307671 1.92241 
1.00245 1.26448 -0.0777094 -0.130199 -1.38554 -0.376091 1.20393 -1.1382 -0.447211 0.0211138 -0.338693 -0.15397 0.918269 0.323563 -0.621662 -0.382316 -0.105756 -0.191749 1.19403 -0.416026 1.21074 0.0275571 -1.11813 1.13059 -0.883663 0.663993 -0.310134 0.116567 0.765206 -1.21993 0.210161 0.666946 -0.343256 0.0265082 -0.631736 -1.06189 0.912782 -0.537619 1.54401 
1.06083 1.10057 -0.168477 -0.213972 -1.72413 0.690955 1.09472 -0.648831 -0.891835 -0.684841 -0.0188147 -0.438584 1.2127 0.17618 -0.327943 0.0123523 -0.321341 -0.238783 1.02976 0.232491 0.433519 -0.19244 -0.857482 0.614128 -0.642245 0.481546 -0.180103 0.403088 0.282092 -0.13877 0.195419 -0.791295 0.375643 -1.00833 -0.0641707 1.61713 -1.1962 0.500678 -0.161532 
1.17863 0.936535 -0.0653571 -0.45154 -1.62432 0.653672 1.43642 -0.70468 -0.639651 -0.836368 0.275435 -0.796215 1.39982 0.143459 -0.218574 -0.100224 -0.244527 0.00366992 0.402732 -0.040383 0.202406 -0.0366136 0.499004 -0.0656096 -0.382984 0.502462 -0.088573 0.120548 -0.336701 0.101624 0.283326 -0.737751 -0.968588 -0.141926 -0.479378 0.717561 -0.875649 0.0559182 -0.940042 
1.20429 0.881991 -0.268701 -0.458499 -1.72046 1.09369 1.05434 -0.446424 -0.928449 -0.185837 -0.0844243 -0.821568 1.71516 0.0876067 -0.207395 -0.324349 -0.219717 0.0445436 0.292013 -0.736097 0.291593 -0.671818 -0.139921 -0.26152 -0.586327 -0.458496 -0.0240535 -0.151976 0.0689817 -0.292518 0.436512 -0.767652 0.0412205 -0.412298 -0.0996235 -1.41541 0.0208239 -0.0455137 -1.14224 
1.26624 0.72914 -0.389706 -0.671258 -1.57978 0.945685 0.700327 -0.413087 -1.31147 -0.976289 0.013915 -1.38254 0.941319 0.119406 -0.37055 -0.0312424 -0.537045 0.440181 -0.36492 0.000837503 -0.209892 -0.136237 -0.916407 -0.0447857 -0.428498 -0.639774 -0.00961741 0.226891 0.195272 0.198902 0.258909 -0.117452 0.989955 -0.534128 1.02915 0.252653 0.467536 0.935627 0.677295 
1.32369 0.511441 -0.299944 -0.995544 -1.28028 0.728767 1.05518 -0.656317 -1.06469 -1.10224 -0.12921 -1.25007 1.07538 0.0779893 0.0194961 -0.129077 -0.0208151 0.303453 0.17456 0.253858 -0.242535 0.357333 0.112732 0.206015 0.349301 0.218798 -0.112969 0.578104 -0.19498 0.738861 -0.519438 0.753916 0.115138 -0.136583 0.0897223 0.791056 0.264317 0.406545 -0.176358 
1.34423 0.748636 -0.518783 -0.692073 -1.27633 1.12025 0.954185 -0.655622 -0.954136 -0.863557 0.21993 -1.03324 1.16012 0.00643639 0.207554 -0.226223 0.201816 -0.079257 0.388996 0.115975 -0.346475 -0.0465147 -0.12535 0.219532 -0.0219528 -0.816132 -0.131488 0.114811 -0.403755 0.365024 -0.530618 0.0612231 -0.210895 -0.24329 -0.565632 -0.566169 -0.688421 -0.438625 -1.0258 
1.33013 0.718995 -0.526167 -0.793727 -1.35953 1.11776 1.17115 -1.00279 -1.1112 -1.22759 0.0903217 -1.27202 0.259252 -0.0534982 0.134307 -0.532832 0.344209 -0.227165 0.235784 0.0429634 -0.485825 -0.208299 -0.453437 -0.482406 -0.0893248 -0.807002 0.00426123 -0.107605 -0.206566 0.320267 0.233575 -0.398782 0.253355 0.267793 0.416139 0.144155 -0.375748 0.498984 1.49259 
1.29073 0.882943 -1.05162 -0.347864 -1.50349 1.35603 0.997149 -1.14145 -1.16243 -1.31699 -0.262475 -1.12257 0.353115 0.0106976 0.0999484 -0.432789 0.522084 0.154318 -0.00978562 0.36933 -0.0786816 0.369624 0.0188051 -0.156217 0.477031 0.67646 0.104296 -0.627536 0.610346 -0.831448 0.424 -0.711085 0.000736617 0.142484 -0.128541 0.121243 -0.563315 -0.377379 0.898317 
1.34083 0.818943 -0.958955 -0.271644 -1.20521 1.10798 1.54048 -1.08147 -0.741576 -1.20879 -0.065895 -0.794988 0.935712 0.0507977 -0.493229 0.0775134 -0.487239 0.196835 -0.475302 0.0437001 -0.343341 -0.33684 -0.332194 -1.04572 -0.466703 0.0913148 -0.0630138 -0.331634 0.242107 -0.879185 -0.156122 -0.0766769 -0.922331 0.236702 -1.11233 -0.00954928 -0.435369 -1.01615 -0.898324 
1.34153 0.389713 -0.974103 -0.835103 -1.30666 0.880728 1.04085 -1.48479 -1.49927 -1.64919 -1.3082 -1.58927 0.44443 -0.0523162 -0.231685 -0.190681 -0.357101 -0.00180388 -0.0864625 -0.553001 0.158021 -0.74271 0.00925578 -0.591585 -0.539123 -0.221865 -0.141251 1.04138 -0.35057 1.22186 -0.0105374 1.18647 -0.179978 1.42193 0.634009 1.04748 2.26576 1.04416 0.157124 
1.28851 0.587258 -1.14964 -0.628745 -1.20702 1.02152 0.98748 -0.923452 -1.48429 -1.19953 -0.65748 -1.33411 0.713848 -0.090453 0.54815 -0.273057 0.734624 0.186298 0.711163 -0.136278 1.07859 0.297169 0.71529 1.22004 0.577452 0.248439 0.069838 0.411723 0.105265 0.881586 0.269511 0.563258 0.503684 0.466827 1.33762 -0.277093 1.46051 0.869831 -0.205459 
1.25107 0.937863 -1.24716 -0.100479 -1.12036 1.59189 0.90457 -0.406195 -1.2021 -0.933899 -0.0881591 -1.01182 0.692869 0.0175218 0.180037 -0.0854163 0.524485 0.267707 0.476796 -0.0493174 0.624848 0.594911 -0.267838 0.868927 0.330708 -0.427324 0.133113 -0.904571 0.272163 -1.01059 -0.0164761 -0.901702 0.144453 -1.10366 -0.028824 -1.10165 -0.552142 -0.54542 0.0463314 
1.30603 0.767295 -1.23505 -0.10426 -0.93931 1.49831 0.938162 -0.298604 -0.889376 -1.46737 0.211447 -1.0034 0.286524 0.0426598 -0.356421 -0.000893672 -0.275964 0.169822 -0.190538 0.0081748 -0.0250704 0.268345 -0.386361 0.667895 0.0320318 0.29477 -0.0672688 -0.232788 -0.242296 -0.546568 -0.712897 -0.465644 -0.341999 -0.972242 -1.10345 0.225664 -1.0405 -0.694608 -0.393429 
1.29373 0.581443 -1.24805 -0.376444 -0.950536 1.40135 0.912745 -0.431265 -0.933759 -1.32026 0.579736 -0.979786 0.987639 -0.049747 -0.0527501 -0.327712 -0.0220835 -0.44519 0.0111513 -0.391316 -0.347394 -0.50854 -0.042174 -0.171575 -0.363901 -0.820753 -0.0676743 0.465107 -0.121896 0.290009 -0.416657 -0.102867 -0.0973685 -0.200322 -0.657852 0.420908 -1.00826 -0.107109 -1.76102 
1.25629 0.714545 -1.56277 -0.126343 -1.3845 1.50946 0.546846 -0.645998 -1.39792 -1.50954 0.0398716 -1.36731 -0.534229 -0.0250145 0.108687 -0.12279 0.0140444 -0.246836 -0.293405 -0.0891937 -0.225393 -0.389506 0.0345467 -0.340363 -0.0750767 -1.46625 0.10917 0.0710524 0.812031 -0.354604 1.02524 -0.352757 1.16378 0.426637 1.38844 0.602626 0.988791 1.27419 1.19249 
1.26872 0.69013 -1.37084 -0.362399 -1.19737 1.10795 0.823551 -0.656658 -1.32327 -1.28571 0.239373 -1.05486 -0.478615 0.0594233 0.0183023 0.484319 -0.376688 0.580049 -0.341606 0.772467 0.0792428 0.879901 0.560452 0.817216 0.910285 0.371742 0.0208414 -0.250352 0.286209 -0.327713 0.337539 0.157169 0.647072 0.0287143 0.646279 0.472112 0.945651 0.0844799 1.33925 
1.31571 0.732848 -1.07845 -0.503031 -0.804452 1.16786 1.31931 -0.566755 -0.518015 -0.949092 0.857088 -0.45702 -0.162487 -0.00417312 -0.141665 0.163419 -0.313669 0.0907032 -0.136236 0.557878 -0.196679 0.256773 0.506658 0.605288 0.00940316 -0.127003 -0.122762 0.179801 -0.644666 0.615472 -1.09617 1.01822 -1.2639 0.106761 -1.43878 0.24503 -1.17335 -1.41551 -0.781884 
1.26454 0.548464 -1.20742 -0.676068 -1.10667 0.971711 1.38143 -0.853337 -1.06649 -0.779055 0.844661 -1.04546 -0.605618 -0.0633387 0.198103 -0.160347 0.238784 -0.516117 0.67661 -0.491436 0.186004 -0.558878 0.805482 -0.356135 -0.505222 -0.410143 -0.015009 0.377795 -0.178051 0.524654 -0.32971 0.817446 -1.27918 0.702739 -0.21782 0.0660368 -0.495972 -0.200493 0.559365 
1.25237 0.930951 -1.23879 -0.264247 -1.32057 1.84447 0.827878 -0.380752 -1.07689 -0.14361 0.500953 -0.962242 -0.57263 -0.0191821 0.23613 -0.0146318 0.210985 -0.239007 0.68121 -0.721298 0.50606 0.0389526 0.572695 0.109316 -0.19109 0.432362 0.0158727 -0.354581 -0.0814513 -0.529718 0.331609 -1.41312 0.123539 -0.789366 0.259166 -1.28588 -0.310716 -0.097268 0.103329 
1.24536 0.784594 -1.22205 -0.465083 -1.34568 1.65292 0.660132 -0.347276 -1.02754 -0.20636 0.953977 -1.23655 -0.173256 -0.047466 -0.156477 -0.241798 -0.290933 -0.184508 -0.736511 -0.367897 -0.603362 -0.299712 -0.480395 -0.666851 -0.60249 -0.306814 0.0909119 -0.446541 0.417825 -0.532839 0.804139 -1.58091 1.45818 -0.768701 0.445747 -0.760444 -0.159416 0.422089 -0.0987012 
1.20491 0.774474 -1.48059 -0.55518 -1.50508 1.10796 0.459981 -0.984114 -1.37661 -0.624005 -0.165898 -1.56473 -0.879444 0.0717298 -0.210411 0.403193 -0.321854 0.565132 -0.899705 0.736879 -0.26264 0.4847 -0.187749 -0.0500999 0.231 0.333661 0.058501 -0.134854 0.353915 0.0805662 0.622468 -0.00336675 0.564827 0.909832 0.634216 -0.304426 1.06169 1.01315 0.787787 
1.31709 0.574183 -0.818862 -0.786937 -0.780543 0.753217 1.39701 -0.609917 -0.54284 -0.394109 0.903877 -1.00555 0.160405 0.011035 -0.291332 0.112117 -0.210367 0.43796 -0.739878 0.19693 0.30647 0.334504 -0.784821 0.394838 0.410662 0.480974 -0.216681 0.23335 -0.792702 0.599736 -0.960822 1.04164 -1.09064 0.383169 -1.05616 -0.48912 -0.340236 -0.197061 -0.644113 
1.21594 0.483142 -1.36847 -0.765547 -1.06712 0.368077 0.656912 -0.677644 -1.0421 -1.40883 0.22894 -1.15407 -0.39847 -0.144951 0.0229389 -0.389509 0.277882 -0.39569 0.141933 -0.353757 0.120528 -0.571457 -0.676869 -0.390336 0.0339392 -0.310452 -0.0872612 0.42742 -0.101265 0.273377 -0.722716 1.14211 -0.300931 -0.47067 -0.74224 0.85271 -0.145262 -0.633207 -0.547319 
1.17214 0.597122 -1.20837 -0.509055 -1.17623 0.89515 1.04325 -0.489389 -1.1143 -1.07098 0.513541 -0.97161 -0.150048 -0.0762262 0.136088 0.0108518 0.0630093 -0.284756 0.402237 -0.104001 -0.1642 -0.407736 0.067889 0.249575 -0.222545 -0.0663457 0.12234 0.10226 0.269992 -0.284435 0.389824 0.0626301 0.13619 -0.283449 0.512596 0.906392 1.21495 -0.199694 0.301763 
1.13971 0.61923 -1.35762 -0.702538 -1.35187 0.770314 0.552911 -0.841845 -1.44984 -1.34094 0.478515 -1.37662 -0.464816 -0.0226104 0.125199 -0.119517 -0.006553 -0.00586556 0.204563 -0.217566 -0.16292 -0.0588615 0.229523 0.824615 -0.165755 -0.00868977 0.0406399 0.0499456 -0.19927 0.137231 0.341647 -0.085257 -0.201579 1.09358 0.259511 0.593288 0.352832 0.640393 -0.133823 
1.14953 0.722321 -1.32789 -0.515608 -1.1821 1.09971 0.825688 -0.652309 -1.17316 -0.841455 1.33816 -1.13737 -0.158737 -0.0355863 0.186034 -0.188418 0.200241 0.0568908 0.31698 -0.305579 0.929384 -0.148225 0.661177 0.602408 0.417848 -0.200169 0.0861623 -0.553878 0.466374 -0.634892 0.505306 -0.92539 0.305713 0.452246 -0.0876061 -0.477342 -0.719053 0.371007 -0.565282 
1.10413 0.805264 -1.54604 -0.502297 -1.29498 1.08729 0.247332 0.0875394 -1.59806 -0.679761 1.08092 -0.958768 -0.664985 0.0635519 -0.42868 0.346857 -0.641445 0.49944 -0.720827 0.088147 0.289325 -0.146468 -0.247819 0.105562 0.205253 -0.573972 0.108527 -0.403063 0.882485 -0.450715 0.537383 -0.386802 1.00776 -1.60987 0.492513 -0.661608 0.232087 -0.77556 -0.0905399 
1.21308 0.293641 -0.981032 -1.15705 -0.682658 0.378887 0.913835 -0.362984 -1.31963 -1.08927 1.44372 -0.932113 -0.732709 0.0729407 -0.217029 0.694067 -0.250475 0.594274 -0.0698218 0.702184 -0.680488 0.344288 -0.000431634 0.834494 -0.357713 -0.290709 -0.149142 0.854895 -0.644363 1.59238 -0.700446 1.52047 -0.280499 -0.0391618 0.167015 0.957472 0.852052 -0.281041 -0.0124162 
1.17707 0.588235 -0.851974 -0.752772 -0.700708 1.01747 0.949516 -0.592948 -1.25378 -0.680192 1.91542 -1.31648 -0.955694 -0.0855898 0.426215 -0.297506 0.95094 -0.201006 0.799645 -0.192352 0.250163 0.0205474 0.709653 0.957614 -0.0757881 -0.586388 -0.134103 0.294053 -1.00853 0.568328 -0.738778 -0.239706 -1.28015 0.494503 -0.526239 -0.401185 -0.0242674 0.131624 -1.105 
1.12749 0.719856 -1.27854 -0.206112 -0.883664 1.17853 0.721483 -0.112821 -1.29908 -0.379621 2.40133 -1.0079 -1.3191 -0.0611625 0.0770238 -0.314459 0.317853 -0.144504 -0.309528 -0.577963 -0.185984 -0.181951 -0.401616 0.810227 -0.226088 -1.39571 0.105419 -0.3636 0.353378 -1.00643 0.711986 -1.378 -0.153981 -0.673532 0.840378 -0.890987 -0.253065 0.340552 0.657304 
1.11591 0.665258 -1.16643 -0.434919 -0.845212 0.707944 0.371552 -0.778933 -1.43573 -1.08181 2.72564 -1.54257 -2.3514 0.0198296 0.0626157 0.0558714 -0.0554924 0.51098 -0.578356 -0.346333 -0.423369 0.860925 -0.181334 0.704549 0.264764 0.0709155 0.0695812 0.200226 0.066487 0.0858717 0.513813 0.208821 0.322999 0.930503 1.39783 2.13498 -0.654511 0.875509 2.04237 
1.14732 0.782472 -1.22267 -0.261605 -0.372684 0.600175 0.37515 -0.53619 -0.438154 -0.560956 3.10588 -0.743137 -1.24818 0.00841863 0.27725 -0.247972 0.403725 0.36931 -0.100707 -0.254964 0.744519 1.21588 1.73336 0.155715 0.649421 0.646657 0.00163342 -0.194538 -0.1293 0.141533 -0.280746 -0.244157 -0.119867 0.309155 -0.153512 1.07969 -1.60469 -0.486262 -0.587711 
1.12432 0.942508 -1.4144 -0.0311947 -0.475902 0.607237 0.116588 -0.0344137 -0.219845 0.651552 2.88136 -0.893147 -1.70475 0.021463 -0.131922 -0.073429 0.0860405 0.230234 -0.822513 -0.4662 -0.114215 0.707413 0.898359 -0.90014 -0.221498 -0.516796 0.00694734 -0.281989 0.254384 -0.388944 0.0229407 -1.26985 0.203218 -1.66951 -0.345077 -1.8573 -2.24687 -0.784617 -1.23026 
1.16879 0.65055 -1.2961 -0.175564 -0.142449 -0.222338 -0.0910494 -0.650405 0.269259 0.337403 2.20574 -0.964635 -1.76498 0.015366 -0.00473929 0.00641234 0.0147808 0.39225 -1.37056 -0.0517462 -0.924989 0.870804 -0.123936 -2.09116 -0.135196 -0.583603 -0.0891511 0.539374 -0.323636 0.748001 -0.143 0.481344 -0.175788 0.354537 0.252718 -0.195381 -0.480496 0.0161362 0.655238 
1.13969 0.937769 -1.40799 -0.0164139 -0.083652 -0.763323 0.0648417 -0.959403 0.650959 0.527616 0.790201 -1.02834 -2.28835 -0.067688 0.407452 -0.397066 0.834041 0.0872346 -0.341169 -0.641988 0.240322 0.960131 0.702977 -1.38064 -0.205362 0.138442 -0.00234155 -0.279712 0.0588195 0.108336 -0.232409 1.08268 -1.19776 1.31031 -0.35827 -0.349182 1.83782 0.0530531 0.370376 
1.1011 1.058 -1.69316 0.658477 -0.0552148 -0.563507 -0.733037 -0.410082 1.22939 1.04038 0.825105 -1.17 -1.62654 0.0130244 -0.284452 0.0652318 0.123117 0.159841 -0.287878 -1.24951 0.385325 0.512534 -0.473118 -0.253337 -0.0821432 -0.213227 0.130588 -0.890263 0.884542 -1.08825 0.236061 -0.0957562 0.132993 -0.252653 -0.425611 -1.51128 1.14542 0.894617 -0.786123 
1.15271 0.653317 -1.34276 0.106703 0.076189 -1.0512 -1.18467 -0.574078 1.16349 0.0544985 0.536864 -1.11049 -2.50158 0.0629001 -0.482811 0.487476 -0.25421 0.323296 -0.436925 -0.508995 -0.0123306 0.53452 -0.808305 -0.23522 0.689255 -0.64768 -0.121742 0.53139 0.0106062 1.20026 -0.0772308 0.512059 0.71471 -0.316614 0.688882 0.573644 0.0932307 1.02105 1.13431 
1.164 0.57519 -1.20569 0.404267 0.268081 -1.00043 -1.24203 -0.422413 1.76391 0.232076 0.589885 -0.480742 -2.27422 -0.108718 0.246939 0.075838 1.32338 0.0826102 0.22418 -0.534801 0.068711 1.20142 0.100526 -0.160106 0.938908 0.921085 -0.300445 0.830632 -0.800646 1.85592 -0.679616 0.208356 -0.494997 -0.561432 -0.469271 0.589191 -1.43439 0.112489 2.6035 
1.044 0.900256 -1.26692 1.43008 0.158799 -0.82702 -1.71947 -0.505367 2.36491 0.155024 0.376758 -0.171579 -1.58049 -0.237545 0.347821 -0.313169 1.60171 -0.356321 -0.228569 -1.00399 -0.573763 0.0652491 -0.219114 -1.66961 0.801744 1.95582 -0.0674319 -0.311275 -0.0166776 -0.285204 -0.163149 -0.806706 0.201241 -0.626821 -1.30541 1.31197 -0.87454 -0.0186627 1.41432 
0.926453 0.923011 -1.51885 2.00597 -0.0882398 -1.229 -2.24602 -0.996176 1.82916 0.0129617 -1.07973 0.321002 -0.318395 -0.17615 -0.064336 0.0591604 1.03818 -0.0805389 -0.582525 -0.33356 -0.55811 -0.103997 1.4125 -1.03465 0.920245 2.3354 0.0830222 -0.6532 0.643139 -1.01623 0.389194 -0.640875 0.491249 -0.319151 -0.525045 0.621915 1.36228 -0.891285 -2.0379 
0.867847 0.83592 -1.20776 2.46826 0.0782603 -1.40955 -2.05303 -1.06348 2.26091 1.56752 -0.657889 0.748667 0.754911 -0.154522 -0.30538 0.32997 0.585474 0.0328729 -0.869444 -0.512743 -0.892913 -0.459796 0.402801 -0.30733 -0.0895415 -0.0820795 0.0677853 -0.170213 0.447453 -0.303027 0.311805 0.179505 -0.151788 -0.270684 -0.57546 -1.61858 2.11616 -0.529963 -2.69616 
0.771931 0.617631 -1.18888 2.59145 -0.0553668 -2.09845 -2.75877 -1.88909 1.36936 0.415763 -1.38706 0.23146 -0.400475 -0.108364 -0.234549 0.506613 0.73515 0.231266 -0.40302 -0.485348 -0.828794 -0.679457 -0.206079 1.08152 0.390282 -0.360754 0.100603 0.200499 0.248412 -0.065095 0.094434 1.2555 0.787896 1.50811 0.408304 -0.0585426 1.9133 0.85615 1.70309 
0.759483 0.601371 -0.701149 3.20341 0.309526 -1.81257 -2.53838 -1.89227 1.58146 1.36144 0.423628 1.13895 0.394157 -0.0539191 -0.104881 0.578382 0.520379 0.127307 0.386055 0.275152 0.615196 -0.0514921 0.344259 1.60597 0.766608 1.62101 -0.0280376 0.296189 0.0414178 -0.691393 -0.413056 -0.235439 0.93677 1.76891 0.855365 0.0526003 -1.95463 -0.5378 -0.199818 
0.718012 0.512751 -0.610503 3.11183 0.0719401 -1.71239 -2.48362 -1.27389 1.31787 0.760022 0.218909 0.998069 1.22054 -0.136402 0.0616402 0.548031 0.0437568 -0.18179 -0.63846 0.451422 0.940114 0.175908 -0.153479 -0.873115 -0.147518 -0.560572 -0.0800849 0.441417 -0.174666 -0.32692 -0.181772 -1.20862 0.781041 -0.0865339 -0.278906 -0.664788 -2.48506 -0.116303 -1.69723 
0.623081 0.663011 -0.153117 3.24717 0.127736 -2.45103 -2.08696 -0.952157 1.75736 1.20796 -0.449487 0.991431 -0.166416 -0.134004 0.336536 0.403716 0.193458 -0.0544655 -0.82256 1.05619 0.528662 -0.330398 -0.320529 -0.879096 0.650305 -0.0762181 -0.0586913 -0.145074 -0.548497 -0.362322 0.0771974 -0.145584 -0.114175 -0.763889 -1.54635 -1.4769 -0.0380959 0.469622 1.53332 