-0.879998 -0.741316 0.599457 -0.0363136 0.978675 0.338465 1.47402 0.966304 -1.40519 -0.0131322 -0.0216018 -0.589195 0.717012 0.0456408 0.370813 0.284408 0.922786 0.113679 0.522309 1.18763 0.646635 0.880908 0.238371 0.672065 0.91059 0.0398652 0.0365308 -0.318715 -0.00845479 2.37883 -0.0135258 -1.05861 -2.83463 -0.246121 1.57915 2.13461 -0.846123 2.59007 0.250842 
-0.803021 -0.576602 0.560835 0.58631 1.00908 0.0302744 0.73796 1.38174 0.262636 0.67306 0.408808 0.0168536 -0.365863 -0.0155968 -0.266803 0.0315329 1.23644 -0.073129 -0.493916 -0.925209 -0.0925257 1.38324 0.984006 -0.560633 0.670884 0.678435 -0.0640629 -0.57161 -0.39084 -1.47565 -0.262713 -0.676955 -1.57466 -0.718962 0.27389 0.681834 -1.42712 -0.952444 0.718389 
-0.895595 -1.00812 0.63099 1.20012 0.905546 -0.155451 0.548807 0.873778 -0.0219498 0.970874 -0.582235 0.0816893 1.39545 -0.0184221 -0.200798 -0.106432 -0.552861 -0.149033 -0.154646 -0.387029 -0.0723268 1.1548 0.920205 -0.755053 -0.0418548 0.758254 0.0677153 0.450294 -0.201444 -2.60128 0.0484997 0.492637 0.997011 0.169531 -2.29702 -1.08148 -0.444578 -2.48854 -2.48503 
-0.821443 -0.7774 0.454404 0.0334495 0.860046 -0.124372 0.350932 1.30941 1.41743 1.59327 -0.346245 -0.0250012 0.392391 0.0521185 0.183491 -0.169912 -1.36484 -0.0246294 -0.00127908 0.0718022 0.0770052 -0.91378 -0.0974783 -1.00521 -1.81766 -1.80659 -0.0308851 0.0483183 0.183329 -0.0353732 -0.0631148 -0.0966154 0.324392 -0.229207 -2.92814 -1.91726 0.557494 1.88498 1.65281 
-0.843476 -0.824627 0.461078 -0.164713 0.880916 -0.15673 0.620609 0.950784 -0.93573 0.873396 -1.58745 -1.73597 -0.411144 -0.0493071 -0.152479 0.0768972 -0.588234 -0.212148 -0.251262 -0.0626371 -0.301534 -1.77334 -0.99705 -0.197559 1.84312 2.41106 -0.0809247 -0.142514 0.157651 1.14653 -0.0115885 0.0252212 -1.78104 -0.565822 2.28591 0.273529 3.07836 5.69386 3.30127 
-0.87075 -0.92988 0.531301 -0.554784 0.647898 -0.375633 0.288295 1.00788 -0.355905 0.596215 -0.543804 1.81812 2.80345 -0.0288062 0.0409773 -0.012261 -0.218309 -0.0362179 0.0239421 -1.70924 -0.488817 1.37213 0.176051 2.07315 3.87621 1.49468 0.073641 0.408728 0.128476 2.29116 0.507777 0.635078 0.273358 0.478554 4.24914 1.0867 -1.49514 -3.61835 -5.06407 
-0.872282 -0.78365 0.448817 -0.383022 0.844698 -0.132788 -1.08863 0.461967 0.436405 1.04945 0.485707 2.14024 1.08354 0.0243339 0.256249 0.205373 1.70293 0.295629 0.383817 0.210721 0.17702 2.4758 0.0896547 -1.6927 -1.77523 -2.65301 0.0399173 -0.154663 0.0690591 1.08688 0.0709743 -0.151062 3.29668 1.13803 -0.0723285 0.225976 -4.22073 -4.38066 -1.67538 
-0.846416 -0.673631 0.736674 1.14815 0.943527 0.00818334 0.499016 1.1849 2.11989 0.68587 -2.2365 0.0428933 0.150444 0.0111111 -0.113685 0.0567981 0.868567 0.0347565 -0.12712 1.58744 0.649216 1.29981 0.402027 -2.14758 -0.504452 -0.180697 -0.0251846 -0.492796 -0.333359 -2.4389 -0.623106 -0.846399 -0.701018 -0.365957 -2.90873 -0.279613 1.50911 3.10387 3.09034 
-0.861171 -0.897335 0.505615 0.485546 0.879455 -0.259908 0.498804 1.11118 1.73621 1.45147 -1.66187 1.63579 0.902843 -0.000850718 -0.236548 -0.127986 -0.735967 -0.327477 -0.462582 -0.490297 -0.188937 -0.432937 -0.189958 -0.183583 1.32864 0.437334 0.0491374 0.205141 -0.184087 -1.54959 0.118682 0.691925 -1.50633 -1.04491 -2.79073 -0.765052 3.46018 -0.339688 0.0879813 
-0.847267 -0.910179 0.608688 0.412179 0.61605 -0.454399 0.00871868 0.995963 1.68695 0.495912 -2.42008 1.37154 0.587778 0.0602486 0.091456 -0.127289 -0.681022 0.153438 0.564805 0.0811078 -0.395696 -1.49092 -0.363025 1.3126 -0.844141 -0.0927153 -0.00162193 0.224962 -0.0263087 0.60585 0.536446 0.529895 0.832921 0.0762072 -0.144653 0.635277 2.01184 -1.13193 0.877381 
-0.800923 -0.805879 0.378326 -0.195476 1.03289 0.304897 0.579911 0.715487 0.245287 1.08845 -0.349276 0.791647 0.810128 -0.00247265 -0.0115859 -0.154295 -0.130117 0.208969 0.0673133 0.342624 -0.11273 -0.577589 0.445318 1.82825 0.196709 1.31472 -0.0711353 -0.173583 0.282868 0.894449 -0.435182 -0.885606 -1.20351 0.488771 1.07795 0.430197 -0.774894 -0.256492 -0.601383 
-0.84974 -0.921765 0.454393 0.282062 0.825019 -0.387086 0.351343 0.883233 1.10936 0.94123 -0.59183 1.56825 1.90249 -0.0108867 -0.0821267 0.155579 0.213427 -0.281744 -0.320801 -1.1224 0.093075 -0.412971 0.0671719 0.537703 -1.10063 -0.694098 0.0352645 -0.0271375 0.399551 -0.784711 -0.407337 0.852924 -1.34944 0.135678 -0.142769 -0.371833 -0.338943 -2.18864 -2.79258 
-0.811809 -0.888006 0.533904 0.0179511 0.751149 -0.0159047 -0.542492 0.808562 -0.167684 1.15562 0.188428 -0.308985 0.11603 0.0327918 -0.0387234 0.245256 -0.914828 -0.198368 0.920237 -1.00681 0.0229476 -0.720359 0.0734851 1.48931 -1.99193 -1.47786 0.0103877 -0.00390981 0.00387965 -1.41098 0.386414 1.7782 1.85866 0.511328 2.2827 0.467955 0.799856 1.54913 1.90627 
-0.816948 -0.960488 0.699649 -0.632766 0.626651 0.533152 -0.655471 0.906181 0.389006 1.01471 0.897481 -0.423682 0.424628 -0.000499031 -0.0860365 0.159458 -1.19755 0.104671 1.4574 0.736254 0.604403 1.86973 0.535127 1.33756 0.448497 1.21217 -0.058664 0.0632786 -0.219516 0.709514 0.289717 -0.959481 0.689901 -0.160002 -0.285218 -0.518774 -2.02345 2.80363 1.72349 
-0.812308 -0.974042 0.693363 -1.1796 0.85582 1.4415 0.193762 1.41296 1.70205 1.69075 1.52599 0.139512 1.3282 -0.0258722 0.0245552 0.0257399 -0.205315 0.0913485 -0.0392433 -0.316912 -0.137055 -1.00558 -0.445289 -0.534144 0.811707 0.245625 -0.00243428 0.250974 -0.224054 3.05023 -0.204925 -2.84777 -1.59899 -1.00351 -3.02005 -1.17242 -1.60444 -0.713172 -1.16126 
-0.84282 -0.935933 0.725389 -0.838081 0.717999 0.493908 -0.972383 0.769126 -0.616572 0.569426 0.363337 0.388024 0.670253 -0.00293331 0.164938 -0.0645961 1.85268 -0.100254 -1.39037 -0.86274 -0.399111 -1.15031 -0.637298 -0.266883 -0.264675 0.0509068 0.0984494 0.0880159 -0.0649401 1.95236 0.0707318 -0.454988 1.02041 0.950725 3.84714 0.733797 -0.0330442 -2.17829 -0.734889 
-0.815242 -0.809104 0.628767 0.673076 0.755565 0.0511258 -0.668978 1.01385 0.551736 1.05345 1.2591 -0.125163 1.37911 0.0725772 0.112571 -0.0392003 1.74705 0.16208 -0.494231 0.703497 0.81367 2.84156 0.288508 -0.567188 -1.36658 -0.489264 -0.107027 -0.657758 -0.399265 -3.63418 0.156042 1.05354 0.275547 -0.579312 0.0102117 -0.601471 -3.54802 -0.34238 -2.19067 
-0.770243 -0.823362 0.686188 0.908966 0.88008 -0.000322796 -0.268887 1.5828 2.22499 0.857934 -0.203851 -0.978559 0.180989 -0.10996 -0.49282 -0.463861 -1.78151 0.0557876 -0.336831 -0.587193 -0.978423 -1.1401 -1.23877 -3.8149 -0.607055 -2.13976 -0.0872282 0.00616185 -0.0520293 -2.13238 -0.114873 0.504405 -0.30405 -1.84073 -5.27489 -0.244128 -0.380001 2.12038 0.477974 
-0.925202 -1.30192 0.164906 -1.10843 0.811353 -0.285705 -1.25617 0.0354303 -0.588366 -0.185319 -2.5558 -0.732217 -0.760653 -0.014651 0.118733 -0.0912296 -0.385329 0.0472068 0.010174 0.399447 -1.02706 -2.43333 0.0443806 -0.947189 0.753795 -0.0112905 0.194929 1.14251 0.773889 2.72222 -0.0073377 0.161926 1.3189 1.47695 1.30138 2.09649 6.46966 1.98758 2.65211 
-0.784894 -0.704629 0.594959 0.523637 0.927286 0.00985116 0.13056 0.555735 -0.208335 0.902315 -1.15104 -0.224764 0.169699 0.0849691 0.649693 0.310029 0.94071 0.0484499 -0.174905 0.731709 0.498526 0.161276 0.857719 2.65476 1.38053 0.51235 -0.0610569 -0.228121 0.0171953 0.348458 -0.0812446 0.159095 0.100781 1.77495 2.8964 -0.340618 1.13663 -0.171298 0.291127 
-0.840233 -0.652231 0.474934 -0.167721 0.859803 -0.460609 -0.524461 0.533957 -0.42709 0.672399 0.0989666 0.648313 -0.248303 -0.0757079 -0.109388 -0.0740343 -0.0368708 -0.0340378 0.169269 0.500228 0.747886 0.463077 -0.296238 0.189443 0.582498 0.279836 -0.0584043 -0.855636 -0.353669 -0.75271 -0.039503 0.493098 -0.483056 -0.461536 0.256845 -0.945257 -2.91041 -0.351823 0.986145 
-0.860602 -0.814017 0.520925 0.486766 0.893249 0.17912 0.630788 1.30362 0.254742 0.606077 -0.961597 0.357734 0.449535 0.0265648 -0.205943 -0.0436405 0.188 0.00894698 0.318194 0.248653 0.0369902 0.418121 -0.0875384 -0.255643 1.02871 1.4985 0.1231 0.221619 -0.00411067 -0.258208 -0.041974 -0.416243 -1.23674 -0.933565 -0.267496 0.531184 1.01085 -0.62724 -1.23675 
-0.813668 -0.858174 0.431294 0.0202788 0.86875 -0.142416 -0.275808 0.570947 -0.00896891 0.584861 -0.156677 1.67702 1.25019 0.047392 0.112231 -0.0781449 -0.295079 -0.0760118 -0.246974 -0.736508 -0.185679 0.195581 0.234946 1.2003 -0.0447429 -0.956911 0.0216722 0.382729 0.174663 0.709346 0.101583 -0.185003 0.247373 0.715365 -0.120262 0.488682 0.0793478 -3.82627 -3.65032 
-0.81321 -0.701786 0.44278 0.191687 0.817237 -0.0678533 -0.10572 1.11794 0.450323 0.841023 0.238701 0.312991 -0.507376 0.048237 0.176786 0.131023 0.897346 0.11053 0.133191 0.496026 0.752355 0.297859 0.401144 -0.176296 -2.79756 -2.15182 -0.05096 -0.160645 0.219811 0.00956637 0.0160844 0.0201993 0.869368 -0.638157 -1.39053 -0.701551 -1.85088 0.473054 1.34775 
-0.765431 -0.681387 0.562317 0.917625 0.979279 -0.00922501 0.220218 1.3233 0.28889 0.986005 -0.332973 -1.12054 -0.901631 -0.00356803 -0.048414 0.141666 -0.285513 -0.0599274 -0.226774 0.13286 -0.823837 -1.19495 -0.466605 -0.650577 0.428311 0.390835 -0.202925 -0.461522 -0.228546 -1.47091 -0.153192 -0.259686 -0.614479 -1.91987 -1.34868 -1.68693 0.628207 5.16668 4.65036 
-0.816778 -0.7502 0.584446 -0.0938258 0.757309 -0.294628 0.0271396 0.294105 -0.744622 0.374419 -0.411877 0.741302 -0.116541 -0.154688 -0.284736 -0.0975229 -0.573563 -0.0426625 -0.126495 -0.118453 -1.16752 -1.05082 -1.28579 0.451911 2.36912 2.49854 -0.130397 -0.25393 -0.370316 -0.155605 0.404152 0.844854 0.818454 0.901392 1.40067 0.221228 0.831371 -0.585331 0.526637 
-0.920119 -0.966123 0.464794 0.344062 0.936617 -0.13572 0.101765 0.155782 -0.761934 -0.299782 0.118939 1.24858 1.59691 -0.133965 -0.302344 -0.228649 -0.441117 0.344224 0.61808 0.951314 0.0775549 0.205728 -0.245376 0.180794 -0.15702 0.917472 0.245505 0.483614 0.206524 0.103462 -0.153376 0.3997 0.977119 2.01119 2.14718 2.25209 0.195553 -3.29378 -4.25012 
-0.950743 -1.05254 0.355796 -0.534943 1.10153 0.323452 0.978454 0.37166 -0.538894 0.129042 -0.231083 0.584282 0.800931 0.0908168 0.198878 0.109001 -0.470101 -0.196038 0.273205 0.858666 0.84367 1.09636 0.966301 0.647464 -0.924663 -1.75158 0.23667 0.722076 0.586957 1.09507 -0.599165 -1.51223 -2.87764 0.337279 1.25851 0.987375 0.146809 0.291174 -1.37457 
-0.829303 -0.767246 0.573795 -0.12604 0.740579 0.137485 0.960431 0.999452 0.334424 0.66652 0.766403 0.323915 -0.154673 0.102706 0.419732 0.358308 0.653956 -0.25494 -0.894146 -1.92632 0.414834 1.46423 0.741999 0.327602 0.134155 -0.457098 -0.208767 -0.314432 -0.205779 -0.122626 0.22282 -0.921636 -2.71 -1.21465 -2.298 -1.19314 -2.23671 1.35402 1.05804 
-0.848037 -0.632813 0.714104 0.119013 0.846594 -0.570694 -0.947871 0.786494 0.92534 0.871042 0.0965193 0.718437 0.343833 -0.11795 -0.115554 -0.0967784 -0.592727 0.0267822 -0.648431 -1.85133 -0.370981 -1.20165 -0.22684 -1.58925 0.429358 -0.693534 -0.109909 -0.62917 -0.877778 -2.09576 -0.00919733 0.999672 1.99288 -1.00801 -3.34389 -1.38643 -1.3844 -1.2893 0.510843 
-0.947253 -0.8828 0.477016 -0.718767 0.767361 -0.510946 -0.8909 0.628471 -0.867221 0.43968 -0.822845 0.753273 -0.848207 -0.00720373 -0.209438 -0.51947 -1.44181 -0.264137 0.105526 0.0665538 -0.593173 -1.87965 -0.644434 -1.0568 -1.15515 0.0537455 0.284586 0.406155 0.0658989 0.718428 -0.0424416 0.532411 1.47457 -0.382085 0.327108 0.272721 1.19042 -1.84523 0.91488 
-0.855241 -0.842251 0.194634 -1.32279 0.582457 -0.465167 -0.881317 0.193321 -0.954314 0.226608 -0.960278 -0.436713 0.397579 0.166635 0.290601 -0.0308795 0.1257 -0.0156595 -0.11602 -0.376757 -0.753066 -0.874537 0.0458819 -0.398828 -1.41587 0.221346 0.511554 1.72727 2.08806 4.80052 -0.317137 -1.26335 -1.89306 0.23239 2.24873 0.226929 4.44207 3.00143 0.227011 
-0.780617 -0.592199 0.446137 -0.593067 0.751701 -0.626966 -1.26766 -0.124596 -1.74176 0.485562 -1.22167 -0.662602 -0.626862 0.50435 1.51783 1.56859 3.35871 -0.581274 -1.15782 -1.82651 -0.360783 0.369071 -0.417504 3.38527 1.84628 0.280756 0.638973 1.778 1.64064 1.03706 -1.02846 -0.405203 0.0369599 0.473263 1.25545 -0.680714 3.81918 2.95935 1.0668 
-0.35089 0.675581 1.76322 2.03592 0.0011821 -1.62299 -2.70782 -0.167461 -0.585243 -0.190896 2.42499 1.40957 0.678335 0.805608 2.0686 1.60976 1.16276 -1.04412 -0.521223 -0.339797 -0.279803 0.38091 -0.634832 3.42035 1.54348 1.28815 -0.0643258 -0.0276088 -1.88887 -7.6832 0.405695 0.766836 1.9006 0.168191 -2.0193 0.655308 -5.94286 -2.28536 -0.000635356 
0.0249907 1.4764 2.05589 0.569698 -0.292423 -1.14819 -1.60745 -0.404399 -1.36085 -0.14927 2.19868 0.880875 0.661288 0.440025 1.49022 -0.320278 -4.32449 -0.17558 -0.390987 0.0740942 -0.192592 -1.65023 0.237804 -2.55759 -0.439083 0.280121 -0.61025 -1.23685 -2.11772 -4.56965 1.13855 -0.433422 -0.613743 0.280696 0.807334 0.827262 -5.66342 -0.358694 -0.518455 
0.0891345 2.1658 1.44295 -2.28857 -0.174397 -2.01398 -2.63373 -0.360053 -2.23547 0.0469081 -0.132597 0.970485 0.958456 0.195358 0.831744 -0.507964 -3.40688 0.0944275 -0.954645 -0.95354 0.000893146 1.18824 0.19243 -2.24307 1.18478 0.769694 -0.0366045 -2.0211 0.0799311 2.82873 -0.391085 0.124521 0.970402 -1.17173 2.16273 -0.673718 0.970214 0.471781 -0.386196 
0.220349 2.30814 1.54793 -2.83718 -0.197996 -2.10283 -2.56099 -0.403506 -0.172603 0.0431604 -0.0443939 2.06566 1.43098 0.40342 -0.53088 -0.240346 -1.49576 -0.566665 -0.266466 1.0445 -1.36432 0.512504 -0.435914 -1.58737 0.0326987 -0.106075 0.284192 -1.14856 -0.677477 6.72879 -0.962552 1.69081 3.65703 -1.15511 -1.13167 0.632704 2.55532 -2.58122 -1.6607 
0.492555 1.63492 1.2026 -3.78433 -0.741062 -2.28044 -1.58923 -1.72438 -1.72297 -0.389005 -1.71997 1.00318 0.852381 0.479551 -0.316811 -1.18544 3.32191 -0.868124 0.736161 2.70349 -1.15422 0.0565769 0.825134 0.312252 -1.39643 -0.89101 0.0549602 0.331235 -0.670519 5.79341 0.0457988 1.36415 0.823802 1.91773 1.79107 1.01684 4.70547 -1.85644 0.0148372 
0.6999 1.99133 0.36249 0.484729 -1.06612 -1.36667 0.142496 -1.55773 -0.116026 0.868295 0.267858 0.669224 0.539972 0.45838 -0.199645 -0.910866 4.29765 -0.520866 1.09768 1.8683 0.553413 2.30358 0.580928 3.1181 -1.82374 -0.0912382 -0.18176 -0.220148 0.471907 -2.54436 0.414278 -0.356113 -3.2126 2.1528 -0.774396 -1.88011 1.1148 0.567226 1.04922 
0.950935 1.43528 0.291734 0.513322 -1.26193 -1.18276 0.279063 -1.17096 0.580608 0.191923 1.39812 -0.82056 0.761143 0.297791 -0.536959 -0.713533 0.777556 -0.453847 0.380049 -0.509114 0.998581 -0.717819 -1.05497 1.42705 -0.829208 0.158214 -0.364078 0.279498 -0.336035 -3.43939 0.0384589 -0.98322 -1.9457 -0.400448 -4.16126 -0.980422 -3.72692 1.52964 -0.968159 
0.99769 1.45437 -0.351043 1.26228 -1.51997 -0.986623 -0.366618 -0.559146 -0.833846 -0.186678 1.69491 -0.159984 0.698186 0.0943024 0.0798533 -1.2469 0.858261 -0.482407 0.114462 -0.077406 0.152964 -1.85769 -0.399494 -0.608824 -0.294105 -1.0594 -0.141055 0.343866 -0.0432563 -1.10131 0.120297 -0.223424 0.922449 -1.42935 -0.559069 0.569858 -2.92511 -0.811901 -1.75305 
1.04524 1.51513 -0.955166 1.37158 -1.74434 -1.0683 0.201657 -1.018 -1.27708 -0.207571 0.7893 -1.11467 -0.298255 0.156736 -0.193094 -0.75679 -0.323758 -0.33355 0.156625 0.413336 -0.430773 -1.27689 -0.485115 -1.49806 -1.64111 -1.59484 0.204871 -0.771426 1.69108 -2.75234 0.86158 0.10521 1.66549 0.199934 2.43796 -0.344173 1.12077 0.668134 0.478095 
1.15443 1.26128 -1.10783 0.938526 -1.85352 -0.829998 0.0467182 -0.989919 -2.11073 -0.671793 0.196849 -1.80109 -0.896651 0.299173 -0.691573 0.444182 -1.89408 0.379173 0.219672 1.58808 0.352898 0.580275 -0.743667 0.511951 0.374029 -0.581303 0.125515 -0.441905 1.18471 -1.64618 0.947556 -0.0355884 1.63167 0.681073 2.95805 0.257221 2.14536 2.69591 1.91444 
1.34441 0.823559 -0.510985 -0.522499 -1.36516 -0.848628 1.78974 -0.6651 -0.696806 -0.951237 1.30125 -0.740636 -0.879558 0.282251 -0.634999 0.427922 -1.96993 0.614006 0.121037 2.04501 0.2503 1.68116 -0.227893 0.647303 1.0548 0.319605 -0.220853 0.891438 -1.26251 3.17043 -0.444078 0.692914 -2.00531 -0.270267 0.649325 0.587551 -0.930062 -0.615641 1.3807 
1.43668 0.626277 -0.679911 -1.03141 -1.23951 -0.708962 2.09172 -0.739619 -0.429571 -0.899686 0.844152 -0.746295 -0.577046 0.0783201 0.199866 -0.818324 1.27634 -0.0649054 0.912586 -0.417226 0.0826317 1.2296 -0.156116 -0.418111 -0.241611 0.799396 -0.260761 0.74247 -1.15861 2.13618 -0.725383 0.238563 -2.79654 -0.629668 -0.949923 -0.0389011 -1.84747 -1.34703 -1.03205 
1.42273 1.02343 -1.32931 0.753845 -1.43007 0.0639582 1.37251 -0.582469 0.532794 -1.10735 0.883139 -0.982247 -0.0801614 0.0214898 0.107471 -0.730684 0.166243 -0.111377 0.359599 -0.751534 -0.379368 0.731241 -0.266794 -1.20017 -0.29223 -0.712441 -0.0717261 -0.448235 0.324494 -2.32185 -0.00578978 -1.00714 -0.705101 -0.683303 -1.91743 0.00197895 -0.683195 -0.337132 -1.56518 
1.45817 0.733748 -1.4106 -0.865165 -1.35089 -0.349362 1.34019 -1.11899 0.30167 -1.16648 -0.356019 -1.03853 -1.28949 0.00659395 -0.248369 -0.49383 -1.0455 -0.0706952 -0.0945582 -1.12233 -0.600671 -0.687826 -0.154137 -1.10131 -0.578743 -0.765787 -0.0192009 0.00669327 0.197713 1.13676 -0.0625538 0.612419 -0.453784 0.525967 -1.28393 -0.0624339 1.73235 -0.229748 0.585645 
1.42932 0.775056 -1.82314 -0.291657 -1.50076 -0.0306 0.250184 -1.18314 -0.155033 -1.26149 -0.218166 -1.56099 -0.845948 0.00228887 0.114164 -0.532971 1.303 -0.173931 0.972018 -1.20532 0.146599 -0.552689 -0.329228 0.532177 -0.521978 -0.126796 0.135752 -0.106616 1.10253 0.270534 0.575215 0.422168 2.96919 0.638604 1.59539 0.322945 1.48539 1.88179 -0.100702 
1.46046 0.847912 -1.94357 0.437834 -1.52482 0.622656 0.134873 -0.972387 -0.25102 -1.49571 0.176158 -1.5605 -1.41628 0.142346 -0.354985 0.608699 -0.774968 0.50452 0.32761 1.84687 0.0379333 0.907565 0.168808 0.384086 1.30304 -0.866489 0.0661921 -0.435223 1.12403 -1.91325 0.684317 -0.889216 2.63563 -0.282668 1.89647 0.368014 -0.486193 1.19084 0.221513 
1.57167 0.420071 -1.21444 -1.06662 -0.996243 0.29701 2.09705 -1.14521 0.752533 -1.09268 0.16592 -0.257948 -1.71244 0.068481 -0.321059 0.591055 -0.610253 0.510386 0.082802 1.43031 -0.136068 1.34378 0.0387856 0.0459838 0.668859 0.0947166 -0.307327 0.713194 -1.16642 2.93994 -0.810193 0.777322 -3.33903 0.186679 -1.3305 -0.385258 0.0776339 -2.33782 1.90821 
1.52894 0.526853 -1.35251 -0.172418 -1.01443 0.705458 1.56518 -1.10846 1.09276 -1.45692 0.222141 -0.891644 -1.32157 -0.164981 0.358209 -0.557719 2.16497 -0.305672 1.10493 -1.49216 0.224613 -0.422937 -0.216451 0.46172 -1.03478 1.04172 -0.225774 0.429032 -1.12973 1.71354 -0.923295 0.774373 -3.07786 0.131835 -3.15183 -0.0200902 -0.968536 -1.0547 -0.298959 
1.40669 0.778279 -1.77216 1.09834 -1.30192 1.40194 0.604885 -0.920594 0.329596 -1.30913 0.62764 -1.29273 -0.670721 -0.157293 0.107973 -0.538674 1.10328 -0.412909 0.857175 -1.64755 -0.00423281 -1.80805 0.0186954 -0.922553 -0.385841 -0.204242 0.132188 -0.581947 0.459352 -2.58474 0.329321 -0.966149 1.22242 -0.537765 -0.190135 -0.0636465 -0.720848 1.47066 -1.64981 
1.37164 0.634826 -1.89118 0.930865 -1.42734 1.56263 -0.0823626 -1.11269 -0.715291 -1.43823 -0.700411 -1.27749 -1.52581 -0.0327923 -0.223738 -0.098367 -0.419772 0.0236483 0.138783 -0.269745 -0.313152 -0.613073 -0.280097 -0.259128 0.435881 -0.608092 0.128601 -0.153514 0.80014 -1.7288 0.69254 -0.949048 2.46748 -0.34109 2.82425 -0.0184114 2.14426 0.194169 0.260233 
1.3739 0.554541 -1.87053 0.678572 -1.27827 1.54072 0.335141 -1.23375 -0.283477 -1.58923 0.368511 -0.85685 -1.27881 -0.0286919 -0.0455405 0.261466 -0.625519 0.279631 -0.0918734 0.819934 -0.345323 1.01619 0.000283917 1.2217 -0.191673 0.0559908 -0.059366 0.549901 0.158107 0.557195 0.121624 0.240439 -0.0164276 0.307275 1.40794 0.118124 0.440529 -0.260135 0.0832769 
1.34295 0.589286 -1.62972 0.305346 -1.14771 1.47076 0.737572 -1.45801 0.300903 -1.43794 0.521293 -1.46916 -1.46982 -0.0921583 0.326162 0.0597397 0.137423 0.145272 0.379222 -0.286172 -0.00587739 0.794865 -0.161973 0.1814 0.175746 -0.524815 -0.0270348 0.0471821 -0.0597813 0.76927 -0.00766618 0.459999 -0.847559 0.557037 0.0531622 -0.238844 -0.489652 1.5718 0.700305 
1.28174 0.880704 -1.81079 0.815995 -1.13299 1.91995 0.0489683 -1.23962 0.511388 -1.7512 0.549912 -0.681104 -1.80363 -0.0557267 0.00164161 0.201685 0.143751 0.271965 0.368125 -0.027625 0.211714 1.06936 -0.23856 0.732052 1.38012 0.756296 0.0167404 -0.502536 0.27851 -0.464586 -0.1078 -0.448651 0.260264 -0.0939014 -0.569893 0.27417 0.399982 0.38905 1.59293 
1.28722 0.590928 -1.42803 0.449098 -0.875746 1.83888 0.709947 -1.2463 1.37026 -1.6765 1.25335 -0.0890351 -0.713522 -0.0754179 -0.176373 0.338249 -0.327163 0.0374723 -0.0694294 -0.0259086 -0.0997788 0.224973 0.112197 0.581383 0.564796 1.06812 -0.0262404 -0.145459 0.259029 -2.22303 -0.158713 -1.04515 -1.15971 -0.735729 -2.65256 0.01959 -2.14381 -1.61932 -1.4181 
1.20632 0.70433 -1.47254 0.488832 -1.09552 1.85052 0.0230597 -1.3394 0.736361 -1.63901 1.13129 -0.116308 -0.735509 -0.0819671 -0.143818 0.460714 -2.07928 0.113252 -0.677028 -1.18733 -0.524015 -1.5832 -0.218971 -1.41176 -0.239196 -0.661808 -0.054942 0.522383 0.237046 -0.0792936 0.281237 0.347216 -0.0200527 -0.0213049 0.0667989 0.16107 -1.73847 -0.588541 -1.56286 
1.20526 0.44711 -0.967319 -1.63018 -0.762494 1.16186 -0.477387 -1.77031 -0.212942 -1.89547 -0.158412 -0.328231 -1.37533 -0.13036 0.34601 0.575295 -0.406457 0.318709 0.277786 -0.0459613 -0.121084 0.291772 0.273267 -1.15708 -0.0237446 -0.49474 -0.162366 0.953514 0.0812202 4.51218 0.134647 1.99024 1.97256 1.31684 3.45451 0.672837 1.38302 1.06121 0.781334 