-0.992001 -0.782841 0.746834 -0.703436 0.822565 0.612569 -0.688154 0.66313 -0.858291 0.551112 0.137387 0.209866 0.496624 -0.0548953 -0.10754 0.0123069 0.0225159 0.0810112 -0.468094 0.110187 -0.111986 -1.00275 0.956036 1.33619 2.31354 1.39005 0.0556909 0.823474 0.241244 1.50665 0.214935 -1.31674 0.508374 0.554644 1.51993 0.484987 3.24596 0.432672 -0.409698 
-0.937257 -0.401614 0.811079 -0.060686 0.941262 -0.0237237 -0.516499 0.949352 0.127624 1.28642 1.81248 2.48218 2.23949 0.014471 0.438152 0.201326 0.91955 0.105643 -0.539295 0.171686 0.103112 0.818348 0.883757 2.56415 0.221265 -0.814138 -0.00255378 -0.0799842 -0.0326645 -0.538038 -0.332943 0.159281 -0.0752724 0.573474 2.15676 -2.06508 -3.14855 -4.80736 -3.16395 
-0.97753 -0.344689 0.94816 0.216114 0.928208 0.0732748 -0.516469 0.766242 -0.0399432 1.43487 2.70153 0.431131 -0.317513 -0.0574491 -0.187524 -0.0203576 -0.515523 -0.251931 -0.308813 0.0349151 0.461488 1.15401 -1.10904 -1.81237 -2.49382 -1.77389 -0.0849856 -0.861138 -0.60256 -1.35072 -0.185401 1.47647 0.319374 0.503414 0.882498 -1.9935 -4.92103 -0.388762 1.38171 
-0.994706 -0.589138 0.790721 -0.576209 0.68933 -0.332537 -0.481584 1.41084 1.28163 0.177376 0.000113624 -0.0116394 0.465598 -0.0705146 -0.422986 -0.401233 -0.431169 -0.0797584 0.937172 0.491059 0.606526 1.70085 -1.10974 -2.35688 -0.167497 0.567576 0.106957 0.102296 -0.0872497 0.789455 0.158534 0.406948 -0.375412 -1.08654 -2.11274 1.85658 1.65197 1.3272 1.58137 
-1.04804 -0.767674 0.546927 -0.215055 0.84845 1.01045 -0.0254093 1.37277 1.6609 0.32513 0.344649 0.263634 0.250063 0.0495075 -0.0852287 -0.107607 0.273933 -0.0933977 0.0981347 -0.340497 -0.625048 -0.958731 0.747533 -0.160393 -1.16662 -0.192522 0.205386 0.39195 0.621369 -0.145657 -0.0969645 -1.68753 -2.12011 -1.68289 -3.05153 1.64778 2.98755 -0.254162 -0.60812 
-0.945199 -0.674367 0.683114 -0.302276 0.595933 -0.234402 -0.822081 0.785791 0.322902 0.924909 -0.160279 -1.17826 0.273075 0.134871 -0.0310351 0.220135 -0.576826 -0.176723 -0.750359 -1.62905 -1.07637 -1.35069 0.538046 0.630662 -0.42166 -0.0405439 0.00449884 -0.324327 0.146965 -0.498883 -0.202025 0.0867447 0.173749 0.489296 1.09414 -0.67021 0.370869 2.80754 0.455146 
-0.913173 -0.79871 0.767062 -0.791882 0.671727 0.260087 -1.65446 0.296402 0.310214 0.863175 0.975311 -0.158026 0.209519 0.0540064 -0.409556 0.0393576 -0.22495 -0.295423 0.184879 -0.166748 -0.135753 0.135408 0.0773232 0.210476 1.64092 0.262624 -0.00950386 -0.435433 -0.4192 1.11819 0.0911419 1.79167 3.42997 1.51317 0.398631 -0.751547 -0.759712 2.86869 1.50704 
-0.891192 -1.08392 0.722471 -0.527226 0.30051 -0.0495225 -0.988829 0.650038 0.45831 1.00223 0.0501974 0.462658 0.535699 0.125367 -0.466468 -0.199065 0.541359 -0.0855809 1.04131 1.80092 0.436802 -0.952058 -0.213501 -0.12905 2.44703 1.4665 0.154948 0.241111 -0.122057 0.700687 0.342221 1.0459 1.16596 -0.181679 -1.22396 -0.48332 -0.451281 -1.90379 -1.31278 
-0.787806 -1.26518 0.567997 -0.250522 0.586146 1.3014 0.146456 0.733204 -0.641844 0.649674 0.846261 2.289 1.67602 0.208955 -0.168445 -0.0826994 0.475737 0.0467982 1.23077 0.999211 -0.317432 -1.08856 -0.405997 -0.240805 -0.26287 -1.05015 -0.0313814 0.524702 0.136678 0.0797479 0.20267 -1.5821 -2.657 -0.983118 1.06127 0.767632 0.132681 -4.53622 -2.50074 
-0.682237 -1.25237 0.639772 -0.0514889 0.347308 1.18125 0.0103818 0.332606 -0.630246 0.596235 -0.190607 0.199787 -0.514455 0.0939858 0.0582341 -0.0623864 0.621107 0.117089 -0.540788 -0.856083 -0.546316 0.109212 0.55413 0.00363118 -2.08919 -1.03424 -0.212411 0.0914894 -0.0437748 0.0806176 0.507409 -1.8136 -1.70312 0.461736 2.20585 2.19766 1.01097 -0.0464231 2.17851 
-0.69382 -1.20694 0.505611 0.370585 0.703235 0.760614 -0.709627 0.186888 -0.532632 1.2038 0.849892 0.199809 0.641775 -0.00345595 -0.0769556 -0.126474 0.556355 0.554208 -0.582822 -0.703913 0.144304 1.11729 1.79166 0.770168 -0.309293 1.12836 -0.0458144 -0.177047 0.150106 -0.641855 -0.149831 0.388995 1.2769 0.871151 0.75449 0.483371 -0.630182 2.97803 -0.837001 
-0.685693 -1.32932 0.513298 0.504866 0.901516 0.59843 -0.693531 0.476911 0.487047 2.38789 0.579561 -0.109506 0.613904 0.0481714 -0.118813 0.08772 -0.0207482 -0.0327419 -0.151793 0.420814 0.324835 0.863702 1.0375 -0.626551 0.888834 -1.87124 0.0986648 0.146977 0.282801 -1.23105 -0.729512 0.57432 0.75855 0.227248 -1.0798 -1.3248 -0.463642 1.89277 -0.998966 
-0.645649 -1.32576 0.593331 0.349836 0.670493 0.608821 -0.288812 0.511723 0.331071 2.24131 0.223341 1.08864 -1.22947 0.0952088 0.0700217 0.156327 -0.674698 -0.175304 -0.0085015 0.0546371 0.371553 0.037494 0.46686 0.306527 1.58347 0.129393 0.0523616 0.0242387 0.0215305 -1.00464 0.0278953 0.133996 -0.0403919 -0.0848356 -2.6098 -3.15203 0.260323 -0.692298 4.58826 
-0.590485 -1.2593 0.669625 -0.169832 0.726211 0.589929 -0.638894 0.848463 0.524541 2.85475 0.886088 1.47397 0.743296 0.100533 -0.0945742 0.109251 -1.02539 -0.0048466 -0.017797 0.380422 0.239999 -1.7461 -2.11453 -0.366228 0.196536 2.71702 -0.0110077 -0.3248 -0.0265669 0.0160231 0.170025 0.59638 -0.0042989 -1.05893 -0.517794 -2.63815 -1.99192 -0.998954 -0.193007 
-0.545116 -1.42033 0.702581 -0.675556 0.665647 0.591024 0.09161 0.751722 -1.41503 0.126774 -0.142887 1.28518 1.48756 0.0842011 -0.254778 0.12976 -0.658675 -0.00527963 0.587879 0.0503382 -0.687373 -0.4803 -2.17129 -1.6854 0.584519 -0.0636144 -0.130106 0.100434 -0.164379 -0.474534 -0.301918 -0.0902617 -1.28165 -0.99585 1.94295 2.30057 0.236341 -1.68654 -5.44763 
-0.506284 -1.51408 0.799385 -0.828506 0.720931 1.17781 -0.588556 0.161091 0.0442402 0.683462 -0.799308 2.05849 0.679682 -0.0295735 0.00586034 -0.0551286 -1.49993 -0.306765 -0.108059 -0.901229 -0.75585 0.196846 0.186039 -0.129887 -1.49001 -2.7306 -0.126547 0.497531 -0.129694 0.806094 -0.253347 -1.90918 -0.0701743 1.27431 0.20293 2.30963 3.01634 -1.85296 -0.725663 
-0.574689 -1.41447 0.647453 -2.17548 0.358882 0.482965 -0.809619 -0.0041279 -1.21818 0.312813 -0.272773 -0.204829 -1.24305 -0.0423463 0.242752 6.55109e-005 0.147419 -0.258627 -1.3213 -0.0198361 0.586942 -0.277371 0.138333 1.33094 -1.26844 -0.789278 0.0115912 -0.132621 0.254347 3.73104 0.529821 0.284728 1.84604 1.2171 1.29406 0.359078 0.126365 2.9423 3.93301 
-0.54863 -1.27133 0.79945 -0.681087 0.462305 -0.143491 -0.608392 0.748033 -0.23313 0.821795 0.531632 0.790042 -0.109596 -0.0179823 -0.126761 0.199219 2.23111 0.223056 0.17667 0.944809 0.461251 1.49091 0.545117 -0.00352206 1.4523 1.20241 0.0306186 -0.451336 0.0779458 -0.284455 0.638299 2.06718 0.224104 -0.877344 0.591659 0.192272 -1.37297 2.86594 1.03041 
-0.592672 -1.54123 0.846672 0.0556279 0.581937 0.659635 0.13519 0.457123 0.272724 0.85793 -0.276295 1.24747 -0.0406382 -0.0117277 -0.208584 0.0780113 -0.137036 0.379672 0.745882 0.204268 -0.290402 0.314288 0.330606 -0.0420278 1.5975 0.241133 0.0404768 0.376592 -0.278686 -3.29355 -0.307571 -0.664141 -1.32895 -0.523552 -2.84475 -1.15738 0.804601 -1.76707 -0.704681 
-0.560358 -1.47991 0.877461 -0.818123 0.841977 0.602391 -0.404124 0.45763 0.0811579 1.1524 0.489604 2.38754 0.131537 0.0224945 0.249832 -0.079467 -1.06244 -0.0845148 -0.487472 -0.38414 -0.0623013 -1.35384 -0.612267 0.801079 -0.314772 0.497728 0.190396 1.48091 0.263292 0.762167 -0.784894 -1.63834 -0.350386 -0.0691038 -2.22223 -1.59979 -0.919622 -3.26541 -1.36678 
-0.570177 -1.2914 0.767204 -1.00681 0.497423 0.172163 -0.24895 0.394821 -1.08112 0.245663 0.524784 0.932697 0.45709 0.178668 1.27233 0.341303 0.625131 -0.405222 -0.892455 -0.146119 -0.359506 -1.90795 -1.26919 -0.96165 -1.66791 -1.12564 0.972487 2.55256 0.200494 1.96964 -1.55358 -0.588803 1.64634 -1.56878 0.541858 -0.990376 -2.30494 -0.638663 -0.275958 
-0.381689 -0.207584 1.21876 -0.192992 0.436755 -0.290064 -0.550242 0.0981239 -1.82679 -0.116786 -0.472046 0.719625 -0.994105 0.994982 2.80239 0.121027 0.907198 -1.6381 -1.07627 1.2622 -1.63108 -0.811984 -1.60264 -1.50386 -0.953436 0.22177 0.943158 0.596551 -1.36525 -1.36577 -1.9147 0.136449 2.4026 -1.396 1.85369 1.54796 1.04978 1.36232 2.47457 
0.424805 1.51099 0.888232 -0.0996164 -1.14067 -0.904112 1.01325 -1.23626 -1.8931 -1.35698 -0.979074 -0.0207386 0.67886 1.12183 1.86888 -1.02394 -0.740636 -2.31992 -0.756006 2.25648 -1.75551 -0.0542604 0.278768 0.0881347 -0.305596 1.34893 -0.439508 -2.81442 -1.32343 -1.22967 0.492847 1.3119 -1.00426 0.819546 1.93848 3.2073 2.00907 0.712078 -0.950504 
0.740137 1.66129 0.194822 -0.933628 -1.88317 -1.04607 1.70624 -1.65739 -1.88105 0.161983 -0.383911 0.414029 0.354821 0.555474 -0.0120295 -1.2024 -0.322476 -1.14525 0.235627 0.257939 -0.811531 1.12649 1.60465 0.505208 -0.241358 -0.728733 -0.755528 -2.20976 0.426878 2.0421 1.98969 1.91052 -2.76433 1.51534 1.77 0.199605 1.45385 0.125125 -1.88105 
0.980279 1.49896 -0.314173 -0.422092 -2.28592 -0.668485 1.27119 -2.04779 -0.766609 0.247674 -0.473866 -0.262097 -0.0498732 0.366298 -0.34088 -0.597065 1.30146 -0.330233 1.15451 -0.507849 -0.240166 1.71574 0.478374 1.54198 -0.180471 -0.532125 -0.324542 -0.17252 0.681007 1.51729 1.14876 1.39157 -0.726775 1.34935 -0.913156 -1.84488 0.457102 0.758843 0.756049 
1.10643 1.32041 -0.402243 0.367832 -2.2134 0.108445 1.19839 -1.89755 -0.165305 0.640356 1.15807 0.233558 -0.177304 0.230932 -0.18455 -0.521398 1.19481 0.00351364 1.6272 -0.468837 0.537816 0.213338 -0.240228 0.96231 0.517485 0.0273154 -0.124606 -0.0761155 0.154912 -1.66526 0.606021 -1.02522 0.419373 0.571638 -2.01742 -2.25251 -2.80119 -0.275719 0.93801 
1.21121 1.31441 -0.835571 0.77272 -2.28241 0.958711 0.80235 -1.50997 -0.553271 0.00744628 0.488443 0.255388 -0.0225578 0.241692 -0.416996 -0.442152 -0.363803 0.275788 0.129299 -0.0884757 0.331472 -0.301674 -1.77414 -1.25921 -0.45619 0.405885 -0.0721124 -0.215856 0.320003 -1.77868 0.322643 -2.16633 0.747064 -0.447692 0.0207208 -0.861963 -1.75098 -1.0247 0.560969 
1.34813 0.903418 -0.844395 0.0040297 -1.93761 0.237744 1.10991 -1.56608 -0.466979 -1.13378 -0.101141 -0.222632 0.228582 0.158819 -0.400405 -0.201394 -0.583864 0.326156 -0.539134 0.278227 0.0901243 0.234059 -1.10219 -0.788669 -0.507214 0.588284 -0.179929 0.428882 0.195817 0.634222 -0.241097 0.52097 0.0278355 -0.0904417 0.4068 2.02889 0.832737 0.660991 0.416687 
1.37003 0.914008 -1.03697 0.188855 -1.95625 0.419577 1.08058 -1.41985 -0.319213 -1.09474 -0.300226 -0.251826 0.565727 0.0617633 0.011886 -0.246335 0.270419 0.0346912 0.650269 -0.0606402 0.24103 0.105126 0.254758 -0.426474 0.204801 0.822572 -0.0583774 0.0605438 0.334415 -0.296393 0.0411854 0.212232 0.105019 -0.224916 -0.0445495 1.35354 0.609172 0.699779 -0.343246 
1.40989 0.915304 -1.09073 0.274449 -1.90292 0.888012 1.04927 -1.32505 -0.361853 -0.879022 -0.527615 -0.0178304 1.05115 0.100442 -0.339862 0.133021 -0.880257 0.367342 -0.326901 0.383246 -0.134792 0.189509 0.25135 -0.179497 0.192565 0.245038 0.0157612 -0.209941 0.163751 -1.27119 0.235258 -1.18951 0.449956 -0.648072 -0.332069 -0.779269 -0.176803 -0.731926 -1.5359 
1.47047 0.574147 -0.903944 -0.691402 -1.58891 0.092676 1.46382 -1.55464 -0.129704 -0.843395 -0.479723 -0.0592615 0.810765 0.0775245 -0.198055 -0.0825836 -1.00077 0.26995 -0.539243 0.389316 -0.407042 -0.226943 -0.524511 -0.603276 -0.527125 -0.713333 -0.0792967 0.527086 -0.519817 0.702416 -0.396655 1.02856 -0.273012 0.141154 -0.832953 -0.431369 -0.131676 -0.591808 -0.61096 
1.48741 0.71725 -1.17331 -0.726317 -1.63297 0.348769 1.43859 -1.73209 -0.588796 -1.40353 -1.13089 -0.544955 0.337821 0.0211453 0.187225 -0.386796 -0.177841 -0.0293129 0.701662 0.110233 0.00636271 -0.643444 -0.180019 -0.311173 -0.399243 -0.365922 -0.062046 0.160908 0.0212565 0.56171 -0.07226 0.992873 -0.0557867 0.651523 -0.0201375 0.665919 0.932291 0.509862 0.333725 
1.49162 0.761371 -1.29074 -0.869243 -1.61822 0.794338 1.57406 -1.54828 -0.773148 -1.02341 -0.790896 -0.458504 0.444843 0.0154785 -0.0371464 -0.0613271 -0.439056 0.19769 0.453629 0.333529 0.244481 -0.247081 0.141408 0.329015 -0.0172629 -0.379607 -0.0489696 -0.00564898 0.244168 0.547901 0.233336 -0.303306 0.375496 0.378198 0.728015 0.684149 0.7293 0.930853 0.138038 
1.50289 0.680103 -1.23464 -1.16537 -1.43528 0.802398 1.77212 -1.48761 -0.835877 -1.26213 -0.801876 -0.562218 -0.0417869 -0.0278243 0.181576 -0.142628 0.37006 0.204023 0.398357 0.48573 0.38456 0.0845704 0.504129 0.418127 0.53161 -0.227884 -0.0907159 0.347737 -0.331534 1.18296 -0.389482 0.189597 -0.4721 0.167014 -0.0108683 0.379941 -0.0355162 0.314296 0.467267 
1.46379 0.942947 -1.43337 -0.499183 -1.4142 1.1927 2.05979 -1.16372 -0.688577 -0.519285 -0.372769 0.0731054 0.216959 -0.0752374 0.310591 -0.392861 0.743899 -0.191793 0.643226 -0.138571 0.411496 -0.257949 0.521349 0.293499 0.297033 0.0876592 0.0182086 -0.200424 0.00377982 -0.979071 -0.13223 -0.551223 -0.301725 -0.486415 0.022901 -1.11096 0.295259 -0.298058 0.274664 
1.42766 0.990694 -1.6275 -0.421474 -1.62707 1.44562 1.63355 -1.07612 -1.09383 -0.740776 -0.508378 -0.265185 0.0458724 -0.00961576 -0.018848 -0.138848 -0.609012 0.0717937 -0.152866 0.184005 -0.101854 0.107471 -0.606828 0.713386 0.233552 0.0467795 0.0789604 -0.2167 0.420719 -1.42425 0.672345 -1.09723 1.08355 -0.487088 0.403566 -0.607046 1.13515 0.659803 0.0449425 
1.45418 0.924099 -1.57222 -1.10819 -1.34241 1.03983 2.24379 -1.26557 -0.581106 -1.12611 0.340617 0.306657 0.263738 0.00372306 0.093891 0.0278573 -0.680352 0.480552 -0.454007 0.94498 -0.075592 0.145617 -0.0856968 1.42865 0.956835 0.132602 -0.0733021 0.223172 -0.0640091 1.27642 -0.133513 0.681187 -0.323915 0.116386 -1.06143 0.356973 0.0434522 -0.538559 0.0555534 
1.43138 1.08459 -1.59964 -1.10183 -1.14652 0.991617 2.57853 -1.15171 -0.948209 -0.826473 0.920275 0.69165 0.178474 -0.0829179 0.204324 -0.202857 0.66741 -0.0617198 0.528321 -0.13991 0.0145312 -0.953961 -0.249855 0.756838 -0.305007 0.102333 -0.0951156 -0.149195 -0.185686 1.2058 -0.318236 0.606655 -1.63192 -0.116338 -1.0346 -0.792782 -1.4531 -1.79006 -0.27348 
1.37126 1.12842 -1.77507 -0.440784 -1.40413 1.56815 2.10388 -1.25104 -1.53507 -1.37597 1.09745 0.00164987 0.366071 -0.0913926 -0.0553036 -0.157829 0.525452 0.162316 0.152648 -0.686943 -0.19193 -0.888979 -0.878479 -0.0244489 -0.833225 -0.140878 0.139564 -1.02037 0.533472 -2.10748 0.733111 -2.07296 -0.462379 -0.289744 0.621017 -0.153359 -1.90989 -1.17886 -2.23658 
1.33999 1.02928 -1.75747 -0.576374 -0.984206 1.14426 1.89158 -1.34364 -1.83719 -1.70495 0.895826 -0.141575 0.0375961 0.0566457 -0.816047 0.330614 -1.44007 0.671391 -1.54464 -0.602289 -0.275213 -0.332944 -0.403214 -1.15305 -1.48386 -2.13425 0.179821 -0.261976 0.368386 -0.59624 0.125187 -0.869393 0.178656 0.222531 1.98839 1.56247 0.201249 -0.400271 -1.89673 
1.4279 0.312376 -1.44446 -1.88085 -0.732735 0.0235132 1.50159 -1.52625 -1.86801 -1.77918 -0.0555949 -1.48221 -1.76818 0.0884281 -0.31728 0.210557 -0.0707885 0.287503 -0.716745 -0.508287 0.0306015 1.09941 0.683994 0.1768 -1.2335 -2.0376 -0.0627102 1.27967 -0.545118 2.79795 -0.590098 1.97236 0.316515 0.690711 1.20991 1.05986 2.32477 1.59267 1.64526 
1.42841 0.712002 -1.54692 -0.647163 -0.696704 0.427519 1.3833 -1.31304 -0.737783 -1.02096 1.07263 -1.37507 -2.00001 -0.00606443 0.463621 -0.214503 1.35788 0.0812934 0.427718 -0.285774 0.415498 0.876965 0.656644 1.17172 0.108802 -0.488992 -0.150336 0.406058 -0.454773 0.13078 -0.262606 1.1923 -0.215243 0.443531 -0.565543 -1.10247 -0.437304 1.39503 2.69829 
1.42184 0.775996 -1.65896 -0.522973 -0.651441 0.451231 1.21582 -1.11075 -0.991047 -1.12254 1.11612 -1.37341 -2.25717 -0.0619076 0.088778 -0.244215 0.0599917 0.0248967 0.475551 -0.72353 0.474133 0.533863 -0.418477 -0.260504 0.161539 0.660684 -0.0953911 -0.374432 0.0776516 -1.42086 0.0260434 -0.793539 -0.248077 -0.189756 0.37784 -0.607953 -2.06679 0.662391 1.73198 
1.36651 0.80078 -1.79113 -0.587171 -0.671807 0.90307 0.659765 -0.838903 -0.20392 -1.43943 0.812123 -1.21353 -1.33932 -0.101456 0.0891883 -0.136852 -0.0629747 0.107337 -0.365821 -0.533852 0.225742 1.25481 0.0486911 -0.895072 0.771193 1.24299 -0.0546949 0.224206 0.230104 0.571619 0.158885 -1.57716 0.116364 -0.48599 0.526776 0.522708 -0.653429 -0.443764 -0.707802 
1.32038 0.865185 -1.79582 -0.585948 -0.544104 0.0854105 0.681966 -0.885012 0.263758 -1.07385 0.221053 -0.602218 -1.01418 -0.116602 0.312984 -0.0141115 0.631611 0.183782 -1.10161 -0.607166 -0.0118576 1.06064 0.104232 -0.913933 -0.282225 -0.0471186 -0.126776 0.432978 0.0407248 1.80264 -0.0349741 -0.651112 -0.917022 -0.176934 -0.32497 -0.13348 -0.971528 -2.45134 -1.9356 
1.2499 1.11376 -1.80524 0.0444398 -0.488025 -0.198538 0.0525994 -0.850761 0.856719 -1.3352 -0.10181 -1.49576 -1.38644 -0.228232 0.522166 -0.096127 1.73966 0.0723627 -1.01693 -1.45087 0.0488077 0.929835 -0.084789 -1.8666 -1.68015 -0.692611 -0.0724497 -0.165848 0.145659 0.566454 0.197448 -0.434483 -0.112168 -0.283377 -0.497859 0.836513 0.366903 0.00490519 -0.550606 
1.09215 1.38735 -1.89194 1.15372 -0.471742 -0.931522 -0.768908 -0.836204 1.19359 -1.15864 -1.64555 -2.28237 -1.70679 -0.189052 0.147136 0.131548 1.19806 0.38123 -1.53609 -0.719334 -0.295235 0.56278 0.940744 -0.547029 -0.27732 -0.597725 0.127958 -0.412147 0.563035 -2.01363 0.541904 0.392973 1.77858 0.428298 -1.1456 0.44402 2.44708 2.70735 2.4362 
1.06085 1.2609 -1.67369 1.2425 -0.106795 -1.73463 -0.666735 -1.146 1.4195 -0.394459 -0.648839 -1.77308 -1.98417 -0.100274 0.110019 0.466908 -0.273971 0.614267 -0.623959 0.327711 0.477106 -0.215767 0.359231 0.580481 1.0272 1.74359 -0.00794326 0.0615538 0.252812 -1.51336 -0.554574 1.67999 0.213867 1.3433 -0.268618 -2.48974 -1.09107 -0.210199 0.689695 
0.991879 1.49737 -1.42503 0.879745 0.142525 -1.55548 -0.441197 -0.359098 0.977826 -0.799404 -1.06507 -1.25517 0.036799 -0.196995 0.20869 0.38436 -0.315295 -0.173345 0.143897 -0.505467 1.04807 0.294162 -1.549 -1.6381 -0.48752 0.0919703 -0.0817771 -0.293887 0.245995 0.966056 -0.964222 1.07606 -1.23309 -0.296925 2.4246 -0.0130709 -1.34578 -0.7515 -3.58835 
0.863856 1.46959 -1.28933 0.92721 -0.28014 -1.59073 -1.1722 -0.0979268 1.71366 -1.94346 -2.28694 -2.2606 -1.8922 -0.182051 -0.183867 0.712903 0.692085 -0.349955 0.452098 -0.905381 0.180181 2.20883 0.346161 -0.765303 0.275701 -1.84476 0.0806928 -0.472476 0.322727 0.86476 0.184678 0.374133 0.495984 -1.63545 1.20836 3.83837 1.99136 1.71277 0.0457185 
0.809827 1.3135 -0.712132 1.57183 -0.20743 -1.10338 -1.34658 -0.178917 3.18665 -0.453244 -1.83037 -0.979467 -1.80796 -0.116303 -0.263787 0.707087 0.549465 0.011333 0.51803 -0.00948231 -0.587384 1.50252 2.28937 0.353261 1.22525 0.137689 0.0796227 0.0626696 -0.352598 -0.765568 0.0871412 -1.13422 0.938025 -0.545589 -3.33374 -0.300737 -0.026684 -0.237502 1.58749 
0.747554 1.2058 -0.582248 1.47667 -0.268807 -1.0727 -1.18168 -0.685311 3.21618 0.345917 -1.93368 -1.03534 -1.75451 -0.102429 -0.121198 0.360305 -0.0734833 -0.262814 -0.682118 0.032644 -0.365408 -1.12492 0.0454236 -0.791987 0.0381993 -0.257269 0.0297007 0.302423 -0.345707 0.124272 -0.170074 -1.65363 0.407332 1.08845 -4.52985 -2.93462 0.467725 -1.05161 0.917788 
0.707399 1.1923 -0.351827 1.49835 -0.470244 -1.7855 -1.31393 -0.544325 2.06174 -0.40782 -2.62236 -0.941268 -2.06523 -0.086602 0.0386364 0.361381 0.673737 -0.158741 -1.1356 0.39785 0.501062 -3.02733 -0.645247 0.820985 0.173639 1.05548 -0.0082964 0.104592 -0.34008 2.56415 0.575157 -1.20666 0.0235029 0.9634 -0.613921 -0.446698 2.90538 -0.609408 0.471308 
0.660952 1.24444 -0.220867 2.15041 -0.427548 -2.2083 -0.783834 -0.18425 0.188851 -0.299329 -1.11269 -0.861706 -0.699032 -0.110725 -0.0166059 0.0202244 2.49067 0.312343 -1.88878 0.0561469 0.597992 -1.73884 -0.401275 2.11339 -0.571209 0.214039 -0.0978827 -0.0121519 -0.347442 1.09375 0.708475 0.504054 -0.535684 0.161347 4.2321 -0.160008 -0.652674 0.569951 -0.753266 
0.596674 1.1757 -0.331603 3.98902 -0.1579 -3.67428 -1.25779 0.0536668 0.322901 -0.809095 -0.508964 -1.51248 -1.85119 -0.184485 0.0264845 0.0139387 1.76749 0.549733 -0.631546 -0.137835 0.662409 1.20476 -0.805255 0.168311 0.743589 0.302211 -0.4318 -0.0558399 0.740957 -4.21523 0.476676 2.91989 0.445997 0.294186 1.98419 -0.142917 -2.87341 2.55252 2.21939 
0.476467 1.27092 -0.206928 3.9179 0.122185 -2.83985 -0.921668 0.478159 1.39362 -1.10458 -0.944383 -0.118116 -0.396821 -0.542525 -0.0724458 0.761182 -1.72456 0.78902 1.03111 0.502144 0.892178 0.245351 -0.544192 -0.760018 1.98131 2.43343 -0.654895 -0.641788 0.910451 -4.27438 0.128964 2.20291 -0.114568 -0.62695 -3.36572 0.385858 0.0416443 -1.60945 0.995612 
0.0541483 1.10325 0.429579 2.26446 0.631119 -2.64317 -0.755643 0.945845 0.568251 -1.35329 -1.26898 0.468834 0.582238 -0.839379 -0.615304 0.92439 -2.50689 0.678697 1.57137 -0.252402 0.0354591 -2.16096 -0.419397 0.209955 -0.865859 1.29782 -0.0909091 -0.799907 -0.201841 0.47702 -0.521469 1.41341 -0.370561 -0.715428 -0.0842756 2.05645 1.56202 -2.96388 -3.13567 
-0.362912 0.65562 0.717462 1.41101 0.800882 -1.26848 -1.17407 0.513618 -0.767345 -1.52398 -0.734428 -0.983975 0.901002 -0.633434 -0.872353 0.559341 -1.24754 0.26755 2.44452 0.131583 0.17675 0.161075 1.51226 0.802004 -0.982567 -0.702237 0.461524 -0.702821 -1.12197 1.31992 -0.616712 0.0709461 1.31534 0.122245 3.10863 2.04702 -0.316134 1.95119 -1.9819 
-0.579286 0.2309 0.98892 1.01692 0.898669 -0.19865 -0.62406 1.1226 0.729326 0.158971 -0.466978 -0.513733 -0.119998 -0.377856 -1.31812 -0.197578 -1.18697 0.0619852 1.64231 1.06294 0.157704 0.947675 1.62762 -0.106178 1.08533 -0.684079 0.485854 -0.221409 -1.00526 0.513518 -0.201143 -1.72086 0.431728 -0.281255 -0.458891 -0.867933 -0.843185 2.636 0.792315 
-0.740768 -0.662504 0.519883 0.224034 0.862867 0.373827 -0.111135 0.671322 0.18033 0.103641 -0.840606 0.101356 0.216923 -0.147581 -1.09376 -0.445917 -0.734019 0.0664078 0.723656 0.563311 -0.104504 -0.297816 0.644324 -0.0411813 1.65343 0.0900778 0.423842 1.01134 0.190464 1.14973 -0.112782 -2.32164 -1.03191 0.148144 -0.46479 -0.917197 -0.128257 -0.852925 0.688448 
-0.726867 -0.862861 0.543003 0.282902 0.965077 0.525006 -0.0607486 1.01809 0.431511 0.803295 -0.508159 1.1397 -0.0299205 0.0459858 -0.306783 -0.00711426 -0.0372458 -0.0507965 -0.679324 0.0310234 0.305848 0.482885 0.710425 -0.234436 0.232406 0.00436919 0.0978806 0.647774 0.367092 0.968058 -0.069973 -1.13197 -0.865672 -0.190547 -0.135393 -1.02087 -1.53537 -4.34365 -1.20583 
-0.694782 -0.969287 0.512769 0.186788 0.812071 -0.305496 -0.0801118 0.97717 0.663214 0.814066 -1.07504 0.333762 0.221293 -0.0497002 -0.445987 -0.0788245 0.234038 -0.00356513 -0.408314 -0.302361 -0.295051 -0.433209 -0.376546 -1.57655 -2.69022 -1.11576 -0.173179 0.41126 0.195244 -0.11541 -0.0342296 0.742347 -0.680773 -0.95796 -1.315 -0.828483 0.750852 -0.841371 0.586691 
-0.776567 -1.30885 0.464179 0.51694 0.961512 0.116692 -0.363109 0.72304 -0.00169838 0.42675 -2.08471 -1.55052 -1.14568 -0.127193 0.104477 0.18813 -0.152656 -0.0850261 0.0630235 -0.649749 -0.652112 -0.832117 -0.118058 0.516416 -0.608965 0.59106 -0.0265604 1.21729 0.309751 -1.17009 -0.203399 0.154418 0.17749 0.484635 0.597707 0.653048 3.53307 5.21342 4.29974 
-0.821975 -0.86481 0.700899 0.0341319 0.727045 -0.242473 -0.729861 0.325058 -0.168902 0.696008 -0.558626 -0.275203 0.812352 -0.0762606 0.771299 0.230927 -0.936049 -0.206964 -0.253896 -0.124871 0.189584 0.164498 0.276503 1.95652 2.52321 3.18398 -0.0328956 0.380448 -0.071895 -0.0590206 0.420339 0.957834 1.37882 1.48938 1.37232 -0.0992828 0.852373 1.20789 -0.213472 
-0.852828 -0.537549 0.695106 -0.419109 0.754548 -0.137204 -0.48798 0.912624 0.162799 0.703252 -0.12819 0.972691 2.03831 -0.160088 0.484926 0.116235 -0.211677 0.335313 1.02086 0.729074 0.83727 0.540208 -0.21734 1.36879 0.598929 0.377587 -0.0845611 -0.587713 0.0419191 1.21987 0.422752 0.811165 0.237364 -0.577508 -0.755592 -1.00266 -1.35026 -4.19415 -5.02818 
-0.982064 -0.379884 0.817134 -0.177545 1.06236 0.778384 -0.000786866 1.16233 0.371306 0.478668 0.810164 0.323726 1.18994 -0.160822 0.183586 0.272846 0.28382 0.215787 0.557269 0.112494 -0.387924 -0.591095 -0.726161 0.606259 -1.67094 -1.84419 0.161083 -0.313975 -0.0100479 0.532296 -0.429635 -1.68633 -0.973614 -1.51166 -1.20015 -0.544052 -1.02771 -0.389546 0.649276 
-1.01365 -0.353964 0.967952 -0.135289 0.970335 0.420065 -0.375486 0.524699 -0.428295 -0.0229084 0.478069 -0.698252 0.194117 0.000994895 0.17095 0.106187 0.32062 -0.0943224 -0.665471 -0.244539 -0.674391 -0.659941 -0.761393 0.341083 0.209383 1.02686 0.198729 -0.481282 -0.622907 -0.707934 -0.745503 -2.07572 -0.726237 0.184064 1.01207 0.499782 -0.525451 2.53465 1.5738 
-0.981069 -0.208934 0.923321 0.143075 0.968035 0.112913 -0.245326 0.487937 -0.288635 -0.282725 1.15125 0.533109 2.2168 0.0379068 -0.297696 -0.350061 -0.424114 -0.529716 -1.51845 -0.613744 -0.20386 0.42098 -0.226379 0.0808087 0.863709 -0.270393 0.0220183 -0.547568 -0.292888 -0.280123 -0.0277096 0.993562 0.346177 1.1103 1.79582 0.762008 -1.36017 -1.27729 -2.62686 
-0.975742 -0.651659 0.617891 -0.559402 0.44062 -1.09838 -0.98923 0.320839 -0.00731509 -0.249287 0.558878 0.165457 -0.0762757 0.0230132 -0.376618 -0.186701 0.0404961 -0.122032 0.328091 0.101637 0.435906 1.13588 0.000615045 -1.01908 -1.06791 -1.6 -0.1253 0.205432 0.460515 1.01089 0.819941 2.55744 1.24915 0.754904 -0.471027 0.883072 -0.459242 -0.61269 1.01759 
-0.958056 -0.585552 0.73662 0.183571 0.846003 0.441004 -0.143689 0.923843 0.847242 -0.28211 0.132162 -0.534803 0.616805 -0.0873936 -0.0922635 0.110454 0.586777 0.290225 1.03899 0.635411 0.551044 -0.0500464 0.656693 -0.378433 0.251019 0.747193 -0.0467331 0.570014 0.368366 -0.3673 0.0230282 -0.793849 -0.272285 -0.317946 -1.15084 1.5604 0.86908 1.10152 0.428746 
-1.06314 -0.743923 0.728345 0.0273746 0.730845 -0.0593961 -0.353819 0.871884 -0.0573615 0.407406 0.180445 0.416476 0.670917 -0.0237199 0.193396 0.181666 -0.326804 -0.0990038 -0.465758 -0.170647 0.11796 -0.0149637 1.56101 -0.150004 0.0336045 -1.17125 0.155279 0.234467 -0.158513 -0.97367 -0.368005 -0.871771 -0.393539 -0.719162 0.470517 0.130131 1.19735 -0.447351 -1.95323 
-0.981776 -0.392156 0.918286 -0.143233 0.746999 -0.024754 -0.314337 1.0418 0.832278 1.2789 -0.0178422 -0.501198 -0.554448 0.0678849 0.142203 -0.0480593 -0.386893 -0.0777795 0.167216 0.241872 -0.168118 0.420471 0.786824 0.818914 -0.196332 -1.20604 0.0355298 -0.419768 -0.458008 -0.63242 -0.221671 -0.44463 -0.361023 -0.717123 -1.2985 -1.7007 2.36289 0.725956 1.87501 
-0.995251 -0.60172 0.680285 -0.359518 0.653065 0.10782 -0.111947 0.703766 0.363109 1.19423 0.999358 0.220144 -0.53512 0.0118099 -0.226372 -0.276343 -0.959225 -0.320675 -0.910388 -0.531671 -0.599163 -1.31346 -0.139689 2.21289 0.759561 0.703758 -0.0347284 -0.0689779 0.0951765 0.621432 0.161519 -0.295695 -1.25444 0.0275799 -0.104499 -1.10505 0.757349 2.70215 3.04795 
-0.969966 -0.618528 0.641943 -1.10246 0.426324 -0.935142 -0.846007 0.442641 -0.481183 1.13921 2.19504 0.258362 0.14931 0.0331565 0.0732251 0.0471171 0.234539 0.0837396 -0.128478 -1.01257 -0.140538 0.315972 -0.318226 1.57626 2.50582 1.84192 -0.0232697 0.20733 0.737778 2.097 0.574121 1.05275 0.799297 1.27864 1.66641 -0.481237 -4.10103 -0.210969 -0.87115 
-0.962095 -0.528495 0.727402 -0.124979 0.736805 -0.0206577 -1.12452 0.563228 0.679081 0.876004 2.57562 2.72596 1.3068 -0.0114598 -0.0190416 0.461436 1.13778 0.253446 0.142361 0.267626 0.679473 0.352947 -0.620926 -1.88814 0.548592 -0.167392 -0.103508 -0.220715 0.390772 -0.0105762 -0.261761 -0.435712 1.08909 0.247209 -0.493295 0.233929 -4.82777 -5.33594 -3.6041 
-0.981426 -0.637569 1.10338 0.0353199 0.67977 -0.792781 -0.578381 1.12211 -0.128237 0.518289 0.306903 0.806955 -0.0180821 -0.0703514 -0.14749 0.437889 0.223963 -0.178022 -0.56419 0.0765161 0.106671 -0.177323 -0.0842976 -3.25151 -2.83012 -1.76218 -0.0714583 -0.0650657 -0.69918 -1.79007 -0.167696 1.02553 0.0772577 -0.550271 0.650245 0.823627 2.3005 -1.42769 0.946171 
-1.03245 -0.675984 1.16529 0.0989844 0.558783 -0.584848 -1.048 0.669899 0.501758 0.791706 -0.675885 -0.104156 -0.455387 -0.0829182 -0.0841073 -0.237744 -0.652288 0.0857492 1.16789 0.344884 0.129202 1.00319 0.202701 0.412357 -0.879095 0.778779 0.101464 0.0669624 -0.73605 -0.80101 0.499891 1.93579 0.316605 0.52812 0.282078 -0.0767375 5.15553 4.03896 2.99459 
-1.06434 -0.721676 0.865635 -0.616968 0.765519 0.375113 -0.233498 1.25132 0.874955 0.720989 0.71926 -0.0721409 0.760697 0.0311127 -0.0805271 -0.298161 -0.577047 0.32187 1.3716 0.393121 0.63479 0.104755 -0.161035 1.90402 1.20884 1.2324 0.179255 0.00734696 0.249483 1.27034 0.168079 -0.0516765 -0.146142 -0.0806532 -2.28585 -0.782001 -1.39092 0.319605 -1.39081 
-1.00133 -0.756512 0.86713 -0.478063 0.880653 0.786755 -0.654882 1.30469 0.606513 0.630671 1.22814 1.10468 0.777017 0.0963366 -0.0767603 0.0117389 0.618052 0.253828 1.11622 0.198742 0.0485488 -1.28266 -0.5793 -0.978567 -0.55949 -0.612029 0.0458462 0.152171 0.00782655 0.294697 -0.485653 -1.87439 -0.0994869 -0.805211 -1.76045 -0.676379 -2.29883 -2.07592 -1.48367 