-1.0456 -1.04567 0.679448 -0.639122 0.187436 0.977378 0.908224 1.18622 1.23484 -0.632268 0.239104 0.253669 -1.02332 -0.0974699 -0.165081 -0.254446 -0.281084 -0.567025 -0.825572 -0.757074 0.0712327 0.506166 0.633814 -0.290216 0.0473989 -0.427339 -0.0413897 -0.0662708 0.248797 0.383497 0.179861 -0.404482 -0.537944 -0.20365 -0.852763 0.990003 0.507818 1.19427 -0.446868 
-1.12173 -1.19518 0.526138 -0.706765 0.244503 0.47264 0.377029 1.0476 1.20873 0.136344 0.174956 0.566519 -0.278116 -0.0114419 0.0424448 0.169468 0.0426618 -0.098589 -0.269077 -0.519044 -0.201039 -0.292382 0.261822 0.0928914 0.697509 -0.566192 0.0991309 0.23124 0.637392 0.399103 -0.0994807 1.20588 1.29441 0.605959 -0.0300129 -0.520125 0.115606 -0.476173 0.673455 
-1.05704 -1.00322 0.848916 -0.59646 0.0888472 0.708301 0.38918 0.985186 0.942454 -0.370446 0.331995 0.951178 -1.58951 0.00166096 0.0661588 0.382946 0.118019 -0.666506 0.380307 0.537338 0.677192 0.476153 0.113688 -0.17461 -0.428774 0.246116 -0.0262287 -0.0468006 -0.204323 -0.0872442 -0.877742 0.10873 0.794489 0.316582 0.923383 -0.182138 -0.926237 -2.13011 2.05361 
-1.12007 -1.12903 0.909083 -0.588746 -0.422003 0.852948 0.914367 1.7248 1.68488 0.250032 0.000345393 0.137745 -0.0319998 -0.0376705 -0.00435581 -0.0348553 -0.0445824 -0.97633 -0.160347 0.275445 0.115544 0.631001 0.0796839 -0.833345 -1.4326 1.48742 0.0266476 -0.0438292 -0.552721 -0.00925365 1.56345 -0.301741 -0.153211 -0.965491 -1.1833 0.29528 0.488221 1.32088 0.0323741 
-1.09472 -1.00758 0.814061 -0.641043 -0.887483 0.547954 0.664625 1.10073 1.57346 -0.290762 -0.50135 -0.481425 -0.10209 0.0283086 0.0223296 -0.169776 0.108765 0.896946 0.0785665 0.384127 -0.288299 -0.707144 0.408969 0.313611 0.892106 0.27849 0.110587 -0.0363487 0.0684674 -0.100221 2.9678 0.9893 -0.145621 -0.157231 -1.51602 0.846514 1.88256 2.41703 -0.273887 
-1.09176 -1.1067 0.739308 -0.479981 0.474943 0.931514 1.29849 1.4365 0.977736 0.659001 0.313956 1.02985 0.24649 0.0729161 -0.0407045 0.0336121 -0.144804 1.99147 0.828953 0.129824 -0.0416868 -0.885015 0.926198 1.04922 0.984427 1.21353 0.0777106 -0.28763 0.269651 -0.222215 -1.35842 0.0200978 -1.47761 0.113998 0.650222 -0.999194 -0.114727 -1.49902 0.467286 
-1.0218 -1.04828 0.847673 -0.785847 1.10398 1.37691 0.794449 1.05904 0.688441 0.635437 0.547867 0.503002 1.11144 0.106019 -0.2653 0.0998756 -0.11345 -0.461471 0.0986643 -1.09349 -0.174302 -0.0569218 -0.590225 0.198884 -0.606917 0.745776 -0.0788907 0.0491048 -0.0707785 0.466043 -2.69145 -0.99324 0.0846716 -0.107744 1.12802 -2.26742 -1.33807 -0.916398 -2.30221 
-0.985742 -1.372 0.839183 -0.59343 0.0134722 1.03018 0.205007 1.2622 0.920814 0.068776 0.51284 0.422934 0.992266 -0.00597457 0.00840028 -0.0371665 0.321239 -0.699987 -0.164287 0.214496 -0.149431 0.243008 -1.34122 -0.288853 0.0680287 -1.08867 -0.166088 0.449107 -0.265736 0.367541 1.21751 -0.408278 1.49623 0.0453795 0.576966 0.578404 0.213554 1.19835 -2.03597 
-1.02777 -1.03988 0.810506 -0.464608 0.403996 1.21262 1.00894 0.909613 0.931448 -0.705781 0.259013 0.57103 0.0227719 -0.0600691 0.183807 -0.16586 0.254092 0.756041 -0.309613 0.402748 -0.128922 0.520044 -0.011821 0.412437 0.591435 -1.2902 0.0436098 -0.0766639 -0.148271 -0.450843 0.739624 -0.0901088 -0.374933 0.20466 -0.709545 2.28748 0.166202 0.181354 0.606447 
-1.04581 -1.18819 0.673323 -0.339339 0.769513 0.720565 0.607756 1.13327 1.44086 0.056955 0.925277 1.01437 -0.297932 0.0376353 -0.0682636 -0.185437 -0.129605 0.0396368 -0.254396 -0.160438 0.0552294 -0.466537 0.946267 -0.122651 0.249383 -0.482225 0.119396 -0.218963 0.119554 -0.432777 -0.881689 1.00907 0.0537219 0.691413 -1.12728 -0.00983053 -1.50901 -0.916809 0.767863 
-0.990138 -1.10815 0.625069 -0.594213 0.443632 0.958224 0.848507 0.964842 0.464911 0.240485 0.136362 0.820413 -0.459453 0.0593265 -0.0351557 -0.0463061 -0.178685 -0.125648 0.699452 0.45647 0.562491 -0.607235 -0.0216515 -1.09657 -0.325374 -0.522336 -0.114124 -0.215817 -0.0486604 -0.222811 -1.02894 0.139583 -0.236675 0.0236548 0.679054 -0.787622 0.463567 -0.582605 2.69883 
-0.986484 -1.22334 0.627017 -0.518024 0.643865 1.42002 1.06423 1.69576 0.833623 0.0353035 -0.171296 0.688994 -0.820268 -0.0764883 -0.28408 -0.234098 -0.352415 -0.989301 -0.114813 -0.397113 0.0788842 0.212517 0.158645 0.340916 -0.333222 2.2166 -0.107184 0.0203622 -0.0819164 0.1705 -0.336322 -1.23318 -0.436513 -1.05922 0.244986 -0.452454 1.73963 -0.0465156 0.447322 
-1.06663 -1.39223 0.390971 -0.946628 -0.545669 0.843411 0.451394 1.04373 0.677429 0.39913 0.477278 0.487191 1.75715 -0.0478573 -0.0147936 -0.128223 -0.00818511 -0.46197 -0.533724 0.0199571 -0.496733 -0.362249 -0.474105 0.643054 -0.37189 -0.0750135 0.116223 0.676469 0.554763 0.51305 2.82404 0.0226595 0.346766 0.0921738 -0.211444 -1.80567 -1.25304 0.658451 -5.30633 
-1.03434 -1.23814 0.498794 -0.526209 0.181895 0.886293 1.08418 1.19903 0.471374 -0.438802 0.471759 0.317104 -0.895281 0.0397343 0.392388 0.320666 0.160634 1.83474 -0.0921536 -0.050347 0.171058 0.00107358 -1.64702 -0.912126 0.325229 -3.08973 0.0388527 0.220919 0.0994338 -0.147169 0.332123 0.0883184 -1.22111 -0.344942 0.572178 0.681334 -1.45451 0.390172 0.518221 
-1.02689 -0.999839 0.711637 -0.785994 1.28907 0.751258 0.401047 1.21478 0.678502 -1.24789 -0.434847 0.81242 -1.33258 -0.00900452 0.206125 -0.0287887 -0.155354 -0.129847 -0.445406 -1.20116 -0.841675 0.209929 0.207228 -0.811459 0.0182825 0.443208 -0.00970485 -0.427053 -0.445295 -0.182835 -3.13889 -0.0278141 -0.0543693 -0.574608 -0.497193 2.51531 0.988573 0.069102 5.59047 
-1.04335 -1.03201 0.470006 -0.681563 0.0520483 0.440887 -0.116974 0.357357 0.681304 -0.231574 -0.339701 0.335387 -0.452074 0.0300295 -0.0346645 -0.124629 -0.0222007 -1.30415 -0.119968 -0.104716 -0.40355 -0.496119 0.86829 0.0764474 0.394331 2.50075 0.0313648 -0.153349 0.120888 0.181429 -0.383989 0.578219 1.463 1.13452 -0.856767 -1.21084 0.512536 -0.41888 -1.0871 
-0.996863 -1.0345 0.587008 -0.808194 -0.0150881 0.63129 0.296331 0.811234 0.182383 -0.379601 -0.3584 1.20675 1.16817 0.0223603 0.0527766 0.0920989 0.0260753 -0.513836 0.132813 0.261844 0.292842 -0.646838 -1.00362 -0.298923 -0.400598 -0.643896 -0.0243787 0.0866489 0.132467 0.234035 1.68375 0.433982 0.469447 0.281254 0.945435 -0.153616 1.03061 -0.592065 -3.98786 
-1.02099 -0.979237 0.562104 -0.655488 -0.461788 0.573699 0.14487 0.650199 0.0344654 -1.23519 -0.638624 -0.0652113 -1.09597 0.00565078 0.0519845 0.0078381 0.211835 0.379597 0.314014 0.364731 -0.122295 0.449316 0.714673 1.10706 -0.197734 -1.48711 0.0214445 -0.0989134 -0.046192 0.0111026 0.330625 0.312833 0.744742 0.244095 2.1026 2.71377 1.80344 0.802103 0.625733 
-0.991212 -0.982519 0.594846 -0.59636 0.364509 0.945304 0.661061 0.688939 0.631699 0.335072 0.748657 1.00902 -0.318946 0.0438048 -0.0461368 0.0459069 0.0371779 -0.183211 0.445646 1.00659 0.536937 1.45576 1.71016 1.50452 0.401505 -0.0181628 -0.019731 -0.328177 -0.291378 -0.162798 -1.04376 -0.992909 -0.778323 0.0553852 -0.901154 -1.96509 -2.14704 -1.96261 0.517292 
-0.977181 -1.02537 0.608011 -0.61831 -0.644998 1.01934 1.15146 1.18714 1.49022 0.474965 0.865896 0.336293 -1.11413 -0.0140802 -0.276192 -0.283539 0.0490362 -0.664166 -0.678895 -0.413592 -0.0669103 -0.451838 -1.25042 -1.03998 -2.16034 -0.969822 -0.0223029 0.228705 0.291045 0.616877 1.91853 -0.710673 -1.36628 -0.884896 -2.26625 -3.04939 -3.18683 -0.987991 0.365264 
-1.00529 -1.25871 0.311307 -0.547324 -0.299657 0.266409 0.247469 0.622029 0.179861 -0.915343 -0.291322 -1.15133 -1.28877 0.0215019 0.182568 0.336952 0.654055 1.73532 -0.265027 -0.359698 -0.347959 -0.810492 -1.33924 -1.68231 -0.586487 0.347101 0.743929 1.94542 2.00519 1.15111 -0.51506 1.25349 -0.891771 -1.17194 1.10681 -0.652108 0.736671 3.01268 0.564985 
-0.955679 -0.842805 0.944964 0.0357449 1.09032 0.754317 0.791758 0.839177 0.679732 -0.864272 -0.816417 -0.250193 -0.767031 0.729848 1.66923 1.72165 1.20015 -1.17923 0.574597 -1.30536 -1.23885 0.654975 -1.90252 -0.303308 0.852337 -0.404837 1.14503 1.58717 0.259012 -0.600364 -4.10496 -0.254832 -2.06308 -1.18846 0.828016 -0.174096 1.94096 1.21247 0.459439 
-0.275444 0.410519 2.03295 0.652826 -1.47888 0.841006 -1.0579 -0.61682 0.834836 -2.81787 -0.59463 -0.29899 -1.6936 1.16653 1.76974 0.595964 0.0536908 -2.36965 -0.519859 -2.42278 -1.53642 0.0175244 -1.51333 0.258643 0.625985 0.80654 0.00104161 -1.19857 -3.31036 -0.775723 3.46921 -2.43885 0.576775 1.29642 -1.41115 4.53175 0.718418 -2.11599 1.68033 
0.210854 0.926937 1.54093 0.0894356 -1.27933 0.234458 -1.63102 -0.697246 0.697257 -2.37761 -0.557774 0.375792 0.0395091 0.73089 0.470662 -1.58872 0.424427 2.28998 -1.86425 -0.728589 0.0575754 -0.75617 2.62923 0.41511 -1.26365 1.27549 -0.798198 -1.80728 -2.14998 1.39235 4.61506 -0.433807 2.84211 1.33366 -0.779358 4.02824 0.409036 -2.16646 -1.06846 
0.455446 0.881181 0.444237 1.07725 0.811101 -1.02324 -1.78648 -0.559244 0.0786666 -0.188641 -0.179521 -1.56264 -0.41811 0.368334 -0.0375404 -1.55402 1.44604 2.24541 -0.953667 0.419333 -0.202764 -0.761834 2.51491 0.667679 -1.54048 -0.261923 -0.541598 -0.484464 1.14854 -0.0205194 -2.32932 2.29892 1.41754 -0.139181 0.18494 -1.85443 -0.420608 1.43857 -0.249789 
0.579188 0.889396 -0.0130932 1.53548 0.966082 -0.719209 -1.21169 -0.90001 -0.0645771 0.137303 0.109904 -1.16468 -0.222414 0.189292 -0.0138019 -0.440172 0.403907 -0.0393319 0.434673 0.688947 -0.0816052 -0.571229 0.774796 -0.00549813 0.174917 1.02571 -0.30388 -0.119617 1.55296 -1.4025 -2.17796 0.917859 -0.6875 0.388784 0.000235541 -1.52664 -0.597667 1.0409 1.31797 
0.644739 0.867379 0.00406471 1.48116 0.771769 -0.588571 -1.09754 -0.64085 -0.492563 0.586155 -0.185019 -1.38772 0.607596 0.064454 -0.157157 -0.00106074 0.0435392 0.0674497 -0.0358078 -0.268167 0.18602 -0.761598 0.988265 0.0700114 -0.499571 1.05605 0.008713 -0.619114 0.755715 -0.355111 -1.5383 0.35329 -1.83251 0.56758 0.529973 -1.24242 0.444391 -0.602941 -0.439481 
0.643642 0.732239 -0.0141539 1.57901 1.03353 -0.755016 -1.47986 -0.71399 -0.826176 1.12557 0.179916 -1.66425 0.833635 0.198005 -0.632916 0.315543 0.0487964 -1.57763 0.787963 -1.14356 0.485975 -0.0412566 -0.467621 0.438893 -0.428024 0.586225 0.248818 -0.641809 0.470574 -0.213316 -2.66881 1.28933 -1.16591 0.711066 0.849713 -2.3707 -0.439198 0.626805 -0.939376 
0.842744 0.234464 0.319607 1.52996 -0.805864 0.199392 -2.2411 -0.154874 -0.533819 0.118535 0.253874 -1.81575 1.19382 0.313272 -0.798966 0.469514 -0.169777 -2.60136 1.25352 -1.43408 0.897087 0.0881142 -1.38244 -0.369187 0.127234 0.116673 -0.0165208 0.272531 -0.367661 -0.135791 0.757516 -0.712668 0.452983 -0.592368 0.256825 -0.155476 -0.844551 0.761227 -0.539739 
0.956915 -0.0667268 0.45536 1.40924 -1.56783 0.498502 -2.91394 0.183097 -0.738061 -0.256871 -0.189271 -1.53702 0.950308 0.181485 -0.360385 -0.0521177 -0.0869949 -0.820117 0.0752951 -0.690578 -0.106392 0.215568 -0.623096 -0.405659 0.333203 0.0464861 -0.269361 0.947121 -0.8618 0.759912 2.26981 -1.95794 1.75342 -1.31732 0.272831 1.80591 -0.193097 -0.447343 0.376294 
1.02423 -0.125921 0.26749 1.44296 -1.62598 0.274688 -2.93168 -0.261267 -0.318252 -0.504562 -0.151785 -1.48254 1.24031 0.0439114 0.148155 -0.392287 0.590135 -0.331558 -0.704417 0.31934 -0.420232 0.360945 0.42347 -0.562284 -0.320109 0.492967 -0.108483 0.358621 -0.218579 0.398894 -0.0399981 -0.701017 0.709879 0.36137 -0.538731 0.793529 -0.661239 -0.537811 -0.199151 
1.00083 0.0814286 0.0630729 1.99937 -1.89939 -0.205915 -2.5946 -0.237135 -0.377116 0.166599 -0.751556 -1.85713 1.44328 0.0730017 -0.00176367 -0.270697 0.311899 -0.860115 -0.625722 0.0193005 0.254977 -0.323163 0.170433 -1.0669 -0.204607 -0.152665 0.0818803 -0.178314 -0.03763 -0.754035 -0.486777 0.510525 0.277179 0.0950494 -0.419705 -2.1262 0.421557 1.76508 -0.972316 
1.09723 -0.127685 -0.0032074 1.75486 -2.4861 -0.351034 -2.91238 -0.0062894 -0.641415 -0.334129 -1.21868 -1.68715 1.08764 0.125792 -0.0301583 -0.429917 -0.1639 -0.818335 -0.193892 0.596519 -0.325183 -0.0587605 -1.70273 -0.140727 1.44497 -0.479348 -0.0275017 0.497259 -0.468909 0.11849 1.08256 0.516483 1.82986 -1.28434 1.07664 -1.01527 1.55026 1.99035 0.177995 
1.12662 0.0512703 -0.366844 1.83547 -2.71773 -0.399806 -1.99808 -0.562318 -0.435877 -1.53613 -0.892283 -0.412155 0.963927 0.0455 0.495495 -0.739606 0.430389 0.222444 -0.109239 1.84916 -1.02936 0.753476 -0.844836 0.48336 1.78574 0.0253303 -0.110245 0.466509 -0.438218 0.679152 1.52462 -0.19132 0.800875 -0.865785 0.0698425 2.22019 -0.710954 -0.440677 0.297417 
1.14273 0.367811 -0.742813 2.18525 -2.26365 -0.460273 -1.06321 -1.03565 0.112062 -1.17897 -0.735322 0.0985879 1.11297 0.0155469 0.436351 -0.868135 0.515252 0.706287 -0.385212 1.39739 -1.19097 0.011082 0.517462 -0.851681 1.0043 -0.181932 -0.0614166 -0.391278 -0.291335 -0.439154 -0.401289 -0.846374 -1.5574 -0.11767 -2.19561 0.60513 -2.30006 -1.54238 -0.675671 
1.14216 0.487622 -1.23498 2.35072 -2.01144 -0.785018 -0.600685 -1.75329 -0.424795 -1.01867 -1.74396 0.592142 0.781995 -0.0159166 0.104217 -1.03094 -0.00876482 -0.178844 -0.955612 0.291766 -1.14703 -1.44214 -0.239706 -1.8167 0.243359 -0.65034 0.0687651 -0.814897 0.808737 -1.26907 1.6082 -0.711964 -1.22968 1.13039 -1.41171 -0.582501 0.559891 -1.65199 0.12409 
1.12681 0.472028 -1.77376 2.17648 -2.4425 -1.41589 -0.771448 -2.18268 -1.33007 -1.41867 -2.55203 0.341947 0.462632 0.0843119 -0.378545 -0.0593976 -0.753815 2.31449 -1.09718 0.167718 -0.0605777 -1.40063 -0.0650385 -0.29179 -0.647694 -0.0578413 0.112963 -0.131807 1.48016 -0.452804 3.55705 0.788629 0.0512058 1.98618 1.45265 0.96808 3.116 -0.0832485 1.39042 
1.22648 0.109076 -1.29438 1.59691 0.303051 -1.88219 -0.432968 -1.81386 -1.82542 -1.08371 -2.03575 -0.0555521 0.724154 0.0970464 -0.0275901 0.449217 -0.461569 3.3782 -0.166983 0.342972 0.839145 0.0105099 0.728374 1.2993 0.160111 0.740079 -0.192375 1.14847 -0.438342 1.35562 -2.43423 1.60876 -0.0538654 0.323553 2.053 0.740318 0.414711 1.20797 0.649906 
1.22386 0.444438 -1.32454 1.71492 0.935707 -1.58287 -0.428475 -1.34354 -1.31956 -0.690297 -1.25273 0.502058 1.20271 -0.108063 0.76992 -0.49774 0.601808 -0.119739 0.511587 0.113852 0.262975 0.652375 0.67528 0.122922 0.56028 0.592064 -0.0973286 0.210203 -0.658177 0.602814 -4.16513 0.46661 -0.470838 -0.889229 0.604523 -0.603584 -1.5579 -0.233782 -0.222088 
1.11841 0.878996 -1.79212 2.19872 0.183312 -1.37061 -0.319116 -1.55089 -1.17305 -0.408427 -1.91283 0.504728 1.31622 -0.000282106 0.182613 -0.208961 0.141245 -0.78693 0.299627 -0.127866 -0.0500836 0.615033 0.12479 -0.258598 -0.0736714 0.517991 0.268816 -1.08931 1.04915 -1.34947 1.67617 -0.62219 0.00930465 0.0745363 -0.206184 -0.23328 0.366022 0.0344771 0.333942 
1.22358 0.62705 -1.5335 1.85616 0.148777 -1.28324 -0.556341 -1.39362 -0.704532 -0.565507 -1.51133 0.428387 1.7207 0.160754 -0.319394 0.551406 -0.747665 1.55643 -0.110603 0.123157 0.337511 0.446192 0.441999 0.488944 0.594757 0.926006 0.0186013 0.0301366 0.257362 -0.582553 1.66675 -0.504115 0.409067 0.267617 -0.272839 0.263111 0.379722 0.611052 -0.329008 
1.27917 0.559602 -1.24071 1.45105 1.73974 -1.48121 -0.195959 -1.21338 -0.726854 0.0335722 -1.42389 1.09948 2.24222 0.0183192 0.212749 0.0484016 -0.441308 0.879816 -0.204489 0.281201 0.217533 0.342194 0.387901 0.121123 0.537381 0.188983 -0.22283 0.435456 -1.05726 0.0343252 -3.15508 -0.330579 -1.1554 -0.738923 -0.79242 -1.64873 -1.36945 -2.11428 -2.95483 
1.2419 0.8398 -1.4851 1.41485 1.02859 -1.48773 -0.275141 -1.17609 -0.362338 -0.177606 -1.3902 0.965768 1.90969 -0.0620767 0.116062 -0.505854 -0.71334 -1.59865 -0.441182 -1.03224 -0.401412 -0.346229 -1.20673 -0.880505 -1.51952 -2.02882 -0.0570149 0.183485 -0.371861 0.510135 -1.33508 0.212793 -0.678639 0.016804 0.35835 -0.664968 0.331327 -0.873399 -0.776164 
1.21709 0.675664 -1.74656 0.737712 0.141091 -1.92239 -1.2282 -1.61479 -1.07308 -1.17316 -2.30439 -0.420038 0.213401 -0.0386957 0.396235 -0.32346 0.0688267 -0.455261 0.00830485 -0.397439 0.234337 0.700544 -0.277067 0.45245 -0.336018 -0.587181 0.124356 0.082388 0.749098 0.661419 2.41877 0.394781 1.26798 1.21218 1.52466 2.55341 1.55823 1.86548 3.34002 
1.2032 1.23603 -1.80856 1.48368 0.573333 -1.47943 -0.672579 -0.941752 0.338206 -0.454673 -0.937753 0.62975 1.3225 0.0622796 0.19845 0.243244 -0.0519202 0.820121 -0.0464012 0.235741 0.810768 1.17843 1.34668 0.677721 0.345961 1.3112 0.0828393 -0.637645 0.488262 -0.786964 0.344486 -0.559939 -0.0356145 -0.211825 -0.320679 1.25815 -1.38931 -0.521502 0.489216 
1.27937 0.874114 -1.50332 0.685792 0.961212 -1.96879 -0.992459 -0.80402 0.105352 0.173514 -1.62667 -0.0740774 1.5246 0.0441436 -0.241411 0.164803 -0.718137 -0.110775 -0.551634 -0.433053 0.0225126 0.379866 0.981083 -0.936859 -0.85752 -0.0979645 -0.0694912 -0.120818 -0.0573951 0.0196437 -0.796921 0.234874 -0.160845 -0.68151 -0.171671 -0.441713 -0.4514 -0.438209 -1.23517 
1.24735 0.994624 -1.64375 0.765542 0.462558 -2.03106 -1.10563 -0.919239 0.718072 0.52641 -1.87461 -0.22777 1.22454 -0.00721163 0.0776315 0.185849 -0.0322765 0.0231999 0.188473 0.0748956 0.129259 1.00676 0.904963 0.226321 -0.0922481 0.0760285 0.0432536 -0.115685 0.324131 -0.0215138 0.301404 0.867984 0.624537 0.0242138 -0.630849 -0.174476 1.68219 0.362262 0.00175857 
1.27216 0.951745 -1.31747 0.653515 0.984412 -1.78032 -0.917563 -0.674762 1.11212 1.07848 -1.40035 -0.166325 1.60063 0.0873972 -0.357096 0.488934 -0.739651 0.190629 0.31635 0.191484 0.0467263 -0.250983 0.806607 0.745334 -0.495258 -0.0962059 -0.0122531 -0.0872337 -0.328019 -0.406779 -0.473048 0.15026 -0.0724197 -0.484554 -1.88741 -0.961897 0.716227 -0.614345 -0.909657 
1.33474 0.637528 -1.15482 0.025891 0.653187 -1.71471 -0.914148 -0.872513 0.467089 1.33302 -1.12928 -0.723028 1.12833 -0.0194647 -0.00960221 -0.14217 -0.439055 -0.449848 0.338733 0.00247582 -0.355295 -0.88065 -0.0569338 0.942548 -0.706593 -0.833628 -0.0953628 0.412661 -0.416755 0.700704 1.01017 0.0954049 -0.107327 0.0939986 0.0608826 -0.570219 0.338447 0.802465 0.0429227 
1.25269 0.942143 -1.45964 0.21446 0.534564 -1.44159 -0.915088 -1.03006 0.231466 1.02154 -0.457803 -0.872918 0.766997 -0.0079656 0.0555653 0.0721784 -0.0389464 1.2008 0.411755 0.0841575 0.140725 -0.1901 0.236388 1.08378 0.307207 -0.0532832 -0.103532 0.382335 -0.313237 0.873635 0.957069 -0.23637 -0.086726 0.0121302 0.416579 0.703116 -1.14897 1.06454 0.128234 
1.32678 0.693093 -1.08264 -0.0130554 1.85399 -1.30295 -0.829991 -0.731788 0.276988 1.5694 -0.0454978 -0.415821 1.07505 -0.122996 0.372732 -0.455407 0.43458 0.507221 0.102363 -0.0842501 -0.343165 -0.464071 0.646183 -0.206422 0.357943 -0.705394 -0.199732 0.651854 -0.864088 0.976541 -1.56831 -0.308217 0.170071 -0.619257 -0.22922 0.116168 -0.851692 -0.867781 -0.375924 
1.1297 1.31488 -1.91505 0.64904 1.04179 -1.33922 -0.999338 -1.37322 -0.232606 1.66773 -0.664226 -0.514975 0.0616028 -0.207698 0.707419 -0.791909 0.937595 -0.36751 0.103538 0.254228 -0.478532 -0.419321 0.352556 0.232088 -0.560574 -0.429207 0.105811 -0.764016 0.68889 -0.676103 -0.552439 -0.324341 -0.0185325 0.0854359 -0.427407 -0.806523 0.509424 -1.81947 0.649678 
1.11908 1.40051 -1.87455 0.924539 1.48648 -1.19942 -0.575763 -1.21032 -0.142333 1.92196 0.186591 -0.976395 0.645844 -0.0171851 -0.391283 0.233483 -0.241524 -0.0452188 -0.221978 -0.102783 -0.257729 -0.891478 -0.16034 0.303001 -1.46153 -0.0557165 0.340829 -1.58352 1.69821 -1.34514 0.961996 -0.142262 -0.19254 0.385414 0.0589542 0.547177 0.186498 0.0273872 0.213833 
1.11251 0.923592 -1.68156 0.407516 0.996566 -1.5612 -1.10212 -1.63095 -1.12408 1.50739 -0.361224 -1.9765 0.00588639 0.133131 -0.876097 0.906304 -0.407546 0.594486 -0.0387246 0.0616877 -0.0931177 -0.360367 0.899733 0.418587 -0.533187 -0.215374 0.105818 0.231614 0.110902 0.432185 -0.0149314 0.451548 1.05063 0.223759 1.52611 1.39443 0.159653 1.63783 -0.563506 
1.25221 0.524415 -0.968248 0.516994 2.08096 -1.23814 -0.514075 -1.30344 -0.502699 2.82169 0.605177 -1.50958 0.43047 0.0886332 -0.159669 0.344385 0.190662 -0.0601502 0.22957 0.947851 -0.0339699 0.634632 1.23409 0.462654 0.176301 -0.619222 -0.158416 0.971617 -1.10186 0.0115012 -2.65034 0.214242 0.507944 -0.317107 0.239196 -1.45127 -1.18381 -0.000635499 -1.73542 
1.20115 0.763923 -1.33718 0.598178 0.936416 -1.33163 -0.154269 -1.66492 -0.489452 2.74147 0.101429 -1.8002 -0.613336 -0.0252843 0.0955201 -0.195553 -0.396044 -2.05586 0.175518 0.569632 -0.410225 -0.121171 -0.551541 -0.765226 -0.533822 -1.9508 -0.0645867 0.0678253 0.0293059 -0.861826 -0.894617 0.283238 -0.48012 0.210723 -0.763982 -1.75992 -0.411608 -0.159306 -0.00909885 
1.22693 0.619935 -1.1638 0.12095 0.025106 -1.06262 0.0555571 -1.71366 -0.62387 2.27015 -0.160049 -2.0434 -1.52033 0.0240465 -0.0918441 0.373691 -0.671164 -0.954767 0.512808 0.467731 0.176753 -0.12935 -0.525831 0.051046 0.0169943 -0.628321 -0.0987343 0.427621 0.162461 0.364447 2.00421 0.252086 -0.169229 0.956246 0.291838 0.23695 1.45673 0.982739 2.43382 
1.22519 0.672079 -0.96349 -0.0729858 -0.0183511 -0.818824 0.313462 -1.48817 -0.618802 2.21564 0.152476 -1.78321 -1.24166 -0.124019 0.523141 -0.0330923 -0.0315969 -0.0516472 0.427604 0.400403 0.546021 0.170667 -0.314591 0.691506 0.448916 0.483027 -0.174807 0.200067 -0.422704 0.0349718 0.695881 -0.887276 -1.10333 0.251836 -0.34914 -0.76485 -0.273962 -0.831521 0.190328 
1.10291 1.14308 -1.19689 0.0893526 -0.0265412 -0.63502 0.45596 -1.16764 -0.453203 1.95556 0.531457 -1.59449 -1.0373 -0.15076 0.108223 -0.0490134 -0.636192 -0.258886 -0.374468 -0.635599 0.428589 -0.47849 -1.29068 -0.222916 -0.814527 -0.437993 -0.00316114 -0.478945 0.165549 -0.232336 0.269006 -0.83772 -0.732368 0.227479 -0.696921 -0.181564 -0.814447 -0.686992 -0.0274703 
1.07443 0.780302 -1.0125 -0.709178 -0.277237 -1.19329 -0.322136 -1.05958 -1.09729 0.924961 -0.0704404 -2.59774 -1.67965 -0.12718 0.0441959 0.132457 -0.263933 0.217359 -0.410116 -0.331965 0.7735 -0.526254 -0.496155 -0.122941 -0.238075 0.455556 -0.00571354 0.459866 -0.236042 1.31754 -0.415997 0.799814 1.36261 0.178777 0.443372 1.75424 0.82465 2.24558 1.20073 
0.975727 1.18727 -1.06444 -0.17458 0.190817 -1.04514 0.123994 -0.394141 -0.979458 1.45941 0.408517 -1.83256 -0.581744 -0.156474 0.568089 -0.285055 0.681352 -0.674883 0.425346 0.727011 0.607366 -0.0351184 0.463562 0.601734 1.43105 0.762736 0.0307409 0.154036 -0.193637 -0.12364 -0.332319 0.748021 1.03157 -0.772705 0.26707 0.353181 0.845632 1.56951 -0.134161 
0.917959 1.34839 -1.29756 -0.0278259 -0.95212 -0.767946 0.404875 -0.452213 -1.13241 1.38852 0.531293 -1.16668 -0.916914 -0.0964389 0.198232 -0.0611805 -0.387572 -0.114961 0.337904 0.699604 0.000795348 -0.259184 -0.142973 0.722691 1.33144 0.321396 0.0436556 -0.549959 0.466815 -1.31017 1.07215 0.00672898 -0.526899 -0.796108 -0.48344 -0.815149 0.38858 -0.817195 -0.230591 
0.879289 1.3855 -1.12562 -0.562153 0.0758568 -0.707232 0.823598 -0.393346 -1.23864 1.31643 1.13121 -0.501127 -0.260348 -0.112818 0.0181296 0.18176 -0.628819 0.397267 0.432075 0.200112 -0.188742 -0.518558 -0.351587 0.990314 0.613858 0.532146 -0.0123645 -0.254971 0.381544 -0.0410603 -0.0728171 -0.0172477 -0.563974 -0.0591796 -0.584754 -0.40272 0.0288232 -0.92762 -0.596098 
0.805141 1.36652 -1.1158 -0.656645 -0.554853 -0.335871 0.604987 -0.640955 -1.65097 1.03694 1.52161 -0.552825 -0.384768 -0.108803 -0.0567391 0.320364 -0.428633 -0.187778 0.320657 0.135629 -0.0583843 -0.843938 -0.545694 0.751515 0.403816 -0.274702 0.0314894 0.0583342 0.164217 0.361704 -0.188932 -0.276844 0.0919925 0.636928 -0.108112 -0.101522 -0.41767 -0.0164143 -0.432121 
0.770485 1.32876 -0.805253 -0.990785 -0.111921 -0.386575 0.959227 -0.45173 -2.08258 0.77074 1.88272 -0.0973113 -0.53505 -0.0813286 0.0764638 0.345977 -0.267115 0.208334 0.155231 0.292104 0.448186 -0.62667 -0.453109 0.572644 0.597444 0.100025 0.0140999 0.113068 0.0359521 0.154729 -0.139472 -0.275446 -0.185493 0.193462 0.956097 2.72944e-005 -0.523723 -0.0244745 0.0816243 
0.723812 1.44298 -0.769821 -0.923761 -0.346519 -0.18064 0.897091 -0.192769 -2.27764 0.583827 2.09425 0.0446193 -0.284743 -0.0947035 0.0563287 0.356316 -0.273904 -0.32725 0.0452102 -0.0498641 0.135078 0.112159 -0.545666 0.227792 0.379341 -0.193078 -0.0356903 0.0426389 -0.239199 0.271142 -0.422909 -0.255574 -0.444578 -0.419075 1.20158 -0.139758 -0.476594 0.217174 -0.362813 
0.675782 1.38509 -0.448937 -1.26469 -0.439171 -0.341365 0.909363 -0.316652 -1.97042 0.225074 2.11051 0.28203 -0.728129 -0.117019 0.119103 0.106777 0.00402615 -0.214575 -0.100343 -0.152474 0.0291114 0.574906 -0.592867 0.0960495 0.814618 -0.262788 0.0246588 -0.109675 -0.555533 0.315002 -0.319528 -0.331505 -0.497806 -0.173882 -0.518101 -0.401936 -0.76996 -0.50893 0.541072 
0.606793 1.56209 -0.663044 -0.919734 -0.561093 -0.280983 0.744617 -0.163658 -1.70273 -0.00904018 2.1903 0.859237 -0.547531 -0.0700447 -0.053346 -0.199217 0.0410989 -0.646778 -0.286295 -0.54767 -0.0388041 -0.405941 -0.947603 -0.542168 -0.129588 0.347994 0.08765 -0.391443 0.360283 -0.133885 -0.14867 0.0294498 0.159121 -0.315599 -1.03323 0.547044 0.0314217 -1.08207 0.567788 
0.605737 1.33175 -0.648154 -1.22359 -1.08595 -0.62766 0.361693 -0.355456 -2.37636 -0.722529 1.56835 0.152442 -0.380134 -0.0293689 -0.27234 0.46706 -0.129859 -0.363244 -0.0708932 0.00664691 -0.286487 -0.458325 -0.0458225 0.127471 -0.267451 0.304999 -0.0371967 0.166198 0.673763 0.425922 1.44896 0.506909 0.799054 -0.0610709 0.959493 2.03475 0.950352 0.86099 0.380911 
0.577424 1.28975 -0.195984 -1.04959 -0.924338 -0.351876 0.751264 -0.450145 -2.16106 -0.0548626 2.31777 0.591787 -0.242532 -0.107241 0.112852 0.474546 0.467021 0.802186 0.220614 0.251384 -0.0998749 0.553552 1.08715 0.408184 0.731402 0.728906 -0.165514 0.438564 -0.155262 0.170597 0.541834 0.197721 -0.503833 0.0879153 0.748352 0.306527 -0.675525 0.601578 -0.475279 
0.498496 1.4446 -0.173608 -0.756569 -0.283763 -0.407046 0.613077 -0.455331 -1.82281 0.36462 1.97653 0.883843 0.348771 -0.194883 0.166224 0.311798 0.0407378 0.178589 0.126828 -0.497186 -0.198572 0.290027 0.260705 -0.548053 0.334127 -0.17028 -0.199249 0.0566306 0.589517 -1.50434 -1.87672 0.727828 -1.31436 -0.237674 0.234454 -1.83684 -0.769506 -0.188692 -2.14125 
0.382541 1.45597 0.115814 -1.00886 -0.745749 -0.225048 0.254078 -0.648717 -1.87103 0.205842 1.76972 0.925914 -0.412812 -0.306491 0.169483 1.06406 -1.03732 -1.07453 0.948441 -1.06298 -0.337549 0.788006 -0.749687 -0.361322 0.54271 -1.41235 -0.153835 -0.0671568 0.63326 -0.900145 -0.916763 0.422354 -0.114877 0.54564 1.06529 -0.96064 0.0680569 0.125549 -0.757943 
0.192005 1.61408 0.890455 -1.79389 -1.3583 0.541395 -0.4499 -0.79288 -1.0348 -0.385067 1.61521 1.42655 -1.06358 -0.348718 0.0990672 0.945058 -0.859407 -0.738174 0.549182 -0.612063 0.347068 1.35532 -0.699935 -0.479997 0.459676 -0.928222 0.0567591 -0.284637 -0.84679 1.3241 1.04185 -0.766453 1.59157 1.19161 -0.270753 0.441879 -0.305016 -1.28097 1.08555 
0.0338229 1.55504 1.06087 -1.86826 -1.48392 0.324134 -0.357985 -0.301649 -0.515708 -0.494093 1.28972 1.38559 -1.34103 -0.249732 -0.115154 0.217273 0.286778 -0.0326779 0.181988 0.528594 0.854062 0.517253 -0.307808 -0.666338 -0.738262 -0.326794 0.0656335 -0.896221 -0.842176 1.53891 0.494768 -0.167624 0.676269 0.000252643 -0.504992 -0.132462 -0.485108 -1.62916 -0.126885 
-0.0577269 1.49893 1.10773 -1.50711 -1.39097 0.723383 0.0786944 0.0611821 -0.517551 -0.692876 0.948869 0.688291 -1.39037 -0.283084 -0.797154 0.102882 0.679499 -0.243406 0.381558 0.0642055 0.34732 0.850329 -0.832398 -0.965104 -1.16948 -1.05511 -0.317768 -1.28365 -0.0468774 0.387483 1.08625 -0.154303 -0.402946 -0.264683 0.363687 -0.316834 0.875824 1.56752 0.403578 
-0.249261 0.757884 1.16376 -1.18876 -1.72733 0.705692 -0.29378 0.045671 0.334621 -1.32649 0.324618 0.216107 -2.39614 -0.5675 -1.39881 0.170395 0.674261 1.05357 0.0276853 0.125648 0.589378 0.88094 -0.624643 0.209485 0.829255 0.0767837 -0.388744 -0.585079 -0.389191 -0.364106 1.79232 -0.0555827 1.544 0.446143 -0.936522 1.73962 1.44964 1.50006 3.11369 
-0.625226 0.10012 1.27812 -0.832853 -0.3374 0.751068 0.204342 0.650561 0.363389 -1.31752 1.15835 1.51755 -1.31359 -0.671829 -1.38223 -0.286308 0.315393 1.54891 0.325975 1.60821 0.793463 -0.0861927 0.907219 0.484538 0.330577 2.05858 0.270999 0.517476 -0.67313 -0.620723 -0.52096 0.176326 0.31257 -0.646509 -1.47139 1.51406 -0.728928 -1.6611 0.867575 
-0.92109 -0.624349 0.877447 -0.873371 -0.178416 1.03167 1.31443 0.839134 0.248428 -0.419272 0.809156 0.546684 -0.337557 -0.2965 -0.881333 -0.502734 0.0535371 0.532613 0.204011 0.438218 -0.0571309 -0.59045 0.889412 -0.519442 -0.831845 0.944359 0.59861 1.12597 0.264036 0.0482983 -0.941914 0.0996021 -1.70461 -0.74501 1.2758 -0.703992 -1.13058 1.15662 -0.601819 
-0.921727 -0.781213 0.775389 -0.779316 0.195213 0.95508 0.64256 0.59343 -0.227061 -0.428106 0.638912 0.685701 -0.369228 -0.0732187 -0.256264 -0.0222722 0.363691 0.606998 0.425577 -0.0964049 0.0484532 1.18961 0.203227 -0.646039 1.48719 1.45677 0.239007 0.725123 0.416009 0.0773444 -1.30915 -0.673626 -0.586864 0.04272 1.28055 -0.571834 0.01756 0.782714 -0.110295 
-0.994309 -0.880613 0.855175 -0.50968 0.428583 1.45724 1.21802 0.887587 1.43803 -0.216044 0.163117 2.03388 1.11921 -0.0574934 -0.15621 -0.0867251 0.130882 -0.776541 -0.469614 -0.148646 -0.0144109 0.6901 0.317578 -0.501882 -0.0491308 0.834063 0.0756466 0.411576 0.182685 -0.210659 -0.0767714 -0.747938 -0.464809 0.00247599 -1.92351 0.0382272 0.362627 -3.12787 -1.52956 
-0.97922 -0.937423 0.688664 -0.648435 -0.581328 0.485465 0.493915 0.579019 0.46304 -0.110528 0.13703 0.63657 0.464835 0.00242793 0.155312 0.160413 0.153032 0.530227 -0.322361 -0.561214 0.0509292 -0.733909 0.241455 -0.283413 -1.64067 -0.072798 0.0124947 0.0175814 -0.0800043 -0.168712 0.914501 0.806891 0.137753 0.109797 -0.749691 -0.655997 0.643988 1.13182 -1.53711 
-0.991881 -0.725301 1.01559 -0.356647 0.958809 1.13488 0.656811 0.938517 0.704126 0.0254104 -0.120296 0.393204 1.04641 -0.0449987 -0.138629 -0.166729 -0.0378305 0.13796 0.337276 -0.0108928 0.0953859 -0.0595908 -0.338418 0.142105 1.08269 -0.703049 -0.0939257 -0.367222 -0.335401 -0.047167 -0.653486 0.221721 0.824191 0.0262 1.89647 0.202451 0.374264 2.28996 -1.52464 
-1.02422 -1.07605 0.521934 -0.686265 -0.443368 0.822741 0.483022 0.674405 0.403449 -0.448946 0.279135 1.71926 -0.238214 -0.0914977 -0.211911 -0.174988 0.105865 -0.12326 -0.10064 0.262978 0.0771292 1.16256 0.443906 0.0908516 0.649284 -1.59743 0.00157011 0.0502799 0.216061 -0.00227486 0.336834 -0.387585 0.436201 0.229682 0.714915 1.15771 0.863146 -0.442584 2.27903 
-1.08338 -0.937212 0.8406 -0.250782 0.83555 1.03424 0.919789 1.01565 1.86668 0.469316 -0.0294442 1.04249 -0.551024 -0.0434286 -0.088349 0.0493314 -0.0401054 0.474794 -0.0503088 0.425308 0.325068 0.655324 0.819295 1.00525 0.640109 1.57599 0.183236 0.331085 0.164342 -0.54575 0.112592 0.223443 -0.393804 0.128059 -1.9704 -0.790753 0.147018 -0.503205 3.08527 
-1.06765 -1.1644 0.571266 -0.726371 0.0314261 0.772433 0.90833 0.999472 1.05877 0.370349 1.28439 2.35937 1.33777 0.0917387 0.119174 -0.0106459 -0.439885 -0.010668 0.122803 -0.130826 0.205188 -0.807844 -0.346847 0.23787 0.146079 1.48784 0.0767722 0.274994 0.0468026 0.22967 -0.188803 0.284564 -0.232022 -0.362403 -0.792591 -0.733946 -2.17099 -2.83966 -1.68695 
-0.99164 -0.818037 0.829954 -0.690667 0.824882 1.15705 0.788963 1.22083 1.05884 0.122469 0.208426 1.18857 0.936815 0.0333436 0.186645 0.096134 0.189565 0.285991 0.234255 0.193287 -0.0373352 -0.137266 0.0853494 -1.16573 -2.19955 -0.110964 -0.260583 -0.533061 -0.287968 0.218118 -2.21236 -0.579982 -0.598621 -1.08317 0.838826 -0.161895 -0.631867 -1.68381 -2.3413 
-1.0343 -0.977756 0.6674 -0.536806 0.317417 1.00669 1.10162 0.962137 0.921507 0.455698 0.118652 0.159821 1.22681 -0.168844 -0.413887 -0.298614 -0.221767 -2.22303 -0.457179 -0.729447 -0.877981 0.0309821 -0.508743 -0.393998 -1.53773 -0.853458 -0.0395694 -0.322155 -0.0886317 0.26728 -0.552749 -0.590711 -1.10053 -0.750787 -0.441972 -0.866736 1.23239 3.24451 -0.51628 
-1.16048 -1.23192 0.531341 -0.912435 -1.39815 0.699869 0.059516 0.342853 1.08982 -0.386274 -0.185572 -0.34916 0.0833572 -0.00622575 -0.13551 0.00750228 0.456845 -0.266758 -0.356455 -0.907239 -0.788122 -0.579238 -0.781386 0.0666579 1.04496 -0.627244 0.322534 0.647604 0.55638 1.05454 4.42096 0.418312 1.28381 1.37137 -0.197729 0.496087 -0.0842272 2.01199 0.332896 
-1.04053 -1.11327 0.674902 -0.0799606 0.0506589 0.650233 0.194378 0.174015 0.342269 -0.325688 0.18531 1.20478 0.599563 0.15369 0.233717 0.257766 0.832768 2.19794 -0.0388666 0.554362 0.493386 -0.166747 -0.0126562 -0.478225 0.474265 -0.520563 -0.00748671 0.254441 0.224769 -0.474513 0.565319 0.64729 1.36086 1.6764 1.03852 0.650264 -0.343314 -1.76774 -0.945414 
-1.00679 -0.998207 0.789107 -0.0796663 0.799789 0.661003 0.613878 0.836239 0.923076 -0.39893 -0.663797 0.125105 -0.437205 -0.0137125 0.118932 0.232271 -0.0176678 0.298561 0.290834 0.453619 0.888276 0.459285 -0.131123 -0.276656 -0.722784 -1.57266 -0.173261 -0.0437682 -0.0536309 -1.18516 -2.86013 0.510251 -0.218851 0.0433729 0.108015 -0.888724 0.778709 -0.608685 0.452921 
-1.05424 -0.994334 0.907173 -0.0976285 0.349219 0.941067 0.647997 1.06229 0.801554 -0.456811 -0.0913463 0.481993 -0.973095 -0.0195712 0.189949 0.204135 -0.352394 -0.662195 0.471384 0.335512 0.536759 -0.0587321 -0.901381 0.300484 -0.134421 -0.0676412 0.0479161 0.0764624 -0.23786 -0.177185 -0.651398 -0.488707 -0.379285 -1.28717 -0.255896 -0.0289733 0.302685 0.258781 2.0553 
-1.02636 -0.808258 0.993243 -0.43206 0.137595 1.13239 0.94939 1.373 0.864344 -1.30031 -0.363313 -0.00931603 -0.504847 0.0342037 0.195394 -0.00558852 -0.194853 -0.352838 -0.197872 0.0743337 -0.398897 0.203389 -0.160096 0.026029 -0.464002 0.48264 0.0148307 -0.249355 -0.211145 0.948314 1.49993 -0.786529 -0.842318 -1.18821 0.414893 2.48589 0.167414 0.190443 -1.01452 
-1.02004 -0.79894 0.901585 -0.292481 -0.00361822 0.743195 0.72233 0.663394 1.00494 -0.616907 -0.0653172 0.0179906 -0.490455 -0.00474051 -0.0594057 -0.00700952 0.59592 0.837736 -0.315145 -0.506807 -0.65145 0.35616 1.58451 0.467898 0.0560221 -1.08216 -0.0987252 -0.403173 0.14975 0.304482 0.593525 0.142798 0.411655 0.713602 -1.21342 -0.286459 -0.191539 0.0652586 -1.29553 
-1.03111 -0.867664 0.986233 0.16386 0.975331 0.817242 0.442583 0.721547 1.2205 0.284199 0.104585 0.0467061 -1.58701 -0.0645215 -0.207779 0.144161 0.109629 0.240687 -0.0550745 0.485989 0.314704 -1.01003 -0.446555 -0.16551 -0.398744 -0.812892 0.085744 0.174002 -0.0553013 -1.27413 -1.28288 0.196574 0.4045 0.392999 -1.39222 -2.36675 -1.01392 0.195178 2.98156 
-1.08456 -1.00672 1.04575 -0.182852 0.237069 0.688121 1.20832 0.978098 -0.0050886 -1.06346 -0.230827 -0.380753 -1.30335 0.0810035 0.114596 -0.0623109 -0.678215 -0.445144 -0.118571 -0.102307 -0.258451 -1.03606 -0.782239 -0.546017 0.2512 1.8994 0.108959 0.317274 -0.223646 0.0162257 1.61946 0.378594 -1.2084 -0.467111 1.36697 0.199442 -0.74256 0.585664 2.08107 
-0.950102 -0.753068 0.923922 -0.514355 0.530187 0.698671 0.340277 0.463096 0.184448 -0.498041 -0.441431 0.297906 0.312394 0.0444379 0.109495 -0.0794843 0.125855 1.86014 0.32352 -0.72241 -0.152407 0.356943 -0.247113 -0.908069 0.18692 1.26818 -0.212607 -0.420348 -0.12399 0.19177 -0.038675 0.34402 0.530708 1.04751 1.28024 0.339222 0.281424 -1.06986 -3.77011 
-1.04012 -0.897224 0.966262 -0.0569968 2.09721 1.01164 0.485909 0.825691 0.351854 -1.31058 -1.1389 -0.193833 -0.0351664 -0.131603 -0.305752 -0.186301 -0.486445 -0.483819 0.225449 0.428402 0.789059 0.244183 -0.443017 -0.264593 -0.818661 -1.87071 -0.0143184 -0.0677027 0.0669249 -0.383633 -3.23633 -0.245747 1.3477 0.727791 0.478804 1.11309 1.93246 -0.00457933 -1.62689 