-0.939425 -0.488017 -0.303269 0.661625 1.26476 1.936 0.303861 0.935148 0.0651821 -1.02701 1.04919 -0.239309 -0.289653 0.0115231 -0.0581987 -0.497126 -0.679985 -0.188243 -0.01126 -0.934609 -0.213683 1.95645 -1.24072 -0.630081 -0.559705 -0.786113 0.046563 -0.212496 0.535235 0.256672 -1.07965 -3.04577 -1.34863 0.0728339 0.180024 0.707403 -1.02234 0.609784 0.51156 
-0.995933 -0.733658 -0.377477 -0.0617662 0.72278 1.0378 -0.948899 0.793885 1.83127 -1.34635 0.216101 -1.06556 -0.833983 0.126315 -0.145333 -0.705382 -0.0460848 -0.610773 -1.75642 -0.549251 0.0846194 -0.342324 0.199365 -0.75087 0.822091 0.547391 0.238816 -0.0429515 0.261957 2.14783 0.20006 -0.318451 1.34321 0.187419 -3.20445 3.27564 0.547272 0.738466 0.386406 
-0.81311 -0.633351 -1.00865 0.61554 0.653986 0.179578 -0.245391 1.01977 -0.277142 -0.827643 0.298319 0.582783 0.257738 0.250339 -0.10115 -0.235169 1.46784 0.0118168 -0.329711 0.408602 -0.0262638 -1.24801 2.03492 -0.0828081 0.178761 -0.399706 -0.056322 -0.369589 -0.42601 -0.11576 0.577836 1.30291 -0.285394 -0.772649 -1.4643 -0.243448 0.780464 -2.32217 -1.01916 
-0.745594 -0.834808 -0.612646 1.40608 0.734597 0.708091 -0.540297 0.767621 0.583269 0.688565 0.133292 -0.886795 -1.23369 0.0699931 -0.514923 -1.13139 -0.161845 -0.032937 -0.453513 -0.834645 -0.68803 -1.80663 -0.0440832 0.0295942 -1.50008 -0.471774 -0.130827 0.041088 0.242326 -2.26086 0.0557612 0.208014 0.0488281 0.372053 0.0963927 -2.93789 0.554938 0.0303792 3.19628 
-0.743117 -1.14827 -2.14004 0.453695 0.621049 -0.273934 -1.08004 0.331738 -2.08377 -0.871726 0.327913 -0.917295 -0.214036 0.119512 -0.0600622 0.00715678 -0.793016 0.067578 -0.121697 0.45743 0.345789 -1.15161 -0.902979 0.47213 0.209141 2.79657 0.0943431 0.82748 3.6461 -0.115615 -0.114757 0.572684 1.43316 1.34278 3.27637 0.972174 0.662947 2.49335 0.352144 
-0.626081 -0.894871 -0.60549 0.613059 0.802175 0.586393 -0.0828675 1.11341 -0.568344 -0.214413 0.605422 -0.677654 1.56288 0.164336 0.312558 2.51471 -0.277459 -0.147694 0.119172 0.598514 0.65475 1.46975 0.928091 0.692541 0.993272 -0.119629 -0.00172458 -0.280383 0.299013 0.414631 -0.135303 0.0698166 -1.47585 -0.480255 1.09227 1.0859 -0.0589962 0.367892 -4.4783 
-0.578781 -0.835716 0.37467 0.176236 0.473354 -0.154763 -0.481521 0.986487 -0.614018 0.0563644 1.02045 0.0759772 -0.333665 0.117788 -0.340445 0.30617 -0.378385 -0.0677248 -0.0518807 -1.01842 -0.134466 -0.0593464 0.182921 0.413134 0.577033 -1.68173 -0.177833 -0.891904 -3.05169 0.696931 0.385574 -0.0310896 -1.52718 -1.16566 -1.84997 -1.2774 -1.37983 -1.81436 -0.582665 
-0.508294 -1.23532 -0.299319 0.234674 0.73445 0.534513 -1.10128 0.978944 -0.627691 -0.0314926 1.01856 -0.100621 -0.118849 -0.0134971 -0.579346 -0.536975 0.419471 0.237879 0.088082 -0.928664 -0.510911 -0.380216 -0.349305 -0.687293 -0.821085 -0.702294 -0.150264 0.302938 1.26162 1.51575 0.349886 -0.169588 0.896908 0.0440542 1.45806 0.309642 -0.399425 -0.874461 0.812412 
-0.592278 -1.41506 -0.162305 0.595707 0.711234 -0.0666806 -1.41019 0.475576 -0.994235 -0.29294 0.333161 -0.745108 -1.03596 -0.0324764 -0.0375066 1.56779 1.13737 0.282161 -0.221468 -0.12151 -0.0904119 1.39871 0.492562 0.013709 -0.297428 -0.869318 0.0285992 0.654481 1.17384 -0.108857 0.104713 0.441975 0.720736 0.130231 0.497007 0.606251 0.889898 1.23015 1.72761 
-0.54077 -1.27282 1.26847 1.37204 1.01661 0.313044 -1.22279 0.888532 0.771024 0.46107 1.03227 -0.398049 -0.988167 0.0151021 0.0751351 0.636861 0.310615 0.342593 0.530057 -0.207928 -0.38068 0.116791 0.256946 0.202605 0.409062 1.02531 0.0395069 0.00126669 -2.8355 -1.8385 -0.486893 -0.506174 0.655226 0.170957 -3.32114 -0.810144 -0.902704 -0.62478 1.98146 
-0.577176 -1.33993 0.474556 0.906321 1.05383 0.463376 -1.61811 0.0948959 -0.877444 -0.0359943 0.535767 -0.336046 -0.0106469 0.00703054 -0.0362399 -1.26772 -0.701138 -0.204732 -0.727642 0.533717 0.0805452 -1.92243 -0.317581 -0.888996 -0.922208 1.11214 0.0859483 0.0434556 -1.32847 -0.539968 -0.37484 -0.327991 1.01742 1.14112 0.397364 0.773369 -0.390223 -0.839914 -1.3292 
-0.533739 -1.30906 0.000747205 0.670903 0.81188 -0.414598 -0.689078 0.969078 -1.1514 0.143489 0.14327 -1.32026 0.123976 0.10105 0.118591 -0.691612 -0.229353 -0.0322474 0.202065 0.809487 0.760437 0.514155 1.03031 -0.187618 -0.430852 -0.303883 0.0611002 0.254874 1.17369 1.16592 0.35588 1.5751 -0.291321 -0.177167 3.48002 0.969921 1.46563 2.14677 -1.24328 
-0.476125 -1.22134 -0.217056 0.676968 1.02158 0.665441 -0.808626 0.855333 -0.363289 0.99432 0.348148 -0.766898 -0.31453 0.0681307 0.218634 -0.0940283 0.464786 0.151148 0.84746 0.242396 -0.096622 1.55759 0.65234 0.576635 1.22457 -0.131134 -0.148843 -0.223457 0.486018 0.880766 -0.348347 -1.35483 -0.572487 -1.35597 -1.21292 -1.83636 0.932652 0.764436 0.0924379 
-0.465609 -1.09043 -0.0932811 1.13569 0.963028 0.432862 -0.446682 0.872456 0.406193 0.795828 0.719905 -0.0956903 -0.0071585 -0.0477922 -0.104866 -0.205594 0.651413 -0.380594 -1.15277 0.237 -0.595531 -0.698768 -0.806043 0.745034 0.333584 -0.211445 -0.0678196 -0.467911 0.707194 0.610246 -0.203872 -1.34611 0.0768978 -0.325528 -2.46438 -0.43151 -0.692396 -1.83603 -0.962906 
-0.523917 -1.3262 -0.42265 1.32838 0.640984 -0.487326 -0.571626 0.259802 -1.06206 0.188277 1.09318 -0.433314 -0.525975 0.000311113 -0.249278 0.613165 1.07503 -0.0527235 -0.498654 0.319294 -0.42215 -0.906785 0.220829 -0.115761 -0.611462 -1.09404 0.090341 0.225446 -0.0252838 -0.896824 0.585683 2.64465 0.0757683 1.16782 1.91257 1.45434 -1.00824 -0.616064 0.629266 
-0.465298 -1.33971 0.519884 2.21072 0.910305 -0.0657921 -0.127388 0.450306 -0.500592 1.01666 0.604144 -0.707152 -1.1012 0.0425489 0.12058 -0.230878 -0.245412 0.205088 1.49188 0.312768 0.572292 1.21381 0.648297 -0.263211 -0.282481 0.417821 0.00178558 0.403291 -1.37835 -1.45436 0.125813 1.10851 -0.350876 0.491695 0.944478 -0.79143 0.318887 1.05403 2.65785 
-0.481368 -1.20562 -0.653528 1.08297 0.846073 1.00455 -0.258858 0.832094 0.151748 0.836575 0.829972 -0.715795 -0.108154 0.00209669 0.154013 -0.765185 -0.379324 0.0730896 0.609854 -0.0315827 0.0695447 0.0376923 -0.5706 0.203126 0.442572 1.56381 0.0819686 -0.0225784 1.19854 0.272949 -0.403703 -2.67536 -1.15423 -1.0818 -2.48819 -1.16405 -0.193558 1.38515 1.13463 
-0.463201 -1.18569 -0.245301 1.8314 0.983394 0.544062 -0.158971 0.519851 -0.4629 0.446058 0.80727 -0.26458 0.462608 0.124517 0.0980014 0.967661 0.0275374 -0.198615 -1.18348 -0.841462 -0.50951 -1.27439 -0.515752 -0.456769 1.10267 1.55245 0.155141 -0.188331 0.591068 -0.879879 -0.155898 -1.00832 -1.17363 -0.418024 0.870749 1.17503 -0.370693 -0.92059 -2.19421 
-0.356851 -1.10762 0.314133 1.11051 0.647458 -0.178924 -1.10032 0.322584 -1.12264 0.320822 0.373203 0.386872 1.4443 0.157238 -0.0343184 -0.174118 -1.2592 -0.082808 -0.398463 -1.20522 -0.348479 0.908441 0.604428 -0.167567 -0.478018 -0.630408 -0.19667 -0.311422 -1.61992 -0.944415 0.263762 1.35433 1.04995 0.740392 3.15957 1.10076 1.36968 -1.0523 -1.81856 
-0.305963 -1.22001 -0.419419 0.572194 0.900586 0.145599 -1.36419 0.171372 0.445542 1.05049 0.639703 -0.742598 -0.1678 -0.0721523 -0.213421 -0.652256 -0.916878 0.0651476 0.17085 0.208487 0.230882 1.88519 0.585004 0.91291 0.0503618 -0.266108 -0.201761 0.577259 0.833562 0.921316 -0.139853 0.376723 1.30909 0.887124 -0.334393 -1.49209 0.406381 1.63145 1.7381 
-0.429003 -1.32104 -0.338123 0.193629 0.712606 -0.00807388 -0.891833 0.553467 0.762548 0.905827 1.28611 0.437234 1.17819 -0.0445239 0.54294 0.659444 -0.337887 -0.222661 -0.0217403 0.103877 0.538645 0.574049 -0.88766 0.238814 1.15343 1.10769 1.05544 2.33448 3.54247 0.231279 -1.03781 -1.11101 -0.863633 -1.30732 -3.25757 -3.49189 -2.35024 -1.63736 -1.99234 
-0.350487 -0.677071 0.240025 0.234307 0.677925 0.123859 -1.26031 0.710017 1.01959 0.162826 0.878517 0.41083 0.939894 0.983287 2.12106 2.89021 -0.685599 -0.972666 -0.940155 -0.655146 -1.07644 -1.37238 -2.90689 -1.43733 -1.587 -2.25845 1.44186 1.60265 -0.694091 -0.0376672 -1.64197 -0.755506 1.79494 -2.95302 -2.38945 0.567741 -1.02995 -1.00115 -0.80568 
0.554284 0.800014 2.55209 -0.49197 -0.26006 -0.948229 -1.54698 -0.522974 -0.609835 -2.00106 -0.151218 -1.14977 -1.08026 1.39733 2.14559 -0.0346468 -0.375554 -1.86463 -0.777246 1.89881 -2.41438 -1.8154 -0.319919 -0.79114 0.152274 0.302013 -0.222541 -1.83405 -6.47165 -0.502041 0.0273955 0.406061 3.09552 -0.0483869 1.1463 5.19929 1.47628 3.65445 5.36122 
1.04685 1.46852 0.205379 -0.141247 -1.1867 -0.653387 0.638504 -1.70436 -0.795809 -0.157093 0.0873774 0.563105 1.24191 0.760747 0.287003 -3.58144 -1.18764 -0.94527 -0.534095 2.44038 -1.12483 -0.226082 2.2924 0.0389536 2.06746 3.10277 -1.13054 -2.24178 -1.50276 -0.943872 1.79768 0.556417 -1.1155 2.54473 2.64131 1.34925 0.62033 0.265272 1.18475 
1.31503 1.08702 -1.02935 -1.67961 -1.20533 -1.48232 0.893399 -1.6478 -0.835917 0.291339 -0.112264 0.91769 2.02252 0.266796 -0.0961972 -1.53741 -1.31943 -0.0669497 -0.220829 0.783318 0.130354 0.825912 1.02933 -0.17081 0.417546 1.48676 -0.801259 0.0877706 2.09342 1.74079 0.757409 1.42651 -1.56198 1.18073 2.44813 -1.62338 -0.412215 -1.26656 -2.90409 
1.31364 1.37232 -1.33203 -1.46067 -1.25365 -0.874217 1.42182 -1.57401 0.0301026 0.872237 -0.083433 0.980651 2.72867 -0.0405122 0.374773 -1.48802 0.553154 -0.187861 0.892419 0.878395 0.0558981 2.22205 0.669024 -0.373262 0.800894 0.198686 -0.0879019 -0.324615 1.36281 0.653887 0.0807355 0.0380609 -0.712315 0.158534 -0.0804771 -1.51009 -0.287849 0.418811 -2.03427 
1.27452 1.46179 -2.51737 -1.12646 -1.39319 -0.589905 1.77179 -1.5919 1.38614 0.960363 -0.485526 1.71858 2.2212 0.178894 -0.420812 -0.174603 -0.665539 0.0137858 -0.182768 0.0710025 0.288888 0.745435 -0.480761 -0.45866 0.836358 -0.547513 0.318939 -1.02717 2.47702 -1.64821 0.302963 -1.38879 -1.03175 0.295194 -3.0276 -1.06525 0.259312 -0.534121 -0.710417 
1.49254 0.951506 -1.50664 -2.12621 -1.23987 -1.05699 1.49282 -1.28512 0.775537 0.391476 -0.542093 1.81701 2.18115 0.278426 -0.652395 0.989001 -1.09506 0.115102 -0.496369 -0.153353 0.351092 -0.805544 -0.396222 -0.113949 0.266773 -0.511731 -0.185745 0.454897 0.00301226 1.07454 -0.190195 0.510834 0.416066 -0.103828 -2.08205 2.09382 -0.387246 0.406699 -0.830656 
1.55294 0.809395 -1.52837 -2.22151 -1.27809 -1.08627 1.61844 -1.24081 0.580592 0.564141 -0.599475 1.98536 1.70947 -0.00685164 0.0340848 -0.171591 0.409006 -0.176409 0.328066 0.487069 0.18506 -1.33662 1.61306 -0.845905 1.24306 -1.37817 -0.260305 0.644862 0.0833858 0.987204 -0.144929 1.00736 0.449675 -0.230239 -0.493867 2.17592 -0.788396 0.711722 -0.747522 
1.48569 0.985591 -1.67823 -1.71721 -1.41627 -0.728919 1.97989 -1.10006 -0.56108 2.00453 -1.388 3.06006 0.802985 0.0181216 -0.0075333 1.07239 -0.107851 -0.029827 0.510991 0.296321 0.120854 -1.29941 1.7797 -0.902345 0.978495 -1.25925 0.0827224 -0.215501 0.139634 -0.593542 0.266041 -0.695146 -0.770251 -0.329493 2.02335 -1.68773 1.1584 -2.07028 1.56936 
1.57107 0.801861 -0.455982 -2.32936 -1.30792 -0.575284 1.91476 -1.11996 -0.718819 2.34384 -1.50182 2.96385 0.450217 0.0758707 -0.181416 -0.031957 -0.184536 0.0896323 -0.36708 -0.283182 -0.144433 0.686729 -0.0746735 0.312496 -0.827227 0.191195 -0.0853755 0.129243 -3.071 1.12101 -0.123955 -1.28069 -0.692878 -0.655796 2.84817 -2.65049 1.76461 -3.08079 2.1253 
1.56156 0.804174 -1.71018 -1.90174 -1.32664 -1.096 1.69671 -1.24449 0.125649 1.92986 -1.0755 2.23284 0.99418 -0.0672539 0.12171 -1.99861 1.01316 -0.153782 -0.7697 -0.396557 -0.534942 1.54875 -0.87079 0.862266 -2.10229 0.86605 -0.126588 0.408791 -0.204677 1.84597 -0.330696 0.476396 0.0136082 -0.185643 0.264051 -0.491176 0.340408 -0.236701 -1.51035 
1.50381 0.923571 -2.45459 -1.3162 -1.4617 -1.34498 1.5182 -1.6549 0.829936 1.47305 -0.639554 0.86156 1.31627 -0.0507176 0.227374 -0.236634 1.66143 -0.241064 0.109316 -0.269574 -0.330076 0.95078 -0.565849 0.652904 -1.06393 -1.31915 0.098217 -0.0369067 2.96386 0.214084 -0.00640158 1.04 -0.00465166 0.64368 -1.30291 0.522878 -0.980363 2.81769 -2.72635 
1.51084 1.03155 -1.94682 -0.240311 -1.56771 -0.986683 1.42714 -1.57457 1.07643 1.36401 -0.422597 1.16891 -0.32497 0.0309631 0.0848032 0.965252 1.22724 -0.160183 0.270303 -0.401209 0.108738 0.245842 -0.347912 -0.118097 0.715393 -1.8603 0.0725118 -0.28333 1.68488 -1.793 0.247206 -0.627437 -0.0226143 0.233532 -1.29813 0.0579045 -1.31362 1.12233 1.5795 
1.53478 1.00837 -1.48934 -0.0889635 -1.62188 -1.07468 1.117 -1.54616 1.07578 1.12514 -0.757651 1.57695 -0.544036 0.0217943 -0.0559557 1.44825 -0.131565 0.00614175 -0.518121 -0.292188 -0.096544 -0.347345 -0.507945 -0.660719 0.0584005 0.26035 -0.0296535 -0.159073 1.1426 -1.55306 0.260559 -0.533862 0.353992 0.0543978 -3.14396 1.26738 -1.1844 -0.10659 2.54452 
1.53263 0.975593 -0.498569 -0.371877 -1.56156 -1.5048 1.13495 -1.67111 0.729084 0.856067 -1.08332 1.22731 -0.0646205 0.00130954 -0.0742695 2.10785 -0.32582 0.100375 -0.263559 -0.0472171 0.163135 -2.89812 0.919468 -1.3025 0.608802 0.684219 -0.0330114 -0.161482 0.671859 0.344345 -0.157773 0.235888 0.495408 0.194828 -2.02355 0.553209 0.0410322 0.00455642 -0.388254 
1.53609 0.934105 0.618511 -0.414784 -1.52151 -1.33824 1.06978 -1.38303 -1.82234 2.04461 -2.06015 2.18575 0.140183 -0.0112171 -0.217437 2.12011 0.21278 -0.151631 -0.282233 0.203219 0.0982836 -2.3709 0.0452643 -0.619686 0.0629569 -0.127904 -0.0961421 -0.0504927 -1.42521 1.51162 -0.194221 -0.323884 -0.205832 -0.242861 2.74944 -1.53519 1.02246 -0.920279 -3.33095 
1.52142 0.758155 1.62154 -0.159097 -1.7132 -1.78704 1.33817 -1.57283 -1.64181 0.901331 -1.703 1.29027 -0.192524 -0.0948326 -0.124762 0.682641 1.1858 -0.0938457 -0.587443 -0.253049 -0.0797257 -0.148682 -0.615722 -0.280038 -0.311477 -2.64673 -0.0455285 0.110853 -3.1043 -0.742917 0.295858 -0.00590876 -0.773926 -0.215737 2.77003 -0.204864 -0.234736 -1.02369 -1.66603 
1.44125 0.809343 1.30115 0.77102 -1.61535 -1.92568 0.81673 -1.46275 -1.97102 1.42888 -2.34019 1.87428 -2.50655 -0.0567456 -0.106584 -0.984192 -0.530137 0.144227 -0.288142 -0.570706 -0.117454 0.399136 -0.1596 -0.854423 -0.960731 -1.79393 0.121119 0.139756 -1.24883 -1.8003 0.267303 0.873918 0.505334 0.147898 1.41101 -0.239998 -0.171211 -1.0931 2.64775 
1.46467 0.651571 0.637345 -0.689234 -1.56897 -2.07518 0.767462 -1.69028 -1.24268 0.741731 -2.55743 0.329535 -1.98646 0.0262865 0.0149937 -0.566185 -0.614494 0.173458 0.286475 0.252285 0.0681728 1.26233 -0.855721 -0.451248 -1.40458 0.00101165 0.0139411 0.527714 0.834206 1.7503 0.02896 1.26258 1.23336 0.401772 0.826739 0.0398653 1.30129 0.463465 2.30985 
1.46754 0.824336 0.734967 0.156525 -1.44189 -1.63921 1.06901 -1.39458 -0.70869 0.573164 -2.79144 0.469699 -2.50554 -0.0428045 0.42113 -0.149986 1.22016 0.173187 0.974442 0.662654 0.284319 1.22588 -0.119735 0.44687 -0.497266 0.515917 -0.106872 0.306995 0.181718 1.21734 -0.222151 0.544637 0.233045 -0.332329 -0.827244 0.454669 1.8599 1.19473 2.49302 
1.42187 1.0727 0.487359 0.530929 -1.39578 -1.10074 1.43012 -1.40596 -0.0168012 0.621997 -2.11056 -0.167732 -1.47054 -0.0805851 0.321989 -0.384467 0.602848 -0.048693 0.831112 0.48533 -0.264156 0.435088 -0.401052 1.40865 -0.209847 2.49403 -0.0343063 -0.471286 0.620931 -1.84149 -0.152697 -1.56812 -0.822063 -0.302399 -0.980437 -0.368966 0.365491 0.414127 1.3724 
1.38695 1.14633 0.3505 0.759373 -1.49059 -0.808095 1.55434 -1.65874 -0.273602 0.172112 -1.38279 0.259852 -0.0115108 -0.0771107 -0.0501563 0.470945 -0.621331 0.02049 -0.593681 -0.159409 -0.0180799 0.245439 -0.488701 0.812361 -0.0831391 1.88832 -0.169982 -0.129209 0.361606 -0.394707 -0.0729912 -0.765425 -0.778696 0.637291 -0.425668 0.998876 -1.06903 -0.355979 -3.09915 
1.34475 1.02255 0.958305 -0.090402 -1.37529 -1.69442 1.27071 -1.42404 0.228638 0.133295 -1.29819 -0.250871 0.417776 -0.250567 0.19278 -0.0228614 0.20814 -0.121684 0.0656875 -0.293366 0.373135 0.00941981 0.597824 0.339622 -0.565826 -0.605123 -0.14117 0.212766 -0.938216 1.04517 0.054765 1.04672 0.169498 0.0267449 0.0881436 0.647658 -0.626361 -0.0606244 -3.55047 
1.13639 1.3391 0.327639 0.967513 -1.61227 -0.742407 1.26098 -1.2856 -0.264182 0.769936 -1.04317 -0.305974 -0.616634 -0.21828 0.16261 -0.467271 0.423842 0.075255 0.453038 0.0100898 0.00866505 0.333582 0.158957 0.186 -0.143763 -1.66215 0.127085 -0.156093 0.235858 -0.616131 0.426392 -0.567491 0.299478 -0.0831714 0.975503 -1.54392 -0.62598 0.430463 0.60706 
1.12647 1.18515 0.491034 0.333441 -1.30004 -1.24138 1.2808 -1.41538 0.56222 0.292253 -1.11219 -0.394634 -1.24437 -0.123482 0.0366864 0.212997 -0.40799 0.304708 -0.501804 0.00611147 0.289963 0.984923 -0.946095 -0.286358 -0.135363 0.00193704 0.0388149 0.0522116 0.911916 -0.474569 0.0557556 -0.618987 0.138107 0.803451 -0.660737 -0.868004 -0.384919 -0.530341 3.39458 
1.0129 1.37579 0.540635 0.559523 -1.30756 -1.24421 1.26709 -0.995637 0.720741 -0.176159 -1.32953 -0.441337 -0.614697 -0.179466 0.214822 0.444645 -0.0507264 0.131011 -0.165949 0.148197 0.812116 -0.327154 -0.709046 -0.198919 -0.674105 1.73243 -0.11802 0.133105 0.709217 -0.473571 0.129316 1.12321 -0.33693 0.321703 -1.00013 0.0954609 0.37954 0.0954712 1.29087 
0.947009 1.39998 0.935679 0.282714 -1.16902 -1.40733 1.42899 -0.603263 0.235066 -0.416794 -1.31111 -1.06874 0.488054 -0.241501 0.169791 0.922214 -0.881561 0.434024 0.621409 -0.330818 0.611667 -0.0152022 -0.850634 0.0931813 -0.0398919 1.29281 -0.20794 0.0752567 0.0932048 -1.48321 0.451104 1.25235 -1.28163 -0.640776 -0.103255 0.190257 0.665818 1.8337 -1.37138 
0.771403 1.54558 1.46285 -0.322038 -0.87354 -0.622802 0.936271 -0.383971 0.705539 -1.02679 -1.23635 -0.481229 0.67811 -0.387406 0.290078 0.53785 -1.53394 0.582115 1.0864 -1.13344 0.17134 -0.430409 -0.518789 0.4669 1.15959 0.36105 -0.240137 -0.0606437 -1.27921 -1.00998 0.278477 -0.488114 -0.735553 0.191331 -2.37221 0.869246 1.14737 0.967496 -1.55066 
0.559603 1.69005 1.47353 -1.25122 -0.58691 -0.320925 0.295558 -0.431923 -0.195344 -0.935583 -0.844213 0.0908521 0.849104 -0.481639 0.109147 -0.356996 -1.89154 0.712501 0.133295 -1.06637 0.802997 -2.38742 0.0186121 1.24055 0.927604 -0.257852 0.0197858 -0.413886 -0.858684 1.06682 0.141652 -1.11498 0.0951814 0.630834 -1.20885 0.823612 0.840101 -1.37462 -1.57483 
0.289765 1.65473 1.10585 -2.21357 -0.161039 -0.489508 -0.1301 0.419027 -1.68188 -1.00818 0.00420279 0.446375 0.420258 -0.36762 -0.123808 -0.320834 -0.467118 0.723767 -0.0285736 -1.03825 0.802174 -1.63926 0.304823 1.307 -0.215031 -1.21378 0.294099 -0.409701 -0.383347 2.46944 -0.416443 -0.0670436 0.0803434 -0.841301 2.34964 -1.75524 -2.0785 -2.17 -0.795806 
0.191983 1.56625 1.15269 -1.71834 0.136857 -0.349498 -0.742697 0.370251 -1.8346 -0.630759 0.462788 -0.124179 -0.364676 -0.187539 -0.300554 -0.740343 0.577905 0.296058 0.0662513 -0.986028 -0.0383036 -0.0377722 -1.73663 -0.837953 -1.24239 -1.05366 0.253827 0.0103877 0.698102 0.768753 -0.630685 0.792526 1.06861 -0.599318 2.54874 -1.05806 -1.95468 -0.59426 0.791835 
0.102226 1.35418 0.36551 -1.63567 0.135019 -0.423256 -1.11613 0.380723 -1.71965 -2.74481 -0.83375 -0.796017 -0.6334 -0.113793 -0.11342 0.377268 0.301635 0.0930812 0.763952 0.0303572 0.202857 0.909488 -0.753235 -0.647682 -0.809291 -0.421945 -0.00973379 -0.00610963 1.91507 0.722252 -0.181197 1.64986 1.7507 0.186954 0.780666 1.78754 1.78095 1.25797 0.156193 
0.0781897 1.45283 1.52996 -1.4167 0.229938 0.414454 -0.712339 0.573107 -0.925111 -1.38399 -0.184894 -0.933469 -0.786621 -0.197273 -0.306663 1.17472 1.30016 0.114862 1.71611 0.764667 0.148651 0.742894 0.0509141 0.942993 0.0155776 -0.897465 -0.400622 -0.863962 -0.63528 1.18758 0.214024 0.176174 0.84706 -0.0481279 -0.156341 0.0612325 1.03507 0.570635 0.188007 
-0.0950474 1.04751 1.54023 -0.335513 0.249881 1.29285 -0.351461 0.529374 -0.976756 -2.6939 0.109243 -0.780439 -1.53086 -0.514414 -0.977382 -0.258012 1.48921 0.307105 0.940126 0.877417 0.154729 0.753148 -0.692003 0.387391 -0.238655 -0.233938 -0.520661 -0.839744 -1.23375 -0.779179 0.181095 -2.14401 -0.441015 0.333281 1.35715 2.53378 -0.439075 0.0883266 1.50204 
-0.436225 0.475444 1.27195 0.0725072 0.537043 1.35458 0.165078 0.727836 -0.171964 -2.076 0.202496 -1.17212 -1.02056 -0.717934 -1.14641 -0.05903 0.520978 0.295957 -0.427901 0.323653 0.481932 2.10005 2.5847 0.503918 0.103904 0.604574 0.0289408 0.18372 -0.489881 -1.38851 -0.103231 -1.19844 -1.64476 -0.11866 0.423566 2.31256 0.409898 1.66374 1.15104 
-0.812981 -0.0988951 1.4812 0.185464 0.545838 0.864951 -0.0278083 1.01131 1.12329 -0.109201 0.613162 -0.676535 -0.926291 -0.485474 -0.793662 -0.747893 0.100703 0.203874 -0.258311 -0.76734 0.0360683 1.17671 1.62056 0.797289 1.42508 0.917106 0.557753 0.764062 -1.66318 -0.702892 -0.282162 0.214027 -0.531957 -0.163147 -0.0769729 -2.28237 0.357997 1.01313 1.22315 
-0.921698 -0.318218 0.524058 0.17321 0.740917 1.09627 -0.602262 0.763904 1.00475 -0.455441 0.999786 0.252958 -0.103453 -0.160181 -0.382345 -1.72221 -0.181914 0.0137952 -0.213874 -0.208304 0.318785 2.02307 0.30233 0.861916 1.11704 1.82772 0.471865 0.710082 0.585651 -0.541566 -0.267953 -0.0351324 0.690706 0.181198 -1.54867 -0.925835 -1.34308 -2.60293 -0.824363 
-0.973162 -0.48124 -0.241012 0.00354968 0.559633 0.651076 -0.236113 1.33009 3.14637 0.193129 1.47508 0.440502 0.901429 -0.0136087 -0.0835801 -0.162241 -0.440864 -0.0640787 -0.293443 -0.0766337 0.217266 -0.371953 0.694722 -0.545786 -1.17785 0.092743 0.25616 0.440917 1.51797 0.236427 0.102819 0.311621 -0.235498 -0.878366 -4.55857 -0.972123 -1.53217 -1.54652 -1.78221 
-0.935307 -0.401798 0.361816 -0.267654 0.676839 0.802826 -0.678896 0.981171 0.632796 0.239282 0.453999 -0.924893 -0.0107099 0.0959791 0.0585712 -0.204246 0.0545125 0.116614 0.0977465 -0.443802 -0.559581 -2.53549 -0.669793 -0.670251 -0.429479 0.0455083 -0.0611937 -0.193433 -1.40242 0.346698 -0.0123967 0.624645 0.573595 -0.413235 1.69119 -0.405033 1.49977 1.88185 -0.0570037 
-0.877183 -0.422669 -0.445257 0.0580622 0.676247 0.748823 -0.679915 0.77051 0.610875 -0.476664 0.804826 0.011024 0.946937 -0.0748024 -0.277013 -1.56466 -0.0941659 -0.0764754 0.331202 0.496961 -0.195968 1.31924 0.289689 0.95398 0.704001 0.0357393 -0.147658 -0.204386 0.0951383 0.0096707 -0.0668715 0.316686 0.607995 0.560562 3.09595 1.02044 0.671897 -0.225356 -0.260697 
-1.01011 -0.678811 -1.20284 -0.36182 0.600363 1.13403 -0.181935 0.785203 1.95204 0.528971 1.40798 -0.220892 0.0250294 -0.0516789 -0.145815 -0.109107 0.0641832 0.0497425 0.414433 0.164193 0.000980779 0.560458 0.350646 0.00164526 -0.654834 -0.215189 0.13466 0.38787 2.67357 0.352048 0.218453 -0.284326 -0.896036 0.151048 -2.19227 -0.795057 -1.397 -0.968809 0.076985 
-0.928862 -0.568484 -0.554365 0.122245 0.72599 1.16326 -0.515722 0.771491 1.17133 -0.126018 0.806471 -0.64381 0.731748 0.0598574 0.110857 1.10891 0.257883 0.141978 0.0468761 -0.399074 -0.0449201 -0.873031 -0.505368 -0.443022 -0.264808 0.112724 0.0421028 0.345053 1.49239 0.267369 -0.0322626 -0.928875 0.18918 0.219119 -0.944216 -0.808759 -0.0653186 0.817451 -0.287495 
-0.950252 -0.567954 -0.0939291 -0.103937 0.742341 1.1809 -0.581009 0.740282 1.07901 0.0236026 0.964958 -0.4857 0.137754 -0.00957601 0.199238 1.38328 0.331553 0.0174799 -0.514442 0.353372 0.2201 -0.383758 -0.458113 -0.0636734 0.162617 -0.502684 -0.121579 -0.227413 -1.4681 -0.147382 -0.234645 -0.239747 0.010038 -0.0778792 0.881126 0.763653 0.613334 -0.00157299 0.547755 
-0.938438 -0.369246 0.828918 0.453798 0.74347 0.648814 -0.162349 0.99159 0.787575 -0.584131 0.742798 -0.481193 0.229064 -0.0617212 -0.116556 -0.359186 0.1105 -0.0926676 -0.192871 -0.389036 -0.122799 0.00809514 0.258285 0.170313 -0.266381 0.660479 -0.0915611 -0.398249 -2.44224 -1.49336 -0.190296 0.123586 -1.59386 -0.696954 -0.718419 0.32701 -0.106871 -0.424708 0.350415 
-1.01197 -0.68451 -0.453116 0.0065634 0.649674 0.988033 -0.970045 0.617483 1.0871 0.281887 1.13527 -0.752081 0.798233 -0.101137 -0.199011 -1.05895 -1.1618 -0.172816 -0.390856 -1.24049 -0.476855 -1.10218 -0.131103 -0.170544 -0.262091 -0.152269 0.0481465 0.257371 0.400354 -0.268697 0.192764 -0.472428 0.468556 0.200128 -1.78234 -1.84608 -1.26149 -0.178551 -1.98652 
-1.03957 -0.568257 -0.230037 -0.708005 0.570654 0.257957 -1.40284 0.514736 -0.314602 -0.715234 0.572254 -0.743284 0.0767947 -0.0135747 0.140815 0.0411675 -0.158196 0.100097 -0.665299 0.0795196 0.0773288 -1.77425 -1.5878 -1.09118 -0.444932 -1.32605 0.174021 0.0725265 0.660955 1.67076 0.329834 0.522661 1.68863 0.394639 0.94788 -0.349214 -0.466002 0.0576312 -0.754444 
-1.02555 -0.543695 -0.411948 -0.151633 0.74977 0.322734 -0.890526 0.694812 -0.687146 -1.30591 0.0440889 -1.19701 -0.527813 0.072884 -0.126485 -0.397999 0.508952 0.157017 0.131804 0.448144 -0.0822156 -0.154296 -0.480316 -0.636546 -0.20446 -0.906713 0.0952347 -0.16659 0.298422 0.663521 0.0131576 1.41311 0.949251 0.267052 3.52577 2.35746 1.7042 1.74657 2.29784 
-0.966691 -0.694742 -0.628036 -0.199053 0.727671 0.389762 -0.954693 0.43252 -0.468898 -1.19555 -0.0642928 -0.947744 -0.829918 0.08166 -0.025775 0.339589 0.505325 0.113254 0.747809 1.02877 0.34438 1.75152 0.769665 0.613016 1.30164 0.971792 -0.114041 0.174658 1.54209 0.282211 0.231448 0.381275 -0.0914061 0.0187659 -0.471695 0.808543 1.24594 1.14469 1.75608 
-0.943888 -0.56947 -0.0723589 0.353692 0.863025 1.07054 0.138245 1.03919 1.06438 -0.536243 0.657105 0.104628 0.443979 -0.0411569 0.0481732 1.14409 0.791163 0.388466 0.51308 0.356738 -0.0634497 -0.625992 0.328226 0.609392 0.940232 0.84937 -0.16564 -0.0827357 -1.54781 -2.3007 -0.451015 -1.59919 -2.16831 -1.17898 -3.35165 -1.55539 -0.880109 -1.98623 -2.54624 
-1.00785 -0.646569 0.516052 0.59211 1.11614 0.902842 -0.597955 0.36907 -1.09489 -0.867324 0.545099 -0.00751234 0.0194516 -0.0839796 -0.108511 -1.20822 -1.79537 -0.33776 -0.851383 -1.13954 -0.8346 -1.60012 -0.785721 -0.267093 -0.684589 -1.57445 0.0688598 0.0423587 -1.48789 -1.08751 -0.669695 -0.274757 -0.348749 0.298733 2.33621 0.485944 -0.487298 -1.90395 -1.78433 
-1.02787 -0.67798 -1.28058 -1.44168 0.525264 0.21916 -1.0013 0.204593 -0.535746 -1.32196 0.390012 -0.579962 -1.13047 0.0277029 0.0905319 -0.343805 -0.296342 -0.281229 0.238323 0.0079886 0.235284 1.71022 0.81417 0.122094 -0.963716 -0.934958 0.164512 0.274607 2.64254 3.9349 0.767316 2.3357 1.81462 1.3226 2.82937 1.4827 0.923896 1.185 2.19472 
-0.980145 -0.556037 0.172248 0.295767 0.834908 1.14116 -0.589966 0.604354 0.61533 -0.0531539 0.667193 -0.971228 -0.915506 0.080532 0.166097 1.43432 2.13953 0.429555 1.48431 0.675076 0.487997 1.22924 0.696978 0.656803 0.50041 0.620265 -0.100647 -0.0876239 1.3106 0.893015 0.206773 -0.0272075 0.0806004 -0.0662121 -1.10891 -1.07267 -0.481749 1.22293 2.45881 
-0.947336 -0.511884 0.153744 0.697845 0.95482 1.70347 -0.326221 0.692589 0.693496 -0.624986 1.04681 -0.0795514 -0.510207 -0.0729439 0.00290797 0.966797 0.596672 -0.0744566 0.211115 0.088589 0.169072 0.601314 -0.258497 -0.359655 0.259218 1.52385 -0.166466 -0.230874 -1.21788 -2.31075 -0.488213 -1.44946 -0.63435 -0.357849 -1.09216 -0.0631069 -0.30282 -0.0914272 0.663499 
-1.05309 -0.553129 1.13904 0.89244 0.760451 1.35228 -0.501377 0.773426 1.21664 -0.311651 0.307538 -0.71201 0.608349 -0.0859338 -0.0647776 0.216445 -0.171221 -0.0586579 0.0348582 0.0407253 0.130147 0.137077 0.633871 0.353982 0.408983 1.28376 0.206333 -0.0784515 -1.90026 -1.21281 -0.0152863 -0.401666 -0.150874 -0.196458 -0.891607 0.833443 0.692337 -1.44061 -2.03398 
-1.03327 -0.576661 0.370189 0.526624 0.896162 1.73833 -0.285495 0.822737 0.830573 0.00888424 1.4008 0.329432 0.773556 0.133389 -0.0755435 -0.933464 -0.616136 -0.0897429 -0.190551 -0.0622854 -0.0273869 -0.290293 0.574946 0.332682 -1.1814 -0.510125 0.172674 0.0762896 -0.811612 -0.562703 -0.292388 -1.59413 -0.914404 -0.300536 -0.788141 -1.79404 -1.43269 -1.61817 -2.94642 
-0.9197 -0.628673 0.205581 0.276303 0.670709 1.16173 -0.563663 0.746039 0.926351 0.263294 0.64022 -1.89341 0.0982235 0.0867402 0.0115119 -0.595167 -0.733924 -0.351046 -1.55927 -0.873679 -0.170389 -0.651064 -1.16017 -1.0787 -1.20919 -1.66265 0.0571366 -0.332406 0.945321 2.56615 -0.143713 0.740695 0.0353566 -0.27548 -1.54295 -1.94179 -0.708631 3.65534 0.98884 