-0.986017 -0.878192 0.776345 -0.484486 1.11417 -0.044609 0.23716 1.7476 1.02577 0.579395 0.3869 1.09704 1.11919 0.0739489 -0.20924 -0.19686 0.00854531 -0.121949 -0.460756 -0.886335 -0.641204 -1.12591 -0.0701693 0.313256 -0.999322 0.536096 -0.0470151 -0.420336 -0.320357 -0.756643 -1.01047 -0.596469 -2.05193 -2.21329 -2.58601 0.167698 1.89689 -0.0884032 -0.153036 
-0.975499 -1.47294 0.504608 -0.637537 0.870696 -0.246861 -0.726052 0.936431 -0.0932097 1.17182 0.97497 0.170772 1.50255 -0.0177075 -0.123281 -0.0587492 -0.330427 -0.44087 -0.339083 -0.851742 -1.34248 -1.39242 -0.279957 0.534387 -0.585776 -0.563406 -0.0453518 0.753283 0.396324 0.633 -0.0588035 0.518254 0.767851 0.698885 1.56651 -1.22305 -1.44108 1.47887 -0.678544 
-1.00372 -1.00147 0.717595 -0.814913 0.673298 -0.383692 -0.614582 0.405121 -0.366647 0.299438 0.921287 0.511265 0.555784 0.0285971 0.544043 0.199464 0.641545 -0.180753 0.0574985 -0.118485 0.0576801 0.4406 -1.29322 -1.12783 0.479552 -0.142448 -0.0470305 -0.238257 0.0618473 0.42063 0.552613 0.970758 1.14212 1.56816 2.21096 -0.47319 -1.42098 0.184659 1.03199 
-0.946902 -0.928897 0.704072 0.00400875 0.689943 -0.189363 -0.844537 0.994111 0.34739 -0.121398 -0.152857 0.650324 1.3601 -0.064738 -0.361538 0.00309807 0.0902026 0.111743 0.631675 0.290378 0.225679 0.818536 -0.753147 -0.886595 -0.401117 0.468586 -0.178937 -0.807661 0.109621 -1.29735 0.177335 0.262091 0.722343 0.389314 0.0728376 2.07506 2.14327 -1.89908 -0.852766 
-1.06846 -1.36301 0.720693 -0.72471 0.785041 0.247983 -0.324204 0.630801 0.451889 -0.453709 0.0346917 0.110148 1.02437 -0.15034 -0.263619 0.309085 -0.655809 -0.00341819 0.31959 0.603858 0.446994 0.513438 0.781833 1.01544 -1.41953 -0.995214 0.102205 0.706071 0.192097 0.34005 -0.0829785 -0.824821 -0.714872 0.162197 -1.0793 2.32577 2.3439 0.706441 -0.643347 
-1.09724 -1.19252 1.01316 -0.6518 0.686525 0.130227 -0.240679 1.44111 0.860828 0.660435 0.862586 -0.769205 0.364889 0.037467 0.344533 0.195195 0.430253 0.0287645 -0.193146 -0.424494 0.387876 -0.260768 1.57262 1.4573 0.305324 -0.174761 0.218043 0.0625656 -0.59823 0.42916 0.0378289 -0.848054 -0.801672 -0.358557 -0.0427711 -0.390481 -1.32591 3.29146 1.2908 
-1.031 -1.01848 0.915888 -0.294458 0.813806 0.0548375 -0.748697 1.01868 0.191121 1.11891 1.49199 0.415471 0.849608 0.0677035 -0.201053 -0.289144 -0.226649 0.0344107 -0.528465 -0.197815 0.0884365 0.470666 0.391353 -0.310466 1.87193 0.295584 -0.0379384 -0.864116 -0.400409 -0.65186 -0.00215198 -0.287535 1.11574 1.11957 1.58357 -0.828232 -0.967354 0.603051 0.246069 
-1.02954 -1.39357 0.724013 -0.878449 0.720936 -0.398238 -0.438494 1.52954 1.33149 1.05179 0.55212 1.10273 0.660473 -0.000471403 -0.519583 -0.205214 -0.221607 0.0266125 -0.480681 0.691246 1.50745 1.3228 0.74439 0.489949 0.908375 0.0713081 -0.100247 0.165602 0.190804 0.47074 0.295638 1.04107 1.13615 0.148153 -1.52567 0.0690285 1.25224 -0.674239 0.640896 
-1.03147 -1.53806 0.710674 -0.516065 0.840418 -0.425843 -0.0574516 2.52612 1.51392 1.8633 1.98194 1.32385 0.920916 -0.0325434 -0.0354513 -0.09834 0.244091 0.330049 0.512601 0.938337 0.23659 -1.055 0.460381 0.941774 1.19769 0.93648 0.0275094 0.574692 -0.0717473 -0.436796 -0.0922574 0.95213 -1.12462 -3.24984 -2.04067 -2.83102 -2.65847 -0.938503 0.784019 
-1.06208 -1.42902 0.625673 -0.634358 1.05098 0.114364 0.499843 1.76613 0.276493 1.51217 1.49389 2.30042 1.59695 0.027038 0.0551091 -0.276961 -0.658403 -0.0656449 0.47145 -0.433371 -1.74239 -0.717866 -2.08663 -2.16852 -0.0301275 0.855327 0.0835323 0.27069 0.154348 -0.315381 -0.333415 -0.637169 -2.36531 -1.78733 0.352805 -1.82593 -2.78913 -3.54138 -2.34198 
-1.00443 -1.48295 0.433713 -1.17447 0.774773 0.0456066 -0.490823 0.783729 0.796056 -0.223322 -0.18658 1.29372 1.77624 0.0509889 0.235239 0.0560084 -0.07129 -0.00336581 -0.124568 -1.42697 -1.55074 -0.702196 -1.36555 -1.84736 -2.34368 -1.4055 -0.000903523 0.491882 0.764378 1.61649 0.21205 -0.707039 0.306525 1.55807 0.470863 3.49797 3.77067 -0.610635 -2.15637 
-1.01109 -1.19378 0.681681 -0.705648 1.04762 -0.0102041 -0.927128 0.21539 -0.425704 0.146619 -0.353462 -0.0432603 0.191449 0.0261345 0.546991 0.487417 0.958092 0.146406 -0.235589 -0.126846 -0.184325 -0.247004 1.41134 1.60214 -0.640762 -1.30104 -0.0258557 -0.374774 -0.0254917 -0.0246943 -0.352424 0.286102 2.82421 2.58814 2.93789 2.92071 4.43331 3.8613 2.80573 
-0.978294 -0.93596 0.92113 -0.216377 0.921179 -0.189982 -0.617669 0.599404 0.549052 1.18802 1.41557 0.652957 0.475201 0.0251332 -0.139535 0.0305168 -0.0959843 -0.35579 0.161534 1.39724 1.0374 2.23569 1.55516 2.58595 1.51761 1.40023 -0.103979 -0.712916 -0.619665 -1.38351 -0.428512 0.080096 0.271098 0.726073 -0.122178 -2.17022 -2.6518 0.833347 2.49439 
-0.985959 -1.33332 0.712198 -0.801632 0.691829 0.15133 0.470113 1.25279 1.80999 1.70178 2.23249 1.47435 1.59168 -0.0778447 -0.165925 -0.132248 -0.42542 -0.282106 -0.155493 0.144252 0.541748 -0.369182 -0.758877 -1.04965 0.192585 1.19335 0.0273226 1.04783 0.220275 0.875623 0.626322 -0.218379 -2.26496 -1.53141 -3.68241 -4.05561 -4.90504 -2.67951 -2.96884 
-1.05614 -1.10189 0.788882 -0.641797 0.639073 -0.345476 -0.473417 1.14115 0.17987 0.429146 0.365911 0.845541 1.66855 0.0524558 0.908292 0.250791 0.779639 0.270532 -0.0568447 -0.867723 -0.494014 -1.44671 -2.50045 -2.31909 -1.1619 -1.56861 0.388363 1.38034 0.472872 1.8258 0.599954 0.67103 -1.19177 -1.92775 -1.27724 -1.86901 0.292233 -1.61073 -3.30437 
-0.933504 -0.425024 0.962989 -0.0219932 0.962361 0.094485 -0.39761 0.758775 0.363278 -0.798675 -0.0865979 0.312457 0.0230675 0.310518 1.21441 0.340624 1.40038 0.317848 0.515537 -1.04752 -1.38601 -1.64642 -2.62788 -0.757422 -1.41815 -2.11102 0.301326 0.382914 0.0553175 -0.107832 -0.231594 -0.110573 0.122341 -0.981097 -1.04751 1.00418 1.65576 -0.891382 0.370968 
-0.745621 0.112526 1.12951 0.758583 0.956921 0.170061 -1.52094 -0.244853 -1.46655 -2.19874 -0.391511 -0.572608 -0.442474 0.353781 1.29121 0.306109 0.671807 0.0389381 -0.167418 -0.745382 -1.47511 -2.49423 -1.49627 -0.663329 -2.05328 -1.19764 -0.171176 -1.0628 -0.541364 -1.79127 -0.242942 -1.23498 1.49317 1.14792 1.40244 4.50476 1.94044 1.01701 2.01122 
-0.579722 0.866182 1.2691 0.649814 1.0013 -0.0729332 -1.14299 -0.716337 -2.13095 -2.29495 -0.749926 -1.74082 -1.17458 0.139342 0.151613 -0.20074 -0.390886 0.074906 -0.719445 0.445646 -0.238086 -0.243987 1.87687 1.18302 -0.401135 -0.0998042 -0.291925 -1.87984 -1.01698 -0.613866 -0.0342303 0.0241619 1.04596 1.54703 2.39977 3.03085 2.21348 3.21935 1.72585 
-0.606279 0.26414 0.928766 0.367697 1.03183 -0.549384 -1.07529 -0.48294 -1.71054 -0.321865 0.791511 -0.973742 -0.542278 0.0618562 -0.588638 -0.710873 0.0579413 0.0047078 -0.143256 0.300576 0.0719166 -0.0944585 1.53458 1.55015 1.16607 0.528205 0.0402968 0.0123719 -0.186836 0.915243 -0.274588 0.254367 -0.689715 -0.245986 0.0990989 -1.48709 -0.404337 -0.0194681 -0.564206 
-0.517866 0.277544 0.558225 0.707755 1.00601 -0.21619 -0.842416 -0.64442 -2.22541 -0.760365 0.800223 -0.574751 -0.64637 0.179639 0.163985 -0.387576 0.524357 -0.199682 -0.465079 -0.244068 -0.484072 -0.144888 0.38978 0.778684 -0.420603 -0.66401 0.157729 0.697829 0.507264 -0.513341 -0.783097 -0.845264 -0.901288 -0.337812 0.233301 -0.693089 -2.61568 -1.57693 -1.21179 
-0.42664 0.428125 0.54119 0.892053 0.832144 -1.01446 -1.31936 -0.967012 -1.85543 0.0679154 1.5702 -1.39434 -1.20629 0.219585 0.109191 -0.203609 -0.4554 -0.778389 -0.988521 -0.600712 -0.265895 0.138842 0.841494 -1.06553 -0.410855 -0.683586 0.242377 -0.753426 0.655747 -0.786903 -0.376142 0.539732 -0.205594 1.7859 -0.927318 2.23003 -2.36153 2.74932 -0.567444 
-0.298281 0.386735 0.354616 0.252355 0.227618 -1.20471 -1.44313 -0.910315 -2.08656 0.0811285 -0.265311 -0.985607 -1.32996 0.422015 -0.589441 0.268171 -0.262546 -0.575825 0.0746536 -0.449662 1.30183 -1.07221 2.61981 -1.58285 2.32871 -1.23145 0.521558 0.396545 -0.207091 -0.333954 0.0909079 1.9193 -0.649135 0.442168 2.75242 0.622136 2.75522 1.38133 0.181868 
-0.00462498 -0.161317 0.80936 0.629507 0.25632 -0.939809 -1.76902 0.334814 -2.92763 2.68772 -0.0126515 0.934368 -2.43774 0.741143 0.505736 -0.4107 -0.789354 -0.687481 0.930777 -1.24985 0.176273 2.89127 1.46363 1.68968 0.970479 -0.501718 0.437342 1.87673 -1.97503 -0.765716 -0.798367 0.755656 1.08749 -2.79501 4.97978 -4.9096 1.58356 -4.6553 2.49316 
0.442862 0.892472 -0.0560846 -0.536999 -0.459863 -0.273933 -2.69298 -0.734043 0.804703 1.54476 1.42437 -0.015128 -1.83167 0.859357 1.28729 -1.70686 -1.02826 -1.37419 0.830309 0.637829 -1.49319 3.90758 -2.28979 0.000715454 -2.32659 1.26171 -0.165971 -0.597726 -0.802041 1.00794 -0.00402259 -0.434119 3.79 -0.689875 -2.89408 -3.3346 -4.24801 -1.8161 1.59445 
0.854732 1.12597 -0.8975 -0.398755 -1.11787 -0.1095 -1.13119 -1.15837 0.979945 0.397933 -0.011936 -1.39222 -1.17603 0.575172 -0.0919892 -1.21274 0.218591 -0.691504 0.496658 2.54015 -0.513603 -0.00281364 -1.87097 -2.55833 -0.84562 1.09273 -0.597528 -1.58211 1.25931 1.33036 1.20743 0.348666 0.20628 1.87366 -4.64199 2.31871 -2.18909 3.80293 -0.436674 
1.01803 0.800483 -1.26883 -0.318408 -1.15137 0.222725 -0.152823 -1.24765 0.801889 -0.326212 -1.13396 -0.860748 -0.738943 0.261829 -0.29482 -0.447546 0.302096 -0.16676 1.17898 0.844108 0.380472 -0.734415 0.0289173 -2.18837 1.47633 0.825036 -0.341234 -0.312685 1.33634 -0.561477 0.900605 0.0974112 -1.52292 0.557898 -0.67519 1.97668 2.35954 1.40471 -0.358847 
1.11656 0.831151 -1.34505 -0.0966585 -1.28463 1.06948 -0.287083 -0.777902 0.24553 0.42685 -2.20031 0.084111 -0.350997 0.233938 -0.404674 0.123598 -0.342886 0.209101 0.594069 1.01723 0.0442951 -0.678004 0.105709 -0.198795 0.559087 0.733884 -0.103021 -0.0214457 0.527935 -0.592068 0.288109 -0.877545 0.175659 -0.753144 0.242744 -0.513249 3.49486 -1.80206 -0.234204 
1.25197 0.395808 -1.14523 -0.661294 -0.942265 0.816794 0.864411 -1.20335 0.123885 -0.220502 -1.33275 -0.301661 -0.00505916 0.158808 -0.316266 0.0803893 -0.289972 0.121349 0.30143 1.01977 -0.372672 -0.491671 -0.484332 1.30648 -0.325727 0.590832 -0.223397 0.449543 -0.235104 0.677796 -0.670122 0.186162 -1.58569 0.0233183 -0.231959 0.659729 0.155008 0.380985 -1.07259 
1.27537 0.514885 -1.26466 -0.386631 -1.16328 1.37091 0.732685 -1.15057 -0.24614 -0.0574818 -0.893824 -0.241616 0.239835 0.0105407 0.044869 -0.111505 0.33491 -0.46102 0.780231 -0.568456 0.0676134 -0.909963 0.765438 -0.0437864 0.940072 -0.338709 -0.274412 0.220651 -0.223779 0.198329 -0.599168 -0.245835 -1.81624 -0.0803448 -0.210811 -0.440062 -1.49087 0.26544 -1.82669 
1.26251 0.440677 -1.25673 -0.326384 -1.40329 1.59703 0.295955 -1.13574 -0.786078 0.544936 -1.37654 0.638411 -0.343768 -0.115604 -0.0956155 -0.14339 -0.0916429 -0.477819 0.0555951 -0.796474 -0.453017 -0.702482 -0.924394 -0.184387 -0.0602871 -1.23586 -0.0728354 -0.0814361 0.291859 -1.07747 0.664908 -1.26177 1.72323 -0.763001 1.86654 -2.19105 1.11405 -1.57406 0.668954 
1.15977 0.41927 -1.40805 -0.478274 -1.6411 1.4265 -0.0637897 -1.60359 -0.948622 -0.981875 -1.07821 -0.301903 -0.996022 -0.0622947 -0.0365671 0.180354 -0.742562 0.203888 -0.481535 1.15477 -0.695388 0.956576 -1.42561 1.07026 -0.633992 0.330245 0.178138 0.478807 0.271156 0.0919452 0.497218 0.533317 1.61438 1.10778 1.51809 2.37096 0.217873 1.32358 1.91684 
1.20022 0.40411 -1.07638 -1.06895 -1.1994 1.11549 1.45073 -1.83112 0.170498 -0.880672 -0.30628 0.00441958 -0.0135226 0.062534 0.383192 0.127767 0.000302268 0.0193984 0.588912 0.817905 0.654767 0.815605 1.44657 0.0334867 1.2633 0.680987 0.116655 0.00540273 -0.184108 0.861652 -0.513518 1.26985 -1.76187 1.37982 -1.09989 2.4544 -1.79907 1.69301 -0.575551 
1.2223 0.802462 -1.28028 -0.477971 -1.6217 2.01541 0.754115 -0.948823 -0.133017 0.464691 -1.04472 0.961393 -0.315036 0.0543603 -0.0311644 -0.00375431 0.11909 -0.30963 0.788315 -0.607099 0.684435 -0.143318 1.02879 -0.728808 1.05902 -0.245305 -0.00278521 -0.779585 0.162767 -0.209303 0.0477459 -0.393226 -0.660802 0.007908 -0.841175 -0.615456 -0.257242 -0.0824061 -0.814314 
1.25458 0.372946 -1.08013 -0.949856 -1.50903 1.90381 0.843627 -1.14669 0.0271795 0.148118 -1.03509 1.06344 -0.258828 0.0597488 -0.396393 0.290534 -0.209001 0.0671443 0.195686 0.157103 0.662675 -0.0255704 0.831111 -0.223756 1.18089 -0.133328 -0.00552116 0.199839 0.136383 0.063432 0.357261 -0.672609 0.794301 0.0426452 0.085123 -0.202671 0.725959 -0.500826 0.279905 
1.28205 0.406069 -0.989747 -0.686972 -1.55456 2.2111 0.911218 -0.286148 -0.158588 1.2958 -1.26848 2.14228 -0.448364 0.0488392 0.168674 0.132628 0.182522 0.0476314 0.115706 0.187203 0.72708 -0.0581952 0.826119 -0.00284894 0.558191 0.0346001 -0.0727774 0.218471 -0.44785 -0.266966 -0.0927238 -0.806241 0.545643 -1.05102 0.956246 -1.54482 1.1911 -2.30502 0.634468 
1.30342 0.54162 -0.947505 -0.767334 -1.4614 2.01951 1.03083 -0.41961 -0.0310157 0.974236 -1.03794 1.62163 -0.224228 -0.0130286 -0.177922 -0.157317 -0.475967 -0.0255795 -0.610556 0.702746 -0.38834 0.930675 -0.713713 0.967342 -1.12413 0.501141 -0.0330719 -0.440074 -0.309065 -0.291359 -0.186279 -0.375006 0.638436 -1.10772 0.689731 -0.820673 0.413149 -0.552254 0.463634 
1.26902 0.228147 -1.14706 -1.16294 -1.58014 1.60054 1.61396 -0.674488 0.772087 0.58209 -0.301138 1.01815 0.0527772 0.0157672 -0.2714 -0.176436 -0.108837 -0.138648 -0.2593 0.825638 -0.380642 0.631535 0.00544519 0.4103 0.00593683 0.498234 0.044004 0.264623 0.0667892 0.823264 0.0137174 0.406869 -0.380049 -0.434066 -1.33018 0.20895 -1.58295 0.924377 -0.349807 
1.31919 0.27022 -1.12394 -0.876171 -1.60004 1.76021 1.85647 -0.800251 0.60052 0.979681 -0.627636 1.62756 0.274006 0.0309754 0.0867012 -0.0905274 0.347297 -0.0118621 -0.203687 0.322697 -0.822407 -0.39951 -0.504763 -0.615611 -0.199756 0.151334 0.00585174 0.263712 0.243364 0.0782189 0.241371 -0.101021 -0.817086 0.289588 -1.10339 -0.167992 -0.780516 -0.317346 -0.5774 
1.3 0.314848 -1.23759 -0.815642 -1.592 1.39686 1.93666 -1.49689 0.372578 0.0773269 -0.916748 0.818393 0.204111 0.021619 -0.0076875 0.0669281 -0.0306183 0.102723 -0.360321 0.00855225 -0.0910536 -0.471859 -0.162547 -0.370216 -0.31141 -0.0791657 0.0627851 -0.116494 0.408334 -0.660796 0.252554 0.104826 -1.05291 1.46163 0.1895 0.897627 0.401059 0.136149 -0.255821 
1.3408 0.262533 -1.05701 -0.90679 -1.49732 1.39989 1.86502 -0.891305 0.128661 0.817135 -0.997851 1.31615 0.194841 0.0937606 -0.0297932 0.317807 -0.313499 0.240692 -0.0988601 -0.730211 0.639224 -0.21001 0.392864 -0.214552 -0.0636074 -0.104487 0.00911893 0.228752 -0.105207 0.0880569 0.144273 0.114009 -0.528261 0.0240148 0.842435 0.133065 0.224044 -0.122257 -0.411892 
1.39376 0.285055 -0.919784 -1.12914 -1.35131 1.298 1.20645 -0.857671 0.162568 0.470191 -1.1313 0.754786 0.0996244 0.0307379 0.221064 -0.0382792 0.0574386 0.246996 -0.246313 -0.519709 -0.0670388 0.370576 -0.029482 -0.146171 -0.433666 -0.491058 -0.0978025 0.336542 -0.457269 0.536411 0.135547 -0.412844 1.58618 -1.16858 0.900365 -0.162174 0.608841 -0.599023 -0.0137731 
1.37154 0.483597 -1.09529 -0.849351 -1.25033 1.15358 1.34531 -0.958344 0.499237 0.787653 -1.14402 0.882488 -0.296217 -0.00404198 0.306749 -0.139462 0.222912 0.376238 -0.511704 0.855965 -0.529352 0.690355 0.23069 0.394289 -0.662631 -0.11826 -0.0609775 -0.18142 -0.219041 -0.156433 -0.0928209 -0.279799 0.680938 -0.42903 -0.424484 0.0287265 0.271601 -0.826678 0.527869 
1.38971 0.591804 -1.05925 -0.906229 -0.975072 0.786291 2.06241 -1.38702 0.852922 0.700881 -0.737011 0.0921548 -0.0186357 -0.0302396 0.0396444 -0.25732 -0.0989943 0.154175 -0.526112 0.161229 -0.496069 -0.0539078 -0.000755454 0.12543 -1.26034 0.0368114 -0.0608696 -0.207877 -0.20037 0.0796177 -0.359639 0.396344 -0.842872 0.668238 -0.374171 0.268157 -0.0881799 0.642045 0.405984 
1.3413 0.523241 -1.35261 -0.948346 -1.09615 0.627466 1.50654 -1.45441 0.445329 0.786897 -1.01859 -0.377856 -0.259406 -0.0649116 0.0988719 -0.339832 0.30253 0.0165992 -0.11536 0.013093 0.138886 0.316184 0.498847 0.306109 -0.020586 0.287724 -0.042057 0.454902 -0.034 1.14678 -0.391512 0.742034 -0.250919 0.780245 0.279588 0.0583358 0.293179 1.19043 0.900944 
1.3248 0.690676 -1.39908 -0.6037 -0.958473 0.670932 2.07551 -1.24814 1.16911 1.19973 -0.430902 0.0715688 0.269088 -0.0722966 0.494546 -0.29132 1.04778 -0.237337 0.215922 -0.0896903 0.284176 0.22568 0.0575803 0.418608 -0.0699181 0.937755 0.0349829 -0.273481 0.160607 -0.00817295 0.144747 -0.468598 -0.25748 -0.441538 -0.66489 -1.79241 -0.259955 -0.508353 0.319301 
1.26901 1.01779 -1.64393 0.0994393 -1.33349 0.843388 1.41685 -1.17024 0.67101 0.844478 -0.599984 -0.447774 0.67835 -0.0299287 -0.174609 -0.179225 0.294357 0.161346 -0.583958 -0.244387 -0.302651 -0.348706 -1.29356 0.0461539 -0.528939 0.607025 0.0531459 -0.592375 0.179257 -0.749872 0.825746 -0.753597 0.318105 -0.155055 0.15311 -1.44225 -0.398669 -0.0656329 -1.23636 
1.29487 0.516067 -1.5783 -0.309343 -0.797127 0.086974 1.83112 -1.55079 0.8204 -0.0938347 -0.384748 -0.45737 0.876114 -0.0191507 -0.0978289 -0.112063 0.297913 0.588409 -0.537675 0.228415 0.129122 0.37879 -1.38467 0.0199395 -0.135551 -0.298607 -0.0139937 0.40052 0.0421984 0.541297 -0.0644202 0.584442 -0.361041 1.24212 1.22634 0.793838 -0.522956 0.0774992 -1.07901 
1.24986 0.919959 -1.756 0.397352 -0.745079 0.305712 1.64526 -1.04111 1.0498 -0.540195 -0.580045 -0.583325 0.379743 -0.0439224 0.22591 -0.137026 0.835654 0.0969255 0.000484669 -0.605428 0.939465 0.877635 -0.499724 -0.476802 -0.45144 -0.471989 -0.070676 0.105632 0.0127448 0.491046 -0.63842 -0.308501 -1.53285 -0.273332 0.0623648 1.38659 -1.00174 -0.350598 -0.0808234 
1.25095 0.741977 -1.71533 0.526311 -0.700202 0.0874586 1.22569 -0.611322 1.69803 -0.593559 -0.86155 -0.90881 0.404124 -0.0898268 0.007803 -0.0993179 0.788959 -0.0500111 -0.846176 -1.30444 -0.14421 0.441155 0.00192139 -0.981804 -0.486149 -0.37943 -0.0835462 -0.409968 0.129814 -0.0504388 -0.177273 -1.22194 -0.85772 -1.32227 -1.61191 -0.877795 -1.13184 -0.167934 -0.222285 
1.16003 0.927762 -1.85531 1.18631 -0.79509 -0.540464 0.340827 -1.18532 1.49095 -0.538274 -1.56185 -1.06947 0.000312735 -0.127469 -0.184058 -0.00721228 0.785215 -0.0803471 -1.22145 -1.46315 -0.382808 -0.734279 -1.37752 -1.60864 -0.619374 -0.694275 0.0248916 -0.348506 0.601665 -0.231067 0.173644 0.320739 1.64405 0.904098 -0.298848 -0.861348 0.859512 1.69949 0.278389 
1.12348 0.557919 -1.72254 1.31153 -0.780549 -1.13399 -0.237455 -0.99413 0.963756 -1.97108 -2.47019 -1.52818 -0.290151 -0.0649352 -0.340703 0.502347 0.557892 0.123633 -0.525437 0.339618 0.759888 0.142307 -0.859427 -0.122292 1.21334 -0.101041 0.0822441 -0.189619 0.799116 -0.757359 0.187996 0.42683 2.31313 0.789922 0.7739 1.40449 3.0968 2.03495 0.278485 
1.09509 0.587059 -1.35297 1.7442 -0.671456 -1.0659 0.680445 -0.425436 1.63326 -1.3977 -1.68414 0.143866 -0.100728 -0.0452245 -0.373676 0.791904 0.0278563 0.107649 -0.794622 0.84998 0.407114 0.0396207 0.0269746 1.48816 1.41558 -0.41579 -0.0450057 0.637273 -0.209473 -0.138056 -0.408421 -0.220599 -0.607577 -0.862621 -1.24922 -0.561965 1.17476 -1.51655 -0.778842 
1.07826 0.184243 -0.930636 1.33938 -0.6729 -1.92862 0.612525 -0.587016 1.00338 -1.9441 -0.982024 -0.112603 -0.70594 -0.109941 0.296571 0.292874 0.419835 -0.284787 -0.746036 -0.267959 -0.102732 -1.10692 -1.42139 1.05246 -0.303206 -0.879883 -0.162908 1.38781 -0.830254 1.35787 -0.368102 1.2994 -1.52837 -0.184014 -0.635679 0.486988 -0.354992 -1.52351 -0.258248 
0.985153 0.88363 -1.06009 2.16404 -0.956244 -1.81194 0.412486 -0.528169 0.526345 -2.81909 -0.631678 -0.15934 -0.980611 -0.208133 1.01413 -0.0383501 1.38573 -0.260453 0.504777 -0.678389 0.2231 -0.596058 0.513963 1.13317 -0.107929 -0.674037 -0.0871262 0.00822029 0.199298 0.492554 0.350435 0.989645 0.407948 0.65361 0.582519 2.8574 0.277187 0.654743 -0.0291008 
0.870125 1.19837 -0.968986 2.72511 -0.933352 -1.42384 -0.065863 -0.363916 0.407319 -1.43014 0.151148 -0.220532 -1.37998 -0.197067 0.304791 0.492172 0.91239 0.0656477 0.243609 0.139989 0.550878 -0.524398 1.436 1.32965 0.351537 -0.908984 0.0812983 -0.89375 0.663582 -1.66472 0.271122 -0.523904 1.49659 -0.126003 -0.29504 -0.0522571 -0.306178 -0.183738 0.65447 
0.788086 1.18842 -0.567921 3.07643 -0.890596 -1.56833 0.552476 0.0227095 0.00194651 -1.38309 0.697972 0.192197 -1.88959 -0.126834 0.120379 0.625232 -0.278987 0.0106693 -0.0191269 0.818204 0.0970966 -0.891098 0.461706 0.826994 -0.291666 -0.019567 -0.0053199 0.0979448 0.0120182 -1.46449 0.0308742 -0.0899025 -0.4404 -1.34725 0.0153659 -0.259748 -1.00967 -1.17035 1.10138 
0.743291 1.31875 -0.343754 2.44612 -0.922683 -1.44297 0.752341 -0.266819 -0.483779 -0.968435 0.978143 -0.512198 -1.39954 -0.202387 0.402736 0.50419 -0.552097 0.0965219 0.153706 -0.300411 -0.796374 -0.509033 1.17626 0.319976 -0.818816 0.192395 -0.162444 0.514664 -0.289585 0.405052 0.309457 -0.433227 -1.597 -0.438314 0.456622 -0.272549 -0.88201 0.316747 -0.492928 
0.585699 1.59116 -0.0637312 2.52433 -0.794074 -1.41462 0.252065 -0.773665 -0.507086 -0.206834 1.01795 -0.626619 -1.6972 -0.289278 0.635044 0.335647 0.126065 0.320126 -0.452354 -0.778793 -0.341217 -0.434476 0.189157 -0.0550156 0.0250804 -0.512495 -0.14248 -0.0526656 -0.0207865 0.244098 0.564609 -1.03604 0.390945 1.44807 -0.385838 -1.10057 0.0190883 0.791812 -0.256711 
0.454013 1.9538 -0.00810682 2.57219 -0.602557 -1.89532 -0.0264529 -0.608036 -0.918255 -0.779278 0.923127 -0.487118 -1.91204 -0.344867 0.35007 0.483403 -0.307999 0.66113 -0.882329 0.0905342 0.651695 -0.89487 0.0756855 0.339064 -0.0270039 -0.0643164 -0.199177 -0.921757 0.293295 -1.40253 0.21493 0.209853 0.909765 1.31579 -0.840155 -0.0663219 0.434737 -0.761411 0.787165 
0.240831 1.94123 0.419672 2.21633 -0.132944 -2.29695 0.342599 -0.12197 -1.40196 -0.131149 1.35701 -0.653623 -1.76152 -0.488455 -0.286713 0.628942 -1.27646 0.535056 -0.242501 0.130971 0.974575 -1.27463 0.122835 0.379722 -0.736331 0.274671 -0.125517 -0.759986 -0.100247 -1.44518 -0.358259 1.51093 -1.27953 -0.795882 0.272307 -0.516241 -0.212108 -1.5506 0.028354 
-0.0344424 1.66708 0.620835 1.29573 -0.0675004 -2.13782 0.104519 0.366539 -2.19289 -0.656443 1.30285 -1.22345 -1.63737 -0.470384 -0.409916 0.383156 -1.75317 0.302872 0.628603 -1.18899 -0.144187 -0.622563 -0.440556 0.126956 -1.5776 -0.0359624 0.0465236 0.135505 -0.0957891 0.31724 -0.215861 1.28969 -1.66594 -0.993003 2.85246 -0.263467 -1.32042 -0.260011 0.405284 
-0.229553 1.53131 0.802829 0.463157 0.169928 -1.66835 -0.846395 -0.266156 -2.02452 -0.571704 1.48397 -2.23122 -1.79748 -0.441932 -0.151209 0.533153 -0.959224 0.319196 1.04719 -1.53497 -0.0184281 1.57783 -0.140631 -0.9407 -0.996342 0.679955 0.167012 0.286129 0.0391092 1.13459 -0.147045 0.158369 0.536286 0.305178 1.63948 -0.089203 -2.20286 1.86629 1.26633 
-0.476374 1.51587 1.15399 0.336501 0.251695 -1.09063 -1.43045 0.348111 -0.615058 -0.797074 0.362149 -2.21979 -0.957414 -0.303372 -0.123787 0.422266 -0.618584 0.155827 0.786972 -0.652708 0.160991 1.01691 -0.529759 -2.07591 0.28869 1.23037 0.375911 -0.0736006 -0.499583 0.504817 0.229431 -0.645832 1.78598 -0.0285276 -1.32279 0.39735 0.282492 2.04295 -0.175992 
-0.532925 1.40752 1.22509 -0.155427 0.325755 -0.881376 -1.4991 -0.105165 -1.00761 -1.10146 -0.591938 -1.94253 -0.567109 -0.0660203 -0.224809 0.0335699 -0.454407 0.548627 0.40136 0.251011 -0.0469557 0.255036 0.256719 -0.658208 1.04661 0.503963 0.172784 -0.384971 -0.404399 1.34991 0.462785 -0.449868 1.38005 0.206579 -0.89237 0.636536 3.05446 0.88712 -1.7283 
-0.542394 1.29106 1.18756 -0.117905 0.800322 -0.689268 -1.17944 0.301156 -0.360022 -0.540355 -0.296059 -1.17318 -0.453451 -0.130587 -0.508758 0.0178665 0.731324 0.618612 0.337104 0.727343 0.36757 0.124544 0.106778 0.978556 1.17581 -0.497931 -0.137231 -0.747325 -0.103704 0.996585 -0.246355 -0.0897901 0.162624 0.272067 -1.38983 -1.2227 1.43749 -1.26292 -1.17336 
-0.663512 0.898766 1.24296 0.575898 0.944367 -0.544272 -0.77176 0.262405 -0.883062 -0.994685 0.386618 -0.766724 -1.06504 -0.203251 -0.972134 -0.0701345 0.542179 0.302272 0.31157 0.413635 0.225111 -1.13479 -0.96598 0.779279 -0.216312 -0.669393 0.00521867 -0.560855 -0.321504 -0.749071 -0.436624 0.0596841 -0.354572 0.202102 -0.345318 1.1741 -0.952118 -1.34229 1.53239 
-0.745645 0.31893 1.11742 0.424273 1.10259 -0.377698 -0.765804 0.526267 -1.49481 -1.50633 0.483221 -1.38949 -1.12284 -0.125369 -1.06961 -0.303637 -0.0177467 0.181988 0.396788 0.372771 0.569672 -0.220774 1.28087 0.0264385 -0.166482 1.03446 0.150967 0.427635 -0.125551 -0.394532 0.00348526 0.315847 -0.00239627 -0.178942 2.00669 2.48457 -1.46118 0.167853 2.12682 
-0.788881 -0.170847 0.939323 0.558151 1.12635 -0.147484 -0.398989 0.832076 -1.10384 0.286188 0.413056 -0.933207 -0.0305805 -0.052284 -0.544499 -0.195686 0.147646 0.305757 0.627417 0.411239 0.0461696 0.871899 1.51859 -0.681903 -0.0484593 1.45743 -0.00368389 0.372954 0.289431 -0.251765 0.0304163 -0.0347099 0.00846422 -0.375091 0.960938 -1.72313 -0.443806 0.0402164 -0.68563 
-0.797929 -0.225569 0.921739 0.571919 1.40835 0.249719 -0.354566 0.572436 -0.622912 0.0122516 -0.198683 -1.43795 0.334582 -0.129053 -0.696659 -0.014206 -0.269512 0.212404 0.362078 0.381235 0.194581 0.740163 -0.442261 -0.417367 -0.126266 0.348829 -0.10715 -0.155162 0.150224 -0.729395 -0.685425 -0.946643 -0.0281824 0.576789 0.346359 -1.10437 1.25764 0.680094 -2.01508 
-0.917933 -0.867507 0.925117 0.288639 1.33876 0.214594 -0.0177544 1.02666 -0.363673 -0.156073 -0.00431109 -1.05947 0.318249 -0.159434 -0.699661 -0.0454615 -0.581748 -0.379668 -0.319227 0.383056 0.622958 1.21826 0.414221 0.575735 0.631635 -0.557657 0.0896311 0.698415 0.153604 -0.23561 -0.793773 -0.854589 -0.866944 0.0452593 0.726273 0.819759 0.597013 1.12855 -0.322471 
-0.957363 -0.92523 0.876277 -0.00982916 1.02868 -0.0695074 0.0284905 1.19539 0.595346 0.426472 0.377052 -0.806318 -0.223074 -0.0394215 0.00175544 0.139398 -0.505122 -0.581369 -0.492511 -0.485709 0.23984 1.46644 0.377498 0.179645 1.00228 0.0263581 0.130053 0.823978 0.0992278 0.0926577 0.42981 1.20474 0.206804 -1.25063 -2.16758 -1.22234 -1.03029 0.593744 1.56859 
-0.957355 -0.865751 1.06452 -0.216483 0.75739 -0.277916 -0.503464 1.2665 1.10276 0.221426 0.175334 -0.0571919 0.344607 -0.0293814 0.124317 0.0537663 -0.489091 0.0501421 0.885511 0.589861 -0.627671 -0.949327 -0.808118 -0.454559 1.22538 1.01094 0.00636485 -0.173577 -0.396907 0.496455 0.780209 1.10539 0.831316 -0.969331 -3.12528 -0.730837 0.600291 -0.0302484 0.873207 
-0.986745 -0.800913 0.930043 -0.49892 1.07883 0.816003 0.618351 0.567724 -0.353981 -0.381646 -0.0775064 0.419061 0.787863 -0.0330567 -0.171822 -0.257509 -0.00866631 0.198841 0.612879 0.345607 -0.729491 -1.65884 -0.353338 0.779937 0.972032 0.899565 0.131368 0.257742 -0.20895 0.586229 -0.187313 -1.31188 -1.30315 1.36285 1.91973 2.10859 1.84123 -0.980267 -1.09509 
-0.990412 -1.03757 0.807006 -0.225149 0.95623 0.334963 -0.157857 0.537007 -0.556078 -0.131913 0.955271 0.91484 1.24417 0.101987 0.382059 -0.155184 0.0971386 -0.137171 -0.426373 -0.71329 0.735183 0.970401 1.30047 1.38667 0.245112 -0.0841488 0.0224689 0.229816 0.122719 -0.557438 -0.604755 -1.1859 -0.737454 0.852133 2.14363 1.27471 -0.989793 -1.34675 -0.654543 
-0.884758 -0.418853 0.774859 -0.401781 0.941655 0.38963 -0.094939 1.30291 0.616419 0.918827 1.30917 0.664173 0.703715 -0.0105878 0.0579939 -0.13479 -0.566104 -0.405914 -0.573018 -0.391847 0.122642 0.484784 0.921376 -0.209856 -0.37472 0.245022 -0.25863 -1.60549 0.0357394 -0.369878 0.306406 0.232771 0.444288 -1.10512 -1.90625 -1.90877 -2.38983 -0.453081 0.233423 
-1.001 -0.979579 0.672216 -0.791253 0.550316 -0.238055 -0.549704 0.659649 -0.0712938 0.789464 0.745415 0.54012 1.48919 -0.156644 -1.22343 -0.119445 -0.272739 0.169235 -0.193602 -0.269002 -0.369936 -0.935851 -0.608294 -1.00315 -0.207969 0.149275 0.0419931 0.0792921 0.322132 1.46349 1.1309 1.49955 0.722531 0.0218978 -0.191767 -2.04888 -1.48958 -0.71565 -0.681413 
-1.0414 -1.64228 0.655415 -0.674521 1.11089 0.196029 -0.363941 0.93297 -0.319432 0.310534 0.306012 0.456205 0.852989 0.0314053 0.137286 0.187342 0.897383 0.724985 0.92653 0.330684 0.14454 0.293017 -1.1275 -1.69944 -1.09037 -0.436391 0.19643 1.64375 0.267349 0.984616 -0.382641 0.355941 1.08553 0.942031 1.40026 -0.932466 0.131929 -0.496872 0.298755 
-0.969594 -0.842293 0.859558 0.106129 1.2753 0.688475 -0.21902 0.804189 0.221723 -0.338039 -0.954021 -0.55025 1.0528 0.0397857 0.420325 0.147905 0.711877 -0.213406 0.16234 0.816523 0.572094 0.464406 -1.54076 -0.871224 -0.70484 0.44803 -0.0853663 -0.353598 -0.27271 -0.993409 -1.05981 -1.92961 -0.359924 0.506693 0.482134 2.20218 3.73797 1.58324 -0.241808 
-1.00162 -1.22195 0.80332 0.0373562 0.897484 0.358369 0.452581 1.50506 0.144975 -1.23023 -0.565212 -0.248636 1.30102 -0.053961 -0.216312 -0.0853681 -0.096026 -0.334828 -1.00308 -0.0292398 0.651233 0.775152 1.07468 2.03853 0.492874 -0.678198 -0.0034905 -0.575407 -0.189828 -1.70287 0.0354026 -0.728212 -2.22764 -1.8826 -1.32586 1.79896 0.0303415 0.245643 -0.789153 
-1.02356 -1.0586 0.77419 0.0101034 0.940473 -0.314609 -0.24826 1.45542 0.996875 0.736639 1.08451 -0.0573764 0.374605 0.0362952 -0.155081 -0.0419228 -0.990989 -0.178003 -0.565872 -1.41111 -1.3105 -0.861458 0.258203 -0.840883 -0.459197 -0.341123 0.142765 -0.277333 -0.0115402 -0.515359 0.480985 1.80402 -0.748022 -1.26608 -1.37686 -2.18972 -2.52435 0.337134 1.30918 
-0.965321 -1.37704 0.761397 -0.953633 0.71948 -0.207503 -0.958531 0.194562 -0.716483 -0.972023 -1.40609 -0.707833 0.959896 0.0888042 -0.493644 -0.0969083 -0.611385 0.146157 0.800935 -0.777262 -0.614848 -0.601704 -1.11504 -0.485815 0.830008 0.630977 -0.0739944 0.0641764 -0.0877589 1.0434 0.202079 0.0953354 1.39101 2.32837 2.05012 0.976357 2.48001 1.20198 0.411445 
-0.934751 -1.55225 0.677281 -0.601282 1.08663 0.486326 -1.02552 0.840574 0.395171 -0.378405 0.598698 0.772631 1.00558 -0.0376993 -0.0909051 -0.129682 0.0524122 0.0240751 -0.470537 -0.0201008 1.01787 1.18867 1.23456 1.63913 0.742781 0.0703217 -0.145659 0.697435 -0.169594 -0.0810221 -0.713393 -1.26755 0.814122 0.482681 0.265015 1.85 0.90781 0.319542 -0.257939 