-0.820934 -0.808861 -0.383442 0.168483 0.71079 0.525309 0.875353 0.674835 0.545992 0.384223 -0.00634531 -0.758934 1.1552 0.0470122 0.0805753 0.0880375 0.281971 0.118327 0.843111 0.490237 0.165029 -0.105576 -0.437101 -0.00968839 0.165037 1.13333 -0.0297042 0.280652 0.722498 0.462403 0.0687759 0.219117 -0.216591 0.156497 0.401343 -0.633609 1.37368 0.264046 -1.32197 
-0.773785 -0.694945 -0.234028 0.849495 1.26017 0.707604 1.18766 0.905632 0.641339 0.251915 0.652017 -0.548449 1.15886 -0.00136299 0.055312 0.275938 0.322069 0.0231794 0.56887 0.528436 0.122276 0.278805 -0.0545904 0.0670908 -0.201431 -0.234212 -0.0313979 -0.0552714 0.330332 -0.619308 -0.503482 -0.912875 -0.922884 -0.0268218 0.44537 0.586383 -0.430036 0.147954 -1.5031 
-0.822297 -0.753549 -0.107504 0.490552 0.733969 1.09418 1.40379 0.797111 0.824797 0.329633 0.0607454 -0.960365 0.920985 0.0156143 0.0253039 0.41837 -0.337337 -0.385155 -0.069764 -0.432647 0.138208 0.339794 0.149282 -0.439724 0.312991 -0.369776 0.0629908 -0.0139852 -0.202862 -0.961277 -0.399689 -1.71466 -1.32514 0.0990251 -0.655699 0.116729 1.56204 1.61191 0.511339 
-0.758171 -0.669641 0.184342 0.512157 0.875017 0.63784 0.755016 1.04384 0.981133 0.401197 0.212293 -0.235458 0.789087 0.0616279 0.0413268 0.0730761 -0.639208 -0.37651 -1.14579 -0.796705 0.221301 -0.376894 0.0621386 1.62913 1.41048 0.277127 0.092648 -0.0906434 -0.209409 0.267185 0.0764115 -0.0862204 -0.565975 -0.369135 -0.800278 -0.153314 1.21244 -0.756991 0.221117 
-0.760669 -0.712223 -0.0344278 -0.148656 0.357459 -0.051615 0.607085 1.01841 0.447904 0.391771 1.68988 0.450112 1.19811 0.108262 -0.0653395 0.20896 -0.0701523 -0.308743 -0.155984 -0.998622 -0.230928 -0.460484 -0.00403195 0.772713 -0.444 -0.148659 0.0568578 -0.0480029 0.0954566 1.34159 0.311934 1.43164 -0.668772 -0.642351 0.361517 0.333425 -2.36976 -2.71443 -1.07207 
-0.649908 -0.734981 0.393302 0.442005 0.566274 0.481855 -0.243606 0.812912 0.520649 0.397165 0.985007 -0.679458 0.640428 0.118486 -0.00667604 0.168533 0.702384 -0.064576 0.285843 -1.46548 -0.42105 -0.0153763 0.395564 -0.740627 -1.30395 -0.794942 -0.323792 -0.0974675 -1.00087 -1.15932 -0.511501 -0.611106 0.719921 0.313632 0.645733 -0.422723 -2.07094 0.160165 -0.247048 
-0.642184 -0.718899 0.134105 0.553728 0.292883 0.234228 -0.858393 0.597363 0.432527 0.787335 0.94925 -0.853838 0.40317 -0.21553 -0.162807 -0.791909 -1.22947 -0.820244 -0.767091 -0.278701 0.0827039 0.185249 -0.426755 -1.29823 -0.283835 -0.395707 -0.310732 -0.190791 -0.669146 -1.4993 -0.559775 -1.8356 2.23515 0.894347 0.22202 -0.970658 0.707218 1.36333 -0.143231 
-0.865439 -0.897788 -0.398607 -0.78747 -0.25397 -0.285235 -0.522307 0.895616 0.705898 -0.0295905 -0.313221 -0.963293 0.244721 -0.192247 -0.197467 -0.500614 -0.796914 -0.624351 -1.54975 0.769672 0.473297 0.206644 -0.575095 -0.0334091 0.0593752 -0.938173 0.218137 0.00319694 0.645186 1.83515 0.825657 0.655202 1.6531 0.0562793 -0.496916 0.146876 1.83112 -0.0942003 0.122871 
-0.83443 -0.916366 -0.366509 -0.243186 -0.331467 -1.31553 -0.0887211 1.07066 0.639171 0.212241 0.915841 -0.794463 -0.535003 0.00260659 -0.15961 -0.146723 0.605677 0.00541296 -0.111889 1.3744 0.138983 -0.311666 -0.279879 0.532888 -0.378035 -0.272836 0.216747 0.31199 0.710034 0.826761 1.52728 2.85519 -0.110691 -0.754646 -0.170712 0.982488 0.0835903 0.134834 2.12472 
-0.862832 -1.0574 -0.54533 -0.181793 -0.248557 -0.397124 0.852089 1.0346 0.394232 -0.309469 0.219667 -1.34133 -0.0281141 0.0245003 0.114523 0.20942 0.0298473 0.902926 1.30543 0.658981 -0.281349 0.0359321 0.407394 0.0501812 0.19421 1.18655 0.110852 0.612164 0.794394 -0.470495 -0.311212 0.540679 -1.93839 -0.534197 0.714148 1.96895 0.311449 1.62288 1.00561 
-0.80993 -0.801842 -0.157089 -0.213338 0.571458 -0.0100921 0.570259 0.789311 0.675103 0.619634 0.966022 -0.600253 0.651543 0.113459 0.452554 0.647671 0.135182 -0.305799 0.42879 -0.563994 -0.395214 0.402482 1.68907 0.844337 1.24484 0.732777 -0.0319184 -0.159294 -0.380818 0.288495 -1.38632 -0.772009 -1.00938 -0.157214 -0.412935 -0.675065 -0.484657 0.0603564 -1.91995 
-0.749373 -0.604844 0.102341 -0.0466106 -0.554356 0.0316663 0.288095 0.639385 0.796714 1.3796 1.064 -0.0964859 0.704663 -0.0074181 -0.0447709 -0.171398 0.318343 -0.48339 0.533424 -0.350399 -0.438563 -0.377003 -0.267672 -0.434475 0.254566 -0.733404 -0.18833 -0.72723 -0.415543 0.492019 1.20561 -0.560426 0.821531 0.376138 -0.91398 -2.88235 -1.26446 -2.05905 -1.49471 
-0.817348 -0.846613 -0.328487 0.105004 0.0880681 0.523332 0.21986 0.350748 0.298101 0.351963 0.531546 -0.345687 -0.0818607 -0.0748708 -0.274677 0.232128 0.627201 0.899812 -0.131636 0.257537 -0.0190763 -0.511498 -1.19328 -0.42012 -0.814209 -0.761932 0.0488781 0.000854668 0.459535 -0.145928 0.231847 -1.17005 0.477793 0.755509 0.617661 -0.311861 -0.191859 -0.224849 1.13908 
-0.824244 -0.87952 0.334468 0.58059 0.345456 -0.0999696 0.545632 0.620309 0.285216 0.18632 0.643885 -0.910695 -0.0572693 0.04146 -0.0439162 0.288137 0.172414 -0.251543 -0.636624 0.127394 0.316946 0.240658 -0.579532 -0.626335 0.0297171 0.405672 0.0475336 0.410655 -0.588713 -0.388233 0.481718 1.05119 -0.837158 -0.0599871 0.178855 0.21987 -0.102482 1.83917 1.80443 
-0.775888 -0.890529 -0.04035 0.277418 -0.163475 -0.113292 0.347254 0.667693 0.538759 -0.22757 -0.0947882 -0.31597 0.323811 -0.0273372 0.135979 -0.356585 0.238968 1.38153 0.919554 -0.579621 -0.0790634 -0.332643 -0.973408 -0.522602 1.02497 1.0425 0.00127392 0.231937 -0.419272 0.517582 1.85542 1.76404 -0.0139123 -0.211048 -0.516077 0.82818 0.981666 -0.524485 0.25679 
-0.851581 -0.743542 -0.0221165 0.819558 1.72699 0.819584 -0.033989 0.541246 -0.0474272 -0.787088 0.121283 0.114271 0.985227 0.042734 0.188021 -0.131135 0.689996 1.60388 1.12741 0.113481 0.105898 -0.275418 0.248648 0.355331 -0.494768 0.662462 0.132871 -0.207422 0.370112 -0.944864 -2.9108 -1.13562 1.1494 0.424755 1.05728 2.74013 1.27293 -2.0654 -1.35752 
-0.733154 -0.702508 -0.171485 0.967415 1.44041 1.01412 0.460735 0.773591 0.263341 0.0210781 0.260543 -0.810738 0.986273 0.105534 -0.0714429 0.0135271 -0.705896 -1.52927 -0.216065 0.56978 0.345692 0.724634 1.76672 0.750332 -1.04043 -0.315021 -0.115311 -0.245662 0.0926423 -2.28159 -2.72092 -2.13136 0.00355408 -0.105526 0.835447 0.946273 -0.733113 0.25118 -1.237 
-0.746047 -0.814984 -0.00858942 0.113662 0.197715 0.603519 0.535791 0.886937 0.677206 0.979632 0.871615 -0.92616 0.670207 -0.0725773 -0.0576411 -0.0384932 -1.5916 -1.11704 -1.00395 0.117036 0.000372395 0.560028 1.19492 -0.377782 -0.243588 -0.574536 -0.148221 0.346906 0.193885 -0.447288 1.54645 0.702438 -0.211506 -0.383008 -0.594391 -2.49563 -1.88996 1.61909 0.767061 
-0.805731 -0.76015 -0.209979 -0.624183 0.323368 0.0101716 0.577771 0.773964 0.823369 1.216 -0.117239 -1.05433 0.411737 -0.0426874 0.275463 0.207412 -1.15318 0.0171809 0.486373 0.358274 -0.0373165 0.130242 -0.728913 -1.13963 0.578662 0.45204 0.145502 0.129786 0.173482 1.98945 2.3844 1.5572 -0.511452 -0.368409 -1.17277 -1.74657 0.264733 0.787171 1.43321 
-0.788735 -0.539522 0.198823 -1.03952 0.214896 1.08989 0.894064 0.849621 0.807449 0.250719 -0.268014 -0.347499 1.12225 0.0729248 0.0721448 0.134989 0.397857 1.26736 0.553251 -0.394416 -0.368036 -0.612745 -0.551653 -0.113049 0.543583 0.85867 1.20762 0.00256607 -1.69291 4.70058 -1.57639 -1.69673 -3.20039 -1.79505 0.585539 3.63328 3.2246 -1.02638 -1.38299 
-0.732807 -0.688005 -0.0749893 -0.226326 1.59073 0.563422 0.183355 0.405927 0.210623 0.664345 -0.230287 -0.510743 1.27041 1.16493 0.278029 -1.4855 3.5474 -1.55921 -1.21035 -2.84212 -1.83237 0.715781 2.90437 2.08497 -0.44772 -0.930953 1.80331 0.607149 -2.12999 3.06381 -5.35858 -1.21674 -3.67928 -1.01487 1.37824 1.82151 1.78851 -0.29817 -0.295198 
0.376195 -0.261493 -1.28667 2.50788 -1.34431 -0.120461 -1.94805 -0.982748 1.52323 3.15509 1.81696 -0.795219 0.191294 1.87623 0.679293 -1.995 3.46167 -4.09121 -0.663491 -4.0737 -1.3829 0.765492 1.26986 1.67546 0.245413 0.563472 -0.498994 -0.3107 -0.148402 -4.19173 0.445671 2.26072 0.376901 1.64136 -1.68467 -4.36017 -3.44245 1.04051 2.3787 
1.14343 -0.00871132 -2.06999 3.23534 -2.50048 -0.100069 -3.89034 -0.976975 0.976115 1.9342 1.44517 -0.26533 1.83388 0.665936 -0.0326715 -1.6339 -0.644329 -1.11354 1.05036 -2.46522 -0.19101 -0.968893 -1.4558 -1.35748 0.592794 1.44774 -2.17634 -0.568143 1.21258 -6.46211 5.46426 2.35915 5.50282 1.11924 -0.689475 -1.77986 -2.92336 -0.656618 -3.08481 
1.04213 -0.294165 -2.92057 1.86355 -2.45785 0.929901 -4.41327 -1.17376 0.554336 1.69928 0.459485 -0.202425 1.63904 -0.300103 0.11115 -0.782425 -3.00045 1.37305 1.69566 1.42912 -0.26366 0.0760173 -0.510009 -1.2479 -0.411205 -2.52133 -1.13962 0.446329 1.07355 -1.38928 3.19396 0.366665 6.81935 -0.0508862 1.24642 1.35106 1.53559 -0.499248 -3.94398 
0.843324 0.102439 -2.85242 0.234892 -1.12744 1.59559 -2.46122 -1.24064 1.05213 1.42419 0.197273 -0.676535 -0.687454 -0.473684 0.413658 -0.560348 -2.03361 2.08042 1.41703 4.35414 -0.241896 0.277528 -0.104746 0.178113 0.0935464 -2.49623 -0.142105 -0.164581 0.0116932 1.23428 -0.119383 -0.455991 1.35946 0.242586 -0.512306 0.101296 2.30913 1.6679 2.81738 
0.568446 0.119493 -3.48092 -0.170066 -0.377429 2.34693 -0.059136 -1.41565 0.831864 1.59454 0.637598 -0.108878 -0.857197 -0.442208 -0.0534308 -0.770732 -1.76617 1.25366 1.23967 2.78858 -0.0210742 -0.436288 -0.408714 1.06123 1.2567 0.296046 0.234147 -0.0723293 2.45815 0.0244002 -0.597128 -1.03789 -4.84804 0.657655 -1.07539 -0.703556 0.59493 0.15925 2.56733 
0.401116 0.0490082 -3.62315 -1.53128 0.126227 2.83527 0.32736 -1.26171 0.615844 1.01548 1.25851 0.580163 -0.391408 -0.239537 0.341329 1.8978 -2.00921 1.48329 0.379136 -0.493909 0.415759 -0.797863 -0.808303 0.773043 0.252797 0.0710932 0.752396 1.70701 4.47199 2.47612 -0.467164 -3.02734 -5.2805 0.20522 -0.413129 -1.99853 -1.70468 -2.38503 -0.662799 
0.32891 0.460822 -1.58312 -2.17928 1.10586 2.72606 -0.553045 -0.999895 0.0340012 0.786235 1.41064 0.143919 -0.786104 0.310188 1.65357 3.70126 0.709954 0.7865 -1.78767 -2.49192 0.184146 -0.849417 -2.40724 -0.643449 -1.12834 -0.366753 1.26911 0.966394 -0.795321 4.62765 -4.27324 -3.33346 0.63859 -1.02261 0.0213614 -0.32741 -2.04172 0.662631 -0.549726 
0.711304 1.70258 0.0781143 -0.821323 0.912727 1.04759 -2.16456 -1.07756 -0.233573 -1.39176 0.615059 -0.548173 -0.758162 1.02957 1.30772 1.10248 2.61844 -2.78994 -2.95432 0.144681 -0.606848 -0.776501 -1.13571 -1.26867 0.915428 -0.478633 0.671823 -2.17511 -3.61911 0.325339 -3.2464 -0.208011 4.03043 -0.581931 -0.0378828 3.68878 -1.64817 3.73481 0.125127 
1.35848 1.76854 -0.480634 0.43916 -1.68408 -0.228259 -0.408364 -1.60674 -0.7425 -0.349478 0.141968 1.05935 -1.26474 0.982011 -0.52154 0.0821487 1.03529 -2.4599 -1.99568 1.53852 -0.397785 -0.8873 1.28154 -2.29162 2.60648 -0.241627 -0.611643 -2.22268 -0.150315 -2.85266 2.73549 1.5083 -0.51491 0.63209 0.130469 0.785409 -0.590837 0.368023 0.707828 
1.69332 1.18104 0.160263 0.21397 -1.54717 -0.948091 -0.626041 -1.47535 -1.12087 -0.110222 -1.67656 2.05831 -0.999788 0.417928 -0.91496 0.952167 -0.23422 -0.0544538 -1.44603 -0.37023 0.0252413 -0.646032 -0.350304 -1.85951 1.28345 0.229195 -0.907381 0.348131 0.333985 -0.851744 2.07714 1.71201 -1.14581 0.169645 0.537483 -1.50179 2.02789 -1.99671 -0.191036 
1.77641 0.853584 0.471533 0.204939 -1.73853 -1.67429 -0.778594 -1.5815 -1.38853 -0.699782 -1.71754 2.3428 -1.03554 0.0746299 -0.173409 0.416133 0.183549 -0.382754 -0.283674 0.392711 -0.228141 -0.349818 -0.220246 -0.263729 0.609764 -0.432663 -0.375869 0.915306 -0.866762 -0.322383 0.368171 1.37357 0.949305 -0.301987 0.590807 0.279707 1.81511 -1.2128 -0.323887 
1.76794 1.00763 0.576396 0.397519 -1.92992 -1.23176 -0.233331 -1.70349 -1.47069 -0.330468 -1.94029 2.66807 -1.43245 0.0420587 0.000346017 0.0854052 -0.556603 0.313717 -0.0724602 0.579076 -0.276746 -0.0552246 -0.0705979 -0.0444 0.0706504 -0.0946925 -0.0452761 0.131009 -0.655524 -0.861026 1.18644 -0.471226 0.181794 0.108012 0.0979607 -0.0664464 0.30477 -1.13977 0.222318 
1.81847 0.85393 0.556938 -0.351663 -1.42482 -1.74675 -0.199518 -1.85825 -1.44376 -0.77038 -1.76194 2.41345 -1.13023 0.0293538 -0.0424006 -0.239391 -0.677477 0.803685 -0.754899 0.574504 -0.120128 -0.251857 -0.286693 0.041041 -0.530001 -0.210345 -0.0812991 0.111367 0.0662932 1.04566 0.475214 0.282819 0.452933 0.396545 -0.363172 0.343348 0.185175 -0.379511 -0.689863 
1.7973 0.965234 0.337006 -0.279958 -1.12624 -1.98666 0.341174 -1.82362 -1.72255 -0.617161 -1.89924 2.13807 -1.6428 -0.0392404 0.111713 0.151698 0.489058 0.788932 0.210359 1.03201 0.119799 -0.418396 0.27275 0.140775 -0.30886 -0.784556 -0.0802679 -0.143803 0.385472 0.622998 -0.0965288 0.759508 -0.351124 0.0836846 -0.021516 -0.874734 -0.545982 -0.081944 0.31047 
1.77923 0.965643 0.708637 0.137395 -0.635884 -1.53639 0.83249 -1.73845 -1.86215 -0.49763 -1.62117 2.10459 -1.91479 -0.0509141 -0.186203 0.146082 -0.0544784 0.707157 0.00460815 0.22338 -0.0364436 -0.273373 -1.16143 -0.504941 -0.611945 0.100126 0.0358565 -0.10959 -0.382501 0.0419132 -0.201935 0.266229 -1.76459 0.25282 0.474692 -0.644903 -0.570259 0.785485 1.04325 
1.74638 0.77903 0.483087 -0.334436 -0.419081 -1.98206 0.564554 -1.86006 -1.99592 -1.77859 -2.40419 1.52612 -1.54267 -0.00338393 0.00212321 -0.230802 0.530971 0.586997 0.476588 -0.732581 0.372618 0.0562962 -0.372153 -0.429483 0.476624 0.25869 0.025873 0.164307 0.0602751 0.651436 -1.01481 0.842053 -1.20924 0.253719 0.259722 1.36941 0.715024 0.792375 -0.558298 
1.77584 0.967767 0.477834 0.668366 -0.0488864 -1.0598 0.0999088 -1.36583 -1.80586 -0.869784 -2.05065 2.58121 -1.6561 -0.0250411 -0.0218965 0.206357 0.596958 -0.307656 0.846662 -0.985862 0.217276 -0.0136514 0.207983 0.210083 0.18043 -0.458172 -0.133135 -0.215959 0.832628 -0.761038 -1.02113 0.013512 0.700727 -0.948313 -0.52034 0.183458 1.32034 -1.55761 -0.857324 
1.72134 0.757134 0.689444 0.262521 -0.726737 -1.13539 -0.421308 -1.64279 -2.00957 -1.5706 -2.1941 1.70655 -2.00084 -0.136519 -0.213836 0.601826 -0.230067 -0.434133 0.4901 -0.0318547 -0.575695 -0.464044 -0.188696 0.890861 -1.08099 -0.598634 -0.0701824 0.350797 0.121956 -1.21602 0.308388 -0.390327 1.95203 -0.185649 -0.0405564 1.01184 0.675273 -0.595629 0.596142 
1.63932 0.753931 1.07966 0.438299 -0.483019 -0.5697 0.068054 -1.94153 -2.2699 -1.05848 -1.15979 1.50022 -2.25473 -0.0952235 0.3289 0.328313 -0.619067 0.000732195 0.456335 0.966165 0.0316262 -0.0542078 1.21982 0.885356 -0.415199 0.13797 0.0509996 0.721685 -0.925465 -0.833147 0.234863 -0.779825 0.441152 1.14803 0.668898 0.720978 -0.905793 0.655737 1.44694 
1.62612 1.08603 1.01776 -0.356546 -0.726005 -0.679059 0.544857 -1.61116 -2.06378 -0.35078 -1.30875 1.29135 -1.86287 -0.0855195 0.50785 -0.32364 -1.06321 -0.19927 -0.289725 0.409297 0.572334 0.204854 0.532282 -0.0149322 -0.425252 0.848306 -0.0396073 -0.145862 -0.811535 -0.275921 0.349067 -1.87168 -1.38832 0.600174 -0.213842 -2.09683 -0.693743 -0.644876 0.533541 
1.5538 1.26178 0.75602 -0.624915 -0.682289 -0.859425 0.477351 -1.36919 -2.06505 -0.526197 -1.17472 1.07497 -1.40643 -0.134831 0.183038 -0.483223 -0.894988 0.349799 -1.41535 -0.422151 0.631801 -0.26805 -0.87701 0.191614 -1.06008 0.671511 -0.138366 0.0258813 0.597771 0.0395839 0.102056 -1.20365 -0.163754 0.465882 0.124909 -0.31501 -0.249315 0.0546633 -0.648265 
1.49129 1.26907 0.534534 -1.25153 -0.376206 -2.09441 0.122706 -0.979358 -2.33183 -1.22779 -1.11713 0.231278 -1.19136 -0.223886 0.533731 0.274131 -1.02363 -0.0972138 -1.49338 0.245543 1.03822 0.329763 0.217273 -0.264248 -0.370589 0.200041 -0.102092 0.366533 0.985049 -0.0839855 -1.4762 1.01391 0.708261 0.163445 0.87199 1.66726 -0.670942 1.43753 -1.1238 
1.32992 1.79551 1.03015 -1.64854 -0.779503 -2.3528 0.722894 -0.330976 -1.73528 -0.308924 -1.43897 0.704383 -1.20639 -0.236923 0.549571 0.501826 -0.978973 -1.1264 -0.401433 0.28611 0.795245 0.603941 0.79025 -0.479328 0.377455 -0.452292 -0.0476745 -0.358185 -0.0952643 0.458003 -0.895571 2.98931 -0.295762 -0.923672 -0.0732458 -1.43966 1.80802 0.0579585 0.465686 
1.25437 1.81864 1.03636 -2.23051 -1.50261 -2.49584 0.408817 -0.184113 -1.72789 -0.43754 -1.59646 0.608733 -1.64365 -0.27156 0.175546 0.178867 -0.565626 -0.992784 1.49594 -0.0502193 0.114543 0.256517 -1.22239 1.54377 -0.31263 0.665727 -0.154372 -0.2702 -0.113463 0.65518 0.534105 3.31487 -1.37083 -1.42833 0.359121 -3.00424 2.04192 -0.790432 1.76333 
1.05836 1.97106 1.20902 -2.21417 -1.77229 -0.856865 0.672674 -0.216433 -1.47877 -1.53131 0.104799 0.391753 -0.54066 -0.391294 0.279371 0.388363 -0.323794 -0.592299 2.91344 -1.08472 -0.633084 0.963061 -2.21399 1.56259 -0.412978 1.31104 -0.0510388 -0.0423445 -0.124015 0.689204 1.4727 -0.493779 -1.59504 -0.69649 0.38962 0.177182 -1.58218 0.069755 -0.71339 
0.863072 2.09801 1.42472 -2.5543 -2.09491 0.417596 -0.675907 -0.817197 -0.764828 -2.65153 -0.0338689 0.195755 -0.332611 -0.322599 0.133202 0.054852 0.123578 0.479915 1.00216 -1.64526 -0.581947 0.646138 -1.04521 -0.0384088 -0.242875 -0.0476625 0.155804 -0.293262 -0.317609 1.17734 1.89503 -2.15106 0.769653 0.675572 -0.298207 3.16063 -2.25218 0.797694 -1.22357 
0.73576 2.10426 1.26387 -2.09059 -1.29237 0.145292 -0.972586 -0.79838 -0.832628 -2.57652 0.0663906 0.148878 -0.588322 -0.23549 -0.0138908 0.0707542 0.853543 1.30274 0.762377 -0.315071 0.0424889 0.664854 0.946639 -0.689586 0.384716 0.0874717 -0.0179222 -0.196811 0.223425 0.270086 0.545692 -0.39584 2.0983 1.15183 -0.366553 1.87387 -0.112521 -0.131975 0.874139 
0.627582 2.08412 1.49548 -1.70076 -0.792172 1.17997 -0.990978 -0.774708 -0.099974 -1.70489 -0.723455 0.580472 -0.245139 -0.340521 -0.0636096 0.278277 0.393664 1.02561 0.606317 0.453039 0.569887 0.279585 0.828662 -0.15093 -0.37485 0.826477 -0.1528 -0.325703 0.144168 0.213371 -0.44681 -2.0025 0.409717 0.591385 -0.772037 -0.067803 1.47154 -1.07538 2.18147 
0.395239 2.04065 1.54215 -1.69693 -0.266764 0.751609 -0.519547 -0.228493 -0.553044 -1.74786 -0.0845393 -0.225973 0.238155 -0.38829 -0.339594 0.214922 1.06691 0.855926 -1.24012 0.0946464 0.633874 -0.107183 0.878836 0.781951 -0.690659 2.26894 0.0781758 -0.677801 -0.483025 1.36776 -0.912412 -1.03994 -1.24153 -0.439802 0.236568 -0.269725 -0.162807 0.997158 0.241211 
0.239291 1.74453 1.7104 -0.633845 0.063754 -0.0601507 -0.896332 -0.140834 -0.207157 -0.826054 0.0584966 -0.110187 2.0238 -0.262345 -0.741411 -0.204748 1.76142 0.113196 -0.433622 -0.788496 0.130085 0.516153 0.558937 -0.313736 0.622308 1.06769 -0.0942774 -0.989469 -0.897749 -0.223533 -0.724478 1.80764 1.33768 0.0696688 0.464735 -0.277442 -0.853919 0.811211 -3.18406 
0.132894 1.29924 1.3374 0.0644922 -0.153569 0.317987 -1.30804 -0.0984087 -0.0368911 -1.18892 -0.398276 0.396335 1.30584 -0.482568 -1.32906 -0.682827 0.84338 0.131448 0.567512 1.43232 0.703543 0.357552 0.601394 -0.0719678 0.120553 -0.915121 -0.416151 -0.722265 -0.230444 -0.570814 0.616495 -0.214881 2.18211 0.690095 -0.314324 0.523925 1.44292 -0.162895 -1.59261 
-0.243276 0.415467 1.02757 0.209536 0.195202 0.507361 0.53599 0.562709 0.150395 -0.224659 -0.0134712 0.0103656 1.10868 -0.678497 -1.46368 -0.435191 1.19061 0.72969 -0.648503 1.39361 0.82018 0.201828 1.08286 1.12918 0.459413 -0.524923 0.103477 0.584001 0.118734 -0.130944 0.714281 -0.768911 -0.697846 -0.453013 -0.125543 0.128969 0.927463 0.0116853 0.442364 
-0.545603 -0.164437 0.902207 1.2551 0.576122 -0.330516 0.0855704 0.721771 0.164937 -0.106057 0.730907 0.855748 0.780919 -0.379091 -0.745062 -0.564093 0.712436 0.845729 -0.201399 0.734477 0.25053 0.232009 0.730364 0.855495 0.132238 -0.472756 0.578857 1.26124 0.0645202 -1.59014 -0.722143 1.14409 -0.335747 -0.739471 0.084146 -0.451738 -1.50562 -1.73288 0.50426 
-0.622368 -0.329595 0.463479 0.921972 1.04093 0.305962 1.27047 0.813239 0.382403 0.505704 0.842024 0.142604 0.635927 -0.0996396 -0.202433 -0.370671 -0.399534 0.00754713 0.495585 1.05787 0.080709 0.285974 0.631124 -0.376441 -1.27347 -0.0206634 0.360442 0.71598 0.527979 -0.703172 -0.690546 0.469937 -1.83088 -0.214599 -0.128097 -0.667849 -1.09984 -0.43645 0.398492 
-0.645242 -0.366869 0.531536 0.855565 0.583669 0.16507 1.14344 0.80248 0.450911 0.525067 0.354466 -0.417723 0.760256 -0.0186493 -0.0290818 -0.0361146 0.00926425 0.155183 0.268537 -1.0964 0.0359312 0.103912 0.0625141 -0.244346 -0.304213 -0.0742648 0.0366749 -0.0510037 -0.497648 -0.0234559 0.504231 -0.335068 -2.00225 -0.0470933 0.0213046 -0.583803 0.232628 0.837169 -0.568748 
-0.641017 -0.358677 0.427364 0.931236 1.19611 0.5745 0.174068 0.84917 0.486315 0.568218 0.597678 -0.161609 0.561662 -0.0629647 -0.253436 -0.868319 -0.42299 0.511778 0.160517 -0.944384 0.0336157 0.307279 0.0473207 -0.143813 -0.436302 -0.589412 -0.140488 -0.412788 -0.491523 -0.998928 -0.982224 -0.944197 0.81706 -0.181255 0.236893 0.497002 1.35144 0.264261 0.641648 
-0.708207 -0.620306 -0.336783 0.432576 1.09545 0.325587 0.199054 0.836096 0.75819 0.572388 0.210653 -0.854026 0.170844 -0.159137 -0.44187 -0.527638 -0.989664 -0.827041 -0.67566 -0.27934 -0.145324 0.340805 0.559516 1.10709 -0.0399518 0.567383 -0.0329865 0.0669473 1.23329 0.356599 -0.782934 -0.708377 0.969554 0.238222 -0.120185 0.675478 0.681776 1.2371 0.920971 
-0.800154 -0.800547 -0.100274 -0.058428 0.369073 -0.10116 -0.105272 0.703847 0.827119 1.12773 1.70477 -0.201561 1.12905 -0.0959511 -0.186489 0.364975 -0.0663913 -0.271156 -0.54786 0.0251699 0.271837 0.187094 0.722799 0.537963 0.800801 0.331559 0.136932 0.701717 0.534942 0.720342 1.92094 1.10247 1.49299 0.192037 -0.516475 -1.29923 -3.60859 -0.514751 -1.68502 
-0.804158 -0.806795 0.0281915 0.366184 0.824291 -0.222273 0.224223 1.10793 0.945284 1.29519 0.748616 -0.0532252 0.502403 -0.0222051 0.259847 0.00730453 -0.269322 1.0939 0.426807 1.21365 0.0467136 -0.17567 -0.739714 -2.5015 -0.554703 -1.11764 0.131749 0.359468 -0.286258 0.275352 -0.137661 0.761059 0.414335 -0.78623 -0.666661 -2.10086 -1.27388 -1.60124 -0.510806 
-0.82236 -0.5407 -0.092969 -0.32775 1.46298 0.325647 1.10838 0.75056 0.651449 0.388021 -0.796736 -0.756263 0.0114076 0.0357981 0.172979 0.0787174 0.208961 -0.408816 0.213199 0.439505 -0.514392 -0.479568 -1.37806 -0.735921 -0.800441 -0.179247 -0.00310768 -0.77421 -0.17065 1.62655 -1.56234 -0.894874 -2.22428 -0.167484 0.376513 0.67324 3.64157 0.00578558 1.20428 
-0.76836 -0.633816 0.106909 0.575145 0.415475 -0.00907442 0.663728 0.593541 0.465716 -0.0828745 0.0126946 -0.853666 0.323156 -0.0253128 -0.514363 -0.163346 1.35723 -0.468435 -0.468067 -1.01063 -0.12077 0.200843 -0.0664735 1.14007 -0.548917 0.0866419 -0.0602127 -0.29295 -0.141962 -0.214059 0.841328 -0.052495 -0.149704 0.765104 0.491458 2.11959 1.66503 0.71483 -0.323336 
-0.847672 -1.05506 -0.256315 1.02948 0.99454 -0.14242 0.0977458 0.62979 0.852292 0.321547 0.343336 -1.30518 0.0980495 -0.0244146 -0.119971 -0.063245 -0.00509834 0.432512 0.160704 0.289801 0.250712 0.0118905 0.74153 0.929112 -0.0856114 -0.502583 0.147302 0.799462 0.55317 -1.80556 0.166306 0.959947 2.05704 0.107852 -0.510753 0.724219 -0.453283 1.89482 -0.996133 
-0.792774 -0.753787 0.043664 0.570047 0.847987 0.15163 0.953529 0.844253 0.477607 0.658656 0.941806 -0.939278 -0.179427 0.121989 0.285099 0.389825 -0.448331 -0.30213 0.49188 1.04641 -0.0129182 -0.30991 0.657746 0.686789 1.3459 -0.909491 0.0969714 0.132164 0.0286216 -0.510268 -0.751014 -0.164327 -0.916701 -0.101474 0.0147102 -1.51152 -1.27192 1.20377 0.684675 
-0.725683 -0.769963 0.13351 0.581146 0.69241 0.34946 1.14416 0.616872 0.542382 0.979293 1.03012 0.0407226 -0.811441 0.0725568 0.0121927 -0.0346234 -0.515366 -0.318502 -0.00362253 -0.6269 0.149237 0.0266007 -0.769995 -0.342808 1.11816 0.182091 -0.151611 -0.358893 -0.814215 0.27448 -0.157973 -0.616144 -2.13085 0.234867 0.315038 -2.31858 -1.73675 -1.7658 2.09445 
-0.720218 -0.741595 0.0090406 0.0546807 0.529484 0.148007 0.326629 0.99349 0.504207 -0.111339 0.598999 0.178884 0.00266416 -0.0296217 -0.0737933 -0.42439 -0.17385 -0.460103 -0.124264 -1.08444 0.221948 0.00512804 -1.66084 -1.04997 -0.419896 1.18496 -0.109291 0.0634968 -0.162002 1.35791 0.576032 0.141065 0.595369 -0.710655 0.0253558 0.936648 -0.454641 -2.25359 -0.40516 
-0.755305 -0.843756 -0.29088 0.407296 0.232307 0.225196 0.0597209 0.83882 0.54751 -0.681546 -0.0198413 -0.379173 0.373521 -0.0367346 0.0756895 -0.196625 0.842541 0.25753 0.137443 -0.0315309 -0.561417 0.0519564 0.166654 -0.797449 -1.13542 -0.223068 -0.0469939 0.0247853 0.185756 -0.508923 -0.0521577 -0.60431 1.07456 -0.34387 -0.000854099 1.4953 0.271214 -0.69759 -2.07866 
-0.756952 -0.665905 -0.187585 0.897221 0.787014 0.28545 0.295098 0.432073 0.556164 0.0553144 -0.19845 -0.956541 -0.220404 -0.0766156 -0.0490081 -0.238634 -0.682774 -0.512261 -0.728574 -0.00987314 -0.121922 0.00427395 -0.165539 -0.778752 -1.11749 -0.8937 0.0209986 -0.285008 -0.140699 -2.15275 -0.559866 -0.100029 -0.110947 0.574853 0.153911 0.146422 1.13557 1.90673 0.997026 
-0.831921 -0.892764 -0.529514 -0.275478 -0.279954 -0.503379 0.0498478 0.716899 0.551784 -0.847085 -0.798593 -1.49666 -0.520179 -0.0157359 -0.209319 -0.337324 -1.31021 -0.302336 0.0374134 -0.142478 0.0134358 0.205867 0.313075 0.338123 0.771306 0.773958 0.11286 0.217351 0.35656 -0.0322837 0.468992 1.22964 0.0145507 0.171992 0.672756 2.27935 2.60885 2.33351 3.06678 
-0.772688 -0.875224 -0.524909 -0.412987 0.484679 0.322863 0.15262 0.445509 0.762031 0.36839 0.139673 -0.185235 0.553554 0.036244 0.168342 0.117926 -0.715058 -0.0432688 0.501068 0.00467757 0.0500701 0.67703 2.11381 1.83009 1.21602 2.17308 0.0545033 0.367131 0.627513 2.02456 0.897342 -0.553854 0.181339 0.426383 -0.327449 -0.653828 -0.957717 -1.71786 -1.17237 
-0.795677 -0.724422 -0.411588 -0.990535 -0.323222 -0.00231092 0.0545253 0.766969 1.22881 1.26672 1.0315 -0.280635 1.6529 0.0387674 0.157812 0.290189 0.714356 0.595006 -0.516441 0.0388606 0.439819 -0.121581 -0.340752 -0.619594 -0.946553 -0.398415 -0.00967499 -0.411747 0.14496 2.77308 1.00787 0.13777 0.570344 -0.23411 -1.60859 -4.10495 -3.6289 -1.78692 -3.56702 
-0.733921 -0.717412 -0.23472 0.301369 1.07969 -0.193578 0.19148 0.885328 0.64045 0.0276374 -0.479921 -1.13179 0.155139 0.026569 -0.243405 0.262887 2.05802 0.964602 0.638838 0.575021 -0.18404 -0.931559 -1.99114 -1.7988 -0.570901 -1.39394 -0.0886441 -0.233543 0.151617 -0.596973 -1.0449 0.86975 0.422745 -0.244454 0.0917013 0.213776 1.08829 1.34198 1.25989 
-0.769108 -0.967827 -0.148701 1.06749 0.64138 0.636527 0.629546 0.582929 0.297255 -0.724418 -0.767301 -0.851536 0.258962 -0.0498767 -0.0757306 0.441806 0.117383 -0.449897 0.353309 0.461606 0.195365 -0.0298801 -0.126976 0.468697 0.395427 0.861476 -0.0691578 0.396136 -0.40805 -3.11924 -0.545343 -1.08289 -1.30573 0.172117 0.958695 2.76854 3.09178 0.557435 2.10649 
-0.783797 -0.793142 0.207086 0.418752 0.629788 0.159731 0.653086 1.08069 0.61057 -0.0993389 -0.0112239 -0.73636 1.01661 -0.0425888 0.152731 -0.145163 -1.06122 0.419259 -0.444048 -0.730711 -0.011923 0.0271362 0.777394 1.29298 -0.0134652 0.712551 0.0308011 -0.00951528 -0.806141 -0.595011 0.844008 -0.363302 -1.96837 -0.745617 -0.260934 -0.0608593 -0.171232 -0.479234 -2.10085 