-0.998761 -0.818414 0.588026 -0.737515 0.503 0.806094 0.283393 0.830244 0.363973 -0.30806 0.503481 -0.119333 0.0240384 0.0558296 0.0630409 -0.173843 -0.79928 -0.394445 -0.200202 -0.788856 -0.663348 -0.315565 0.713494 -0.567554 1.80374 0.187642 -0.0183377 0.226983 0.204069 0.798947 0.769885 0.0869824 -0.296784 1.42474 1.21639 2.89655 0.504917 1.01677 -0.834114 
-1.01736 -0.764925 0.603209 -0.491651 0.621789 0.669033 -0.848237 0.894676 0.572993 0.407082 0.315267 1.47453 -0.160157 0.0172175 0.0992003 0.113267 0.590262 0.29223 -0.182059 -0.273803 0.62266 0.26943 1.82316 -0.441576 0.179408 -1.26639 -0.0659996 -0.12245 0.284663 1.19911 0.70423 0.521306 1.70439 0.861885 0.8807 -0.812574 0.757078 -2.34774 0.24349 
-0.981544 -0.719214 0.701294 -0.147253 0.79523 0.624036 0.00959072 1.4529 0.633403 1.5151 0.061905 0.0600745 -1.24236 -0.01017 -0.0594095 0.11082 0.399828 0.309785 0.321104 0.91553 0.198538 0.565135 -0.0990797 0.189524 -0.544 0.431133 -0.0349908 0.0252635 0.0486304 -0.65286 -0.175067 0.267644 -0.500247 -1.72612 -0.799894 -4.35685 0.784355 0.589637 3.6088 
-1.02753 -0.824334 0.714029 -0.0918225 0.931574 0.990137 0.0672927 1.09321 1.13813 0.308002 0.504791 0.93053 0.270975 -0.0177732 0.124464 0.161898 -0.0625977 0.117163 0.0855852 -0.774049 -1.10346 -0.530464 -2.53369 0.342779 0.769044 2.34241 0.0851519 0.187573 -0.0168884 -0.0421495 -0.346185 -0.441238 -1.35718 -0.407697 -0.837347 -0.144958 0.453919 -0.757429 -1.54691 
-0.999317 -0.59475 0.863192 -0.20985 0.912393 0.709621 -0.764459 0.349447 0.102939 -1.01859 0.404684 0.829119 1.10005 0.0749819 0.128163 0.0939318 0.357679 -0.0363996 -0.120134 -0.44165 -0.209159 -0.272212 -0.244038 0.643443 -1.30143 -1.11578 0.115991 -0.277771 -0.142044 0.617267 -0.100495 -0.231664 1.36118 1.7107 0.829813 4.09789 -0.332057 -2.22205 -4.17377 
-0.952546 -0.696171 0.807961 0.265856 0.895175 0.870003 -0.374357 0.884054 0.865916 0.0639645 1.14823 -0.3709 -0.844804 0.0982181 -0.153307 0.0198536 0.554669 0.0166683 -0.146079 0.587133 0.607245 0.299349 1.5642 0.0107216 -1.453 -1.83136 -0.00456113 -0.37599 -0.163443 -0.574544 -0.121817 -0.058974 0.614163 0.455028 0.00865135 1.25957 -0.100417 1.87768 0.940137 
-0.901099 -0.748058 0.883045 0.344818 0.929061 0.563542 -0.177326 0.956692 0.402288 0.545613 0.415406 -0.623885 -0.73131 0.0704207 -0.247827 -0.0695112 -0.216866 -0.158217 -0.179108 0.172513 0.245869 -0.263561 1.01554 0.543026 0.576252 -0.175643 -0.0300717 -0.134172 -0.378776 -1.18639 -0.302342 0.277227 -0.674965 -0.683991 0.270054 -1.00987 0.271897 1.09631 1.69719 
-0.882126 -0.943998 0.738449 0.0489905 0.736958 0.690895 -0.201844 1.12992 0.602356 1.0795 1.69126 0.205353 -1.02045 0.0681465 -0.287479 -0.358922 -0.631718 -0.285674 0.131148 -0.0878324 -0.0767459 0.569403 0.554335 0.282619 -0.356698 -0.134176 0.0552458 0.154674 -0.225575 0.153688 0.645001 0.320808 -0.647246 -0.594586 0.647452 -1.11623 -1.77394 0.411351 1.33752 
-0.832952 -1.03554 0.524123 -0.2869 0.643388 0.69469 -0.265159 0.879946 0.971691 1.09995 0.698024 -0.980582 -0.865486 0.125667 -0.0931529 -0.295086 -0.0631781 0.486785 0.1417 -0.474733 -0.348717 0.383892 -0.100689 -1.23092 0.987604 1.16188 0.124182 0.172408 0.45707 1.40274 0.529934 -0.658319 -0.0975245 0.40357 -0.563604 -0.498559 0.402743 2.1407 0.312025 
-0.756459 -1.03715 0.443363 -0.0141876 1.22374 0.832595 -0.676577 0.781206 0.986247 0.978813 0.460342 1.19296 0.141432 0.192328 -0.115071 0.0981481 0.771023 0.244261 -0.527171 -0.185357 0.326824 0.00579921 0.0557758 0.685362 1.784 0.177848 0.0555459 -0.0102052 0.532946 0.448716 -0.17112 -0.00952995 0.265344 0.173695 -1.03314 1.61684 1.64353 -1.97305 -2.05673 
-0.640624 -1.15061 0.622271 0.484123 0.887648 0.167518 -0.450515 1.20677 0.97749 1.15572 1.38339 0.803416 -0.687638 0.181212 -0.103358 0.237859 0.385538 0.315664 0.13217 -0.20939 -0.175022 -0.649247 1.51615 0.412609 -0.985446 -0.894853 -0.0828792 -0.0445425 -0.219127 -1.30175 0.12307 1.19279 -0.689264 -0.84887 -0.305567 1.98288 -0.710347 -1.44799 0.877431 
-0.575247 -1.14051 0.681222 0.371351 1.53941 0.964765 -0.885967 0.606184 0.337 2.49496 0.872951 0.20751 -0.753421 0.109449 -0.159613 -0.120979 -0.53073 0.36733 0.665619 -0.874621 -0.522046 -0.299768 2.03866 -0.024985 0.336012 1.05528 -0.157691 -0.340461 -0.361379 -0.520368 -1.25893 -0.711932 0.771969 0.128075 0.762072 -2.48859 0.628593 1.4376 1.21412 
-0.531175 -1.31022 0.501292 -0.0466062 1.25498 0.833138 -1.32514 0.684725 0.677722 3.19438 1.3584 1.13943 0.367641 0.0235216 -0.443819 -0.12352 -0.13483 -0.943271 -0.579762 0.56258 -0.0469468 0.112825 -0.972441 1.0412 0.452152 0.319268 -0.178274 -0.141654 0.247171 1.04288 -0.922411 -0.93642 2.04988 0.720149 0.126685 -4.88681 -0.571517 -1.02891 -1.89108 
-0.551725 -1.58433 0.557702 0.236521 0.596136 0.385004 -0.323387 0.559237 0.449825 1.52252 1.91415 0.659662 -0.434153 -0.0688245 -0.301267 0.126192 0.51215 -0.555081 -0.2708 1.17526 0.198104 -0.173083 -2.84815 -0.596502 -0.6929 -0.835804 -0.170157 0.423835 0.300182 0.0733159 1.04639 0.843681 -1.00793 0.435815 -0.0260866 -0.918793 -2.71454 -1.49556 0.382646 
-0.599999 -1.61149 0.627484 0.465543 0.699898 0.562337 -0.149879 0.882828 0.504639 0.346236 0.7619 0.446528 -0.468163 -0.146636 -0.0199841 0.176661 -0.0615141 0.103119 0.263919 -0.445351 0.388868 0.0867379 -1.89123 -1.67334 -1.04341 0.701914 0.102941 0.458165 -0.309271 -0.720335 0.562473 0.106615 -1.41738 -0.552808 -0.452184 2.2035 0.300439 0.295423 0.865909 
-0.698361 -1.60431 0.734364 0.175007 0.699255 0.648923 -0.768738 0.948105 0.536562 -0.368715 0.24081 -0.383748 0.26776 0.0341167 0.156898 -0.183079 -0.208185 0.00739269 -0.164185 -0.242127 -0.354704 -0.625267 -0.644643 -0.296063 -0.397477 0.0301041 0.288532 0.0381267 -0.452849 0.422179 -0.0416178 -0.038224 1.08924 -0.362552 -0.0674828 2.79959 2.24455 0.945075 -3.20927 
-0.565883 -1.45459 0.444405 0.257358 0.707291 0.398152 -0.392005 0.528124 -0.120628 -0.298407 0.465836 0.0490509 -0.438059 0.141896 0.0181426 -0.276188 0.360665 0.0615014 0.225695 0.643886 0.026316 0.0192551 0.908361 0.571204 -0.0983346 -2.50735 -0.0227651 -0.402623 -0.219412 -1.06556 -0.0184197 0.715227 0.39688 1.34593 1.11793 2.3076 0.60733 1.05378 -0.0485592 
-0.556465 -1.58617 0.458176 0.535672 0.760757 0.874618 -0.124851 0.974421 0.555818 0.539646 0.812015 -0.482082 -2.23959 0.0113516 -0.245725 -0.402491 -1.27375 -0.011027 0.551042 0.154753 0.991222 0.49266 1.66296 0.311266 0.656301 -0.0184552 -0.0794226 0.254079 0.111972 -1.03549 0.186342 -0.0041062 -0.722733 0.345685 -0.23675 -0.883051 -0.844813 1.43949 5.51251 
-0.554531 -1.70031 0.0419141 -1.01639 0.696264 0.949194 -0.237252 1.51935 0.372032 1.36455 0.777103 0.705352 -0.456514 0.0624735 0.272222 -0.164216 -0.674824 0.247843 0.221589 -0.0788467 0.372001 -0.217495 0.0253099 -0.273609 1.34116 3.00515 -0.00431631 0.552148 0.661053 2.19653 0.0671371 -0.924793 -0.221895 -1.5261 -0.149603 -2.00943 -0.752156 -0.57933 -0.696485 
-0.493991 -1.31395 0.29396 -0.139153 1.0086 1.09621 -0.203698 1.34642 0.338323 0.564956 0.538406 0.859076 0.765561 0.00703529 0.306423 0.258562 0.922788 0.0561101 -0.373751 -0.0671421 -0.534874 0.343057 -0.346468 -0.44089 0.0769704 -0.714941 0.483042 2.21244 0.959759 -0.477471 -1.92333 -1.49024 -0.0150194 -2.21715 -1.1575 -2.32004 -0.327869 -2.25632 -4.45406 
-0.547496 -1.39389 0.300476 -0.0936003 0.752374 0.575443 -0.304394 0.984472 0.715089 1.01808 0.336213 0.782322 -1.17145 0.545515 2.48466 0.795543 -1.1523 -1.67548 -1.26865 -0.093866 -1.84514 -1.37499 -2.29473 -0.601478 -0.915164 -1.44891 1.32451 2.56766 -1.18046 -0.95283 -2.86349 -1.27759 0.96395 -2.63117 -2.57264 -0.465859 0.426674 -0.531129 0.912853 
0.0515242 1.17072 1.0895 -1.29145 -0.666883 -0.172441 -0.297564 -0.498722 -1.03667 -1.72977 -0.0630722 -0.0560874 -0.683347 1.33155 2.87408 -0.921894 -0.0300415 -2.80738 -1.65134 0.896808 -3.16605 -2.22958 -0.812327 -0.0142155 -0.454159 0.197912 0.486264 -2.29107 -3.39833 2.94313 -0.330816 0.566282 1.35988 0.0553688 1.41297 2.81135 0.695319 0.379759 1.51638 
0.78405 1.48019 -0.621418 -0.123642 -2.05501 -1.0759 0.592413 -2.18157 -1.51449 0.205755 0.321998 0.328164 -0.973543 1.03178 0.193591 -2.60278 1.79084 -2.0063 -0.702366 1.26601 -1.78978 0.0379798 0.516619 0.0938414 -0.535405 0.0674684 -0.9204 -3.26345 0.0935996 -0.276711 2.14908 1.79235 -0.421125 3.16293 2.87241 -0.739189 -1.05904 -0.505961 -0.419833 
1.0833 1.36431 -1.51328 0.49939 -2.67318 -0.874807 0.968447 -2.2885 -0.998691 -1.21315 0.0307692 -0.591492 -0.615879 0.411145 -0.389371 -0.828294 -0.306753 -0.658304 0.141011 0.475683 -0.0031134 0.642824 -1.55152 -1.07326 -0.960119 -0.221921 -0.850652 -0.47517 3.08517 -2.10286 2.67283 0.959139 -0.23288 2.28772 0.520366 1.00493 -0.641777 1.93722 -0.179683 
1.1952 1.09082 -1.44971 -0.430394 -2.71331 -0.934885 1.0681 -2.18469 -0.871669 -1.34576 -0.751261 -0.631956 -1.19546 0.181126 -0.281579 0.482386 -0.312023 0.666533 0.256773 1.03313 0.497947 0.558346 1.52155 -0.547935 1.40182 -0.112215 -0.281789 -0.0224051 1.29124 0.589933 1.71803 0.429542 0.400174 0.21226 -0.916208 1.95431 1.1746 2.95365 1.09316 
1.26443 1.08273 -1.03089 0.187367 -2.00665 -0.618034 2.00158 -1.79055 -0.440345 0.308398 -0.517166 0.810325 -0.728093 0.129356 -0.411776 0.462946 0.283181 1.05973 0.570553 0.875857 0.209147 -0.273384 0.402799 0.101338 1.99354 0.871238 0.0213418 -0.734627 -0.00169864 -1.3274 -0.141205 0.33491 -1.49131 -0.233876 -2.05055 -2.31252 0.00434195 -1.34968 0.623082 
1.32455 0.679046 -0.986766 -0.147213 -1.65358 -0.364333 1.94395 -1.97554 -1.14505 -0.942962 -0.649923 1.36158 -0.324226 0.202468 -1.01621 0.480687 -1.63942 0.525328 0.591683 -0.458176 0.264071 -1.4922 -0.79097 -0.543593 0.052133 0.510867 0.193336 -0.770638 0.60425 -2.61688 -0.318162 0.372668 -1.86359 1.46449 -1.21984 0.718319 -0.567955 -3.35527 1.23409 
1.4669 0.0665238 -0.550207 -1.45206 -1.48132 -0.0263505 1.5434 -1.52648 -1.93255 -0.482572 -1.06076 0.862458 -0.217226 0.322692 -1.18241 1.0672 -2.3337 0.741567 0.94322 -0.987736 1.67363 -1.49322 1.12112 -0.466617 -1.36173 2.10532 0.000227118 0.508012 0.236038 0.520732 0.258056 0.126634 -0.0878859 1.52783 0.554515 1.31905 0.853633 -1.00019 1.7783 
1.64724 -0.503369 0.0804295 -2.48091 -0.912018 0.578887 0.956216 -0.301906 -2.63827 0.178156 -1.11654 -0.000154118 1.7811 0.202695 -0.508193 0.716725 -1.11869 0.783384 0.718317 -0.546062 1.7919 -0.937686 0.528082 0.31004 -0.948053 2.28916 -0.366018 1.53021 -1.09566 2.40102 -0.829344 -1.00796 1.28102 -1.3029 1.27824 -1.29249 0.453226 1.71019 -2.9727 
1.66959 -0.441669 0.166519 -2.57075 -0.697936 0.691967 0.997341 0.265418 -2.87023 0.0455102 -0.750719 -0.0855943 2.07194 -0.0433267 0.347791 -0.0284627 0.0673217 -0.0877771 -0.0647396 0.293281 0.370733 -0.214978 -0.171377 -0.0133907 0.348457 -0.867373 -0.474394 1.51376 -1.73904 2.14548 -1.89211 -1.14457 1.10286 -3.13685 1.80491 -2.09123 -1.53137 1.39701 -5.22135 
1.60392 -0.155578 0.0519667 -2.41359 -0.999795 0.514148 1.2495 0.0688269 -2.85325 0.00677905 -1.12993 0.348303 0.913726 -0.271699 1.00557 -1.02231 1.02678 -1.10873 -0.426251 0.556802 -1.34495 0.867224 -1.56314 -1.22133 0.448954 -2.93218 -0.198429 0.691656 -1.05925 1.54703 -0.878995 0.0264811 0.31378 -1.49093 1.93118 -1.61361 0.00765156 -0.728294 0.00493431 
1.39789 0.563896 -0.855796 -1.54396 -1.80667 0.265716 1.55414 -1.07953 -2.00301 -1.51763 -1.97205 0.36336 -0.860246 -0.241756 1.03945 -1.08771 1.61436 -0.966772 -0.0382585 0.60706 -1.1202 1.71621 -1.78499 -0.00573914 -0.379837 -0.862438 0.247171 -0.739421 0.918981 -0.453944 1.04689 0.578772 0.0296112 1.33489 -0.022782 1.49169 1.91847 -1.44576 3.35595 
1.36216 0.883869 -1.03574 -0.799231 -1.96657 0.475889 1.85656 -1.05137 -1.13704 -1.77821 -1.13567 -0.0315346 0.0512881 -0.0245279 0.266144 -0.103333 0.572841 -0.0618435 0.152522 0.586413 -0.0100599 0.844442 -0.0714499 0.697141 -0.996805 0.423766 0.187567 -0.931664 0.89667 -1.20873 0.863362 0.432092 -0.831071 1.57252 -2.00353 2.86957 -0.614337 -1.10295 0.801728 
1.37337 0.83004 -0.959129 -0.971121 -1.86851 0.418238 2.14056 -1.08959 -1.15857 -1.58908 -1.27491 -0.633445 -0.43648 -0.0541884 0.107783 -0.191041 0.405623 -0.10341 0.393834 -0.22401 0.452316 -0.28732 1.08458 -0.620077 -1.48279 -0.0607104 -0.0310663 -0.31441 -0.00485385 -0.757515 0.351022 -0.352972 -0.949314 0.103939 -0.841729 0.558842 -1.86587 -0.17419 -0.728751 
1.30797 0.991652 -1.22678 -0.393608 -2.06998 0.869723 1.63255 -0.599056 -1.42436 -0.693626 -1.75575 -1.51432 -0.00942231 -0.0555943 -0.0482656 -0.108187 -0.184674 0.289178 -0.200451 -0.362901 0.093879 0.00271294 0.487392 -1.16873 -1.171 -0.304984 0.0391876 -0.0410392 0.298418 -0.43298 0.840883 -0.942793 0.334658 -0.706674 1.36191 -1.64385 0.718505 1.77442 -0.399804 
1.31777 0.781774 -1.06732 -1.15579 -1.57933 0.217787 1.77766 -0.995713 -1.15585 -1.10169 -2.44364 -1.80444 -0.741464 -0.0150008 0.0667439 0.107378 -0.0273577 0.737473 -0.548959 0.110648 -0.254358 1.07459 -0.559268 0.0984284 0.291629 -0.460514 0.0218819 0.0906286 -0.0665411 0.994479 -0.313234 0.0737869 0.0585346 -0.400061 0.402135 -1.28882 1.94875 1.47263 -0.660871 
1.29297 1.0584 -1.11941 -0.420966 -1.3325 0.320764 1.74319 -0.853414 -0.349778 -1.25289 -1.65732 -1.2227 -0.469936 -0.0337124 0.042363 -0.174728 0.809805 -0.0240558 -0.126664 -0.304367 -0.306182 0.404848 -0.801431 0.780024 0.30164 -0.965855 -0.036755 -0.140668 -0.288061 0.748941 -0.941103 0.530535 -0.255431 -0.255485 -1.84309 1.17258 0.559452 -0.0842847 0.152913 
1.28406 0.824137 -1.24204 -0.345989 -1.60339 0.0911232 1.47329 -1.3019 -0.751005 -1.90312 -1.66361 -1.5028 -1.70732 -0.0517558 -0.073924 -0.180684 0.721583 -0.20363 -0.0184242 -0.144784 -0.509843 -0.7685 0.613309 0.65788 0.207344 -0.307601 0.0153797 0.0876178 0.0786362 -0.27503 0.403309 0.273533 0.391273 -0.156072 -0.576101 2.30509 -0.0834575 -0.0517045 1.56122 
1.24122 0.984472 -1.30009 0.300617 -1.53613 0.30234 1.59841 -1.36326 -1.11828 -0.639585 -0.999437 -1.01535 -0.777538 -0.0183327 0.129981 -0.0960919 0.534775 0.379254 0.146869 0.0869065 -0.462254 -0.171254 1.50366 0.696567 0.249935 0.595361 0.0643333 0.171245 -0.0471541 -0.344874 0.524022 0.212288 -0.181511 0.3867 0.734329 -0.308858 0.415788 -0.450754 -0.501631 
1.26573 0.954118 -1.33814 0.188786 -1.22413 0.237993 1.56019 -1.76415 -0.922258 -0.399462 -0.967047 -1.25287 -1.11196 0.0125776 0.097321 -0.227838 0.376709 0.320392 0.193864 -0.326295 -0.123143 -0.0341709 0.30445 1.07367 -0.24341 -0.809232 0.0677192 -0.333317 0.0542907 -0.869647 -0.017336 -0.346517 -0.215668 0.655654 -0.122174 -1.3913 -0.0886817 -0.161913 -1.57206 
1.25379 1.08179 -1.52793 0.677326 -1.21574 0.496204 1.27212 -1.4864 -1.15245 -0.335135 0.0742314 -1.25876 -1.58677 0.0493865 -0.203337 -0.0418013 -0.334872 0.361918 -0.199648 -0.128761 0.1934 -0.293427 0.112361 0.607885 0.0880223 -0.976695 -0.00752009 -0.279513 -0.157915 -1.28763 0.114668 -0.997596 0.315946 0.135128 -0.134301 -0.742519 -2.12037 -0.202456 0.946646 
1.31511 0.750782 -1.37994 -0.146086 -0.862216 0.038345 1.43143 -1.57075 -1.21569 -0.287101 -0.359162 -1.16484 -2.08865 0.00505746 -0.182192 -0.385753 -0.910918 0.435061 -0.803732 -0.0103489 0.0119848 -0.168472 -0.438069 -1.0467 -0.445865 0.137414 -0.107641 0.3425 -0.309076 0.185061 0.247883 0.15333 0.0792331 -0.0245808 0.538975 0.0781433 -0.791606 -0.0378315 2.47802 
1.25885 0.899601 -1.91368 -0.233591 -0.78068 -0.307528 1.26177 -1.47442 -1.32092 -0.773203 -0.972468 -1.70463 -1.44936 -0.0582545 0.139163 -0.350877 -0.149811 0.609801 -0.0463179 -0.0495283 0.168819 0.245548 0.190504 -0.183721 0.0501908 1.50132 -0.0400623 0.263383 0.625719 0.833374 0.290633 0.930026 -0.011453 0.13395 0.596019 1.49129 1.46909 1.00894 0.449503 
1.25686 0.889945 -1.73081 -0.295897 -0.252415 -0.00797293 1.38191 -1.40193 -0.970138 -0.096597 -0.542883 -1.11465 -0.587329 -0.0350048 0.0811907 0.239966 -0.0775439 0.725694 0.126294 -0.0218019 0.145934 0.427547 1.05322 0.422395 0.56307 0.586917 0.031826 -0.140036 0.468961 0.303285 -0.270059 -0.401735 -0.358071 0.335139 0.419878 0.477339 -0.00720094 -0.285689 -1.47239 
1.22385 0.980792 -1.67371 -0.311135 -0.0549857 -0.181234 1.23997 -1.32848 -0.893375 0.280019 -0.550073 -1.14156 -0.862439 -0.0264285 -0.000872731 0.118083 0.153474 0.339742 -0.448053 -0.4076 0.503958 0.665426 0.667843 -0.190922 -0.235498 0.0289354 -0.0154142 -0.0569048 -0.48842 0.443844 -0.800476 -0.859711 -0.760755 0.363596 -0.0130731 -1.29442 -0.984308 -2.20788 -1.1666 
1.23043 0.889072 -1.61273 -0.142423 0.0873266 -0.456026 0.974305 -0.897973 -0.304712 0.571246 -0.733805 -1.35015 -0.558393 -0.0504191 0.0242858 -0.248454 0.3663 -0.0747817 -0.733417 -0.782557 0.50953 0.414473 -0.241202 -0.561913 -1.64481 -0.579683 -0.101393 0.509493 -0.416519 1.06322 -0.423009 0.00646985 0.0589841 0.268653 -0.0802086 -0.967713 -0.0953371 -0.152955 -0.369964 
1.17343 1.00508 -1.92217 0.0551653 -0.129767 -0.914651 0.457409 -0.818951 -0.478901 0.0388172 -1.11199 -2.78637 -1.44212 -0.127822 0.50862 -0.298435 1.2167 -0.0832669 -0.441583 -0.348616 0.772611 0.585217 -0.29987 -0.286259 -0.388453 -0.341029 -0.0335984 -0.218343 0.834004 0.397604 0.229227 -0.0986134 0.514166 0.445867 1.01487 -0.49887 -0.519189 2.6164 1.55543 
1.10261 1.39769 -1.91117 1.07428 0.00405966 -0.89761 0.62569 -0.125362 0.280505 0.271376 -1.02006 -1.7386 -0.899422 -0.0840175 -0.194057 0.58555 0.763905 0.154445 -0.83203 -0.268391 0.955397 1.42934 -0.740072 -1.0811 0.971587 0.975751 0.0136413 -1.06359 0.719555 -0.787009 0.0717414 -0.954988 -1.03016 -1.12897 0.131287 -0.638506 -1.02025 0.268057 0.128046 
1.08941 0.81102 -1.33662 0.81907 0.0246779 -1.74668 0.189017 0.136447 0.95044 -0.701255 -2.19309 -1.81478 -0.466371 -0.11418 -0.554966 0.42112 0.42969 -0.0115255 -1.39657 -1.37877 -0.356359 0.716504 -0.938376 -1.30651 -0.120395 -0.212983 -0.0743933 0.244898 -0.546345 0.322808 0.135601 0.0296366 -0.760861 -1.32863 -1.82973 0.609027 1.90774 0.204327 -0.427953 
0.988428 0.842726 -1.49005 1.50397 -0.00746583 -2.29418 -0.753082 -0.481721 0.997009 -0.666999 -2.32657 -1.859 -1.1124 -0.158411 0.0508402 0.0392049 1.08671 0.290047 -0.802393 -1.02925 -0.373229 -0.400387 -0.131045 0.826639 1.17591 0.547798 0.000270825 0.680727 -0.0863376 0.012064 0.135022 0.932267 1.80316 0.738018 -1.44345 -0.0832001 2.36456 2.40191 1.51982 
0.930999 0.861861 -1.29741 1.90578 0.314724 -2.54907 -0.840235 -0.236783 0.550054 -0.832299 -1.36645 -0.638868 0.0814279 -0.11391 0.125761 0.334782 0.441754 0.123496 -0.464305 0.42439 0.381659 -0.726945 -1.02158 1.05805 2.28152 1.30684 -0.0110124 0.0294067 0.352795 -0.323224 -0.432407 0.689843 1.36064 0.292732 -0.10664 0.204736 -0.0582813 0.432331 -0.260185 
0.874518 0.968487 -1.15526 1.94572 0.116031 -2.75849 -0.328693 -0.100062 0.270064 -1.68857 -1.26852 0.422522 0.194433 -0.169423 0.0802469 0.392 0.763489 -0.14236 -0.112551 0.331387 -0.0804967 -0.507027 0.0736911 0.768357 1.60824 0.287614 -0.104696 -0.0462704 -0.247632 0.174459 -0.166697 0.314242 -1.0465 -1.0106 0.33968 1.88843 -0.698185 -1.52173 -1.04309 
0.761575 0.942108 -0.905414 2.66927 0.172364 -2.66163 -0.508848 -0.317279 0.0430266 -0.758608 -0.598092 0.969376 0.369042 -0.218606 0.0794905 0.0871499 0.616214 -0.0432002 -0.150063 -0.622111 -0.628946 -0.387265 0.866855 0.359867 0.759786 0.263746 -0.0324524 0.315115 -0.320757 0.0324228 0.110626 0.251396 -0.916062 -0.218259 0.407487 0.386521 0.527692 -0.478372 -0.0376986 
0.655912 1.04798 -1.06811 2.56193 0.0728304 -2.90855 -0.950804 -0.729007 -0.117201 -0.82172 -0.908655 1.18231 0.458179 -0.201876 0.395362 0.071243 0.795911 -0.0317339 0.138846 -0.584675 -0.298756 -0.0995401 0.460212 1.29605 1.12987 0.249915 0.0347378 0.19046 0.433703 -0.41695 0.426829 0.454181 0.143299 0.765783 0.507676 -0.496924 0.640423 0.200342 0.883313 
0.5597 1.33747 -0.834171 3.46518 0.14063 -2.52278 -1.09352 -0.616035 -0.0565136 -0.298396 0.697958 2.09925 0.618957 -0.183868 0.269951 0.520853 0.199264 0.383629 0.304118 -0.478812 0.136838 0.120411 0.369931 1.00029 0.960128 1.14706 -0.0463119 -0.164148 0.327366 -2.3836 0.126168 0.445824 -0.00469094 0.632961 0.323097 -1.49793 -2.52276 -1.26365 0.879315 
0.472044 1.31793 -0.547262 2.7612 0.456459 -2.60443 -1.42962 -0.59217 0.00320996 -0.45179 0.0916344 2.14244 1.60524 -0.248187 0.231214 0.398609 -1.58769 0.0944343 0.58467 -0.589366 0.334205 0.223557 -1.03772 -1.22671 -0.133774 1.12923 -0.169958 0.0966303 0.283265 -2.52922 -0.160569 1.02284 0.561429 0.411772 -1.09266 -1.30717 -0.883137 -1.49886 -0.840407 
0.311512 1.56868 -0.435562 1.87749 0.235064 -1.93811 -1.68289 -0.281831 0.167044 -1.33612 -0.528751 1.96547 1.74819 -0.353826 0.366581 0.804119 -2.32995 0.22306 1.32696 0.0826169 0.54861 -0.972247 -0.93724 0.117152 -0.538735 0.306652 -0.232743 0.0328748 1.13197 -0.344739 -0.346071 0.347196 0.950712 -0.202498 -0.946826 2.16377 2.55678 -1.46304 -2.60868 
0.118218 1.68451 0.256857 0.431244 0.679519 -1.27747 -1.347 -0.0435596 -0.969037 -1.38903 0.208787 1.6037 1.91189 -0.48093 0.264089 1.53058 -1.93243 -0.251636 0.931866 0.361346 0.131706 -0.723269 1.12605 1.33007 -1.59681 -1.47945 -0.0705629 -0.325035 0.300874 0.770935 -0.99884 -0.669896 -0.366853 -1.07689 1.5578 1.4292 -0.918105 -1.29348 -0.959549 
-0.169418 1.83277 1.09502 -0.0549403 -0.016572 -1.00624 -1.32154 -0.150124 -0.556225 -0.210068 0.801321 0.368666 0.268735 -0.424389 0.041546 1.10499 -1.55902 -0.77578 0.657067 -0.284236 -0.528279 0.585554 0.491956 -0.800952 -1.83222 -0.652897 0.307086 -0.760671 -1.12859 1.87438 -0.0169895 0.0433927 -0.0335741 -0.0275474 1.1663 -2.14396 -1.63277 0.32151 2.49773 
-0.306171 1.72606 1.36185 -1.12777 -0.0962604 -0.620399 -1.63124 -0.571839 -0.383482 -0.897074 -0.592165 -0.228519 1.25899 -0.173845 -0.496581 0.401988 -0.0580469 -0.268626 0.975259 0.327772 0.104159 0.443034 -1.01791 -0.302701 -1.2753 1.01827 0.130494 -1.233 -1.14906 3.46305 1.22761 0.0764628 0.869769 1.06861 -0.30325 -0.275118 1.89516 1.67093 -0.0988272 
-0.343263 1.33619 1.49701 -0.112987 -0.285198 -0.0309841 -0.99377 -0.0459649 -0.113191 -1.22798 0.49862 -0.906633 1.28701 -0.293895 -1.19146 -0.0440666 1.90403 0.451828 0.73353 0.585533 0.540329 0.282304 0.216838 1.0942 -0.161292 -0.751724 -0.21112 -0.576284 -0.643214 0.36555 1.20216 -0.991304 -0.761409 0.161005 -0.0323881 1.39497 0.804917 2.18318 -1.78933 
-0.600066 0.5346 1.31778 0.776254 0.355567 0.113131 -1.0457 -0.0315096 -0.101178 -0.680235 0.502039 -0.389811 0.507268 -0.384964 -1.07287 -0.241226 0.307503 0.933531 -0.0160453 -0.433637 0.265164 0.410646 0.377059 0.502216 0.907884 -0.771054 0.0195598 0.328267 -0.569313 -3.40565 -0.275482 -0.513087 -0.16984 -0.440877 0.0782094 1.4663 -0.612732 1.01255 1.39246 
-0.728227 0.263326 1.25578 0.194515 0.648333 -0.0470294 -1.42741 0.219199 0.297456 -0.850922 1.00084 0.00125155 0.515955 -0.274335 -0.863189 -0.61338 -1.50162 0.176346 0.220444 0.415693 0.0994515 0.360513 1.68314 0.481473 0.851261 0.640732 0.15992 0.319775 -0.235313 -0.303702 -0.688044 0.504952 0.802199 -0.516689 -0.148604 2.41038 -0.775494 -1.5251 0.538939 
-0.874401 -0.328589 0.704403 -0.725367 0.531913 0.333575 -0.630009 0.067942 0.259335 1.0029 0.983512 0.46145 1.148 -0.225044 -0.753091 -0.476538 0.00380087 0.245486 0.488907 0.368562 -0.251524 0.262042 2.78744 -0.273278 -0.617216 -0.232115 0.253842 0.669609 0.571968 2.0728 0.274885 0.0784749 -0.64454 -0.0375083 -0.114704 -0.673195 -0.689827 -2.23386 -2.10133 
-0.953271 -0.489764 0.779244 0.198316 0.893819 0.441878 -1.05885 -0.0323251 0.559498 1.93652 0.727558 -0.615965 0.28384 -0.0204936 -0.19358 -0.0414121 0.571177 0.451231 0.298919 -0.228847 0.0619433 0.245809 1.00994 -0.208354 -1.3826 -1.4606 0.272749 0.487341 0.436659 -0.31433 -0.461201 -0.452672 0.168338 0.536803 -0.78002 -4.92898 0.61984 1.36191 0.220765 
-0.894895 -0.522169 0.662991 -0.154191 0.983144 0.632493 -0.858856 0.129885 0.505144 2.01285 0.775158 -0.921149 -0.312596 0.0477053 -0.26575 -0.039879 -0.31053 -0.215715 0.0362347 0.5369 0.285279 -0.517978 -2.14154 0.346562 0.744691 -0.0113494 -0.0118808 -0.0761846 0.117285 -0.508148 -0.824233 -0.205223 0.352532 0.251691 -0.0645589 -3.41597 0.174698 2.26464 2.6173 
-0.905565 -0.755514 0.739365 -0.112213 0.678104 0.478112 -0.521946 0.252953 0.0415205 -0.205021 1.07412 0.128726 0.272491 -0.0323743 -0.269765 0.0758727 0.0630288 -0.373003 0.0936959 0.123685 0.313634 0.18125 -2.40603 -0.0336561 0.882039 1.15671 -0.110337 0.221941 -0.0585492 0.520923 0.328387 0.308165 -0.299759 0.317488 1.52563 2.98482 -0.641033 -0.189379 1.40018 
-0.927269 -0.791933 0.738864 -0.0911618 0.610141 0.726189 -0.735171 0.443519 0.686395 -0.39318 0.741502 -0.0391107 0.844113 -0.0626314 -0.0438085 -0.0984282 0.210393 0.112673 0.344399 0.237141 0.602766 1.00765 0.843278 -0.294471 0.555312 1.38883 -0.0240038 0.428117 -0.00105223 -0.296066 0.391549 -0.250073 0.387025 0.18147 0.454697 4.03414 0.492892 0.315062 -0.509674 
-0.968197 -0.799323 0.640937 0.0981797 0.790777 0.822512 -0.284805 0.85572 1.04917 0.638257 0.779649 0.684038 1.66133 -0.0563782 0.158352 0.0748205 -0.233037 0.0185462 -0.156377 0.51071 0.495105 0.635947 1.62811 0.459236 1.1971 0.647034 0.0856245 0.322774 0.606628 -0.360891 -0.722424 -0.0533592 -0.259322 -0.801585 -1.36204 -1.41962 0.243617 -0.295952 -1.89942 
-0.983647 -0.633581 0.813684 -0.324199 0.628687 0.569812 -0.224462 0.938624 1.32234 1.23493 1.20074 1.15799 1.49115 0.0229931 0.278965 0.5082 -0.150499 -0.609751 0.29104 -0.0221806 -0.198819 -0.354393 -0.576338 -0.0508538 0.25936 -0.510588 0.0687879 -0.140316 0.0137307 0.690309 -0.194894 -0.618937 -1.31674 -0.607284 -0.713886 -2.62783 -1.16958 -2.76089 -2.05882 
-0.945204 -0.520357 1.14914 -0.0523189 0.181025 1.11355 -0.306986 0.656901 0.694778 0.0619192 0.728795 0.943399 1.15074 0.0124097 0.0180366 0.0885511 0.457272 -0.176348 -0.775315 -0.806035 -0.112179 -0.077939 -0.999719 -0.710345 -1.56379 -1.41178 -0.032835 -0.391098 -1.00171 -0.0438024 0.861788 -1.40426 -0.65058 0.00029644 0.297659 0.850559 0.247641 -0.14565 0.881029 
-0.971238 -0.615544 0.902235 0.133073 0.45234 -0.205503 -1.0305 0.826445 1.2444 0.235215 0.490393 -0.405797 0.0793653 -0.00984195 -0.112133 -0.493513 -0.194301 0.252037 -1.11322 -0.672761 -0.198522 -0.0567342 0.274221 0.196787 0.11371 0.370441 -0.0139676 0.00510814 -0.0409471 -1.02588 -0.12484 1.45593 1.33814 -0.216936 -0.401154 1.81897 1.64177 2.55098 1.57636 
-0.955046 -0.63249 0.655623 -0.24662 0.433062 0.000334534 -0.979746 0.458379 0.638044 0.33614 0.925582 1.05711 1.52118 -0.00155792 0.0231448 0.047604 -0.568611 -0.301187 0.68062 0.532101 -0.329115 -0.479093 0.819252 0.931426 0.987196 0.164577 -0.0626431 0.142958 0.831595 0.515862 -0.257535 1.47509 1.12057 0.262494 0.630919 -0.472342 -1.23889 -0.60026 -1.10974 
-0.972796 -0.5924 0.949839 -0.435538 0.151152 0.475117 -0.498396 0.49733 0.76531 1.05447 1.42182 0.5814 0.243942 -0.072485 0.0308246 0.338082 0.321561 -0.00549864 0.361869 0.447813 0.0639718 0.574185 -0.198121 -1.0421 -0.48655 -0.739299 -0.0725321 -0.17916 -0.103009 0.523546 0.55968 -1.26184 -0.610305 0.459043 1.39624 -1.77291 -2.58364 -1.13085 -0.367969 
-1.02753 -0.601666 0.993705 0.0749414 0.427564 0.362204 -0.531933 0.522351 1.21223 0.138019 -0.11652 0.570559 0.781879 -0.07409 -0.156015 -0.0554053 -0.0450648 0.258493 -0.581222 -0.0782043 0.129929 0.917143 -0.95366 -1.65221 -0.143649 -0.203392 0.0982137 -0.0761655 -0.558853 -0.488262 0.0793162 -0.446946 -0.135225 0.393518 -0.32506 0.596227 2.04161 1.2364 2.96221 
-1.04689 -0.748415 0.894434 -0.480603 0.409645 -0.106105 -0.5766 0.627259 1.68245 0.100807 -0.230392 0.437751 0.0405504 0.0257287 -0.0453409 -0.220771 -0.166701 0.0738176 -0.0850762 0.312588 0.45749 0.249125 0.398106 0.999505 0.74985 2.22291 0.168187 0.42835 0.0368901 0.521444 0.183097 1.22739 0.271687 0.263705 -1.4793 1.64728 2.41603 -0.40144 0.158489 
-1.0018 -0.647007 0.772934 -0.0917592 0.501381 0.277128 -0.219345 0.979841 1.46135 0.536125 0.882985 1.32041 3.00479 0.0940973 0.272335 -0.0185152 0.476379 0.441589 0.646171 0.193483 0.393634 -0.562161 0.693623 0.763823 -0.545089 -0.0449025 -0.0220343 0.13484 0.289023 0.0476475 -0.0181289 0.775856 -0.570672 -1.08339 -1.39079 -1.54972 -2.26821 -2.47044 -4.81293 
-0.952788 -0.476079 0.875919 -0.00422365 0.851234 0.540066 -0.383117 1.02089 1.12029 0.79443 0.533431 -0.107339 -0.00435208 0.00369435 0.0894996 0.0682521 -0.119053 0.0556887 0.69078 -0.258084 -0.625903 -1.14166 -1.15161 -1.26871 -1.72059 -2.59002 -0.21031 -0.616964 0.0408499 -1.07041 -0.768355 -0.862436 -0.59964 -0.862671 -0.11725 -0.730566 -0.475227 1.30233 0.518221 
-0.998108 -0.557507 0.841187 -0.210812 0.55707 0.967907 -0.477429 0.353938 0.319691 -0.61549 -0.385726 -0.400182 0.414769 -0.116213 -0.344629 0.0223347 -0.594036 -0.326766 -0.216265 -0.406157 -0.469037 -0.679411 -0.0369432 0.288596 0.757244 0.473318 -0.0353619 -0.0734913 0.177387 0.0658433 -0.157294 -1.57065 0.157096 1.38735 1.98909 2.57668 1.37678 1.85463 2.18067 
-1.069 -0.820708 0.898253 -0.59826 0.524468 0.323801 -0.789274 0.551856 0.440882 0.757487 0.822027 0.649905 0.468966 -0.0316675 0.0160082 0.245639 -0.0532098 -0.101605 -0.879872 -0.100987 0.76145 0.84743 1.42506 0.108066 0.134038 -0.409348 0.126298 0.65975 -0.245995 0.548171 0.483589 0.2147 0.927862 0.849601 1.05488 0.456636 0.739977 -0.371874 0.595455 
-1.02978 -0.541499 1.08683 -0.264022 0.455465 0.0880351 -0.578416 1.11539 1.16712 0.809571 -0.27766 -0.266144 0.00542078 0.0100853 0.315121 -0.223661 -0.0458648 0.156823 -0.00156499 0.521705 0.380564 0.375467 0.419693 1.02857 0.385371 1.06877 0.0181462 -0.306637 -0.642178 -0.223322 -0.0678805 1.144 0.185321 -0.934651 -1.4156 -1.6951 0.229582 -0.140065 0.633601 
-1.05892 -0.505587 0.674593 -0.644124 0.68129 0.322236 -0.26757 0.93242 0.816349 1.17718 1.8506 1.03528 1.53774 -0.0135213 -0.290629 -0.396538 -0.276532 -0.169486 0.264132 0.0843336 -0.173201 -0.568168 -0.270043 0.337648 -0.00602642 0.224253 0.0372159 -0.522301 0.364782 0.543279 -0.417573 0.479055 -0.733367 -0.679587 -0.564806 -1.42718 -3.11075 -1.58326 -2.73988 