-1.27242 0.102475 0.0412255 -0.582152 0.77076 0.522532 1.19827 -0.20143 -0.112739 0.173279 -0.194034 -0.203867 -0.0710088 0.0229737 -0.00676149 -0.413014 0.132998 0.498258 -0.10775 -1.28404 0.0607542 0.834977 0.542033 -0.495762 -0.620784 -0.377956 -0.0459279 -0.133871 -0.0104114 -0.0599572 -0.419722 -0.768162 -0.734845 0.421364 2.3529 0.747108 -0.453144 -0.765099 -1.3373 
-1.29598 0.013736 -0.349105 -0.645872 0.686891 0.0856753 0.0487249 -0.217878 0.107001 -0.540466 -1.48435 -1.04481 -1.78582 0.0775354 -0.0308681 -0.0808043 0.115994 -0.187484 -0.567918 -1.39257 -0.116282 0.561795 0.554621 -0.0254203 -0.58738 -0.658425 0.147724 -0.1151 0.760163 -0.472087 -1.18947 0.490839 1.25248 0.497165 -1.80303 0.391395 1.87732 1.33953 2.48642 
-1.19488 0.0716065 -0.0395788 -0.466158 0.583276 -0.0453862 -0.194298 -0.317711 0.449056 0.7279 -0.219454 -0.791247 -0.729433 0.170698 -0.121862 0.347149 -0.33909 -0.691214 0.383089 -0.0315571 0.55792 -0.968052 0.933428 1.38155 0.718741 2.10846 0.238751 -0.448784 0.338756 -0.40094 -0.295678 1.487 2.16709 2.19036 -2.32225 -2.40197 0.215855 -0.553735 1.35852 
-1.12528 -0.108126 -0.00195625 -0.984962 -0.00432323 0.468764 0.0171679 0.340041 -0.861051 0.392962 -0.102797 -0.326065 0.32264 0.316286 -0.479652 0.257952 -0.284945 -0.483162 0.919083 0.77452 2.07408 -1.76046 -1.84735 0.190435 -1.14111 0.700094 0.15993 -0.288363 -0.524653 0.245461 0.300797 -0.13085 -0.445164 0.048153 1.82369 -1.75611 -0.831646 -1.12553 -2.94669 
-0.878597 -0.408046 0.218373 -0.751103 0.100114 0.873697 0.580222 1.75637 -1.3114 -1.11945 -0.0290195 -1.93236 -0.0293397 0.330628 -0.410225 -0.177504 -0.093629 -0.390417 0.252239 -0.476721 0.606073 0.855639 -0.82268 0.549908 -0.406791 -0.838224 -0.205826 0.413839 -0.250844 0.289198 0.0829186 -0.737113 -1.24403 -2.51297 4.00357 3.11754 0.0114305 3.34036 -0.711795 
-0.794655 -0.518351 -0.17946 -1.07859 -0.39474 0.721003 -0.459553 0.946114 -0.00541168 -0.429718 0.447111 -0.732856 -0.515584 0.11046 -0.0658133 0.00710799 0.00425214 -0.400243 0.18197 -0.469508 -0.438887 2.24312 1.27019 0.201866 2.19925 -0.0117015 -0.0866311 0.405867 1.1096 0.510425 0.394819 0.095387 0.81772 -0.327385 -1.64913 1.50107 -0.310479 0.633286 2.67914 
-0.768137 -0.473859 0.225481 -0.746851 -0.30013 1.05567 0.110714 1.31748 0.931715 0.150734 0.172846 0.26689 -0.0410411 0.243997 -0.00435797 0.932095 0.416796 0.00440173 0.347626 0.340999 0.278688 -0.793493 0.678385 0.239429 0.226495 1.84092 0.202328 -0.185433 0.535461 -0.00756365 1.5301 -0.215732 -0.355685 0.405062 -4.02742 0.106636 -0.189186 -3.04861 0.421994 
-0.550659 -0.522709 0.752635 -0.661795 -0.390338 1.06863 -0.118554 1.2248 -0.798905 0.248667 0.68654 -0.506361 1.32533 0.312789 -0.251247 0.542569 -0.00331151 1.12985 -0.0337617 -0.825193 -0.0338249 -1.7843 1.37682 0.0126791 -0.849364 0.410292 -0.11188 -0.205594 -0.691252 -0.861289 0.334557 -0.339158 -1.00578 -0.166385 1.50551 0.0505432 -0.932512 0.7171 -2.62978 
-0.455348 -0.725106 0.76805 -0.750163 0.829725 1.02191 -0.714479 1.28366 -0.852586 1.52756 0.185525 -0.582474 0.369251 0.132117 -0.209951 0.240843 -0.444492 0.338959 0.00846795 -0.664783 0.112303 0.712015 0.728929 -0.693083 0.943595 -0.788868 -0.282698 0.0490592 -0.442537 -0.526349 -2.91714 -0.2342 0.517109 -0.418396 1.85375 -1.29306 -0.569609 1.47991 -1.39913 
-0.418542 -0.73266 0.993478 -1.10629 -0.0513793 1.0771 -0.783338 1.3371 -0.0868896 0.977596 -0.00654287 0.437233 0.536463 0.030091 -0.202187 0.100032 -0.529661 -1.78728 -0.267962 -0.308084 -0.452221 0.0694516 0.0837656 -0.55693 0.630544 -0.988836 -0.0331646 0.0549781 0.0767905 0.739513 -0.377819 0.122512 1.14916 -0.229512 -1.55813 -0.85326 -0.0449662 -1.08347 -0.045938 
-0.425257 -0.927293 0.868082 -1.27982 -0.95756 0.753943 -1.02256 0.831437 -0.783134 1.61132 -0.371405 0.0480701 -0.619584 0.0989522 -0.154973 0.317633 0.29502 -0.0388593 0.13098 0.484379 -0.117208 -0.846117 -0.124332 -0.738049 -0.139871 -0.834806 0.0170875 0.0883672 0.169885 1.07673 2.76067 0.384522 -0.145167 0.26631 -0.550484 -2.39224 -0.0143964 -1.45436 -0.00449932 
-0.31959 -0.887634 1.31111 -0.811267 -0.0902386 1.20808 -0.298958 1.2199 -0.933007 0.853264 -0.744592 0.297362 -0.298344 0.0471785 -0.11382 0.269917 0.547071 0.973386 0.11656 -0.453251 -0.185911 -0.481032 -2.30848 -0.571326 -0.82382 -0.993335 -0.20113 0.119008 -0.60935 -0.362013 -0.092135 -0.683119 -1.02346 -0.390959 1.84842 -0.356838 1.91891 -0.564923 0.346118 
-0.378079 -1.04111 1.138 -0.732752 0.0158255 0.870503 -1.47582 0.645526 -1.26417 -0.697156 -0.942731 -0.775749 -1.61292 -0.102178 -0.0359656 -0.291716 -0.0669926 -0.130994 -0.552139 -0.539084 -0.508168 1.0023 -0.48117 1.18086 -0.704794 -0.488689 -0.0516162 0.157975 -0.265716 -0.35575 -0.855519 0.0196822 1.67034 0.201936 1.24345 3.9214 3.36853 1.79642 2.38533 
-0.421768 -0.923599 1.01939 -0.878259 -0.221233 0.655938 -0.838042 0.711729 0.0692965 0.372094 0.436271 -0.407431 -0.787032 -0.00443771 0.044155 0.0042012 0.191321 0.117867 0.136242 1.21708 0.016025 0.762416 1.61292 2.7972 0.972605 1.392 0.155898 -0.0763763 0.14345 -0.0424569 1.33561 0.963214 0.899011 0.407543 -2.65817 0.491768 -1.34211 0.588895 2.30115 
-0.382516 -0.996958 1.1422 -0.541432 0.133692 1.00674 -0.25873 0.661551 -0.50175 0.915762 1.85447 0.196856 -0.220921 0.0537197 -0.112342 -0.148267 -0.10945 1.20462 0.411075 0.359926 -0.100625 -1.65587 0.010598 -0.161245 -0.115899 1.81246 -0.0671238 0.146292 -0.0132462 -0.75471 0.226223 -0.35767 -1.10269 0.278882 0.15905 -1.04163 -3.65781 -0.108017 1.46724 
-0.368048 -1.03594 0.871128 -0.987709 0.983382 1.06701 -0.478116 0.611104 -1.58657 0.382692 0.275025 -0.523331 1.02543 -0.0715615 0.190447 -0.00904504 -0.563389 0.344089 -0.221428 0.114395 0.294907 0.921466 0.571286 -0.860607 0.864588 2.85924 -0.222223 0.208291 0.284509 0.0734839 -1.54318 -0.664164 0.700461 0.880323 3.54474 1.13478 0.753596 1.53978 -1.46781 
-0.454078 -0.806511 1.13316 -1.10482 0.477781 0.785317 -0.144336 0.956458 0.419716 1.48705 0.993861 1.06144 2.63832 -0.168503 0.0959489 0.136242 -0.0359656 -0.338569 -0.253089 1.06039 0.779698 1.88887 1.14538 0.592351 1.42388 0.344655 0.0906907 -0.0824484 -0.20019 0.725463 -0.489067 0.2994 0.784432 -0.0601868 -2.01443 -1.66282 -0.26189 -1.47382 -4.1963 
-0.536551 -0.939992 1.00737 -1.02367 0.644813 0.813924 0.582271 1.3908 0.302305 1.52807 0.867376 0.900552 1.37009 0.0191292 0.107999 -0.209235 0.162073 -0.144978 0.0779721 0.898827 0.23472 -1.09297 -1.09153 -1.1225 -0.609231 -1.33706 0.121994 0.0118751 -0.484336 -0.085184 0.257988 0.172955 -1.29556 -0.658067 -3.17805 -2.23911 -0.209695 -1.23177 -0.793704 
-0.434949 -0.698512 0.923921 -0.942747 0.332803 0.863289 0.754491 1.19118 -0.673249 0.395513 -0.128636 0.452213 1.30126 -0.0465086 0.107824 -0.348094 -0.12115 -0.0805802 -0.080134 -0.235168 0.121631 -1.28918 -1.09372 0.382656 0.192112 -0.449049 -0.227181 -0.211845 -0.18039 -0.077591 0.208409 -0.391422 -1.15071 -0.407191 1.22642 1.95486 1.13721 -0.334626 -0.0286693 
-0.583059 -0.832168 0.659275 -1.14482 0.564233 0.73379 0.347103 1.51243 -0.986874 0.434349 1.25003 1.09266 0.921038 -0.208052 -0.103846 -0.389625 0.0844825 0.0634309 -0.31345 -0.251885 -0.17247 0.133453 0.863329 0.0147173 -0.943857 -1.36573 0.168228 0.32411 0.394152 0.798522 0.337819 -0.00325776 0.199885 -0.88963 1.01555 0.550543 -3.49019 -2.18463 0.547855 
-0.643 -0.802358 0.534296 -0.858265 0.396234 0.549839 0.502606 1.01871 -0.539796 1.25884 -0.113919 -0.491643 -0.0644659 0.12172 0.431934 0.0460576 0.677372 0.257239 -0.0833917 -0.0352834 -0.767999 -0.273631 -0.543182 -3.10753 -1.99251 0.0988057 1.42144 1.88146 0.412558 0.919501 0.71688 -0.321639 -1.85361 -2.37605 -0.637635 -1.06147 -0.264518 0.184648 2.97571 
-0.46134 -0.400234 0.705333 -0.467452 0.821472 0.650398 0.31182 0.744433 -1.2605 -0.108832 -1.8575 -0.899851 1.01984 1.21339 1.77761 0.0229332 1.00398 0.780311 -0.635089 -2.10549 -2.54852 -0.504182 -0.198146 -0.2498 -0.759208 1.60999 1.66522 1.54691 -1.27079 0.187445 0.237623 -1.46078 -2.10045 -1.00164 1.47719 2.02926 3.54732 0.155675 1.10127 
0.570389 0.975256 0.557229 0.145718 1.17654 -0.0852494 -1.60289 -1.52981 -1.04398 1.0607 -0.363719 -1.25085 1.54552 1.78694 1.97884 -1.22473 0.864817 0.494861 -1.54417 -2.13573 -1.76964 1.20356 1.48607 0.439789 -1.83684 1.20008 -0.296518 -1.06821 -1.848 -0.447204 -0.141421 -0.718295 1.41594 2.7611 0.90876 1.48112 0.354043 0.203343 -1.60056 
1.3256 1.57861 -0.519397 0.397365 1.31633 -0.893774 -1.82391 -1.02521 -0.0569438 1.37724 -1.41771 -2.73669 2.21992 0.916871 0.709406 -1.82506 0.556779 0.638889 -1.35338 -0.689552 0.212574 0.404578 1.28297 0.104242 -0.555865 0.00942901 -1.51841 -2.06962 0.149867 -0.695727 -0.951628 0.823514 1.67397 1.18755 -1.54248 -1.2344 1.5295 3.02063 -2.42782 
1.48726 1.68466 -1.26784 0.702498 1.81543 -1.43863 -2.29244 -1.31724 -0.6394 2.34367 -0.259477 -1.80672 1.55495 0.268527 -0.0907808 -1.07486 0.16909 -0.456767 -0.720659 -0.461769 -0.58209 -0.338923 0.251674 1.96929 1.18379 -1.22774 -0.783208 -0.855973 1.28318 -0.496303 -2.33119 0.96455 1.2044 -0.464875 0.116384 -2.9084 -1.16205 1.81157 -0.995728 
1.59412 1.48783 -1.59426 0.566455 0.859567 -1.61443 -2.28568 -1.6073 -0.395867 1.62892 0.551577 -1.5529 0.992177 0.133663 -0.146567 -0.541886 0.0604767 -1.6923 -0.388835 0.514851 -0.252302 0.520963 -1.62543 -1.05781 1.25571 -0.986299 -0.0796488 0.145623 0.931782 0.28558 0.307513 0.638715 1.46271 0.600184 0.634332 -0.897731 -1.39381 0.00376979 0.867987 
1.62092 1.53809 -1.80972 0.762974 0.123132 -1.82747 -1.77759 -1.56954 -0.118437 0.718245 -1.31729 -0.551011 0.568651 0.188879 0.0548419 -0.143081 0.45467 -0.149254 -0.0819436 1.00094 0.0180937 0.295409 -0.646056 0.575479 1.18756 -0.359756 0.323636 -0.175598 0.658987 -0.0885782 1.70298 0.429151 0.63359 0.163447 -1.14998 0.917962 2.32269 0.284408 1.61473 
1.783 1.54267 -1.73734 1.02112 0.710313 -1.69638 -1.28475 -1.58921 -0.100458 0.98286 1.12706 -0.365345 0.632421 0.457299 -0.322165 0.117102 -0.0281015 0.010679 0.0403161 1.14844 -0.0888546 -0.629016 -0.707464 1.26488 1.54011 0.628433 0.0152681 -0.303254 0.12319 -0.349784 -1.20214 -0.199019 -0.337954 0.104677 -0.211658 -0.455721 -2.25227 0.375992 0.48933 
2.07822 1.21593 -1.69262 0.734873 0.133811 -1.78715 -0.629147 -1.6584 -0.747453 0.0107814 -0.052409 0.989103 1.19708 0.204147 -0.248412 -0.0198917 0.104886 -1.35139 -0.280962 0.662982 0.122771 0.0837505 -1.10178 -1.67679 1.56355 0.129574 -0.667153 0.485143 0.227136 0.417055 -0.108361 -0.374336 -1.20355 0.886411 1.12955 0.748468 -0.86131 -1.77504 -1.64973 
1.98715 1.29426 -1.75723 1.12601 -0.641081 -1.97734 -0.621764 -1.46643 -0.0167079 -0.118917 -0.549739 1.1982 0.761996 -0.209854 0.162979 0.344238 0.388954 -0.097682 -0.33402 -0.0551114 0.797557 0.500531 0.041004 0.403569 -0.23493 -1.0213 -0.625122 0.713418 0.622415 0.240921 1.76823 0.239946 -0.728538 0.888265 -0.114802 1.2431 2.36077 -1.66063 -1.16067 
1.86837 1.37891 -1.34838 1.12383 0.0361292 -2.12117 -0.684258 -0.860839 -0.246923 0.0517854 0.35116 0.754173 0.17579 -0.420975 0.465006 0.602523 0.345807 0.416841 -0.0410162 -0.0655557 1.01104 -0.0310515 0.141323 0.683971 -0.0970779 -1.0311 0.0252164 0.112773 -0.154892 -0.0113409 -1.15176 0.716872 0.323482 -0.898383 -0.45301 -1.34202 -0.38051 0.815735 -0.272427 
1.56617 1.75926 -1.15471 1.47182 -0.224241 -2.01836 -0.68732 -0.455399 -0.0477594 0.0224059 0.134232 1.10113 -0.2691 -0.184638 0.275752 0.189346 0.377613 -1.24944 0.382852 0.268371 -0.100827 0.0475209 -1.30102 0.023059 0.580805 -1.29372 0.385743 -0.799284 -0.0877021 -0.738116 -0.306715 0.426212 -0.0025061 -1.72058 -0.783175 -2.04174 0.192969 0.21481 0.0384161 
1.68373 1.65466 -1.15904 1.50144 -1.21331 -1.73832 -0.415888 -0.961666 -0.199402 -1.24923 0.374219 1.33498 -1.11793 -0.0352324 -0.334277 0.514821 -0.392309 0.110125 0.385196 -0.0680618 -0.709547 -0.814227 -1.90042 0.87694 0.117732 -0.99268 -0.0359237 -0.434259 0.137108 0.0567306 0.384356 0.0333743 0.592961 -0.524047 0.759106 1.4926 -1.24478 -0.385884 1.38854 
1.53094 1.42498 -0.63989 1.07951 -0.114115 -1.63316 -0.755382 -1.16495 -0.861986 -1.87801 1.01117 1.21886 -1.26178 -0.220561 -0.158507 0.326454 0.434343 -0.865083 0.416227 0.861332 -0.624874 0.806627 0.191585 -1.22172 0.194921 0.094816 -0.133213 0.2174 -0.135959 1.41496 -2.87142 0.0554809 1.66961 0.33549 2.62711 2.22394 -2.47825 0.433928 1.04322 
1.46317 1.49615 -0.832582 1.93578 -2.07839 -1.32209 0.445444 -1.58654 0.607226 -1.05765 -0.847502 1.5299 -1.02312 -0.168446 -0.116877 0.378862 1.02265 -2.76129 0.440676 1.60155 -0.374058 1.81288 0.323519 -1.60131 0.55166 0.0505433 -0.0306824 -0.0857309 0.438427 -0.280758 -0.114117 -0.0900957 0.276986 0.409277 -2.28591 -0.289783 2.67761 -0.241979 -0.603452 
1.3625 1.30811 -0.261028 2.10216 -2.87541 -1.19248 0.846168 -1.539 0.950897 -1.5545 -0.59014 1.77052 -1.21124 -0.251244 -0.244238 0.764881 0.153585 -0.9792 0.326131 1.13832 -0.215597 -1.47928 -0.0981981 1.45589 -0.047058 -0.508636 -0.217296 0.0470231 -0.0993981 -1.51799 2.92529 -0.112167 -1.11374 0.229817 -4.61814 0.749717 3.19674 -2.88934 -0.187866 
1.21193 1.25192 -0.0677013 2.08937 -3.05759 -0.995962 1.58376 -1.80214 -0.872055 -1.15585 0.608389 1.48284 -1.53175 -0.385742 -0.0698541 0.279463 -0.495339 0.163994 0.328509 0.487807 -0.144241 -2.80526 1.07324 1.59543 -2.33768 -0.137323 -0.330712 0.136464 -0.549291 -1.03506 2.45124 -0.224791 -1.69374 0.694196 0.339633 -0.352413 -1.65228 -1.84369 0.592715 
0.976754 1.23825 0.0184351 1.60682 -2.71141 -0.863974 1.33398 -1.68325 -1.85436 -0.481259 1.00529 -0.567161 -1.34856 -0.581955 -0.107774 0.21559 -0.881478 1.47204 0.10134 -0.555418 0.478599 -1.13965 -0.450611 -0.196391 -1.89075 0.0840789 0.0759832 0.178579 0.245768 0.0288802 0.873832 -0.444845 -1.82716 1.02426 3.75286 -2.61849 -1.09908 2.38902 1.03436 
0.629971 1.14414 0.147889 1.20789 -1.58556 -0.894622 1.02834 -1.32354 -2.0117 -1.60646 0.411997 -0.40791 -1.44767 -0.309759 0.108725 0.525232 -0.466458 1.03783 -0.116335 -1.33935 0.880021 0.9476 -1.54525 0.496345 0.0513425 0.897039 -0.241989 -0.2043 -0.0823264 0.500567 0.325834 0.486181 0.569092 0.563126 2.73417 0.596805 2.02158 2.00704 0.468799 
0.666995 1.34698 0.543667 1.14036 -1.67359 -0.98031 -0.00537865 -0.803224 -0.906761 -2.02651 1.50163 -0.515819 -0.45152 -0.823944 -0.312073 0.133264 -0.380912 1.79787 0.587521 0.0136744 1.04172 1.59452 0.146194 1.82519 0.116286 0.552878 -0.999667 -1.06381 -1.46672 -0.245158 2.28275 0.931016 1.43145 0.550639 1.06351 2.6947 -1.09664 1.85798 -0.731823 
-0.193973 0.832068 0.281153 0.826977 0.212316 -0.307102 1.04202 -0.281812 -0.417184 -1.46026 2.23719 -0.291623 -0.894796 -1.30943 -0.955086 -0.941492 -0.711616 3.32058 0.814681 0.0920988 1.43066 2.01111 1.14945 -0.600293 1.90933 0.165217 -0.13027 -0.244346 -0.269819 -0.873855 -1.1499 -0.0132731 -0.534598 -0.967378 -0.899415 1.79549 -2.87433 2.21137 0.203702 
-0.642431 0.391893 -0.397825 0.428743 1.64699 -0.165628 0.0867202 0.627436 1.10435 -0.877063 0.90134 1.39351 -0.286304 -0.954215 -0.556419 -0.136556 -1.25477 0.647968 0.574248 -0.520924 0.0743466 0.695104 1.94169 -1.04915 2.32766 0.75658 0.638625 0.805195 1.57535 -0.225703 -3.49887 -0.222807 0.844092 -2.04241 -2.01221 -1.73613 -1.22546 -2.99665 -0.340064 
-1.14819 0.275649 0.144597 -0.427789 0.860285 0.267146 0.521095 -0.207466 0.27792 0.481422 1.18804 2.03603 -0.138216 -0.670801 -0.149891 0.633863 -0.937319 -0.178286 0.591874 0.936191 -0.611746 -0.00110093 -0.586678 -1.82575 -1.08732 -0.174848 0.95359 0.686567 -0.134152 1.11846 -0.23313 -0.457764 1.47766 -0.019103 -0.458112 -2.58948 -1.72233 -4.69061 -2.16944 
-1.31323 0.242002 0.236039 -0.508576 1.46871 0.426246 1.02291 0.0156906 1.10325 -1.46374 -0.92441 0.306183 -0.461152 -0.000624406 0.130148 -0.270708 -0.136306 0.414838 0.116484 0.956739 0.0552436 0.236993 -0.647791 -2.77148 -2.36295 -1.41286 0.916104 0.112808 -1.07598 0.756336 -0.510953 -0.73358 -1.19927 0.380842 -0.503758 2.53097 2.69463 0.380944 -0.0158303 
-1.14881 0.405796 -0.12611 -0.564095 1.27512 0.38363 1.47783 -0.152222 0.514913 -0.166369 -1.58344 -0.326916 -1.55108 0.245303 -0.0370833 -0.442118 -0.180983 -0.689239 -0.141706 -0.263076 -0.230904 -0.504859 1.94429 0.868876 -0.706381 -0.190678 0.274474 -0.739683 -0.00732029 0.848305 -2.15264 -0.612693 -1.69171 -0.762912 -0.23928 -0.688403 4.17007 2.59001 1.36183 
-1.06793 0.204918 -0.20608 -0.689559 0.779467 0.28454 0.759836 -0.215213 0.598391 0.48055 -0.0555337 -0.400198 -0.65183 0.273849 -0.609536 -0.278028 0.711999 -1.73781 -0.496209 -0.734971 -0.707669 -0.00228696 -1.33619 1.39859 0.227061 -0.0510304 0.716802 -0.753998 -0.605453 2.02354 -0.720931 -0.790228 1.86532 0.756186 -0.485069 -2.7173 1.64813 0.708785 0.531932 
-0.874963 -0.203739 -0.404138 0.147904 -0.462684 -0.112579 0.742863 -0.859891 0.512626 -1.50256 -0.184848 -0.0998552 -1.60211 0.962105 -0.791082 -1.04757 1.84256 -1.41017 -0.931934 1.60224 0.525282 -0.989928 -0.773009 2.51701 0.00240364 0.341253 0.735981 -0.158007 -1.56117 0.552676 3.38544 0.102285 2.05919 2.25711 -0.46587 3.99701 1.45385 1.6675 2.09176 
-0.105825 -0.586163 -1.25365 1.153 -0.630703 -0.647393 2.36208 0.310069 -0.391537 -0.292459 2.46148 -0.397795 -0.310577 1.00983 -0.767543 -1.8392 1.26468 1.64763 -0.393924 1.32422 1.54945 -0.468157 2.66082 2.85244 1.89456 2.04073 -0.389261 0.689092 0.481978 -1.27657 2.15564 1.49062 -3.29687 -0.560556 3.57166 0.201879 -4.87477 1.98968 0.358055 
0.134867 -0.971282 -2.24334 1.41258 1.18495 -0.506503 2.06708 0.689555 0.0444687 1.15825 2.66759 1.7947 0.438627 0.572843 -0.101989 -0.565593 0.565986 0.745472 0.558689 -1.69463 -0.0352739 2.58173 -0.571131 -2.35776 1.99208 0.699308 -0.513747 0.482344 2.11433 -1.17797 -2.76492 1.06945 -3.2517 -1.66539 3.57582 -4.79973 -5.266 -2.47417 -1.58111 
0.467018 -0.688152 -1.81924 1.71899 0.114769 -0.088704 0.667448 0.274795 2.19019 -0.86359 0.10372 1.59429 0.388731 0.496083 -0.285199 0.275127 0.0867081 -1.11729 0.675524 -1.92748 -0.115948 3.10766 -2.13891 -2.41356 -0.579607 0.459625 -0.792385 -0.348426 1.38185 -1.84969 -1.42433 0.175554 1.23375 -0.362872 -2.54031 0.129278 1.11697 -3.37873 -1.34762 
0.63095 -1.25648 -1.96821 1.49929 0.067654 0.16902 0.139599 0.573607 3.15213 -0.980661 0.254035 1.2151 0.898253 -0.219542 -0.450415 0.816253 -1.2837 -0.678854 0.734243 -0.46088 -0.398146 0.0414185 -0.441853 -1.24079 -1.38665 -0.648309 -1.45381 0.630523 1.81839 -1.48905 1.10321 0.025972 2.27615 -0.450425 -5.33857 3.53968 0.967317 -1.24945 0.117 
0.247476 -1.13857 -1.00299 0.435286 -0.564085 0.645539 0.206568 -0.123351 2.23161 -1.30544 -1.13707 0.207637 -0.259578 -0.957731 0.345324 2.09352 -1.40234 -0.0140837 0.701495 0.348668 -0.566374 -2.23091 1.40077 -1.44624 -1.82906 0.576625 -0.45931 0.642332 1.03758 0.325137 0.190371 -0.561562 -0.287086 0.848763 -2.00207 2.21636 1.45061 1.05299 1.50275 
-0.326781 -0.911157 0.125311 0.0969501 0.0535703 0.870516 0.488267 0.00723321 0.921222 0.420104 -1.19221 -0.613965 1.47488 -0.678852 0.191918 1.85383 -0.958565 -0.488483 0.17268 -0.747967 0.450617 -1.96065 1.77451 0.209819 -0.333661 0.854445 0.865826 -0.601321 -1.29406 0.688445 -0.555389 -0.765136 -1.03096 1.08083 2.238 -2.3495 2.40277 2.88401 -1.15496 
-0.431375 -0.946649 0.850842 -0.523279 -1.05257 0.818219 -0.541399 0.327266 0.270962 0.469063 -0.927249 -0.126024 0.594868 -0.0919057 -0.255997 0.799461 -0.713892 -0.569473 -0.0636407 -0.682287 0.514453 0.00709404 -0.948734 0.956532 1.05495 -0.578334 0.713256 -0.23915 -1.57382 0.612215 1.53379 -0.19089 0.212147 -0.31451 2.00228 -2.37739 -0.279205 -0.588693 -1.59996 
-0.418687 -1.16715 0.924772 -0.616942 -0.515902 0.806875 -0.19402 0.521686 0.928316 -0.528629 -0.235675 0.440985 0.896544 0.0344044 -0.0472328 0.280015 -0.346349 1.0453 -0.0182096 -0.53582 0.136107 0.0416306 -0.602881 -0.0693863 -0.922354 -0.745511 0.141405 0.539631 -0.423383 0.595575 0.791788 0.264603 0.248741 -0.706049 -1.36392 2.05474 -0.246516 -1.15785 -0.765741 
-0.396971 -0.993882 1.13086 -0.869628 -0.00726341 0.800009 -1.07722 0.463373 0.312593 -0.133819 -0.996635 -1.04838 -0.150643 0.0494996 0.283633 0.376078 -0.118317 0.222316 0.200962 -0.433546 -0.191596 -1.35682 1.10601 0.710016 -0.102897 -1.34408 -0.0216376 0.0608901 -0.218897 0.442653 -0.897399 0.463814 2.12499 0.13727 0.875442 -0.18918 -0.0908927 1.65564 1.29401 
-0.369187 -0.883521 1.30085 -0.735259 -0.293587 1.00784 -0.627566 0.330091 -0.428508 0.577381 0.47434 0.338088 -0.447532 0.0127669 0.0136572 0.0611178 0.0963039 0.147905 0.445604 1.58917 0.273377 0.917072 -0.792062 -0.160279 0.733285 0.548501 -0.0904346 -0.533548 -0.461648 0.245455 0.159819 -0.573861 1.13035 -0.0906481 2.96721 -1.49645 -1.20066 -1.17267 1.7866 
-0.384204 -0.980225 1.19197 -0.773324 0.140641 1.24561 0.511951 0.736751 1.22967 -0.92588 -1.15691 -0.315094 0.397858 -0.040935 -0.249915 -0.0855693 0.127138 0.382134 -0.372899 0.696809 -0.282244 1.61039 -0.390442 -0.490641 -1.27556 0.442523 0.0322272 -0.146057 0.137642 -0.141366 -0.707274 -1.21716 -2.74168 -0.508054 -0.562282 1.21906 -0.46189 -1.89366 -1.14204 
-0.410122 -1.13344 1.21528 -0.608121 0.0885475 0.634938 0.0692424 0.0478471 1.18188 0.186939 -0.0163004 -0.937476 -0.00500843 0.0449941 -0.1324 0.19876 -0.0450622 -0.55937 -0.771553 -1.15251 -0.234676 0.35479 0.427002 -0.622169 -1.16038 -0.59354 0.01301 0.256782 0.156045 -0.735822 -0.0729574 0.488492 -1.07746 1.56916 -1.82336 0.535636 -0.633903 2.56439 -0.455029 