-0.954863 -0.794542 0.470001 -0.293798 0.744091 0.737339 0.140059 0.700139 0.553775 -0.140746 -0.321654 -0.745427 0.0889315 -0.0321538 -0.132004 -0.394077 0.00277253 -0.353924 -0.126049 0.345478 0.564238 0.0869765 -0.888968 -0.812578 -1.0381 1.40728 -0.17917 -0.214131 0.599139 -0.0714408 0.576991 1.12838 0.152457 1.009 -0.0628728 -1.43649 -0.0454928 0.489016 -0.0962705 
-1.05793 -1.17785 0.337509 -0.45833 0.60289 1.12204 0.425562 1.15641 0.896374 -0.0895336 -0.0865362 0.0332329 1.36067 -0.126308 -0.131811 0.420631 -0.014529 0.2657 0.453244 0.0430535 0.602011 -0.212509 -0.73891 0.393981 0.125756 -0.62129 0.0522804 0.188816 0.828631 0.436425 0.869015 -0.0311505 -1.05112 -1.12968 -0.741151 0.843531 1.1354 0.636271 -2.47967 
-1.08117 -0.926354 0.890631 -0.308327 1.00979 1.19058 0.183113 1.30215 0.341266 -0.879657 0.0723266 -0.619671 -0.532359 0.0201266 0.0568114 0.434554 0.439198 0.515091 -0.1572 -0.705643 -0.565442 -0.654174 -0.0454371 0.322818 -0.401825 -1.07239 0.247048 0.172816 -0.429926 0.399595 -0.290417 -0.994426 -0.464255 -1.12515 0.416117 1.07403 -1.35068 0.568456 1.40976 
-1.03781 -1.12104 0.772063 -0.0191323 1.11798 0.964843 -0.280081 0.59097 0.2422 -0.134971 0.236282 -0.368592 0.288287 0.12074 0.0410051 -0.00929498 0.385066 -0.0247166 -0.541182 -0.421202 -0.523138 0.203608 0.335117 -0.956702 0.694212 0.788469 0.058585 0.339402 -0.30916 -0.317977 -0.604166 -0.0831877 0.769863 0.206406 0.666525 -0.374891 -1.6555 -0.302986 0.01823 
-0.960431 -0.885349 0.881336 0.0767391 0.985075 0.649401 -0.238089 0.779012 0.544874 -0.544539 -0.884375 0.0745409 0.25611 0.0787116 0.396213 0.125394 0.121221 -0.0890744 -0.240387 0.0642198 -0.359036 0.0123512 -0.420328 -1.33268 -0.704811 -1.05416 -0.16116 -0.0455946 0.0253509 -0.493236 -0.190493 0.776515 0.493113 0.279461 0.584659 0.792294 1.6868 -1.03223 -0.79596 
-0.959094 -0.724823 0.897457 0.102089 1.02891 0.724455 -0.215861 0.231934 0.254551 -0.555299 -1.0964 -1.0734 -0.76587 -0.0404199 -0.00458944 0.0160559 -0.10817 -0.21521 0.235333 0.0719109 -0.243677 0.788267 1.12741 0.730103 -0.338014 -0.00749059 -0.142127 -0.616523 -0.126342 -0.548339 -0.17693 0.651448 0.149669 0.859563 0.464197 0.944078 2.13693 0.635204 1.03057 
-1.00085 -0.889938 0.897392 -0.0314312 0.769865 0.884734 -0.166178 0.535335 1.33314 0.582873 -0.154272 -0.263473 0.24862 -0.063415 -0.22031 -0.000948527 -0.427118 -0.266004 0.41106 0.213889 0.500527 0.476548 0.52375 0.804249 -0.0696069 -0.0235856 0.0301688 -0.0703516 0.00395777 -0.057641 0.0819662 -0.330845 0.17408 -0.086033 -1.47009 -1.41371 -0.669638 -0.0834508 -0.0758224 
-1.02251 -0.945133 0.896508 -0.325029 0.762903 1.13552 -0.00197273 0.73246 0.731099 -0.0315488 -0.292153 -1.14301 -0.789455 -0.0102511 -0.074941 0.0200137 -0.165811 -0.133244 -0.0955123 0.245991 -0.329709 -0.681821 -0.286296 0.0604649 -0.421465 -0.083313 0.146934 0.253654 -0.05436 0.672025 0.197515 -1.01935 0.114615 -0.304894 -0.503511 0.0392198 -0.130456 1.10527 1.54064 
-1.0111 -0.964879 0.917406 -0.197242 0.636621 0.789222 0.0798126 0.205626 0.65132 0.296576 -0.093807 -0.684937 0.165307 0.0835191 0.0333445 -0.0553086 0.244906 -0.0684893 -0.608291 0.328504 0.195632 -0.0269634 0.56297 0.673793 1.03567 1.51705 0.0480979 0.15342 -0.0435291 0.588897 0.583412 0.521275 -0.255672 0.689187 0.893899 0.598708 -0.472663 0.144795 -0.206299 
-0.93899 -0.911788 0.8412 -0.0801227 0.694414 0.527224 0.326531 0.928093 0.704136 0.531421 0.38164 -0.107343 0.727596 0.0378468 0.0784787 -0.0235154 0.423085 0.450168 0.425762 -0.00968093 0.359478 0.212078 0.312412 -0.412198 -0.276669 -0.289612 -0.0798839 0.216458 0.258679 -0.211058 0.129643 0.509296 -1.15708 -0.66079 0.746713 -0.446766 -2.3962 -0.989078 -1.30124 
-0.973255 -0.8864 0.893891 0.225843 1.08679 1.21498 0.0701317 0.565103 0.863398 0.608988 -0.506005 -0.961607 -0.124305 0.00363524 0.249802 0.203371 0.0338487 0.0611532 -0.0989951 -0.828576 -0.465158 0.719749 0.116204 -1.72241 0.0465881 0.21581 -0.0714619 -0.000650002 0.0605724 -0.412689 -0.482457 -1.14567 -0.649208 -0.790481 -0.850574 -2.43153 -0.0179954 0.459233 1.11797 
-0.935354 -0.661986 1.04457 -0.046274 0.755567 0.428229 -0.502045 0.462935 1.42389 0.647625 -1.34077 -0.0607554 0.943406 -0.0336151 0.0778287 0.037057 0.010396 -0.0322887 -0.719907 -0.658888 -0.431003 -0.638497 -2.11912 -0.430193 0.182563 0.828362 0.0253448 -0.189181 -0.261841 0.0754377 0.0181852 0.43564 1.53732 1.54123 -0.736598 0.399536 3.32293 0.511827 -0.657578 
-1.00687 -0.808572 0.930948 0.236239 1.0545 0.495078 -0.588757 0.1341 0.224901 -1.51013 -0.936198 -0.779043 0.704057 0.02898 0.0606214 -0.0584696 0.109286 0.0793384 0.336645 0.708748 1.07608 -0.0168487 0.51574 1.60052 0.558415 -0.441767 0.101268 -0.0673028 -0.122719 -0.450046 -0.162282 1.06525 1.31996 1.43335 1.99924 4.5621 2.00091 0.702858 -1.31195 
-0.906374 -0.601364 0.986101 0.0630124 0.834905 0.764874 0.206703 1.53901 1.40704 1.16336 0.25975 0.49766 0.501639 0.0676529 0.0105259 -0.0856619 -0.43965 -0.194571 0.345347 0.661067 1.00235 1.36074 2.44299 1.57072 0.885422 -0.483591 0.00867753 -0.399048 -0.032135 -0.184908 0.0799683 0.398384 -0.533912 -1.16179 -1.40852 -2.31058 -2.90904 -1.27274 0.443655 
-0.939217 -0.798046 0.845286 -0.203411 0.85993 0.840424 0.0723102 1.13645 1.58564 0.932857 0.634522 0.106378 0.220466 0.0376576 -0.338426 -0.0906047 -0.0756216 0.159307 0.735029 0.174835 -0.0857145 -1.42537 -1.79484 -1.30852 -0.714322 0.00188804 0.0864578 -0.111894 0.322007 0.558602 0.378995 -0.423756 -1.06843 -0.539305 -2.12642 -1.79154 -1.7913 -1.3277 -0.265491 
-0.868717 -0.939791 0.895496 -0.0126092 0.994212 1.4999 0.381539 1.4533 -0.0183331 -0.631476 -1.04877 -0.216662 0.503527 0.154111 -0.101368 0.236345 0.118952 0.184424 -0.0784093 -0.407363 0.463043 -0.765682 0.651448 -0.220579 -0.44228 -0.749082 0.00937165 0.593926 0.484216 -0.0372412 -0.346727 -1.17075 -0.320541 0.249352 1.8926 2.6097 2.98319 1.48543 0.0635467 
-0.785106 -0.899413 1.08163 -0.0844599 1.04435 0.762015 -0.335053 1.59949 0.819959 1.58431 0.413943 -0.335902 -0.528615 0.0470292 0.2555 0.393611 -0.112863 -0.187421 -0.435718 -0.145705 0.163638 0.46723 0.814859 1.67468 0.771109 0.0654347 -0.176853 0.0682458 -0.337642 -0.1563 -0.317656 -0.10693 0.591127 -1.16872 -0.0654919 -2.0982 -0.614591 1.16471 2.17901 
-0.821688 -0.684291 1.28911 -0.125472 0.806791 1.06419 0.235833 1.61693 0.448897 0.183383 0.625909 0.554447 0.568962 -0.022742 -0.0331218 -0.101297 -0.0373486 -0.133232 -0.185339 0.183764 -0.705673 -0.831174 -1.44676 -0.83517 0.722431 1.42992 0.0284464 -0.580133 -0.352795 0.245912 0.727762 0.258227 0.0427423 -0.662579 -0.684258 -0.745142 -2.33257 -0.58143 0.0613882 
-0.807848 -0.932535 0.980333 -0.121809 0.911122 0.576676 -0.151289 0.893817 -0.0112146 0.137549 -0.421228 0.386529 0.901309 0.0754756 -0.324633 0.0408161 0.133049 0.540342 -0.17749 -0.102963 -0.498942 -0.217028 0.0697172 -0.657899 0.189679 0.126823 0.159201 -0.318118 0.03072 -0.178258 0.379272 -0.0651911 -0.544719 0.563769 0.709943 1.99974 0.915339 0.478216 -1.63787 
-0.746212 -1.00892 1.32992 0.00757744 1.34713 0.886695 0.13287 1.11799 0.231868 0.2531 -0.0319896 0.744125 0.695785 0.136459 -0.35124 -0.0705773 -0.215607 0.24604 -0.250531 -0.360955 -0.141904 -0.12123 0.552983 0.0801689 1.20065 -0.207947 0.0407467 0.18452 0.37604 -0.520456 -0.821596 -0.247068 -0.728434 0.00639109 -1.0957 -1.01305 -0.048079 -0.625168 -1.34498 
-0.671389 -1.28378 0.909756 -0.337415 1.15716 0.326145 -0.512245 0.751913 -0.132445 0.690532 -0.341059 1.58718 0.693361 0.116222 -0.140114 0.416856 -0.387406 -0.281254 -0.424559 -0.831397 -0.492551 -1.31273 -0.943338 -0.705978 -0.435489 -1.21816 0.510642 1.45651 0.466811 1.70255 -0.18614 -0.838223 -0.490268 -0.992718 -0.227476 -1.21981 -0.587381 -3.03127 -0.396131 
-0.62999 -1.14904 1.74678 -0.379829 1.06588 0.462137 -0.698526 0.625442 -1.08086 -0.690238 -0.737967 0.308636 -0.522377 0.647101 1.10527 0.396234 1.48694 0.0598997 -1.08875 -0.851223 -1.13462 -0.348707 -0.666826 -0.507213 -1.83062 -0.604078 1.16943 1.45876 -2.30853 2.67676 -0.26372 -1.57593 -0.0148356 -1.52328 2.85927 1.57621 0.387753 0.326452 1.18494 
-0.0242885 -0.178503 1.30599 1.14953 1.21706 -0.762609 -1.36347 -0.38271 -0.481152 0.0237056 -0.848272 -0.243443 0.0892832 1.28565 1.31865 -1.89168 2.28936 -0.544974 -2.00049 -0.846232 -2.01583 1.54653 0.632876 -0.318225 -0.109037 -0.0332196 0.34296 -0.725974 -2.28155 0.230224 -1.45669 0.296882 0.117046 0.263103 1.70838 -0.519379 0.691746 2.07377 0.499792 
0.655663 0.169612 -0.144896 1.90953 0.520905 -1.53836 -1.54476 -1.39039 0.46567 -0.0573613 -1.05619 0.199599 -0.555596 0.990061 0.379298 -1.88531 1.71717 -1.39679 -0.791872 -0.734177 -0.87152 1.35967 -1.1862 0.184533 0.243156 -0.104286 -0.768765 -1.38103 1.04514 -1.2983 -0.528924 2.35618 0.0930396 2.2163 -1.08002 -2.05233 1.77054 0.547315 1.23954 
0.965772 0.200794 -0.579321 2.86669 -0.179726 -1.55448 -2.09764 -1.25423 0.87852 -1.1625 -0.663739 -0.00028713 -0.0150029 0.516888 -0.0623766 -0.846535 0.991055 -1.0739 0.355684 -0.753193 0.200463 0.46651 -1.41945 1.45231 0.438277 1.20632 -0.638559 -0.743282 1.89519 -2.08194 1.14368 0.53662 0.711675 1.39155 -0.702232 1.26366 1.13686 0.818084 1.2723 
1.17255 0.107235 -0.991431 2.90058 -0.552992 -1.18267 -2.29795 -1.18993 0.93218 -1.47682 0.396119 0.637876 0.650721 0.351502 -0.363984 0.00988215 -0.364773 -0.253108 -0.255252 -0.0225018 0.520035 0.65744 0.0774516 1.32139 1.06124 1.16801 -0.346589 -0.109988 0.970843 -1.18394 0.742673 -0.443992 0.952598 0.391908 0.132907 2.10766 -0.53519 -0.154995 -0.412022 
1.31727 -0.16319 -0.569439 2.50192 -0.432835 -1.80973 -2.12015 -0.734195 1.53596 -1.08505 0.657651 1.06095 1.15301 0.1703 -0.172364 0.124308 -0.192888 -0.331225 -0.0883074 0.199406 0.592371 0.599417 0.688204 0.917121 0.283283 0.794296 -0.292678 0.632443 -0.564596 0.40752 -0.079296 0.66945 0.378547 -0.700267 -1.11987 0.132735 -1.19868 -0.887836 -2.23967 
1.34285 -0.0651289 -0.867123 2.70769 -0.884217 -1.27098 -2.09855 -0.597557 1.5316 -0.788612 1.31324 0.921159 1.44502 0.0588236 0.268458 -0.554714 0.0427472 -0.332404 0.414198 0.356045 -0.180232 -0.462429 0.210187 0.122707 0.173404 -1.07166 -0.0512682 0.152265 -0.290006 -0.476079 0.588669 -0.249244 0.345355 -1.23581 -0.96523 -0.478481 -1.35592 -0.322894 -2.12778 
1.3761 0.105268 -1.12415 2.54467 -0.765239 -1.39553 -1.7641 -0.914427 1.07353 -0.874861 0.780358 1.23436 0.0813522 0.119031 -0.0200995 -0.165699 -0.668967 0.257444 -0.337552 0.54476 -0.643437 -0.365813 0.209723 -0.438802 -0.0396116 -1.33348 0.0539038 -0.496719 0.478848 -0.580641 0.0979997 0.0722557 -0.354958 -0.10456 0.272769 1.2372 0.00767269 -1.46944 1.18243 
1.46188 -0.0852284 -1.03282 2.03873 -0.626773 -1.60853 -1.55379 -1.24099 1.16579 -0.578889 0.874438 0.881547 0.111534 0.112727 -0.228261 -0.0758658 -0.537893 -0.234404 0.486454 0.00108717 -0.284792 -0.18966 1.44739 0.13038 -1.29604 0.110779 -0.0341157 -0.0641143 -0.0692795 0.0204295 -0.607368 1.32465 -0.698582 0.830937 -0.212304 2.08049 -0.0123628 -0.718534 0.70667 
1.48883 -0.122992 -1.20002 2.00677 -0.999643 -0.909081 -1.76301 -1.19922 0.883872 0.572526 0.910738 -0.0616833 0.192131 0.0849157 -0.0842137 -0.234978 -0.648538 -0.349924 0.987102 -0.153822 0.187501 -0.578116 2.29021 -0.451165 -0.758146 -0.626812 -0.0360931 0.344298 -0.00976398 -0.431788 -0.0521839 0.349435 0.600591 0.44596 0.264578 -0.364218 -0.428364 0.940997 -1.021 
1.5468 -0.169442 -1.2678 1.39019 -0.976697 -0.621428 -1.70761 -1.05349 0.587669 1.71133 0.423273 0.123401 -0.515278 0.0766343 0.116037 -0.0856298 -0.969681 -0.286588 0.835889 0.601678 0.161167 0.0749182 1.08317 -0.297984 -0.355043 -0.910219 -0.0867488 0.303949 0.175607 -0.0971985 -0.0663074 -0.375302 0.979188 -0.153371 0.723072 -2.80695 1.17597 -0.345461 0.286551 
1.56546 -0.00695524 -1.28565 1.03709 -1.28623 -0.0731917 -1.16134 -1.03805 0.95879 1.65569 0.612754 -0.416726 -0.718088 -0.00183311 0.219735 -0.0593708 -0.745736 -0.416231 0.6118 0.825366 0.0341301 0.144956 -0.516738 0.724806 -1.10361 -0.340261 -0.204609 0.295313 -0.137336 0.525713 -0.0892633 -0.305939 -0.630495 -0.113032 -0.868854 -1.53328 1.07886 -0.25132 -0.448956 
1.54497 0.0502927 -1.32717 0.644453 -1.39293 -0.00962864 -0.882241 -1.01936 0.732625 1.19459 1.14808 -0.980205 -0.855539 -0.127975 0.41135 -0.222966 -0.443968 -0.375852 0.52995 -0.0288168 0.0481351 -0.793935 -0.450109 0.780878 -0.606363 -1.35918 -0.120745 0.19134 -0.0566226 0.530132 0.132718 -0.314653 -1.03858 0.201285 -1.42663 0.595939 -0.128839 0.937739 -1.34281 
1.43748 0.404395 -1.50861 0.593125 -1.66208 0.456758 -1.19015 -0.989917 0.164855 1.20559 1.39363 -1.02309 -2.07726 -0.122578 0.411075 -0.115993 -0.215605 -0.283513 0.297147 -0.213219 0.235415 -1.28167 0.0792008 0.595967 -0.165868 -1.68307 0.0646534 -0.0802321 0.184472 0.54234 0.237697 -0.596805 0.497468 0.201882 -0.394672 1.09025 -0.288992 0.535365 1.33379 
1.42239 0.461367 -1.44316 0.428848 -1.67644 0.287519 -1.09546 -0.783947 -0.549044 1.27379 1.74405 -1.14607 -2.53861 -0.0633213 0.331118 -0.0384944 0.0983721 -0.138155 -0.0668551 0.468651 0.250017 -1.18861 0.640141 0.491886 -0.0709981 -0.0253853 0.12858 -0.591228 0.409634 -0.348329 0.396568 -1.27348 1.59348 -1.11609 0.833108 -0.738144 -1.11133 0.66618 1.76519 
1.37416 0.735512 -1.54711 0.691497 -1.80024 0.389903 -0.721501 -0.7399 -1.02375 1.84573 1.88552 -1.09409 -2.10265 0.00600216 -0.180154 0.293641 -0.563934 0.113055 -0.976334 1.38026 -0.880674 -0.448561 -0.658943 -0.515367 0.500312 0.082122 -0.00753931 -0.266707 0.0370999 -0.19947 -0.000964487 -0.876358 0.816996 -1.07777 1.35903 -1.57567 -0.927633 0.570006 0.0797572 
1.42839 0.281214 -1.14952 -0.135085 -1.56339 -0.688815 0.284802 -1.66462 -0.997605 0.614845 1.22868 -0.645761 -2.45649 -0.0708606 0.0644108 -0.0013945 -0.101098 -0.139119 -0.943213 1.28565 -0.827757 0.17042 -0.935525 -0.435747 0.499008 0.0543719 -0.191755 0.822863 -0.618523 1.57018 -0.546147 1.0309 -0.99444 1.0163 0.826798 1.39253 0.637516 -0.628249 0.817557 
1.3033 0.799923 -1.5485 0.590399 -1.93936 -0.55331 0.564146 -1.56766 -0.853333 0.910202 1.44977 -0.59508 -2.04828 -0.185753 0.64271 -0.324882 1.00625 -0.433092 0.0545683 0.385821 0.135622 0.378237 0.733583 0.122149 -0.127936 0.899679 -0.0393432 0.0941132 -0.0439228 0.319464 0.159485 0.39269 -0.912137 0.47359 -0.296531 0.613231 0.374458 0.0408442 -0.0763521 
1.24264 0.923924 -1.47441 0.871162 -1.99648 -0.634247 0.670623 -1.529 -0.619368 1.34843 1.35083 -0.773697 -1.55681 -0.110204 0.158524 -0.0453173 0.218366 0.0203659 -0.550524 0.373511 -0.354167 -0.126111 -0.322295 -0.0612895 0.539852 -0.0219802 0.222975 -1.13021 0.605502 -1.97817 1.01733 -1.15075 0.00690217 -0.436793 -0.82659 -1.32261 0.135374 1.06327 -1.79782 
1.1931 0.958447 -1.59382 0.808764 -1.91899 -1.10383 0.937657 -1.92182 -0.979444 0.587907 1.38848 -0.0552272 -2.07026 0.0372221 -0.487497 0.280619 -0.971924 0.584234 -1.09618 0.392724 -0.301171 -0.448354 -0.589028 0.257524 0.935339 -0.898136 0.140461 -0.00127962 0.084681 -0.699804 0.769069 0.720903 -0.535737 1.33754 0.62329 -0.896976 1.19665 0.780017 -0.0422787 
1.27986 0.436426 -1.19379 -0.100762 -1.41224 -1.73043 1.06335 -1.83017 -1.06772 0.7594 1.60835 0.161642 -2.45494 0.0302571 0.157244 0.0393638 -0.481439 0.789435 0.17038 -0.162226 0.983369 0.497179 -1.21927 1.13536 1.31987 -0.0642589 -0.15932 1.16544 -0.660828 0.816835 0.15952 2.10924 -1.57819 1.11339 1.48004 -1.28279 -0.120799 0.818201 1.7151 
1.22336 1.11569 -1.55446 0.327326 -1.12956 -0.933454 0.775431 -0.938455 -0.482264 -0.631363 2.52385 1.26464 -2.13452 -0.122098 0.677942 -0.380209 -0.155089 0.743755 1.01306 -1.18547 0.812216 1.03168 -1.87182 0.136725 1.75354 0.816966 -0.243217 -0.0138515 -0.0434377 -0.229652 0.034309 0.232737 -1.26512 -1.29834 -0.459267 1.41947 -1.98119 0.294975 2.42582 
1.15776 1.11437 -1.574 -0.255851 -0.668488 -0.717372 -0.122124 -1.01795 -0.0360395 -1.11242 1.74508 1.91518 -1.63798 -0.21296 0.143393 -0.00407396 -0.711091 0.823744 0.403116 -1.42734 -0.314971 0.0379124 0.200203 -0.845827 1.61484 2.36156 -0.133846 -0.426919 0.186666 -0.161456 -0.15378 -1.25138 0.467344 -1.57931 -2.3634 3.81784 -0.886185 -2.46592 1.06914 
1.0104 1.25908 -1.55853 -0.383765 -0.305811 -0.530337 -0.651913 -1.25343 -0.444352 -0.43116 1.67802 2.87949 0.227046 -0.255944 0.251023 -0.193543 -0.316545 0.589974 -0.238319 -0.718127 -0.767089 -1.33172 1.94602 -0.74946 -0.712381 1.88611 0.114233 -0.102101 0.203288 0.424829 -0.180723 -1.07286 1.12765 0.102999 -0.376254 1.85617 0.0138575 -3.10766 -2.60758 
0.901817 1.36539 -1.76754 -0.572396 -0.0785138 -0.955691 -0.840251 -1.78504 -1.36776 0.833597 0.995618 1.2028 0.248133 -0.0987266 0.0412915 0.199214 -0.286262 0.643021 -0.669743 -0.299696 -0.211973 -0.338342 2.05638 -0.831969 -1.49281 -0.24602 0.297849 -0.397897 0.747141 -0.429628 -0.324155 -0.15383 0.954889 0.943554 1.54437 -2.68931 -0.496263 1.06954 -0.970963 
0.91167 1.30038 -1.35932 -0.670027 0.33721 -1.20008 -0.951608 -1.4654 -0.782694 1.62522 0.846049 1.38667 -0.0189746 0.0419057 -0.146874 0.553599 -0.746173 0.265819 -0.392149 0.236762 0.176465 0.212646 -0.743289 -1.24572 0.35716 0.915146 0.140027 0.0133333 -0.103753 -0.545024 -0.760055 0.599832 0.987336 0.472902 -0.29298 -3.89903 -0.137687 1.46004 1.2597 
0.943723 1.21852 -1.21394 -1.31857 0.187306 -1.34784 -0.603489 -1.60858 -1.15511 0.0903075 -0.250105 1.55996 1.16328 0.0413008 0.0546248 0.0954616 -0.831286 -0.117034 -0.0699113 0.687641 0.26093 -0.631322 -1.84266 -0.969657 -0.0327768 1.01368 -0.0862364 0.487147 -0.769192 0.664304 -0.242039 0.436609 0.327797 0.827421 -1.07758 -0.254714 1.84352 -0.0110427 -0.960407 
0.952971 1.355 -1.26386 -1.50131 0.220177 -1.26999 -0.263968 -1.20447 -1.41402 -0.217439 -0.123607 1.3539 0.994708 -0.0443307 0.340273 -0.215594 -0.0818686 0.0237807 0.0444601 0.564559 1.00389 -0.864929 -0.998004 0.597797 0.346117 -0.0452618 -0.103851 0.313133 -0.49901 1.6582 -0.250696 -0.188615 0.0979731 0.590597 0.168192 0.73377 2.02502 1.13459 -1.78483 
0.899392 1.55879 -1.42953 -1.40044 0.211086 -1.30338 -0.0389303 -0.604692 -2.02004 -0.907696 0.347692 1.90608 1.11802 -0.0625502 0.367758 -0.403549 0.826913 -0.36773 -0.258526 0.785614 0.851526 -0.46313 -1.10889 1.05537 1.10181 -0.771148 0.0357617 -0.225036 0.181889 1.12842 -0.828826 -0.466375 0.361294 -0.339059 0.462891 0.873034 0.532039 -1.43483 -1.23889 
0.890421 1.72276 -1.6674 -0.674399 -0.147553 -1.52852 0.521646 -0.352943 -1.87715 -1.32632 0.93176 2.45571 0.22356 -0.00856901 0.115237 -0.0337047 1.04655 -0.805046 -0.421915 0.925853 0.664828 -0.402038 -0.12497 1.12984 -1.08871 -1.28415 0.167486 -1.03805 1.32826 -0.209518 -0.256894 -0.690933 -0.0144404 -0.744238 0.737573 2.51732 -1.11495 -3.56351 -0.199906 
0.890823 1.67403 -1.46324 -0.353884 -0.593959 -1.72529 0.886923 0.0601353 -2.42208 -1.03267 1.47753 0.817364 -0.166132 0.104936 -0.670297 0.924711 0.617395 -0.624624 -0.949459 0.771173 0.107289 0.274443 1.40844 -0.0595783 -2.4617 -0.971054 0.0111504 -0.570326 0.781037 -0.138082 0.132374 0.180694 -0.0552014 -1.56469 1.42307 2.27598 -2.29714 -0.497719 1.03165 
0.995357 1.05246 -0.742693 -0.0570045 -0.772177 -2.47798 1.29282 -0.245655 -1.6027 0.0821137 0.872182 -0.00599527 -0.747495 0.00258134 -0.455089 0.747332 0.908471 -0.672672 -0.241221 0.870652 -0.89986 1.02103 2.15101 -1.16731 -1.58643 -0.252497 -0.219535 0.873601 -0.683357 -0.472965 0.0347991 2.01415 -0.0642211 -0.75366 -0.0315883 -0.187739 -1.28766 1.61513 2.47742 
0.893404 1.21894 -0.715906 0.554587 -1.26663 -1.96652 1.75757 -0.839725 -1.40105 1.11834 0.31022 -0.769069 -0.418629 -0.114599 0.203304 0.241353 0.14443 -0.589825 1.06469 0.706952 -0.646371 0.242855 1.2207 -1.34724 -0.846571 1.50636 -0.150618 0.785755 -0.617711 -1.55693 0.0924109 1.16348 -0.719168 0.757176 -1.54668 -2.395 -0.674836 1.17562 1.44105 
0.880757 1.25577 -0.50134 0.0874253 -1.362 -1.41329 1.99977 -0.892025 -1.35985 1.30281 -0.475059 -0.852566 0.758867 -0.148037 0.330666 0.129621 -0.648463 -0.580261 0.922262 0.151484 -0.142684 -0.525647 -0.243995 -1.84214 -0.410814 1.18856 -0.0304655 -0.0445399 -0.0494846 -0.577719 0.309854 -0.405031 -0.449423 0.532654 -0.576968 -1.76288 0.0857427 0.109475 -0.541286 
0.745367 1.5496 -0.586285 -0.0938767 -1.84689 -1.04425 1.90906 -0.982409 -1.92669 0.874348 -1.53192 -1.17988 0.769926 -0.145065 0.158764 0.191869 -0.433289 -0.279971 0.659657 0.257529 -0.113717 -0.334113 -0.542178 -1.2615 -0.737095 0.965076 0.0594266 -0.410633 0.0994187 0.337044 0.705107 -0.590476 0.102053 0.422616 0.715793 -0.305695 1.83313 0.192933 -0.543397 
0.735692 1.41453 -0.309471 -0.345863 -1.64197 -0.753632 2.2573 -1.00574 -1.69396 0.760635 -1.73656 -1.58966 1.72394 -0.0886103 -0.0799665 0.22904 -0.31142 0.124846 0.331786 0.253537 0.279932 0.190146 -0.54969 -0.00901443 -0.217881 0.645158 -0.0378291 -0.0623971 -0.140715 0.42391 0.529616 -0.315433 -0.465112 0.579193 0.577872 1.38589 1.77102 0.115445 -2.0093 
0.656757 1.46964 -0.357245 -0.405297 -1.72205 -0.712467 2.1626 -0.702477 -1.73655 0.324658 -1.54094 -1.39776 1.41508 -0.182894 0.096367 0.0511538 -0.00937838 0.249645 0.344224 -0.207582 0.465476 0.243759 0.843708 0.509522 -0.62165 -1.04423 -0.118215 -0.0108145 0.0442301 0.667209 0.342768 -0.284473 -0.375954 -0.00180833 0.289938 1.62836 0.30859 -0.0583389 -2.5218 
0.552798 1.5109 -0.258317 -0.355242 -1.39233 -0.409407 2.04972 -0.540267 -1.4502 1.60434 -1.22703 -2.21131 0.679715 -0.206826 -0.090781 0.27327 0.35579 0.467614 0.0473124 -0.122416 0.278123 0.480084 1.07867 0.299576 -0.27622 -1.87664 -0.0324004 -0.401851 0.225791 -0.0391127 0.0685696 -0.29034 0.0250456 -0.281112 0.00964714 -2.00327 -0.259847 1.98415 1.7328 
0.449932 1.37886 -0.083975 -0.0495071 -1.25443 -0.665155 2.04018 -0.424353 -1.25646 1.40333 -1.24136 -1.67398 -0.461552 -0.215294 -0.305484 0.276945 -0.0484911 0.318215 0.0538841 -0.182537 0.184364 0.253406 -1.15956 0.249675 1.3625 0.688573 -0.0577356 0.476643 0.210122 -1.94339 0.171654 0.553702 -0.742155 0.15136 -0.487373 -2.53153 -0.618122 1.15705 2.39898 
0.337504 1.20541 0.0186276 -0.403733 -1.07411 -0.355523 1.86718 -0.355903 -1.1968 0.444783 -0.97736 -0.848813 1.36829 -0.264561 0.385862 0.483391 -1.5876 0.639268 0.601015 -0.864571 0.429483 -0.00728815 -1.45286 -0.318546 0.880826 0.52234 -0.00578173 0.959113 0.18153 -1.59393 0.287513 0.96481 -1.08958 0.741189 0.252485 -0.655469 -0.539712 -1.64911 -2.47881 
0.18537 1.76472 0.399416 -1.63711 -0.615163 -0.0641403 1.17561 0.00512946 -1.26375 -0.0495382 -1.55991 -0.793158 0.0607877 -0.221076 0.653629 0.458475 -1.64242 0.605728 1.01869 -1.27212 0.925553 0.505891 -1.81503 -0.290036 -0.286612 -1.79024 0.162426 -0.570854 -0.256721 1.21694 -0.429664 0.0183373 0.407839 -0.31918 0.693794 0.643019 0.65574 -0.770423 -1.10785 
0.116428 1.85904 0.477103 -2.04616 -0.468384 0.663171 0.595066 0.56965 -0.690905 -1.37025 -1.2674 -1.13543 -0.421951 -0.102135 -0.184992 0.22667 -0.370659 0.209604 0.619352 -0.456733 0.110303 0.686506 -0.809845 0.337194 0.110403 -0.58551 0.000353921 -1.23094 -0.23327 2.24527 -0.339997 -1.05904 1.19146 -1.6366 -0.138581 0.897854 0.00644127 2.08444 2.57374 
0.0832355 1.57973 0.626087 -2.00777 -0.405559 0.555212 0.718875 0.115433 -0.577244 -0.859384 -1.22271 -0.682755 -0.524722 -0.220722 -0.577313 0.225206 0.602849 0.265731 -0.0403481 -0.0806571 -0.711051 0.36731 -0.917176 -0.283595 1.79782 0.783497 -0.273431 -0.577551 -0.240051 0.744598 0.283108 -0.0559571 0.171947 0.068777 -0.389788 -0.562644 -0.125816 -0.244297 0.425719 
-0.104295 1.28173 0.702308 -1.44331 -0.202653 0.622823 0.514409 -0.141401 -0.323595 -2.28742 -1.55099 0.662398 0.361547 -0.375566 -0.762543 -0.0133806 0.373939 0.492712 0.563395 -0.284785 0.17908 0.296718 -1.37249 0.211378 -0.133894 -0.159791 0.0160377 -0.0630055 -0.521022 -1.10582 -0.137089 0.684617 0.242751 1.5345 0.345881 2.44913 2.50516 -1.76633 -0.150043 
-0.292331 0.817183 0.612706 -1.63383 0.0871524 1.11861 0.43409 0.294513 -0.280526 -2.23187 -1.01134 -0.816649 -0.684513 -0.204685 -0.640318 -0.295816 -0.502974 0.128642 0.644269 0.162094 0.823445 0.71319 1.53196 2.22157 0.0314932 0.633455 0.0319204 -0.0246152 0.293616 0.592331 -0.0624087 -0.889064 0.303439 0.407338 -0.0730463 1.49286 0.0633171 2.71403 2.16828 
-0.308979 0.641411 0.406492 -1.94628 -0.0740112 1.26709 0.676503 0.682044 0.389595 -0.755464 0.670578 0.693891 0.995002 -0.343646 -0.787159 0.280235 0.96627 0.430303 -0.325669 0.0186539 0.586418 0.223672 0.120373 0.274696 2.58014 2.00849 -0.348952 -0.472012 0.674047 2.19928 0.711317 -0.882485 -0.340949 -0.606141 -0.558953 -1.14551 -3.79715 -2.50454 -3.38437 
-0.635977 0.0300244 0.892941 -0.667559 0.517455 0.792938 0.452744 0.88093 -0.0568542 -2.1115 -0.736641 1.76349 1.32397 -0.553636 -1.11233 0.378231 1.6963 0.839959 -0.238216 -0.178855 0.217304 0.154237 0.386451 -1.57558 -2.47305 -2.75091 0.0583053 -0.0485005 -0.411104 -0.643402 -0.228345 0.555373 -0.12591 -0.663577 0.444073 1.05392 -0.118435 -4.95254 -4.1017 
-0.862615 -0.470919 0.784723 -0.249979 0.765948 1.02888 0.497647 0.899348 0.543832 -0.369013 -0.904999 -1.77915 -1.75591 -0.285341 -0.835659 -0.130869 0.322869 0.201958 0.229704 -0.107256 -0.0771594 0.667744 1.1743 0.15626 -2.3724 -2.09321 0.45111 0.971778 -0.278888 -1.51266 -0.671147 0.347343 -0.110769 -0.292854 -0.771301 -0.69493 2.71944 4.20225 5.11535 
-0.921317 -0.805635 0.762072 -0.34469 0.719413 1.02264 0.345487 0.803771 0.61089 -0.937203 -0.58038 -0.608915 -0.769242 -0.102526 -0.140552 0.0993427 0.183638 0.168812 0.109127 -0.289624 -0.0755501 -0.617064 -0.308479 1.14387 1.72921 2.36444 0.223767 0.98008 0.355322 0.0840304 0.225549 0.514264 0.425237 0.436729 -0.174203 -0.728329 -0.242155 2.21065 2.39465 
-0.965141 -0.611471 0.884066 -0.0663409 0.934759 1.138 0.208023 0.823798 -0.0732312 -0.677492 0.238866 -0.0499464 0.60853 -0.0615733 0.144421 0.224453 0.406899 0.427507 0.743969 0.31798 0.35957 0.493541 0.445967 -0.0858947 -0.161755 0.301437 0.0487264 0.0256266 -0.131376 -0.311852 -0.0815835 -0.608504 0.406402 -0.0103021 0.702601 1.27629 -1.66319 -1.42609 -2.66935 
-0.98289 -0.661214 0.986525 0.0622086 1.14692 1.76661 0.663467 1.16334 1.10443 -0.491237 -0.666275 -0.770669 -0.467805 -0.0537996 -0.114926 -0.0320336 -0.128213 0.0872283 -0.499377 0.116778 -0.0858523 0.0855372 0.967808 -0.519325 0.303115 -0.30491 -0.0182101 -0.289502 -0.369793 -0.7626 -0.790592 -1.86328 -0.793956 -0.197001 -1.01478 0.794338 1.46186 1.45793 0.989764 
-1.01894 -0.726397 0.852032 -0.194554 1.02199 0.638626 0.3248 0.737945 0.012306 0.290316 -0.280458 0.253169 0.303619 -0.0797834 -0.145081 -0.14534 -0.355701 -0.363085 -1.11931 -0.475976 0.162568 -0.521242 1.2403 1.37597 1.29618 1.2912 0.0328508 -0.0496888 0.07914 0.457023 -0.274473 0.463237 -0.305041 0.686352 1.6607 -0.219648 0.22998 -0.719141 0.64463 
-1.06267 -0.806295 0.841185 -0.293493 0.783835 0.647302 0.187491 1.32591 0.583189 0.749068 0.709693 0.525507 0.823395 -0.0209488 -0.164614 0.0471064 0.32881 -0.187244 -0.0361398 -0.188263 0.600499 1.74624 0.748161 -0.289344 -0.416025 0.339719 0.126954 -0.043204 0.00528019 0.295358 0.130849 0.516799 0.00754196 -0.510587 0.610902 -2.56052 -3.50127 -1.92942 -1.16382 
-1.03989 -0.891011 0.899138 0.134256 0.834744 0.602486 0.136537 1.33844 1.75855 1.03848 -0.569802 -0.162857 0.643339 0.0471703 -0.188285 -0.14006 -0.0603435 -0.232236 -0.60251 -0.468434 -0.348018 0.0896598 -1.32021 -2.12531 -0.633241 0.127376 0.0360809 -0.105681 -0.465185 -0.750197 0.152634 -0.311612 0.00628164 -0.370894 -3.11552 -3.41716 0.220187 0.337159 -0.819405 
-1.0155 -0.99458 0.701124 -0.353836 0.551599 0.0447916 -0.280943 0.977891 0.672849 -0.571145 -1.41561 -0.107734 0.950771 0.0151321 -0.270296 -0.418079 -0.421387 -0.03461 -0.347751 -0.181982 0.229605 -1.36927 -2.669 -0.0691577 -0.0788664 -0.479686 -0.0891193 -0.0765276 -0.18416 -0.293335 0.0221294 1.19176 0.402076 -0.212623 -0.574738 1.65008 3.26737 0.369168 -0.93941 
-1.02476 -1.16131 0.48106 -0.287131 0.800134 0.254735 -0.0454448 1.56805 0.389274 -1.63052 -0.63896 -0.241723 0.163652 -0.041949 -0.264813 -0.324221 -0.353678 -0.210107 0.589253 -0.0663578 -0.560641 -0.485078 0.329868 1.14206 -0.264073 -0.812034 0.0085129 0.471539 0.569567 0.231769 -0.345494 0.776591 0.280524 -0.76807 2.09615 5.10767 1.71116 2.10008 1.76652 
-1.05745 -1.25939 0.376904 -0.707514 0.341492 0.634044 -0.347301 0.41725 0.187771 -0.241277 -0.273549 -0.371807 0.138737 0.023645 0.201243 0.151488 -0.189617 -0.380104 0.428839 0.0985426 -0.538465 0.726879 2.43867 1.64201 2.02122 1.28683 0.116317 0.498259 0.427738 0.799439 0.248934 -0.656984 0.240483 1.3449 1.67931 0.107192 -0.95592 1.0653 1.91982 
-1.00111 -0.960064 0.632548 -0.476748 0.42003 0.683574 0.0530978 1.02959 1.11615 0.808145 1.00305 1.77949 1.45049 0.0743685 0.233446 0.103518 0.445761 0.0388277 -0.0677318 0.174126 0.784255 1.19423 0.43706 0.186144 0.801226 1.10778 -0.0914547 -0.546222 -0.263228 0.455544 0.630843 -0.343543 -0.125437 0.491417 -0.937762 -3.58528 -2.05786 -3.07614 -2.0185 
-0.983084 -1.02595 0.480422 -0.261754 0.38032 0.566312 -0.173175 1.2015 1.382 0.195783 -0.087405 0.42942 1.24652 -0.0678097 -0.344979 -0.11174 0.265926 0.25074 0.0852964 -0.0268942 -0.0470473 -0.210883 -1.14661 -0.415856 -1.05492 -0.731665 -0.0795845 -0.182228 0.0463792 -0.348515 0.463045 -0.0750617 -0.287938 -1.45957 -2.06092 0.195845 -0.0326681 -0.70926 -2.2755 
-1.06892 -1.30504 0.520807 -0.210822 0.670769 0.76887 0.0262037 0.982538 0.905269 -0.338464 0.58719 0.724571 0.71882 -0.00521601 0.0512182 0.149897 0.0972451 0.501873 -0.142793 -0.113812 -0.675318 -0.866691 0.632905 0.153476 0.0919663 -1.16771 0.0958457 0.527885 0.365882 -0.589606 -0.124003 -0.50381 -0.251786 -0.546502 -0.789822 -0.18654 -1.46221 0.113188 0.245993 
-0.9883 -0.974728 0.630318 -0.164509 0.882193 0.423519 -0.286987 0.526186 0.515309 0.828688 0.0660713 0.521386 0.0788073 0.028036 0.182906 0.254142 -0.32368 0.126736 -0.418513 -0.278681 -0.593549 -1.0007 -1.33315 -1.87807 -0.941734 -0.485672 -0.00805432 -0.0644976 -0.127187 -0.121798 -0.488489 0.315438 0.221807 0.887307 0.994816 -0.983727 -0.709711 -1.84356 1.0015 
-1.04089 -1.12214 0.774949 -0.534501 0.797506 0.350357 -0.252477 0.388989 -0.0954358 -1.67161 -1.29088 -0.217162 0.233149 -0.0132703 -0.0132794 0.0227101 -0.0245529 0.013384 0.172644 0.107994 0.211989 0.128125 -0.350821 -0.556235 -1.75159 -0.166216 0.0269209 -0.146748 -0.473488 0.377016 -0.289883 0.401597 0.20022 0.725231 0.60235 1.13721 1.49434 0.109036 -0.104217 
-1.00157 -0.988008 0.653029 -0.189062 0.895577 0.596163 -0.178993 0.738175 0.643434 0.477867 -0.490164 -1.23021 -0.087409 0.054957 0.0361578 -0.219347 0.0533361 -0.163147 -0.0169158 -0.0784603 0.131682 -0.398355 -0.195935 -0.383728 -0.832698 -0.589889 0.0175735 0.213027 0.206458 -0.2337 0.0167588 -0.30928 -0.143479 -0.356794 0.0267714 -0.90504 0.475131 3.62651 0.184835 