-0.996864 -1.36268 -0.392004 -0.0521384 0.548863 1.03257 -0.554582 0.289242 0.239268 -0.379198 -0.720576 0.719924 0.0414659 0.0644283 0.197664 0.330811 0.104001 -0.336368 -0.686773 0.162707 0.192207 -0.798918 -0.0136523 0.297706 0.356411 0.591006 0.134535 -0.261366 0.052289 0.0810179 -0.298772 -0.191021 1.03651 0.83388 0.788861 -0.121622 -0.178082 0.809079 0.598072 
-0.922578 -1.29847 -0.575557 -0.0611511 0.161452 0.377002 -0.729791 0.778497 0.269584 -0.752301 -0.570245 1.07796 0.933948 0.149184 -0.218341 -0.523303 -0.327573 -0.480627 -1.12311 0.418713 1.21843 0.087065 -0.0430394 1.07429 0.520152 0.594328 -0.0292848 0.0355711 -0.0851579 0.165055 -0.0857636 -0.668967 0.200308 -0.568742 -0.720185 1.17139 1.51898 1.15131 0.500313 
-0.847679 -1.58102 -0.915307 -0.379711 0.0682358 -0.0905417 -0.135869 1.50767 0.326333 -0.422237 0.353712 1.24008 0.635794 -0.0937131 -0.162093 -0.415969 0.0610539 0.250605 0.0178061 0.0376009 -0.760949 0.0787323 1.18505 1.22128 0.794894 -0.0906929 0.0178661 0.176683 -0.364046 0.0814293 -0.178691 -1.04023 -0.96787 0.170989 -0.654592 1.03866 1.1088 -0.299987 0.505323 
-1.01629 -1.46056 -0.991525 -9.71541e-005 0.412057 0.394808 -0.69219 0.0175479 0.348316 0.432745 0.651031 1.87286 0.843255 -0.131318 0.395025 0.159257 0.409002 0.301936 0.0828852 -1.38658 -1.04744 -0.741657 1.0817 0.0345157 -0.82014 -0.0890042 -0.078577 0.00408031 -0.446068 -0.564642 -0.0394595 -0.0463756 -0.38377 -0.166723 -0.727352 0.324158 0.14674 -1.07547 -0.731511 
-0.978998 -1.18599 -0.75605 0.0292909 0.370172 -0.00765654 -1.52245 0.460231 -0.415324 0.659467 0.388228 0.419937 0.546789 0.0151361 0.166173 -0.0300993 -0.625696 -0.290064 -0.0641818 -0.421371 0.594227 -0.806085 -0.860888 -1.07454 -1.87037 -0.640818 -0.251715 0.0914035 -0.0442577 0.0772963 0.232478 0.426533 -1.03086 -1.58443 -1.66734 -0.719463 -0.238189 -3.11907 -0.696085 
-1.00115 -1.29439 -1.02162 -0.625793 0.121993 0.330626 -1.11356 0.611774 -0.457768 -0.428143 -0.423505 0.00249109 0.202436 -0.120396 -0.303621 -0.203515 -0.331706 -0.069458 0.343648 0.35572 -0.536988 -0.925684 -1.80117 -0.272705 -2.29894 -0.607081 0.0266612 0.19336 0.328052 -0.219708 -0.247392 0.356997 0.127076 -0.130389 -0.794323 0.102038 -0.654845 -1.85998 -1.0594 
-1.09939 -1.48962 -0.959564 -0.302415 0.300714 0.335992 -1.16673 -0.0767575 -1.34101 -1.1417 0.115523 -1.879 -0.0602913 0.0115251 0.0271873 0.358151 0.405988 0.0426727 0.421179 0.548447 -0.724615 0.0117617 0.962926 0.419691 0.010387 -0.41858 0.311816 0.55741 1.05008 0.247254 0.226398 0.913642 0.742287 0.439579 1.31568 0.280141 -0.328066 -0.639421 -0.839257 
-0.98963 -1.2672 -0.663474 -0.219805 0.164665 0.751805 -0.565114 -0.112841 -0.446007 0.534783 -0.00381419 0.0128781 -0.216144 0.432212 0.861031 1.25359 0.57896 0.295856 0.569994 0.386566 0.976567 2.24137 2.08131 -0.0553612 1.65951 -0.232176 1.08446 1.93162 2.09666 1.25175 0.544138 -0.48957 0.168069 0.639823 1.84941 1.02202 -0.801409 -1.09939 -0.89293 
-0.667182 -0.628585 0.294029 0.276545 0.59657 0.905986 -0.780165 0.899809 0.900359 0.939608 0.060162 -0.219485 -0.292468 1.07294 1.90443 1.73851 0.845765 0.501466 -0.910749 -0.380378 1.36444 1.83765 0.0590944 -1.2211 -1.10977 -0.47435 1.29886 2.53459 2.64225 0.938839 -0.313735 -0.780229 0.57178 1.23733 2.73684 1.44699 -1.96329 -0.849324 -1.23851 
0.0833103 0.637228 1.07503 0.625959 0.666131 -0.158944 -0.945492 1.2516 1.39164 0.593878 -1.22491 -1.0969 -0.690494 0.86665 1.67356 1.38866 0.359879 -0.60959 -1.35022 0.185213 0.260759 0.49547 -0.634318 -1.90792 -2.50884 -1.00634 1.1761 2.16689 2.48507 0.90062 -0.234488 -1.57038 -0.0969781 1.01096 1.68763 0.275006 -0.902876 -1.32133 -0.316232 
0.199468 1.04498 1.68269 0.636424 -0.0130207 -0.444238 -0.594952 1.16057 1.39583 0.30529 -1.84776 -2.72832 -1.2988 0.103163 0.262457 0.746562 0.0548552 -0.735953 -0.659629 0.2834 -0.35348 -0.150021 0.215912 0.318224 -0.211557 0.158118 1.15483 1.59105 1.81364 0.342462 -0.979025 -2.27325 0.0320499 -0.399163 0.536868 -0.358502 -1.70995 -1.34534 -0.499719 
0.186473 0.899685 1.82159 0.680814 -0.0698225 -0.818572 -0.662092 0.898118 1.24162 0.809789 -0.90669 -1.30845 -0.532376 0.28818 -0.0825079 0.424976 -0.0174163 -0.369434 -0.923024 -0.153164 -0.659922 0.0413978 0.275816 0.197978 1.1635 0.506616 0.427808 0.507564 0.932698 0.00447936 -1.08572 -1.39403 0.222985 -0.878723 -0.20407 -0.638829 -0.312775 -0.95477 0.108436 
0.487648 0.962468 2.10767 0.619008 -0.382455 -1.36726 -0.748115 0.500647 1.43723 0.581106 -1.64978 -1.56482 -0.792187 0.324644 0.245107 0.186135 -0.0503758 -0.349771 -0.734404 -0.0604152 -0.525244 -0.0540488 -0.854741 -0.630999 -0.743213 -0.0496823 0.50336 0.203477 0.0996626 0.0473348 -0.762966 -1.19219 -0.0336933 -1.10807 -0.770534 -0.577901 0.345209 1.16846 0.761039 
0.511118 1.14479 2.00773 0.630439 -0.419593 -1.55298 -0.722508 0.372874 1.18757 -0.0449517 -1.53769 -2.05167 -0.582058 0.21518 0.285985 -0.325314 0.064751 -0.393532 -0.269165 0.11947 -0.448149 -0.811932 -0.853717 0.147231 0.00495804 0.254423 0.691433 0.333508 -0.248876 0.106692 -1.06543 -1.11045 0.0161064 -0.907031 -0.593039 -0.733471 -1.13377 -0.760072 1.1847 
0.702827 1.24845 1.78235 0.683759 -0.775987 -1.63643 -0.628645 0.0524978 0.625295 -0.272611 -1.50255 -1.55987 -0.537764 0.366789 0.0884009 -0.435011 0.157068 -0.715662 -0.376044 0.0765216 -0.381787 -0.538991 0.12127 -0.502773 -0.0168588 1.23438 0.499078 0.266575 -0.61376 -0.215933 -1.29368 -0.926318 1.632 -0.831787 -1.27718 -0.329895 -0.198523 -0.216132 2.19305 
0.877906 1.23319 1.57272 0.787506 -1.13526 -1.92902 -0.645986 -0.0089126 0.648583 0.0763185 -2.04046 -2.06852 0.652321 0.283899 -0.0194102 -0.288447 -0.280684 -0.900153 -0.657154 1.51252 -0.383638 -0.465252 0.523822 -0.345754 -0.22109 1.93862 0.815089 -0.0869412 -1.25861 -0.497426 -0.796594 -0.719454 1.14377 -0.567598 -1.09466 1.00142 0.0148554 0.372327 2.02117 
0.986726 1.22904 1.49391 0.403074 -1.67614 -2.29358 0.88388 -0.33114 0.160043 0.251211 -1.84831 -1.78096 1.40086 0.4483 -0.175342 -0.8236 -0.654494 -0.0809313 -0.34341 1.06725 -0.185811 -0.555665 0.880154 0.517628 0.389186 0.78679 0.634983 -0.228211 -1.23583 -0.848191 -0.577283 -0.891141 1.33434 -0.426152 0.270509 0.833611 0.0721863 0.219854 2.31121 
1.32621 1.05785 0.749118 0.133012 -1.21619 -2.27243 0.421266 -0.194723 0.0929181 0.956473 -1.52283 -1.67934 1.43911 0.351084 -0.2088 -0.947387 -0.567507 0.32287 -0.233987 -0.178182 -0.0425136 0.735761 0.309789 0.41794 0.440945 0.372586 0.303048 -0.0978509 -0.866953 -1.37346 -0.606678 -0.438512 2.52031 -1.23252 0.908288 0.0394777 0.0843924 2.31931 1.41185 
1.33781 1.02024 0.546519 -0.164432 -1.35327 -2.52757 0.705698 -0.373654 0.895804 0.561 -1.43037 -1.34001 1.77345 -0.145253 0.0774913 -0.043353 -0.718968 -0.525747 -0.0951019 1.45306 -1.04671 1.46395 -0.840677 -0.433236 1.93013 0.625063 0.332156 -0.239501 -0.774789 -1.22554 -0.0123637 0.182615 1.05185 -0.587957 1.08168 -1.17393 0.458854 2.24923 0.730704 
1.18095 1.13534 0.705765 -0.585955 -1.74193 -2.36753 1.87433 -1.24144 1.55687 0.115796 -1.95607 0.250789 2.06417 -0.0189276 -0.0307006 0.172598 -0.658034 -0.335233 0.416603 1.23003 -0.545443 0.345918 -1.48372 0.040914 1.80828 0.358119 0.0999743 -0.138242 -0.217872 -1.11001 -0.579932 0.945024 1.19384 -0.658691 0.888356 -1.20473 0.171231 2.03202 0.246712 
1.31888 0.989542 0.719117 -0.822466 -1.6885 -2.11096 1.93573 -0.919097 1.24172 -0.922721 -1.38945 0.46827 2.13156 0.245227 -0.215733 -0.174519 -0.391045 -0.0541846 1.04013 -0.259217 0.388022 -0.575596 -0.364053 0.604467 0.101892 -0.37835 0.04875 0.0271231 -0.400837 -0.927701 -0.391965 1.45081 1.22074 -0.81887 -0.377826 0.514814 -0.0729566 1.9114 -0.191617 
1.42618 0.919608 0.531246 -0.977001 -1.79612 -1.32741 1.61511 -0.853415 0.981275 -0.248257 -1.3516 0.352681 1.68582 0.0676775 0.0578236 -0.573435 -0.269667 -0.0567319 1.0342 -0.0092907 -0.273427 -0.723744 1.99853 -0.113871 0.103116 -0.549736 0.263612 -0.1273 -0.677427 -0.715694 0.0867774 1.43865 0.496849 -0.642999 -0.817414 0.972675 1.41152 0.0401057 -0.676125 
1.38656 1.04737 0.145682 -1.09213 -1.74524 -1.07676 1.92644 -1.19252 0.517978 1.07581 -1.50332 0.571386 1.58183 0.018385 0.088433 -0.502908 -0.324649 0.140962 0.398521 0.756066 -1.03102 -0.241818 1.33673 0.807057 -0.0617867 -0.297774 0.180278 -0.0530706 -0.646708 -0.752692 0.127279 1.63558 0.224424 -0.705488 -0.792606 1.34673 1.73394 -0.447604 -0.897626 
1.44457 1.00804 0.0283383 -1.30165 -1.65516 -0.928885 2.37118 -1.88444 0.739456 1.08847 -0.544546 0.290894 1.38805 0.1126 -0.110894 -0.0732724 -0.483024 0.184011 0.601373 0.233715 -0.432061 -0.0688617 -0.651808 1.84781 -0.550721 -0.34789 0.0515415 0.0262321 -0.498642 -0.759429 0.43837 1.10469 0.410832 -0.777936 -0.852825 1.13189 1.81251 -0.151192 -0.86 
1.49916 0.936471 0.0724093 -1.57516 -1.56122 -0.475387 2.16015 -1.62458 0.449116 0.424005 0.344489 0.0206655 1.23394 0.0331565 -0.062201 0.00426591 -0.43478 0.297408 0.70617 -0.345234 0.253084 -0.611006 -0.204834 1.00546 -0.0894057 -0.562225 0.0441864 -0.124047 -0.0284694 -0.700581 0.521366 1.05331 -0.0509383 -0.390143 -0.37081 -0.0459735 1.89297 -0.227773 -1.02167 
1.47772 0.945841 0.0326042 -1.73643 -1.35775 -0.222715 2.02594 -1.63135 0.12845 0.883637 0.460911 0.201489 0.825824 -0.0684139 -0.013153 0.044803 -0.217556 0.337354 0.451935 -0.284653 0.0419177 -0.301949 0.605835 0.0451525 0.322948 -0.673781 -0.0338427 -0.120004 0.0756396 -0.471744 0.536755 1.00043 -0.524979 0.279434 -1.06606 0.483473 0.713766 0.536696 -1.29979 
1.43075 0.923318 0.117212 -1.79271 -1.22387 -0.0234518 1.8755 -1.58267 0.147167 1.02984 0.389641 0.343613 0.560158 -0.0669992 -0.057803 0.0713737 -0.0369642 0.239346 0.29426 -0.179745 0.0263502 -0.455051 0.688307 -0.29169 0.626102 -0.737564 -0.190454 0.101676 -0.176797 -0.0516891 0.501183 0.838343 -0.710853 0.00386622 -0.687228 1.04749 -0.0112599 0.798575 -1.36024 
1.41072 0.888038 0.103978 -1.77339 -1.1184 0.0715445 1.8462 -1.605 -0.326601 1.57194 0.169221 0.827591 0.0882601 -0.12204 0.114829 -0.2216 0.165867 0.163829 0.386408 -0.4262 -0.0380515 -0.38528 0.44166 -0.0564124 0.475627 -0.686456 -0.258232 0.128963 0.0544277 -0.211008 0.583251 0.625459 -1.15224 0.187181 -0.289075 0.460146 0.28299 0.397572 -1.1428 
1.30871 1.03815 -0.104388 -1.62685 -1.06004 0.362956 1.4493 -1.62072 -0.238112 1.4715 0.333229 0.81924 -0.126299 -0.191233 0.186766 -0.016946 -0.174044 0.343904 0.331199 -0.972491 0.160831 0.165976 -0.228161 0.574681 -0.22853 -0.405233 -0.205882 -0.0170085 0.0374097 0.00956493 0.525238 0.529588 -1.20075 0.465798 -0.51691 0.0331993 0.660059 0.370172 -1.42564 
1.21949 1.0748 0.0870319 -1.94744 -0.774497 0.402743 0.873706 -1.44417 -0.160625 1.34378 0.743901 0.599061 -0.316973 -0.0838421 -0.131837 0.25901 -0.156302 0.361409 0.143181 -0.774547 0.50385 -0.13163 -0.408461 0.716472 -0.105455 -0.739187 -0.15708 -0.0639785 -0.147537 0.248916 0.747537 0.287545 -1.37138 0.429749 -0.15441 -0.184584 0.926626 -0.0861183 -1.75792 
1.22486 0.90631 0.154622 -1.78315 -0.698632 0.506137 0.674752 -1.11687 -0.369742 1.06304 1.0497 0.713785 -0.865485 0.0341531 -0.250744 -0.130591 0.42296 0.403632 -0.0436541 -0.398887 0.268918 -0.320386 0.0435769 0.351946 0.142412 -1.35269 -0.172542 -0.137221 0.054572 0.370177 0.739153 0.312493 -1.56362 0.907323 -0.479389 -0.980877 0.758266 0.506781 -1.3697 
1.25364 0.824059 -0.0435593 -1.52448 -0.370865 0.359089 0.474819 -1.17525 -0.481011 1.38736 1.09585 0.741472 -1.66966 -0.0886997 -0.00538351 -0.204438 0.52648 0.377744 0.169312 -0.789068 0.403473 -0.347759 -0.572416 0.041794 0.612236 -0.630511 -0.175248 -0.247547 0.0155896 0.993987 0.522123 0.493625 -1.24347 0.474457 -0.559667 -1.25511 0.674661 0.571071 -1.52882 
1.13616 0.900926 -0.0498156 -1.25667 -0.320888 0.675448 -0.114316 -0.713396 -0.717501 0.490623 1.09149 1.32602 -1.496 -0.209401 0.00319707 0.146181 0.571027 0.118491 0.537279 -0.844585 0.205539 -0.239281 -1.29868 0.322715 0.428659 -0.176133 -0.428344 -0.182499 -0.0596187 1.48074 0.790167 0.0340422 -0.665191 0.474229 -0.66441 -2.24243 0.395641 0.330723 -1.06619 
1.04424 0.827256 0.102622 -0.95345 -0.252374 0.896369 -0.369766 -0.969712 -0.720291 0.0886763 1.41856 1.17013 -1.84579 -0.339644 -0.177116 0.144819 0.954263 0.412423 -0.13527 0.123877 0.0707564 -0.316651 -1.67001 0.353847 -0.281513 -0.435676 -0.831314 -0.492109 0.151422 2.22762 1.18835 -0.407135 -0.711914 1.5728 -1.89928 -2.98753 0.088353 0.0268618 -0.0936832 
0.79652 0.723811 0.0950033 -0.302407 0.0915353 0.540179 0.0095608 -0.642639 -1.03415 -1.17939 1.44534 1.04451 -1.93167 -0.621913 -0.495306 0.00524108 1.65659 1.06986 -0.944414 0.132671 1.36726 -1.66 -1.68885 -0.234362 -0.401797 0.0824503 -0.902035 -0.561257 0.243631 1.95802 1.44722 -0.806277 0.0484264 2.32234 -0.873738 -2.22763 0.534825 -1.54781 -0.163735 
0.422329 0.331951 0.107863 0.703141 0.817489 -0.0480456 -0.237095 0.397551 -2.38029 -1.60017 1.1842 0.768334 -1.76334 -0.562391 -0.384141 0.0988116 1.00376 1.03479 -0.671008 -0.0754503 2.25158 -0.557087 -0.557614 0.180978 -1.2663 0.271941 -0.966338 -0.545865 0.180455 2.22451 1.25286 -1.00437 0.496723 2.47307 -0.654501 -1.79734 0.0781759 -1.47238 0.259207 
0.234129 0.33967 0.193815 0.701351 1.12633 -0.130829 -0.0658895 1.60894 -1.59124 -1.73701 1.62632 -0.221793 -1.65973 -0.344425 -0.0505596 0.175214 0.567914 0.182993 -0.0599567 0.364052 1.1058 1.0055 -0.10849 0.312538 -1.07058 0.176757 -0.862492 -0.536653 0.547918 1.54619 0.983193 -0.120467 -0.0483031 1.71339 -0.445209 0.457272 -0.753028 -0.843582 0.535484 
0.0779038 0.281391 0.283076 1.27106 1.00048 -0.108002 0.126957 1.50336 -1.37479 -1.70866 1.49674 -0.302244 -1.58659 -0.300102 -0.152512 0.449107 0.542436 -0.0515988 0.550541 0.0271472 -0.538189 0.111878 1.01489 -0.934006 0.422719 0.263543 -0.521436 -0.041159 0.457163 0.450621 0.231729 0.0637576 0.287747 1.28549 1.19537 0.89 -0.559401 -1.41115 0.344908 
-0.0659721 0.187157 0.642922 1.24379 1.07473 0.419712 -0.0387423 1.07075 -1.47936 -0.72212 0.692314 0.200926 -1.39619 -0.17701 0.00940054 0.281949 -0.117293 0.0487354 0.123714 -0.0763043 0.179688 0.189865 0.998491 -0.871938 -0.340577 0.168151 -0.420845 -0.144486 0.521166 0.409166 0.0778184 0.344893 0.114942 -0.556545 0.527534 1.88613 -1.2077 -1.01066 1.0083 
-0.0991065 0.290791 0.565025 1.15376 1.04922 0.015712 0.0506529 1.68304 -1.18493 -0.710169 0.624799 -0.64282 -1.41843 -0.120743 0.00802608 0.0720592 -0.13327 0.129417 -0.205647 0.0877948 -0.018356 0.415656 0.871245 -0.273698 -1.43338 0.744756 -0.288252 -0.231378 0.0839966 -0.116532 0.560578 0.744905 0.122843 -0.649112 0.295851 1.54828 -0.86929 -0.0918825 1.00863 
-0.186715 0.195184 0.714981 1.11052 1.20415 0.214064 0.0490525 1.0524 -1.06371 0.149125 0.418616 -1.23245 -0.651432 -0.111242 -0.240778 -0.197952 0.000760966 0.511843 0.621191 0.199147 -0.8288 0.105986 0.54979 0.00264834 0.248694 0.840475 -0.265399 -0.160364 -0.370051 -0.0254817 0.460333 0.350211 -0.0206288 -0.683632 0.4219 0.370398 0.128658 0.227284 1.43477 
-0.210348 0.050013 0.367073 1.15452 1.56106 0.636903 0.2498 0.854244 -1.07894 -0.160379 0.627447 -0.394126 -0.57796 -0.144656 -0.16839 -0.442111 0.107788 0.330916 0.555858 -0.108424 -0.665276 0.00624402 -0.500847 0.402356 1.66067 0.690018 -0.372674 -0.449811 -0.305016 0.100228 0.546924 0.880194 0.172915 -1.48304 0.414411 -0.0325081 -0.318283 1.03961 1.36252 
-0.331371 0.0267937 0.27287 1.21831 1.53506 0.769922 -0.0593712 0.38712 -1.05746 -0.351722 0.820972 0.428211 0.0385864 -0.261433 -0.209033 -0.107064 0.0994674 0.0350815 0.259003 -0.0262314 -0.654237 0.308425 -0.582298 -0.320932 0.790916 0.522045 -0.336724 -0.52787 -0.780832 -0.0920685 0.227186 0.44329 -0.366514 -0.987811 0.75599 0.405945 -0.135631 1.42604 1.16687 
-0.471781 -0.15902 0.260009 1.25399 1.59614 0.895906 0.223568 0.200007 -0.770517 -0.742677 0.306516 0.396789 -0.0559143 -0.192069 -0.35948 -0.338722 -0.199857 -0.10373 -0.112568 -0.25809 -0.322535 0.749746 0.906792 -0.537987 -0.234627 0.476856 -0.436275 -0.561677 -0.709587 -0.247172 -0.237362 0.191617 -0.623394 -0.714673 0.446624 0.27325 -0.346075 0.95984 1.29948 
-0.52344 -0.332687 -0.0658512 1.01845 1.43133 0.657355 -0.317462 0.0645851 -0.307715 0.55507 0.282984 0.193584 0.515443 -0.174842 -0.352644 -0.602523 -0.346639 -0.272443 -0.0673857 -0.597162 -0.0604357 0.138199 0.855549 -0.0251434 0.168924 0.777437 -0.547951 -0.824328 -0.568723 -0.573667 -0.616895 -0.445696 -0.434006 -0.410687 0.499796 -0.298728 -0.417742 -0.716138 -0.620911 
-0.646623 -0.511664 -0.342514 0.907351 1.3237 0.82852 -0.373594 0.139571 -0.632317 0.112872 0.281372 0.565713 0.721523 -0.355883 -0.464848 -0.230002 -0.37381 -0.513165 -0.333128 -0.175916 -0.0881513 -0.249951 -1.20552 0.120245 -0.481511 -1.09777 -0.346005 -0.618494 -0.756854 -0.442577 -0.645279 -0.368835 -0.368076 0.601581 0.296465 -0.329337 -0.444333 -0.955173 -0.4106 
-0.879323 -0.797534 -0.295853 0.644639 0.918167 0.324227 -0.493377 -0.0235662 -0.557666 -0.65045 0.403229 -0.287927 -0.582325 -0.171163 -0.265849 -0.154331 -0.0959376 -0.372836 -0.30145 0.229087 0.662017 0.158266 -1.18489 -0.41919 -1.1241 -1.18804 -0.477479 -0.595269 -0.562037 -0.271225 -0.451224 0.23059 -0.277205 -0.0933525 -0.811251 -2.02067 -0.62921 0.592472 -1.10604 
-0.817786 -0.777513 -0.496845 0.811413 0.950863 0.52707 -0.144507 0.801589 -0.474051 -1.07201 -0.137817 -0.558384 -0.466514 -0.121596 -0.130421 -0.332036 0.102585 0.061941 0.563719 -0.101289 -0.00520114 -0.5613 -0.815155 -0.749455 1.07398 -0.00827539 -0.306105 -0.359612 -0.474903 -0.666232 -0.644756 0.0435332 0.059305 0.743849 0.678181 0.391532 0.00489308 -0.502401 -0.692645 
-1.00092 -0.927955 -0.627889 0.747224 0.980108 0.887945 -0.594667 -0.0287674 -1.11897 -1.4656 -0.346226 0.786056 -0.5906 -0.134942 -0.093763 -0.320572 -0.570294 -0.27192 0.344983 -0.169782 0.0818318 0.519916 1.57642 0.424083 0.621696 0.495391 -0.0507677 -0.166422 -0.355605 0.036437 -0.187614 0.294834 -0.62369 0.144798 0.976759 1.78156 0.521425 1.28065 0.987562 
-0.952728 -0.871276 -0.817417 0.241119 0.678943 0.872053 -0.314289 0.88342 0.0458643 0.504404 0.286266 0.0633121 0.0288772 0.0708282 -0.036001 -0.0235693 -0.066148 -0.249555 -0.268885 -0.522401 0.149999 1.53806 2.59672 1.27088 0.206664 0.995838 -0.164654 -0.244909 0.017156 -0.481842 -0.189605 -0.0284084 -1.28564 -0.415016 0.773354 1.2348 0.647804 1.72446 1.14022 
-0.93009 -0.963956 -0.651458 0.681076 0.730552 0.619061 -1.11707 0.121232 0.419094 1.13111 0.924654 0.992721 0.405237 -0.0297124 -0.151146 0.337728 0.0884526 0.0823152 -0.373391 -1.11586 -0.496847 0.253438 -0.341621 0.223721 1.10277 0.644828 0.134535 0.029331 -0.107845 -0.594471 -0.281445 -0.0339889 -0.0566756 0.0388143 0.988586 1.90932 0.0429911 -0.237472 0.860638 
-0.98244 -1.02242 -0.479689 0.329572 0.761258 0.498662 -1.43015 0.386573 0.299303 0.162782 0.509987 1.16608 0.673706 0.0637065 0.065332 -0.0842759 -0.528323 -0.0318902 0.234896 0.465725 -0.111185 -0.549473 -0.687403 -1.22789 -0.444137 -0.1352 -0.0805805 -0.240937 0.0152694 -0.33703 -0.425546 -0.194401 -0.211176 -0.678359 -0.585074 -0.960894 -0.273187 -0.700347 -0.358191 
-0.866384 -0.898624 -0.735734 0.152753 0.698662 0.853956 -0.651342 0.0100469 -0.130379 0.443711 -0.303235 0.548584 0.270037 -0.0508681 -0.0897911 -0.322459 -0.425483 -0.507861 0.17899 0.904685 -0.181512 -0.838512 -0.619273 -0.496908 -1.80312 -1.00302 -0.10353 -0.0610723 -0.0253251 -0.650677 -0.685574 0.249304 0.0838593 -0.538303 -0.913405 -1.39265 -0.545939 -1.71834 -0.541165 
-1.03331 -1.11221 -0.802148 -0.095911 0.253397 0.677652 -0.525465 0.205061 -0.53921 -0.45649 0.013079 -0.637035 -0.329314 -0.167236 -0.126404 0.0589507 -0.122353 -0.653684 0.0144081 -0.381866 -0.427118 -0.363932 -0.705243 0.68195 -1.2742 -0.405966 0.0387098 -0.222233 -0.0749265 -0.339803 -0.332164 0.451194 0.994977 0.838132 0.223403 0.781995 0.248314 0.519149 -0.299175 
-1.03362 -1.02503 -0.676783 0.0303994 0.044978 0.868365 -1.03321 -0.417071 -0.494311 -0.261532 0.378715 -0.725617 -0.135928 0.0895779 -0.132442 0.247532 0.0856798 0.175697 0.272203 0.0902921 1.01964 1.06192 1.40127 0.745222 2.32226 0.703845 -0.169732 -0.542686 0.0178598 -0.353544 -0.128888 -0.615281 -0.64631 -0.284625 -0.546492 -0.016171 0.574857 -0.516924 -0.259986 
-0.943731 -1.24466 -0.554615 -0.0102312 0.429094 0.949855 -0.435173 1.2247 0.522706 0.944777 0.758301 1.68523 0.374531 -0.00249558 -0.416282 -0.0410909 -0.231191 0.524796 -0.629689 -0.264444 0.142493 -0.182561 0.689072 -0.107093 0.757277 0.14598 0.0597027 -0.150203 0.231452 -0.0592096 0.130626 0.125816 -0.214126 0.00443883 0.0815925 0.924068 0.611799 0.557441 1.01483 
-1.03612 -1.44131 -0.717874 -0.200792 0.569774 0.238675 -1.29765 -0.274578 -0.676872 0.42754 0.271622 0.03166 0.0100517 -0.0298752 -0.0177613 -0.0160808 -0.144889 -0.0450709 -0.146387 -0.304418 -1.0152 -0.980323 -0.477199 -0.133423 -1.76482 0.310987 -0.871256 2.42557 -4.01414 3.29159 -1.88799 1.06825 1.26977 -2.2182 4.20317 -4.19223 1.4998 0.494427 -0.00879762 
-0.973606 -1.26242 -0.570696 -0.155121 0.384023 0.803468 -0.739591 0.2095 -0.457617 0.467578 0.624878 -0.0795943 0.685518 -0.86876 2.84186 -3.97305 3.52278 -2.41279 1.69794 1.53422 -2.36069 4.38573 -4.8813 1.60689 -0.26285 -0.154778 -0.669977 0.306947 -0.00888791 -0.247198 0.334421 -0.633874 1.00087 0.604996 1.03154 -1.65638 -0.18288 -1.16218 0.105708 
