0 0 0 0 0 0 0 0 0 0 0 0 0 -2.0916 -0.341662 0.88785 -0.0683229 1.17685 0.872052 0.648678 -0.14322 -0.349402 0.0761632 1.8359 -0.488085 0.0746405 -0.8251 -0.419175 0.474875 -0.303642 0.756742 0.783535 0.661951 0.482259 0.561844 0.630513 0.087047 -0.482178 0.233944 
-2.0916 -0.341662 0.88785 -0.0683229 1.17685 0.872052 0.648678 -0.14322 -0.349402 0.0761632 1.8359 -0.488085 0.0746405 -0.8251 -0.419175 0.474875 -0.303642 0.756742 0.783535 0.661951 0.482259 0.561844 0.630513 0.087047 -0.482178 0.233944 3.31094 0.168315 -1.39767 -0.233696 -1.38024 -1.23446 -0.849069 0.786298 1.85946 0.808278 -3.56892 0.879924 0.556243 
-0.8251 -0.419175 0.474875 -0.303642 0.756742 0.783535 0.661951 0.482259 0.561844 0.630513 0.087047 -0.482178 0.233944 1.21934 -0.173346 -0.509818 -0.302019 -0.203388 -0.362413 -0.200391 0.643079 1.51006 0.884441 -1.73302 0.391839 0.630883 0.784259 0.193461 -0.637455 0.285613 -1.06696 -0.791311 -0.97938 -0.687501 -0.934961 -1.49646 0.704006 1.72704 0.792953 
-0.872255 -0.515008 0.378032 -0.370342 0.973464 0.509639 0.448287 0.499859 1.16066 0.960604 0.102881 -0.0962463 0.705524 -0.0408416 -0.225714 -0.16258 -0.0180291 -0.310214 -0.00777603 -0.317429 -0.205242 -0.373117 -0.865951 0.791053 1.24486 1.0269 -1.14205 0.0668336 0.577092 0.284867 -0.391693 0.906553 0.511437 -0.579498 -1.07571 -1.68536 3.91338 -0.508776 -0.585931 
-0.865942 -0.644889 0.312296 -0.321671 0.446528 0.775759 0.344521 0.277017 0.188727 -0.235438 0.8781 0.762683 1.26084 0.0772939 -0.106513 0.0672739 -0.0171519 -0.595081 0.54414 0.311046 0.0635809 0.43435 -0.800919 2.18036 -0.116937 0.0449524 0.165084 -0.0124972 0.286205 -0.308303 -0.898824 -0.00430279 -0.330238 0.10432 1.12178 1.42087 -0.525003 -2.34685 -3.80541 
-0.794961 -0.621521 0.445306 -0.387494 0.378383 1.05378 0.759332 0.56344 1.59501 0.159686 2.28324 -0.213183 0.750476 0.124243 -0.238211 0.123626 -0.326332 -1.20904 -0.0120788 -0.647667 -0.100922 0.748665 0.554918 0.266049 -1.10199 -2.77851 0.0866202 -0.281922 0.312132 0.14554 -0.736359 -0.690802 -0.898808 0.266791 -1.73896 1.13205 -3.30722 0.942788 0.00199204 
-0.741699 -0.8831 0.435921 -0.648003 -0.762511 0.76368 -0.303146 0.176095 0.937391 0.319481 1.14415 -0.339305 -1.51767 0.163914 -0.388434 0.379406 0.128388 -1.33144 -0.146661 -0.587762 0.330372 -1.30461 0.331132 -1.12686 0.825851 0.0469445 0.0910866 -0.0657154 0.330811 0.678761 0.788619 0.458509 1.28016 0.883446 -1.81914 -1.01168 -1.559 3.3797 4.08194 
-0.631047 -1.00996 0.824712 -0.259106 -0.953057 0.907118 0.17157 0.893813 0.290401 0.490817 1.15638 0.612669 0.797421 0.215329 -0.303927 0.454437 0.352429 -0.420419 0.44643 0.63249 0.782524 -1.07048 -0.456761 -1.29295 2.27771 1.30343 0.0203011 -0.063421 -0.48488 -0.107182 1.33318 0.41194 0.718953 -0.24696 2.25842 0.124167 -0.716291 -0.215944 -2.85309 
-0.52637 -1.18703 0.890358 -0.295575 -1.18293 1.21011 0.329344 0.958619 -0.133086 -0.13728 -0.148806 1.93841 -0.214236 0.184215 -0.451855 -0.105474 0.0212057 0.00173474 0.265278 0.131191 0.0834126 0.953815 0.455298 -1.84315 0.609907 -2.80614 -0.135996 0.0353664 -0.548569 -0.826489 -0.519926 -0.440855 -0.820455 -0.661899 1.7948 1.3741 0.301203 -4.62183 -3.14503 
-0.446832 -1.46181 0.719238 -0.2379 -0.951322 1.1724 0.302761 0.977225 1.24422 0.946115 -0.686775 1.22258 -2.00872 0.0793335 -0.26856 -0.0941318 -0.474061 -0.940346 0.00557517 -0.187965 0.120625 0.724324 0.91734 -0.991751 -2.34412 -1.8416 -0.134918 0.539572 0.696271 -0.046018 -0.434836 -0.132604 -0.06121 0.375131 -0.580139 -0.420301 1.77047 -0.503964 2.39096 
-0.447037 -1.45559 0.796226 -0.769635 -2.12328 1.21569 0.141379 1.07924 0.591238 0.78006 -1.14056 -0.405713 -2.05584 0.0492975 0.087717 0.590797 -0.0248123 -0.433101 0.132674 0.069981 0.458543 0.373676 0.0349967 -0.0726824 0.105943 -0.415177 0.0390735 0.262174 0.140077 0.878459 1.77759 -0.2589 -0.150075 -0.414281 -0.224912 -0.346003 2.13704 4.41253 2.60885 
-0.397534 -1.37409 1.31003 -0.262713 -1.38442 1.30507 0.372742 1.43577 1.61789 0.981112 -0.759457 1.32852 -2.4239 0.118407 -0.00638628 0.0459456 0.404398 0.837245 -0.253325 -0.33804 -0.293656 0.499412 0.571337 1.14528 2.06841 0.767254 -0.177468 0.0904621 -1.25909 -0.695304 0.120583 -0.713686 -0.427992 -1.26501 -1.43759 0.542114 2.07868 0.70125 2.62936 
-0.32863 -1.46197 0.842172 -0.365238 -1.28603 0.96236 -0.196661 0.785588 1.09065 1.3514 0.00472665 1.6627 -1.28858 -0.12817 0.178179 -0.668292 -0.720117 -0.312518 -0.581011 -0.358012 -0.806469 -1.06391 0.577111 2.006 0.807193 2.21418 -0.364747 0.676659 -0.278886 -0.635699 -0.284674 0.0544752 0.838798 0.122384 -1.21166 -0.0471373 -0.187102 -2.43588 -0.496419 
-0.525704 -1.19591 0.641742 -0.982829 -1.69694 0.724059 0.0147303 0.629299 0.553979 1.55822 1.24654 2.13571 -0.209713 -0.24634 0.670273 -0.232941 -0.231301 0.552571 -0.19885 0.500758 -0.171272 -0.712243 0.5242 0.958182 -0.367464 0.270834 -0.0523962 -0.0362636 0.39202 0.972378 1.42143 0.628591 1.14551 1.50816 2.00505 -1.15849 -4.8271 -2.62395 -0.877922 
-0.57497 -0.791701 0.609231 -0.596539 -0.733459 0.76351 0.304097 0.614316 0.378407 1.8756 0.962909 1.29524 -1.01775 -0.180566 0.141916 -0.276272 0.252261 1.10891 0.0475797 0.787496 0.701693 0.941137 -0.581375 -2.8211 -1.81676 1.33626 0.547225 -1.31892 0.578038 0.464325 -0.690577 0.389544 -0.140797 0.318013 1.45959 -1.43145 -1.4985 -1.77611 1.12133 
-0.706271 -1.054 0.36547 -0.730568 -0.588032 0.771638 0.802226 1.33099 1.49512 0.976848 -1.57455 0.318951 1.12655 0.300885 -0.648652 0.345097 0.233024 -0.138006 0.190694 0.359961 0.14674 0.747344 -0.907248 -0.540317 -2.14358 1.39217 0.698769 -0.789921 0.633989 0.72243 -1.06082 -0.0882693 -0.612175 -2.01959 -3.11959 -0.783151 3.88487 0.465659 -1.57663 
-0.274085 -1.44035 0.954328 -0.363515 -0.871465 0.954204 0.664058 0.761057 1.12575 0.968349 0.422591 -0.84834 0.374419 0.518203 -0.648006 0.357716 0.974691 0.0480932 -0.0406896 0.17532 -1.3179 -2.17845 -1.36453 1.06377 -1.3511 -0.240366 -0.308753 0.42155 -0.923738 -0.184632 0.350542 -1.22876 0.757607 -0.26731 -2.77444 0.458672 0.905093 1.71227 -1.66449 
-0.188068 -1.702 0.723186 0.244124 -0.539938 0.730949 0.977546 0.0130892 -0.683333 -0.387679 -0.51078 -1.03215 0.886183 -0.0078678 -0.227102 -0.578641 0.0483918 0.212536 -1.03807 1.11757 -0.120569 -2.0271 -0.448576 0.364775 -0.431311 -0.272328 -0.583868 0.757176 -1.06575 -1.6315 -0.156844 -0.470995 0.142478 2.24592 3.30179 3.22948 1.67648 1.06679 -0.444688 
-0.281952 -1.66745 0.375688 -0.315123 -0.658929 -0.0838643 1.78163 0.640487 -0.901348 0.519773 0.787367 -1.27965 0.102091 -0.0656652 0.10917 -0.70803 -0.65681 -0.108751 -0.511685 0.317799 0.928013 1.12334 1.86496 2.74025 -0.28431 -0.685055 0.0810539 0.62849 0.126493 -0.0896127 1.33883 1.45062 -2.18756 0.100433 4.61506 0.481854 -0.614886 2.01706 0.974183 
-0.253733 -1.59283 0.0151558 -0.412686 -0.648689 0.219264 1.29534 0.941102 0.440006 1.47728 2.22947 -1.31646 0.201129 0.0731861 0.401388 -0.452147 -0.0412209 1.55137 0.412554 -1.06999 -0.020136 2.58796 0.0332774 -0.250111 1.58575 0.701855 0.513098 1.56752 1.49573 1.0454 1.95248 0.396779 -2.36527 -2.12142 -1.40394 -3.73457 -5.10604 1.16576 0.645692 
-0.208766 -1.26607 -0.0764596 -0.356344 0.892441 0.328689 0.711636 0.620351 1.68661 0.55305 0.537256 0.306095 0.803947 0.447432 1.67669 0.787696 0.388588 1.84373 -0.114906 -2.04747 -1.19341 -0.280602 -1.86961 -2.36579 0.881451 -0.0393632 0.985722 1.92251 0.426714 -0.430016 -1.20611 -0.39162 -1.33905 -1.88912 -5.17169 0.0203306 1.13405 -2.99831 -1.87672 
0.1937 0.0838528 0.802852 -0.0240975 1.19504 0.104357 -0.752124 -0.252306 0.159404 -0.392332 -0.136313 -0.43501 0.161766 1.05891 2.3239 -0.0254331 -0.471237 0.345261 0.0209339 -2.40904 -1.90926 -2.58373 0.0536081 0.883943 -1.41256 -1.17486 0.499365 -0.276021 -2.76839 -1.28209 -2.06921 -0.20077 0.978166 -0.517522 -1.66344 2.92033 3.23254 -2.21012 0.368778 
0.850141 1.05784 -0.101893 -0.827581 1.2377 0.349623 -1.6974 -1.2889 -0.897118 0.606658 1.4212 -1.10647 -0.370914 0.946797 1.40067 -1.9807 -0.893502 -0.225486 -0.315676 -1.0693 -1.71093 -1.94404 1.05072 0.866757 -1.32867 0.329415 -0.682258 -1.73658 -1.4015 0.181765 -0.214672 -0.645877 2.63236 1.72125 1.88087 0.391418 -1.38159 0.661158 2.35608 
1.1405 1.48452 -1.17784 -0.917599 0.969551 -0.211319 -1.82143 -1.96324 -1.78464 0.65839 0.730444 -1.76368 0.491181 0.37665 0.587324 -1.42693 -0.289473 0.130589 -0.624943 0.223324 -0.188007 -0.702857 0.445027 -0.497643 -0.751404 1.18122 -0.711779 -1.40068 1.9784 0.750845 0.874307 0.29609 1.51777 2.01581 2.70288 -0.517769 -0.946841 1.70456 0.175066 
1.22679 1.64516 -1.52883 -1.11705 1.36829 -0.27532 -1.47408 -1.47691 -1.59998 1.05168 0.923556 -1.85787 0.810304 0.235019 -1.40437e-005 -0.00229254 -0.142656 0.648821 -0.019586 0.448471 0.304882 0.758841 0.532953 -0.080084 0.375888 0.504481 -0.334425 -0.60622 1.61219 0.0338271 -0.0191184 0.602468 -0.608452 -0.178182 1.1398 -0.455477 -0.667306 1.42305 -0.659889 
1.37552 1.48451 -1.18014 -1.06026 1.61837 -0.230905 -1.37296 -1.65835 -1.0258 1.19134 0.65036 -1.38779 0.995662 0.042225 -0.0188958 0.18526 -0.255646 0.111471 -0.0224754 -0.385127 -0.366189 0.436938 -0.0104504 -1.16495 0.671649 0.521329 -0.357077 0.256846 -0.335002 -0.14287 -0.929106 0.148475 -1.10382 -0.221236 -1.21112 -0.634569 -0.730611 0.413703 0.109903 
1.26902 1.62626 -1.34357 -1.3727 1.47976 -0.297796 -1.85921 -1.8431 -1.16304 1.04123 -0.241392 -1.18622 1.33163 -0.122059 0.256832 -0.337294 -0.285527 -0.280285 0.128889 -0.655346 0.0836458 -0.452284 -0.101615 -0.810695 0.789591 0.614384 -0.0373698 0.165812 -0.322798 0.264152 0.102907 0.140716 0.228413 0.592124 -0.56794 -0.522741 1.2197 -0.225451 -0.722012 
1.25346 1.74134 -1.51743 -1.34578 1.33809 -0.102016 -2.0283 -1.57471 -1.47808 1.08973 -0.160335 -0.598203 1.61005 0.00485514 0.146916 -0.137538 0.008506 0.214378 0.11824 -0.156714 0.225934 -0.131002 -0.533192 0.0547552 0.446198 -0.200683 0.276972 -0.52018 0.608692 0.298045 0.620171 -0.401035 0.730724 -0.292149 1.00833 -0.483409 0.760364 -1.11574 -1.22526 
1.27387 1.77318 -1.4811 -1.36419 1.69414 -0.179556 -2.01592 -1.61717 -1.29404 0.508043 -0.186637 -0.740023 1.13095 0.154913 -0.263348 0.271398 0.0125189 0.339886 -0.272146 0.0753785 -0.208503 0.556045 -0.585024 -0.0503314 -0.326146 -0.61088 0.194035 -0.421654 0.304208 0.0912441 -0.302466 -0.361109 0.281082 -0.0864982 0.639069 -0.00175012 0.0814155 -0.475816 -0.156719 
1.40837 1.47799 -1.24603 -1.33326 1.67797 -0.374162 -1.95292 -1.78321 -0.922038 0.504703 -0.210666 -0.924349 0.999167 0.198891 -0.274739 0.16667 0.0997501 -0.088088 -0.242869 0.124368 0.139436 0.508066 -0.534942 0.136171 -0.0296176 -0.357402 -0.125177 0.285713 -0.534302 0.269996 -0.213776 0.0949888 -0.13739 0.581236 -0.795266 0.375986 0.68077 0.910041 0.892993 
1.47276 1.49844 -1.31444 -1.26444 1.60605 -0.422425 -1.89155 -1.47773 -0.785974 -0.0268994 -0.0504666 -0.76964 0.773548 0.0297353 0.0223649 -0.262904 0.282515 0.12611 -0.177157 -0.0620112 0.372733 -0.239221 -0.209039 0.630439 0.583895 0.282113 -0.242809 0.358641 -0.620068 0.583915 0.0615669 -0.0438628 -0.115952 0.0692391 -0.764425 0.494515 -0.0834834 0.939693 0.0625266 
1.43811 1.50035 -1.50894 -1.05075 1.80408 -0.551319 -2.01493 -1.41048 -1.16126 0.295665 0.419772 -0.340453 1.28128 -0.0439188 0.0839029 -0.453398 0.683665 -0.0265211 -0.286732 0.00841582 0.208675 -0.256359 -0.0404269 0.0526872 0.910076 -0.294875 0.0646895 -0.159031 -0.0757176 0.701625 -0.527958 -0.585012 0.271886 -0.0550119 0.92404 0.354096 -2.05841 -0.620439 -1.16492 
1.42884 1.58234 -1.76783 -0.580778 1.57953 -0.709157 -1.88314 -1.26905 -1.04233 -0.0673263 0.00222058 0.140435 0.478672 0.0944248 -0.136666 -0.338621 0.98414 -0.401847 -0.762169 0.209875 0.317722 0.684819 0.145057 -1.42797 -0.0365438 -0.882809 0.269472 -0.501138 -0.0152473 0.354658 -0.985395 -0.31349 0.685836 -0.0794181 0.26417 1.07269 -1.54029 -1.11807 0.679748 
1.53253 1.36369 -1.84756 -0.0666081 1.40224 -1.31349 -1.80506 -1.09276 -0.476441 0.440722 -1.0082 -0.376997 0.39847 0.225553 -0.417235 -0.468645 1.03832 -1.01192 -0.600222 0.694252 0.129257 0.00781103 1.03226 -1.48761 -0.207999 0.384873 0.031488 -0.174057 -0.128543 0.00444756 -0.75325 0.546557 0.422369 -0.995557 -1.20664 0.720463 0.957829 0.551769 0.872012 
1.6544 1.16511 -2.23648 0.457544 0.567616 -1.30938 -1.18888 -1.1398 -1.03452 0.964935 -1.48539 -0.0675641 0.863545 0.125913 -0.310723 -0.467164 0.988588 -1.1551 -0.215612 0.632244 -0.677835 -0.521817 0.86552 -0.470141 0.515225 -0.0107977 -0.10366 -0.00954066 1.01053 -0.303663 0.452274 0.464126 -0.240582 -0.74652 1.30757 -1.50817 2.54317 1.48429 -0.261142 
1.65844 1.05297 -2.31472 0.92198 0.247138 -1.5291 -1.17282 -1.77059 -0.998257 1.30624 -1.47834 0.138228 0.387672 0.121893 -0.426776 0.541881 0.73466 -0.559643 -0.136097 0.45367 -0.617263 1.31539 -0.475906 1.05557 1.27629 0.123731 -0.046743 0.0495714 0.985813 -0.130542 -0.408739 0.27859 -0.453908 0.895386 3.149 -2.21902 0.776361 0.541393 0.286992 
1.77629 0.738332 -1.6946 1.1922 0.00797298 -1.44548 -0.735214 -1.75706 0.280865 0.489029 -0.429819 1.20872 0.987277 0.0791698 -0.261152 0.518649 0.858045 -1.56384 0.0629781 0.178336 0.217551 2.62718 -1.3535 0.30622 1.05662 0.276194 -0.0396714 -0.0150656 0.305993 -0.286867 -0.0267529 -0.289863 -0.749688 1.16362 -0.150517 -0.719429 -2.56149 -0.856142 -0.0882711 
1.73761 0.791813 -1.79607 1.78002 -1.3167 -1.46612 -0.994479 -1.55304 1.62892 -0.0472554 -1.17212 1.19485 0.663867 0.0822213 -0.441842 0.847874 0.447793 -0.586396 -0.42596 -0.296018 0.54636 1.16487 -1.19534 -1.50592 0.420143 0.0354604 -0.0831077 0.00937556 0.0165504 -0.370601 1.5332 -0.533718 0.0274028 0.256171 -2.58314 0.329019 -0.527871 -0.734416 -0.469171 
1.85851 0.29649 -0.846723 1.64 -0.578423 -1.87144 -1.03123 -1.2107 1.44573 -0.706306 -1.93574 1.62886 1.02274 -0.00393787 -0.251776 0.5352 0.487444 -0.0306349 -0.470739 0.205739 0.473723 0.0440393 -1.02448 -0.221651 0.322202 -0.192977 -0.26404 0.811384 -1.50348 0.163326 -0.453847 0.301608 0.60298 -0.00100805 -2.36115 0.516532 1.66465 -0.383847 -1.32858 
1.73367 0.540037 -1.26088 2.26747 -1.34733 -1.93686 -0.78874 -1.07932 1.67296 -1.07173 -1.39377 1.51705 0.47089 -0.181818 0.369542 -0.655602 0.611119 -1.04024 -0.124352 0.306961 0.545352 -1.19628 -0.678804 0.158735 0.0362963 -1.29312 -0.0206487 0.153417 -0.38148 -0.709749 0.355708 0.170236 -0.199164 -0.418405 -1.50494 0.57363 -0.0281174 -0.519994 -0.942682 
1.67669 0.666032 -1.50233 2.25112 -1.61867 -1.99579 -0.724271 -0.665349 0.24945 -1.38511 -1.777 1.66516 -0.270379 -0.0245866 -0.0983597 0.153719 -0.222305 0.325073 -0.300503 0.00657478 0.055318 -1.4609 -0.450848 -0.249769 -0.197792 -1.13566 0.109315 -0.333019 1.1534 -0.444758 1.39158 0.0811772 0.2041 -0.661565 1.15898 0.916216 0.837408 -0.129436 2.14786 
1.70909 0.441677 -1.10716 2.04516 -1.02226 -2.23736 -0.782166 -1.024 0.21206 -1.52258 -1.64354 1.31926 -0.664769 -0.0725031 0.0365225 0.497799 0.166361 0.351337 -0.0431745 0.511062 -0.116213 -0.0373081 0.237412 0.996143 -0.09314 0.85474 -0.183887 0.359429 -0.186723 0.604762 -1.05211 0.344272 0.507222 0.393091 0.962531 -0.027158 0.102551 0.265052 1.61382 
1.60419 0.702554 -1.00453 2.41748 -1.26733 -2.03896 -0.213209 -0.781562 0.212142 -1.1477 -0.780861 1.57202 0.584361 -0.208473 0.26107 -0.0330036 0.382457 -0.727033 0.0437684 0.513796 0.44841 -0.498372 -0.478006 -0.147218 0.0672601 0.478163 -0.15344 0.0654023 -0.231007 -0.0125388 -0.821741 0.185925 -0.326213 0.881242 0.0410294 -0.951903 -1.48478 -0.175865 -0.729424 
1.50061 0.702747 -1.14016 2.42762 -1.74929 -2.1936 -0.268369 -0.575589 -0.286311 -2.00059 -1.79076 1.38652 -0.186606 -0.225943 0.101925 0.266792 0.153822 -0.470404 0.142751 0.184849 0.765029 0.00372131 -0.714491 -0.488636 -0.269005 0.125316 0.0141535 -0.282867 0.381679 -0.73693 0.551942 0.188377 -0.222817 -0.576497 -0.532195 0.304032 0.164053 -0.398282 -1.01329 
1.37825 0.804479 -0.737734 2.5713 -1.73773 -1.89621 -0.0283603 -0.0165333 0.215863 -1.86219 -1.2695 1.30302 0.709676 -0.19432 -0.0217972 0.348676 -0.354473 -0.17509 0.232146 0.290979 -0.128087 -1.03057 -0.173974 0.0168354 -0.331022 -0.535129 -0.0319051 -0.0918087 -0.302401 -0.859203 1.12429 -0.106963 -0.27935 -1.28497 -2.71908 1.03415 1.35902 -1.04127 -3.0044 
1.3063 0.680949 -0.791484 2.07315 -1.92438 -1.96145 0.0226099 -0.703676 -1.31688 -2.17456 -1.77392 1.05549 -0.721735 -0.257848 0.0101161 -0.0356086 -0.705381 0.653886 0.0357879 -0.0945009 -0.519936 -2.71536 0.319655 0.870381 -1.31027 -2.87908 -0.207245 0.259761 0.19748 -0.0848243 1.95714 -0.140593 -0.719229 0.895773 0.323345 0.499223 0.807148 -1.07394 0.40441 
1.1204 0.814595 -0.773343 1.86592 -1.08385 -1.86042 -0.122861 -0.53647 -2.4995 -1.54253 -0.399115 -0.0072576 -2.16941 -0.401564 0.237964 0.546156 -0.439297 1.78205 0.0915524 -0.42825 0.767685 -0.707222 0.32525 0.823983 -1.40496 -0.130719 -0.0349336 0.20184 0.909778 -0.0401682 0.636857 0.840895 0.185347 1.72929 4.55982 -0.955847 -1.18944 1.1348 4.91175 
0.904731 0.918913 -0.245328 1.63385 -0.142333 -1.8699 -0.40564 0.0640091 -2.0241 -1.84931 -0.949939 -0.349467 -0.852454 -0.292781 0.211956 0.874169 -0.745549 1.29074 0.876683 0.0908462 1.20935 1.84446 -0.636192 -0.319063 -0.175473 2.03267 -0.147475 -0.323779 0.561177 -0.573274 -1.88387 1.60163 0.552977 -0.760824 2.48402 -1.15807 -0.240963 1.90064 0.0366219 
0.827617 1.02655 0.100826 1.12037 0.206897 -0.98374 -0.032015 0.672879 -0.655035 -2.17873 -0.718178 -0.182731 -0.136739 -0.549039 -0.0858148 1.10733 -1.01257 -0.101819 1.69318 0.124727 0.00686102 1.77679 -0.832824 0.58302 0.495684 -0.0940968 -0.148407 -0.429959 0.862406 0.241743 -2.23453 0.378954 -0.102054 -2.46583 -2.15028 1.14488 2.65247 -0.654438 -3.94402 
0.355692 0.833098 0.862005 0.621279 -0.244152 -0.176715 -0.280912 0.0708701 -0.247304 -2.68214 -0.366919 0.146217 -0.946551 -0.441188 -0.218003 1.73657 -0.503806 -0.943791 1.25564 -0.0112077 -1.25648 -0.30582 0.508692 2.3334 -0.829911 -1.91135 0.335486 0.101668 -0.47022 0.778181 -0.378967 -1.27535 0.293314 -0.520059 -2.31829 3.20271 -1.39809 -2.19427 0.140055 
0.386428 0.808548 1.8374 0.616563 -0.736894 0.271898 -0.0432227 -0.5836 -0.960855 -1.67003 1.61522 -1.01264 -2.04809 -0.213553 0.015853 0.637113 -0.23439 -0.480786 0.417834 0.418041 -0.513198 -0.541496 2.36989 -0.815075 -1.69859 0.0459577 -0.0315783 0.0511592 -2.34784 0.288565 1.45756 -0.998013 0.618389 1.7541 -0.0305943 0.372176 -4.87287 0.314421 2.75821 
0.142139 0.848951 1.49912 0.386889 -0.724938 0.241119 0.137128 -0.442327 -0.7888 -0.312247 -1.18199 -1.55237 -0.900593 -0.472767 -0.166844 -0.611264 -0.215241 0.513766 0.257624 0.607181 0.497625 -0.336414 0.880868 -2.53947 -0.51549 0.846863 -0.0944543 -0.31873 -0.968914 -0.0738565 0.643804 -0.293617 -0.239276 0.992297 0.0489365 -3.55079 1.12973 1.33181 -0.996186 
-0.0863383 0.641705 1.22614 0.401322 -0.223128 0.529522 0.563958 -0.0859744 -1.29727 -0.789165 -0.924247 -1.52813 -1.20123 -0.308007 -0.302877 -0.331802 -0.308246 0.163018 0.124217 0.178765 0.4791 -0.492559 -1.1809 0.314654 -0.36678 -0.950228 0.2503 -0.0311351 0.69492 -0.076397 -0.349232 -0.529703 -0.970762 -0.243597 1.18919 -1.0491 2.46677 1.04052 -0.342029 
-0.165869 0.546075 1.16732 0.078643 -0.56192 0.365336 0.315893 0.0367724 -1.28136 -1.49315 -0.86734 -1.91915 -1.85082 -0.222467 -0.197979 0.0836552 -0.291638 0.164534 -0.272078 -0.363581 0.254029 0.852781 -0.168233 -0.0727022 0.525032 0.504834 -0.0747621 -0.22046 0.0872456 0.191842 0.406126 -0.0108541 0.298906 -0.28009 0.317595 1.76968 0.220597 0.982276 -0.101791 
-0.308805 0.443726 1.30979 0.109684 -0.0585931 0.257444 0.200377 0.168054 -0.444488 -0.957398 -0.99695 -1.0031 -0.696393 -0.38277 -0.523336 -0.244556 -0.116404 0.569144 0.113363 0.47767 0.19901 -0.174964 0.588779 0.53525 0.615496 -1.05202 -0.126089 -0.486199 -0.604899 0.00972808 0.131935 0.527358 1.0777 0.233781 -0.935384 0.766113 0.752492 -0.63068 -1.42974 
-0.548638 0.0227384 0.92276 -0.037761 0.00722417 0.478698 0.793564 0.235782 -1.45632 -0.904372 -0.332089 -1.30365 -2.90284 -0.348555 -0.684178 -0.521244 -0.28191 0.296469 0.255279 0.714118 0.48781 -0.0826034 0.59788 0.67979 -0.105648 -0.924909 0.170375 0.167664 -0.00145663 0.0315913 -0.244446 -0.0910921 0.0486937 0.363815 1.61698 0.0846781 0.537706 1.04734 3.35817 
-0.657361 -0.240452 0.788548 -0.172226 0.237876 0.512723 0.914496 0.655864 -0.527091 -0.359518 -0.31716 -1.10875 -1.6213 -0.212395 -0.355672 -0.246013 -0.0848127 0.324698 0.0222705 0.526364 0.562825 1.44201 0.673457 1.07296 1.66283 2.30616 0.255298 0.59243 0.387649 0.348828 0.466086 -0.0688252 -0.728768 -0.372232 1.33394 -0.352874 0.0912556 1.03581 2.77486 
-0.761033 -0.332934 0.676747 -0.122574 0.331922 0.500969 1.31993 0.798607 -0.0143111 -0.230914 0.740867 0.359181 -0.596684 -0.093257 -0.091748 -0.133595 0.0669185 0.762555 0.186454 -0.0146497 0.115577 1.25134 0.245005 0.771045 0.930163 1.84995 0.261434 0.295097 0.149301 -0.0611443 -0.214947 -0.152202 -0.616963 0.261067 -1.18947 -0.941934 -1.34624 -2.20882 -2.0171 
-0.750618 -0.3322 0.654953 -0.105307 1.00043 0.699177 0.899846 0.771442 0.724244 -0.114513 0.453885 -0.178585 0.22865 0.0490392 -0.0605749 -0.0967111 -0.145957 0.109751 -0.129932 -0.0905993 0.823891 0.252541 -0.268476 -0.273287 -0.545982 0.289058 0.0476802 0.0625533 0.17644 0.0586206 -1.07876 -0.146637 0.00910049 0.213389 -0.902825 -0.0117065 -0.384042 -1.19953 -0.952857 
-0.711994 -0.393509 0.580036 -0.268531 0.441674 0.371037 1.22933 1.6225 0.238229 -0.499391 0.467579 -0.186801 -0.307626 -0.0455768 -0.0291946 0.0428452 0.125539 -0.3162 0.0398168 -0.00554923 0.328967 0.348511 0.233299 0.387003 -0.269364 0.897095 -0.162717 -0.163958 -0.0435246 -0.205174 0.385271 0.788225 0.257625 -1.52105 0.199681 1.37675 0.809972 0.506773 0.69061 
-0.796194 -0.361395 0.697798 0.0202321 0.684232 0.738994 0.894297 1.10041 1.07276 0.118786 0.840888 -0.447948 1.12575 -0.113678 -0.224533 -0.140236 -0.351131 0.495022 0.658293 0.167025 -0.697156 0.452221 1.10828 0.536685 -0.0392092 0.979668 0.127493 -0.0617361 -0.0453836 -0.427622 0.0695436 0.162094 0.0743998 -0.542452 -0.959939 0.0368278 -0.37362 0.783102 -1.77094 
-0.825672 -0.618041 0.439801 -0.619662 0.936696 1.02933 1.39635 0.925342 0.690451 0.608885 1.00426 -0.22601 0.672041 0.081916 -0.0909308 -0.00253839 -0.302083 -0.246656 0.201911 0.0688506 -0.213485 -0.611427 0.270127 0.0133828 0.513738 -0.873843 0.230476 0.234327 0.255747 0.322406 -1.27758 -1.04693 -0.748577 0.699437 -0.989246 -0.27289 -0.870868 0.294053 -2.29891 
-0.714278 -0.452326 0.695259 -0.281851 0.437575 0.940905 0.963147 0.886923 0.461328 0.388912 0.854271 0.06579 0.251903 0.116798 0.00979421 0.115511 -0.0287247 -0.782555 -0.388641 -0.581552 0.00228098 -0.537025 0.835386 -0.334184 0.254844 -1.31924 -0.124979 -0.127253 -0.208107 0.114838 0.415317 -0.419748 -0.258494 -0.0311871 0.0043619 -0.290284 -0.648314 -1.02224 0.345958 
-0.708874 -0.608247 0.555312 -0.648387 0.154141 0.64069 0.814801 0.927623 0.153426 1.44427 0.67008 0.0288337 -0.647197 -0.043063 -0.218184 -0.210646 -0.187244 0.16866 -0.217837 -0.189644 -0.244672 -0.607066 -0.0201573 -0.634931 -0.508498 -0.527885 -0.128436 -0.118674 -0.379735 0.0985045 1.03933 0.420675 -0.0124812 -0.207594 0.566358 -2.10371 1.10924 -0.230624 2.40587 
-0.757341 -0.67051 0.484614 -0.469095 0.606235 0.723067 0.773504 0.642251 -0.145738 0.368755 0.21934 -0.442708 -0.275983 -0.0116385 -0.10888 -0.264224 0.0697797 0.256779 0.0320341 -0.594033 -0.205313 0.0293332 -1.26832 0.775057 0.02422 1.08664 0.118127 -0.0467117 -0.0211224 0.200392 -0.423597 0.36439 0.439372 0.823448 1.76659 -0.248714 0.672939 0.680874 0.822868 
-0.720513 -0.717127 0.291088 -0.578607 0.41092 0.672724 0.220768 0.72231 0.182759 0.17595 1.44514 0.0530538 0.439438 0.0750644 -0.264896 -0.231768 0.0131476 -0.254937 0.146553 0.249728 0.578776 1.15953 -0.268872 0.038008 0.172376 0.294983 0.160721 -0.0995373 0.333124 0.00747277 -0.865754 0.0388396 1.12036 0.56662 1.41831 1.68518 -1.37342 1.26642 -0.927578 
-0.682277 -0.935405 0.252846 -0.455947 0.351299 0.86962 1.02323 1.22103 1.01379 0.0998833 0.257348 -0.270332 0.0190004 0.149082 -0.208417 0.0689006 0.0772525 -0.608975 0.0708737 0.526322 0.361307 1.44765 0.416857 -0.598367 1.29064 0.159058 0.0622814 0.424084 0.505535 0.126138 -0.56955 -0.450067 -0.746843 -0.952549 -1.23296 0.664854 -0.204285 -0.0112948 0.481558 
-0.57143 -0.925544 0.359989 -0.501354 -0.198055 0.743598 0.74709 1.08362 1.63041 0.592806 0.84677 1.3437 0.598496 0.137346 0.159189 0.273767 0.139286 -0.824486 -0.303514 -0.497115 -0.373773 -0.0734319 0.395982 -0.166277 0.161081 0.776541 -0.215124 0.075956 -0.129565 0.139648 0.455173 -0.452483 -0.385836 -0.536903 -3.15426 -1.22611 -0.993158 -2.70685 -0.850075 
-0.544931 -0.776217 0.526612 -0.316662 -0.473188 0.566106 0.526118 0.847254 0.940357 0.495865 0.0910709 -0.109251 0.795542 -0.0660418 -0.132461 -0.0606644 0.216901 -0.153802 -0.381609 0.140486 -0.175596 -1.70661 -0.809258 -1.59152 -1.4162 -0.691017 -0.269544 -0.156281 -0.576557 -0.18885 1.15431 0.435593 1.0371 0.411841 -0.784128 -0.795562 0.484769 1.16751 -0.441284 
-0.637472 -1.058 0.299324 -0.284454 -0.351857 0.361989 0.887576 0.908021 -0.076202 -0.216451 -0.744754 -0.0725041 -0.0925214 -0.132198 0.00290818 -0.30279 -0.0495638 0.329821 0.132079 0.539983 0.0380681 -0.85756 -0.39958 0.318492 1.32859 0.335257 0.0484422 0.504653 0.0541404 -0.352354 0.55953 0.573362 0.276816 0.402514 2.60743 1.65668 3.00956 1.91719 0.945026 
-0.677129 -0.773308 0.223822 -0.366225 -0.143367 0.698185 1.0661 0.885322 0.0827976 0.096285 0.409563 1.21934 1.1308 -0.0175996 0.372192 -0.00652397 -0.135453 0.405729 0.191753 0.417302 0.226917 0.900818 0.847422 1.41804 0.500993 0.254009 0.198641 0.211086 0.40942 -0.0223226 -0.270618 -0.325591 -0.41126 0.591559 1.95579 1.06074 -0.183112 -1.8397 -1.87281 
-0.655072 -0.685813 0.2928 -0.419907 0.0538721 0.553742 1.30488 1.13494 0.824616 0.63097 0.673286 0.428489 0.161487 0.0664432 0.213994 0.106629 -0.0718863 0.059203 -0.193512 0.128723 0.629627 1.09823 0.661159 0.13538 -0.511109 -1.53756 -0.104436 -0.296818 -0.3475 -0.324687 -0.395706 -0.383419 -1.45817 -0.913986 -0.984802 -0.950878 -0.590688 0.0984955 0.299124 