-0.816041 -0.849455 0.546177 0.270837 0.85971 0.575944 -0.363052 0.615142 0.350459 -1.97123 0.300692 0.839175 0.624217 0.0329039 -0.0743392 -0.149802 0.111553 -0.30618 -0.837504 -0.945463 0.320801 0.305186 0.19129 -0.242586 -0.941094 -0.464783 0.116666 0.139582 -0.274458 -0.0784775 -0.198423 0.329382 1.10173 0.85402 0.552431 4.76396 1.06256 -0.769686 -0.27099 
-0.751659 -0.86813 0.409193 0.375174 0.496894 0.182836 -0.711449 1.05162 0.757426 -0.267877 0.585841 -0.159382 0.216641 0.048133 0.0121729 -0.235807 0.0937398 0.0613894 0.477977 0.251769 0.129372 -0.0363373 1.94434 0.521769 -0.125859 0.42474 -0.109145 0.0259772 0.0269553 -0.392809 0.521205 1.26292 2.26805 -0.080672 -0.291626 0.644304 0.326134 0.871718 1.57326 
-0.767908 -0.837282 0.31037 0.364577 0.921099 1.05392 -0.111283 0.744514 0.314122 -0.0268839 0.822461 0.713316 1.04896 -0.0762406 -0.048362 -0.122847 -0.281256 0.215025 0.425414 1.32258 0.240129 0.0135596 0.835594 0.0835481 -0.0693758 1.10847 -0.0361822 0.0756979 0.323523 -0.384561 -0.0956212 -0.599149 0.570413 0.0125429 0.483923 -1.92534 -0.931191 -0.0498772 -0.496241 
-0.8279 -0.916492 0.286346 0.0939177 0.711919 0.60825 0.611133 1.29175 0.770986 0.567717 0.669389 -0.228758 1.32511 0.0119508 0.0878709 0.0877167 -0.290821 -0.0342318 -0.121172 0.822182 0.141915 0.447585 0.0189971 -0.409421 -0.175736 -0.071501 0.135258 0.202425 0.290949 -0.284499 -0.718023 -0.337232 -2.11206 -1.14383 -0.223207 -2.10844 -0.478274 1.32322 -2.16404 
-0.755957 -0.749412 0.398087 0.0737559 0.886867 0.93275 0.710899 0.886429 0.761707 -0.00788678 0.41304 0.53758 0.977456 0.0590176 0.154063 0.168102 -0.565755 -0.502998 0.0881824 -0.789472 -0.903699 -0.209648 -1.27285 -0.394726 1.25385 -1.05556 -0.0557544 -0.143916 0.1356 0.212663 -0.640404 -0.610783 -1.35544 -0.0707926 -0.0311307 0.139567 0.756722 0.470678 0.24948 
-0.768882 -0.762429 0.454448 -0.471838 0.20892 0.696432 -0.178339 0.388048 0.561338 -0.705131 0.274663 1.02509 0.26955 -0.0438037 -0.0560452 0.223317 -0.0781579 -0.674636 -0.731955 -0.533254 0.0711222 0.416455 0.158565 0.347301 0.294942 0.177979 -0.0548078 -0.0210077 0.0899766 0.651271 0.592759 0.0878439 1.75789 1.75978 0.144677 1.22161 1.01238 -2.11492 1.27573 
-0.799761 -0.805457 0.621404 -0.00440194 0.212231 0.200795 0.177645 0.957551 1.17816 0.150678 0.760341 0.832521 1.15543 0.00420975 0.133056 0.258078 0.0855161 0.089761 0.176026 0.968418 0.856084 -0.0649706 -0.0512396 0.61765 -0.861077 0.22017 0.0215125 0.110783 -0.157086 -0.109987 0.945625 0.833152 -0.020463 -0.584252 -1.45983 0.0696033 -0.182595 -1.08852 -0.553146 
-0.764673 -0.629373 0.712526 -0.386321 0.298681 0.872459 0.790079 1.24413 0.496368 -0.75637 0.892314 0.164012 0.48972 -0.0222912 0.054738 0.0662307 -0.188145 0.270988 0.101197 -0.553717 -0.51313 -1.04338 0.228168 0.164706 -0.79358 -0.375167 -0.0556289 -0.295476 -0.427395 0.0808451 0.322948 -0.42053 -1.62562 -1.05845 -0.155466 1.32485 -0.825349 0.255675 -0.35274 
-0.822052 -0.750719 0.687635 -0.192547 0.483219 0.301992 -0.376072 0.444421 0.134785 0.378845 0.925046 0.0389419 0.780268 -0.0514192 -0.16242 -0.169317 0.166361 0.412709 -0.244504 -0.657204 -0.202365 -0.220437 1.27361 -0.207699 -0.605402 -0.132571 0.00264981 -0.184241 -0.265176 0.237175 -0.153188 0.795668 0.792396 0.735178 2.25108 -0.179022 -0.242539 0.970073 -0.157698 
-0.816092 -0.791793 0.543209 -0.21996 0.71139 0.627954 0.132876 1.04177 0.275931 0.517241 0.684615 -0.44139 0.357149 -0.0196414 -0.129503 -0.198945 0.04903 0.1178 0.896866 0.238679 0.222048 1.2077 0.049146 -0.0778334 0.176493 -0.532864 0.125338 0.216079 0.155812 -0.0236922 -0.583519 0.25991 0.439831 -0.525244 1.38753 -1.58784 0.42104 2.17989 0.669801 
-0.841693 -0.880221 0.48869 -0.143517 0.601019 1.19886 -0.137394 0.66647 1.34248 0.427991 0.847213 0.215435 0.247404 0.0739187 0.0536587 -0.0135055 0.142669 -0.17081 0.0154063 -0.217373 -0.727609 1.16709 -0.314224 0.213341 1.57449 0.53723 0.139597 0.392746 -0.0429869 -0.471414 -0.31982 -1.26628 0.379919 0.0184084 -1.07585 -0.294468 0.0311393 1.40343 1.5041 
-0.742173 -0.738135 0.529703 -0.077291 0.54058 0.643361 -0.0844971 0.314159 1.44302 0.203017 0.897956 1.1331 0.89438 0.119955 0.263243 -0.241932 -0.422384 -0.20202 -0.369418 0.618598 0.240457 0.131845 -0.245322 -0.0466941 1.57993 0.971233 -0.0990705 0.0181434 -0.166159 -0.561021 0.27968 -0.591806 0.105482 1.45017 -1.69816 0.46349 -0.463135 -2.16313 -0.756147 
-0.721738 -0.616978 0.246758 -0.565901 0.398999 0.829439 0.481204 0.906926 1.47433 0.182669 0.800519 1.79536 1.21864 -0.0251518 0.071802 -0.179664 -0.418352 0.10887 -0.576399 -0.111891 0.722563 -0.531075 0.149266 -0.249794 -0.588649 -0.218917 -0.132239 -0.334296 0.280115 0.743234 0.341496 0.329072 -0.902573 -0.315458 -0.852004 -0.0199586 -0.495192 -3.7494 -1.40793 
-0.767325 -0.666333 0.350039 -0.495643 0.64945 0.0669611 -0.196388 1.03672 0.911946 0.352283 0.648162 0.544447 0.675463 -0.0122831 -0.0710523 0.0381834 0.32085 0.139475 -0.0403465 -0.283976 -0.0750009 -0.720159 -0.265281 -0.541886 -2.16947 -0.436701 -0.00539808 -0.250487 0.201555 0.846384 -0.258632 1.51377 0.116765 -1.26099 -0.446068 -0.686665 -0.0421901 -0.779606 -0.0698035 
-0.734021 -0.68803 0.284941 -0.245051 0.538475 0.789093 0.197228 0.831925 0.754171 -0.0826115 0.258633 -0.374106 0.781936 -0.0305499 -0.178685 0.0218904 0.428033 -0.149762 0.937374 0.00487409 -0.538428 -0.977142 -0.537399 -0.291984 -1.36826 -0.28872 -0.0553855 -0.0985272 -0.182559 -0.357316 -0.145084 0.340037 0.517539 0.114414 0.95175 0.564616 0.930434 1.23465 -1.45585 
-0.797875 -0.845018 0.371929 -0.0676096 0.499689 1.00433 -0.191514 0.498294 -0.0651963 -0.185116 0.356178 -0.823808 0.386743 -0.0676686 -0.169579 -0.144376 -0.0364656 -0.00560878 0.299691 0.233563 0.0394135 0.231591 0.299335 0.388548 -0.934815 -1.89255 0.0274692 0.109737 -0.11926 -0.721862 0.404558 -1.00617 0.175178 0.993313 2.37719 0.609975 0.842826 1.91526 -0.036361 
-0.801689 -0.85761 0.140565 -0.281516 0.532866 1.08878 0.430791 0.871339 0.985762 0.216723 0.647181 -1.30892 -1.11061 -0.00308071 -0.0689479 -0.09737 -0.29383 0.254796 -0.0687989 0.180052 0.454886 1.40005 0.0725755 0.550841 0.547006 -0.325081 0.104738 0.188056 0.414509 0.654845 0.329211 -0.559125 -1.27259 0.100102 -0.295192 -0.832487 0.0482995 2.3475 3.79374 
-0.800956 -0.913966 0.274559 -0.361439 0.754484 0.935536 -0.0114618 0.95318 1.33485 -0.11254 0.907019 -0.276803 0.0616622 0.0370699 0.0184765 0.270133 0.618379 0.323602 -0.259434 -1.03903 0.139516 -0.0636013 -0.533153 0.436848 1.41269 1.90119 0.0632445 0.375376 0.207794 0.0711274 -0.787682 -1.01183 -0.372195 -0.539456 -2.27041 0.897735 -0.314549 0.29168 0.252941 
-0.76462 -0.839133 0.410698 0.336863 0.856468 0.82935 -0.608239 1.01085 0.92216 -0.316429 1.08403 0.103768 0.790579 0.0601638 0.306428 0.110424 -0.222702 -0.532886 -1.08063 -0.192143 -0.0845702 -0.870361 0.97031 0.236293 0.838686 -0.07214 -0.0283917 -0.0478741 -0.473529 -1.0229 -0.684909 -0.0683043 2.01649 -0.403219 -0.450535 0.909516 -0.712928 -0.430327 -2.15276 
-0.740792 -0.607537 0.384983 -0.584141 0.221599 -0.145091 -0.203605 0.868609 0.464493 0.85777 1.14331 0.561883 -0.0104779 0.00867819 -0.0293976 -0.203396 -0.404523 -0.361306 -0.327738 0.977458 -0.263704 -0.514136 0.376364 -0.276081 0.982361 -0.251563 -0.0828644 -0.366909 0.0559398 0.461651 0.838694 1.24568 0.417657 0.168037 1.19963 -2.99132 -1.4498 -1.24587 0.509972 
-0.755941 -0.868531 0.207303 -0.0676605 0.495162 0.501612 0.369219 0.747151 0.408025 0.0599344 0.807948 1.08613 0.539016 -0.0227007 -0.0604809 0.166364 0.238949 0.305808 0.165054 0.225514 0.0834667 0.329269 -2.02101 -1.21351 -0.407185 0.437832 0.720546 1.82234 2.20352 1.30334 -0.387087 -0.142536 -3.21378 -1.51158 -0.144742 -4.35462 -0.164902 -1.67044 -0.122791 
-0.763492 -0.668018 0.551347 -0.345192 0.527407 0.0199639 0.0219086 0.952076 0.793762 -1.16324 -0.0701935 0.154697 0.427354 0.729224 1.79294 2.00013 0.898818 -0.748394 -0.470274 -2.23632 -1.77528 -0.658878 -3.97826 -0.440983 -0.68808 -0.374354 1.03998 2.54448 1.69576 -0.786063 -1.69435 -0.41892 -2.67384 -2.22211 -1.26394 -0.264305 1.37721 -0.288676 -0.70801 
-0.0267174 0.924413 2.20743 0.831158 -0.253232 0.0313378 -1.8671 -1.02813 -0.250853 -3.91833 0.366966 0.39805 0.164661 1.01728 2.484 1.86213 -0.547114 -1.38855 -0.253865 -2.44833 -2.13865 -0.934669 -2.28532 0.163706 -0.695861 -0.270178 -0.407459 -0.255499 -2.46131 -2.35693 0.0265127 -1.36137 2.39644 1.54087 0.726002 5.78039 -0.488218 -0.589179 0.64817 
0.253787 1.81599 2.41348 -0.892306 -0.86114 -0.233901 -2.42642 -1.18657 -0.140907 -3.44856 0.0935128 -0.541164 0.157176 0.321765 1.53744 -0.461183 -1.45811 -0.721881 -1.83165 0.160117 -0.234409 0.0671249 1.80213 -0.929201 -1.27726 0.273816 -0.634818 -2.31281 -3.148 2.36582 0.440738 -1.69266 5.16837 1.40209 0.416391 4.49163 -0.935464 1.14998 0.637294 
0.295048 2.46186 1.74625 -0.626955 -0.975113 -1.80031 -1.70699 -1.26254 -0.183728 -2.1162 -0.562235 -0.879208 0.438477 0.382462 0.171189 -1.28587 1.81871 -0.947809 -1.94652 2.72003 -0.736553 -0.518278 2.20631 -0.771758 0.45412 0.367116 0.219586 -2.48236 -0.331178 2.92216 -0.760736 0.988047 2.30094 -0.405659 -0.581792 -1.46542 0.33722 2.54294 -0.371714 
0.63625 1.98717 1.12761 0.926402 -1.80895 -2.18042 0.293613 -1.92312 -0.659186 -1.24225 -0.678245 -0.0870442 0.524293 0.541351 -0.944915 -0.792361 1.46405 -1.48262 -0.843601 2.46105 -0.640068 -0.514668 0.336711 -0.591981 1.26569 -0.0978981 -0.00375225 -0.514127 1.02831 -1.93704 0.06984 2.26889 -1.52688 1.07068 0.627514 -1.96157 0.805806 -0.302308 -0.527956 
0.836399 1.51694 0.953885 0.83709 -2.45773 -2.64391 0.754064 -1.90261 -0.698396 -1.77949 -1.15422 0.386477 0.340579 0.37871 -0.342938 -0.257554 -0.118328 -0.877969 0.322366 1.19315 0.334129 0.109236 0.244733 0.0340481 0.151811 -0.16084 -0.193993 0.770832 0.130003 -2.73179 1.25636 0.782695 -1.82614 0.714618 0.496896 0.971659 0.326666 -0.338603 -1.0506 
1.01496 1.64424 0.870055 0.808074 -2.68692 -1.85806 1.48677 -1.58899 -0.54995 -0.997521 -0.644197 0.0647672 0.363453 0.347358 -0.174082 -0.662357 -1.26775 -0.22626 -0.0609058 0.634916 0.0745499 -0.0177717 1.30837 -0.265315 0.927083 -1.1485 0.00579896 0.0161081 -0.616773 -1.46332 1.08467 -0.596962 -0.707329 -0.264381 0.352123 0.72952 -1.00471 1.34442 -1.1741 
1.18376 1.34286 0.291528 -0.430659 -2.68399 -2.70482 1.38898 -1.82806 -0.716167 -0.471117 -1.41953 1.31356 -0.807922 0.384509 -0.32683 -0.874326 -1.58165 0.206697 -0.274597 0.485824 0.0697481 0.461359 0.974253 -0.970666 1.49624 -1.33494 -0.0986498 0.296553 -0.208706 0.807989 0.668208 0.8577 0.393929 0.0864622 0.67868 -1.1322 0.514196 -1.55229 1.23106 
1.39947 1.31741 -0.00427179 -0.773572 -2.48022 -2.13265 1.97259 -1.51925 -0.0885904 -0.0232685 -1.61486 1.561 -0.971489 0.248708 0.12247 -0.871063 -0.45976 0.441947 0.796794 1.02884 0.161012 0.660908 0.176169 0.248881 -0.625208 0.0825634 -0.322963 0.366801 0.328791 2.04573 0.203779 0.945063 -0.233355 0.048042 -0.655656 -0.915662 2.06445 -2.65401 1.51269 
1.43246 1.46533 -0.579535 -0.890419 -2.24204 -1.90802 2.41782 -1.66704 -0.0552593 -0.294947 -1.17065 0.688351 -0.725358 0.0615456 0.0399713 -0.545536 0.464087 0.410476 0.670466 0.252469 0.11779 -0.194296 0.0585913 1.09378 -1.15778 0.17775 -0.141685 -0.299848 0.469947 0.863768 -0.246096 0.391672 -1.76415 0.670546 -1.70661 0.540343 -0.290817 1.23045 -0.559436 
1.46101 1.35738 -0.549808 -0.309484 -2.06974 -1.46219 2.22506 -1.40146 -0.282887 0.0353228 -0.521083 0.403225 -0.793739 0.107023 -0.177378 -0.401116 0.404007 0.195851 1.18847 -0.735303 0.831558 -1.04571 0.716512 -0.0419359 0.605243 -0.476872 0.100408 -0.208647 -0.169606 -1.85835 -0.155363 0.363046 -0.543436 -0.0523466 -0.920901 -1.00033 -1.83214 1.44658 -0.933567 
1.53949 1.28795 -0.980651 -0.486412 -2.04619 -0.719557 1.68252 -0.835487 -1.10096 0.421565 -1.21259 1.29359 -1.20223 0.161954 -0.168675 -0.715142 -1.39426 0.255113 1.03351 -0.290966 0.0654435 -1.1152 -0.941737 -0.73836 0.288802 -0.755816 0.0907612 -0.0172913 -0.235377 -1.3785 0.339377 0.156607 0.813067 -1.08711 0.123646 -0.657915 -0.533315 -0.404069 0.426034 
1.62297 1.1887 -1.26495 -1.70375 -1.81463 -0.428674 1.93409 -1.33601 -1.39808 -0.906414 -1.25944 0.692027 -1.54956 0.197784 -0.194669 -0.636493 -0.974491 0.535228 1.34507 0.0777643 -0.255553 -0.922059 0.0585977 -0.575251 0.201175 -0.0508384 0.0593168 -0.178648 0.27079 1.20022 0.358969 -0.236753 0.159218 0.162917 0.592596 2.76629 0.220048 0.0204238 1.04582 
1.73727 1.09328 -1.61714 -1.4609 -1.51096 0.625516 1.76029 -1.09104 -2.02302 0.480163 -1.78784 1.49477 -1.25307 0.22127 -0.347323 -0.444352 -0.194037 0.614082 0.796759 -0.131749 0.228361 -0.522601 1.82455 -0.518312 0.309226 0.29 -0.0727689 -0.15868 0.227593 0.576723 -0.178242 -1.78163 -0.429382 0.371835 0.509495 0.815108 0.221791 -1.10438 -0.699377 
1.84424 0.841379 -1.7093 -1.89778 -1.20055 0.368085 1.80234 -1.10765 -1.92069 0.918139 -1.77776 1.00125 -1.25955 0.125015 -0.353349 -0.408901 -0.397768 0.356986 -0.436555 -0.351618 0.116282 -0.412565 0.873706 -0.35346 -0.903206 -0.750216 -0.193222 0.144317 0.117207 0.29975 -0.211365 -0.759985 -0.208567 -0.273412 0.16893 -1.50183 0.333578 -1.09679 -1.39205 
1.86229 0.739935 -2.02605 -1.85867 -1.15398 0.188961 1.40867 -0.974758 -2.43559 1.35387 -2.1413 0.591563 -2.00328 0.0280485 -0.203006 -0.327145 0.105713 0.402717 0.0367742 -0.340315 -0.0450512 -0.353672 0.322727 -0.184733 -0.787559 -1.10205 -0.167825 -0.0165982 -0.00350622 -0.52489 -0.182283 0.574304 -0.826033 -0.911045 0.0808362 -2.38282 0.251455 -1.06104 -0.332683 
1.87229 0.638373 -2.03645 -1.79207 -0.797833 0.404859 1.46203 -1.1527 -2.27436 1.24087 -1.96249 0.213694 -2.3616 -0.0428097 -0.369947 -0.412407 -0.922658 0.174703 0.137749 -1.17765 -0.794763 -0.331729 -1.50911 -0.102005 -1.96424 -1.0829 -0.0923958 -0.0559139 0.194598 -0.417496 -0.190583 -0.0926801 -1.12488 -0.460612 0.561537 -1.44358 0.0170187 -0.244657 0.90539 
1.81948 0.369988 -2.43845 -2.78133 -0.979274 0.32671 0.231017 -1.76952 -2.76732 -0.155244 -2.2433 -1.37268 -3.08618 -0.0643473 -0.25892 -0.132547 -0.311784 0.212133 -0.0559059 -1.46519 -0.505663 0.207865 -1.12086 -0.167715 -1.03222 -0.196659 0.0222457 0.449482 0.806771 2.55845 0.638316 -0.892612 1.01726 1.15261 1.94178 2.70984 0.561007 2.51917 2.7515 
1.80794 0.379452 -2.16899 -2.10385 -0.585699 0.348953 -0.00316273 -1.65837 -2.06649 0.12001 -2.1302 -0.818522 -2.55826 -0.0205641 0.0795348 0.394364 1.63579 0.813019 -0.754863 -0.160387 0.357846 1.61005 1.20072 0.459002 0.554927 1.66861 -0.0724263 0.578413 0.296873 2.2065 -0.129572 -0.280209 0.710985 1.22936 0.998846 2.5741 0.138327 1.8415 1.16978 
1.79891 0.449522 -2.04409 -1.14554 -0.166255 -0.428152 0.0706297 -1.41167 -1.15727 1.04548 -1.7843 -0.817751 -1.41758 -0.136774 0.319493 0.164326 1.89472 0.0825616 -0.336115 -0.754206 0.7237 1.20671 1.45324 -0.0293882 0.809285 0.973125 -0.214438 0.186012 -0.0225443 -0.36325 -1.00928 1.02026 -0.975121 0.0474932 -0.38929 -1.20859 -0.527654 -0.52057 -1.21128 
1.67117 0.698945 -2.00467 -0.209136 -0.503138 0.0128387 -0.757369 -0.934666 -0.859781 1.57325 -2.15959 -0.00923751 -1.58514 -0.235002 0.265547 0.371819 1.27254 -0.19626 0.265395 -1.13551 0.405339 1.22076 -0.0078701 -0.0686523 0.0343568 0.457327 -0.110266 -0.186746 -0.063398 -1.65618 0.0588012 0.356539 -0.318096 -0.812203 -1.18788 -2.46727 0.688289 -2.0258 -0.88004 
1.56391 0.71507 -1.67227 0.127006 -0.362515 -0.162758 -1.06488 -1.00634 0.0634904 1.03761 -1.85295 -0.783394 -0.96025 -0.24704 0.132747 0.100928 0.238534 0.141363 0.0204247 -1.0723 -0.088503 0.0188315 -1.01402 0.658901 -1.21651 0.0930846 -0.0890802 0.0030884 0.0929429 -1.42374 0.451117 -0.548971 0.360078 -0.197481 -1.90291 0.0507798 1.33317 -0.453489 -1.12938 
1.42413 0.831692 -1.90374 0.0293971 -0.361775 0.0332634 -1.82967 -1.02317 -0.84095 0.559227 -1.50069 -1.22575 -1.49205 -0.324082 0.268636 0.464762 -0.151196 0.254858 -0.283576 -0.775431 0.207859 -0.68215 0.0429097 1.26452 -0.419133 -0.672049 -0.181744 0.344692 0.663176 1.44977 0.0993411 -0.875752 1.61811 0.326038 0.191617 1.73236 1.2161 0.289036 -0.373851 
1.23983 0.983705 -1.20751 -0.0241906 -0.107658 -0.446334 -1.84031 -0.798477 -0.61866 1.08052 -0.588435 -1.20253 -1.6323 -0.428784 0.477438 0.764104 1.6883 0.240704 -0.855327 0.545807 0.237535 0.210449 0.718335 1.87501 -0.927478 -0.280767 -0.0603772 0.213638 -0.352787 2.96763 0.400854 -1.49734 1.23029 0.0351202 1.23015 -0.510137 -1.1404 -1.47006 2.56468 
0.995342 1.30913 -1.13964 1.7177 -0.121071 -0.822063 -1.28386 -0.785634 -0.630501 1.27756 0.374314 -2.15323 -1.77282 -0.384459 0.482274 0.111975 2.81644 0.655712 -1.78091 0.45486 0.242979 0.547999 -0.467227 0.124116 -1.8892 1.89263 0.219665 -0.1851 -0.688921 -0.0304729 0.25017 -0.601335 -0.444171 -0.0383881 0.159669 -1.46796 -2.79484 0.718667 2.17878 
0.855369 1.46598 -1.09553 2.79225 0.548054 -2.22725 -1.38545 -0.555498 -0.0706606 0.613293 -0.464319 -3.09172 0.260327 -0.209119 0.292338 0.0751836 1.65783 0.490874 -1.45666 0.101637 0.199147 0.370117 -0.74963 -0.919832 -0.208811 1.89801 0.202733 -0.560836 0.124316 -3.48449 -0.540252 2.89832 -0.260923 -0.467001 -2.64809 0.710847 0.357213 3.71476 -1.57189 
0.786223 1.60147 -1.06445 3.37553 0.369803 -2.27873 -1.18223 -0.586487 -0.260384 0.527932 -0.545518 -2.36204 0.12519 -0.181727 -0.0785617 0.236291 -0.668057 0.11546 1.1174 0.193937 -0.224022 -2.10009 0.24362 0.481329 1.82557 0.320733 -0.0257851 -0.473626 0.289309 -3.51077 -0.566108 2.7014 0.625125 -0.321388 -1.54091 2.18356 1.57843 0.881658 -1.05589 
0.673642 1.38742 -0.859241 2.12419 0.663514 -1.10984 -1.19151 -0.77952 -2.17075 0.856913 0.0170101 -1.26616 0.581059 -0.234904 -0.181288 0.364493 -1.85294 -0.0752337 1.24474 0.726762 -0.122241 -1.1708 1.43393 0.658595 0.672848 0.842122 -0.153166 -0.252412 0.749793 0.456408 -0.389325 -1.24799 0.00268361 0.114129 3.08241 0.280796 -0.512912 -2.2059 -0.828468 
0.551318 1.42018 -0.699959 1.52259 0.294569 -1.03398 -0.455465 -0.708727 -1.43118 1.96186 0.113077 -1.68919 0.967312 -0.334893 -0.330973 0.986084 -0.211648 -0.273865 -0.130584 0.196621 -0.109893 0.982313 0.524416 -0.0315831 -0.380335 -0.507735 -0.38919 -0.59861 1.47713 1.92258 0.493396 0.10199 -1.68516 0.818859 2.0365 -3.29978 -0.168898 0.384316 -1.36065 
0.338749 1.05644 0.126843 1.91254 0.389649 -1.24043 -0.994892 -0.889413 -1.18844 1.38133 -0.014573 -1.64649 0.0733245 -0.624095 -0.779898 1.84162 0.0696394 0.418162 1.34673 -0.958395 0.696619 0.865704 -1.86585 0.489697 1.05716 -0.518531 -0.49072 -0.580802 -0.0845578 -0.932351 1.02391 2.39256 0.165114 1.48995 -0.421448 -2.68227 -0.128741 0.465823 0.810891 
-0.0727762 0.640283 1.14166 1.59223 0.712731 0.312748 -1.41386 -0.0121084 -0.565477 0.0960032 0.602774 -0.632029 0.448781 -0.825613 -0.911775 0.901526 -1.144 0.750044 2.26198 0.361735 1.38006 0.560865 -2.15785 -0.160324 0.0854886 0.303156 0.0604349 -0.399723 -2.18584 -0.288619 0.0615212 -0.407402 2.31128 -0.028918 0.20273 2.18237 -0.350895 -0.73156 0.432819 
-0.486864 0.144669 1.02837 0.768542 1.13969 1.02155 -0.633157 0.490645 -0.627576 -0.776523 -0.174897 -1.561 0.37648 -0.56366 -1.17962 -0.34422 -0.218979 0.479683 0.93933 1.35289 0.667701 1.06843 0.316514 0.138803 0.325603 -0.0857122 0.682538 0.327514 -1.56521 0.433009 -1.34222 -2.37119 0.649149 -0.965754 0.547366 2.81252 0.678306 1.95865 -0.599409 
-0.636436 -0.539338 0.79744 1.37325 1.19241 1.25208 -0.0609717 0.655592 0.502957 0.412517 0.741577 -0.306425 0.363069 -0.143075 -0.584261 -0.663687 -0.710991 -0.592178 -0.109209 1.01088 0.414305 1.10823 0.654663 0.517982 2.04414 -0.296253 0.502317 1.05233 0.0460349 -0.802445 -1.1816 -1.61296 -0.995949 -0.301337 -0.981164 -0.46301 -0.358212 0.425644 0.382544 
-0.629939 -0.439592 0.364682 0.0575513 0.547515 0.912344 0.377727 0.90495 0.480655 -0.12186 0.343085 0.483141 0.0802272 -0.0613428 -0.127292 -0.298185 -1.02142 -0.701914 -0.673632 0.356938 0.366364 0.0872705 -0.146496 -0.21941 0.751247 0.296832 0.00176024 0.434239 1.06195 0.906239 0.86387 -0.239533 -1.57065 -0.699082 -0.967153 -1.00319 -0.995416 -2.97034 0.654174 
-0.697779 -0.666631 0.499255 0.351824 0.490501 0.578446 0.295967 1.02196 0.590227 0.266022 0.522167 0.444822 0.659901 -0.141315 -0.150022 0.398261 0.195248 0.271692 -0.348742 -0.559763 -0.284777 0.141078 -0.348524 -0.477435 -0.926195 0.357921 0.0467113 0.0981054 0.277236 0.827202 0.860105 0.588112 -0.271295 -0.59658 0.138831 -0.933156 0.321622 -0.181145 -0.516902 
-0.771254 -0.589613 0.762943 0.252799 0.819207 0.563602 -0.182036 0.620174 0.621733 -0.470383 -0.13435 -0.443054 0.438148 -0.0146315 -0.0291871 -0.0209489 -0.194222 0.158191 -0.0855203 0.0856435 -0.230217 0.226102 -1.07965 0.102212 0.570102 -0.22007 0.197144 0.0168574 -1.14562 -0.3016 -0.325377 -0.306254 -0.161522 -0.0188208 -0.19185 0.848007 1.59636 1.23658 -0.783183 
-0.71241 -0.695818 0.478306 0.157602 0.648692 0.492926 0.38161 0.79174 0.816329 -0.81363 0.62438 1.01492 0.439832 0.0558294 -0.133164 -0.747362 -0.106352 -0.0536852 -0.654996 -0.721285 -0.303598 -0.0507726 0.499483 1.11893 0.310385 -0.425263 0.036331 0.0340721 -0.457921 0.312081 -0.350127 -0.424228 -0.317017 0.325435 -0.202754 2.04567 -0.0137926 -1.38616 0.439505 
-0.715425 -0.722778 0.0155809 0.146447 0.765522 -0.0913938 -0.903321 0.316576 0.57096 0.0290994 0.984577 -0.13267 0.0128849 0.0216995 0.00488496 -0.47887 0.117859 -0.191936 -0.509748 -0.231373 0.0952187 0.0233479 0.966017 0.0884198 -0.816061 0.219436 -0.039962 0.00394722 0.753015 -0.33096 -0.177323 0.800093 0.998669 0.635868 0.194413 -0.579818 -0.88271 1.71224 1.54857 
-0.690711 -0.690933 -0.000564348 0.275461 0.456756 -0.0168225 0.150237 0.886958 0.839677 0.152388 0.712799 0.198863 0.659267 0.0158674 -0.129217 0.00565296 -0.437312 -0.231008 0.145097 0.277384 0.332271 0.143641 -0.0803355 0.236218 2.02263 1.12331 -0.0777955 -0.241291 0.549518 -0.503028 0.333475 0.561952 -0.0148214 -0.727446 -0.738993 -2.1004 -0.440461 0.479716 -1.13342 
-0.699557 -0.851995 0.0212339 -0.290864 0.534513 0.0537028 -0.625938 0.648847 0.714601 -0.0512361 1.2208 1.88996 1.13619 -0.0560961 -0.236406 0.0706478 -0.385169 0.141539 0.0522034 -0.246195 -0.632228 -0.715645 -1.13438 -0.352041 -0.336345 -0.913989 -0.10536 0.161848 0.326604 0.345177 0.224305 0.394973 0.821956 -0.0443086 -0.161332 0.544901 -0.456777 -3.74127 -2.14626 
-0.746807 -0.927339 0.0700835 -0.109709 0.598295 0.0353809 -0.0959581 0.254731 0.124032 -0.981996 0.360758 -0.137483 -0.254722 -0.0894926 0.0326305 0.332257 -0.0921345 -0.00670294 0.54007 1.09934 0.287962 -0.0176912 0.464565 -0.220559 -1.71864 -1.02296 0.0027728 0.0570704 0.208841 0.719933 -0.329027 -0.0985274 -0.364227 0.991138 0.758261 3.00789 0.72563 1.76498 2.62903 
-0.78905 -0.819365 0.353491 -0.382999 0.52781 0.593773 0.473402 0.936809 0.696909 0.413329 1.00024 0.171311 0.113236 -0.0533233 -0.179336 0.279489 0.334764 -0.187489 -0.0463241 -0.610422 0.35891 0.0426157 1.87351 0.373589 1.42864 1.71504 0.134908 -0.0476982 -0.254555 0.268558 0.0851521 -0.11276 -1.29613 -0.336307 0.676554 -0.61899 -0.144339 2.26177 1.75604 
-0.80013 -1.10668 0.349573 0.225055 0.410806 -0.0109432 -0.70638 0.613641 0.166647 0.891516 0.734347 1.29116 1.46032 0.0454151 -0.0150677 0.0777015 0.176424 0.0784491 0.42731 -0.196793 -0.0483451 0.658863 -0.154425 -0.364898 0.543126 0.733084 0.104333 0.457884 -0.326217 -0.046296 0.637316 0.852247 1.6751 -0.0172311 0.582314 -2.14185 -0.240863 -2.04419 -2.02035 
-0.743635 -0.834432 0.431192 -0.206575 0.60626 1.02108 0.276609 0.888464 1.35577 0.258904 0.635338 0.714437 0.84632 0.0510102 0.278548 -0.0467278 0.288468 0.449827 0.805923 1.06468 0.341679 0.62493 -0.268334 0.132726 -0.615554 -0.305304 0.040227 0.241289 -0.18314 0.185187 -0.244433 -1.20832 0.179981 -0.12427 -1.69839 0.440937 0.33055 -0.692416 -0.367207 
-0.74912 -0.828127 0.302845 0.513523 0.860633 0.794979 0.3583 0.95532 0.791577 0.623182 0.867073 0.675602 1.15502 0.0856421 0.226221 -0.105439 0.361611 -0.165984 -0.781012 -0.0168124 -0.172615 -1.03953 0.286513 -0.034348 -0.14929 0.365877 -0.0355648 -0.342671 -0.0955141 -0.680735 -0.825819 -1.21911 -1.56237 -0.771334 -1.00324 -1.09172 -0.450697 0.584824 0.0764977 
-0.657993 -0.608211 0.325753 0.155036 0.440276 0.24007 0.259796 0.715849 0.316243 0.545417 0.60099 0.565146 1.2122 0.0154454 -0.0641226 -0.142242 -0.392267 -0.375992 -0.413192 -0.497695 -0.429655 -0.378306 -1.36005 -0.317971 -0.03073 -0.228806 -0.113264 -0.369353 0.0640971 -0.657327 0.448788 1.60478 -0.445876 0.423412 2.19754 -0.0816217 0.319374 0.180896 -1.31292 
-0.733675 -0.89225 0.160603 0.121256 0.484641 0.381787 -0.139395 0.525665 0.413272 -0.736872 0.549102 0.644872 0.926212 -0.0276222 -0.143131 -0.0413418 -0.295716 0.282804 0.823764 -0.462689 0.250797 1.15801 0.204891 0.285026 0.0316056 -0.947046 -0.00916334 0.0578727 0.339817 0.357373 0.39518 1.01026 0.223754 0.00368356 0.272645 2.3845 0.362741 -0.705306 -1.0543 
-0.685615 -0.751342 0.284412 -0.14068 0.72308 1.06383 -0.202892 0.966646 1.47425 0.750308 0.886016 0.596752 0.26515 0.00628204 -0.00624988 0.197575 -0.0348943 0.0191879 0.597064 -0.273941 -0.425971 -0.105661 1.02445 0.0447705 -0.736036 -1.28311 -0.0704958 0.121915 0.247573 0.435577 -0.476134 -0.968668 0.633734 -0.380306 -1.83014 -0.330927 0.0661561 -0.335337 1.09754 
-0.727393 -0.8985 0.358178 0.0863613 0.503829 0.978852 -0.413336 0.0996944 0.307611 0.287576 0.593873 -0.0911634 -0.356895 -0.0981179 -0.0212165 0.206231 0.139861 -0.19333 -0.144904 0.171046 -0.129509 -0.672124 -0.126036 0.351182 -0.303731 0.150495 0.02004 0.356209 -0.115229 0.30998 0.132167 -1.96965 0.379233 0.881548 0.640787 -0.788627 0.127258 -0.0516529 1.71219 
-0.783733 -0.772559 0.490642 -0.000819075 0.52975 0.91893 -0.0318468 0.837137 0.80213 0.624272 1.2372 0.293021 0.415645 0.0263221 0.34996 0.0823456 0.275086 0.151355 -1.37259 0.105292 0.455577 0.535127 0.235821 0.172029 -0.787689 0.429086 0.118501 -0.155735 -0.235907 -0.180621 -0.126018 -0.608388 0.0225822 -0.190525 -0.123422 -0.823035 -0.943448 0.00837036 0.529943 
-0.70107 -0.54854 0.440524 0.361447 0.655184 -0.393737 -0.308043 0.555272 0.842738 0.523396 0.765901 -0.878852 0.0721913 0.0203836 -0.176951 -0.0296765 -0.0407595 -0.319348 -0.753292 0.193628 -0.320034 -0.795546 -0.949071 -0.592266 -0.295361 0.680438 -0.166185 -1.07914 -0.60784 -0.885909 -0.510125 1.11578 -1.18732 -0.883293 -1.60476 -2.1962 -1.35745 -0.398015 -1.38677 