-0.838553 -0.0127165 0.751805 -0.621657 0.929932 0.394318 0.409755 0.624711 -0.368146 0.372275 -0.501908 0.0482751 0.786043 -0.123164 -0.862142 -0.260154 0.0293513 0.109383 0.478597 -0.0537608 -0.319927 -0.0582354 -0.680023 0.361273 -0.172209 0.965352 -0.114155 0.129053 -0.445566 -0.393032 -0.168522 0.597927 1.2332 0.161846 0.121971 1.04817 0.409861 -1.74967 -0.421685 
-0.969674 -0.608573 0.424876 -0.683189 0.860156 0.838377 -0.530856 0.187281 -0.286497 1.18876 0.556348 -0.390793 1.66797 -0.0653268 -0.217437 -0.29452 -0.0455596 -0.099382 0.174418 0.791287 0.0713968 0.249369 0.846126 0.515179 -0.572595 0.0661238 0.208718 1.70809 0.318167 -0.0630468 -0.175392 -0.521485 2.26777 0.894995 0.351295 0.143305 -0.936566 -1.26789 -2.7199 
-0.90388 -0.230153 0.457285 -0.667217 0.83055 0.568736 1.20104 0.696107 -0.118777 1.2184 0.0132712 -0.52432 0.852167 0.0855537 0.845946 0.0580134 -0.0336955 -0.0660096 -0.0428884 2.21401 0.575068 0.29306 -0.536718 -0.575293 -1.4401 -1.75454 0.119469 0.795074 0.503182 -0.0911145 0.297214 0.454664 -0.48765 0.44667 1.05558 -1.71096 -0.958734 0.287407 -1.23969 
-0.88412 0.237373 0.48289 -0.716885 0.794147 0.795489 1.68315 0.762349 0.00656232 0.652045 -0.018945 -1.8309 -0.0865776 0.0541421 0.577637 0.208662 -0.136674 0.197833 0.629082 0.303638 0.518067 1.30495 -0.864832 -0.443555 -0.285188 -1.17357 -0.0818842 -1.10712 0.11098 -0.0597929 0.259293 -0.00466593 -3.22993 -0.566078 -0.51214 0.0555601 -0.0662046 2.49151 2.75181 
-0.849737 0.347484 0.665947 -0.803891 1.02838 1.19782 1.50468 1.21417 1.18617 0.353569 -0.430284 -0.809508 -0.321403 0.00366953 -0.26117 0.168993 -0.0934884 0.193284 -0.0475544 -1.01592 0.0089895 -0.21908 -0.481158 -0.641498 1.05141 0.997265 -0.101583 -1.20545 -0.600749 -0.140845 -0.514242 -1.15275 -1.38622 -0.620443 -2.01604 0.883127 0.535796 -0.457684 2.07846 
-0.88045 -0.0237966 0.651883 -0.810373 0.98743 0.747934 0.667236 0.771338 -0.212518 0.170887 -0.660443 -0.779484 0.910688 -0.0474409 -0.627815 -0.392087 -0.277519 -0.31641 -0.523671 -1.08259 -0.102376 -0.711092 0.0182942 0.0922412 -0.742872 0.904892 -0.0206342 0.25688 -0.384105 -0.0746087 -0.494213 -0.312396 0.51201 0.223897 -0.220167 0.864693 1.89095 -1.81606 -1.31079 
-0.897178 -0.280331 0.27386 -1.08141 0.711973 0.674147 0.422094 1.1118 0.475082 0.371863 -0.338043 -1.55238 0.583489 -0.0169647 -0.00428945 -0.215112 -0.168097 -0.30093 -0.359951 -0.503907 0.232887 -0.439247 0.383536 1.24945 -0.764648 -0.313528 0.150214 1.20626 0.623993 0.437915 0.385107 0.675115 1.19307 0.0489765 0.435389 0.308199 0.887132 1.79826 -0.736223 
-0.897415 -0.028086 0.436771 -0.97847 0.686501 0.387983 0.163329 1.00423 -0.651765 0.554423 0.589009 -1.54413 0.59716 0.102773 0.578449 0.231907 0.160396 0.0686974 0.151444 0.110483 -0.0533991 -0.275703 0.326493 0.979373 1.05539 0.168669 0.0140795 0.390612 0.374247 0.282947 0.530544 0.833131 1.7134 -0.540357 0.952826 0.205011 -2.65915 2.1619 1.6513 
-0.794405 0.298118 0.505767 -0.921013 0.780671 0.825592 0.532576 1.0584 0.199378 0.698357 0.64133 -0.496992 0.752158 -0.00288518 0.386323 0.159135 0.11485 0.229615 0.473181 1.20949 -0.30747 0.513579 0.588546 -1.4097 1.39726 1.33778 -0.240037 -1.07556 -0.0392664 -0.0461551 -0.0815352 -0.297008 -0.68899 -0.308968 -0.88139 -1.5177 -2.54903 -1.94628 -0.551014 
-0.9003 0.358237 0.595906 -0.86362 0.916116 0.861164 1.37282 0.696755 -0.138186 1.14297 -0.820692 -0.146876 1.93494 -0.137265 -0.497109 0.19264 0.114241 -0.0128378 -0.145564 -0.578508 -0.362367 -1.15709 -1.19121 -1.56966 -0.890893 -0.382345 -0.0156385 -0.88232 -0.0874595 0.344815 0.235801 -0.317711 -2.31832 -0.0981353 -1.45129 -1.77857 1.28016 -2.13856 -2.99414 
-0.93167 -0.198991 0.698407 -0.806773 0.767833 0.680028 -0.0459313 0.696032 -0.957715 -0.492853 -0.928327 -1.38788 0.369813 -0.0185237 -0.495998 0.0716756 0.459665 0.465416 0.155469 -1.10882 -0.405606 -0.937707 -1.19003 -0.129537 -0.741302 -1.65636 0.193992 0.822107 -0.0485013 0.304024 0.565737 0.388281 0.555331 0.100931 1.34576 2.69959 3.6119 3.11525 0.567796 
-0.918824 -0.137761 0.667582 -0.403955 1.38153 1.01663 0.263999 0.291149 -1.07589 -0.0470587 -0.950229 -0.888178 0.278572 0.0567276 0.324998 0.144139 0.418265 0.552899 0.242717 -0.0231768 -0.261437 0.188664 1.50838 2.04225 2.22435 0.185451 0.111471 1.23576 -0.22764 -1.05697 -1.08778 -0.485863 1.19966 0.288337 1.83739 1.28632 0.410526 1.0584 2.34613 
-0.874943 0.126007 0.842546 -0.388508 1.32073 0.922745 -0.0691081 0.434596 -0.769051 1.01553 1.11392 0.836468 0.555264 0.0929475 0.739767 -0.155964 -0.597304 -0.62236 -0.330393 0.0908363 -0.117269 0.899682 0.0962888 0.28099 0.317102 0.689765 -0.0935009 -0.257308 -0.352641 -0.75971 -0.80805 -0.529829 0.735252 0.809234 0.0948294 -2.30803 -4.26891 -4.27626 0.869284 
-0.825876 0.602006 0.511618 -1.00126 0.759172 0.68624 0.354835 0.17388 -0.176211 0.04923 -0.669239 -0.571077 0.968337 -0.0367734 0.0676901 -0.208503 -0.341445 -0.25515 -0.287112 0.712075 0.547797 0.283494 -0.799649 -2.22666 -2.05191 1.05473 -0.0628267 -0.929073 0.148123 0.693433 0.716183 0.0287494 -0.474498 0.300927 -1.36425 0.383103 0.0688994 0.56149 -0.864743 
-0.911716 0.193697 0.634043 -0.729953 1.06558 0.635633 0.642967 0.982393 -0.485557 0.215876 -1.11274 -1.21544 1.61 0.0301208 -0.189306 -0.00784168 0.0961293 0.0938231 -0.301644 -0.383662 0.183658 -0.464571 0.479392 0.349889 0.878592 -0.174978 0.121215 -0.135462 0.330941 0.539716 0.342983 0.533925 -0.585051 -1.03899 0.130839 1.68446 3.92596 3.71939 -2.70952 
-0.795756 0.4127 0.503776 -0.90513 0.852995 0.384596 -0.0288265 0.357539 -0.640782 0.528622 -0.31935 0.307515 0.793359 0.0844421 -0.067772 0.122438 0.19827 0.0878326 0.246813 0.127024 -0.49119 0.414332 0.884809 1.6993 1.66748 -1.65478 -0.0467976 0.0135987 0.28953 0.120168 0.00433609 0.946587 0.99976 0.402456 1.46773 0.0226749 0.538748 -1.66248 0.437925 
-0.827274 0.125925 0.756481 -0.531683 1.15341 0.882446 0.76999 0.491203 -0.071225 1.10069 0.586554 0.452043 -0.0447825 -0.0166768 -0.175707 0.281688 0.216298 0.0981592 0.644943 0.616098 0.586114 1.00316 0.502067 0.888637 -0.783889 0.262947 -0.129937 0.0515929 -0.214021 -0.511967 -0.445394 -0.301152 -0.942199 0.370971 -0.312871 -1.59839 -2.7568 -3.34961 2.11046 
-0.812432 0.236993 0.785464 -0.688833 0.951154 1.02954 0.587271 0.943653 0.362378 1.03069 0.569287 -0.476374 1.05631 -0.0454951 -0.016179 -0.0915829 -0.313696 -0.357561 -0.0543392 -0.815175 -0.120219 0.101461 -0.713578 -1.0575 -1.68212 0.455675 0.178959 -0.159354 -0.878095 0.0902733 -0.580384 -1.35591 0.419295 -0.982493 -0.460438 -0.439201 -1.90897 0.987041 -1.29655 
-0.872769 0.109746 0.664898 -0.845379 0.795853 0.828107 -0.0451848 0.370984 0.0302357 0.387107 -0.470948 -1.23008 0.410893 0.162282 -0.335062 -0.596407 0.306571 -0.482225 -0.710962 1.03539 -0.396379 0.542722 0.0628662 -1.02033 0.203152 -1.0336 0.944389 0.608405 -1.35325 1.06847 -0.595832 -1.10848 1.09908 -0.162552 0.876536 1.27182 0.140441 2.3567 -1.08931 
-0.650151 -0.0980686 0.189057 -0.382262 0.468929 0.318577 1.62266 0.547274 0.9051 1.09356 -0.451046 -0.273221 0.0227019 0.898894 0.592226 -1.44484 0.754776 -0.953393 -1.16282 0.283901 -0.282771 0.977996 0.558246 -0.91706 0.674574 -0.633631 1.3542 1.7771 -0.848477 -0.0477274 -0.614989 -0.291072 -3.09196 -1.11971 -0.590557 -1.99026 -0.404709 -0.102736 0.516952 
0.0261249 0.701972 -0.779937 -0.0906029 -0.15754 -0.334708 0.238717 0.0882132 1.00823 0.945353 -1.38801 -0.555508 -0.222738 1.51648 1.44204 -1.44488 0.258843 -1.09721 -1.00203 -2.05656 -1.51609 -0.047835 -1.92739 -1.42504 0.100416 -0.516653 0.363916 -0.110251 0.556174 -0.785585 0.543857 0.778368 -0.397815 -0.809644 -0.610008 -2.39001 0.925428 0.871974 0.790984 
0.86633 1.34397 -1.25583 -0.123418 -0.628286 -0.683457 -0.433899 -0.968818 0.857265 -0.833834 -1.87609 -0.172805 -0.493951 1.26281 0.481976 -0.888661 -0.030809 -0.409536 -0.384447 -0.113914 -1.09242 0.367988 -1.83176 0.00836846 1.54655 0.157352 -0.9595 -1.30494 0.765542 0.202892 0.602385 1.00805 1.82093 1.32469 0.858576 2.23496 2.28877 0.834177 0.557487 
1.28893 1.18395 -1.6686 -0.121412 -0.567075 -0.719156 0.124803 -1.0042 1.37622 -0.886409 -1.37964 0.991041 -0.0653861 0.556981 0.137091 -0.679342 0.461736 -0.49483 0.00601435 -0.235633 -0.191402 0.810741 0.307574 0.863724 0.934594 0.0408348 -1.06017 -0.492685 0.766177 0.56276 0.0183804 0.0656879 -0.95259 0.437448 0.261462 2.95623 1.08429 -2.50475 -1.63016 
1.42331 1.48106 -1.93517 0.338317 -1.12312 -0.677443 -0.669532 -1.16022 1.66801 -0.526259 -1.01236 0.761789 -0.453116 0.202638 -0.0107097 -0.122484 0.531951 -0.391155 -0.31876 -1.0665 -0.654967 0.629451 1.12447 1.09266 -0.958203 -1.47281 -0.538172 0.0245961 0.458083 -0.204833 0.175154 -0.413946 -1.07229 -0.103699 -1.06666 -0.433505 -0.502778 -1.57767 -1.4551 
1.49157 1.17324 -1.79108 0.410539 -0.95823 -1.03792 -0.941701 -1.65917 2.00567 0.238057 -0.286977 0.0328375 -1.53819 0.0188081 0.161687 -0.221259 0.256903 -0.319676 -0.407931 -1.30792 -0.295101 -0.255915 -0.12593 0.360946 -0.643072 -1.41426 -0.0709164 -0.0805242 0.217896 -0.267307 0.222952 0.394547 0.513498 1.46254 -0.761733 -1.72639 -0.322527 1.54576 2.26198 
1.44212 1.64274 -2.15643 0.59522 -1.44279 -1.08537 -1.97746 -1.45532 1.41209 -0.652189 -0.651419 0.118716 -1.86738 0.131721 -0.0912339 0.0954116 0.264644 -0.168203 0.0757878 -0.553005 0.807572 -0.132283 -0.601922 0.770134 0.587559 0.789175 0.12086 -0.18803 0.237385 0.10504 0.466055 0.626718 1.35991 0.974226 0.149977 0.231694 0.477381 1.46129 2.67832 
1.62329 1.082 -1.69567 0.675183 -1.12643 -0.962128 -1.49471 -0.851597 1.87339 -0.363865 0.483157 0.620397 -0.74902 0.139668 -0.0263426 0.0161259 0.361943 0.146379 0.218787 0.0519845 0.679126 -0.105938 0.105764 0.838327 0.818216 1.26406 0.00858736 -0.816271 0.341969 -0.510866 0.684789 -0.33223 1.03832 -0.887421 -0.259449 -0.14577 -1.03764 0.53262 -0.673521 
1.58179 1.6164 -2.1403 0.957163 -1.29641 -0.866588 -1.92547 -0.776195 1.30615 -0.546426 0.186908 0.936933 -0.603321 0.140309 -0.907505 0.437381 -0.246221 0.516586 -0.256442 0.48531 -0.0798486 -0.391732 -0.747693 -0.267507 1.12018 0.115653 -0.165372 -0.595751 0.13296 -0.297194 -0.364171 -0.478259 -0.27869 -0.986694 0.156245 -1.27869 0.0441584 -0.453093 -1.69849 
1.7636 0.1745 -1.25829 0.428962 -0.609847 -1.21857 -1.0094 -0.931445 1.48166 -1.11156 0.21565 1.74058 -0.633366 -0.0257041 -0.622094 0.149086 0.0647493 -0.217792 -0.259472 -0.226706 -0.307568 0.0503069 -1.17292 0.882485 0.365123 -0.43443 -0.300437 1.24979 -0.904069 0.698418 -1.15758 0.0386502 -1.23771 -0.336274 -0.0473585 0.523198 1.23862 -2.1532 -1.30593 
1.55608 0.994308 -1.99122 1.02191 -1.51421 -1.12606 -2.15218 -1.08376 1.35646 -1.71935 1.06939 1.30206 -1.03775 -0.160129 0.342282 -0.466689 0.452196 -0.640997 -0.217792 -0.752404 -0.416123 -0.43909 -0.224494 0.971117 -1.03302 -1.19027 0.0227714 0.676451 0.178935 0.00540243 0.585934 -0.0915437 1.1829 0.202729 -0.293538 2.17278 -0.490149 -0.305156 -0.00368772 
1.60347 0.516782 -1.72498 0.881159 -1.25084 -1.43636 -1.7618 -1.34757 1.04257 -1.33605 1.18677 0.707552 -1.82364 -0.00293269 0.0543574 0.328021 0.0701517 0.368142 -0.351016 0.956199 -0.104838 -0.243231 0.99986 0.392337 0.0599671 -0.438118 0.113923 -0.397293 0.842052 -0.563396 0.811642 -0.084796 1.172 0.347224 0.00609873 1.13658 -0.480934 1.31711 1.06168 
1.55315 1.04867 -1.6632 1.09206 -1.14606 -1.47708 -1.19598 -1.1886 1.11323 -0.719488 1.46173 1.36202 -1.47587 -0.0462059 -0.055011 0.375363 -0.1112 0.170645 -0.302588 0.419591 -0.0688984 -0.432992 0.912087 0.490183 0.284088 -0.128587 -0.0599228 0.288224 -0.443389 0.0751236 -0.627402 0.419752 -1.04285 0.0526651 -0.0819219 -1.18167 0.0113956 -0.100801 0.93423 
1.55727 0.461771 -1.34962 0.769959 -1.0802 -1.73895 -1.34221 -1.41647 0.609574 -0.423965 1.67695 0.991639 -1.95222 -0.0628555 0.342582 -0.115369 0.145275 -0.25926 0.068736 -0.0866555 -0.0521733 -0.325153 -0.181812 0.403732 -0.0408335 0.496112 0.0466127 0.649918 -0.388353 0.489527 -0.478425 0.700095 0.508066 0.0992475 -0.021621 -1.28672 -0.104966 -0.120284 0.698903 
1.49029 1.39125 -1.77856 1.23734 -1.40532 -1.40834 -1.28263 -1.24077 0.788075 -0.9013 1.86546 1.32119 -0.979757 0.000406763 0.594907 -0.0129894 0.378327 -0.30778 0.397506 0.927657 0.0303491 -0.454613 -0.374631 0.385216 0.163803 0.570316 0.118775 -1.11468 0.880879 -0.164288 0.239167 -0.177316 1.44453 0.0693239 -0.499237 -0.2041 -0.443666 0.583671 -0.101997 
1.55768 1.05668 -1.36261 1.14829 -1.38798 -1.34144 -0.414552 -1.38612 0.154962 -0.798596 2.06217 1.15544 -1.38191 0.0559192 -0.772101 0.76551 -0.0190126 -0.020093 -0.10858 1.35787 0.0171505 -0.82439 -0.385913 -0.0399335 0.542838 0.394116 0.024102 -1.46658 0.708032 -0.195875 0.278864 -0.632195 -1.04717 0.23017 0.688257 -0.245573 -0.902528 -0.258973 -0.132714 
1.54621 0.619146 -1.01305 1.21833 -1.42542 -1.51692 0.0752382 -1.22362 -0.0363144 -1.28721 1.82553 1.86403 -0.585642 0.0245088 -0.87167 0.695043 0.182451 -0.0289158 -0.234689 -0.119514 0.26052 0.233645 -0.620205 -0.517311 -0.09517 0.437602 -0.0786973 0.114311 -0.64585 -0.105797 -0.349431 0.0226484 -2.22564 -0.0441781 0.278049 0.469874 0.386975 -0.837305 -0.341443 
1.58218 0.185008 -0.667562 1.33074 -1.41689 -1.57613 -0.534066 -1.1256 0.388606 -1.4188 1.54485 1.06027 -0.944306 -0.022778 -0.65779 0.11966 -0.12481 -0.369524 -0.0859314 -0.86777 -0.0270276 -0.546341 0.0839616 0.347042 -0.294468 0.0526722 -0.254659 1.1111 -1.0298 0.161668 -0.607586 0.63867 -0.225907 -0.332434 -1.57798 0.465199 1.16758 0.654502 0.603106 
1.52344 -0.0386443 -0.893394 1.09352 -1.79494 -1.60285 -0.792532 -1.25065 -0.582656 -1.20325 2.17257 1.56956 -0.532969 -0.23015 0.23943 -0.334756 0.34412 -0.636502 0.403981 -0.345421 -0.0719142 -1.34434 -0.155006 0.650268 0.559332 1.04071 -0.283019 0.844864 -0.115992 0.582851 0.0585112 0.78523 0.680391 0.194725 0.523889 -0.568675 -0.780889 -0.299772 0.479791 
1.35203 0.424438 -1.00232 1.67486 -2.0534 -1.17215 -0.879487 -1.19751 -0.955733 -1.57381 2.19512 1.6196 0.0964015 -0.305797 0.187073 0.00366831 0.458041 -0.311013 0.699299 -0.187379 0.167697 -0.0224522 -0.484713 -0.433848 -0.59424 0.532463 0.0971013 -1.41297 1.29906 -0.455744 1.56385 -0.679735 1.70584 -0.0469667 0.947976 -0.0966027 -1.88 -1.08391 -1.43945 
1.21764 0.148429 -0.889726 1.55156 -2.10595 -0.903553 -0.979911 -1.08295 -0.605108 -1.68796 1.73872 0.975319 -0.000506076 -0.133049 -1.17354 0.964304 -0.111624 0.927346 -0.275755 1.36042 -0.118881 -0.396364 -0.251608 -1.22973 -0.524576 -0.398743 0.0737671 0.00183212 0.51983 0.386859 0.978683 -1.12939 0.588502 -0.439203 -0.734997 0.1068 -0.623981 -0.404127 -1.75336 
1.21898 -0.749101 -0.0380136 1.56323 -1.12605 -1.44791 0.480936 -1.31639 -1.3521 -1.82541 0.96539 1.09503 -0.302341 -0.23203 0.188905 0.523498 0.8449 0.66767 -0.430089 0.401123 -0.271506 -0.757449 -0.377913 -1.05783 -0.998366 -1.22089 -0.284961 1.64093 -1.12199 0.740911 -1.09361 0.184953 -2.09531 -0.0780044 0.276536 -0.0967772 0.300123 -0.716301 0.0322824 
0.985608 0.337334 -0.366228 2.39646 -1.43828 -1.33364 -0.578788 -1.35446 -1.36256 -2.06588 0.680895 -0.0230466 -1.2214 -0.41801 0.467388 -0.157689 0.629287 -0.166263 -0.090802 -0.734886 -0.196885 -0.119828 -0.348385 -0.929608 -1.24088 -0.36646 -0.237527 -0.993004 -0.198258 -1.10833 -0.142962 0.487728 0.148394 -0.000361729 -0.175597 0.218331 0.258987 1.29471 2.0822 
0.800975 -0.281713 -0.195703 2.19252 -1.29231 -1.53871 -0.25395 -1.51328 -1.47193 -2.1738 0.0357818 -0.14585 -0.668802 -0.469557 -0.804098 0.32524 -0.263431 0.524707 0.0576391 0.549517 -0.271868 -0.933046 -0.159582 -0.798841 0.296341 0.861309 -0.165424 -0.514478 0.47637 -1.02061 0.557221 0.589637 1.29518 0.384399 -0.188107 1.95071 0.282302 0.850181 0.431366 
0.516051 -0.466764 -0.040988 2.13303 -0.913576 -1.276 -0.0292707 -1.62633 -2.2956 -2.22546 -0.117946 0.273295 -0.360091 -0.583434 -0.0470897 0.318681 -0.391327 0.390958 0.498835 0.560291 0.187513 -0.307935 1.60232 -0.647307 -0.390697 0.0649052 0.13493 0.652095 -0.322003 -0.232909 -0.753531 0.0493448 0.339168 1.03939 1.58631 1.77908 1.27131 0.068898 -1.21883 
0.217541 -0.328803 0.122978 1.80119 -0.901356 -1.03987 0.306341 -1.32577 -1.77986 -0.57148 -0.611525 -0.536546 -0.603896 -0.334627 -0.152004 0.00323662 -0.496339 -0.228824 0.106984 0.888686 0.767521 0.653268 1.6195 0.472469 0.365239 -0.357522 0.378874 -0.605421 -0.306377 0.232988 -0.0490742 -0.340947 0.699184 0.0733107 0.367382 -1.73719 1.07709 0.554638 0.20485 
0.181424 -0.618767 -0.0377514 1.63669 -1.1424 -1.16902 0.859415 -0.858808 -1.64233 -0.605958 0.354523 0.638534 -0.717613 -0.20456 -0.652511 0.012304 -0.158339 0.341883 0.157888 1.25947 0.260824 0.0594473 -0.134867 0.429786 0.163942 0.269755 0.0374415 0.1857 -0.0306667 0.0968454 0.977619 0.342065 0.341033 -0.897911 -1.39072 -1.50623 -0.876467 -2.12128 0.830271 
0.0129818 -0.981313 0.135282 1.64285 -0.559472 -0.881985 1.56582 -1.06494 -1.72041 -0.706347 -0.181739 -0.372605 -0.334141 -0.297186 0.0336964 -0.02743 -0.399494 0.748795 0.449049 1.22972 -0.130389 -0.737451 0.113272 -0.403998 -1.75604 0.472749 -0.185988 1.6814 0.151484 -1.2759 0.152348 0.516116 -1.26654 0.525312 0.699081 1.14869 -0.351541 -0.586014 0.0714401 
-0.115761 -0.585071 -0.0651815 1.23719 -0.393605 -0.719969 2.08913 -0.989198 -2.37979 -0.492687 -0.0494744 -1.11751 -0.244864 -0.390548 1.02888 0.163788 -1.43424 0.494232 0.674005 -0.00706749 0.786136 0.758528 1.01382 0.0782452 -0.422072 0.341195 -0.240783 0.505563 0.502628 -1.21042 -0.236539 0.410465 -1.71262 1.42416 2.68558 0.908121 0.509053 0.622273 -1.08155 
-0.377566 0.0475715 0.29907 0.208611 -0.0652405 -0.20798 1.55875 -0.278805 -0.961885 0.307476 -0.103494 -0.794677 0.00705419 -0.537968 0.53926 0.475198 -1.60992 0.512256 0.859514 -0.482904 1.29377 1.94813 1.02139 0.105055 -1.13377 -0.6088 0.0527311 -1.79659 -0.174835 0.719528 -0.0524846 -0.11718 -0.715285 -0.628383 -0.0948253 -0.619038 0.948496 0.668477 -0.218083 
-0.653729 -0.0458112 0.410016 -0.372721 0.118651 0.139545 1.60623 0.304576 -0.431653 0.528706 0.055581 -2.25128 -0.853665 -0.337817 -0.767709 -0.011047 -0.714715 0.441747 0.556825 -0.722353 0.157753 0.663703 0.394785 1.02674 0.246405 0.123113 0.481967 -1.1799 -0.119525 1.60736 0.00370239 -0.112732 -1.01894 -1.08895 -2.29543 -1.91987 -1.02974 2.85198 4.01231 
-0.715383 -0.720137 0.288023 -0.506104 0.376506 0.348845 0.836395 -0.121052 -0.298182 0.702262 0.923247 -0.548272 0.130167 -0.0560016 -0.64064 0.355673 -0.00255247 0.515959 0.746783 -1.50185 0.204821 -0.347299 -0.898481 -0.924687 1.71821 3.40351 0.264304 1.50154 0.56095 0.610051 -0.186036 -0.493051 0.39655 1.24687 -0.34146 -0.935828 -2.76547 -0.523888 1.3806 
-0.709731 -0.686451 0.765689 -0.375274 0.63461 0.886328 0.104383 0.509397 -0.778952 -0.369775 -0.869106 -0.533069 2.54985 -0.0735132 0.733833 0.549903 -0.104664 0.255711 0.0637744 -0.325803 1.40462 0.322243 -0.541043 -1.73873 -0.277483 1.50371 -0.123217 1.11105 -0.581058 -0.494499 -0.658592 -1.22388 1.71132 0.310747 0.922263 2.44825 2.71519 -1.25136 -5.22939 
-0.788896 0.0136952 0.837926 -0.610767 0.632217 0.412619 0.510592 1.28357 0.0240612 0.161218 -0.815479 -0.825755 1.63388 -0.179218 0.470406 -0.225385 -0.497052 -0.142633 -0.477095 0.209474 0.515567 0.574964 1.54977 1.79051 0.466847 -1.82588 5.16789e-005 -0.737853 -0.912396 0.151249 0.18952 0.105446 0.427686 -1.78481 -0.37049 0.972176 3.11968 1.18256 -1.43419 
-0.888949 -0.216045 0.540304 -0.872325 0.491977 0.409234 0.313857 1.02496 -0.203988 1.18 0.9214 -0.066222 0.723971 -0.0734615 -0.00401999 -0.362493 0.0465855 0.445231 0.16922 0.101883 -0.380194 -0.0482469 0.431133 1.38095 0.905079 0.06952 0.119839 -0.376656 0.350633 0.540619 0.524295 0.418362 0.0967089 -0.542961 -0.460422 -2.34638 -3.35254 -0.857345 2.33343 
-0.862358 0.00967521 0.475434 -0.564182 1.07745 0.581839 0.612474 0.903374 -0.0241858 0.592351 0.565475 0.0793235 1.7034 -0.0593792 0.0937504 0.125248 0.0435671 0.381662 -0.0587329 0.306183 -0.0273932 0.114542 -0.796611 -1.56203 -0.390498 0.507553 0.0850379 0.148698 0.434461 -0.375255 -0.739735 -0.416252 -0.538644 0.624635 -0.0431607 -1.03389 -2.54252 -2.00409 -0.804584 
-0.948329 -0.122295 0.665552 -0.828758 0.873639 0.350501 0.62004 0.997571 -0.0894464 0.383386 -0.640629 -0.45672 1.23152 0.0115764 0.144678 0.0719679 -0.32867 -0.294504 -0.247032 -0.436762 0.244441 -0.0914076 -0.602754 -1.16157 -1.09901 -0.735064 0.213734 0.534574 -0.181101 -0.153765 -0.47593 0.156361 -0.753105 0.0568388 0.670124 1.34743 1.82515 0.562499 -1.47147 
-0.850781 0.154353 0.547402 -0.892851 0.782944 0.334807 0.175713 1.14782 -0.115593 -0.0104028 -0.596093 -1.01969 0.968336 0.154355 0.628325 -0.0558521 -0.110198 -0.0942679 0.0976277 -0.446922 0.0294455 0.784665 0.550823 0.263116 0.172001 -0.963915 0.114249 0.31725 -0.0822984 0.524751 0.302914 0.782964 0.603538 -0.723765 0.570743 1.19322 1.48654 1.5842 0.0215481 
-0.793974 0.50603 0.6097 -0.938957 0.779371 0.448128 0.173118 1.02702 0.695219 0.934209 -0.377513 -0.284719 0.267609 0.125825 0.461929 -0.0103305 0.196081 0.00840997 0.535933 0.166776 -0.479324 0.479336 0.590468 0.32497 0.48519 -0.713516 -0.0826194 -0.646709 0.175004 0.709471 0.500095 0.253197 0.547398 -0.243496 -1.08931 -0.483389 -1.15652 -0.601792 2.10192 
-0.724956 0.616282 0.537071 -0.69677 0.791354 0.87074 0.342489 0.668491 0.363742 0.580065 -0.271123 -0.534497 0.254821 0.0717353 -0.0183837 0.119152 0.599273 0.405827 0.350825 0.100476 -0.214051 -0.304642 0.0674336 -0.8934 -0.429791 1.138 0.319879 -3.07014 0.433526 -0.718203 -0.588921 -0.287414 -2.49822 0.795122 -2.64183 -0.278665 -1.10164 1.30871 -0.00723497 
-0.722239 0.487647 0.728852 -0.339684 1.1852 0.798953 0.273594 0.812966 0.390577 1.00164 -1.27091 -0.714511 1.40561 0.445705 -2.60821 0.423196 -0.522122 -0.580511 0.248519 -2.33144 0.315798 -2.1625 0.311803 -0.776671 1.7939 -0.720751 0.627499 -4.62229 0.974289 -1.46813 -1.29455 0.584875 -2.33063 0.847989 -0.0447948 0.851804 1.00984 2.7392 -3.5067 
-0.279251 -1.99193 0.960267 -1.21889 0.210843 1.11926 -1.98895 0.984289 -1.79875 0.891868 -1.04779 1.25941 -0.46593 0.699235 -4.64067 1.09344 -0.868861 -0.888727 0.9357 -2.23015 0.633938 -0.349436 0.919238 0.116438 2.30941 -2.36869 -0.437726 1.48577 0.179389 0.704976 0.859963 0.0449916 3.41269 -0.383397 3.86305 -1.01387 0.997264 -0.792712 2.07931 
-0.0230041 -4.15303 1.82229 -1.20855 0.296471 1.73465 -1.95656 1.4469 0.0411411 1.92088 -1.15447 1.5949 -0.96308 0.00797855 -1.12244 0.602585 0.182854 0.279453 0.29351 1.08124 -0.067599 1.70055 -0.702065 0.220593 1.00119 1.35856 -1.10382 6.45963 -1.64587 1.12085 1.45604 -1.20041 4.51811 -0.914189 0.71928 -2.08113 1.14878 -2.61894 3.41765 
-0.271273 -3.11437 1.56285 -1.03604 0.490296 1.41277 -0.907707 0.91669 -0.0982019 0.189803 -0.827201 2.2606 0.892629 -0.404583 1.81896 -0.552431 0.251991 0.567316 -0.264715 2.28795 -0.280251 0.369844 -1.1619 1.26522 -0.309528 1.04896 -0.112076 2.23284 -0.841295 0.276988 -0.22693 -0.816593 -1.29472 0.261332 -0.0387274 1.67878 -0.016439 -2.80781 -4.10558 
-0.427587 -2.33407 1.26986 -0.956554 0.863787 1.46994 0.331395 1.16665 0.410985 0.758985 0.11074 1.28537 0.0858801 -0.104098 1.1104 -0.23871 0.459842 0.0525228 -0.523083 -0.213474 0.193734 1.66183 0.976716 0.204154 -1.80662 -2.74703 0.383137 -1.31352 0.211029 0.24824 -1.1862 0.35498 -3.39374 -0.571931 0.289099 -0.205148 -3.64387 -1.56498 -2.36057 
-0.37537 -2.00398 1.32414 -0.576196 0.542819 0.889686 -1.12118 1.11042 1.56362 1.16652 -0.623046 0.453971 -1.8544 -0.0214461 0.505442 -0.341402 0.500231 -0.618883 0.0902653 -1.10579 -0.852182 0.658943 -1.36704 -2.37865 -1.87451 -1.31161 -0.147975 0.15022 -0.302945 -0.546255 -0.00165951 0.710906 1.74367 -0.0735375 -2.14191 -1.24015 -0.820888 -0.192908 3.44267 
-0.449033 -1.82863 0.92846 -0.456324 0.244904 1.5602 -0.774395 0.31447 1.06993 -0.608058 -2.26791 -0.589141 -1.22573 -0.252073 1.26062 -0.541655 -0.0864123 0.0508633 0.187822 1.53019 0.120196 -0.480082 -0.263434 -0.616734 -1.99953 0.695639 -0.208341 1.58897 0.225207 -0.619767 1.30878 -0.67478 2.56921 1.45997 -0.937387 3.20303 3.67215 1.50375 4.13252 
-0.627443 -0.743359 0.782486 -0.662608 0.593682 1.07751 0.40901 1.23062 1.08354 0.903086 -1.23978 -1.54556 -1.15876 -0.229787 2.09441 -0.116195 -0.119536 0.689893 -0.584515 1.46342 0.607787 -0.278443 1.83599 1.2935 -0.370756 2.8209 0.154866 -0.208805 0.307997 0.0501141 0.102562 -0.44002 -0.691442 -0.0496477 -0.983472 0.344093 2.20727 3.34229 0.534634 