-0.942324 0.428396 0.929894 -0.786517 1.17976 0.35501 0.0503345 0.652051 -0.125921 0.559128 -0.174186 -0.330167 0.396319 0.0107263 0.272797 -0.0879889 0.0826236 0.226937 0.0605221 1.38712 0.609348 -0.257997 0.373773 2.53936 0.572427 -0.0845412 0.00089189 -1.91067 -0.119324 -0.360268 -1.17489 0.654104 0.440135 0.0529088 0.577315 0.337952 -0.677852 -0.772506 -0.322359 
-0.959856 -0.0945573 0.72329 -0.998907 0.891267 0.676302 0.948929 0.976548 -0.749775 0.534882 1.32713 -0.494241 0.95217 -0.0342845 -1.08206 -0.0292922 -0.0437987 -0.363903 0.274949 0.251114 -0.028706 0.374971 0.32424 -0.20623 -0.517935 -0.658802 0.00573566 -0.362551 0.541053 0.0926546 -0.133865 -0.172652 -1.8633 -0.961258 0.632914 -0.477316 -5.79698 -0.232554 0.145968 
-0.976608 -0.653661 0.900602 -0.830316 0.815861 0.629959 0.301449 0.623345 0.24905 0.883368 -0.380416 -0.848102 -0.262483 0.016462 -0.089754 0.453064 0.175278 0.0930724 -0.11213 -0.476179 -0.35191 0.374917 -0.103544 -3.25762 0.339873 0.0614267 0.0420696 0.713637 -0.32702 -0.215849 0.389108 -0.295999 -0.396557 -0.0175115 -1.12498 -0.567625 0.12449 1.56436 2.4973 
-0.943394 -0.184311 1.17635 -0.823628 0.984339 0.564171 0.47275 0.624638 -0.374858 0.431339 -1.93049 -0.154369 1.0136 0.00778518 -0.36842 -0.356312 -0.259647 0.0252048 -0.0210502 -0.145443 -0.0462175 -0.750004 -0.243385 -0.0817399 1.04642 1.8385 -0.041287 -0.129575 -0.842262 -0.316913 0.4425 0.662403 0.27787 0.393662 -0.796042 -0.0807057 3.17994 -0.634386 0.684508 
-0.968823 -1.02208 0.54429 -1.08996 0.841066 0.608909 0.156006 0.577128 -0.500953 0.639983 -0.462156 0.198318 1.57602 -0.024825 -0.219329 -0.389198 -0.141635 0.535572 0.550272 -0.19831 0.0417526 -0.421125 -0.184249 -0.077683 -0.294513 0.745935 0.0276559 1.14485 0.660683 0.43496 0.301484 0.38655 1.02384 0.381751 0.948181 0.302598 0.640797 -2.55061 -3.45861 
-0.968219 -0.403641 0.787157 -0.965263 1.51991 1.11444 0.27444 0.666391 -0.795983 0.247089 -2.00818 -0.448881 1.75953 0.035441 0.776427 0.304371 0.175312 0.326689 0.3655 0.878402 0.335533 0.198177 0.0592127 0.559057 -1.50419 -1.62011 0.037131 -0.311951 0.5129 -0.000909459 -0.939065 -0.468413 1.3247 0.176998 0.853583 0.757176 1.75827 0.0216953 -0.785138 
-0.933382 -0.245654 0.848661 -0.914651 1.16776 0.974409 1.03441 0.912661 -0.302776 0.699196 0.0969017 -1.30588 -0.0440897 0.012306 -0.531281 0.123702 -0.142544 -0.403493 0.0818595 1.12639 0.218751 0.432457 0.572927 1.68059 -0.272818 -0.0392028 -0.0827206 -1.89586 -0.535735 -0.347137 -0.487444 -0.117658 -0.444709 -0.176515 0.464794 -0.381948 -1.83824 3.68866 3.57279 
-0.955913 -0.934922 0.910859 -1.10781 1.11642 1.1963 1.40083 0.885141 -0.363525 0.820016 -0.327585 -0.721699 1.72033 -0.0472795 -1.11943 -0.231364 -0.171825 -0.160755 0.247842 0.433692 0.159019 0.662971 -0.322735 -1.27918 2.18446 1.95268 -0.0155178 1.3131 -0.177259 0.59611 0.490788 -0.00747476 -1.50373 -0.233203 -0.579893 -1.919 -2.64467 1.39477 -0.568773 
-0.980662 -1.36509 0.617297 -1.08648 1.007 1.22225 1.4681 1.07168 0.360195 0.376461 -1.18228 0.878585 1.90859 -0.00321184 0.781817 -0.0535575 0.453565 0.0872952 0.0743847 -0.377337 -0.0144527 -0.147435 -1.34607 -0.96408 1.12195 -0.607976 0.065938 2.06634 0.155413 0.320953 -0.101396 -0.689952 -1.56519 -0.619618 -3.14216 -0.193296 1.47008 -4.00797 -3.18816 
-0.959125 -0.153104 0.857301 -0.654242 1.20371 1.27069 1.0235 0.870689 -0.510961 -0.526052 -1.29166 0.40025 1.11235 0.0186584 0.946908 -0.0759509 0.149129 -0.262151 -0.44211 -1.1315 -0.460599 -2.47919 -0.516031 0.190903 -1.82351 -1.23548 -0.0458184 -1.92999 -0.199222 -0.737729 -0.450455 -0.248568 -1.03985 -0.115197 0.375192 2.29391 2.61231 -2.34705 0.774703 
-0.962003 -0.418179 0.541346 -0.937347 0.744849 0.780141 0.336604 0.611081 -2.11899 -0.13957 -0.991373 -0.944925 0.673112 -0.0490303 -1.14817 -0.25278 -0.284163 -0.363159 -0.174183 -1.41719 -0.12965 0.227757 0.947845 1.64823 -1.2251 0.166727 -0.0227715 -1.1746 0.431115 0.114275 0.676094 0.902085 2.51063 0.633833 4.91157 1.96353 -0.23774 2.73161 2.28679 
-1.00816 -1.30127 0.604521 -0.938405 0.840555 1.0965 -0.393694 0.741039 -0.283204 0.421793 0.35656 -0.824847 1.27908 -0.00411309 -0.227691 0.355164 0.263403 0.413943 0.459976 1.37913 0.173234 2.43238 1.4475 -0.0468372 0.908095 1.05132 0.107455 1.76523 0.646456 0.415309 0.471732 0.104042 4.06454 0.566977 0.599942 -0.305239 -2.79578 1.58959 -1.61326 
-0.966116 -0.64587 0.89651 -0.673944 1.15879 1.24012 1.71574 0.784315 0.313392 1.30793 -1.03821 -0.0368301 1.72443 0.0584248 0.617063 0.393676 0.131145 0.108573 -0.0701414 2.64735 0.437327 0.827699 0.642606 -1.14756 0.364495 -1.44653 -0.00508949 -0.339803 -0.317144 -0.633857 -0.908684 -1.0721 -3.46234 -0.0724014 -3.26306 -2.1346 2.77037 0.241761 -1.5645 
-0.949731 -0.684212 0.998197 -0.80726 0.949128 1.02636 2.25365 1.17837 0.544495 1.0644 -0.790998 -0.460353 -0.167449 -0.00920259 -0.567494 0.0380202 -0.370454 -0.494741 -0.612126 -2.08321 0.100833 -0.83068 -0.687099 2.72354 1.14986 -0.513182 -0.0578381 -1.24441 -0.436864 -0.2773 -0.0840728 0.510018 -4.61066 -0.520892 -1.31381 -0.386234 1.8872 -0.0229885 2.73187 
-0.975319 -1.21336 0.93453 -1.0444 0.664051 0.627992 -0.367475 0.885148 -0.517288 0.620833 1.68533 1.11303 1.21125 0.000586619 -0.627343 -0.0431876 -0.146154 0.0245003 0.439876 -1.96331 -0.0835648 -0.486109 0.256372 0.739642 0.341506 1.28534 0.0602317 0.784688 -0.186817 0.446124 0.754162 1.41664 3.19639 0.00678973 1.41681 1.46997 -3.94345 -2.57004 0.50651 
-0.949144 -1.31155 0.95501 -0.953414 0.973628 1.46624 0.29034 1.0948 0.0583864 1.32077 -0.0513561 -0.118847 1.11789 0.0510291 0.217194 -0.148796 0.0756705 0.259422 0.804515 1.11318 0.107622 0.586126 0.782876 -1.21991 -1.42019 -0.00667198 -0.0559855 1.28094 -0.0506313 0.222045 0.44016 -0.823026 1.95625 -0.210994 0.0895137 -0.842573 -1.42353 -0.835517 -2.26198 
-0.92429 -0.99617 0.785734 -0.968727 0.923473 1.43251 0.745701 0.99277 0.0688388 1.40371 0.465411 -0.307162 1.20457 -0.0553988 0.653596 -0.0938189 0.0758907 0.464661 -0.38315 -0.00706176 -0.294559 -0.396595 -0.586201 -0.683885 -0.49401 -0.976638 -0.1133 0.0122593 -0.0303976 -0.192409 -0.274256 -1.34535 -1.93638 -0.248594 -0.186363 -1.54201 -0.716104 1.12991 -0.5535 
-1.00454 -0.657958 0.861191 -0.877523 1.43829 1.08309 0.283278 0.800243 -0.338209 0.734571 -0.735241 -0.612857 0.141256 -0.0622711 0.229453 -0.179194 -0.116738 -0.0148344 -0.540834 -0.823208 -0.140972 0.399763 -0.75913 -1.93602 -0.290278 -0.560172 0.121506 -0.146524 0.0440928 -0.134048 -0.934002 0.213829 0.579818 0.646534 1.00408 0.279125 0.607059 0.212235 1.60493 
-0.986561 -0.766716 0.60654 -1.08547 0.908638 0.891673 -0.0775069 0.851798 0.468602 0.644579 -1.47061 -0.59744 0.644401 0.066107 0.507072 -0.0497261 -0.0581575 -0.469341 -0.169321 0.572757 0.351976 0.607485 -0.307076 -0.0768254 -0.281776 0.628293 0.0415566 -0.899607 0.387115 0.441274 -0.163748 0.593426 2.20554 0.598653 -1.31559 0.816573 2.79483 0.496111 0.288412 
-0.938436 -0.150887 0.811465 -0.93568 0.968948 0.913768 0.856035 1.15222 0.269276 0.427495 -0.812066 -0.894633 0.769549 -0.0207145 -0.670154 0.207921 0.324535 -0.178582 0.0525927 1.38233 0.457681 -0.915829 0.057443 0.858809 0.205832 -0.271759 -0.0972409 -1.17051 0.0187756 0.229857 0.282525 -0.0124165 0.323625 0.0085557 -0.94126 1.06162 1.39852 0.44187 -1.03209 
-1.00728 -1.43687 0.814462 -0.76093 0.730056 0.944265 1.30483 1.30948 -0.447227 0.702022 -0.611798 -0.391608 0.372642 -0.031134 -0.663438 -0.0309505 0.171699 -0.186816 -0.181738 0.896382 0.360531 -0.333775 0.754541 1.32169 0.160094 -0.403792 0.0486137 1.25224 0.0417759 -0.310956 0.440248 0.0415989 -1.67291 -0.911975 1.3214 0.150125 0.317508 -0.248991 -0.717717 
-0.96957 -0.814325 0.780514 -0.763981 0.782132 0.73203 1.75242 1.51275 -0.0644992 1.18204 0.509627 -0.734539 0.365757 0.0278992 0.582083 0.249697 0.0135789 0.261666 0.0941916 -0.290582 -0.454294 0.405574 0.207568 1.17632 -0.043159 -0.989477 0.0521508 1.02485 0.0649267 -0.532529 0.353088 0.209023 -1.90156 -0.744043 0.58053 -0.969976 -2.35254 -0.373696 -0.514476 
-0.979376 -0.854787 1.06416 -0.747351 0.991722 1.03846 1.01424 0.855185 -0.0416531 0.90959 0.564519 -0.434767 -0.616834 0.0210169 0.361415 0.0339762 -0.36083 0.166272 0.0272849 -1.00518 -0.383512 0.246754 -0.215436 -1.03085 -0.213603 -0.918268 0.0482388 0.46704 -0.448179 -0.407818 -0.525599 -0.212305 -0.307815 0.743273 0.662303 -0.206148 -3.05438 -0.111559 2.50757 
-0.948553 -0.45291 0.81449 -1.12481 0.948405 0.759315 0.747237 1.12924 0.182255 0.9666 -0.521219 -0.948142 -0.552511 0.076138 1.04912 -0.198482 -0.394239 -0.263933 -0.118114 -0.598397 0.288979 1.06788 0.00142029 -1.87807 -0.154718 1.51809 -0.0515954 -1.29335 -0.309285 0.351823 0.0505607 0.536571 1.2003 0.361647 -0.72332 0.110264 0.346228 -0.285131 1.27451 
-0.903238 0.194336 0.865677 -1.14159 0.727788 0.920343 0.415846 1.14416 1.02622 0.91101 -1.31355 -0.589485 0.901257 -0.0305786 -0.931935 -0.275309 -0.00900638 0.216833 0.563856 0.195125 -0.0218651 -0.476566 -0.105172 -0.684619 -0.498733 0.356243 -0.068675 -1.68891 -0.0134316 0.551426 0.775696 0.415184 2.0102 -0.23885 -1.33406 0.976586 3.87572 -0.343272 -1.41878 
-0.979132 -1.38484 0.539181 -1.13382 1.16524 1.32317 0.942362 1.10737 -0.294311 0.861429 -1.20584 -1.44688 -0.196268 0.00746301 -0.639786 -0.211913 0.157187 0.511762 0.29707 1.4118 0.0501287 -0.266186 0.978006 1.99765 -0.49799 0.0993065 0.0864332 2.07301 0.88067 0.639654 -0.3671 -1.03589 0.292822 -0.118666 0.874787 0.178767 1.63719 0.945073 1.86967 
-0.895775 -0.44545 0.653763 -0.984404 1.23955 1.21741 1.82764 1.19429 0.760038 1.88902 0.684106 -1.08747 1.00056 0.0558547 1.14107 0.60536 0.630648 -0.150267 -0.472035 0.487947 -0.140531 0.398221 0.0735955 0.952566 0.44634 2.22592 -0.0865058 -0.0260836 0.496448 0.0588506 -0.792995 -0.42538 -2.64516 0.0219758 -0.303625 -2.25367 -2.31887 1.35699 -1.08886 
-0.923277 -0.24377 1.14454 -0.503169 1.01497 0.851136 1.43031 0.966843 0.103911 0.935024 -0.253272 -1.00054 2.02965 -0.0790428 -0.665869 0.284534 0.216038 -0.281233 -0.12831 -1.23336 0.0721045 -0.569811 -1.27566 -0.321217 0.859004 -0.989557 -0.0956423 -1.52092 -0.777259 -0.937935 0.0420893 0.731527 -0.789576 0.626255 0.728772 0.246585 -0.365285 -0.10244 -3.67112 
-0.974818 -1.11132 0.938297 -0.768366 0.958317 1.0891 0.594282 1.2664 0.190227 0.613354 0.362889 -0.228471 0.0110069 -0.0397876 -0.379842 -0.171899 -0.307287 -0.108178 0.259492 -0.301629 0.485725 1.12699 0.32018 0.587281 0.343899 -1.4452 0.0706228 0.922163 -0.508081 -0.449674 0.682057 0.151284 2.05753 -0.239029 0.342899 1.88836 -0.299995 -0.916001 2.21 
-0.963065 -0.623612 0.972642 -0.810456 0.906793 1.11063 1.12868 1.45257 1.2309 1.2552 0.334009 -0.656637 0.584445 -0.00841991 0.256293 -0.223547 -0.233637 0.400824 0.0229748 0.82417 -0.166925 -0.226912 0.612701 -0.621213 -0.0569967 1.22044 0.0692616 0.116601 0.0258193 0.114104 -0.138495 -0.741431 -0.633279 -1.00025 -2.32086 -0.758363 -0.947688 -0.334123 1.49088 
-0.983238 -0.855026 0.71475 -1.002 1.35914 1.11208 1.41845 1.09947 -0.0366848 1.22606 -0.258324 -0.285467 1.23145 0.029474 -0.263241 -0.146079 -0.193183 -0.246673 -0.481939 -0.934908 -0.514528 -1.19387 -0.438183 -0.360407 0.00977663 0.0456716 0.0489863 0.0450581 0.548944 0.123205 -0.910078 -0.352216 -1.77161 0.199005 0.356847 -0.71602 1.58271 0.0238819 -1.85771 
-0.933591 -0.886853 0.826563 -1.00364 0.66012 0.628689 0.193772 0.938039 0.0370339 0.817022 -0.0263981 -0.64686 0.630116 0.0405664 0.301351 0.325397 -0.110431 -0.509254 -0.329242 -0.947442 0.0320805 0.129935 -0.103319 0.961498 -0.0331148 -0.637272 0.0176618 -0.164951 -0.0305946 0.597887 0.261004 0.591331 1.43018 0.169568 1.16767 0.747902 0.190192 0.555969 0.0630856 
-0.942671 -0.553675 1.04015 -1.11243 0.849887 0.782837 0.471011 1.13155 0.0932506 1.12274 0.703174 -0.318582 0.594175 0.0471357 -0.428192 -0.176674 0.404704 0.0143313 0.109393 0.495271 -0.34496 -0.0261959 0.309719 -0.170216 0.565746 0.108757 1.54197 0.861097 -2.06957 0.761775 -0.0709808 -0.944205 0.0335967 -1.30555 1.32682 0.139632 -2.13309 -0.183091 0.360672 
-0.886455 -1.31505 0.649889 -0.598935 0.674452 0.738082 0.689043 0.593079 0.0108379 1.12674 -0.196614 -0.0811141 0.738873 1.58254 1.16245 -1.74417 0.651343 -0.580235 -1.27345 -0.913845 -1.27347 1.45675 0.0363128 -1.17159 -0.216205 -0.2766 1.7955 4.40699 -2.71894 0.556423 -1.80776 -1.12458 -1.75609 -0.760867 1.6681 -1.29285 -0.160702 -1.34841 -0.865286 
0.639868 0.608773 -0.704026 -0.461091 0.269652 -0.49061 -0.442834 -0.141921 1.55 1.15905 -0.468415 -0.534788 0.317575 1.84263 3.97879 -2.89561 0.961128 -1.79343 -1.01519 -1.26082 -1.10583 1.64191 -0.983128 -0.330918 -0.78266 -0.756529 -1.09042 -0.293217 0.480867 0.0156034 -0.943869 1.41632 0.652507 0.873331 -1.74705 -1.05385 0.681524 -0.523627 -0.11502 
0.956178 2.66375 -2.24572 0.362192 -1.11898 -0.277109 -0.571776 -0.512748 1.65275 0.143612 -0.527531 -0.863774 -0.0176557 0.492115 0.869231 -1.26331 0.666947 -1.5241 0.142878 -0.261338 -0.400143 -0.290299 -1.01753 -0.490064 -0.739833 -0.39162 -1.61215 -4.99557 3.08134 -0.93658 1.53784 1.00113 1.04265 1.18002 -1.67145 0.904601 0.45506 0.319912 0.713922 
1.13198 1.478 -1.96733 0.205856 -1.25445 -0.347732 -0.704173 -0.542064 1.2597 0.141517 -0.958479 -1.27462 -0.0740453 0.230482 -1.01677 0.185735 0.0245474 -0.255589 -0.0140656 -0.218169 0.0741947 -0.0295391 -0.0785267 0.124142 -0.462748 -0.0426074 -0.398859 -0.978209 1.4738 -0.29295 1.70915 -0.0280128 -0.213229 0.644134 0.530912 1.44339 1.93593 1.59531 0.0765419 
1.18666 1.64698 -2.05999 0.38674 -1.37457 -0.291175 -0.789944 -0.438553 1.62321 0.0650854 -0.403389 -1.32652 -0.0602631 0.0932555 -0.108978 0.210493 0.373997 0.185046 0.114865 -0.474568 0.243991 0.240613 0.42586 1.44587 0.85548 -0.315078 -0.191789 0.100946 0.0577705 0.150157 0.453823 -0.395744 -0.702237 -0.351936 -0.0231005 -0.133025 0.205547 0.481317 -0.276358 
1.22524 1.36903 -1.75684 0.579852 -1.06941 -0.232867 -1.17874 -0.298073 1.50032 0.567377 0.48739 -0.419141 -0.389124 0.0386929 -0.915826 0.243506 0.174704 0.198234 -0.40981 -0.920405 -0.277741 -0.0526396 -0.211552 0.32969 0.0185694 -0.318965 -0.0942623 -0.903546 -0.187329 -0.409418 -0.283479 -0.734224 0.0777276 -0.9272 -0.288052 -1.18729 -2.54245 -1.35791 -0.302872 
1.22535 0.731149 -1.81648 0.561444 -1.17633 -0.700984 -1.71035 -0.716294 1.57057 -0.146466 -0.0736991 -1.30795 -0.379228 -0.00100682 -1.01252 0.0231646 -0.035421 -0.0984329 -0.619359 -0.39684 -0.683209 -0.0474388 -0.761428 -1.09658 -0.502435 -0.61795 -0.0582937 0.958015 -0.237578 0.0131633 -0.159407 0.559122 1.22863 0.126196 -0.0105505 0.00421989 0.357494 0.997477 0.33817 
1.22423 0.356502 -1.73367 0.544431 -1.16784 -0.852226 -1.57558 -0.981282 1.45288 -0.19405 -0.609188 -0.921575 -1.00707 -0.0196008 0.0421888 0.00592791 0.187867 0.038827 0.149312 0.308227 -0.151545 -0.0631901 -0.207332 0.687184 1.01605 0.0192054 0.00966361 0.963376 0.303588 0.170839 0.31791 0.741889 0.757256 0.714592 -0.205687 0.746068 2.08702 1.2746 0.584706 
1.20575 0.773338 -1.81055 0.749311 -1.13751 -0.551672 -1.40212 -0.867839 1.50738 -0.353798 0.613485 -0.291906 -0.360023 0.00865679 -0.0491479 0.326753 0.135418 0.219477 0.12253 0.360416 0.0313833 -0.253126 -0.0153598 0.990442 0.772168 -0.0332438 0.0275113 -0.168922 0.172999 -0.240232 -0.0534632 -0.35958 -0.0642809 0.0686873 0.303884 0.152133 0.341085 -1.04646 -0.431513 
1.23289 0.307354 -1.40692 0.679849 -0.948361 -0.729696 -1.21517 -0.949898 1.19975 -0.20941 0.381254 -0.149408 -1.04032 0.00791052 -0.126733 0.178927 -0.0523646 -0.0146362 -0.210268 0.243946 -0.0828574 0.240694 -0.0551991 1.02827 -0.0304111 -0.412308 -0.016249 0.360936 -0.294931 -0.0271008 -0.174499 -0.21528 0.0888525 -0.0924921 0.514968 -0.347898 -0.00922129 -0.425136 0.222005 
1.21366 0.646605 -1.63163 0.696947 -1.15214 -0.76194 -1.15818 -0.950696 1.74807 -0.408997 1.64175 -0.322317 -0.77233 -0.00759224 0.311788 0.031822 0.108317 0.0449783 -0.0927496 0.449268 -0.0611088 0.261843 -0.363258 0.981221 0.347032 0.188761 -0.0281666 -0.206548 -0.100783 0.119611 0.0996448 -0.0833877 -0.0970132 -0.152831 -0.789156 -0.825412 -1.50684 0.434548 0.200157 
1.2253 0.619141 -1.3751 0.788167 -0.903383 -0.822446 -0.765897 -1.01101 1.46159 -0.572668 1.36248 0.197624 -0.851557 -0.020256 -0.333281 0.0781437 0.0672469 0.0850085 -0.293656 0.146932 -0.235689 -0.548462 -0.880611 -0.478572 0.404137 -0.21215 0.0145386 -0.84626 0.0564774 -0.239755 -0.191123 -0.141913 -0.808181 0.0436843 -0.861732 0.403217 -2.17179 0.157572 -0.692818 
1.19341 0.313324 -1.55348 0.764194 -1.06713 -1.0556 -1.01125 -1.18638 1.19961 -1.28961 1.16318 0.0818198 -0.98448 0.00694634 -0.534473 0.0882993 -0.131437 -0.146145 -0.234662 -0.358913 -0.0174246 -0.59989 0.0399595 -1.19057 0.504603 -0.504057 0.0728978 -0.0374348 0.308718 -0.110459 0.138409 0.305446 -0.39311 0.445157 0.254935 1.72816 0.01222 0.511527 0.596076 
1.23224 0.0846686 -1.2868 0.65673 -1.04953 -1.05711 -1.12481 -1.02843 0.861704 -0.532709 0.171908 0.702227 -1.35561 0.0526418 -0.370716 0.386861 -0.0432123 0.223418 0.0117903 -0.246178 0.209468 -0.293528 0.847546 -0.466352 0.915663 0.383926 -0.0075834 0.339568 0.0502863 0.219675 0.363721 0.262668 -0.301355 0.176787 0.58769 -0.413743 2.21392 -0.562896 0.986694 
1.24605 -0.057392 -1.16662 0.720981 -0.843716 -1.04381 -1.25742 -0.976917 0.906082 -0.442063 0.696828 0.997483 -0.600554 -0.000637064 -0.194904 0.138586 0.0882378 0.217576 0.0280054 -0.660268 0.159362 -0.0121994 -0.373784 1.02335 -0.0582926 0.482636 -0.0418341 0.19902 -0.086587 0.140744 -0.0212628 0.128167 0.271984 -0.12706 0.0338225 -1.20542 1.42073 -0.414381 -0.177464 
1.2316 -0.110236 -1.14822 0.744967 -0.831952 -1.0291 -1.78508 -0.869069 0.849504 -0.906493 1.19526 0.643934 -0.872978 0.0108077 -0.171696 0.300274 0.0975317 0.202155 0.139957 0.0258061 0.0824075 -0.259705 -0.357876 0.954373 0.501283 0.206462 -0.00842641 0.570813 0.0259431 0.0539902 -0.266257 0.0113049 1.8118 -0.391277 -0.403067 0.603002 -0.8309 0.990278 -0.655018 
1.25686 -0.229088 -0.866346 0.818513 -0.641561 -0.903848 -1.23162 -0.894509 0.646377 -0.799938 1.6512 1.49877 -0.394092 -0.00906347 0.375908 0.164529 0.142228 -0.0486805 0.0393103 1.15153 -0.231914 -0.415266 0.229218 0.192449 0.931985 -0.172382 -0.0243769 0.418977 0.0333 -0.120846 -0.413503 -0.219578 0.836045 -0.281825 -0.0923803 0.799452 -1.2719 -0.525571 -0.201 
1.22254 0.265673 -0.983686 0.887195 -0.880632 -0.989793 -0.633547 -1.10098 0.434238 -0.677275 1.38771 1.57592 -1.04536 -0.0135692 0.247281 0.333574 -0.0233146 -0.211348 -0.0796206 0.861851 -0.199418 -0.352085 0.441576 -0.31753 -0.0242881 0.00546197 0.0190864 -0.992902 0.0623333 -0.400677 -0.237209 -0.275028 -1.58378 0.192847 -0.181615 -0.660276 -1.72671 -1.43911 0.35967 
1.24329 0.0181932 -0.532771 0.795198 -0.852908 -0.983469 -0.369765 -1.09393 0.294292 -0.358362 1.33367 1.47448 -0.38863 0.010023 -0.616993 0.226862 -0.258449 -0.28589 -0.235718 -0.43225 -0.0390672 -0.596881 -0.431058 -1.53426 -0.507127 0.187288 -0.0203112 -0.455232 -0.539051 -0.00669794 -0.0328312 -0.332028 -1.55729 0.206583 -0.133875 -1.17594 -0.742275 -0.218331 -0.738586 
1.23256 -0.351321 -0.756824 0.628747 -1.16652 -1.22551 -1.0658 -1.14005 -0.162643 -1.10833 -0.146551 1.06879 -0.858072 -0.0338804 -0.207951 -0.205476 -0.0300126 -0.244179 -0.411649 -0.695442 0.00716529 -0.48596 -0.734367 -1.05981 -0.242619 -0.733124 -0.0657429 1.22695 -0.112444 0.639766 0.280498 0.156446 0.294245 0.00439088 0.906798 1.0023 3.46668 1.07818 0.287003 
1.20941 -0.189758 -0.738248 0.765186 -1.09709 -1.39512 -1.06521 -1.08676 -0.191668 -1.09273 0.273866 1.23186 -1.12175 -0.05572 0.609952 0.114418 0.381317 -0.00539113 -0.0792716 -0.138005 -0.0346763 0.309917 0.57124 1.93243 0.571053 0.47429 -0.0143737 0.320231 0.626283 0.261249 0.268461 0.517847 0.407624 -0.178178 0.214757 1.49606 2.86959 1.25185 1.56546 
1.17684 0.258632 -0.642406 1.01006 -1.17191 -1.30478 -1.2038 -1.17473 0.147273 -0.537093 1.78587 1.63985 -0.383782 -0.0482541 0.11228 0.420807 0.231236 0.0242822 0.106198 -0.287819 -0.171012 -0.271203 0.761696 1.80978 1.00923 0.832336 -0.0146663 -0.89992 0.0970811 -0.132427 0.253123 0.28586 0.0757679 -0.0304569 -1.54022 -0.873216 -2.3762 0.409912 0.128677 
1.16115 -0.0774786 -0.317441 0.996422 -1.0728 -1.28892 -1.35303 -1.25777 -0.462871 -0.331033 2.08365 2.24109 -0.289418 -0.0703862 -0.289968 0.211499 0.24889 0.247732 0.206588 -0.0622369 -0.0651333 -1.23031 -0.301976 -0.443771 0.980965 0.602968 -0.0812428 0.425365 -0.766934 0.17544 0.159145 -0.0390801 0.74124 -0.0544432 -0.563701 -1.93108 -3.76418 -0.753027 -0.701396 
1.10646 -0.0313363 -0.430908 1.25895 -0.924181 -1.09819 -1.26604 -1.23986 -1.08303 -0.839069 1.3421 2.62081 0.219186 -0.129497 0.537645 -0.346127 0.406676 0.183427 0.0671177 0.453422 -0.225456 -0.834904 -1.16938 -1.9544 0.256203 0.13094 -0.020404 1.18436 -0.270959 -0.0694705 -0.211513 -0.418847 1.03517 -0.168301 1.79742 0.054416 0.141899 -1.05214 -1.43504 
1.03166 0.460166 -0.663568 1.4031 -0.889378 -1.2218 -0.899604 -1.48323 -1.29777 -1.50042 0.12925 2.49729 -0.158478 -0.0907902 0.894392 -0.05946 0.17942 0.0362192 -0.212259 0.972933 -0.233434 0.567114 -0.24756 -0.301872 -0.07117 -0.832073 0.0624128 -1.07241 0.607619 -0.356494 -0.110212 0.0454768 0.0440421 0.346553 0.571937 1.34416 2.55963 -0.726969 -0.540862 
1.01567 0.863055 -0.490368 1.43837 -0.887962 -1.31045 -0.293106 -1.47329 -0.515918 -1.08663 1.04023 2.54964 -0.612887 -0.0670842 -0.534767 0.261492 0.050182 0.073215 0.112595 0.497464 0.121098 -0.262967 0.174778 0.605231 -0.470766 -0.409923 -0.0254508 -1.95249 0.249278 -0.197721 0.0280547 0.398129 -1.25358 0.223618 -1.67669 0.0587938 0.157661 -1.74992 0.391936 
0.964572 -0.0746012 -0.402076 1.45328 -0.816163 -1.10921 -0.40214 -1.36213 -1.56074 -1.32564 0.734481 2.02652 -0.568401 -0.116241 -1.0581 0.189818 -0.0183015 0.064274 0.18587 -0.280645 -0.00981615 -1.10957 -0.188766 -0.144211 -1.82109 -0.440138 -0.0641797 1.07493 -0.322895 -0.0824942 -0.211422 -0.251367 -0.579517 -0.128435 0.818189 0.10617 -0.0566085 -0.620369 -1.05053 
0.899427 -0.195043 -0.300549 1.42007 -0.823688 -1.12458 -0.573751 -1.48311 -1.62549 -1.2754 0.896021 0.72855 -1.05303 -0.131264 0.54016 -0.061403 -0.0323122 -0.138207 -0.138772 -0.0820528 -0.00733706 0.555221 0.280948 0.548623 -1.09113 -1.46046 -0.0230427 2.03241 -0.09563 -0.0364543 -0.349603 -0.463924 0.128706 -0.0081911 1.46324 0.125298 0.266739 1.32004 -0.316191 
0.833308 0.465559 -0.463479 1.42097 -0.95437 -1.24798 -0.484193 -1.36947 -1.00552 -1.04469 1.2831 0.935389 -2.02886 -0.139284 0.974316 0.0941884 -0.0547558 -0.285329 -0.278054 -0.151939 -0.0180073 0.353666 -0.0634685 0.122528 -0.501047 -0.756328 -0.054658 -0.21641 0.420689 0.22966 0.361345 0.140801 1.13813 0.210144 -0.762221 -0.891977 -2.0068 0.702351 2.15084 
0.760143 0.779273 -0.206361 1.36532 -1.10902 -1.40264 -0.72569 -1.50112 -1.27183 -1.33886 1.01855 0.227503 -1.80935 -0.185922 0.32375 0.359286 0.197348 0.223138 0.00202921 1.05608 0.202807 -0.207 -0.61103 -1.45818 -0.388784 0.690387 -0.0613875 -1.96503 0.493474 0.137625 0.561315 0.203349 1.03767 0.487444 -0.443338 -0.220314 -2.41447 0.259466 1.09055 
0.647386 0.789308 -0.104192 1.61832 -0.731231 -1.24595 0.571883 -1.16666 -1.21252 -1.65572 -0.175075 0.546605 -1.33847 -0.200671 -0.990714 0.587663 0.0828688 0.275986 -0.0747052 0.885733 0.469436 -0.0896724 -0.283783 -2.29194 -0.241581 0.334223 -0.116877 1.09363 -0.223605 0.0504027 -0.629489 0.0155938 -2.34112 0.0448006 -0.266628 0.832263 0.776146 -0.0315999 -0.488237 
0.559472 -0.211441 0.381302 1.44819 -0.833031 -1.47734 0.160043 -1.03168 -1.3615 -1.62265 -1.27339 -0.0140785 -1.47513 -0.302798 1.41738 0.135682 0.247751 -0.406351 0.017623 -1.28504 0.247607 -0.473628 0.221234 -0.682033 -0.420384 0.202149 -0.144971 4.1437 -0.688865 0.164257 -0.677311 0.163582 -1.2544 -0.164541 -0.649516 -0.052646 1.92299 0.323079 -0.511307 
0.344588 2.20669 0.0314892 1.86607 -1.13758 -1.22833 -0.713162 -0.919056 -1.68615 -1.43449 -0.857109 0.126221 -1.13632 -0.345642 3.15299 -0.101202 0.247126 -0.401325 0.0888765 -0.368672 0.304895 -0.739188 -0.336429 -0.368955 0.0814979 -0.177084 0.098572 -0.499563 0.321479 -0.665774 0.406228 0.214161 2.22515 0.223964 0.0231597 -1.1717 -0.390541 -0.240501 -0.507007 
0.21383 2.94155 0.280099 1.69531 -1.23436 -1.38847 -0.208629 -0.726787 -2.10069 -1.95908 -1.64235 0.0674194 -1.65221 -0.204226 0.917814 0.45716 -0.418023 -0.000123103 0.231784 0.940107 0.471571 -0.450468 -0.950465 -1.07257 -0.660885 -0.304858 0.162247 -4.0115 0.441195 -0.539982 0.484288 0.718249 2.29612 0.0923318 0.964802 -0.0762408 1.20512 -0.854949 0.218999 