93.7318 -5.38227 -2.20438 -1.15145 0.889009 1.1944 0.135214 -1.42517 -0.445298 0.0946434 -0.0314845 0.175252 -1.29864 
91.5879 -6.23468 -2.07035 -1.1461 0.674247 0.700412 0.407203 0.229217 -0.0512104 -0.100742 -0.893185 0.0407238 0.014894 
94.8106 -4.26036 -1.62433 -2.08538 0.0901015 0.400704 0.0167856 -0.329394 -0.669111 0.0615302 -0.405424 0.184355 -0.294373 
92.9415 -4.1808 -1.80398 -1.39085 0.666672 0.747362 1.18134 -0.724503 -0.396104 0.335787 -0.108555 0.214111 -1.61953 
92.3943 -3.93916 -1.8095 -0.482007 1.46203 0.95476 0.132053 -0.889938 -0.394908 0.462643 -0.486405 0.354841 -1.34113 
93.4499 -3.12728 -2.07612 -1.30818 0.442612 1.50171 0.156036 -0.147496 0.13223 -0.025131 -0.467988 0.0419808 -0.640892 
92.1086 -3.96199 -2.62703 -1.27938 1.11122 1.05407 0.0764127 1.08668 0.669288 0.267104 -0.631553 -1.45858 -1.27885 
91.395 -3.27132 -2.05866 0.181182 0.304476 1.93618 0.51559 -0.180965 -0.305848 0.250349 -1.44429 -1.61444 -2.18543 
90.9934 -3.89483 -2.70685 -1.13792 0.542167 1.04751 -0.286706 -0.914246 -0.874868 0.374681 -0.461367 -0.0228439 -1.24614 
91.9218 -2.76807 -1.7697 -0.457236 1.16213 1.17249 0.493546 -0.467705 -0.825689 0.240848 0.531684 0.304586 -1.65351 
94.5768 -2.70945 -1.70539 0.683434 0.810563 1.7314 0.772856 0.126405 -0.558476 0.772211 0.274519 1.20817 -1.18629 
98.4752 0.700687 2.13882 1.80304 0.507459 2.12398 0.239795 0.0822408 0.526414 0.971882 0.183728 0.771103 -1.17775 
105.639 6.9729 4.11984 3.07899 0.357149 0.246132 -0.103079 -0.323028 -0.0625375 1.28214 -1.1068 -0.518056 -2.53671 
108.368 8.21649 5.87174 1.91475 -1.47738 -0.712817 -0.357661 -0.040581 0.259907 0.153641 -1.28082 -0.431371 -2.36659 
112.191 8.85951 5.87778 0.838182 -1.59926 -0.806253 -0.206162 0.262177 0.474836 -0.159595 -1.54169 -0.318606 -2.37838 
111.215 11.7034 5.66362 1.13961 -3.3461 -1.55008 0.263298 0.266347 -0.412125 0.257102 -2.06705 -0.694872 -2.43952 
113.007 12.0688 5.87519 -0.0425722 -3.09645 -1.78733 -0.0704514 0.0529068 -0.601825 0.00396949 -2.05121 -1.20607 -2.23865 
118.271 11.4068 3.9134 0.223268 -2.50429 -2.0307 -0.775891 -0.214559 -0.637369 -0.231525 -2.39819 -0.925662 -2.00882 
118.007 11.6484 2.94789 -0.279517 -2.60163 -2.00862 -1.67442 -0.192451 -0.631077 -0.530992 -1.62806 -1.0144 -1.62927 
113.161 13.6695 4.55169 -0.769954 -4.96082 -2.71071 -0.156985 -0.16523 -0.165768 -0.73763 -2.1257 -0.454277 -1.14591 
115.599 13.4683 3.78914 -1.21766 -6.28822 -2.03232 1.12981 -1.0106 -0.808501 0.219899 -1.73632 -0.374457 -1.07623 
119.242 12.6633 1.88507 -1.43954 -5.43252 -2.49925 0.542822 -0.22266 -0.545527 -0.30224 -1.34796 -0.836819 -0.51841 
119.634 12.9625 0.987551 -1.91987 -6.07707 -2.29125 1.08078 -0.215581 -0.150142 -0.233198 -1.44184 -0.779739 -0.0814292 
118.999 13.3755 0.575479 -2.25665 -6.72355 -1.99311 1.23114 0.137302 -0.0981117 0.65881 -1.65304 -1.44919 0.67638 
119.698 12.7345 0.0895558 -2.80218 -6.38462 -2.26234 2.1 -0.334893 0.173812 0.881448 -2.05299 -0.887467 0.344199 
119.954 12.0593 0.721773 -4.02661 -6.48706 -1.906 3.24333 -1.01209 -0.561128 0.540218 -1.03926 0.00261632 -0.583699 
121.803 10.7962 0.838491 -4.89824 -6.0367 -0.679182 2.36894 -0.828131 -0.307839 -0.0711569 -1.51385 1.79235 -1.43196 
121.659 10.2942 0.963499 -5.92389 -5.06173 -0.668878 2.52465 -1.90241 -0.0636903 0.0159313 -0.977054 2.40611 -2.17727 
120.393 10.6678 1.11672 -6.32634 -4.60735 -0.230511 1.89926 -1.86239 -0.00919151 -0.252635 -0.0327447 1.99648 -2.32947 
120.776 10.0226 1.68905 -6.8883 -4.67282 0.539741 1.86865 -2.43007 0.184492 -0.485198 -0.111225 2.44856 -2.35983 
120.615 10.1262 1.00522 -6.72242 -4.22818 0.920658 1.38283 -2.64116 0.116868 -0.286663 -0.0495184 2.39367 -2.03688 
120.688 9.46052 1.14777 -7.03412 -3.73446 1.29 0.576427 -2.34328 0.0780629 -0.0796669 0.746124 2.39783 -2.70386 
120.877 9.46372 0.854227 -6.75712 -3.02133 0.760252 0.448147 -2.43146 -0.294843 0.269879 0.922001 2.32474 -3.17977 
120.368 10.0458 -0.144358 -6.04985 -2.47327 0.81444 -0.165586 -2.47194 -0.346351 0.0448647 1.20156 2.56698 -3.41051 
119.755 9.66815 0.269977 -6.36496 -1.54797 1.56593 -1.31078 -2.18359 -0.559299 -0.284221 0.900244 3.23534 -3.5948 
119.1 9.49799 -0.129399 -4.86646 -1.17312 0.375109 -0.766989 -1.55028 -1.26972 -0.558275 1.01625 3.00142 -3.68364 
117.502 8.86685 0.238196 -3.69338 -1.19468 0.594457 -0.82359 -1.50127 -1.24368 -0.601528 0.557902 2.65832 -3.78232 
113.94 8.45093 0.060506 -2.30785 -0.885262 0.334596 0.0248947 -0.180877 -1.93212 -1.37717 1.1542 1.78742 -4.37674 
110.243 5.30619 0.478008 -0.540814 0.00408438 0.11147 0.990922 1.12563 -2.85078 -1.22452 1.57293 1.03663 -4.0848 
107.018 4.62737 1.46573 1.86788 1.21318 -0.0112246 0.254525 0.521974 -2.40314 -1.4211 1.29873 1.15886 -3.71384 
105.603 4.55376 0.533933 2.23284 1.70393 -0.039024 1.9932 0.525493 -3.1211 -1.12273 0.106256 0.780213 -3.76633 
105.111 3.64938 0.814481 3.00883 1.52667 -0.191085 2.12006 0.172627 -1.97352 -0.79094 -0.318391 -0.216187 -3.16279 
103.612 3.67239 1.22596 2.58028 2.02592 0.219275 1.12366 -0.147292 -1.66655 0.393196 -0.616543 0.0267508 -2.90532 
103.342 2.47679 0.088817 2.16477 2.9868 1.09038 1.5015 0.18889 -1.5814 0.364528 -0.107222 -0.355818 -3.10174 
101.621 1.476 0.595085 3.13603 2.86927 0.455091 0.823707 -0.0325482 -1.79299 -0.0847071 -0.681394 0.350644 -2.73768 
99.2917 1.49614 -0.0105958 2.11369 2.73245 1.61435 0.334531 -0.219237 -1.23795 0.245914 -0.0721611 0.13291 -2.9252 
97.3775 0.251462 -0.926481 0.681507 1.44822 0.732641 0.548172 0.133788 0.0965889 1.58117 0.869701 1.18174 -1.66507 
94.9032 -2.15848 -1.48233 0.692357 1.60116 1.72724 0.602474 0.199727 -0.434674 1.7845 0.316191 0.9257 -1.23924 
92.9883 -2.17795 -2.54967 -1.35723 0.949982 0.656271 0.643712 0.177502 -1.65557 0.710537 -0.381776 0.256732 -1.0012 
93.0595 -3.41289 -3.56229 -0.535569 0.570985 -0.204084 1.22178 -0.180951 -0.570361 0.67664 0.282946 0.975705 -1.07498 
91.2997 -3.94406 -3.91612 -0.475664 0.913971 0.432556 1.74149 0.467802 -0.0884719 1.12034 -0.0352156 0.403853 -0.910223 
91.6661 -3.04541 -3.05857 -1.11962 0.269025 0.288657 1.91434 -0.563768 -0.524027 0.171455 -0.579582 0.660726 -1.02104 
91.777 -3.16192 -2.16661 -0.0636593 1.21035 0.31077 0.807435 -0.524244 -0.901866 -0.0191143 -1.27844 0.122112 -1.12285 
91.9643 -3.89778 -3.31682 -0.562905 0.748543 1.5379 0.870378 -0.255379 -0.64871 -0.811355 -1.93951 -0.655532 -1.83259 
92.8714 -3.59337 -1.68383 -0.757554 0.248412 1.32503 1.37167 -0.481295 -0.960779 0.21516 -0.844718 0.176688 -1.62076 
90.7571 -3.63435 -2.65046 -0.900366 0.567896 1.46466 0.990867 0.589711 -1.13201 -0.08147 -0.681299 0.135292 -1.73692 
89.2623 -3.7663 -1.82298 -0.120926 0.254267 2.14877 0.00193908 -2.12916 -1.38861 0.775752 -1.49488 0.21259 -2.14522 
90.399 -3.07612 -3.08567 0.0953696 0.0658733 1.01633 -0.473393 -0.501106 -0.746792 0.527114 -1.79619 -0.388948 -2.00039 
89.1421 -5.71285 -3.93104 -2.04606 0.040569 1.41887 0.752704 -0.478178 -0.363409 0.988167 -1.22055 -0.29273 -2.42285 
89.034 -4.23754 -2.18282 -0.247592 -0.883466 0.00219007 0.118726 -1.00214 -1.03493 -0.292788 -0.813924 0.242692 -2.16484 
77.6705 13.4975 -16.1463 9.93225 -6.12462 3.25013 2.06408 -4.96442 2.741 -2.8378 1.49141 -1.22026 -3.1847 
84.644 -2.259 -0.563924 -0.570649 1.33759 2.07961 0.453122 -1.09726 -2.03335 0.658558 0.0516178 1.53322 -2.52687 
