-1.14982 -0.966425 0.948108 0.049721 1.0342 -0.185096 0.0755424 1.06565 0.692624 0.480342 0.93866 -0.162175 0.625162 -0.0352383 -0.0387158 0.07966 0.00851952 0.188335 0.476807 0.7884 -0.189086 -0.572886 0.567951 -0.0778449 1.3313 1.0286 0.0516712 0.692636 -0.22712 -0.601294 -0.0986569 0.00283448 -1.05441 0.103482 0.161299 0.659619 -0.741444 -0.322911 -0.813338 
-1.15554 -0.765001 0.882816 -0.0511103 1.1733 -0.0134985 -0.0270458 0.985897 0.421684 0.821064 0.710044 0.668321 0.521413 0.0449032 0.689795 0.117049 -0.113082 -0.0897765 -0.005109 -0.273733 -0.275676 -0.741737 0.202552 -0.284745 -0.32737 -0.133528 0.0609624 -0.0380349 -0.21833 0.0395264 -0.365029 -0.948341 -0.685299 0.327894 0.727623 -0.703106 0.0286694 -1.366 0.113803 
-1.10491 -0.27663 1.06516 -0.0633611 0.944427 -0.190205 -0.198191 0.789977 -0.0491124 0.682894 0.653915 -0.489545 0.491634 0.025724 -0.0767506 -0.13867 0.0480459 -0.176693 -0.471534 0.103101 0.138808 0.154736 -0.135155 -0.0491754 -0.034706 1.14241 -0.0725419 -1.31071 -0.550584 -0.0994615 -0.245516 -0.729034 0.37003 0.924837 2.59056 0.391282 0.619068 1.7011 0.226088 
-1.12982 -0.841751 0.744146 -0.00306436 0.99661 -0.485032 0.0760555 1.12471 0.57642 0.685909 0.660869 0.633615 1.66382 -0.0276388 -0.620915 -0.433535 -0.212544 -0.335292 -0.734143 0.0962962 0.649161 1.84882 0.593835 0.334324 1.37373 0.0925595 0.00756113 0.166773 0.137391 -0.339998 -0.0778404 0.957547 -0.17342 -0.218814 -0.207324 0.542665 -0.0893174 -0.200582 -1.96112 
-1.13255 -0.897545 0.631621 -0.275905 0.609135 -0.924348 -0.101895 1.43914 1.79971 1.27673 0.988239 0.884184 0.584194 0.0332852 0.0900222 -0.00127967 -0.291952 -0.254534 0.486013 -0.070319 -0.0800065 -0.0525877 0.40751 -0.138493 -0.235288 -0.81871 0.0269441 0.736948 0.674198 0.337158 0.742333 1.61823 0.400862 -0.506898 -3.11155 -0.559554 -0.474392 -2.68949 -0.286608 
-1.09654 -0.751729 0.742866 -0.295016 0.742076 0.00098042 0.00573652 1.0447 0.523833 1.09342 0.522376 0.398328 0.845111 -0.000694648 0.116033 0.240663 0.124615 0.40704 0.884084 0.497158 0.142263 -1.26273 0.0342806 -0.140068 -1.31576 -0.194049 -0.125576 -0.237706 0.0926051 0.298726 0.453985 -1.15709 -0.840023 0.21351 0.635234 -1.40261 0.15146 -0.515164 0.603897 
-1.13325 -0.781512 0.872284 -0.15129 1.01617 -0.0402645 0.395263 1.5814 0.536985 1.31101 0.848171 -0.431577 0.390145 -0.0922908 -0.147684 0.0913255 0.00677456 0.199452 -0.671078 -0.910342 0.133504 0.582646 -0.995096 0.012967 -0.750451 -0.214813 0.0168457 -0.196755 -0.295615 -0.108445 -0.373512 -1.27725 -1.47819 -0.613645 1.85752 -0.564216 0.370482 2.12952 0.415029 
-1.18883 -0.899413 0.834192 -0.288242 0.941528 -0.670097 -0.904606 1.1782 1.10648 0.0983227 0.535343 -0.352123 0.630297 0.016151 -0.0807219 -0.0549523 0.0161702 0.0335286 -0.39317 -0.981028 -0.471382 0.594795 -0.529936 0.230414 0.813755 0.22098 0.136958 0.362239 -0.0349338 0.209328 -0.0112696 0.898893 2.05617 0.303292 -0.710588 1.49408 0.141777 2.20506 0.432413 
-1.1171 -0.862234 0.817332 -0.13512 1.0497 -0.433434 -0.585765 1.11002 1.13178 0.781073 1.07859 0.382178 0.611124 0.044667 0.214555 0.0563916 0.216102 0.188182 0.227815 1.14582 0.436796 -0.127942 0.498987 0.154744 1.45461 0.2176 -0.044549 -0.0237571 -0.272917 -0.162071 0.0747184 0.771157 1.47121 0.386293 -1.25903 0.330988 -0.704968 -0.827808 -0.461086 
-1.14416 -0.684858 0.890583 -0.072139 1.12971 -0.442282 0.241218 1.615 0.978537 0.59731 0.690087 1.10249 0.847897 -0.028398 -0.104479 -0.327869 -0.145901 0.108247 0.377987 0.490179 -0.085089 -0.664238 -0.198948 -0.474554 -0.0140529 -0.240106 -0.0566401 -0.485068 -0.334339 -0.494663 -0.489872 -0.0962362 -2.08105 -0.981055 -1.13003 -1.53118 -0.947119 -2.16326 -0.322073 
-1.14549 -0.966713 0.489463 -0.28102 1.15795 -0.0554471 -0.0955856 1.02493 0.467543 0.582125 0.604031 0.368125 0.371018 -0.0119731 -0.270513 -0.277947 -0.27856 -0.30169 0.131579 -0.935228 -0.54426 -1.25797 -1.03219 -0.792374 -0.708655 -0.104473 0.0500108 0.371903 0.738344 0.629082 -0.251284 -1.11333 -0.753721 -0.09096 0.760469 -0.306411 0.419303 0.384246 1.25414 
-1.15613 -0.955371 0.612636 -0.350699 0.82802 -0.310703 -0.69401 1.07074 -0.279437 -0.434881 -0.102287 0.39383 0.743424 0.0216128 0.267424 0.410475 0.483181 -0.143037 -0.735345 -0.263543 -0.176049 0.0962306 -0.505359 -0.0552507 0.370193 1.01403 0.0230616 0.893846 0.776011 0.450803 0.156512 -0.426611 1.24246 0.539251 2.83786 2.6954 2.27843 0.924076 -0.145695 
-1.12388 -0.699289 0.899938 0.202161 1.01491 -0.790793 -0.359128 0.848881 0.563773 0.076766 0.54878 0.738318 1.38505 0.0110885 0.623332 0.498064 0.172243 -0.145178 -0.295032 0.307234 -0.00500835 1.57988 1.66321 1.48606 0.21542 -0.250169 0.0141253 -0.167528 -0.267773 -0.598592 0.334231 1.51204 0.798055 0.696042 0.704989 1.70959 0.323285 -1.29551 -1.58838 
-1.14504 -0.332039 1.1107 -0.178456 0.682842 -0.605735 -0.386776 1.06573 1.30045 1.22833 1.38377 0.60925 0.493256 0.0357381 0.099896 0.142702 -0.115411 0.191194 0.776697 0.534512 0.519993 0.80122 1.20423 0.268034 -0.925319 -0.574344 0.0528784 -0.882902 -0.609038 -0.0504664 0.552301 0.921312 -0.19079 0.180823 -1.51182 -1.00566 -1.78638 -0.617231 0.113346 
-1.08814 -0.599393 1.04264 0.0867495 1.20611 -0.0140959 0.175384 1.36887 1.36499 1.281 0.816814 -0.187001 0.810707 0.0639669 -0.25957 -0.110974 0.121777 0.407123 0.62628 0.116444 0.175815 0.0680573 0.65755 -0.300318 -0.401811 -0.136823 -0.0674968 -0.32408 -0.495135 -0.240915 -0.287662 -0.954111 -1.16076 -0.469505 -1.04875 -1.99168 0.0968847 1.14195 -0.048366 
-1.08108 -0.591609 0.999726 -0.0566787 1.08997 0.0205455 -0.270332 1.24154 1.3685 1.88588 1.08345 0.207439 0.356433 -0.0317587 -0.224184 -0.352433 -0.356326 -0.096468 -0.177415 -0.626244 0.050488 -0.247529 -0.787447 0.364919 0.216633 -0.62271 -0.0908484 0.12561 0.0936071 -0.0321123 -0.232214 -0.773861 -0.0646273 -0.271401 -0.417547 -1.72873 0.283764 0.200094 0.20187 
-1.1199 -0.823577 0.690207 -0.269577 1.10964 -0.191511 -0.45086 1.41936 1.11746 0.493553 1.18173 0.0296321 0.187996 -0.0268815 -0.13396 -0.0173668 0.0896647 0.174909 -0.14758 0.0518172 -0.0955856 -0.34949 -1.07118 -0.0165544 -0.201717 0.0650472 0.0494777 0.292607 0.426698 0.505498 0.00868242 0.0223208 0.992756 -0.38299 0.0375461 1.17684 -0.934794 0.00744486 0.613456 
-1.10796 -0.725569 0.982359 0.032986 1.26488 -0.127035 -0.218514 1.14596 1.01901 0.814694 1.0669 0.00572208 0.42148 0.017719 0.0684237 0.074265 0.149172 -0.0877855 -0.155094 0.366512 -0.332502 -0.209983 0.389396 -0.569876 0.224078 -0.00925427 0.0637828 0.297961 -0.100684 -0.306198 -0.3517 0.298519 -0.0286071 -0.182625 -0.028402 0.647831 -0.648313 0.58158 -0.971147 
-1.10218 -0.755153 0.764472 -0.120405 1.02185 -0.346605 -0.0843479 1.08686 0.907481 0.882949 0.611857 0.25371 0.178742 0.0369012 0.164001 -0.118051 -0.216534 -0.176791 0.150939 0.0232101 -0.278211 -0.377892 -0.423351 -0.664868 0.379863 -0.9061 -0.070817 -0.0916624 0.12224 -0.178737 0.00671391 0.480469 -0.0122834 0.407905 -0.406064 -1.18264 0.46013 0.116596 0.926571 
-1.07106 -0.561568 0.864309 -0.183548 1.08808 0.0239036 -0.195304 0.867749 0.64112 0.391343 0.402029 0.385585 -0.48462 -0.0530979 -0.0232386 0.196505 -0.0295659 -0.0810716 0.325375 0.354229 0.0754029 -0.616048 -0.793244 -0.109746 0.340674 0.917317 -0.0622732 -0.101878 0.194527 0.648678 0.471498 -0.406609 0.207043 0.513807 0.354108 0.364618 0.37744 -0.645476 1.37344 
-1.15528 -0.778392 0.960977 -0.149971 0.940783 -0.0212296 0.269881 1.16226 0.291433 0.0897057 0.502112 0.594385 1.09606 -0.025372 0.0621229 0.0764768 0.432145 0.294707 -0.25567 0.230253 0.235597 -0.0237842 -0.0587332 -0.287427 -0.265613 0.467343 0.0796079 0.189501 -0.381468 0.0794549 0.123762 -0.775282 -0.716803 -0.131824 1.12897 1.38144 -0.0656072 -0.75709 -0.961047 
-1.09643 -0.499445 0.940785 0.248597 1.38279 -0.231767 0.0349489 1.10335 0.617336 0.33261 0.114602 0.119972 -0.0172771 0.02651 0.166263 -0.184964 0.049889 0.0426902 -0.449907 -0.362574 -0.0564209 0.512921 0.588199 -0.175353 -0.416416 -0.0437296 -0.0580576 -0.367541 -0.106379 -0.755805 -0.57879 0.312016 -1.15297 -0.261126 0.0551093 -0.247229 0.940587 0.766499 1.12855 
-1.12877 -0.612129 0.776013 -0.100082 0.983473 -0.471136 -0.0926934 1.10584 0.804354 0.677905 0.326759 0.177969 1.05233 -0.0834296 -0.305419 -0.0299021 -0.323661 -0.284083 0.0563455 -0.922716 -0.0255297 0.0313252 -0.305962 0.653159 0.500886 1.5959 -0.0598754 -0.476358 0.346788 -0.0816734 -0.338206 0.621399 -0.205423 -0.406105 -2.02413 -2.00765 -0.369664 -0.0268864 -0.653603 
-1.17986 -0.804864 0.910883 -0.0750638 1.09871 -0.175421 -0.887767 1.07782 0.648661 0.0266474 0.767761 0.620857 1.57862 -0.0333654 -0.310095 0.161824 -0.0317844 -0.295516 0.171492 -0.567997 -0.462526 -1.5112 -1.41945 -0.545017 -0.443302 -0.697332 0.17035 0.632814 0.176946 -0.0363666 0.0664412 -0.0438983 1.39206 0.366327 0.124305 -0.12328 -1.80445 -1.14439 -1.55161 
-1.16214 -0.922224 0.937837 -0.131867 0.687957 -0.299645 -0.660691 0.643317 -0.70685 -0.741546 -0.218258 -0.265334 0.354997 0.0869203 0.327396 0.147044 -0.360027 -0.217642 0.0124472 0.469343 0.340797 0.155631 -0.429242 -1.15129 -0.643502 0.0442897 0.0921298 0.479473 -0.247835 -0.118124 0.48607 -0.159839 0.715713 0.643987 2.3075 2.60403 1.32414 0.921128 0.248079 
-1.09294 -0.477468 1.05793 -0.435091 0.881067 -0.162974 -0.418424 1.41861 0.804292 -0.402595 -0.383526 -0.0226445 1.62291 0.0587643 0.169377 -0.086011 -0.149908 0.190554 0.011653 0.147716 0.181461 0.796295 1.18458 0.779118 0.477826 -0.449254 -0.113514 -0.462573 -0.235798 0.74503 0.210166 -0.237081 -0.531156 -0.628444 0.262518 1.15004 1.64823 0.489861 -1.42309 
-1.10337 -0.752847 0.851826 -0.281775 0.87851 -0.287992 -0.512974 0.824778 0.0894446 0.443029 0.56086 0.212492 -0.0942564 -0.0265933 -0.135177 -0.088754 0.385003 -0.00747531 -0.224634 -0.0618137 -0.287647 0.418148 0.720797 0.496939 -0.153641 -1.3788 -0.114383 0.0365047 0.150336 0.577727 -0.0924093 -0.229416 -0.14692 0.0893552 -0.0199808 -0.282956 0.337506 -0.441968 1.63919 
-1.11953 -0.612645 0.969173 -0.0500878 0.873592 -0.387608 -0.480238 1.13097 1.22244 0.318202 0.113414 -0.176285 0.244111 -0.0556188 0.205882 0.0643251 0.427819 0.0981442 -0.217763 0.000795609 0.270817 0.776314 0.90162 1.11662 0.0358574 1.18994 0.0645379 0.60249 0.378366 -0.495459 0.22786 0.543322 0.269691 0.290196 -0.383322 -0.445601 0.678362 -0.270431 0.985254 
-1.15899 -0.546965 0.916151 0.146044 0.976654 -0.505754 -0.512179 1.09559 0.865759 1.34465 1.67748 0.248349 1.09568 0.0379446 0.467313 0.289612 -0.110456 0.220385 0.318689 0.207877 0.00254843 0.0348268 0.275196 1.1753 -0.424072 -0.393544 0.136022 0.341511 0.545946 -0.0179627 0.209674 0.653626 0.298555 -0.0874609 -1.47671 -3.03297 -2.60704 -1.30964 -2.96489 
-1.08159 -0.145333 1.25878 -0.160543 1.09398 -0.0689195 -0.272361 1.13351 1.25727 0.593397 1.28872 -0.600358 -0.149433 0.0804033 0.547393 0.610271 0.409856 0.307818 0.435863 0.29935 0.183356 -0.700392 -2.13135 -1.49041 -1.27378 -1.77495 -0.0339373 -0.749387 -0.387509 0.734415 0.210366 -0.520506 -0.626059 -0.552715 -1.42323 -1.49878 -2.27758 1.03672 0.236035 
-1.07859 0.000427994 1.52642 0.5559 1.28447 -0.0698914 -0.212828 1.27895 0.165367 -0.786705 0.187071 -1.02543 -0.679274 0.00400737 -0.282074 -0.0978975 0.623959 0.430751 -0.201818 -0.418182 -0.550167 -1.3884 -1.22359 -1.10228 0.612652 -0.157509 0.0703123 0.351325 -0.393303 -0.439312 -0.355775 -0.867845 -1.03679 -1.08996 0.511324 1.49816 1.54022 1.9113 2.443 
-1.07758 -0.427407 1.16089 0.463416 1.52473 -0.270737 -0.690543 0.583347 -0.131135 -0.630192 0.186437 0.012294 -0.306942 0.150716 0.898719 0.216968 -0.0294558 -0.0479564 -0.431982 -0.737444 -0.906606 -0.189068 -0.633194 0.0498039 0.637522 0.668046 0.376123 2.3245 0.311474 -0.393962 -0.583382 -0.31836 -0.0415722 0.0870902 0.407343 0.90324 2.48325 -1.18058 -0.586691 
-0.927872 0.899147 1.74339 0.526444 1.23652 -0.501873 -0.950272 0.372345 -0.0237015 -1.4199 0.236875 -0.387911 -0.0112279 0.38013 2.04242 0.213576 0.229997 -0.152632 -0.520178 -0.459754 -0.463077 -0.981059 -0.320349 1.38098 -0.567933 -0.7442 0.365149 0.0635561 -0.777024 0.667514 -0.462589 -0.0865191 0.907689 0.15911 -1.57136 1.23241 1.5739 -0.621049 -2.21228 
-0.69745 1.61502 1.37446 0.693413 1.3721 -0.790915 -1.1503 0.12027 -1.11219 -0.950541 1.56741 -0.555639 -1.05114 0.515865 0.962275 -0.560055 0.638058 -0.510545 -0.518501 0.170245 -0.747496 -1.76043 0.599218 1.6237 0.0164726 -1.54423 0.196417 -1.77358 -0.878734 0.243541 -0.626892 -0.0347064 0.284737 -0.304775 0.240467 -1.15221 -1.08545 0.436142 0.208806 
-0.412007 1.86142 1.18334 1.1645 0.725971 -1.02037 -0.780027 -0.375151 -1.78413 -0.820681 1.86058 -0.371438 -1.55546 0.576547 0.26884 -0.665158 0.473538 -0.779523 -0.554884 -0.175017 -0.767852 -0.740592 -1.47256 0.295522 -0.131791 -0.535394 -0.155735 -1.00306 -0.0189927 -0.560697 0.733814 0.0172455 -0.509737 0.577034 0.838589 -1.82662 -2.08402 -0.626569 1.25114 
-0.120902 1.88386 0.709305 1.16695 0.592572 -1.3458 -1.32531 -0.647582 -1.85279 -2.4231 1.86294 -0.68743 -1.58654 0.36013 -0.0407861 -0.579048 0.0773611 0.223269 -0.501255 -0.339492 -0.170462 -0.921836 -1.2274 -0.460311 -0.610096 -0.293088 -0.440371 0.0273716 0.0139766 -0.227637 0.820261 0.471276 -0.162189 0.276754 0.957821 1.97161 -0.947218 -0.45504 -1.09011 
-0.0518765 1.82064 0.604288 1.24186 0.94924 -1.52163 -1.11952 -0.545612 -2.70596 -2.04808 1.40027 -0.981535 -1.84855 0.136176 0.296211 -0.651181 0.245901 0.0407372 -0.0836087 -0.337206 -0.491098 0.217229 0.49905 -0.651696 -0.586831 -1.62551 -0.0494788 0.219588 -0.249306 -0.16022 -1.12439 1.72337 -0.539176 -0.0346499 2.59087 1.79692 0.582528 0.035278 -0.158419 
0.0152733 2.18007 0.0581236 1.41285 0.633309 -1.42941 -1.66252 -1.13868 -1.63556 -1.92405 1.21124 -1.27426 -3.21204 0.310652 0.178802 -0.828354 -0.0828589 -0.901126 1.22211 -0.878668 -0.205112 1.66904 0.569514 0.122216 -0.574818 -0.451507 0.459949 -1.09824 0.0333813 -1.35432 -1.85382 1.91426 0.336031 0.895236 0.805878 0.353866 0.16709 -0.247557 3.93077 
0.258775 1.99944 -0.224065 1.159 0.0481132 -0.299519 -1.99819 -0.750724 -1.03692 -1.47857 1.52248 -1.55635 -2.30005 0.596125 -0.802029 -0.6178 -1.10842 -1.81309 1.83065 -0.00117536 0.404137 1.02311 0.852916 -0.484606 -0.834388 2.30526 0.224308 -0.662719 -0.316395 -0.722094 -0.956783 0.195998 1.58049 0.625119 -0.902891 0.628164 -1.70649 -0.0318417 2.68632 
0.611398 1.37804 -0.559676 0.304435 -1.17978 0.401243 -1.6637 -0.734544 -0.612451 -1.07113 0.726633 -2.10865 -0.906782 0.53496 -0.483916 -1.14475 -0.804953 -1.85791 1.41811 0.701823 0.420008 0.766147 1.19768 -1.58427 -0.60666 2.23482 -0.236184 0.170147 0.331627 0.653003 2.04153 -1.32099 1.9532 -0.170316 0.000516071 0.702763 -0.514674 1.02046 -1.1424 
0.793735 1.51552 -1.36881 0.354051 -1.8098 1.11859 -1.29636 -0.330717 -0.270777 -0.280891 -0.0617857 -2.16301 -0.0652361 0.359941 -0.631882 -0.286173 -0.455416 0.228442 0.509658 1.95203 0.233821 1.02362 1.55568 -0.999281 0.18607 1.16286 -0.384139 -0.178057 1.00451 0.419723 2.05696 -1.46932 0.199745 -0.593786 -1.34876 -0.673608 0.540559 1.19971 -2.31384 
0.971339 0.746157 -0.845849 -0.150981 -0.951335 0.910901 0.288333 -0.500722 0.411172 0.484547 -0.272648 -1.92258 0.256082 0.150821 -0.661974 -0.140237 -0.38523 0.199054 -0.0512064 0.901568 -0.173778 -0.582609 0.52407 -1.04371 0.593054 -0.0790254 -0.387887 0.795375 -0.44811 0.675436 -1.00669 0.0081298 -2.62674 -0.124553 -2.46652 -1.99627 0.449258 0.419081 -0.934325 
0.944556 0.853547 -1.50905 -0.0311791 -1.61074 1.06738 -0.394797 -0.504495 -0.853386 0.243179 -1.1055 -1.56996 -0.144262 -0.0279457 0.163493 -0.734283 0.22002 -0.77825 0.517787 -0.674707 0.109268 -1.4429 -0.440593 -0.550023 0.605151 0.228539 -0.147861 0.846191 0.195417 0.597375 -0.251152 0.769651 -0.666639 0.329068 0.587885 -0.411122 1.35182 0.214612 1.34204 
0.943393 0.90965 -1.58013 0.069039 -1.72959 1.42869 -0.386374 -0.391454 -1.03172 0.0439535 -0.822671 -1.31743 0.48462 0.00296014 0.184217 0.05518 0.212144 -0.0520983 0.718445 0.234929 0.15529 0.00527655 0.112948 0.308109 0.807667 1.26302 0.0485028 -0.28984 0.90582 -0.343382 0.88964 -0.380281 1.4094 -0.340827 1.51974 0.555892 0.411323 0.146434 0.210921 
0.947516 1.03776 -1.45387 0.180965 -1.66284 1.78583 -0.159868 -0.349204 -0.848109 0.356127 -0.797388 -0.762291 1.11876 0.0205571 -0.126347 0.171537 -0.123362 0.111389 0.137507 0.734695 -0.231559 0.0768422 0.115299 -0.1387 0.751585 0.439459 0.0668293 -0.631391 0.305197 -0.449496 0.480507 -0.865792 1.0529 -0.515276 0.79484 -0.798806 0.236027 -0.0201761 -0.61686 
0.963951 0.783303 -1.40859 -0.0543226 -1.6182 1.56619 0.348321 -0.623013 -0.954881 0.159253 -0.961371 -0.565843 0.92408 0.0697895 -0.447174 0.360377 -0.237351 0.428409 -0.147347 1.28783 -0.359986 0.800117 -0.685858 0.544136 0.78749 0.646158 0.0216356 -0.214252 0.0803612 -0.183344 0.198908 -0.418611 -0.0142696 -0.168989 0.106035 -1.30139 0.318138 -0.136181 -0.32318 
1.01731 0.590591 -1.09349 -0.0563863 -1.23443 1.63848 1.12796 -0.70919 -0.0479927 -0.329731 -0.253251 0.025199 1.76491 0.0421928 -0.340599 0.251898 -0.306706 0.310297 -0.281105 0.720425 -0.400548 0.182877 -1.1861 0.179438 0.615404 0.11628 -0.0575607 0.104859 -0.253424 -0.292185 -0.530514 -0.165059 -1.22064 -0.0468977 -1.59738 0.378146 -1.18757 -0.805935 -1.25589 
1.00614 0.442704 -1.1567 -0.361028 -1.3079 1.28509 1.06875 -1.02356 -0.772003 -1.02684 -0.781932 0.0495604 1.04036 0.0122288 -0.342315 0.106953 -0.529537 -0.102105 -0.312406 0.0671902 -0.406884 -0.797259 -0.307712 -0.643437 -0.0184442 -0.609728 0.0450452 -0.280078 0.20273 -0.29442 -0.0585714 -0.0827456 -0.450881 0.14572 -0.0258708 1.1581 -0.711443 -0.503098 -0.161363 
1.02953 0.248275 -0.98654 -0.585923 -1.33654 1.32608 1.19515 -1.11607 -0.845252 -0.637443 -0.896688 0.00675484 1.15519 0.087238 -0.620677 0.454629 -0.601125 0.251726 -0.36385 0.269545 -0.254828 0.157007 -0.0279973 -0.532005 0.112306 -0.0450829 0.00766601 0.757842 -0.130697 0.803746 0.269932 0.433066 -0.0213152 0.523727 1.46865 -0.001255 1.10258 0.248426 1.08103 
1.09338 -0.177974 -0.702068 -0.962154 -1.05617 0.92124 1.33829 -1.27839 -0.614997 -1.05484 -1.31394 0.161866 0.995277 0.0198948 0.415527 -0.023744 0.274209 0.167827 0.12066 0.0458751 0.116844 0.671395 -0.308967 0.459144 0.229982 0.471304 -0.107168 0.708075 -0.596119 0.864591 -0.112436 0.473628 -0.116393 0.0255269 -0.471259 -0.116278 1.06298 0.340355 -0.319827 
1.04943 0.663802 -1.01028 -0.311714 -1.16871 1.44674 1.24102 -0.99923 -0.173857 -0.94641 -0.437544 0.236737 1.62649 -0.0199297 0.0873978 -0.14149 0.263466 0.13929 0.109777 0.153152 -0.229301 -0.314252 -0.144275 0.530971 0.452661 -0.364909 0.0396162 -1.37657 0.44255 -0.886882 0.37533 -0.59193 0.568521 -0.666 -1.09127 0.653025 -1.04122 0.600242 -1.58602 
1.07345 -0.0905757 -0.843558 -0.698688 -0.916882 1.03102 1.49144 -1.50769 -0.929249 -1.19912 -0.782966 0.614528 0.630367 0.059511 -0.961046 0.418806 -0.612673 0.543157 -0.47127 0.614397 -0.549157 -0.419873 0.344058 -0.582081 0.830224 -1.11472 0.117289 -0.774695 0.683779 -0.827805 0.300182 -0.207085 -0.085426 0.245262 0.199804 1.63594 -1.37482 0.242236 0.123619 
1.10894 -0.297244 -0.591479 -0.924386 -0.625554 0.975466 1.85542 -1.54839 -0.593729 -0.602352 -1.01963 1.06696 0.511772 0.0973595 -0.687297 0.54229 -0.564339 0.439472 -0.0973074 0.0677258 0.015961 -0.114448 1.49166 -0.843845 0.694897 -0.241291 0.0244478 0.224393 0.00118549 0.133472 -0.539625 0.601412 -1.28783 0.883378 -0.32972 1.29969 0.0284771 -0.364603 0.88944 
1.17081 -0.777873 -0.301268 -1.26303 -0.47741 0.93371 1.55917 -1.49173 -1.0437 0.29255 -1.62681 1.30943 0.389076 0.0839589 -0.736652 0.419991 -0.479201 0.00353193 0.130142 -0.673429 0.334221 -0.749593 1.64374 -0.553604 0.465621 -0.225277 -0.0631604 0.284894 -0.340285 0.190216 -0.677844 0.124037 -0.702933 0.451846 -0.119916 -0.543425 1.04607 -0.587216 -0.299789 
1.1929 -1.0339 -0.171487 -1.40359 -0.622022 1.10561 1.18199 -1.21417 -1.34332 1.04139 -1.57323 1.53258 0.286495 0.0341991 -0.402402 0.202005 -0.374123 -0.238372 0.0267297 -0.635207 0.467807 -0.234364 0.94824 0.202226 0.107681 -0.54108 -0.0564427 0.626827 -0.278332 0.228613 0.0483229 -0.349018 0.572355 -0.116365 1.26284 -1.14366 0.933967 -0.548032 -0.134741 
1.20501 -1.18028 -0.0992628 -1.63715 -0.715782 0.96044 0.923961 -1.02392 -1.27806 1.24079 -1.42458 1.41711 -0.152003 0.0275162 -0.109825 0.141659 -0.250588 0.0518548 -0.218876 -0.101074 0.217855 0.513249 0.500083 0.380363 -0.0824114 -0.360018 0.00531 0.385186 -0.0338375 0.464125 0.364475 0.0510965 1.0248 -0.267925 0.752915 -0.220823 0.269133 -0.0811871 0.772453 
1.22042 -1.14372 -0.0298285 -1.65417 -0.570167 0.886732 1.08092 -0.996311 -0.830073 1.54147 -1.19287 1.45017 -0.0735233 0.0395091 -0.0172162 0.168168 0.0900019 0.126103 0.0778262 0.389593 0.199883 0.518551 0.727417 0.471359 0.026494 0.231374 -0.018607 -0.222804 -0.189079 0.133327 -0.375539 0.140144 -0.202206 -0.433003 -1.10327 -0.675374 -0.721898 -0.383478 -0.0708253 
1.24452 -1.19749 0.0689048 -1.54715 -0.589679 1.03827 1.31355 -0.824039 -0.75951 1.96821 -0.953226 1.4436 0.0793705 0.00890914 -0.332628 -0.0474204 -0.117261 -0.323685 -0.0787314 -0.30328 -0.215148 -0.590022 -0.175291 -0.341534 -0.465889 -0.430844 -0.0648344 -0.0941744 -0.162827 -0.2704 -0.308642 -0.205032 -0.587551 -0.562715 -0.740738 -1.19083 -0.631265 -0.174812 -0.402082 
1.22932 -1.47635 -0.0772489 -1.77144 -0.893852 0.808001 0.777636 -1.21146 -1.4201 1.36618 -1.5344 0.984281 -0.504367 -0.0253253 -0.111391 0.00534037 -0.180398 -0.182539 -0.127205 -0.197958 -0.362833 -0.222187 -0.463416 -0.159906 -0.148318 -0.170708 -0.00975431 0.849549 0.274042 0.515124 0.799978 0.293687 1.08696 0.475132 1.17301 0.213251 0.918863 1.249 1.08082 
1.21919 -1.30888 0.0742452 -1.72755 -0.772219 0.91106 1.1156 -1.18687 -0.981697 1.50479 -1.11313 1.29528 -0.0913377 -0.000845168 0.51692 0.226622 0.397863 0.476294 0.214956 0.783677 0.259984 0.582993 0.03796 0.577328 0.783116 0.649974 0.0159136 0.109158 -0.0842444 0.435279 0.44815 0.082121 0.61151 0.37522 0.117046 -0.0538818 0.0882158 0.604623 0.728158 
1.22848 -0.959429 0.149373 -1.37357 -0.417558 1.02296 1.56131 -0.951475 -0.837102 1.40414 -0.957072 1.7674 0.145607 -0.00941173 -0.00223274 -0.078904 0.254881 0.265611 -0.0450844 0.413552 0.0123875 -0.105142 -0.517298 -0.0716903 0.456305 0.557449 -0.0348519 -0.967701 -0.426836 -0.558004 -0.424216 -0.204506 -1.04622 -0.302115 -1.83391 -0.523638 -1.79052 -0.901906 -0.156224 
1.20978 -1.31111 -0.00465886 -1.47266 -0.506607 0.865976 1.52915 -1.17448 -1.08684 0.987493 -1.18482 1.75159 0.466112 -0.0356971 -0.45078 -0.200214 -0.160141 0.0520773 0.0104498 -0.26254 -0.0421309 -1.25092 -0.485678 -1.21319 -0.11879 0.493749 -0.00509768 0.208044 0.0991003 -0.227993 -0.135371 0.319368 -0.495002 0.400953 -0.356756 0.464193 -0.440275 -0.539663 -0.0879168 
1.19278 -1.41021 -0.0508416 -1.53371 -0.365481 1.03341 1.29877 -0.993606 -2.08802 0.918466 -2.17026 1.64861 0.639356 -0.0145094 0.205811 0.0201963 0.0268881 0.13024 0.274283 -0.0814501 0.41334 -0.461897 -0.0531048 -0.511965 -0.0833582 0.469533 -0.0384193 1.62863 -0.054088 0.645187 -0.298543 0.0108138 0.928349 -0.0141863 3.04104 -0.201448 2.49334 0.118438 -0.705133 
1.19527 -1.1053 0.0155374 -1.44578 -0.376367 1.14026 1.4477 -0.761145 -1.54874 0.934388 -1.69679 1.66823 0.935644 -0.0741163 1.17785 -0.254302 0.485046 -0.246466 0.0212636 0.665809 -0.0563172 1.79012 -0.687126 1.28015 -0.000352412 -0.211384 -0.0973421 0.501674 -0.460212 0.169465 -0.72169 -0.671786 0.601472 -1.42934 1.8977 -1.56336 0.945928 -0.735221 -1.00596 
1.11867 -0.232359 -0.305144 -1.04867 -0.611947 1.05467 1.96458 -1.04992 -0.2979 0.23134 -0.890112 1.64825 0.427971 -0.111851 0.707485 -0.440015 0.196353 -0.591449 -0.397503 0.520022 -1.016 1.4358 -1.61647 0.433962 -0.818579 -0.536424 0.0185983 -1.08609 -0.14718 -0.416331 -0.171889 -0.419069 -0.690493 -0.370893 -1.79692 -0.359868 -1.70783 -1.08066 -0.496923 
1.08342 -0.397819 -0.424478 -1.24942 -0.967817 0.742757 1.96772 -1.77715 -0.112936 -0.682077 -1.26283 0.84965 0.39922 -0.055518 0.0917632 -0.401483 0.0687146 -0.418355 -0.397805 -0.0246836 -0.42721 -0.00680351 -1.04699 -0.42768 -1.08101 -0.708307 0.175162 -0.736045 0.547436 0.153509 0.953432 0.546034 -0.473654 1.77134 -1.40088 1.81921 0.301754 0.445617 0.0346057 
1.06315 -0.140596 -0.706627 -0.979953 -1.0303 0.656865 1.9399 -1.47713 -0.304704 -0.815655 -1.31779 0.567242 -0.280336 0.0633107 -0.0285598 0.10742 0.349862 0.361982 0.148531 0.0463681 0.755334 0.0349165 0.202742 0.735716 -0.372962 -0.501819 0.0922567 -0.412629 0.403877 -0.00262642 0.847263 0.373125 -0.255906 0.580151 0.0471951 1.49408 0.989131 0.311622 0.333211 
1.14673 -0.426378 -0.317057 -0.899561 -0.605834 0.891288 2.01409 -1.02181 -0.0780192 -0.479335 -0.52711 0.476687 -0.102599 0.0367387 -0.320866 0.00239426 0.0660882 0.428908 -0.0246796 -0.28059 0.152941 0.0403915 0.447088 0.56145 -0.769391 -0.375097 -0.298785 1.83623 -1.81008 0.846559 -1.18871 0.0964619 -1.10582 -0.859198 0.487935 -0.0890326 -0.199899 -1.10186 0.401833 
1.09989 -0.461462 -0.704233 -0.913865 -0.601394 0.632185 1.65931 -1.32419 -0.264312 -0.368567 -0.756342 -0.202149 -0.655433 -0.235474 1.80767 -1.70266 1.19642 -0.82673 0.244993 -1.05945 -0.103865 0.522851 0.11371 0.535817 -1.47482 -0.0999858 -0.211974 1.3863 -1.42779 0.633298 -1.26841 -0.171349 -1.68349 -0.0684693 -0.334456 -0.541634 -0.758358 -1.2434 -0.695905 
0.911258 1.38129 -2.01971 0.29686 -1.43256 1.13628 0.954634 -1.12568 0.444832 -0.365626 0.00870676 -0.998134 -0.202584 -0.175235 1.06544 -1.42539 0.699387 -0.839503 -0.196029 -1.96408 0.0844721 -0.294064 -0.0945461 -0.196907 -2.01279 -1.071 0.23049 -2.09473 1.64211 -0.999941 1.01165 -0.483059 -0.738711 0.681956 -0.781495 1.04371 -0.888739 0.398257 -0.369962 
0.924652 0.603976 -2.12963 -0.214479 -1.4409 0.436157 -0.304774 -1.23972 -0.558376 -0.463113 -0.953249 -2.21494 -1.72643 -0.00498408 -0.287062 -0.0605401 0.19648 0.184923 -0.238066 -1.79816 0.578091 -0.258643 1.15742 -0.352923 -1.07657 -0.469948 0.212731 -1.38427 2.21616 -0.400781 1.99706 -0.209456 1.85131 0.482466 2.05533 1.19512 0.409808 2.46429 2.47886 
0.906274 1.09423 -2.08025 0.49334 -1.24764 0.898215 -0.84353 -0.547588 0.186188 0.791795 -0.344216 -2.0747 -0.672533 0.0374954 -0.318831 0.790767 0.298605 1.15756 -0.405485 -0.112773 0.566938 1.76127 1.10057 0.212901 0.451503 1.40786 -0.0523984 -0.234766 0.443147 -0.307842 0.516975 -1.0556 1.33195 -0.427545 0.834197 -1.9198 -1.18384 1.10078 0.33682 
0.962147 0.285145 -1.33886 0.0841267 -0.283336 0.0306717 -0.417547 -0.672782 1.20289 0.637459 -0.740348 -1.76344 -0.318576 -0.0573825 -0.521828 0.382607 -0.111362 0.701898 -1.29367 -0.466214 0.150546 0.575554 -0.762378 -1.53677 0.0242119 -0.133128 -0.245756 0.836351 -0.884044 0.448586 -1.43531 -0.26233 -0.63808 0.0162712 -1.06815 -2.3141 -0.712274 0.0452118 -1.30097 
0.848891 0.572404 -1.69765 0.381978 -0.545743 -0.395451 -1.30974 -0.397042 0.761742 0.0294164 -1.88098 -2.05049 -0.805661 -0.208261 0.517519 -0.0932761 0.747191 -0.277754 -0.667815 -0.750852 0.583209 0.693125 -1.21353 -0.499373 0.496715 0.106884 -0.147927 0.985268 -0.252414 1.02616 -0.845212 0.611524 0.707187 0.0358403 0.476721 -0.0725668 2.5959 0.731855 0.371728 
0.753886 0.802664 -1.43214 0.831317 -0.56109 -0.637144 -1.1684 -0.0895736 1.89602 -0.576073 -1.23972 -1.26672 -0.211692 -0.20531 0.46344 0.130193 0.914796 -0.143314 -0.682143 0.240973 0.186386 1.05227 -0.834945 1.05914 0.756067 0.2386 -0.00821449 -0.148783 -0.278243 0.219546 -0.107977 0.269712 0.526352 -0.619401 -1.34045 0.223366 1.03074 -0.0616548 -0.716896 
0.643582 1.03584 -1.56745 1.29677 -0.689057 -1.07759 -1.06877 -0.210655 1.81402 -0.805529 -0.821847 -1.29442 -0.567061 -0.216475 0.368736 -0.371519 0.966737 -0.385731 -0.398104 -0.2245 -0.0361921 -0.647328 -0.990166 0.531366 0.43506 -0.610012 0.00247653 -0.118538 -0.0275585 -0.0784377 0.248959 0.297029 0.10535 0.0662272 -1.78705 0.0869876 -0.774901 0.555298 -0.721984 
0.537411 1.1714 -1.80366 1.79805 -0.94682 -1.03525 -1.3929 -0.125766 1.24869 -1.56624 -0.708355 -0.831662 -0.821705 -0.202833 0.344902 0.102634 0.836359 0.105645 -0.385114 0.346323 0.252614 -0.734777 -0.747958 0.284235 1.31136 -0.483384 0.0780496 -0.393574 1.06519 -0.517608 0.773911 -0.0332127 0.812338 0.0417503 0.208963 0.698 0.603363 0.472065 0.150408 
0.440748 1.38075 -1.46482 2.13313 -0.583411 -1.46271 -0.722449 0.0419582 1.07924 -1.55349 -0.537611 0.0169431 -1.05045 -0.138426 -0.0248377 0.693666 0.449129 0.38818 -0.431316 0.587838 0.0055582 -0.438364 -0.292166 1.13473 0.907125 -0.459604 0.0463255 -0.169053 0.310895 -0.875065 -0.436759 -0.153143 -0.559517 -0.445357 -0.0967738 0.847137 1.03299 -1.70165 0.0693642 
0.398985 1.14656 -1.10999 2.24718 -0.55864 -1.46656 -0.805061 -0.120208 0.810327 -1.8584 0.426374 0.0754625 -1.28131 -0.156508 0.17585 0.413529 -0.0387065 -0.331113 -0.538257 -0.213194 -0.192744 -0.831551 0.099179 1.31722 -0.390282 -0.41402 -0.0385811 0.484431 -0.282779 -0.35137 -0.501443 -0.158565 -0.589659 0.00985756 0.146707 1.01874 -0.832769 -0.247026 -0.501721 
0.284241 1.5566 -1.05129 2.09443 -0.914524 -2.00097 -0.935643 -0.150786 0.247689 -1.45431 0.77961 -0.373339 -1.46447 -0.177007 0.459594 0.410887 0.0977596 -0.113263 -0.589881 -0.0018214 0.0154158 -0.291657 0.726576 0.30196 0.660099 -0.961325 -0.0545713 -0.478728 0.422286 0.360477 0.232456 -0.336357 -0.0301992 0.141391 0.131759 0.250915 -1.77785 1.07174 -0.178755 
0.221978 1.60616 -0.699103 2.34494 -0.671903 -2.05645 -0.806883 -0.104792 0.51867 -1.13183 0.728334 0.735561 -2.24263 -0.211079 -0.302878 0.835814 0.32177 -0.0986571 -0.874614 -0.243393 -0.0513533 -0.699791 0.350094 -0.460626 0.681462 -0.592775 -0.0424954 -0.579844 0.51408 -0.125083 -0.0396069 0.0282279 0.692697 0.095735 -0.566314 -0.412018 0.00891316 -0.591173 1.88487 
0.0731617 1.25372 -0.215476 2.4162 -1.01318 -2.87558 -1.17904 -0.202139 -0.452102 -1.10421 0.318984 0.308123 -2.05724 -0.219502 -0.120251 0.924967 -0.0273237 -0.15287 -0.561654 0.690876 0.111151 -0.857971 0.314558 0.310873 0.068926 0.923542 -0.0183245 0.379072 -0.251161 -0.60228 0.882373 1.59835 0.695342 -0.000325284 0.146435 -0.652875 1.75037 -0.121418 0.745616 