-1.00634 -1.60801 0.709107 -0.719166 0.708598 0.272896 -0.511585 1.19128 0.959925 1.19562 0.960608 1.63336 0.598365 0.021964 -0.668852 -0.238039 -0.22315 -0.362439 0.65389 1.0735 -0.42407 -1.76011 -1.92451 -1.08492 0.277371 0.0301823 0.0720471 1.59312 0.0148619 0.575879 0.243733 -0.16576 0.915164 -0.443528 -0.0462517 1.85491 1.64674 -1.67448 -1.62078 
-0.983596 -1.56486 0.635965 -0.618995 0.647168 0.242457 0.24587 0.54473 0.208337 0.779759 0.0167978 1.55604 1.3675 0.0531602 0.750206 0.0379988 -0.107307 -0.0174866 -0.0075113 0.732236 0.185869 -0.438836 0.139491 0.123991 -1.15298 -1.27963 0.0232616 0.869014 0.408814 0.925224 0.498275 -0.53601 -1.40919 0.946696 1.95794 2.13898 0.00772617 -2.29642 -0.463882 
-0.953178 -0.8578 0.747106 -0.826473 0.691112 0.265385 0.220651 1.37714 0.521089 1.33511 1.0846 0.480386 -0.681261 0.0452256 0.200162 0.170775 0.702074 0.135835 0.11788 -0.335696 0.522626 0.197828 0.214475 -1.0772 -2.01905 -0.433699 -0.116445 -1.50875 -0.117445 0.541258 0.0405802 -0.397284 -2.06745 -0.535722 0.643759 -1.45637 -1.09484 0.724767 2.95208 
-0.93837 -1.3647 0.806739 0.0830784 0.783003 0.360338 -0.089826 1.06736 0.406165 0.994234 -1.0604 -0.46301 0.933798 -0.0632853 -0.75854 -0.0794462 0.433952 0.0230936 -0.404796 -1.33521 -0.349854 0.204922 -1.31688 -0.970846 -0.428211 1.67246 -0.0961147 -0.368548 -0.297682 -1.37274 -0.235457 -0.705475 0.044659 -0.163378 1.32828 0.65556 3.64101 4.79404 1.52191 
-1.01646 -1.61634 0.66766 -0.392522 0.714205 -0.139411 -1.11456 1.02729 0.726011 0.0182312 0.113753 0.0521747 0.991198 -0.0508891 -0.168386 -0.126908 -0.670663 -0.0996222 -0.587595 -0.291037 0.359248 1.52611 0.870035 2.56381 2.77499 1.08821 0.0238136 0.681907 0.00824241 -0.658833 0.0987165 0.447761 0.986747 0.0404285 -1.37706 0.247183 0.153062 -0.140286 -2.47981 
-0.989259 -1.53308 0.679831 -0.587584 0.683381 -0.227257 -0.380863 1.4266 1.93227 1.86427 1.50341 2.31198 2.02201 -0.0394717 -0.0766328 -0.0712038 -0.224881 0.12181 0.0429657 -0.348462 -0.309425 -1.17214 -1.06969 -0.817785 -0.568498 -0.807355 0.0314578 -0.00780997 -0.0437978 0.237614 0.283304 0.733872 -0.708129 -1.13683 -3.9204 -2.93377 -4.28394 -5.77142 -3.87702 
-1.05593 -1.69297 0.596456 -0.617403 0.836016 -0.0964454 -1.46302 0.717865 -0.44613 -1.05146 -0.704031 -0.516323 0.183842 -0.0194313 -0.176196 -0.170706 -0.433049 0.183682 0.146277 -0.999167 -0.77758 -2.39429 -2.06374 -1.72013 -2.99643 -2.78881 0.0666094 0.178162 0.203564 0.230768 -0.307531 0.242525 1.8687 1.07924 2.37572 1.86691 1.82297 -0.0182897 -0.215193 
-1.00869 -1.70928 0.509126 -1.02063 0.867062 -0.08098 -1.38003 0.649024 -0.462017 -0.199469 -0.216714 -0.684451 -0.766804 0.0271377 0.10153 0.13236 0.00588721 -0.185721 0.285491 1.52023 0.769813 1.20358 0.79722 1.00519 -0.586787 -1.02255 0.0332323 0.74896 0.597295 0.738989 -0.524474 0.0485688 1.63815 1.47372 4.22986 2.26474 2.55547 3.78095 4.55587 
-1.0288 -1.59144 0.728816 -0.611516 0.650295 0.189045 0.0572132 1.48768 0.757447 -0.254243 0.301158 -1.10311 -0.838706 0.013801 0.572764 0.42659 0.305939 -0.340793 0.194846 0.638988 0.696143 1.83557 0.201 0.835347 0.784519 1.76706 -0.0479856 0.0596151 0.00917601 -0.267825 -0.0527481 -0.230942 -2.04491 -1.1065 -1.58956 0.0782958 -1.10938 1.63346 2.47856 
-0.99489 -1.13651 0.935715 -0.714694 0.52627 0.113866 -0.741042 1.34517 1.37355 0.00153094 0.618633 0.100068 1.00026 -0.020848 0.161145 0.141536 -0.261938 -0.238469 0.0545492 -0.524679 -0.336682 -0.385981 0.875516 -0.104195 1.04667 1.45602 -0.0412643 -0.778009 -0.51197 -0.557975 0.509187 -0.197341 -0.573956 -0.897173 -3.48113 0.496531 -0.664544 -0.45654 -2.31852 
-1.04965 -1.4303 0.870353 -0.873453 0.411826 0.243595 -0.467466 1.151 0.371467 0.621273 0.196964 -0.0564384 0.617309 -0.0274632 -0.205245 -0.08538 -0.252035 0.168395 -0.0024946 0.065032 -0.20103 -1.64556 0.697531 0.170803 0.327979 -0.551459 0.145923 0.749624 -0.0965148 0.860734 0.797051 -0.280736 -0.166177 -0.463008 -1.06761 -2.01227 -0.109406 -1.62515 -2.06804 
-1.02235 -1.34176 0.850335 -0.966729 0.694665 0.111371 -0.67601 1.14414 -0.272004 0.699062 0.789436 0.428047 0.448797 0.125075 0.910769 0.0450216 0.598797 0.558582 -0.226187 -0.690856 -0.79969 -1.45359 -1.13675 -0.213601 -0.57848 -0.61202 0.202026 1.34895 0.31172 0.987209 0.21833 -0.128064 -0.394889 -0.445891 2.00987 -0.547192 -1.88182 -1.65565 -0.605663 
-0.924571 -0.51953 0.915375 -0.274656 0.970408 0.0174074 -1.15832 0.351307 -1.08212 -0.51548 -0.0166372 -0.634919 0.00528922 0.174563 1.14371 0.22634 0.735174 0.386725 -0.130559 -0.329857 -0.64692 0.364317 0.150339 -1.71101 -1.32767 -1.15712 -0.049994 -0.660501 0.140161 -0.475808 -0.702196 0.1703 0.576374 0.676061 1.56281 1.62045 0.446858 1.62664 0.581008 
-0.84779 -0.198053 1.07668 -0.231555 1.08139 -0.0191876 -1.00587 0.497216 0.0923128 0.849401 -0.921576 -0.899624 -0.708325 0.0750806 0.250267 0.185183 0.122989 -0.143613 -0.0558868 -0.114483 -0.123628 0.109227 0.483699 0.233258 1.04816 -0.0310121 -0.109774 -0.627052 -0.142612 -0.854112 -0.375582 0.140943 -0.203927 0.0770518 -1.5756 -1.50688 2.69613 2.9378 0.312158 
-0.84949 -0.269263 1.10056 -0.151667 0.826795 -0.0384793 -1.27281 0.227679 -0.972894 -0.0317803 0.21662 0.413237 -0.0257229 0.0647881 0.516656 0.0837285 -0.118938 0.0111424 0.0103837 -0.533783 -0.569869 -1.21129 -1.35654 0.98512 1.61013 -0.844964 0.0742611 -0.0314718 -0.274801 -0.0114151 0.648405 0.286896 -0.232816 -0.0928313 -0.780055 -0.852479 -0.567271 -0.760183 -0.908853 
-0.783002 0.318603 1.1604 -0.350493 1.09253 -0.00880395 -1.53965 -0.0726524 -1.11897 -0.507143 0.0635443 0.710509 -1.55329 0.149342 0.218796 -0.0896182 0.111574 0.504792 0.231009 -0.347299 -0.21646 -0.670828 -0.36878 -0.334014 0.287973 -0.939865 0.0942861 -0.704019 -0.115157 0.332553 -0.0351789 -0.397309 1.31049 1.15613 -0.0735217 1.82255 -1.02454 -2.32921 1.13668 
-0.700148 -0.0504673 1.01094 -0.0400931 1.33159 0.19253 -1.6201 0.0112193 -1.64372 -0.40056 -0.117393 0.701211 -0.965588 0.159074 -0.187364 -0.0314287 0.213615 -0.0240365 -0.386925 0.776705 0.586259 -1.28481 0.466005 -0.039421 -0.719076 0.29172 -0.112609 0.320929 0.0347407 -0.175494 -1.04303 -0.789206 0.819891 0.594717 -0.131854 -0.0296095 0.783462 -0.430006 1.09314 
-0.623928 0.131239 1.12898 -0.136877 1.0685 -0.395729 -0.762945 0.513606 -2.40378 -0.0411382 0.0241233 -0.00856641 -1.26157 0.0367326 0.539724 -0.0548776 -0.06392 -0.538235 -0.558197 0.472592 0.378257 -0.802683 -0.398389 0.449448 -0.142033 0.15327 -0.228927 0.317821 -0.198818 0.360944 0.0454508 0.354391 -1.29341 -1.11829 1.50542 -1.33302 0.174946 -0.847267 0.100546 
-0.663416 0.489257 0.956062 -0.104013 0.793352 -0.365667 -1.14751 0.389477 -2.44641 -0.79895 0.332055 0.559177 -0.812317 -0.0698527 0.130458 -0.230247 0.57456 0.0214143 -0.0325342 -0.516704 -0.532035 0.220615 -0.867017 0.135525 -1.56634 0.392265 0.422302 -0.388961 -0.540603 -0.243892 -0.350414 1.0738 0.433454 -1.62763 2.41374 1.94543 -1.93415 -1.54101 -0.209398 
-0.693781 0.261697 0.898728 0.437683 1.08991 -0.428264 -1.27965 -0.0184283 -2.18317 -0.908156 0.159649 -1.57491 -0.869304 0.459035 0.150764 -0.595481 -0.307812 -0.888649 0.515598 0.906046 -1.24937 1.61106 1.54704 -1.4847 -1.68305 -0.0561272 1.51747 0.499408 -0.918174 -1.43329 -1.82009 0.788031 2.18046 -0.890736 2.07557 3.04443 -0.684403 1.77427 -0.0636451 
-0.204381 0.640021 0.360581 -0.411825 -0.0952973 0.149931 -0.241467 -0.859893 -0.835344 0.748094 -1.15265 -1.12387 -0.868444 1.44762 0.629866 -1.14842 -0.858733 -1.79867 0.755497 1.66375 -1.42277 2.29618 2.17741 -0.548878 0.207931 0.32862 0.749254 0.604109 -0.743883 0.714111 -0.0975154 -0.361889 0.354953 0.45092 -0.646607 -2.92142 0.949167 1.60359 -0.37569 
0.753836 0.891563 -0.249693 -0.421051 -0.708765 0.327234 0.384103 -1.4412 0.113019 1.26925 -0.389229 -1.36698 -0.540684 1.20829 0.754872 -1.33936 0.406299 -0.986165 0.153709 1.261 -0.79845 0.964455 -1.37438 -0.535533 -0.0794569 -0.431817 -1.13068 0.0763933 0.163749 1.66371 1.29959 -0.354463 -0.920756 1.99929 -1.93144 -4.40623 -0.205426 0.0231531 -1.26881 
1.00391 1.39489 -0.978783 -0.00552545 -1.08146 0.303641 1.01953 -1.65834 0.129111 -0.626284 -1.68818 -1.20333 -1.30026 0.316936 0.706259 -0.984672 0.804978 -0.499084 0.401035 0.742996 0.576516 0.364743 -2.22882 -0.754304 0.231084 -0.940195 -1.0688 -0.986284 1.19729 -0.357845 0.848294 0.254064 -1.00886 1.47097 -0.885026 0.385144 1.40057 -0.29196 1.05152 
1.07077 1.59782 -1.23437 0.383927 -1.20785 0.728268 1.1271 -0.864683 0.477762 -0.959563 -1.14353 -1.13589 -1.48088 0.139486 -0.231411 -0.142072 0.0484543 -0.137871 0.407773 0.252142 0.672521 0.0794289 -0.989233 0.865035 -0.371417 0.6197 -0.203597 -1.49088 1.53239 -2.05846 0.664595 -0.561607 -0.72527 -0.901095 -1.07779 1.56131 0.987182 -0.673408 2.16839 
1.14339 1.16348 -1.12086 0.0429288 -1.21933 0.711414 1.27167 -0.985822 0.208539 -1.61552 -0.823144 -1.57474 -0.680561 0.113339 -0.78462 0.547722 -1.25348 0.165511 -0.160573 0.017726 -0.324579 -0.713047 -0.667504 0.232878 -0.442324 1.22819 -0.136706 0.134919 0.638804 -0.590158 0.262629 -0.301082 0.191394 -0.773961 0.0382062 1.46955 -1.07086 0.953715 0.00611834 
1.18411 0.813202 -0.686643 -0.869556 -1.04234 0.567696 1.14483 -1.18926 -0.235285 -1.62707 -0.910656 -1.57822 -0.252687 0.00277951 -0.0964927 0.496732 -0.541704 0.124758 0.106691 0.443536 -0.10144 0.117635 0.480319 -0.205821 0.582298 0.625818 -0.219982 1.02519 -0.883348 1.60405 -0.713395 0.881416 -0.19406 0.0653362 1.25368 1.1302 -0.465069 1.04056 -0.989547 
1.14617 1.06699 -0.624124 -0.498775 -1.09457 0.818105 1.71521 -1.08726 0.326175 -1.1352 -1.02896 -0.992445 -0.054743 -0.106643 0.240571 -0.335626 0.350568 -0.547883 0.720843 -0.176334 -0.259243 0.540635 0.462693 -0.232191 0.59824 0.238644 0.0118339 -0.561878 -0.64732 -0.0360103 -0.39528 0.108931 -1.32432 -0.459154 -0.785075 -0.8541 1.1364 -0.678625 -1.30059 
1.07747 1.05377 -1.02227 -0.518988 -1.59022 1.28854 0.968491 -1.44851 0.30535 -1.16437 -1.14285 -0.979979 -0.014043 0.0146134 -0.658371 -0.150588 -0.577714 -0.270522 0.215622 -0.880783 -0.560593 -0.66744 -0.37378 0.93058 -0.0963264 -0.674776 0.183529 -0.550124 0.196074 -0.38141 0.634699 -0.938349 -0.422773 0.0496248 -1.62531 -1.07027 1.15288 -0.480151 -0.566588 
1.16079 0.408619 -0.774712 -1.07649 -1.3651 1.03373 0.834427 -1.64785 -0.341266 -1.50898 -0.0983843 -1.08877 -0.729519 0.076886 -0.309553 -0.139552 -0.0308424 0.0868162 -0.217505 -0.599107 -0.209618 -1.08467 -0.607576 0.920694 0.118089 -0.327944 0.0707507 0.594406 0.147716 0.870426 0.510273 -0.416634 1.75191 0.778764 0.917784 0.890741 -0.721655 1.82575 1.20552 
1.15435 0.744219 -1.16182 -0.549831 -1.5034 1.07103 0.369384 -1.65812 -0.779321 -1.77195 -0.222153 -0.86189 -0.341987 0.0853641 -0.0639652 -0.00287135 0.292712 0.239751 -0.201012 0.871127 0.218171 0.250344 0.516961 0.208926 1.72942 0.530745 -0.0409042 -0.171601 0.237854 -0.565613 -0.134365 0.0908122 1.75352 0.250676 1.71366 1.61414 -0.88984 1.06742 0.758295 
1.24615 0.344653 -0.777583 -0.783777 -1.12535 0.832714 1.70555 -1.42968 -0.0909219 -0.992018 0.110541 0.640648 -0.198775 0.0359818 -0.481155 0.0983019 -0.596455 -0.0475486 -0.126693 1.15441 0.0410584 0.628987 1.00656 0.0308538 1.18551 0.430351 -0.129275 0.321975 -0.489956 -0.372515 -0.792587 0.73551 -1.36244 -0.109349 -0.0640679 -0.372595 -0.134931 -1.8839 0.506948 
1.19034 0.263064 -1.06352 -1.14629 -1.55095 0.94434 1.5238 -1.61706 -0.150334 -0.765388 -0.191299 0.323616 0.0883634 -0.0439104 0.25801 -0.492827 -0.0798029 -0.552836 0.534497 -0.491309 0.108822 0.186276 0.144366 0.0739945 -0.154479 1.03769 0.0191671 0.72173 -0.340153 0.901821 0.0565136 0.529816 -1.35514 0.398388 -0.821455 -1.84916 0.196584 -0.723542 -0.0584109 
1.20224 0.602663 -1.27041 -0.86358 -1.67818 1.36721 1.21425 -1.32086 0.0953542 -0.847653 0.184536 0.486169 0.838917 0.0551489 0.240575 -0.241851 0.305366 0.00896502 0.403123 -0.200728 0.439446 -0.192467 -0.842597 0.227438 0.461965 0.37194 0.127903 -0.462294 0.570549 0.180545 0.871793 -0.482589 1.30635 0.021426 -0.341497 -0.162314 -0.0358789 0.738412 -0.668444 
1.24548 0.503639 -1.30537 -0.84092 -1.54199 1.34746 1.32307 -1.17762 -0.342802 -1.60799 0.0361394 0.785581 0.460303 0.0839922 -0.204284 0.0777218 0.100742 0.318957 0.0519084 0.815038 0.130248 -0.155221 -0.0179489 0.0381156 0.583933 0.369248 -0.0799061 -0.168109 0.0911444 -0.0369351 -0.21964 -0.106453 0.467094 -0.335739 0.264344 2.09911 0.152053 0.479299 0.695907 
1.28623 0.398379 -1.19269 -0.762838 -1.35922 1.41912 2.02928 -1.19061 -0.0598669 -0.865602 0.222651 1.0701 1.20817 -0.0247572 0.0724664 -0.150707 0.268431 -0.210675 0.29667 0.266366 0.103707 0.0718766 1.25652 0.379491 0.941264 1.06785 -0.107056 0.335886 -0.152381 0.11017 -0.54518 0.111867 -0.992865 -0.0927434 0.392187 0.492656 0.262594 -0.490169 -0.415634 
1.22073 0.576105 -1.45608 -0.572489 -1.75266 1.64413 1.58943 -1.07391 -0.270925 -0.35147 0.415631 1.72684 1.52815 -0.0230635 0.131601 -0.0746597 0.210912 -0.226223 0.163775 -0.177827 0.0375043 0.236966 0.474707 0.30071 0.0937644 -0.046386 0.0607291 -0.315774 0.267442 -0.51062 0.327542 -0.627346 -0.266048 -0.449576 -0.099011 -1.37434 -0.559879 -1.55142 -1.29195 
1.26317 0.52998 -1.26735 -0.551926 -1.58545 1.58289 1.85146 -1.15311 0.177099 -0.390895 0.523361 1.16387 1.16178 0.0359719 -0.243308 0.116735 -0.242189 0.116867 -0.330677 0.000317768 -0.345869 -0.0271344 -0.117827 -0.180387 -0.610161 -0.224102 0.0968181 -0.494196 0.197401 -0.719631 0.548283 -0.749322 0.235059 -0.368434 -0.521378 -0.500496 -0.631244 -0.243421 0.145838 
1.2567 0.332797 -1.33934 -0.814678 -1.6358 1.31346 1.58975 -1.41978 -0.29806 -0.469297 0.235243 1.11668 1.30405 0.0737547 -0.362594 0.122741 -0.508719 0.32206 -0.585547 0.0572322 -0.330929 -0.284412 -0.0257892 -0.330534 -0.149657 0.0994522 -0.000267324 0.419483 -0.10818 0.21817 0.0701951 0.290404 0.0812202 0.334139 -0.134391 0.618417 0.066744 0.0463099 0.442739 
1.33692 0.167385 -1.14461 -1.06064 -1.26339 0.997348 1.90869 -1.48404 -0.107314 -0.416684 0.192827 1.01421 1.26123 0.0357046 0.176175 0.00855493 -0.0240188 0.187062 -0.0402723 0.0815379 -0.01173 -0.161526 0.50059 -0.113643 -0.563851 0.218637 -0.0884123 0.778993 -0.37763 1.16709 -0.405261 0.964691 -0.389354 0.528514 0.0714199 0.498075 0.560829 -0.458028 -0.0434273 
1.2924 0.508972 -1.33079 -0.838697 -1.44873 1.27318 1.67129 -1.43151 -0.459585 0.0312924 0.1216 0.552833 1.52269 -0.0146576 0.416399 -0.254888 0.658374 -0.0832005 0.379144 -0.332121 0.197585 -0.212993 0.472286 0.230295 -0.607685 0.0560249 -0.0215965 -0.319306 -0.256985 0.377488 -0.176414 -0.13288 -0.679801 0.0732394 -0.559529 -0.836493 -0.000302709 -0.694076 -1.11201 
1.32227 0.583784 -1.39949 -0.402271 -1.34659 1.37649 1.57657 -1.28645 -0.320306 0.0556018 0.423122 0.406525 1.31726 0.0141081 -0.143131 -0.24843 0.353469 0.0106478 -0.173152 -0.598263 0.0615094 -0.721055 -0.335903 -0.113946 -1.25793 -0.893375 0.00569895 -0.795372 0.0480367 -0.474452 0.337225 -0.772278 -0.000954412 -0.249901 -0.146702 -0.956393 -0.858296 -1.05139 -0.714144 
1.30651 0.365841 -1.57922 -0.485228 -1.43809 1.10003 1.07303 -1.37 -1.18064 -0.304611 0.00765383 -0.705094 0.62931 -0.00895865 -0.378973 -0.206851 0.183921 0.254024 -0.393134 -0.333076 -0.0523161 -0.359695 -0.484107 -0.628001 -1.65907 -0.658119 0.0196915 -0.00523312 0.370257 0.0103826 0.805402 -0.526456 1.21616 0.0514908 1.90995 1.03646 -0.508559 0.999767 1.61741 
1.31331 0.204811 -1.60635 -0.21835 -1.09256 0.983357 1.24349 -1.33877 -0.680001 -0.428505 -0.204878 -1.25255 0.659138 0.0337996 -0.148364 0.121828 0.363851 0.81605 -0.699608 0.617901 0.113 1.1889 0.700557 -0.622505 -0.25816 0.724033 0.0199325 0.804208 0.328931 0.760499 0.158504 -0.134962 0.262446 0.584836 1.8457 0.936202 0.325767 0.849889 0.229576 
1.34031 0.217476 -1.45739 -0.121377 -0.622036 0.400424 1.69093 -1.257 0.00825813 0.395946 -0.614852 -0.963253 1.35334 0.0109738 0.425235 0.12208 0.94442 0.412529 -0.528097 -0.0706302 0.53252 1.486 0.452095 -0.302233 -0.809186 -0.428543 -0.097202 0.997827 -0.469756 0.827902 -1.13797 0.370224 -1.95462 0.277522 -0.822358 -1.26592 0.165301 -0.41539 -1.62178 
1.32428 0.630045 -1.48427 0.72607 -0.680034 0.455261 1.17286 -0.80625 0.806003 0.0235894 -0.507111 -2.06174 0.230595 -0.0634023 0.849463 -0.347928 1.19175 -0.321916 -0.329384 -1.33672 0.390523 0.36654 -0.565364 -0.457204 -0.673549 -0.897746 -0.107663 0.000764572 -0.483163 -0.706234 -0.525873 -0.430511 -0.516577 -0.638094 -1.64424 -1.33189 -1.3405 1.61593 0.331283 
1.27691 1.06694 -1.80532 1.07038 -0.943952 0.0710408 0.35421 -0.866478 0.374799 -0.169418 -1.07206 -1.6368 0.455597 -0.0966894 0.425999 -0.361083 0.238186 -0.113344 -0.958608 -0.587207 -0.105574 -0.158241 -0.879792 -1.64273 0.806747 -0.0972596 -0.0897756 -0.787795 0.165413 -1.00183 0.392772 -0.769881 0.928747 -0.427285 -0.311448 -1.14767 -1.38355 0.120989 0.397229 
1.22759 1.05604 -1.84535 0.964256 -0.793379 -0.503347 0.585655 -0.911824 0.647761 -0.856203 -2.14984 -1.25499 0.133335 -0.153178 0.0616677 -0.182515 0.189923 0.0708558 -1.09926 -0.407971 -0.0367626 0.0550929 -1.71304 -1.84075 -0.552561 -0.500517 0.105293 -1.28777 1.16728 -0.379696 0.819958 -0.286724 0.578388 0.984497 1.57864 0.607098 0.902472 0.312567 1.0986 
1.12373 1.12861 -1.98783 1.2603 -0.873097 -1.02822 -0.053761 -0.90324 0.429891 -1.88245 -2.91281 -2.18936 -0.0449201 0.00860321 -0.861769 0.806197 -0.14151 0.706614 -1.24533 -0.00881961 0.878924 1.4204 -0.272694 -0.740258 1.11931 1.00134 0.100324 -0.290781 0.89458 0.373039 0.319432 0.282899 0.447727 0.604238 0.282335 1.7173 2.52285 3.3338 0.229295 
1.23619 0.194276 -1.03915 0.822745 -0.086765 -1.74868 0.576835 -0.0329003 2.06816 -1.1289 -2.8901 -0.135675 1.13467 -0.0528539 -0.229114 0.712065 0.562963 0.390288 -0.816365 0.039756 0.567476 0.337428 0.00426278 0.682103 2.78124 -0.271222 -0.221143 1.48906 -0.741578 1.34806 -0.914472 1.12514 -0.358837 -1.25583 -2.07029 0.109581 2.38141 0.33331 -2.58369 
1.07088 0.899493 -1.27577 1.82326 -0.482809 -1.84459 -0.014005 -0.335765 0.76732 -1.87819 -2.2307 0.59188 -0.316142 -0.212539 0.627293 0.0646193 1.20655 -0.207858 -0.120189 -0.367657 -0.376911 -0.649883 -0.163113 1.64115 1.45262 -1.58236 -0.126346 0.505564 -0.373139 0.0814153 -0.548003 0.974195 -0.403046 -0.648784 0.459074 1.30793 0.734209 -2.46623 -0.605618 
1.02366 0.821569 -0.974532 2.0293 -0.294623 -1.86887 0.209178 -0.409811 1.41828 -1.29201 -1.24895 1.31695 -0.44768 -0.179199 0.27645 0.338926 0.644378 -0.157715 0.15783 -0.36329 -0.0813086 0.796502 1.31219 1.41631 0.315017 -0.87684 -0.0157127 -0.148288 0.339551 -0.71523 0.0683365 -0.0835652 -0.00660421 0.753375 0.142052 0.866957 0.0654531 -0.96765 0.518503 
0.891678 1.17594 -0.936844 2.46764 -0.640524 -1.68676 -0.377295 -0.417073 1.56382 -0.566002 -0.81439 0.906897 -1.19298 -0.228252 0.479005 0.404171 0.491323 -0.139522 -0.203754 -0.374261 0.376464 -0.507831 0.703845 1.7066 0.484973 -1.06385 -0.0213146 -0.377151 0.257417 -0.0214577 0.280144 -1.01894 0.855717 0.542518 -0.894605 -0.762804 -0.793601 -0.294475 0.207325 
0.795404 1.30057 -0.570361 2.52062 -0.434145 -2.07262 -0.165083 -0.033347 0.91045 -0.588164 0.457656 1.80192 -1.51153 -0.200514 -0.100701 0.596343 0.62292 0.122429 -0.861105 0.492426 0.461209 -0.0981036 0.549385 0.622711 0.0205413 -0.669515 0.0985194 -0.575351 -0.0390089 -0.474799 0.156125 -0.48866 0.63666 -0.458035 -0.027989 0.545963 -2.40348 -2.39338 0.991339 
0.691164 1.07524 -0.340501 3.09056 -0.518095 -2.54787 0.115131 0.0441361 1.46572 -0.0166169 -0.191679 0.927438 -1.8625 -0.129733 -0.0963461 0.365162 0.0165242 0.0166029 -0.692414 0.262399 -0.0815714 -0.53582 1.24981 -0.696874 -1.90841 -0.0725133 0.018112 0.850729 -0.416878 -0.648484 -0.24777 1.0318 -0.588324 -0.399021 -1.00889 -0.539352 -0.766202 0.467776 2.01037 
0.665671 1.20423 -0.205199 2.53715 -0.417542 -2.76504 0.0973159 -0.114918 0.37463 0.661643 -0.239218 -0.106488 -1.58405 -0.182402 0.750029 0.179465 -0.0255636 -0.125341 0.170696 -0.0958973 0.062188 -1.10699 0.010033 -0.143491 0.488318 1.34085 -0.105842 0.778003 -0.102756 -0.190256 -0.271171 1.09734 -0.219541 0.742502 -1.2616 -1.99224 1.22436 2.04328 0.284273 
0.508762 1.82527 -0.161036 3.065 -0.643435 -2.37717 0.019234 0.106324 0.358727 -0.00658391 -0.33517 1.41576 -0.521642 -0.235575 0.681657 0.262406 -0.173731 -0.254568 0.404928 0.0428575 0.66093 -1.79742 -0.742432 0.527486 0.134875 0.211759 -0.0717138 -0.506143 0.401161 -1.43237 0.56998 0.197731 -0.00234708 0.70966 -1.10864 -0.104686 2.97775 -2.10944 -2.50261 
0.430096 1.88588 0.0572066 2.36341 -0.67211 -2.36011 0.140173 0.546012 -1.42279 -0.0807891 0.288268 0.0283877 -1.37229 -0.254116 0.243886 0.580625 -1.45793 0.444639 0.368427 -0.0982443 0.771848 -2.21563 -0.0946526 2.83426 -1.62112 -1.16175 -0.255175 -1.00254 0.264799 -0.9891 0.881305 0.198917 -1.04854 -0.763508 1.2793 0.458624 1.63893 -0.387212 -1.30295 
0.254646 2.06916 0.419589 1.60706 -0.198796 -2.00874 -0.0790104 0.878172 -1.8569 -0.101237 2.49909 -0.205367 -1.68339 -0.49075 -0.320878 0.527205 -1.16283 0.626737 0.603845 -1.00568 -0.102578 -0.518117 -0.283808 2.16642 -0.252337 -1.09119 -0.311424 -1.22704 -0.000871 0.84435 -0.323658 0.728461 -0.655867 -1.39018 4.05344 0.264597 -4.85459 2.33118 0.420326 
-0.0606535 1.56501 0.584412 1.20058 -0.0453733 -1.75626 -0.865508 0.443434 -1.94091 -0.364598 2.45469 -0.223949 -2.46348 -0.56554 -0.983153 0.579754 -0.613584 0.120981 1.09689 -0.754112 -0.618332 1.83781 0.169944 -2.02034 0.710055 -0.741425 -0.042491 -0.66743 0.00147209 0.363588 -0.496484 0.415812 0.682155 -0.293795 3.06809 0.915359 -5.39164 -0.275682 1.94582 
-0.310894 1.08601 0.999343 0.993478 -0.0778152 -0.911855 -0.833122 0.25984 -0.019095 0.0687073 0.478749 0.504688 -2.42482 -0.533241 -0.988309 0.528677 -0.799244 0.130253 1.01966 -0.323526 -0.396373 2.54997 0.631551 -3.22522 -0.528019 0.854631 0.0977904 -0.847208 -0.704293 -0.270059 0.729571 0.0727422 0.644358 0.387827 -3.0738 0.280833 1.59747 -1.93414 2.11039 
-0.593894 0.576698 1.11309 0.401338 0.0848801 -0.736606 -1.18903 0.047061 0.609065 0.266953 -0.770532 -0.751969 -1.60885 -0.46775 -1.83036 -0.124539 -0.883644 0.850552 1.16963 -0.109754 -0.230505 -1.23599 0.450777 -0.422871 -1.22409 1.36896 0.295579 -0.227311 -0.603191 0.280526 0.819683 0.00225801 1.07482 0.803158 -4.55215 -0.747581 4.16613 2.08612 1.16627 
-0.778643 -0.744356 0.874805 0.109834 0.772737 0.257776 -0.942876 0.0293348 -1.25509 0.519484 0.0558775 -0.719399 -1.05586 -0.237662 -1.21562 -0.0745136 -0.518717 0.949936 1.02192 0.751292 0.406785 -2.00218 -0.11603 0.940911 1.5581 2.0209 0.375291 1.86712 0.134821 0.951538 -0.504486 -1.09059 -0.162321 0.978448 3.22062 -0.207874 1.54006 1.89709 -0.80342 
-0.831556 -0.638922 1.03858 -0.117379 1.03482 0.285309 -0.437741 0.453846 -1.39311 0.150923 0.170379 0.806132 0.412048 -0.0924584 0.0367577 0.0102825 0.067894 0.346066 0.0790371 -0.272075 0.747943 1.98463 0.242903 1.11718 0.673007 0.565543 0.145862 1.03971 -0.0983366 0.487413 -0.788025 -1.26249 -0.882299 0.305663 4.94908 1.02076 -0.703645 -3.39741 -2.49836 
-0.871102 -0.707598 0.885087 0.177728 1.1188 0.336813 -1.21495 0.777278 0.72954 0.762387 1.17306 -0.046392 -0.490312 -0.0918 -0.175908 -0.17285 -0.0313048 0.161911 -0.240576 -0.131007 0.712448 2.94691 0.904726 0.237266 -1.83931 -0.477461 -0.0088641 -0.121952 0.00974097 -0.378622 -0.0934209 0.0153446 1.05391 -0.33073 -2.33312 -1.26821 -1.81203 -1.33855 0.0445345 
-0.923356 -0.81483 0.865725 -0.148684 1.19673 0.0447337 -0.568748 1.16629 1.5538 1.05565 0.407644 -1.03318 -0.065413 -0.101323 -0.0851942 0.0200235 -0.310728 0.252645 0.0943817 0.781833 0.417213 -0.348494 -1.02531 -0.694847 -0.665539 0.610077 0.0776055 -0.126341 0.133165 -0.0659008 -0.0421981 0.53337 0.22067 -0.220463 -3.68232 -1.12755 0.373569 3.0912 0.401671 
-0.972424 -0.792792 0.905111 -0.133 1.37145 0.431195 -0.433117 1.19449 0.381046 -0.262919 0.478214 -0.711931 0.119765 -0.0141946 -0.302249 -0.0396854 -0.0972056 0.119713 0.292794 0.0896631 0.491984 -0.73541 -0.222828 0.610835 1.25188 -0.0757899 0.192488 0.32263 -0.0161556 0.0597986 -0.710574 -0.388569 -1.24856 -0.762213 1.08585 2.59009 1.13819 2.3217 -1.11247 
-0.93755 -1.11708 0.82604 -0.24589 1.31644 0.337528 -0.479085 1.65828 0.818386 0.832821 1.01848 0.2187 -0.141203 0.0911654 0.237436 0.00386783 -0.250929 -0.457929 -0.294187 -0.466725 -0.345 0.737358 1.56478 0.443344 1.65616 -0.502389 0.125687 1.62066 0.102558 -0.417516 -0.654031 -1.01742 -0.766935 -1.57377 0.196765 0.981666 -0.185078 -2.03356 1.09867 
-0.881259 -0.555356 0.908978 -0.383929 0.913519 0.137008 -0.899842 0.849491 1.1184 1.30186 0.921558 0.944228 -0.382624 0.111493 1.31841 0.0628723 -0.514722 -0.534318 -0.724626 -0.677271 -1.08179 -0.538645 0.758838 0.425757 -0.781673 1.02288 -0.126043 0.104885 0.0843242 0.0423871 0.315102 -0.152249 -0.229986 -0.348231 -3.24288 -3.27729 -0.841192 -1.71253 1.52518 
-0.826057 0.201326 0.888912 -0.760611 0.782122 -0.387099 -1.15636 0.576491 0.279741 1.59166 1.44424 -0.562973 0.881676 -0.034878 0.342321 0.088192 -0.208542 -0.142827 -0.446436 -0.696711 -0.69323 -2.50552 -1.71251 -0.397847 -0.05637 1.02279 -0.304776 -2.69654 -0.0593466 1.58008 0.613111 0.579194 0.548804 0.9879 -0.491755 -2.18073 -2.40899 0.910737 -1.74357 
-0.916137 -0.213035 0.997171 -0.592471 0.770692 -0.309429 -1.59655 0.15626 -1.38712 -0.410645 0.523711 0.887858 0.640165 -0.193283 -1.37814 0.00352569 1.06536 0.0787927 -0.145432 -0.128467 -0.0938869 -1.0304 -1.42189 -1.98323 0.129064 -0.720687 -0.0415121 -1.0271 -0.204134 0.844494 0.452273 0.692408 1.69562 1.46662 4.17942 2.9938 0.554532 0.839355 -1.04307 
-1.01934 -1.17681 0.892438 0.304748 0.860915 -0.532531 -1.28482 0.482604 -0.750659 0.169767 -0.538996 -0.433909 0.160989 -0.0763901 -0.684777 -0.115942 0.635951 0.309445 0.245972 0.99891 0.773388 1.6739 1.28129 0.156685 0.782985 -0.0202788 0.182938 1.4185 -0.203989 -2.11906 0.15998 0.696229 1.04839 0.588629 1.64356 1.98808 3.18539 0.79295 0.657696 
-0.992527 -0.897812 0.881229 0.0434799 1.08014 -0.0634567 -0.597643 0.929649 0.28678 0.870642 0.680395 1.67084 0.619886 -0.0103443 0.0403614 -0.200463 -1.0537 0.238773 0.550797 0.919922 0.494742 0.613155 0.566193 1.20216 0.922014 -0.0629912 0.0932533 0.336603 -0.16539 -1.74067 -0.520398 -0.659252 -0.971767 -0.578078 -2.95438 -1.77435 -1.84759 -3.29016 -0.276955 
-1.02968 -1.13645 0.691974 -0.748953 1.09969 0.018266 -0.364902 0.977346 -0.137504 0.73596 0.663162 0.488106 0.0979982 0.0168632 -0.348174 -0.281331 -1.10472 -0.210952 -0.41328 0.0271428 0.19531 -1.28049 -0.493063 -1.69091 -2.50717 -0.297234 0.0699696 0.463272 0.433759 1.61204 -0.457084 -0.314787 -0.710209 -0.616435 -1.71834 -1.42927 -2.38423 -1.83632 1.29818 
-0.975664 -1.24599 0.599898 -1.06124 0.869186 -0.476737 -0.570501 1.12496 -0.993705 0.377579 -1.01051 -0.836328 0.322652 0.0596253 0.503633 0.233296 0.558343 -0.218311 0.23601 0.209713 -0.121693 -1.10518 -0.863077 -1.18207 -0.914307 1.23519 -0.0773751 0.239083 0.437452 1.5819 0.217281 1.33873 0.194967 -0.0722734 2.51028 -0.00814272 2.44171 3.21603 0.478066 
-0.970059 -0.632814 0.92527 -0.19061 0.881376 0.254276 -0.155189 0.855654 -1.24269 -0.127118 -0.518907 -0.426201 1.33319 -0.0605119 -0.10909 0.15612 0.477185 0.00632893 0.92545 0.22211 0.123037 1.2298 -0.501206 0.750801 0.708862 0.180831 -0.0989806 -0.880521 -0.503418 -1.09206 0.253257 -0.348708 -0.161626 0.452408 3.34893 2.49928 2.20396 1.99854 -1.82383 
-1.03618 -1.35508 0.756018 -0.584051 0.875515 0.448713 -0.34839 1.248 0.236093 -0.123627 -0.259711 -0.127467 0.503483 -0.0393554 -0.376888 -0.270122 -0.533717 0.0349462 -0.112698 0.048087 0.330715 2.24374 1.63621 1.02189 1.08424 -0.58864 0.134596 0.494239 -0.232343 -0.434655 0.0230294 -1.18858 -0.648445 -0.97349 -1.41518 2.64059 0.0661694 -1.62666 -0.60896 
-1.00941 -1.0097 0.655148 -0.724327 0.916323 0.141578 -0.107102 1.18637 1.00106 1.50909 0.502981 0.658037 0.744549 0.074084 0.385148 -0.0762229 0.0425302 0.0293584 -0.263129 -0.426335 -0.850454 -0.185383 2.13938 0.816971 -0.917801 -0.428129 0.111128 0.543788 0.304157 1.20187 0.0376611 0.485429 -0.281315 -0.488729 -2.87843 -2.17184 -0.963304 -1.49685 0.621147 
-0.962092 -0.969927 0.679795 -0.541521 0.904873 0.185584 -0.774725 0.397542 0.0507102 2.01576 0.557259 -1.04527 0.0753544 0.0717727 0.1669 0.0340347 0.668149 0.0726073 0.372731 -0.233228 -0.158014 -0.634684 -0.535632 0.0585842 -0.412615 0.0325069 -0.00976689 0.0272537 0.239169 -0.075973 -0.0116851 0.440212 0.660546 1.33977 -0.825854 -3.51112 -0.33905 2.80828 1.50178 
-0.937642 -0.842802 0.689183 -0.0561782 0.98893 0.514309 -0.340331 1.02836 0.366372 0.973457 0.561565 0.245422 0.777056 0.0643171 0.412402 0.162946 -0.0334427 0.0176732 0.177083 0.234211 0.489315 -1.01124 -1.37174 0.477921 1.89048 1.07365 -0.107424 -0.107005 0.0631779 -0.78927 -0.11888 -0.676749 0.353111 0.489192 1.68482 0.969139 0.906166 0.562684 0.417981 