-1.0496 -0.649455 0.736413 0.181663 0.796128 0.656871 -0.567733 1.20003 1.2826 0.0997055 0.921759 -0.864165 -0.982464 0.00353011 0.0245572 0.156662 0.278414 0.214852 -0.177914 -0.660396 0.0323071 -0.0627612 0.25478 -0.378393 -0.606501 -0.328671 0.185923 0.280819 -0.340075 0.26222 -0.1532 0.309242 0.719267 -0.837551 -1.63914 -0.782029 0.0195007 1.27586 2.70354 
-0.984275 -0.565442 -0.129479 0.193899 0.881744 0.740872 -0.809829 0.983217 1.02677 -0.00317157 0.628682 -0.480924 -0.404912 0.0935276 0.0940703 0.175164 0.0619763 -0.0238807 0.208413 0.298808 -0.426545 -0.647674 -0.225571 0.299676 0.97766 1.12811 -0.00358223 -0.103714 0.368516 0.266744 -0.237585 0.00116805 1.58546 0.123551 0.23625 0.435138 1.14608 0.540074 1.70071 
-0.956077 -0.555385 0.911577 0.243639 0.772247 0.865284 -0.268925 0.773487 0.634923 -0.125865 1.22144 0.113495 0.145646 -5.21225e-005 -0.0791569 0.525178 0.545158 -0.022733 -0.176746 0.925064 0.155858 0.173489 0.689918 0.767692 -0.0664275 1.37204 -0.0204202 -0.409826 -1.15267 0.352884 0.0441037 -0.168445 -0.777678 0.539361 1.49752 0.651533 -0.459911 -1.58287 -1.36037 
-0.984327 -0.644599 0.395699 0.739058 0.859011 0.564127 0.115235 1.13907 1.20025 0.686746 1.39637 -0.547351 0.967127 0.0731074 -0.315755 -0.977505 0.41486 0.020223 0.0399684 -0.47887 0.112815 0.849851 0.425962 -0.160236 -0.605214 -0.23226 0.152248 -0.148736 -0.813224 -0.66398 -0.0187305 0.134742 -2.04211 -0.431299 0.215459 -1.57111 -1.3562 1.15512 -0.564287 
-0.88297 -0.87114 -0.0659284 0.658499 0.79247 0.905253 -0.747796 0.886303 1.48477 0.300097 1.0612 -0.491719 -0.0866141 0.152196 -0.227893 -0.288046 -0.118822 -0.0414634 -0.042004 -1.11704 -0.275441 0.388948 -0.881195 -0.588508 1.08869 0.807752 0.0264006 0.156826 1.01949 0.057235 0.00941135 -0.0318248 0.865701 -0.131099 -1.73725 -1.78978 -0.13494 1.05878 1.32181 
-0.832132 -0.872491 0.107653 0.620236 0.817548 0.522123 -1.00181 0.863634 1.5892 -0.194449 0.807866 0.541341 1.77488 0.099508 -0.158929 0.0419805 0.472095 0.0296343 0.00814365 0.386831 -0.0182833 -0.887403 -1.36382 -0.295175 0.45357 1.08955 -0.0699104 -0.0642566 -0.539999 0.285312 0.0519053 -0.204978 0.579884 0.126377 -1.7674 0.741128 0.24264 -2.25128 -3.03449 
-0.783462 -1.03007 -0.0239479 1.13059 0.822105 0.913396 -0.360965 0.868019 0.59737 -1.06372 0.766024 -0.0381491 1.00294 0.0822852 -0.292149 -0.828045 0.16649 0.0104418 -0.246982 -0.53716 -0.149065 -1.37845 -0.140068 -0.345868 -1.16258 -2.22674 0.0843846 0.225636 0.164548 -1.53557 -0.0869562 -0.499249 -2.37853 -0.414078 0.127752 1.86594 0.199492 -0.743879 -1.05399 
-0.749847 -1.16464 -0.720392 0.786726 0.82799 0.275141 -1.53897 0.714569 0.210749 -0.334517 0.461998 -0.621242 -0.451857 0.183893 0.0667073 0.206528 -1.06348 -0.0573218 -0.491106 -1.9917 -0.432361 -0.759651 0.502125 -0.0956829 -0.290308 0.0355656 0.036323 0.0879625 1.34344 -0.646494 0.129457 0.789045 1.44017 0.109576 0.791646 -0.0727099 -0.058926 0.843106 2.40611 
-0.599569 -0.963362 0.18258 0.0671165 0.764783 0.422291 -2.35267 0.435658 -0.16228 -0.561596 0.670341 -0.328457 1.03851 0.118608 -0.204187 0.515398 -0.480004 0.139899 0.542063 0.903014 -0.0394889 -0.586807 -0.212778 -0.404794 -0.319477 0.179373 -0.0469145 -0.310925 -0.438975 1.34504 0.340394 1.00167 3.47193 0.810793 0.690653 0.232982 0.233286 -0.540731 -1.17341 
-0.631238 -1.36883 -0.204994 0.306722 0.967888 0.817204 -0.635955 0.67508 -0.376059 -0.547294 0.0572037 -0.940719 -0.272484 0.136978 -0.244218 -0.232447 0.281566 0.283072 0.510561 1.48022 0.378432 -0.0689978 0.735107 0.137603 -0.831039 -1.13785 0.0417676 0.244033 -1.716 0.0468417 -0.226986 -1.00027 -1.33572 0.523671 1.83717 1.04129 1.19127 0.484798 -0.330093 
-0.462591 -1.20758 -0.0498665 0.348682 1.04786 0.932852 -0.872444 0.81409 -0.231278 0.173511 0.807944 -1.1595 -0.0993416 0.160376 0.0398462 -1.2006 -0.433162 -0.0870872 -0.45821 -0.432704 0.484182 1.25037 0.828515 0.786474 0.165321 -0.15072 -0.111023 0.213806 -0.931282 0.833155 -0.348907 -0.630074 -0.873137 -0.37657 0.946487 -0.491655 -0.342547 0.526431 2.2691 
-0.470863 -1.32898 -1.4056 -0.12644 0.880801 0.358993 -1.06866 1.15926 0.874307 0.28122 0.843677 -0.775397 -0.423203 0.0259554 -0.0304112 -1.16373 1.11472 -0.0658351 -0.119513 0.607086 0.00186206 0.87749 0.243452 -0.204943 -0.304608 1.13125 -0.0566076 0.0661151 0.878323 1.82087 0.112905 0.94181 1.23017 -0.898447 -1.63756 -1.08829 -0.918605 -0.0962678 1.40633 
-0.436636 -1.23799 -1.21359 1.4634 0.98202 0.813339 -0.265358 0.815952 0.646211 0.416963 0.603001 -1.4641 1.03191 0.103768 0.105961 -0.322279 1.3877 0.0258177 0.4836 0.797468 -0.414265 -0.38719 -0.259773 -0.132131 0.0690535 1.25561 -0.0373252 -0.102918 1.5537 -1.00946 0.317245 0.608085 -0.312251 0.00801481 -0.442664 -0.518462 -0.302918 0.519031 -2.55078 
-0.367095 -1.22302 -1.72787 1.26127 0.906619 0.842593 -0.271191 0.744997 0.487117 0.0214466 0.711546 -0.706344 0.832409 -0.0113699 -0.133329 0.389972 0.105261 0.25141 0.488572 0.294835 0.00987687 0.434825 -0.27501 -0.507861 0.214422 -1.41953 -0.237038 -0.187331 1.17167 -0.907465 0.172007 -0.544934 -0.925467 0.603456 1.01121 -0.166464 0.416645 0.844332 -1.1966 
-0.448006 -1.37132 -0.823623 1.56866 1.23343 1.30191 0.0294768 0.825829 1.08104 0.141953 0.0951398 -1.24968 -0.387624 -0.133269 -0.0813693 0.849388 0.480239 0.197825 -0.0613339 -0.127999 0.189191 0.624016 -0.426237 0.284514 0.913385 0.059011 0.0279269 0.23237 -0.804156 -0.677682 -0.450415 -1.07186 -0.654964 0.097609 -0.857028 0.441178 1.78782 0.897224 3.35129 
-0.500364 -1.30439 -0.878487 1.7415 1.10444 0.781259 -0.39919 0.934188 1.11113 -0.404791 0.99606 0.207042 0.89142 0.016557 0.0990406 -0.414184 -0.572421 -0.199006 -0.583292 -0.360129 0.107486 -0.422203 0.166168 1.27996 1.11165 1.93176 0.142895 -0.164539 -1.35797 -1.76678 -0.0658657 0.771713 0.479594 -0.0905602 -0.869952 0.681582 -0.760277 -1.15594 0.10243 
-0.431449 -1.27228 -1.23781 0.996242 1.03442 0.718619 -0.330652 0.933315 0.658834 0.308121 1.3751 -0.138035 1.54413 0.0096255 -0.245908 -0.508577 -1.28654 0.131959 0.710379 0.351595 0.0986307 -0.245937 0.255344 -0.475764 -0.242551 0.161441 0.0335397 -0.290823 0.398745 -0.0793735 0.154366 0.46879 0.0991821 -0.23993 -0.144563 -0.557202 -1.90483 -0.246712 -3.12018 
-0.490739 -1.5503 -1.38706 0.454962 1.2364 1.49164 -0.0475954 1.03282 0.865195 -0.149446 0.520296 -0.0355093 1.05286 0.0500967 -0.191782 -0.0154394 -0.651794 -0.0446394 -0.114502 -0.260947 -0.132444 -0.566766 -0.391034 -0.624873 0.864935 -1.18842 0.0284589 0.452065 -0.604242 1.35058 -0.403996 -1.66635 -0.618541 -0.48605 -0.56344 0.558161 0.789036 0.332788 -0.53167 
-0.381352 -1.46406 -1.25325 0.344448 0.989785 0.604116 -0.591599 0.800871 0.0920679 -0.0829127 0.750225 0.7269 0.355715 0.0380844 0.206157 -1.11282 0.0640403 -0.272037 -0.955974 -0.266946 -0.387419 -0.809377 0.813505 0.313272 0.0902375 -0.370229 -0.014458 0.534945 -1.49605 1.21155 0.0356778 0.0707365 0.740589 0.0456773 1.04945 1.46443 0.608186 -1.66481 1.49996 
-0.452654 -1.34414 -2.49988 0.519003 0.964367 0.535664 -0.314541 0.6454 0.0558188 0.664059 0.833568 0.0547281 0.682633 0.0356387 0.343163 -1.51149 0.559752 -0.00896166 -0.0437657 0.479642 -0.0867666 0.482688 1.0734 -0.0166864 -0.799873 0.311537 -0.124195 0.265027 2.95869 -0.582112 0.126398 0.603387 -0.472772 0.181288 0.8921 -1.13409 -0.422481 -0.418123 -0.382366 
-0.345713 -1.1209 -2.76474 0.9042 0.980823 0.560351 -0.111958 0.714104 0.574756 0.990487 0.733539 -0.0729734 0.667252 -0.0861106 0.471184 1.84587 -0.518072 -0.145639 -0.352587 -0.739718 -0.206131 0.0827233 -0.320583 -0.109209 -0.327885 -0.752595 0.107393 1.10436 6.72278 -0.239976 -0.479963 -0.953557 -2.92633 -1.39021 -2.64152 -3.6582 -0.226483 0.451096 -1.41258 
-0.538765 -0.872957 -0.654009 0.000930592 0.818728 0.183076 -1.05426 0.439268 0.138542 0.343476 0.724359 -0.273157 -0.0699625 0.143032 1.44752 5.21129 0.319776 -0.488925 -0.997323 -2.44669 -1.47697 -2.15884 -2.5848 -0.24317 -0.348777 -1.10105 1.35743 1.92346 0.741418 0.496003 -1.39459 -0.952746 1.5667 -1.41137 -0.711965 -0.29324 -0.981389 0.305871 3.20952 
-0.202681 0.326621 2.44655 1.22398 0.491898 -0.436972 -2.55864 -0.762868 -1.58408 -1.59431 0.490369 -0.421751 -0.433793 1.27132 2.39464 2.58729 -0.0220691 -1.54023 -1.30533 0.826984 -1.6175 -0.629241 -0.613823 -1.0906 -0.0220149 2.45692 1.29071 -0.978718 -7.72102 -2.17472 -0.891529 -0.344529 5.35049 0.911633 2.16949 5.25834 -0.471207 2.39998 2.85037 
0.732551 1.52168 1.93328 -0.0211385 -0.721502 -1.12226 -0.227275 -1.17823 -0.490699 -0.270347 -0.366239 -0.295172 2.38696 1.43375 0.468801 -2.50973 -1.85494 -1.38045 -1.34185 2.9038 -0.56534 0.0106556 2.67354 -0.714376 2.05121 1.74932 -0.668133 -3.47511 -6.28939 -1.9534 0.943783 1.01358 -0.0183118 1.22115 -0.698428 1.25051 0.979349 1.97963 -4.05676 
1.23106 0.795423 -0.0631835 -0.630963 -0.888555 -1.77882 0.345158 -1.32821 -1.57342 1.07923 -0.224007 1.62946 1.31553 0.603183 -1.08047 -3.7021 -1.97547 -0.596447 -0.291755 0.808673 -0.396352 -1.32767 0.63669 -0.111249 1.95762 -1.59983 -1.27451 -0.416184 0.929995 1.20087 1.17404 2.16733 -1.52962 0.503886 0.499676 -3.30137 0.846795 -1.49356 -1.45948 
1.33573 0.441214 -1.76882 -1.99661 -1.31795 -1.41401 0.581398 -1.57458 -1.81837 0.366343 -0.477488 1.66245 0.787129 0.159235 0.0526172 -1.57974 -0.654072 -0.206411 0.825475 1.37419 -0.0614542 0.510332 -0.627827 0.132418 0.557647 0.289845 -0.44966 1.37399 4.50459 2.17773 1.02775 0.521846 0.610649 1.02938 1.43935 0.370685 0.00277836 -1.42804 2.22747 
1.3903 0.84804 -1.64292 -1.28504 -1.09497 -0.95335 1.71934 -1.38966 -1.06309 0.4514 -0.0915883 2.1871 1.60538 0.153523 0.293519 0.802488 0.20226 0.431302 0.230092 1.41932 0.633026 0.111678 1.00737 -0.10847 0.529581 0.627641 -0.0671056 -0.140293 1.77925 0.241915 0.335591 -1.11943 -1.30323 0.866578 -1.61094 2.60533 -1.15584 -0.513228 -1.10487 
1.48926 0.734733 -0.966328 -1.79435 -0.886648 -1.18392 2.00072 -0.941558 -1.70669 1.37372 -0.585958 2.19203 1.41477 0.0921296 -0.0876759 0.199508 -0.412157 0.12918 -0.293951 0.0709562 0.805124 -1.1006 1.9775 -1.02343 0.0444189 -0.815028 -0.135742 -0.325671 -1.24494 -0.314304 -0.522834 -0.549437 -2.00695 -0.411054 -0.129934 -0.0604445 -0.367004 -0.992896 -1.32102 
1.48243 0.760364 -1.44341 -1.69719 -0.965787 -1.2473 1.7903 -0.584539 -2.1637 2.4289 -1.11501 2.23152 0.790348 0.0177811 -0.0321519 -0.442455 -0.112044 -0.0915324 -0.319346 -0.58763 0.221972 -0.0182559 0.94693 -0.475475 -0.463315 -0.693378 -0.0243864 -0.179935 -0.163583 0.0837544 -0.338444 0.058489 -0.987024 -1.26303 2.10137 -2.55013 1.13217 -0.724537 0.0801446 
1.50704 0.702581 -1.40878 -1.9064 -0.97818 -1.50327 1.41309 -0.719586 -1.72495 2.32065 -1.06143 1.72871 0.721393 0.0677432 -0.267611 0.0359249 -0.328403 -0.209264 -0.235462 -0.916068 -0.457904 1.00076 -0.572628 0.108745 -0.680118 -0.734883 0.0545227 -0.131046 1.19032 1.07328 -0.27031 0.540783 0.291377 -0.573769 0.643976 -1.07756 0.384401 0.668622 -1.27176 
1.55017 0.492753 -1.40749 -2.0256 -1.17505 -1.48276 0.874232 -1.04244 -1.16293 1.85627 -1.00627 1.5514 0.0554648 0.0723038 -0.163198 0.747866 0.961234 -0.361842 0.221437 -0.296253 -0.351797 0.62572 -0.13063 -0.0910737 0.205307 -1.96514 -0.0751939 0.355731 0.763436 1.46199 -0.0298948 0.117296 0.697969 0.291184 -1.13255 0.498094 -0.783411 1.22461 -1.3286 
1.57934 0.539383 -0.660917 -0.945161 -1.34002 -1.28183 1.11684 -1.07138 -1.09923 2.19002 -1.15251 1.93402 -1.24375 -0.00745073 0.0881201 0.799361 1.13358 -0.239159 -0.118166 -0.218098 -0.16672 -0.131786 -0.0745346 -0.674666 0.544491 -2.06348 -0.142934 0.332355 -0.947461 -0.431768 0.403316 -0.345968 -0.622693 0.135923 -0.960094 -0.120015 -0.498252 0.0317822 1.74821 
1.54272 0.580873 -0.608127 -0.892012 -1.41421 -1.60093 0.656134 -1.20916 -1.29472 1.78174 -1.68093 2.09589 -2.00802 -0.0706307 0.169157 -0.199594 0.529466 0.0414734 -0.124531 -0.918947 -0.215874 -0.334374 -0.250645 -0.589326 0.237089 -0.216928 -0.0570076 0.0892547 -0.487171 -0.873582 0.445782 0.180365 0.258266 -0.182891 0.190485 -0.0664861 0.993629 -0.808114 2.86656 
1.50871 0.70854 -0.860512 -0.415695 -1.29855 -1.40636 0.197889 -1.28726 -1.4336 1.93937 -1.74183 2.17111 -1.46067 -0.0644583 0.177375 0.312191 0.260003 0.206623 0.0621984 0.0401676 -0.349611 0.0586991 -0.141021 0.318963 -0.263624 0.803078 0.0200428 -0.0512042 1.25008 -0.476968 -0.0740159 0.013012 1.60202 0.206991 -0.0271441 0.239501 0.698679 -0.708404 0.572893 
1.47826 0.758248 -0.295936 -0.632009 -1.20759 -1.53873 0.696301 -1.55877 -1.23602 1.64072 -1.36197 1.83227 -1.20494 -0.0505879 0.117953 1.05049 0.052498 -0.0325425 -0.111519 0.683074 -0.00888281 -0.361518 -0.011144 0.109354 -0.471316 0.355965 0.0344913 -0.204742 0.601956 0.312894 -0.42948 -0.032313 -0.101606 0.684781 -0.90818 0.120547 -0.91976 0.268734 -0.296212 
1.45812 0.826493 0.189975 -0.363197 -1.33109 -1.51788 0.880963 -1.29614 -1.79512 1.92823 -1.63248 1.69979 -1.10471 -0.029967 -0.027367 0.914147 0.572897 -0.222857 0.0298854 -0.0614385 0.33517 -0.849481 -0.0204733 -0.600796 0.00511012 0.506866 -0.00127577 -0.271735 -0.255303 1.13292 -0.153505 0.015395 -0.716613 -0.383778 0.863064 -0.543033 -0.497781 0.682525 -0.60735 
1.4483 0.730881 0.618211 -0.0591126 -1.43044 -1.50885 0.634863 -1.2236 -2.0855 1.62024 -1.96277 1.83738 -0.698073 -0.0518636 -0.153782 0.795183 1.18542 -0.186047 -0.0961236 -0.0335391 -0.39266 0.501546 -0.554177 -0.388428 0.21121 -0.251384 -0.0711068 -0.0416635 -0.0930625 -0.0811379 0.138049 -0.318194 0.113287 -0.518212 1.51721 -0.304188 0.400044 -0.512617 -1.30187 
1.40626 0.672711 0.985158 0.822224 -1.51714 -1.614 0.847424 -1.6888 -1.29357 1.37405 -2.02091 1.911 -1.35609 -0.101074 -0.0690304 0.821085 0.491759 -0.0848082 -0.288309 0.0518487 -0.183042 0.667727 -0.324661 -0.200753 -0.507507 -0.795 0.0403405 0.205935 -0.780638 -1.40863 0.377824 0.0798641 0.257262 0.853154 -0.021419 0.138525 0.406839 -1.65167 -0.162229 
1.34722 0.661851 1.4393 0.432646 -1.51525 -1.79715 0.686711 -1.40665 -1.41777 1.29558 -2.16352 1.32987 -1.49307 -0.0115231 0.0521529 0.0145457 -0.223209 0.191777 -0.0162595 0.223722 0.460494 0.480127 -0.415652 0.0184112 -1.44046 -0.413613 0.11895 0.315682 -2.06956 -0.150726 0.0771646 0.796508 0.539408 0.1173 -0.710957 0.342987 0.0502145 -0.294357 -0.396324 
1.39474 0.724864 0.999704 0.599015 -1.32536 -1.63026 1.07115 -1.22831 -0.813446 0.9584 -2.0025 0.470547 -1.76971 0.0178765 0.246652 -1.24848 0.341033 -0.00764364 0.5082 0.591257 -0.0657421 -0.0432293 0.0183257 -0.150538 -0.801864 -1.19132 -0.0212098 0.148208 -1.24617 -0.213933 -0.177442 0.587377 -0.161063 -0.725786 -0.269417 0.162256 0.116322 0.325513 -0.448003 
1.3651 0.908503 0.190818 0.773679 -1.5229 -1.28895 1.27797 -1.47239 -1.461 1.31391 -2.31406 0.528009 -2.6844 -0.0327329 0.200361 -1.23162 -0.437143 0.0143345 0.571117 0.0626597 -0.265292 0.21071 -0.253396 0.134733 -1.11494 -0.861616 -0.0164165 -0.165582 1.49467 -0.338604 0.136281 -0.161816 -0.155148 0.0182578 0.613634 -0.129596 0.61453 0.790998 1.62551 
1.362 0.925225 -0.23192 0.161872 -1.31103 -1.05914 1.13381 -1.4936 -0.602736 0.705004 -1.86776 -0.644396 -2.63132 0.00146008 0.0810696 0.246191 0.00242923 0.128637 0.346384 0.436109 -0.0474842 0.570404 -0.11127 0.463992 -0.0108653 0.434187 -0.0103003 -0.22982 2.64555 0.818175 -0.105982 -0.721778 0.329922 0.189308 -0.568615 0.359146 0.307193 2.4973 2.60006 
1.36656 0.989572 0.43701 0.776108 -1.39426 -0.942571 1.71408 -1.51987 -0.890598 1.20264 -1.85007 0.517144 -2.25021 -0.0430332 -0.0294593 1.41392 0.381033 -0.0916475 -0.150661 0.392581 -0.0759848 -0.357905 0.10575 0.441927 1.38236 1.73844 -0.126675 -0.116481 -0.822502 -0.457782 -0.296007 -0.892493 -1.46209 -0.238843 0.163217 -1.13242 -0.0838409 -0.14106 0.665944 
1.31897 0.895765 1.182 0.542905 -1.40267 -1.2098 1.52639 -1.56958 -0.960642 0.810755 -1.42584 0.73796 -0.892878 -0.125214 -0.0354113 -0.576311 -0.455353 -0.16737 -0.546109 -1.02598 -0.286327 0.733622 -1.24369 0.380151 -0.151925 1.10013 -0.0809934 0.386249 -2.89457 0.531262 -0.0355034 0.318075 -0.383529 0.00166116 1.8399 -0.6301 0.279141 -2.76568 -0.969426 
1.24134 0.954161 -0.139301 0.320755 -1.56163 -1.48868 0.688097 -1.8062 -0.156976 -0.0410474 -1.46992 0.365219 -1.15008 -0.124027 0.356789 -1.48065 0.912294 -0.127151 0.167414 0.00905235 -0.0743236 1.48199 -0.52435 0.721068 -1.38332 0.769018 0.0013176 0.369424 0.31149 1.4025 0.325245 1.22285 1.84547 0.513257 -0.464613 1.62063 0.484815 -0.75353 -0.551755 
1.19494 1.25255 -0.298649 1.4552 -1.52983 -1.04239 1.53544 -1.64391 0.521348 0.286405 -0.704768 -0.645363 -0.12386 -0.123897 0.334013 -0.264821 0.947144 0.157875 0.676739 0.819489 0.22693 0.269008 0.37695 0.864966 -0.905455 0.548376 -0.0368962 -0.0660628 0.117097 -0.740852 0.211242 0.018179 -0.0852075 0.252621 -1.53791 0.877143 -0.83316 1.62836 -1.71447 
1.11745 1.28817 -0.404122 1.2679 -1.40375 -0.811941 1.50759 -1.57927 0.112032 0.335902 -0.604951 -0.540236 -0.601703 -0.160923 0.290727 -1.36355 0.171442 0.0840912 0.185593 -0.0761552 0.178298 -0.0559153 0.352793 -0.112092 0.245036 -0.945456 0.0389886 -0.1861 0.4674 -1.4241 -0.0494597 -0.786255 -0.372548 0.273328 0.154787 -0.526144 -1.14971 0.963571 -0.160246 
1.03402 1.54328 -1.6622 1.62664 -1.44573 -0.856797 1.45928 -1.46561 0.465433 0.639198 -0.81686 -0.400326 -1.06932 -0.0849083 0.147913 0.202579 -0.476956 0.108415 -0.109516 0.446941 0.500257 0.423795 -0.149195 -0.284744 0.0581163 0.38813 0.0929358 -0.463764 3.57621 -0.951478 -0.0276466 -0.204884 0.338249 0.534025 -0.0658635 -1.4104 0.0181161 -0.611572 2.20049 
1.03254 1.43609 -0.201543 0.790943 -1.29534 -0.921457 1.95453 -1.07901 0.535827 0.186708 -0.889695 -0.48212 -0.213572 -0.067987 -0.173037 2.21265 -0.780037 0.0564446 -0.0192914 0.262094 0.712323 -0.121779 -1.05761 -0.0939759 -0.366536 1.25504 -0.107683 -0.0353952 0.740917 0.495037 -0.308167 0.480774 -0.801273 -0.105027 -0.714491 -0.855987 0.295673 -0.764814 0.377869 
0.966033 1.37024 0.55045 0.846604 -1.38929 -0.876088 1.72138 -0.753287 0.343654 -0.418408 -0.910835 -0.766862 0.185723 -0.192592 0.112518 0.943496 0.018081 -0.199752 0.371258 -0.354332 0.395231 -0.290696 -1.00518 0.0109281 -0.706698 0.765999 -0.116065 0.31341 -1.69451 -0.250269 0.0615809 0.296264 -1.05119 -0.761696 -0.413549 0.66882 0.245014 -0.295042 -1.03252 
0.839948 1.5486 0.741954 0.809024 -1.49509 -0.550199 1.6002 -0.683782 0.245131 -0.818474 -0.878767 -1.18882 0.552427 -0.184052 0.140373 0.518139 -1.03031 0.118026 0.276972 -0.7891 -0.0493737 -0.535328 -0.388786 0.151038 -0.661578 0.222517 0.0842109 -0.273918 -0.609011 -1.34824 0.515277 -0.771451 -0.549974 -0.518322 -0.342699 1.14253 -0.203566 0.694834 -0.637206 
0.781981 1.51062 1.06859 -0.183701 -1.27126 -0.599116 0.932278 -0.802661 -0.191674 -0.807194 -0.759798 -1.42844 0.40824 -0.108381 -0.161401 0.334486 -1.33016 0.315525 -0.400193 -0.904306 -0.123091 -0.633394 0.137347 -0.192638 -0.0118636 0.128793 -0.00836247 0.120826 -0.649003 0.219363 0.192361 -0.148427 0.75874 0.331688 0.270495 0.652581 0.254089 1.34325 0.5499 
0.731567 1.3872 1.07644 -0.521136 -1.17956 -0.950392 0.69589 -0.806873 -0.388263 -0.681127 -1.0714 -1.20068 0.68122 -0.192415 0.261199 -0.130864 -0.810942 0.310387 0.128546 -0.0303602 0.282315 -0.264833 0.263795 0.405127 0.681672 0.772417 -0.173856 0.514601 0.363613 -0.687238 0.454244 0.668533 -0.171862 0.791688 0.194018 -0.912388 1.15312 0.536217 0.140069 
0.589567 1.77182 0.937726 -0.994643 -0.960877 -0.47057 0.901918 -0.520346 -0.456507 -0.543399 -0.35467 -0.746768 1.18066 -0.282236 0.3532 0.698099 -2.0174 0.76977 0.26834 -1.07617 0.668597 -0.439376 -0.775041 0.960481 0.524353 0.268862 -0.153927 -0.094408 -0.019946 -1.40584 0.356092 -0.20247 -2.37144 -0.067316 -0.730107 -1.34216 -0.426124 -0.858389 -1.58303 
0.44933 1.7404 1.77454 -2.53853 -0.409795 -0.682052 -0.380279 -0.138276 -0.827639 -1.45617 -0.110924 -0.676328 0.950083 -0.346342 0.166791 -0.15081 -2.21679 0.666479 -0.0739241 -2.4018 0.214999 -0.99494 -1.07836 -0.0209965 -0.176717 -0.810612 0.0177899 -0.327231 -1.33824 2.05125 -0.254852 0.558459 0.524114 -1.01462 -0.330561 0.760998 -0.409551 0.530275 -0.838191 
0.243225 1.93861 0.786916 -3.21143 -0.294399 -0.544494 -1.49988 -0.305348 -1.45145 -1.62176 -0.375667 -0.923485 0.370045 -0.264446 0.0259685 -0.640145 0.0338564 0.514918 0.826799 -0.552055 -0.346018 -0.769937 -0.0140429 0.55093 1.05463 -0.569328 0.185566 -0.443958 0.49513 2.99081 -0.205794 1.08782 2.89703 -0.0257928 1.46584 1.22671 1.04516 0.815157 0.371356 
0.184884 1.76637 1.13439 -2.50468 0.105123 0.144747 -0.932333 -0.484294 -1.59758 -1.47021 0.440007 0.3783 0.380754 -0.160776 -0.277168 0.344321 0.774021 0.460685 1.0139 0.495231 0.189206 0.470903 0.148342 1.02417 0.63844 -0.439257 0.0720725 -0.543682 0.818654 1.32505 -0.57868 -0.464449 0.387501 1.04497 2.80177 -0.71445 -1.00386 -2.31325 -0.71234 
0.0824487 1.66144 1.13124 -2.43741 0.166286 0.469403 -1.00465 -0.116142 -0.980544 -1.47342 0.648499 -0.285045 -0.069212 -0.192374 -0.517714 0.178509 1.35891 -0.0637623 0.36235 -0.164554 0.698956 2.03184 -0.728493 -0.452934 -1.25862 -1.28167 -0.472924 -0.932481 0.659925 1.49501 -0.318945 -0.826901 0.142189 0.807342 1.39379 -0.288576 -1.59206 -1.34661 0.0116705 
-0.00749013 1.24866 1.3129 -1.14577 0.0413607 0.507097 -1.09689 0.214662 0.434261 -2.1987 -0.0129273 -0.880319 -0.900914 -0.6337 -1.20965 1.00425 2.26903 0.141739 0.186996 0.63742 0.996548 1.86469 -0.140234 -0.567898 -0.708173 -0.427586 -0.74427 -0.897556 -0.302105 -0.949295 0.405891 -0.378184 0.598723 -0.39452 -0.899195 2.17809 0.952918 1.67221 1.49308 
-0.551251 0.45179 2.13548 -0.16838 0.308025 0.656399 -0.367231 0.880406 0.884149 -1.61366 0.0806008 -0.993218 -0.496798 -0.936644 -1.41527 -0.123596 0.409613 0.342128 -0.0158342 0.434169 0.304436 1.13264 1.4496 0.499984 0.413592 0.211407 0.252222 0.395967 -2.26163 -1.70098 0.268972 -0.158131 -0.583501 -1.12524 -2.31671 1.17252 1.27695 1.88373 0.659335 
-0.944135 -0.166612 1.18931 -0.736157 0.383489 0.491263 -0.662718 0.519098 1.5669 -0.749104 0.487056 -0.466726 -0.689507 -0.381478 -0.813682 -1.25738 0.568049 0.410711 0.0288651 0.053919 -0.128695 -0.452016 1.03229 0.709054 1.17556 0.231748 0.899109 1.00504 -0.537444 0.293058 0.000963907 0.146594 -1.71677 -0.733024 -2.76006 -1.88506 -0.362264 0.0495697 1.05678 
-0.93273 -0.361891 0.878101 0.399669 0.718736 0.685264 -0.313312 0.751712 0.432133 -0.581368 0.789655 0.182337 -0.26505 -0.0375357 -0.410225 -0.66104 0.702671 0.343092 0.13076 -1.2826 -0.428588 -1.62742 -0.435461 0.13772 0.463162 1.26818 0.349598 0.628731 0.340248 -0.751269 -0.25077 0.427938 0.0734857 0.0627239 0.903972 -0.975749 -0.405679 -1.04907 0.150481 
-0.98167 -0.576837 0.528266 -0.0334861 0.726581 0.622023 -1.94532 0.0905102 -0.0605184 -1.18456 0.624776 -0.00356448 0.578676 -0.0318806 -0.184951 -0.917133 -0.18322 0.159942 0.456803 0.127405 -0.0659706 0.451956 0.0565393 0.303375 0.126485 0.38223 0.073911 0.393308 -0.0221998 -1.0107 -0.354014 0.269341 3.18805 1.66549 3.14711 1.08012 -0.155876 -0.669142 -2.90662 
-0.96461 -0.546842 -0.039032 0.216449 0.878678 1.14207 -0.185907 0.685741 0.884089 -0.524828 1.09303 0.308821 0.11718 0.0363753 -0.0169178 -0.683239 -0.308032 -0.010922 0.400101 1.90545 1.23691 1.51969 0.644656 -0.0181561 -0.20598 -1.63843 -0.025526 0.0900822 0.439789 -0.208057 -0.335381 -0.899374 -1.0136 0.288764 -0.291707 -0.172103 -0.956383 -1.67053 -0.927419 
-0.945295 -0.593755 -0.154973 -0.341518 0.715659 1.02212 -0.0398702 1.32742 1.45917 -0.539909 0.60662 -0.209545 -1.05976 -0.0574066 -0.0948689 -0.477344 -0.391277 -0.175439 -0.442571 -0.886198 0.222793 0.160249 -0.115564 -0.653009 -1.54405 -0.54519 -0.0160165 0.170401 0.666529 0.521544 0.067847 -0.889764 -2.82012 -1.51823 -2.30527 -0.301718 0.456676 0.0141075 2.33229 
-1.02202 -0.641711 -0.516376 -0.174828 0.703239 0.699495 -1.07211 0.908534 1.04434 -0.640392 0.440021 -1.23522 -0.42801 0.0203588 0.153484 -0.0167104 0.213512 0.056925 -0.489664 -0.914668 -0.281325 -0.785581 0.342938 0.43852 -0.191873 0.693858 0.0683559 0.210243 1.50431 0.604507 0.37874 0.536907 1.33175 -0.487569 -0.411054 0.485591 0.971158 2.01469 0.720259 
-0.924936 -0.440271 -0.171684 -0.128006 0.772584 0.53246 -0.954538 1.04609 0.673594 -0.196971 1.04514 -0.401417 -0.3659 0.0109493 0.115374 1.02697 0.21323 0.203301 0.0943362 0.44555 -0.264776 -0.250805 0.370027 0.318149 0.470643 0.175069 -0.139141 -0.353688 0.399843 -0.00564557 -0.00901466 0.372997 1.23562 -0.281468 0.832578 -0.715854 -1.07139 0.264746 1.14377 
-1.01107 -0.526337 0.51059 0.0384027 0.90654 0.793832 -0.626555 0.643758 0.793533 -0.270365 0.75817 -0.764581 -0.252941 -0.118782 -0.200204 0.383133 0.207866 0.0479103 -0.116667 0.320949 -0.562793 0.0469971 -0.372916 -0.632865 0.0728737 1.83763 0.0185721 -0.104533 -1.04975 0.508812 -0.271138 -0.291944 -0.843705 0.240223 -0.255256 -1.11933 -0.114445 0.160737 0.386072 
-1.04372 -0.640476 0.211449 0.0798602 0.820495 0.415793 -0.633589 0.483299 0.720591 -0.569887 0.412275 -0.328544 1.47173 0.0295214 0.0108409 -0.0227813 0.722042 -0.0678366 -0.197607 -0.398155 -0.0245531 -0.506061 -0.749307 0.203705 0.63138 0.561142 0.146474 0.330004 0.367676 0.304561 0.115417 0.843005 0.0575254 0.853402 -0.268144 0.5539 1.35206 -0.893603 -4.20394 
-0.981546 -0.515496 0.487809 0.760445 0.838703 0.596224 -1.02471 0.619205 0.287472 -1.01967 0.961875 -0.133202 0.308201 0.0276921 0.129799 0.750809 0.512427 0.163328 0.726338 0.378474 0.29061 -0.221146 0.180984 0.719191 -0.82073 -2.36631 -0.0504186 -0.0168566 -0.22473 -1.50996 0.0596023 1.30557 1.3907 -0.0459287 1.45698 1.04252 -0.228701 0.189986 -0.870531 
-1.01603 -0.510676 0.962258 0.592287 0.983822 1.14213 -0.255114 0.773908 0.499445 -0.388903 1.13147 -1.14927 -0.89458 -0.0208972 -0.00601563 -0.247511 -0.787914 -0.00823431 1.10796 0.99255 -0.0704818 0.950922 0.293215 -0.0249961 0.821366 -0.309389 -0.00412013 -0.28479 -1.54895 -1.09197 -0.41989 -0.955695 -0.318363 -0.0929009 0.816836 -0.480571 -1.16573 1.64411 3.57297 
-1.00244 -0.521512 0.240298 -0.0274696 0.830469 1.70419 -0.0321606 0.548723 1.23839 -0.726458 0.936878 0.688164 -0.00118859 0.0235719 -0.15499 -0.798137 -0.579547 -0.256562 -0.229358 0.0601116 0.197709 0.595689 -0.299587 -0.446538 0.823378 1.20666 0.0782873 -0.107343 0.153865 0.954667 -0.0486938 -2.28403 -1.53006 0.434091 -1.73792 -0.0670865 -0.180994 -2.78935 0.0291539 
-0.992454 -0.665667 0.164121 0.0127398 0.72726 0.912773 -0.195003 0.971617 1.09513 -0.68849 0.684928 -0.325895 0.312081 0.0573901 -0.113359 -0.0936462 0.166753 -0.0569281 -1.17607 -0.537509 0.363609 -0.786996 0.226128 -0.20599 -1.96798 -0.280235 -0.0426538 0.376297 1.56932 0.881452 0.292535 -0.308924 -0.439465 -0.101989 -0.870996 0.401346 0.647018 -0.703131 -1.15452 
-0.945053 -0.634871 0.146652 0.139283 0.773541 0.528121 -0.56967 0.912332 0.451398 -0.500329 0.730889 -1.27982 -0.281424 -0.0190819 0.221307 0.771184 0.301905 0.0359731 -0.538282 -0.379353 0.0957201 -0.275307 0.101759 0.200481 0.120247 0.0521421 -0.132244 -0.00134698 -0.130819 -0.466194 0.00405955 1.76335 1.22586 0.0620629 1.06897 -0.0907906 0.24398 2.63725 1.43484 
-1.01154 -0.44436 0.935306 0.314645 0.763233 0.374491 -0.574356 1.06734 0.819827 -0.586731 0.885409 -0.205648 0.364223 -0.0748536 -0.114706 -0.224465 -0.299441 -0.0528686 0.587279 0.68835 0.425672 0.281973 0.135338 0.0379908 0.66927 1.1546 0.307631 -0.475244 -2.26836 -1.00344 -0.165049 1.84888 1.59145 -0.131473 -0.522054 -0.0175239 -0.361618 -0.613506 0.271814 
-1.01991 -0.749577 -0.0778134 -0.160158 0.720672 1.1154 0.11868 1.338 0.733371 -0.364991 0.76888 -0.61055 0.873176 0.288549 -0.253937 -1.49717 -0.70153 -0.129076 1.3106 1.2121 -0.0357528 -0.797361 0.0842351 -0.161137 -0.493259 0.323956 0.134515 0.224499 0.959692 1.35979 0.155511 -0.819975 -1.04103 -1.1893 -0.650974 -0.595036 0.172231 0.165799 -2.11997 
-0.722987 -0.698297 -0.561869 -0.386886 0.634157 1.68509 0.637741 1.03158 0.0224663 -0.502496 0.724272 -0.698907 0.68818 0.0596618 0.109793 0.735227 1.06035 0.102642 -0.232696 -0.352678 -0.763626 -0.369001 -0.459698 0.210222 0.835069 -0.965373 -0.578461 0.281398 2.21916 0.776322 -0.0501843 -2.64625 -2.51936 -0.469988 0.909254 -0.942632 -0.0463439 0.807511 -0.564006 
-0.960245 -0.639784 0.657413 0.900194 0.823315 0.882705 -0.233998 0.574377 0.36437 -0.82469 0.979101 0.224518 -0.0921968 -0.289911 0.0274613 0.721988 0.0747915 -0.17926 -1.33566 -1.30727 -0.505741 0.111894 -0.858397 -0.207481 0.314252 -0.24005 -0.127611 -0.313061 -1.18038 -2.13229 -0.25407 0.202903 -0.197086 0.973531 0.360752 0.790039 -0.92652 -1.53098 2.21249 
-1.0129 -0.670836 0.160119 -0.312094 0.454897 0.349428 -0.669526 0.525843 0.13436 -1.36089 0.516791 -0.384655 0.44813 -0.0679494 -0.203268 -0.445153 -1.07194 -0.151428 -0.0297929 -0.549764 0.209905 -0.00824884 0.330341 -0.716298 -0.695916 1.24712 0.271885 -0.185016 -0.381803 0.247678 0.453329 2.16262 2.16142 0.896039 0.901567 1.47463 0.0545056 -0.964043 0.210634 
-1.02819 -0.843052 0.21226 -0.171741 0.671887 0.852912 -0.783762 0.784282 0.356122 -0.494349 0.262804 -0.471398 1.15492 -0.018026 -0.157555 0.340185 0.32247 0.274069 0.826962 0.854152 0.390298 1.01346 0.616233 -0.152975 -0.649791 -0.0294152 0.133493 0.335431 -0.0700779 0.570487 0.151799 -0.0909835 0.668204 -0.0854551 -0.0581733 -0.446256 1.34673 0.784815 -2.60837 
-1.03092 -0.82839 0.500304 0.0103754 0.728967 1.17639 0.184626 0.916141 1.14782 -0.744659 0.363815 -1.03445 0.418715 0.0655437 0.132163 -0.515231 -0.501448 0.00037047 -0.120776 0.11844 0.12445 -0.0664222 -0.115915 0.630436 0.0888988 -1.36125 0.0297405 0.304441 -0.847993 0.286265 -0.286446 -1.07163 -2.10063 -0.474248 -1.47876 -0.524552 0.37602 1.83225 0.925006 
-0.962651 -0.710889 -0.302972 -0.67319 0.672257 0.732136 -0.665321 0.908732 0.289699 -0.610264 0.89324 -0.382499 -0.206325 0.0117145 0.146887 -0.507808 0.608735 -0.0123763 -0.244672 -1.24648 -0.0839504 -0.465296 0.0916814 0.223045 1.18246 0.895591 0.0754068 -0.191933 0.62928 1.45496 -0.290695 0.0528162 -0.224846 -0.795584 1.09847 0.127015 -1.43678 -0.659907 0.800196 