-0.917545 -1.68385 -1.10808 -0.582154 0.376483 0.42076 -0.557945 0.905602 -0.087084 1.07898 0.0417168 1.32431 0.1084 -0.0212322 0.0733889 -0.0645192 -0.0424333 -0.188061 0.107325 -0.670523 0.216797 0.614951 0.222784 0.990631 1.78582 0.721437 -0.0622618 0.0514878 0.0379577 -0.21367 -0.197146 0.0788744 -0.973449 -0.615256 1.37627 -0.0841791 0.0868628 0.783404 0.943159 
-0.976916 -1.54685 -1.29182 -0.64657 -0.235384 -0.348271 -1.1488 0.580895 0.357844 0.565146 1.68114 2.32189 1.26857 0.0482817 0.220695 0.082927 -0.116515 -0.523557 -0.750099 -1.54711 -1.05083 0.40175 -0.959028 0.427736 0.442322 1.1613 0.0822202 0.000862064 -0.111401 -0.323513 -0.0496409 0.525765 -0.546112 -0.133104 -0.79851 0.576992 0.722511 -0.649247 -0.143649 
-0.869263 -1.46315 -1.02515 -0.698669 -0.147074 -0.329339 -2.10506 -0.145225 0.314666 0.119951 0.469453 1.76663 1.2697 0.103452 -0.0725269 -0.0468821 -0.281079 0.13842 0.41844 0.124411 -0.349901 -1.41346 0.354208 -0.26812 -2.43507 -0.865087 0.109791 0.131177 -0.274721 -0.166305 -0.250201 -0.604877 -0.464906 -0.383935 -0.366411 -0.935083 0.11679 -1.74885 0.608244 
-0.873463 -1.61938 -1.3387 -0.927649 -0.0969637 0.0701683 -1.02439 0.230994 -1.05562 0.919354 1.41302 -0.113177 0.403486 0.0615088 -0.0895181 -0.357648 -0.0497908 0.273356 0.145222 1.0822 0.666891 -0.768161 0.0239453 -0.310946 -2.19118 -0.553051 0.218654 0.269631 0.540808 -0.098186 0.309356 0.398397 0.320225 -0.378967 -2.077 -1.1822 -1.31085 -1.71789 -1.08849 
-0.807754 -1.55267 -1.3828 -0.74846 0.126282 -0.184118 -1.02285 0.521667 -0.453495 0.143896 0.158507 -0.424542 0.716645 0.115202 0.342158 0.58769 0.182893 0.170936 -0.0200425 0.195814 -0.029066 -0.663535 -1.53641 -1.04273 0.717181 -0.223402 0.191153 0.243855 0.0149125 0.363612 0.801934 0.687307 0.963223 0.401192 -1.21676 -0.263193 0.0968411 0.157767 -0.646646 
-0.758261 -1.27722 -0.75101 -0.744756 0.0739721 0.0501258 -0.828575 0.201928 -1.71915 -0.617051 0.370286 0.604004 0.180084 0.129644 0.333373 0.372561 0.413403 0.528579 0.542085 -0.118981 -0.265699 -0.448599 -0.287138 0.407787 2.34894 -0.0935951 0.195044 0.505872 0.511283 0.759671 0.676697 0.267956 0.993305 1.0439 1.88705 -0.397401 -0.29408 2.00256 1.13498 
-0.678111 -1.2193 -1.01024 -0.335057 0.654861 0.357968 -1.14183 0.255967 -0.902094 -0.143242 0.566294 1.9244 0.62305 0.0798419 0.163715 -0.076407 0.576777 0.505762 0.287999 0.797491 1.07296 2.55058 1.139 0.748654 1.28538 1.35838 0.424325 0.939732 1.45514 1.08224 0.571003 0.325611 1.3137 0.695417 1.0475 1.48097 0.801196 1.49797 0.383691 
-0.678419 -1.1135 -0.827417 -0.167978 0.579734 0.338125 -0.0310836 1.27489 0.831429 0.521953 1.11894 1.88939 1.53847 0.294681 0.606359 1.08258 0.668835 0.042424 -0.216474 1.43268 0.961117 1.4961 1.76811 0.393408 -0.85097 0.477286 0.858963 1.56528 1.63352 1.21531 0.556364 -0.462422 0.623215 1.33748 1.80624 0.522184 -0.437052 -1.18462 0.285571 
-0.383429 -0.61294 0.0723391 0.333779 0.697285 0.141493 0.290847 1.21708 0.594008 1.62487 0.959702 1.07343 1.10034 0.779121 1.40157 1.70993 0.638533 0.0506027 -0.750421 -0.174276 0.264518 -0.744344 -0.61682 -1.18571 -2.47 -1.07281 0.85291 1.83351 2.0701 0.82229 -0.565754 -1.7861 0.439451 0.62486 0.591903 -0.27429 -1.08581 -3.33439 -0.71172 
0.100702 0.288064 0.882511 0.470554 0.630336 -0.412296 -0.205359 1.53941 0.0870846 -0.0948673 -0.0667656 -0.580613 0.465655 0.558229 1.22715 0.987527 0.153454 -0.608178 -1.56963 -0.993228 -0.336257 -0.9042 -2.0424 -1.47922 -2.48342 -1.18901 1.05993 1.7249 2.10181 0.448835 -0.677601 -1.07879 -0.807908 -0.250205 -0.312099 -1.06465 -1.98063 -2.92282 -2.28681 
0.174799 0.614209 1.05987 0.487233 0.0891064 -1.42814 -0.702381 0.880827 -0.310191 -0.417532 -0.519519 -1.40999 -0.0886707 0.280805 0.323334 0.39188 -0.189697 -0.728204 -0.32837 -0.633633 -0.514723 0.432246 -0.447831 -0.79492 -0.452819 -1.214 0.703287 1.49566 1.05881 -0.340835 -0.521673 -0.479532 -1.0814 -0.469932 -1.12473 -3.12007 -2.53482 -2.09733 -1.02645 
0.381507 0.611398 1.27439 0.280857 -0.0978673 -0.740666 -0.838992 1.02469 0.51933 -0.542699 -0.861686 -1.03343 -0.748345 0.145059 0.268513 0.0712803 -0.494289 0.0865053 1.0901 -0.0881692 -0.133675 -0.220528 -1.07767 -1.0556 0.386094 0.162558 0.287508 0.358943 0.35781 -0.320501 -0.673306 -0.753983 -0.541026 -0.729397 0.0881818 -1.45879 -1.05905 -0.839582 -0.541811 
0.319858 0.882723 1.13115 -0.00705614 0.175612 -0.338039 -0.79055 0.747152 -0.530719 -1.4952 -1.57512 -1.0239 0.0738873 0.00670267 0.0356091 -0.0340702 -0.130803 0.0548981 -0.425614 0.0926069 -0.214674 -0.344064 -1.01096 -0.264128 -0.386763 0.672188 0.224332 0.0610845 0.339387 -0.117411 -0.282976 0.373001 0.298323 0.0855318 0.447381 0.00548894 0.216156 0.110845 -0.792213 
0.38821 0.647007 1.24032 0.150054 -0.0429692 -1.16628 -0.746385 0.810015 0.175266 -1.55366 -1.12581 -1.4202 -0.0761562 0.0792739 -0.207429 0.268107 0.376879 -0.369481 -0.717095 0.386492 0.219207 0.667908 1.08316 1.27175 -0.275249 -0.954771 0.0246221 0.169574 0.0367837 0.0732728 -0.134183 -0.460985 0.211307 0.633502 -0.27867 0.375093 0.559307 0.30112 0.193729 
0.399131 0.675294 1.39925 0.369822 -0.19387 -1.05513 -0.404058 0.966359 0.137189 -0.412043 -0.303363 -1.29915 -0.880884 0.0179195 0.133965 0.0708539 0.204076 -0.189081 -0.035371 0.1187 0.848176 0.0653944 1.38605 0.823435 0.687883 -0.478459 0.238848 -0.0251969 0.464309 0.297298 -0.573036 -0.739202 -0.332971 -0.248097 0.0578978 0.567592 0.327757 -0.447736 -1.01321 
0.406129 0.780971 1.31118 0.35413 -0.23205 -1.20165 -0.627685 1.65819 0.240661 -0.167605 -0.302379 -0.732312 -0.554616 0.159574 0.182232 0.196202 -0.0795805 -0.203554 -0.0221067 -0.719463 -0.467303 -0.610011 -0.515568 -0.943996 -0.172487 -0.0584398 0.20412 0.397977 0.449619 0.213925 -0.768048 0.00882112 0.211524 -0.453956 -0.732516 0.817351 -0.486607 -0.0328715 -0.605588 
0.558705 0.857526 1.59546 0.290242 -0.397424 -1.07724 -1.12352 0.499055 -0.472821 -0.927611 -1.24736 -1.47163 -0.939324 0.186201 0.264012 0.378765 0.00984914 -0.578967 0.0441921 0.0928238 -1.30213 -0.79791 -0.568702 -1.31004 -0.720754 -0.127128 0.32443 0.343308 0.401289 0.181741 -0.838727 -0.422894 -1.0271 -0.700863 0.635005 -0.988708 -1.89276 -0.261985 0.959879 
0.59233 1.04498 1.68994 0.363979 -0.811017 -1.15746 -0.534861 0.356059 -0.55725 -0.736307 -1.61242 -1.45307 -0.681744 0.164856 0.161076 0.205088 0.261321 -0.635173 -0.400787 -0.307634 -0.233559 1.24502 -0.473141 -0.948763 -0.0894979 1.01832 0.326364 0.427967 0.499013 -0.0944187 -1.13387 -0.391067 -0.634836 -1.27835 -0.0579809 -0.845244 -1.99977 -0.239424 0.527044 
0.723561 1.0186 1.80054 0.551563 -1.0326 -1.47803 -1.43116 0.265496 0.772194 -1.40075 -2.19612 -1.56113 0.0789952 0.140163 0.163955 0.120249 -0.104268 -0.554905 -0.43526 -0.727659 0.0237825 0.739929 -0.276542 -0.689729 0.481331 0.654173 0.204669 0.443031 0.176139 -0.358886 -1.37218 -0.26958 0.343474 -0.371277 1.78279 0.0718889 -1.07072 0.541063 1.73438 
0.732494 1.20894 1.81019 0.259711 -1.36592 -1.59272 -1.26252 0.379841 0.18268 -1.01285 -2.30215 -0.971736 -0.0275715 0.0398132 0.281955 -0.0289489 -0.620207 -0.737007 0.131208 0.651108 -0.137717 0.53777 0.54503 -0.121955 0.630561 0.716065 0.466411 0.173444 -0.822552 -0.481785 -0.664434 -0.228319 -0.526563 -0.0809802 2.31892 -0.373137 0.818321 -0.237071 1.02894 
0.763374 1.30056 1.77159 -0.0686436 -1.7696 -1.34682 -0.780047 0.127778 1.30996 -0.855722 -2.31808 -0.93057 0.79506 0.326248 0.00948964 -0.942801 -0.377518 -0.109529 0.206941 0.201096 -0.104763 1.57899 -0.096595 1.50805 -0.718401 0.374772 0.432081 0.175077 -1.354 -0.770234 -0.614609 0.00492035 0.543653 -0.117847 0.954773 0.880334 1.13981 0.0674306 1.08025 
1.05874 1.21843 0.867388 -0.117807 -1.47545 -1.38578 -1.06142 0.275078 1.76167 -1.10944 -0.794099 -1.69014 0.3472 0.392268 -0.106878 -1.32505 -0.150028 0.122398 -0.126287 -0.107455 0.0198704 0.417003 0.335304 1.26176 -0.56313 0.364184 0.311921 0.0578223 -1.0564 -0.850856 -0.763306 0.105234 1.92175 -0.165235 0.717705 0.474839 0.9568 0.65912 2.16454 
1.15564 1.19368 0.446548 -0.218671 -1.64721 -1.47311 -0.887502 0.147649 1.72697 -0.520418 -1.05632 -1.4937 1.15924 -0.0143271 0.0483327 -0.113604 -0.473338 -0.653777 -0.101707 1.72066 -0.0604724 -0.86129 0.571434 -0.551251 1.37752 1.78976 0.226067 -0.0182362 -1.01521 -0.63143 -0.49342 0.117905 2.84658 -0.886827 -0.752984 0.903739 0.923944 0.928152 1.72104 
1.04441 1.26676 0.753784 -0.591145 -2.12923 -1.48748 0.659234 0.214606 0.900385 -0.53801 -1.34535 -0.312616 2.13696 -0.1662 0.0886418 0.309832 -0.481402 -0.615819 0.244192 2.95404 -0.906697 -1.16999 0.568435 -0.337817 1.49128 1.35685 -0.0315756 0.0385524 -0.160983 -0.72913 -0.923667 0.504776 3.26332 -0.709854 -1.51262 1.2519 -0.321763 1.21155 2.49231 
0.989442 1.28232 0.75638 -0.700073 -2.26302 -1.22892 2.06653 -0.759048 0.55698 0.0480172 -1.39413 -0.00241779 2.5161 -0.0172486 -0.00978031 -0.0473789 -0.255791 -0.26989 0.606483 1.54266 -0.649382 -0.651326 0.680465 0.229488 -0.165969 0.702544 0.0484503 -0.0431053 -0.153363 -0.846383 -0.198955 0.559041 2.92244 -0.951042 -1.70653 0.447325 1.02488 2.01348 -0.111833 
1.02717 1.25698 0.706405 -0.846936 -2.39912 -0.881001 2.20189 -0.434776 0.249059 0.142454 -1.11586 -0.478585 2.83951 0.214651 -0.131747 -0.463195 -0.36498 0.416864 0.314849 -0.0315983 -0.0443452 -0.53654 -0.12111 1.36269 0.522195 -1.46868 0.14086 -0.125075 -0.344374 -0.903148 0.470968 1.01836 1.48586 -1.82553 -1.13453 1.69018 1.44301 0.563467 -1.35736 
1.20409 1.15057 0.293185 -1.06505 -1.84616 -0.914067 2.03494 -0.803394 0.0204405 -0.0730927 -0.0314402 0.519777 1.04741 0.158109 -0.115295 -0.296995 -0.647357 0.740859 0.411877 -0.0568003 -1.17615 -0.483205 1.00972 1.21353 0.729436 -2.0599 0.283202 -0.215797 -0.609525 -0.774957 0.890139 0.689499 -0.337418 -1.00859 -0.309215 0.786714 1.59437 0.503999 -1.64575 
1.18527 1.14169 0.40941 -1.49429 -1.65826 -0.469123 2.14509 -1.61093 -0.234147 1.15217 0.0976637 0.250851 0.779606 0.0685509 -0.0840502 -0.14633 -0.409977 0.473275 0.374649 -0.30582 -0.964249 0.227324 0.907823 0.23168 -0.0181953 -0.177068 0.268139 -0.262243 -0.584066 -0.83987 1.41624 0.349451 -0.800918 -1.38836 0.332992 0.18206 1.93388 0.646499 -2.15054 
1.27264 1.06652 0.146855 -1.47503 -1.37289 -0.539417 1.72912 -1.76764 0.247765 0.834731 0.20024 0.501582 0.870344 0.110031 -0.146948 -0.287072 -0.192513 0.675381 -0.0624268 -0.744117 -0.212203 0.816198 -0.827658 0.720354 -0.0829371 -0.0906398 -0.00979837 -0.120293 -0.0967462 -0.621395 0.849256 0.862163 -1.00449 -1.41252 0.779749 0.877066 0.106985 0.103666 -0.644359 
1.29531 0.994737 0.122339 -1.68681 -0.982878 -0.53155 1.40097 -1.82313 0.582051 0.324514 0.818018 0.167914 0.688966 -0.0783493 -0.0362431 0.0495839 -0.211418 0.37598 0.487514 -0.69867 -0.448266 0.552425 -0.030758 -0.124695 0.121861 -0.467291 0.0530645 -0.288132 -0.0462561 -0.192721 0.786868 0.115562 -1.03058 -0.697897 1.68437 -0.932908 -0.131911 0.663901 -0.914439 
1.19429 1.03028 0.196439 -1.68645 -0.996905 -0.0519033 1.03045 -2.21591 0.80019 0.803973 0.0755446 0.623442 0.403053 -0.0569661 -0.141184 0.240816 -0.000208198 0.111487 0.177989 -0.286458 -0.485694 0.868174 -0.105251 -0.852264 0.746838 -0.8238 -0.111962 -0.229157 0.296575 -0.133171 0.688425 0.0680056 -1.29727 0.04884 1.14957 -0.946958 -0.489613 0.876342 -1.36791 
1.23834 0.853553 0.363154 -1.68701 -0.871391 -0.353561 1.11452 -2.30883 1.45022 0.219264 -0.0342469 0.914752 -0.134833 -0.033613 -0.192914 0.246991 0.0782463 0.312445 -0.419508 -0.5986 0.497106 0.597142 -0.9162 -0.364918 0.754481 -0.900619 -0.156999 -0.0743099 0.185542 -0.186576 0.766934 -0.293193 -0.512899 -0.26764 -0.0627357 0.631798 -0.811224 0.680729 -1.62556 
1.16068 0.837366 0.44343 -1.6082 -0.68446 -0.471412 0.431846 -1.7188 1.39733 -0.112228 -0.289373 1.37792 -0.497567 -0.100033 0.0668743 -0.0552735 -0.186368 0.655447 -0.471182 -0.226441 0.218054 -0.930909 0.737049 0.0410404 -0.0661093 -0.801765 -0.151256 -0.083458 0.0907839 0.120866 0.527332 -0.21508 -0.238969 0.256787 -1.02121 0.486565 -0.498965 -0.121951 -0.505259 
1.13831 0.920428 0.307881 -1.87338 -0.215944 -0.824743 0.888075 -2.09077 0.519316 0.956313 0.00679351 0.848643 -0.936598 -0.117643 0.109456 -0.156207 0.0426199 0.214887 0.204428 0.35963 -0.240319 -1.61836 1.40277 -0.134048 -0.876432 0.39536 -0.359269 0.168525 -0.194822 0.489628 0.641376 0.0194003 -0.789356 1.10766 -2.29759 -0.606704 0.0656362 0.310541 -0.25851 
1.04304 0.946822 0.287222 -1.56558 -0.469573 -0.266983 0.791476 -1.95912 -0.221024 1.29054 -0.423421 0.501491 -0.102207 -0.259235 0.101651 -0.139549 0.675996 -0.0140702 0.490582 -0.562915 0.889602 -1.36668 -1.34375 0.0245958 0.37665 0.543255 -0.42095 0.0551506 -0.28931 0.905287 0.420023 0.124526 0.0424282 0.917251 -2.27864 -0.828187 0.462165 -0.75827 -0.532429 
0.879071 1.02208 0.168332 -1.19739 -0.230015 -0.334161 0.325161 -1.20117 -0.847368 -0.387441 0.0313893 1.22529 -0.393343 -0.303306 -0.0543057 -0.133102 0.862667 0.205136 -0.0799021 -0.317202 1.15757 -0.660286 -2.23095 0.596212 0.118162 -0.927789 -0.595577 -0.337191 -0.371231 1.74856 0.343981 0.510992 -0.228279 2.15504 -0.964375 -2.01996 -0.0554352 -0.753073 -0.24517 
0.739731 0.892516 0.15412 -0.702915 -0.264437 -0.346886 0.474274 -0.801552 -0.88131 -0.940414 0.172792 0.619653 -1.03 -0.336342 -0.438842 -0.231682 1.07256 0.358051 0.02041 0.334635 1.26544 0.402308 -0.676204 -0.080031 -1.12972 -0.788425 -0.710978 -0.606988 -0.45619 2.00516 1.28469 0.628939 0.225952 3.0014 -0.381839 -2.06724 0.0128663 -1.5697 -2.00997 
0.542729 0.583237 -0.0633504 -0.124826 0.128036 -0.313751 0.659796 0.06427 -0.44506 -1.06364 -0.0486417 0.0955701 -1.18177 -0.407671 -0.552682 -0.323088 1.14249 1.07956 0.708841 0.543154 1.84383 0.278446 0.163711 -0.583346 -1.68786 -1.08218 -0.588766 -0.668268 -0.269882 1.91787 1.22571 0.32348 -0.166837 1.83185 -0.269662 -0.96822 0.647005 -2.20093 -1.65989 
0.33206 0.339834 -0.168968 0.439578 0.815122 0.361955 1.01743 1.04228 -0.602863 -0.776704 -0.410554 -1.06821 -2.11217 -0.252424 -0.229427 -0.0381998 0.845305 0.867662 0.30307 -0.501472 0.566413 -0.67197 -0.292016 0.727036 -1.07121 -0.871467 -0.540251 -0.722578 -0.101115 1.54824 1.47354 1.11832 -1.3181 1.29465 0.534827 -0.541813 0.439242 -0.753448 -1.50608 
0.290304 0.35381 -0.10155 0.72048 0.995698 -0.0106813 0.158324 0.630683 -1.11703 -1.35566 0.678394 -0.975642 -2.05323 -0.13258 -0.169896 0.221973 0.405742 0.393983 0.409475 -1.86125 -0.549181 0.25638 -0.705524 1.02259 0.934411 -0.423902 -0.341254 -0.600742 0.186531 1.00957 1.09409 1.29864 -1.38078 0.498593 -0.140892 -0.369369 -0.131567 -0.944399 -0.181388 
0.19948 0.169939 0.053005 0.84532 1.2091 0.77143 -0.843826 0.493101 -0.346483 -1.48223 0.612033 -0.133795 -2.53608 -0.0888298 -0.371315 0.224731 0.164265 0.226431 0.995571 -0.879304 -0.06782 0.531078 -0.077353 -0.858603 0.126812 0.690079 -0.248608 -0.37443 0.434653 0.79676 0.46985 0.171924 -1.82442 -0.931926 -0.27859 0.0186769 0.0115137 -0.210258 1.29634 
0.201474 -0.0175051 0.123181 0.884744 1.22213 0.984889 -0.72098 0.562863 -0.585951 -1.43301 -0.180209 -0.848829 -1.36316 -0.116028 -0.204534 0.21268 0.391018 0.0758667 -0.237551 0.0368389 -0.382745 -0.53497 0.724201 -1.01107 -1.14467 1.72024 -0.251166 -0.468934 0.449767 0.0995486 0.236964 0.616307 -0.918176 -0.015934 0.0303435 1.36569 -0.604372 0.590551 1.05731 
0.0834524 -0.0345956 0.265685 1.23634 1.28497 0.533879 -0.806987 0.110356 -0.881453 -0.758027 -0.399041 -1.27846 -0.815834 -0.162337 -0.0976193 0.225036 -0.0647164 0.0105334 -0.379263 -0.0388721 0.051886 -0.500735 1.44305 0.254231 0.463738 0.367236 -0.377178 -0.500224 0.182087 0.0981389 0.138714 0.726363 0.285364 -0.528548 -0.53786 1.95749 -0.737902 -1.32271 1.78845 
0.0391379 -0.115124 0.348216 0.820028 1.23266 0.605626 -0.759852 0.614749 -1.08669 0.0100339 0.0740223 -0.385091 -0.99592 -0.26115 -0.29569 -0.0305928 -0.292879 0.0628476 0.963914 0.248525 -0.145803 -0.00289071 1.23329 0.273173 -0.17804 0.0682068 -0.497973 -0.392925 -0.147079 -0.256756 -0.130056 0.331704 0.223218 -0.194949 -0.00283298 1.24542 0.0340901 -0.186081 -0.156755 
-0.177697 -0.330285 0.235092 0.943459 1.34782 1.49779 -0.558462 -0.0354466 -0.884344 0.475265 -0.125868 -1.4565 -0.747627 -0.335636 -0.295306 -0.372115 -0.192039 -0.140589 0.710968 0.262091 -0.246835 0.497902 -0.197625 -0.220141 -0.649819 -0.523991 -0.367211 -0.624004 -0.593074 -0.447678 -0.059496 0.935617 0.908557 -0.235834 -0.453666 1.43664 1.25261 0.410071 0.904866 
-0.296498 -0.41043 -0.0238989 0.627989 1.09207 1.31659 -0.497762 0.367914 -0.588784 -0.187591 -0.146119 -1.03491 -1.51991 -0.106061 -0.328314 -0.562481 -0.154798 -0.122344 -0.0282973 0.660032 -0.0900308 -0.450776 0.203343 0.979442 0.588111 0.836659 -0.502662 -0.766431 -1.15139 -0.315339 -0.493013 0.0957663 0.368809 -0.761906 0.392402 0.0469576 1.40782 0.0810994 0.486501 
-0.283758 -0.6586 -0.327389 0.788661 1.22548 1.4695 0.10157 -0.125477 -1.33512 0.678609 0.853574 -0.868393 0.089032 -0.167026 -0.471125 -0.779277 -0.123299 -0.352424 -0.615201 0.106718 -0.515071 -0.105499 0.244582 1.62797 0.730918 1.01049 -0.371846 -0.686043 -1.16475 -0.5929 -0.403007 -0.582722 0.525041 0.0574153 -0.0121069 0.747661 0.387233 1.64574 0.254749 
-0.463524 -0.881556 -0.803176 0.504689 0.73965 0.701392 -0.391043 -0.147157 -0.694284 0.0569915 1.48185 -0.303991 -0.509419 -0.265785 -0.357729 -0.602273 -0.438101 -0.280663 -0.554425 -0.134991 0.147446 0.438669 0.544318 -0.592209 1.05763 -0.58191 -0.316596 -0.619266 -0.741156 -0.483861 -0.615346 -0.515666 0.333889 -0.76389 -0.680569 0.792061 -0.432525 0.969317 0.864386 
-0.549543 -1.01633 -0.929662 0.350559 0.944812 0.915071 -0.0334212 0.0219688 -0.89645 1.22293 0.261365 0.189238 -0.492878 -0.14957 -0.148141 0.0381211 -0.360561 -0.262923 0.0995351 0.227171 -0.248819 -0.575069 0.547479 -2.06049 0.238398 -0.146105 -0.301056 -0.269277 -0.934334 -0.896664 -0.818018 -0.888066 0.0328776 -0.764129 0.00106562 -0.294746 -0.258386 1.15356 0.0307384 
-0.613094 -1.0297 -0.765055 0.144128 0.476727 0.800928 -0.163872 -0.395976 -1.26935 0.60447 -0.578644 -0.0655934 -0.655524 -0.0352713 0.0884521 -0.33206 -0.458563 -0.537355 -0.333641 0.167869 -0.911575 -0.437603 -0.839064 0.333823 0.0959282 0.612648 -0.0969152 -0.181948 -0.452962 -0.581919 -0.463362 -0.015492 0.745314 -0.0776248 -0.0424838 0.775886 -0.256774 0.0634473 0.743643 
-0.584815 -0.927877 -1.26172 -0.108003 0.407457 0.58143 0.134447 -0.889606 -1.33405 0.383862 0.595188 0.285166 0.11977 0.0526553 -0.0338065 -0.491083 -0.221358 -0.20044 -0.115027 0.518143 0.171195 0.532586 0.228407 1.80372 -0.174951 0.889748 -0.175433 -0.189695 -0.2281 -0.339658 -0.731946 -0.390446 -0.523654 -0.537799 0.528332 -0.514303 0.526561 0.515076 0.615554 
-0.560439 -1.0635 -1.25614 -0.0772298 0.276288 0.685901 0.35427 -0.224782 -0.736768 0.832877 1.22507 -0.240544 0.234223 -0.140162 -0.278147 0.10396 0.118905 -0.194592 -0.0568044 -0.691522 0.373776 0.965935 0.324761 0.192738 0.419148 0.00290631 -0.136928 -0.138496 -0.416717 0.210865 0.0866859 -0.180815 0.625583 0.317109 1.10983 1.42699 2.04337 0.924147 0.228668 
-0.724976 -1.20602 -1.15776 0.0109016 0.212866 0.524625 -0.557075 -0.51583 -0.368118 0.708624 0.787926 0.704314 0.122677 -0.189583 -0.10469 0.0743661 0.432223 0.287126 -0.0657882 0.107441 0.145914 0.577244 1.19858 0.239655 1.0991 -0.661079 0.131019 0.400866 1.1929 1.45252 0.812775 1.06283 0.773311 2.12567 2.10121 0.24515 0.19693 0.926439 -1.01483 
-0.750023 -1.16819 -1.18177 0.354993 0.563413 0.620112 0.461711 -0.0788672 -0.159524 2.03146 1.46473 0.858554 -0.426856 0.271181 0.679013 1.08894 1.33362 1.00737 1.11963 1.46483 1.7519 1.13527 -0.0796111 0.00419243 0.507291 -1.01774 0.179894 0.379039 1.15709 1.36347 1.03996 1.13139 0.700005 1.03101 2.58798 0.706245 -1.25906 0.427603 -0.953097 
-0.453796 -0.527011 -0.0688194 1.34452 1.22023 1.64426 0.907758 1.23607 0.767153 0.629012 0.792118 1.2116 -0.895063 0.369477 0.483729 1.08273 0.931252 0.752835 1.19718 0.592564 0.885096 2.01074 -0.492335 -1.49871 -0.671495 -0.292018 0.0598332 0.277406 0.621505 0.610153 0.59447 0.838193 1.10275 1.38904 1.1672 -0.460548 -0.71542 -0.757995 -0.0972163 
-0.380545 -0.684464 -0.0990441 1.28625 1.31625 1.81729 1.05428 0.806229 1.85122 1.53912 -0.0339823 0.187059 -0.718874 -0.211347 -0.401607 -0.467438 -0.723466 -0.412896 -0.281441 -0.36208 -0.362852 0.0319274 -0.380937 -0.719612 -1.26529 0.920524 0.0894555 0.31881 0.780361 -0.116333 0.100231 0.271687 0.379591 0.955007 0.721719 -0.103554 0.144588 -0.388347 0.860837 
-0.665143 -0.928618 -0.536257 0.621055 0.807336 1.36282 0.545678 0.873214 0.799081 0.248075 0.0725063 -0.0536816 0.0254604 -0.280022 -0.164918 -0.302367 -1.04758 -0.652603 -0.925492 -0.212974 0.0699104 -1.28902 0.388781 1.6433 0.283148 1.15286 -0.130804 -0.219101 0.0608307 -0.651959 -0.196616 -0.17129 0.633617 -0.448242 -1.0892 0.962823 0.606606 -0.134472 0.932426 
-0.660567 -0.849383 -0.401411 0.23866 0.663645 0.891799 0.841302 0.87614 0.562195 1.9279 1.60932 0.470207 0.433981 0.0805433 0.182506 0.528269 0.0715069 0.216279 0.110151 0.995697 -0.0853898 -1.12112 1.34376 1.32622 1.13081 0.0119022 -0.142286 0.225204 0.260466 -0.187619 -0.257522 -0.133141 0.0388409 -0.432941 -2.08643 -1.28699 0.107554 0.0033677 0.245534 
-0.5846 -0.746112 -0.00798865 0.692562 1.02362 1.47297 1.54137 0.787824 -0.322044 1.59183 1.39872 1.07713 0.0373627 0.137736 0.390122 0.562832 0.859966 0.395082 0.792351 0.251815 -0.502851 -0.79741 -1.67577 -1.53574 -0.279781 -0.907322 0.398485 0.540097 0.786411 0.672615 0.587965 -0.11205 -0.111631 -1.5797 -1.28119 -1.21127 -0.191687 1.187 0.1043 
-0.522831 -0.45926 0.161421 1.09863 1.05873 1.68415 1.09312 0.373289 -0.235215 0.25213 0.0735717 0.190427 -0.473341 0.317942 0.35759 0.258142 0.601108 0.371686 -0.222201 -1.10733 -1.49431 -0.160063 -2.55503 -1.5179 0.0561907 0.092398 -0.724243 2.54965 -3.54245 4.15493 -1.47197 1.8733 0.510838 -3.64114 3.94109 -5.66765 1.31443 -1.2726 -1.11782 
-0.266658 -0.388521 0.250153 1.29367 1.3953 1.25077 0.434047 -0.706489 -0.482108 -0.963193 -0.119181 1.13332 0.129761 -0.861979 2.15953 -4.10529 3.29496 -1.86705 1.08095 0.259023 -3.13829 4.7385 -3.99188 2.85017 -0.992819 -0.210503 -0.362999 -0.0165918 -0.547217 -0.226877 0.0277052 -0.34111 -2.77882 -0.840774 -0.893352 -0.767064 -1.09106 -0.0177754 0.859195 
-1.38481 1.70027 -3.94386 4.39359 -0.808321 2.7651 1.35214 -2.765 4.50328 -3.73975 2.92374 -0.802392 -0.683843 -0.68094 -0.374182 -0.805359 -0.827985 -0.343981 -0.118909 -1.67149 0.653539 -0.733288 1.78796 0.426846 -0.0739661 0.766797 -4.75603 -0.263296 -0.381124 -0.274098 -0.437879 -2.8504 -1.89719 0.428272 1.19565 0.255289 -1.58272 0.29187 1.37347 
