-0.949186 -0.0750668 0.32103 -0.781555 0.536632 0.792302 1.24573 0.9463 -0.360596 0.431766 0.582273 -0.612182 0.0808536 -0.0132694 0.160634 -0.24151 -0.313637 0.577573 0.376519 -0.0567842 -0.0709969 0.289653 -0.742506 -1.23675 -1.2242 -1.93299 0.10109 0.387717 -0.0552934 0.285446 0.302204 -0.489128 -0.484536 -0.631176 1.5922 0.467256 -0.407024 0.820248 1.71548 
-0.910289 0.0952309 0.0944996 -0.940087 1.05729 0.887012 0.838597 0.473207 0.506968 -0.121482 -0.0444259 -0.918869 -1.00776 0.0511922 0.309727 0.0525571 0.230332 0.0875653 -0.0224573 -0.245048 -0.484719 0.357267 -0.0820237 -0.411846 0.255502 0.558603 0.0870059 0.0232071 0.458032 0.685859 -0.894765 -0.977543 0.316422 0.443903 0.0783115 1.43529 2.65413 2.2564 4.40985 
-0.897994 0.23466 0.373587 -0.551222 0.624197 0.769845 1.00068 0.461581 -0.00332854 0.349742 0.170427 -0.35668 0.639457 0.0737365 0.183841 0.216522 0.372222 -0.317191 -0.601024 0.259638 0.372907 0.367964 0.692781 1.41737 1.03219 2.47686 -0.0336881 -0.444956 -0.213963 -0.288437 0.0734668 -0.0839678 0.714683 1.16469 0.723935 -0.105646 0.651629 -0.341095 -0.63475 
-0.836552 0.279072 0.311022 -0.567865 0.740101 0.285989 1.09823 0.846114 0.874932 0.5713 1.37295 0.113324 1.4691 0.0175041 -0.135229 -0.161406 -0.0581046 0.161032 -0.106425 0.469635 0.679974 1.0812 -0.187669 0.239783 -0.0855929 -0.0761465 -0.161301 -0.286065 -0.265716 -0.560255 0.11453 0.540223 -0.587749 -0.936707 -2.04815 -0.88616 -1.89099 -1.33075 -3.64939 
-0.88049 0.0994307 0.212181 -0.609327 0.785229 0.66342 1.47032 1.14155 1.07787 0.162073 0.41021 -0.442273 0.563311 -0.0875644 -0.102224 -0.0491936 -0.188033 -0.202661 -0.060801 -0.328111 -0.5638 -1.68019 -0.193379 -0.473619 -0.298554 -1.17253 -0.00364537 0.441154 0.462821 -0.0598946 -0.306735 0.208802 -0.977337 -1.36051 -2.07865 0.857343 0.25443 0.900288 0.956927 
-0.924117 0.176847 0.261828 -0.755898 0.53744 0.225188 0.770124 0.282314 -0.805257 0.377921 0.89933 -0.18523 0.296574 0.0138587 0.305924 0.301415 -0.117999 -0.145703 0.102377 -0.507703 -0.680538 -0.997451 0.669674 0.494212 0.814695 0.88078 0.143345 -0.0794037 0.278412 0.71914 0.621174 0.38562 0.780145 0.951551 2.26216 0.192544 0.0556176 1.39753 1.66694 
-0.866631 0.405355 0.513595 -0.727326 0.639526 0.765797 0.962613 0.461017 0.0804235 0.831747 0.904422 0.372422 1.44409 0.0557805 -0.181628 0.229219 0.531107 0.418512 0.324819 0.452034 0.387751 0.581969 -0.000834971 -0.418001 1.09897 0.494412 -0.0678427 -0.636507 -0.48939 0.54057 0.248817 -0.64711 0.0884914 0.874436 1.40652 -0.939784 -0.612689 -1.40141 -2.12674 
-0.868336 -0.00478057 0.491047 -0.224791 0.955952 0.550007 1.22216 0.670065 -0.223288 0.377086 0.481329 0.913743 0.790986 -0.0539839 -0.330582 -0.187976 0.42257 0.103114 -0.544733 -0.419211 0.193898 0.409074 -0.270111 -0.118477 -0.586717 -1.24596 -0.113509 0.419758 -0.427358 -1.00486 -0.660302 -0.331844 -1.21015 -0.645309 -0.979657 -0.199133 -0.377946 -2.3423 -0.207845 
-0.920615 0.074773 0.32562 -0.304756 0.742639 0.221063 0.543402 0.654915 0.489498 0.561636 0.785945 -0.214295 0.198129 -0.0577282 0.23813 -0.198139 -0.473752 -0.24179 -0.00702411 -0.758117 -0.257558 -0.397688 -0.199968 -0.795948 -1.24333 0.286568 0.112044 0.427636 0.233285 -0.671041 -0.0663197 0.827472 0.993902 -0.375419 -0.464574 -0.179674 -0.32188 0.172773 1.57405 
-0.926065 0.233349 0.292908 -0.698543 0.714162 0.542983 0.464041 0.412507 -0.620976 0.177117 -0.314619 -0.329586 1.07755 0.0580597 0.0970535 0.0453088 -0.248471 0.036794 0.282739 0.574691 -0.18152 -0.0554996 -0.449784 -0.440357 -0.413944 0.328084 0.0761889 -0.592354 0.257386 0.649428 0.260933 -0.240357 1.69319 0.781152 1.23443 0.416776 0.915013 -0.160011 -0.687989 
-0.862555 0.171826 0.370928 -0.553226 0.779433 0.503803 1.11809 0.473395 0.433998 0.111852 0.345588 -0.628239 0.526213 0.0184607 -0.354224 0.0592472 0.175676 0.0191431 -0.247381 0.935074 0.523594 0.836744 0.216807 0.119065 -1.40334 -0.401421 -0.0147298 -0.152849 -0.137241 0.0473175 0.0808168 0.0686972 -0.89503 0.28028 -1.27998 0.657331 0.850889 -0.811684 -1.27113 
-0.907604 -0.120874 0.352156 -0.522867 0.733305 0.295602 1.39911 0.936101 0.215768 0.393925 -0.195553 -1.73293 0.676133 0.0433299 -0.0557953 -0.0919318 -0.201153 0.117611 0.351436 -0.320339 0.0987597 -1.33548 0.207546 0.410532 -1.22563 -0.943045 0.0528407 0.639583 -0.192261 -0.361053 0.0994044 0.525836 -0.915478 -0.649359 -0.248084 0.413363 -0.256714 2.6338 0.530913 
-0.819225 0.116031 0.278997 -0.75438 0.897044 0.855239 0.797754 0.572155 -0.901482 0.319398 0.75612 -1.85387 -0.416832 0.0713015 0.285359 -0.133014 -0.185377 0.118547 0.278454 0.0195959 -0.125765 0.58866 0.63017 -0.137648 1.23046 0.129493 -0.160787 -0.00148164 0.458618 0.628558 0.00575973 -0.603939 0.37175 -0.135757 1.49435 -0.278975 -1.48873 2.46672 1.88805 
-0.836302 0.164485 0.219141 -0.708244 0.851853 0.574056 1.41871 0.810336 0.804428 1.02409 -0.333202 -0.50246 0.805626 -0.117457 -0.0572769 0.366687 0.427405 0.12337 -0.252503 0.0514115 -0.0369974 0.158873 -0.0714283 -1.07819 1.24109 0.945001 -0.0558912 -0.223985 0.336295 0.406897 -0.472321 -0.255573 -0.311351 0.128392 -0.763951 -1.27301 -0.959843 -1.40773 -0.273398 
-0.936682 0.0587543 0.645683 -0.326974 1.02041 0.602736 0.849166 0.535157 -0.74261 0.24797 -0.322073 -0.612778 0.528169 0.0154103 0.0613746 0.20328 0.22152 -0.353774 0.0228816 -0.291755 0.0026268 -0.175291 -0.64284 -1.09749 -0.177264 -0.143905 0.244403 0.180191 -0.79645 -0.733027 -1.01981 -0.0320443 0.477067 0.290181 1.37885 0.159655 1.96431 -0.827739 -0.599376 
-0.820892 0.22586 0.422422 -0.486723 0.498079 0.596938 1.12696 0.812963 0.629138 0.381254 -1.43069 -0.679724 0.661721 0.126946 0.122914 -0.429763 -0.305622 -0.896439 -0.284547 0.528479 0.253183 1.53772 0.0882271 0.886121 0.413351 0.345625 0.0235571 -0.509 -0.238158 0.131176 0.739769 -0.0635141 0.0249432 -0.301832 0.0975887 1.10356 2.21734 0.77062 0.745074 
-0.809736 0.181669 0.21592 -0.632597 0.123976 0.318189 1.37764 0.788341 0.79511 0.336197 0.564047 -0.199427 0.873794 0.0389674 -0.447626 -0.0348781 0.352696 0.385996 -0.0406325 -0.266812 -0.299205 -0.0777018 0.460721 1.11985 0.593356 0.601168 -0.0958351 -0.783267 0.701125 0.625768 1.29551 0.743646 -1.1234 -0.170443 -1.92137 0.40689 -1.20001 0.0697907 0.71886 
-0.781925 -0.221766 0.387543 -0.134027 0.884075 0.556305 0.860145 0.513758 0.551436 0.841975 -0.310842 -0.0863684 1.26289 0.0311113 -0.660352 0.271362 0.320146 0.399071 0.459099 -0.594918 0.0827397 -0.383646 0.495117 -0.313894 0.483141 1.06448 0.0313004 0.0538495 0.00774969 -0.408572 -0.971144 0.0442119 -0.262652 0.683818 0.0544964 -0.527764 -1.81681 -1.665 -0.822424 
-0.778625 -0.478684 0.487282 -0.312451 0.523046 0.777288 0.782727 0.87108 0.411464 0.831314 0.250153 0.283714 1.93828 0.0702677 -0.393776 -0.0271285 -0.0558758 -0.585148 0.00357944 -0.529463 0.384613 -0.0232054 -0.0670432 -0.696962 -1.07164 -0.221256 0.135567 0.283099 -0.369854 -0.649971 -0.61776 -0.78277 -0.0726204 -0.258489 -0.733311 -0.35566 -0.113061 0.0284734 -2.20907 
-0.711657 -0.615542 0.360415 -0.189903 0.298927 0.559885 0.330681 0.89837 0.528231 0.774932 -1.0078 -1.15801 1.04163 0.166678 -0.377254 -0.0984916 -0.329826 -0.21869 -0.323671 -0.667539 -0.175749 -1.11696 0.139457 -0.426954 0.511615 -1.14459 -0.0486185 -0.164793 0.197421 -0.463984 0.67468 0.113238 0.198013 -1.03602 -1.79989 -0.142491 -0.146729 2.48547 -2.03387 
-0.611947 -0.855938 0.38879 -0.642277 0.304357 0.453617 0.115188 0.695331 -0.705492 0.970771 -0.176801 0.795329 0.79369 0.0216492 -0.558569 0.170292 -0.51986 0.0895316 0.116817 -0.33145 -0.65141 -1.82309 -0.209534 -0.84369 1.41383 -2.25512 -0.172509 -0.158382 0.42873 0.330596 0.207411 0.917357 1.12802 -0.221878 0.120038 -0.602171 -1.40597 -0.383325 -0.419434 
-0.690008 -1.17411 0.530707 -0.709763 0.388458 0.676702 -0.000768438 0.24696 -1.29486 0.565398 -1.85149 0.255818 -1.21349 -0.00583097 -0.535635 0.330239 0.000770355 -0.0112788 0.593686 0.460479 -0.397627 -0.996918 -0.462714 -1.83292 0.128289 -1.56402 0.132474 0.462125 0.32665 0.542623 -0.0294335 0.153217 0.570579 1.26884 2.21129 0.473332 1.19691 -0.867172 3.34192 
-0.617778 -1.39157 0.719029 -0.641506 0.293078 1.0473 0.575667 0.297704 -1.70241 0.508057 -2.00972 0.923618 -0.770333 0.154124 -0.0964439 0.496942 0.0227625 0.060098 0.270034 0.239129 0.617435 0.388194 0.263798 0.353219 0.546655 1.0868 0.105633 0.499193 0.0138037 -0.294691 0.179013 -0.525732 -1.22274 1.00014 2.12613 1.21143 1.73904 -1.47117 1.72245 
-0.535884 -1.27055 1.02765 -0.687001 0.448556 0.946736 0.238361 0.864395 -0.906668 0.829196 -1.49828 0.802473 -0.126689 0.099802 -0.0364425 0.344042 -0.293921 0.167734 0.067954 -0.762257 0.602509 1.12921 0.748718 -0.093883 -1.34288 0.158432 -0.096592 0.0153535 0.152192 -0.245344 0.0862722 -0.101909 -0.827155 -0.598041 -0.326354 0.124538 0.658907 0.183515 -1.26112 
-0.517976 -1.42802 1.06307 -0.935427 0.460812 1.11526 -0.18659 0.900212 -0.573196 1.25677 -2.10361 -0.419263 -0.6119 0.0575317 -0.0810904 0.649134 -0.222581 0.14637 0.168125 -0.588026 0.0193941 0.0618397 0.388336 1.01213 0.730169 -0.174323 -0.00695985 -0.0129916 0.0846355 0.302639 0.220225 0.355357 1.02778 -0.343138 -0.820455 -0.707518 1.80472 2.71181 1.13146 
-0.478352 -1.35165 1.67678 -0.909582 0.594926 1.11486 -0.349664 0.883789 -0.844828 1.21753 -0.486149 1.53264 -0.301012 0.0928422 -0.0494341 0.428678 0.00871782 0.387959 0.423311 0.265528 0.259371 0.30876 0.0411996 1.71084 1.36893 1.28989 -0.0813485 -0.295207 -0.884801 0.31175 -0.122412 -0.160565 1.19938 0.336206 -0.20894 -0.841025 -0.780999 -2.18282 1.09744 
-0.425134 -1.47745 1.49175 -0.926709 0.848771 1.53857 0.0789377 1.15958 -0.264436 1.29797 -0.392766 0.949665 0.67799 -0.0238168 -0.376297 -0.235667 0.0891692 0.0239585 0.00755937 0.611351 0.3556 -0.147101 -0.452689 0.231127 -1.45265 0.923112 -0.134806 -0.0252798 -0.625731 -0.346045 -0.697152 -1.03616 -0.279204 -0.531318 -0.780593 -0.59342 -2.23113 -3.36255 -1.46421 
-0.502169 -1.72794 1.44112 -0.820413 0.618885 1.12242 0.261686 1.23939 -0.991929 0.764843 -0.255022 0.0799929 0.6221 -0.041964 -0.074714 -0.197054 -0.337327 -0.309192 -0.612852 -0.0136763 -0.271947 -0.471833 -0.55222 -0.520284 -1.99362 -0.17432 0.105574 0.607018 0.219794 -0.245388 0.152461 -0.398369 -1.17877 -1.0396 -0.576471 0.172867 -1.3463 1.56288 -1.72409 
-0.467098 -1.55216 1.2947 -1.26404 0.539579 0.925716 0.0652614 0.887637 -0.736269 0.745754 -0.91305 -1.04395 0.503671 0.0817571 0.230721 -0.0158734 -0.156218 0.176419 -0.390809 -0.56742 -0.683997 -0.723572 -0.279822 -1.11518 0.110227 -0.800978 0.0758117 -0.127645 -0.095244 0.567665 0.6413 0.439045 -0.0944163 -0.215267 -0.422566 0.421191 0.0224553 1.86365 -1.14538 
-0.420412 -1.49722 1.42524 -0.976631 0.795304 0.731611 -0.305734 0.555393 -1.7155 0.485021 -1.3702 0.19022 -0.178878 0.0338476 -0.202359 -0.292298 0.230338 0.332108 -0.173808 -0.108093 -0.487214 -0.894399 -0.131029 -0.497829 -0.129966 -1.3197 -0.11316 -0.243005 -0.423746 0.0317494 0.104514 0.343849 1.36257 0.657238 1.95736 0.362544 2.00733 -0.098897 1.71782 
-0.43325 -1.75452 1.0024 -1.0337 0.871687 0.751908 -0.0428311 0.400422 -1.63067 0.614724 -1.41088 -1.17392 -0.816025 -0.031403 -0.0122833 -0.439619 -0.124469 0.280933 -0.0469606 0.795153 -0.0267592 1.23379 0.0827216 0.892153 0.01133 0.916839 -0.0289913 0.251932 0.316598 -0.399781 -0.854754 -0.161499 0.159336 0.781579 0.933157 -0.333284 0.581782 0.762883 2.49309 
-0.451815 -1.5095 0.985622 -1.1011 1.07624 0.68465 0.489419 0.528633 -0.481715 0.567742 -0.478045 0.20155 0.737961 0.00485635 0.0495732 0.0243006 -0.169443 -0.522646 -0.335306 0.0512435 0.294365 0.0387578 -0.464313 0.0839528 0.632917 1.17339 0.0362882 -0.359128 0.306753 0.0384213 -0.675567 0.390011 -0.156542 0.551698 -1.20446 1.20468 0.453328 0.829867 -1.06304 
-0.428394 -1.70495 1.0267 -1.20314 0.349041 0.416601 0.00841242 0.694787 -1.59191 0.150411 -1.32693 -0.541 0.357366 0.00488527 -0.371411 -0.132866 -0.0860478 -0.394634 0.343051 0.638611 0.524939 0.0293287 1.2874 1.34548 0.841197 -0.146197 0.0224643 0.200629 -0.0580318 0.762684 1.0379 0.539017 0.939194 -0.120752 1.00251 0.905681 0.71728 1.00984 -1.75584 
-0.44693 -1.88092 0.852756 -1.18715 0.681603 1.0277 1.12803 1.05357 -0.452386 1.85514 0.867437 1.04275 0.591764 0.0273207 0.250202 -0.0337312 0.59324 0.515257 0.20371 0.990437 0.173613 1.04127 0.441368 0.801233 1.64276 -0.582445 0.44133 2.5333 0.383915 0.98221 0.870438 -1.55313 -3.3472 -2.53663 -2.18473 -3.16515 -4.92024 -4.15702 -1.07124 
-0.401073 -1.45475 0.992967 -0.609902 0.864298 0.620312 0.99885 0.8684 -0.550642 0.591779 -0.525694 1.10176 -0.225079 0.446215 2.16188 0.251049 0.896162 0.475804 -1.21007 -2.70858 -2.01169 -2.1554 -1.87775 -3.57476 -3.31582 -1.21744 1.19734 2.56275 -1.03476 0.301151 -1.02569 -1.11378 -2.92779 -2.54972 -0.873 -1.15816 -1.66983 -5.09859 0.618651 
-0.000714885 0.280969 1.10381 -0.290986 1.15741 -0.182374 -1.58055 -0.958119 -2.60779 -0.022612 -2.70732 -2.27308 -0.625671 1.22466 2.81295 -1.06849 0.894391 -0.510429 -0.910067 -1.93736 -2.37611 0.168268 -0.716793 -0.868598 -3.45584 0.0362052 0.673399 -1.06782 -2.24539 0.257369 -2.09478 1.01707 3.04521 0.985335 4.60014 1.31681 5.41751 4.15548 1.48069 
0.82359 1.3582 -0.0755197 0.284489 0.353869 -0.289756 -0.938506 -1.50771 -0.382373 -0.125014 -1.39429 -2.35408 -0.188874 1.11961 1.09407 -1.99434 1.15353 -1.61898 -0.193006 0.336626 -1.02636 2.44474 -0.560942 1.84275 0.839652 0.263255 -0.718639 -2.98508 0.0478272 0.125662 -0.469467 0.809003 1.38846 1.86136 0.250504 0.106611 3.03203 5.04591 0.878116 
1.1189 1.37504 -0.890533 0.862546 -0.461572 -0.37538 -1.24393 -1.98448 -0.163049 -0.583554 -0.864569 -1.43342 -0.362415 0.506024 -0.172133 -1.02066 1.02005 -0.979896 -0.101065 -0.548893 -0.514746 0.418772 -0.610182 2.16343 1.59007 0.914322 -0.801329 -1.395 1.63575 -0.960838 0.909448 -0.206953 -0.600925 1.0516 -2.08412 0.0866396 -0.573393 -0.367742 0.436638 
1.32961 1.18607 -1.09618 1.30454 -0.626027 -0.39082 -1.4874 -2.02246 0.0363987 -0.735196 0.769142 -0.76401 0.725447 0.318285 -0.300931 -0.358585 0.192694 -0.709531 -0.399959 -0.264299 0.0252461 0.360615 -0.474303 1.26936 0.47191 0.699894 -0.346405 0.336949 0.686227 -0.989199 0.258921 -0.0947781 0.748734 0.979885 -0.119958 0.942955 -2.23241 0.109383 -0.952458 
1.43718 1.0741 -1.24912 1.05524 -1.1711 -0.775338 -1.50823 -1.95923 0.197567 -1.05786 0.404787 -0.961514 0.337479 0.159619 0.164816 -0.334432 0.0308551 -0.720975 -0.195843 0.199841 0.465139 0.298814 0.332773 -0.0689808 1.69946 -0.0381366 -0.16902 0.3146 -0.00214536 -0.125394 0.339292 0.33043 0.387347 0.378359 0.659972 0.730043 -0.865001 0.330792 -0.250124 
1.48923 1.35089 -1.43061 1.3354 -1.347 -0.586663 -1.28756 -1.55732 0.335213 -0.402424 0.700162 0.935446 0.687311 0.149265 0.0136693 -0.36073 0.0673002 -0.370239 -0.0695291 0.123047 0.403605 1.02059 0.25574 0.404355 0.802702 0.449769 -0.0422962 -0.327018 -0.0217366 -0.0946072 0.343336 -0.2529 -0.0906244 -0.302347 1.24132 -0.501564 0.168257 -2.26367 -0.695344 
1.58645 1.08777 -1.60985 1.12254 -1.54134 -0.844867 -1.38518 -1.55563 1.21815 -0.802117 0.809142 -0.158812 0.787248 0.117323 -0.162201 -0.356169 -0.0637521 -0.377639 -0.448743 0.109217 0.162792 1.54014 -0.168792 0.0992766 -0.564217 -0.733481 -0.0875878 -0.313797 0.532468 -0.0708243 0.439812 -0.294883 0.38093 -0.10298 -0.223133 -0.254142 -0.85951 -0.945767 -1.51779 
1.60656 1.18869 -1.78678 1.27165 -1.72464 -1.03541 -1.17834 -1.39452 1.87535 -0.571215 0.799438 0.371229 -0.0461697 0.0616768 -0.300127 0.171739 -0.00352417 0.0695732 -0.364412 0.503977 0.300626 0.797454 0.00159858 -0.455155 -0.143065 -1.06802 -0.0443823 -0.31202 0.62994 -0.171469 0.621485 -0.0821168 0.207095 0.038884 -1.57504 0.129736 -0.892257 -0.183115 0.285964 
1.64813 0.787647 -1.43811 1.11902 -1.47177 -1.20928 -0.881203 -1.255 2.01561 -0.800518 0.353988 -0.301877 -0.280768 0.072941 -0.474221 0.273771 -0.235221 0.243847 -0.53086 0.316312 0.201676 -0.0349064 -0.0390555 -0.79298 -0.747332 -0.447516 -0.0550348 0.255404 -0.46424 -0.0158934 -0.355477 -0.0930592 -0.733852 -0.348 -1.35444 0.0691515 -0.106488 0.0511782 0.191614 
1.6795 0.714464 -1.51301 1.03643 -1.48079 -1.56627 -0.86203 -1.19285 1.84044 -0.610271 0.00645791 -0.376103 -0.493686 0.00664202 -0.044723 -0.292501 -0.0194176 -0.285904 -0.457472 -0.229875 -0.047375 -0.556987 0.0707501 -0.561643 -0.0918865 -0.876402 -0.104694 0.827549 -0.330819 0.687833 -0.294862 0.540901 -0.300017 -0.0525982 0.587464 0.447234 1.88148 2.44366 0.735098 
1.65477 0.742924 -1.73061 1.0996 -1.75767 -1.66675 -1.11108 -1.30237 1.45862 -0.729768 -0.207655 -0.393763 -1.15717 -0.0317535 0.353328 -0.0570481 0.452612 -0.0510149 0.010041 0.016295 0.149077 0.552558 0.408179 1.0885 1.69633 0.287582 -0.0514251 0.243696 0.480967 0.251986 0.192688 0.232959 0.523327 0.15993 0.798068 -0.0228179 2.04293 1.73019 1.01423 
1.64774 1.06779 -1.57006 1.48904 -1.53181 -1.55623 -0.845735 -1.04377 2.393 -0.202092 1.09495 1.32023 -0.206103 -0.0447831 0.198973 0.188465 0.232568 -0.0932163 -0.224513 0.293452 0.112555 0.241081 0.0479322 1.48129 1.6383 0.137831 -0.0526722 -0.72338 0.148372 -0.552971 -0.117 -0.374989 -0.100886 -0.3775 -2.16447 -1.2375 -0.861318 -1.88373 -0.929462 
1.60998 0.941897 -1.54214 1.33217 -1.85089 -1.89126 -0.817626 -1.18982 1.6997 -0.681836 1.27363 1.24454 -1.01934 -0.0844257 -0.370052 0.0913242 -0.100359 -0.168015 -0.364948 -0.0845911 -0.228422 -1.61191 -0.829322 0.227178 -0.187397 -0.641879 -0.0622425 -0.630909 0.0152732 -0.174207 0.772874 0.167865 -0.264726 -0.303558 -2.08149 -0.886459 -1.9473 -1.11967 -0.372635 
1.56332 0.69774 -1.47873 1.38868 -1.69982 -1.92117 -0.930326 -1.27219 0.781091 -1.03141 1.32213 1.13283 -0.847983 -0.107026 -0.431935 0.203738 0.0583614 0.679658 -0.0566475 0.0287264 -0.191003 -1.84041 -0.838527 -0.466015 0.518629 -0.234805 -0.174477 0.897417 -0.578075 0.912436 0.329668 0.89903 -0.135516 0.22382 0.800309 0.134624 -0.366763 0.871123 0.547457 
1.50296 0.509962 -1.33841 1.39053 -1.17123 -1.94791 -0.7889 -1.38082 -0.14071 -1.52036 0.807619 1.76317 -1.25414 -0.258903 0.527365 -0.486751 0.812077 0.161653 0.534082 -0.220107 -0.00460246 -0.8116 -0.694697 -0.139584 0.683726 -0.0944223 -0.0688462 0.907623 -0.145947 0.193249 -0.609333 0.329417 0.209636 0.427425 2.36461 0.542718 1.10072 -0.490165 -0.20706 
1.30442 1.2251 -1.96548 2.20076 -1.53817 -1.38709 -1.15043 -1.2768 -0.0305086 -1.72611 1.18255 1.81655 -0.942405 -0.175872 0.475688 0.0577916 0.25161 0.0703253 0.27277 0.238362 0.236421 0.524194 -0.295809 0.634704 0.0284637 -0.441865 0.1615 -1.32508 1.95312 -1.60624 0.965899 -1.04937 0.518675 0.270855 0.478644 0.440007 0.326999 -0.363205 -0.859397 
1.32709 0.98565 -1.28062 1.64214 -1.10091 -1.67514 -0.550538 -1.1444 0.383484 -1.81617 1.44232 1.79163 -1.69601 -0.0974034 -0.797711 1.46637 -0.79416 1.12755 -0.515285 0.298568 0.266253 -0.332955 -0.254691 0.187415 0.320521 -0.95382 -0.268106 -0.068633 0.00464652 0.159837 -0.60619 -0.177874 -1.57161 0.215973 -0.691518 -0.201384 -1.76365 -1.3161 -0.699007 
1.20701 0.427394 -0.499111 1.4066 -0.410619 -1.90238 -0.851865 -1.01054 -0.363464 -1.9808 1.36996 2.13708 -1.89622 -0.443978 0.407055 0.0624381 0.411447 -0.535865 0.0948958 -1.33325 0.452395 -0.167324 -0.497193 -1.12894 -1.28763 -1.14087 -0.433455 1.72574 -1.5871 0.965168 -2.60852 0.917975 -1.18225 0.390687 0.408474 -0.544337 -0.562612 -2.12852 0.54004 
0.883109 1.3927 -1.21818 2.05358 -1.63677 -1.58025 -1.88379 -0.692006 0.216161 -2.31336 0.31338 0.503998 -2.83688 -0.530859 0.928029 -0.120724 0.171008 -1.48097 0.40269 -0.883687 0.656939 0.075519 -0.799027 -0.375198 -1.808 -0.413779 -0.0641121 -0.45709 0.978554 -1.36259 0.765181 0.415634 1.58307 0.111762 -0.914259 0.298083 0.933155 0.328661 1.95011 