-1.26379 0.551758 0.204602 -0.513129 0.67723 0.0552861 1.17244 0.183233 1.27918 0.390489 1.25555 -0.00235968 0.0420134 -0.06066 0.000197998 0.21823 -0.010753 -0.212698 0.0268318 0.176835 -0.0123586 1.39645 -0.16306 -1.13947 -0.395975 -0.907033 0.00995926 -0.140853 -0.314854 -0.168938 0.139322 0.349295 -0.249466 -0.490794 0.237594 -1.62551 -5.06294 -2.75126 -0.725235 
-1.27243 0.561385 0.275664 -0.591897 0.625284 0.224557 1.43336 0.0453688 1.2828 0.252218 0.188602 -0.538785 -0.281304 0.00691337 -0.124599 -0.184685 -0.103484 0.181384 0.244143 0.0624641 0.0687636 1.08901 -0.548572 -2.57914 -0.969673 -0.168891 0.152655 0.164555 -0.432864 -0.0783191 0.192007 -0.210324 -0.672364 0.456486 -2.1512 -0.779175 0.837309 0.593542 1.54894 
-1.25687 0.42716 0.0199175 -0.616613 0.858614 0.299429 1.23491 0.251997 2.3682 -0.158084 -1.32359 -0.972033 -0.126878 0.091995 0.164753 -0.214633 -0.0890721 -0.0206915 -0.183493 -0.495529 0.444127 -0.75475 -0.942235 -0.30216 0.197568 0.641903 0.0207993 0.248408 0.255692 0.16297 0.211574 0.150229 0.757506 0.0604363 -3.1803 0.252494 3.58402 1.76784 0.818224 
-1.18044 0.726138 0.0610307 -0.680969 0.604592 0.0410646 0.937835 0.489496 0.528049 -0.690017 -0.113557 -0.341218 0.360599 0.0277126 0.123809 0.0710078 0.0594859 0.392958 0.394372 0.81997 0.1292 -2.09129 -0.296079 1.00487 0.798169 0.649333 -0.0384917 -0.30642 0.505698 0.366346 0.419905 0.866123 1.01249 -0.875784 0.937101 1.07207 -0.244052 -1.24976 -1.19747 
-1.22916 0.550969 0.0909254 -0.557127 1.25157 0.693801 2.05488 0.381197 0.276905 -0.454162 -0.31872 -0.173863 0.522455 0.0535033 -0.141667 0.291065 0.277274 0.399213 0.68263 0.516964 -0.431657 0.182351 0.129831 -0.546212 -1.0522 -0.555562 0.271773 -0.215341 0.0321144 -0.0460417 -0.829751 -0.732648 -2.37546 -0.638401 1.26035 0.74899 -0.942348 -1.2105 -1.77128 
-1.12693 0.584471 0.352095 -0.403695 1.00381 0.723695 1.4548 0.0578388 0.710399 -0.560186 -0.659769 -1.39341 -0.194963 0.299485 -0.0915321 0.103122 0.0134442 -0.436793 -0.338276 -1.55549 -0.509202 -0.830937 0.452911 0.0625267 -0.412334 -1.12195 0.183291 -0.515402 -0.311966 -0.534909 -0.674441 -0.961648 -1.39544 1.12321 0.100405 1.87625 1.73133 3.57495 1.44187 
-0.929674 0.459436 0.194048 -0.543683 0.814779 0.355525 0.499391 -0.128005 -0.554032 -0.00125101 -0.256194 -0.586197 -0.599492 0.236794 -0.657068 -0.0209011 -0.257635 -0.275227 -0.279017 -0.87848 0.691556 0.282755 2.00608 1.18512 2.52275 0.886309 -0.145914 -0.449892 0.245355 -0.0155057 0.484495 0.347375 0.783232 1.13673 1.1011 -0.247221 0.663052 1.12427 0.958698 
-0.890139 -0.0725972 0.331194 -0.661329 0.728578 0.444678 0.57632 0.749395 0.993155 1.4459 0.525349 1.12934 0.691346 0.153571 -0.541424 0.348478 -0.0020615 0.0477021 0.00909834 -0.772254 0.627531 0.270167 0.20569 0.725578 0.711936 -0.163249 -0.11284 0.136076 0.073036 -0.23711 -0.251915 -0.0635304 -0.375668 -1.51961 -2.9804 -4.14217 -3.07673 -5.02013 -3.62785 
-0.776103 -0.0819876 0.542525 -0.545745 0.862481 0.364623 -0.272863 0.499527 -0.283865 0.204439 0.469385 0.125739 -0.762741 0.123954 -0.520993 0.0521349 -0.494745 -0.527142 -0.342548 -1.25415 -0.828052 -2.69764 -2.13609 -1.89161 -2.49738 -2.74154 -0.0752532 -0.0174645 -0.136934 -0.607821 -0.315712 0.226578 -0.13733 -0.190722 -0.368997 -0.102599 -1.83379 -0.83039 1.15375 
-0.766185 -0.59359 0.383329 -1.15607 0.201436 0.10213 -0.677828 -0.0786574 -1.70449 -0.690192 -1.36626 -1.36805 -2.05019 0.078318 -0.558889 0.211544 -0.609883 -0.26801 0.235677 -0.909583 0.436809 -0.0988304 0.103091 -1.10821 -0.118454 0.990503 0.189166 -0.0504798 1.15874 0.765774 0.93454 1.2548 0.728333 1.83199 3.10243 3.65043 2.51524 3.18969 5.8828 
-0.697785 -0.640876 0.754069 -1.15563 0.594472 0.600299 -1.18245 0.936336 -0.382695 0.30753 -0.638828 0.00728565 0.227762 0.313119 -0.571473 1.21087 0.271029 0.407398 0.912257 -0.525815 1.00393 0.404788 1.51434 0.623627 0.692305 3.14126 0.235269 -0.246012 0.8675 0.61433 0.587604 0.140282 1.06378 0.165304 -0.218036 0.678227 2.16558 -0.616348 0.0840315 
-0.453065 -1.16506 1.5942 -0.885045 0.608834 1.01439 -1.20364 0.925277 -1.2997 0.824152 -0.742635 -0.675743 1.09107 0.313587 -0.8049 1.07904 0.00444684 0.319595 0.375959 0.1542 0.602113 -0.316866 0.781318 1.05737 -0.734802 1.07453 -0.331079 0.573337 -1.19462 -0.600276 0.397083 -1.11823 1.49495 -0.718422 0.370902 -1.09964 0.943381 -1.36734 -2.34062 
-0.384198 -1.44578 1.83311 -1.15118 0.914066 0.976258 -1.02825 1.53845 -0.699561 1.08885 0.418541 -0.727516 1.3023 -0.0179599 0.00186455 0.0162555 -0.329247 0.80448 -0.20597 0.96914 0.285512 0.775691 0.414699 1.56701 -0.675039 0.80064 -0.521373 1.5197 -1.75011 0.0385099 -0.302876 -0.938069 0.394493 -1.40918 -0.0740869 -1.25074 -1.97067 -0.79408 -2.62336 
-0.471025 -1.1632 1.61046 -1.21429 1.41331 0.808416 -0.234503 1.21079 -0.524009 1.23885 0.824372 -1.35078 1.89171 -0.207786 0.714804 -0.671062 0.0429567 0.0167182 -0.56211 0.548693 -0.807065 -0.390953 -0.469423 -0.913299 -1.52888 -1.54882 -0.240034 0.879891 -0.633588 0.63162 -0.706582 0.019441 -0.0379869 -0.769318 -0.739549 -1.37477 -3.17933 0.939073 -2.52366 
-0.591984 -0.730973 1.16205 -1.10822 0.930785 0.414149 -0.479553 0.731384 -1.09051 0.619425 -0.494758 -2.2564 -0.246529 -0.257994 0.881756 -0.617332 0.302373 0.0978985 -0.186529 0.931153 -0.483806 0.0361419 -0.960074 -1.61232 0.264034 -1.72302 0.0606991 -0.415746 0.477832 -0.0704945 0.771751 0.72384 0.924261 1.20239 2.03179 0.360915 1.52267 3.18093 2.26699 
-0.729019 -0.281442 0.993123 -0.911918 1.51121 0.621887 0.696649 0.726983 -0.487867 0.278778 -0.78795 -1.08675 0.168684 -0.147087 0.299057 -0.19323 -0.0275378 0.78847 0.16173 1.47295 0.395328 1.64084 -0.108508 0.609373 1.65205 0.71817 0.246145 -1.01315 0.523023 -0.60582 -0.299915 0.177124 -1.19263 0.336206 -0.402121 0.187448 1.5462 0.595007 2.88954 
-0.739071 -0.431915 0.96882 -1.13576 1.71925 0.575879 0.993401 1.12671 0.550322 0.510918 0.114615 -0.604347 0.471641 -0.0118492 -0.131391 -0.0943094 -0.303447 -0.202017 -0.0094057 -0.261482 -0.1476 -0.365979 -0.772625 -0.0661181 0.859041 1.16652 0.11165 -0.549291 0.212763 0.148038 -1.54858 -0.246079 -1.6808 -0.823152 -2.19913 1.18121 0.543103 -0.0362746 0.903287 
-0.740868 -0.412833 0.898814 -1.21536 1.3092 0.612481 0.435167 0.579383 -0.853846 -0.493848 -0.854068 -0.227706 1.33521 -0.0354372 -0.250234 0.0195333 0.1205 -0.760114 -0.0843485 -0.207848 -0.427824 -0.558289 1.0727 1.15248 1.61578 1.62146 0.169949 -0.10974 0.237278 0.544198 -0.244747 -0.0438864 0.266276 0.210907 1.00529 2.14624 0.848916 -0.700671 -2.92478 
-0.774509 -0.682149 0.988354 -1.01526 0.95914 0.49153 0.785553 0.698887 -0.00796713 1.58362 1.26709 1.01143 2.0931 0.1581 -0.241131 0.142968 0.240751 -0.446764 -0.0532921 0.0047937 0.0633068 0.639311 1.37362 0.782798 0.158371 -1.75825 0.313267 0.190393 -0.164964 -0.219918 0.0814298 0.251592 -0.158259 0.670103 0.84749 -0.728055 -1.342 -0.97945 -3.10978 
-0.582768 -0.653964 1.04178 -0.974614 0.862433 0.559189 0.439961 0.64269 -0.214535 0.87977 -0.0712703 -0.0693352 -0.423048 0.27783 -0.0598407 -0.145431 -0.099418 -0.678685 0.167243 -0.366107 0.242279 0.289201 0.344645 -0.18952 0.636326 -1.48832 0.526013 1.71341 -0.288405 1.0098 0.322213 -0.75624 -1.33458 -1.61922 -1.62852 -1.8683 -1.94209 -1.65052 0.724799 
-0.496679 -0.74199 0.842923 -1.11468 0.280455 0.658774 0.419446 0.941166 0.281234 1.92826 1.07757 1.64775 0.60478 0.684113 1.47228 -0.145436 1.25055 -0.124551 -0.809532 -1.32979 -1.55591 -0.989206 -0.494683 -1.15929 -1.49215 -1.03345 1.26369 2.14864 -1.1461 2.09897 -0.102599 -1.15499 -1.1095 -3.13411 -0.653645 -2.35033 -1.75794 -3.95711 -0.072847 
0.101345 0.818312 0.896346 0.275937 0.737882 -0.250343 -0.88983 -0.91322 -1.20374 0.385087 -1.23056 -1.56149 -1.4565 1.54152 2.0888 -1.29153 1.99956 -0.781284 -0.987746 -1.47561 -2.89183 -0.364444 -2.00568 -1.94746 -3.32078 -1.56117 0.636902 -1.10292 -1.44848 -0.931602 -1.12315 0.264967 1.43922 0.129662 2.85589 -0.128663 2.5831 2.19252 2.14654 
1.04484 1.34681 -0.448612 0.884876 -0.500829 -0.328973 -1.05617 -1.95066 -0.0832107 -0.0774172 -0.869889 -1.67303 -0.956385 1.32101 0.369361 -1.59392 0.318949 -1.2477 -0.544565 0.109431 -1.42625 1.86669 -0.623347 1.42381 0.700371 1.11309 -1.01695 -2.00648 0.489874 -1.79417 0.288108 0.723103 0.919694 2.91477 1.18684 1.60285 3.24714 4.95433 3.86452 
1.42236 1.18767 -0.697571 0.594886 -0.509822 -0.794908 -0.780399 -2.33947 0.662944 -0.23826 0.193248 -0.861118 -0.343415 0.524571 0.0823225 -0.80166 0.205389 -0.493176 -0.264643 -0.555917 0.0229431 0.822397 -0.402833 1.29968 1.63355 2.30335 -1.08084 -0.363794 1.07142 0.0318243 0.418612 0.596974 -0.915416 2.24681 -1.79535 0.733813 -0.567555 -0.148438 0.272439 
1.56941 1.42913 -1.25027 1.09026 -0.994004 -0.593616 -1.61208 -1.92772 0.739186 -0.48025 0.429792 -0.0394752 1.34697 0.240171 0.00556721 -0.522498 0.350773 -0.829092 0.0524088 -0.805985 0.820557 0.0713383 0.110466 0.856256 0.551934 1.38553 -0.398484 -0.357159 0.503081 -0.0311022 -0.21062 -0.00739147 -0.187041 0.909587 -0.856425 1.21312 -0.736052 -1.49942 -3.5733 
1.66253 1.19324 -1.22007 0.945659 -1.33891 -0.742499 -1.58638 -1.51891 0.734283 -0.127794 1.0495 -0.309184 1.04211 0.126086 -0.274836 -0.29858 0.174286 -0.703796 -0.272034 -0.742958 0.93253 -0.0340281 0.810287 0.563629 0.134135 -1.26994 -0.124122 -0.139277 0.366263 0.025068 0.822609 -0.443775 0.912692 -0.533205 0.864329 0.300762 -0.459781 0.378617 -2.65528 
1.6955 1.15429 -1.54885 1.26455 -1.6978 -0.86565 -2.35504 -0.995188 0.705158 0.330037 0.993422 0.0946595 0.0770263 0.116049 -0.13371 -0.156235 0.375841 -0.00648253 -0.391366 0.106707 0.287352 0.935667 0.411227 0.396475 0.930551 -1.26975 0.0238617 0.0573936 0.544695 -0.202025 1.04183 -0.113719 1.85391 -0.96146 0.386246 -1.22518 -0.42278 0.073997 1.46595 
1.77858 1.05953 -1.3763 1.3215 -1.3454 -1.13387 -1.47968 -1.23156 1.66995 0.283433 1.44598 0.621367 -0.227639 0.149948 -0.217443 0.246115 -0.0277391 0.33803 -0.385753 1.11095 -0.02893 0.352218 -0.414889 0.140849 0.208132 0.196003 -0.0765485 0.0419092 0.150773 -0.441447 -0.052953 0.179797 0.43879 -0.148127 -2.06586 -1.18134 -0.732703 -0.86284 1.55587 
1.84545 0.936852 -1.30274 1.23681 -1.35977 -1.2514 -1.24409 -1.02412 1.05738 -0.0848521 1.13427 0.302791 0.27303 0.0395001 -0.0918003 -0.00546261 -0.0656056 -0.0594355 -0.211569 0.545497 0.139225 -1.13019 -0.770108 -0.336228 0.0677104 0.286122 -0.212864 0.311683 -0.46236 0.109349 -0.679795 0.334429 -0.599145 0.00650566 -0.557595 0.153674 -0.283921 0.665815 -0.685213 
1.81808 0.96773 -1.38177 1.25589 -1.40483 -1.34544 -0.934179 -1.09233 0.53976 -0.486675 1.10975 0.689077 0.0584825 -0.0629164 0.0942406 -0.216244 0.0816103 -0.341765 -0.0513242 0.511809 -0.0224244 -0.205378 -0.261214 -0.143072 0.873946 -0.48921 -0.114337 0.173177 -0.0962855 -0.00196041 -0.196595 0.0714524 0.538966 -0.113508 1.77504 1.20527 0.433576 0.905225 -1.12031 
1.78253 1.03109 -1.51898 1.31842 -1.70154 -1.30273 -0.732277 -1.04654 0.851998 -0.346066 0.991199 1.17674 -0.21618 -0.0748369 0.0813766 -0.101748 -0.067566 -0.25603 -0.140117 1.08446 0.0257164 0.644855 0.435161 0.0973479 0.972936 -0.834183 0.0593331 -0.32209 0.325655 -0.489776 0.707434 -0.423274 0.734842 0.188237 0.589596 0.12215 0.77804 -0.3173 -0.631185 
1.74324 1.04911 -1.48351 1.18833 -1.66086 -1.48555 0.150284 -1.06662 1.18461 -0.0515147 1.2071 1.66201 -0.775701 -0.00358331 -0.227849 0.109411 -0.408166 0.365669 -0.474598 1.24665 0.165812 0.384218 -0.139064 0.634968 0.556646 -1.12039 -0.073805 0.0740006 -0.236108 0.267097 -0.101935 0.110624 -1.26827 0.0810836 -1.24867 -1.02874 -0.77155 -1.30919 1.07492 
1.77895 0.803243 -1.40957 0.910256 -1.33587 -1.77733 0.514374 -0.88073 1.23622 -0.485131 1.62617 1.73338 -1.33657 -0.148642 0.155377 -0.337856 0.199531 -0.357966 -0.0294929 -0.18381 0.1068 -0.60382 -0.593583 -0.674202 -0.336251 0.240733 -0.256738 0.435674 -0.0717258 0.924745 -0.410035 0.52596 -1.10972 -0.705471 -1.39634 0.349553 -0.980281 -0.00132102 1.60908 
1.5946 1.20448 -1.82137 1.38786 -2.01883 -1.51504 -0.0335259 -0.959818 0.580794 -0.645098 0.532897 1.32576 -0.534968 -0.260322 0.207825 0.0376855 0.516579 -0.0443656 0.0513614 0.136928 -0.539658 -1.01212 0.210488 -0.345313 0.555325 0.488686 -0.0736744 -0.419011 0.600038 -0.0550445 0.913254 -0.181662 0.281295 -0.857734 -0.105636 0.197432 0.530422 0.739154 -0.66832 
1.51863 1.01107 -1.37188 1.42684 -1.38023 -1.72596 0.651302 -1.42039 0.224095 -0.274642 1.28085 2.28871 -0.847889 -0.222316 -0.263634 0.262182 0.144486 0.555289 -0.211155 0.0974858 -0.750934 -0.709456 -0.396152 -0.14378 0.402903 -0.427587 0.0318816 -0.110725 0.0818299 -0.408644 -0.292781 0.0812642 -0.39728 0.142596 0.890928 -1.05849 -1.02546 -1.23305 0.566118 
1.37228 0.94085 -1.55919 1.53235 -1.46354 -1.7262 0.0639599 -1.71075 -0.128662 -1.04125 0.389117 1.72866 -0.962555 -0.22844 0.0971002 0.119515 0.107936 -0.337146 0.132626 -0.260352 -0.397062 -0.121193 -0.847998 -1.37077 -0.677723 1.0548 0.0629397 0.381402 0.261431 -0.234447 -0.938806 0.237282 0.258278 0.835508 1.26534 -1.0587 0.73225 0.012936 0.845576 
1.29019 1.10817 -1.25237 1.53477 -1.71738 -1.59334 0.390949 -1.81745 0.102902 -1.12264 -0.0899198 1.61098 0.206915 -0.159377 0.117768 0.523613 -0.0899603 -0.383518 0.0261271 0.355764 0.0845735 0.555882 -1.45485 0.58847 0.415839 0.417988 0.033372 -0.111191 0.155709 -0.212944 0.186451 -0.140911 -0.774086 0.466883 -0.999322 -1.20867 2.36976 0.387103 -2.75742 
1.21291 1.05862 -1.03558 1.44239 -1.84706 -1.70007 0.419724 -1.62618 0.42722 -2.4961 0.977587 2.1445 -0.544566 -0.195068 -0.0140908 0.275225 -0.105008 -0.150695 -0.00828492 -1.03444 0.0698205 -1.12052 -2.05667 0.998988 -0.29062 -1.70262 -0.206005 0.19256 -0.126371 0.358813 0.637523 0.082023 -0.694275 0.477507 -2.20535 0.695303 -1.48714 -2.039 -0.729266 
1.09512 1.09408 -0.977144 1.42976 -1.86807 -1.60162 -0.643489 -1.74763 -1.01761 -3.17931 0.909068 1.32036 -1.49571 -0.365382 0.310329 0.397242 0.268853 0.254006 0.10815 -0.338512 0.562081 -1.64947 -0.759546 -0.898674 -1.62317 -0.311278 -0.39129 0.274568 0.10406 0.337712 1.32468 0.196063 2.00802 0.747071 2.25294 3.0596 -1.21538 -1.40322 1.20606 
0.847526 1.36895 -0.638334 1.71124 -1.59305 -1.59192 0.0812117 -1.0641 -1.22225 -3.25565 0.078913 0.521339 -0.855844 -0.586358 0.260477 0.379285 0.232704 1.17399 0.187778 0.973584 0.816892 1.13243 1.00294 -0.216391 -1.69384 -0.496564 -0.13856 -0.527882 -0.352778 -0.279572 0.222758 0.451316 1.40251 -0.0420672 3.60342 3.07369 2.58555 1.76988 -0.901272 
0.50876 1.35455 -0.597859 1.66247 -0.694087 -1.41385 0.330095 -0.930738 0.114812 -2.17637 0.692676 -0.373479 -1.99227 -0.503942 -0.217553 0.0444641 -0.0107191 0.476764 0.559466 1.064 0.520014 1.95395 2.31415 1.68688 0.146711 -1.21255 -0.227052 -0.869077 -0.096231 -0.983366 -0.699634 0.362064 -0.627537 0.21585 0.525769 0.593019 1.23703 3.19847 -0.750618 
0.343583 1.15139 -0.59387 1.70052 -1.11629 -1.03246 1.14521 -0.544084 0.731705 -0.9415 1.76579 0.66805 -2.06839 -0.813411 -0.6086 0.283054 -0.750662 0.474353 0.549842 0.346047 1.03274 1.65819 1.59596 1.02064 1.50462 -1.24718 -0.822984 -0.472917 0.379929 -2.01369 1.17193 0.0382808 -1.64695 -0.179074 -2.94991 -1.57607 -3.39704 -1.40031 3.31774 
-0.304651 0.745954 -0.314806 0.911805 -0.219733 -0.864005 0.676142 0.102003 1.77301 -0.580417 1.71331 1.13114 -3.23945 -1.32693 -0.690469 0.424393 -2.02441 1.64869 0.597747 -0.582947 0.34094 -0.995961 0.738073 -1.71016 -1.2536 2.10519 0.152731 0.642206 0.02101 -0.405348 0.159574 0.0427718 0.210398 -1.22687 -3.72692 -0.590308 -1.47229 -1.89858 5.46737 
-0.983342 0.460925 -0.169477 -0.323892 0.532406 -0.434709 0.562265 -0.203144 -0.264256 -0.203427 0.0556342 -0.585552 0.0367998 -0.66068 0.0336056 0.304064 -1.15601 0.633928 0.592613 0.556445 -0.194131 -2.06872 1.00565 -0.451656 -0.393958 4.22019 1.26276 0.555412 -0.47977 2.1725 -2.04752 -0.565273 0.671067 -0.726203 -0.419464 -1.67105 1.89169 1.56556 -3.09829 
-0.965331 0.77956 -0.0107421 -0.244205 0.414195 -0.271391 1.23259 -0.0921272 -0.295714 0.425231 1.26166 0.737186 0.980737 -0.0641667 -0.135057 -0.0553775 0.148093 -0.398826 0.0324746 0.0881202 -0.385263 -1.41542 -0.932978 0.181531 0.311953 -0.9931 0.708169 -0.568263 -0.313398 1.77402 -0.340063 -0.134327 0.337508 0.759754 3.10855 -1.77011 -0.5163 -0.594335 -4.52162 
-1.04751 0.325867 -0.224854 -0.175799 0.13358 -0.402234 0.650385 -0.588408 -1.67968 -1.1364 0.237165 -0.273599 -0.9563 0.0474887 -0.534657 -0.00933393 0.618007 0.293865 0.458287 0.893953 0.565623 1.03983 -0.764458 -0.967956 -0.988293 -0.301437 0.596105 -0.0224093 -0.197535 0.905518 1.04957 -0.266388 1.5054 1.40977 0.697339 1.77361 0.426033 -0.433971 2.2056 
-0.917842 0.244903 -0.020076 0.373802 0.708059 0.186895 2.12654 0.473496 0.744111 -0.339228 0.2937 -0.251106 0.6793 0.531939 -0.157467 -0.252913 1.05361 0.650747 -0.233913 1.59352 1.02451 -0.718085 0.840632 0.607564 -0.122018 1.2125 0.652317 -0.168254 -1.13457 -0.0407486 -0.498483 -1.33718 -1.63197 -0.508958 -3.66399 0.366906 0.733955 1.0331 -0.713904 
-0.51557 0.168401 -0.477767 0.877812 0.784327 -0.636148 2.24391 0.436102 -2.39777 -0.295772 0.844729 -0.395617 0.256199 0.699805 -0.702911 -1.1439 0.577258 -0.204618 -0.878895 -0.738021 0.0566656 -2.62417 -0.397552 -0.234001 0.0448048 -1.01534 0.0570173 -0.916971 -0.40653 -1.11209 -1.41758 0.589781 -3.95917 -0.923191 0.917589 -1.26665 -1.38438 0.325115 -1.09578 
-0.218037 -0.458008 -1.16398 0.951061 0.503441 -0.692 1.38852 0.530162 -1.88005 -0.73678 0.0596994 -0.206301 -0.336041 0.588956 -1.07444 -0.659443 -0.0584825 -0.766835 0.355868 -2.36565 0.101318 0.199504 -0.426019 -0.776811 0.203096 0.11672 -0.230073 -0.0923177 1.2528 -0.707297 0.0238403 1.85632 -2.12947 0.270606 2.66258 2.46123 -0.293307 0.671661 2.96235 
0.0733855 -0.906037 -1.13721 0.81933 0.0174924 -0.28028 -0.121736 0.537421 -2.19826 -0.721792 0.0679175 -0.192521 0.372919 0.469733 -0.795229 0.108904 -0.130039 -0.180778 0.977427 -2.86749 0.327271 0.0384151 2.06368 -0.527308 0.716466 1.94701 -0.401415 0.767689 1.0564 -0.278123 1.47427 0.831838 2.07722 0.314775 2.78209 1.78933 -1.11565 0.61415 0.519599 
0.251696 -1.25324 -1.05507 0.821022 0.322663 0.285427 -1.47897 0.857433 -1.84164 1.3269 -0.467608 0.510165 1.61097 0.187541 -0.306749 0.396955 -0.336605 0.707439 1.18771 -0.288423 0.416093 2.98159 1.36331 -1.89247 0.817247 0.636318 -0.531678 0.585946 0.371475 -1.0633 0.039005 -0.62154 2.95351 -0.590265 1.62923 -2.89158 -1.65003 -1.48373 -3.46685 
0.260926 -1.21279 -0.740255 0.482725 0.724932 0.907426 -0.410159 0.953514 0.78333 0.641515 -1.82455 0.624726 1.00924 -0.0619457 -0.209283 0.480379 -1.19334 -0.141773 0.355887 0.0860249 -0.262994 1.66764 -0.827902 -2.17734 -0.767264 -1.51984 -0.325931 0.151719 0.539762 -0.431397 -0.922625 -0.967286 -0.41456 -0.535654 -2.97225 -1.74267 2.36335 -1.43874 0.021715 
0.18975 -1.46252 -0.574693 -0.372315 0.18089 0.641314 -1.39294 0.594439 -0.173995 0.498995 -2.64495 -0.257099 0.0911228 -0.13839 -0.15503 0.936717 -0.768002 -0.215185 0.220419 -0.702983 -0.119561 0.00934512 -0.379368 0.470882 -0.621493 0.658033 -0.213271 0.0111521 1.00338 0.97986 0.141982 0.34207 0.517283 0.830986 -0.821417 1.27752 3.95113 0.240487 1.17995 
0.122536 -1.36782 0.196462 -0.285277 0.509746 1.12785 -1.11314 0.833953 0.792675 0.262147 -1.35367 0.00323266 1.66727 -0.275216 -0.198131 1.48376 -0.213476 0.000209144 0.697957 0.603307 0.567992 0.846227 0.449618 1.77379 -0.526777 -0.339896 -0.145522 -0.419012 -0.00958215 0.497409 -0.927152 -0.327024 0.902963 0.0343026 -0.761296 1.68485 0.56183 -0.284826 -2.78472 
-0.0854664 -1.66065 0.909066 -0.585791 0.181099 1.33927 -0.789637 1.16243 0.672233 0.948614 -0.871153 -0.783876 -0.248773 -0.283913 -0.574042 0.927135 -0.270592 -1.14234 -0.106604 0.19998 -0.0852584 -0.751951 1.30548 1.03271 -0.906319 -2.12669 0.158323 0.363653 -0.917118 0.315869 -0.390645 -0.815428 -0.234295 -0.725957 -1.6528 -1.01549 -1.75575 1.42018 1.56129 
-0.161377 -1.94186 1.1236 -0.555869 -0.632591 1.02124 -0.913161 0.748694 0.0407247 1.56762 -0.320954 -0.903087 -0.459415 -0.116893 0.165522 0.56664 0.102393 -0.390436 -0.117471 0.369012 -0.157965 -0.806571 -0.565869 0.0180452 0.893405 1.22139 0.234008 1.05697 -0.709774 0.0481248 1.9247 0.317763 0.832675 0.0680152 1.32919 -1.74664 -1.79079 2.12503 3.38403 
-0.20236 -1.49513 1.47571 -0.483399 -0.209337 1.2218 -0.420624 1.00447 -0.134339 0.382745 -0.853108 0.109529 0.972621 -0.0499047 0.482929 0.217362 -0.222468 0.782358 0.211159 1.03265 -0.0172432 0.577235 -0.441164 -0.758083 1.21871 1.25734 0.101925 0.121014 -0.510318 -0.371815 1.02681 0.306653 0.216077 -0.112726 2.39327 1.69316 0.439365 -2.44075 -2.09909 
-0.211281 -1.45893 1.34096 -0.778337 0.149767 1.2324 0.119494 0.731451 0.617959 1.12646 -1.07904 0.315619 0.797927 -0.0149682 0.286536 0.0563225 -0.269423 0.636377 0.189181 0.58509 -0.270691 1.5867 1.12729 0.457411 -1.54735 -0.87769 -0.0148761 -0.620199 -0.237623 -0.0361827 -0.465765 0.390865 -1.31144 -0.422277 -1.08399 -0.838456 0.155847 -3.29186 -0.801144 
-0.217328 -1.20859 1.53203 -0.752821 0.42704 1.41098 0.164466 0.733776 1.45236 1.51004 -0.395698 -1.43782 0.0949309 -0.0647809 -0.13727 -0.0202618 -0.25865 0.316594 0.602024 -0.278788 -0.43952 -0.50676 -1.27962 -0.602236 -2.07316 0.456197 -0.150193 -0.691795 -0.719625 -0.457795 -1.50721 -0.189659 -0.705026 0.422048 -3.20518 -2.22902 -0.943182 3.25027 0.147351 
-0.276062 -1.5962 1.3207 -1.03699 0.466361 1.83442 -0.159295 0.291931 0.111199 -0.153159 -1.68127 -1.75754 1.25412 -0.165162 -0.405259 -0.663302 -0.727217 -0.870832 -0.000477797 -0.119937 0.151357 -1.61849 -1.10173 -0.485772 1.70293 -0.730339 0.0190209 0.860815 -0.351803 0.116941 0.0499553 -0.759961 -1.00414 1.10018 -0.339852 1.99334 1.07559 3.72614 -2.06474 
-0.382489 -1.61385 0.868727 -1.48004 -0.443791 1.4105 0.0445288 0.885134 -0.166127 0.408309 -0.88147 0.26511 -0.635408 -0.04576 0.723545 -0.372065 -0.141709 0.366549 -0.157938 -1.28293 0.660659 -0.846612 0.713722 0.473356 1.65299 -1.60854 0.0648322 0.979193 0.632658 1.34394 1.86838 -0.0867056 -0.669008 0.40475 0.207319 1.07802 0.254743 -1.66146 1.65896 
-0.321822 -0.872654 0.948632 -1.1787 0.83291 1.67649 -1.44222 0.95259 -0.735413 0.560563 -1.20792 -0.104553 -0.354416 -0.100329 0.573933 -0.0306442 0.616721 0.997544 -0.0871834 -0.788945 0.556107 -1.41117 -0.0237087 -0.231029 0.0414699 0.928621 -0.163826 -0.789149 0.303576 0.379248 -1.22198 -0.548843 2.58749 -0.554823 0.798556 -0.726162 -0.146447 -1.15498 2.45053 
-0.482819 -1.03992 0.838082 -0.863317 0.553753 1.32332 -0.744416 1.44124 -1.57729 0.3846 -1.1125 0.30658 0.293213 -0.209586 -0.0656037 -0.0684886 0.237539 -0.855436 -0.706781 1.30456 0.105837 -0.0480559 -0.0124392 0.326909 0.498008 0.841986 -0.011593 -0.33696 0.143393 -0.80796 -1.42012 -0.464134 1.1002 -1.06322 1.7722 0.371978 -0.133592 0.167127 0.0506835 
-0.531408 -0.938257 0.880144 -0.941158 -0.0225255 0.969705 -0.137661 1.05843 -0.783469 0.548124 -0.881009 0.393456 0.48757 -0.111922 0.236973 0.112749 -0.191239 -0.422572 -0.551317 0.311252 -0.507111 0.36103 0.348269 -0.364622 0.208597 0.979304 0.060929 0.438803 0.00693962 -0.225094 1.43769 0.733376 -1.39065 0.0739741 0.79937 0.58423 -0.157962 -1.34566 -1.59606 