0 0 0 0 0 0 0 0 0 0 0 0 0 0 0 0 0 0 0 0 0 0 0 0 0 0 0 0 0 0 0 0 0 0 0 0 0 0 0 
0 0 0 0 0 0 0 0 0 0 0 0 0 0 0 0 0 0 0 0 0 0 0 0 0 0 0 0 0 0 0 0 0 0 0 0 0 0 0 
0 0 0 0 0 0 0 0 0 0 0 0 0 0 0 0 0 0 0 0 0 0 0 0 0 0 0 0 0 0 0 0 0 0 0 0 0 0 0 
0 0 0 0 0 0 0 0 0 0 0 0 0 0 0 0 0 0 0 0 0 0 0 0 0 0 0 0 0 0 0 0 0 0 0 0 0 0 0 
0 0 0 0 0 0 0 0 0 0 0 0 0 0 0 0 0 0 0 0 0 0 0 0 0 0 0 0 0 0 0 0 0 0 0 0 0 0 0 
0 0 0 0 0 0 0 0 0 0 0 0 0 0 0 0 0 0 0 0 0 0 0 0 0 0 0 0 0 0 0 0 0 0 0 0 0 0 0 
0 0 0 0 0 0 0 0 0 0 0 0 0 0 0 0 0 0 0 0 0 0 0 0 0 0 0 0 0 0 0 0 0 0 0 0 0 0 0 
0 0 0 0 0 0 0 0 0 0 0 0 0 0 0 0 0 0 0 0 0 0 0 0 0 0 0 0 0 0 0 0 0 0 0 0 0 0 0 
0 0 0 0 0 0 0 0 0 0 0 0 0 0 0 0 0 0 0 0 0 0 0 0 0 0 0 0 0 0 0 0 0 0 0 0 0 0 0 
0 0 0 0 0 0 0 0 0 0 0 0 0 0 0 0 0 0 0 0 0 0 0 0 0 0 -1.38106 -0.63431 0.923318 -0.628295 0.137572 0.804966 -0.332811 0.152683 0.377086 0.146896 -1.70359 -1.69797 -0.328179 
0 0 0 0 0 0 0 0 0 0 0 0 0 -1.38106 -0.63431 0.923318 -0.628295 0.137572 0.804966 -0.332811 0.152683 0.377086 0.146896 -1.70359 -1.69797 -0.328179 -0.294243 -0.620208 0.932866 -0.331785 0.391268 1.50404 1.04688 1.22567 0.776375 0.0601301 -0.164101 0.994157 -0.0540255 
-1.38106 -0.63431 0.923318 -0.628295 0.137572 0.804966 -0.332811 0.152683 0.377086 0.146896 -1.70359 -1.69797 -0.328179 -0.294243 -0.620208 0.932866 -0.331785 0.391268 1.50404 1.04688 1.22567 0.776375 0.0601301 -0.164101 0.994157 -0.0540255 2.49173 0.524102 -1.17475 0.719029 -0.444278 -0.283268 1.61013 0.556708 0.502216 -0.505676 1.79381 2.84717 -0.548221 
-0.294243 -0.620208 0.932866 -0.331785 0.391268 1.50404 1.04688 1.22567 0.776375 0.0601301 -0.164101 0.994157 -0.0540255 1.11067 -0.110208 -0.251432 0.0907332 -0.306706 0.521698 1.27731 0.70939 0.879302 -0.358779 0.0902229 1.1492 -0.8764 0.305578 0.681212 -1.06181 0.430704 -0.771217 -1.70034 -0.984005 -1.71558 0.0322795 -0.0957003 -0.40678 -1.58963 -0.815829 
-0.270388 -0.744518 0.671886 -0.537562 -0.169134 1.32666 0.944503 0.862073 1.25639 -0.211883 -1.61337 -0.548768 -1.20458 0.011335 0.0610045 -0.128949 0.098919 -0.379949 -0.196309 0.0628756 -0.489912 0.808655 -0.0355703 -0.570881 -0.595473 -0.869855 -1.16689 -0.0021766 0.148368 0.0107592 0.523011 -0.352127 -1.52317 -0.529434 -0.45886 0.29965 0.283188 -1.42508 -0.268775 
-0.282908 -0.559203 0.803917 -0.232866 0.0113192 1.30773 1.10976 0.735755 1.58503 0.0245598 -0.734982 0.398684 -0.92388 -0.0562211 -0.112385 -0.103064 0.101492 0.216305 0.169571 -0.245857 0.179956 0.420443 -0.0591297 0.373411 -0.275882 -1.14518 -0.0472358 -0.45043 -0.136753 -0.1278 1.03012 0.165763 -0.25852 1.32753 -0.97358 -0.059548 0.0207526 0.519684 0.502676 
-0.326609 -0.856903 0.568822 -0.43607 0.0471712 1.49623 0.698645 1.04203 1.67683 -0.271013 -1.23996 -0.82465 -2.34975 -0.0359008 -0.389425 -0.265702 -0.0288811 0.650174 -0.030546 -0.195644 0.837615 -0.164925 -0.0951183 -0.550129 -0.0757889 -0.367179 0.309714 -0.439106 0.229708 -0.0674711 -0.481758 -0.182081 0.203855 -0.51244 -1.29402 0.0516733 0.806869 2.82589 2.83449 
-0.318809 -0.948629 0.538216 -0.261747 0.661493 1.27718 0.914112 1.57337 1.42011 -0.0705585 -1.28511 0.322895 -1.29106 0.253492 -0.551491 0.126644 0.0340213 -0.265453 -0.0125097 -0.0420026 -0.332483 -0.873581 -0.00745637 1.18028 2.55001 1.68931 0.461073 -0.610755 0.915749 0.190418 -1.48696 0.486472 1.28322 -1.62395 0.034506 0.016108 1.37192 1.19097 0.403854 
-0.0731163 -1.40839 0.695466 -0.402049 -0.218282 1.48372 0.656643 0.709546 0.80325 -0.278469 -0.0596767 1.72536 -0.660441 0.425172 -1.00018 0.650047 0.161537 -0.83679 0.455926 1.08757 -0.78634 -0.130419 -0.0790103 0.82179 1.11518 0.0366748 -0.0988157 -0.092276 0.49319 0.393752 0.0663588 -0.167457 0.989932 0.30984 0.718592 1.10877 -2.20339 -5.00124 -1.93073 
0.106363 -1.94881 1.18826 -0.10021 -0.175296 1.73311 2.00169 0.78703 1.28969 -0.149569 -0.46332 1.43807 -1.25438 0.154677 -0.643767 0.619834 0.427773 -0.199094 -0.179966 0.94793 -0.0226434 -0.154988 1.10132 -1.02311 -2.45123 -0.241412 -0.456053 1.12524 -0.660483 0.0806438 1.04717 -1.6866 -0.850405 0.49963 -1.94917 0.489103 -0.661742 -5.08522 1.01241 
0.0815605 -2.05216 1.3153 0.0257244 -0.417376 1.30376 1.60457 0.686903 0.648262 0.822848 -1.08279 -0.725876 -0.901853 -0.0308813 0.125064 -0.0104359 0.242181 0.210378 -1.23068 0.237169 -0.28671 -2.07959 0.410093 0.160049 -3.97004 1.04908 -0.107015 1.2926 -0.99796 -0.672585 1.65871 -0.607616 -2.10487 -0.832881 -2.18285 -1.79114 2.09307 0.979785 -0.752826 
0.0754817 -1.82374 1.17783 0.141971 0.0350813 0.502432 2.23885 0.50032 -0.7899 0.260524 -0.303272 -2.53197 -0.205302 0.0476618 0.648837 -0.378126 -0.244812 1.45961 -0.787582 -1.15694 -0.855525 -2.33784 -0.689821 1.06996 -1.47145 -0.994238 0.307178 1.27598 -1.08189 -1.26783 0.599724 0.915983 -2.95759 -1.06885 2.06535 0.9358 0.310374 5.79665 -3.33759 
0.129222 -1.40332 0.937175 -0.219088 1.04224 0.516176 0.447632 -0.168622 -1.68957 0.133026 -0.0128259 -2.19732 -1.89609 0.276297 1.40104 -1.09232 -1.02565 0.810102 -0.314692 -2.72042 -1.35556 -0.0142347 1.34589 0.470422 1.82661 -2.28851 0.681553 1.45276 -1.2922 -0.581348 -1.05898 0.360721 -1.52469 -0.184753 3.20156 1.67675 1.17017 3.95854 0.838718 
0.351778 -0.422702 0.0855057 -0.883674 0.845183 0.187739 -0.481568 -0.85524 -0.804135 1.60642 0.167151 -0.70536 -2.49381 0.729214 2.10159 -1.67032 -0.82616 0.40063 -0.426862 -2.68163 -1.04028 0.863724 0.986924 2.24013 2.48709 -0.15552 0.527621 0.381316 -0.231345 0.573291 -0.246804 -0.114957 0.968734 1.11854 -0.401013 -2.24634 0.767464 -2.44765 3.71691 
0.858437 0.698268 -0.733149 -1.04525 1.44287 0.0893139 -2.23399 -1.2089 -0.825851 1.11995 2.22731 0.289771 -2.05161 0.803918 1.78236 -1.32367 -0.452354 0.563298 -0.42965 -1.75169 -0.237023 -0.415248 -0.90045 1.23789 -0.621039 1.4284 -0.374464 -0.739526 1.24085 0.559784 -0.192108 0.251852 2.95015 0.596139 -1.09887 -1.16214 -3.63587 -4.31314 1.63409 
1.1557 1.35966 -1.23816 -1.33603 1.40848 -0.241911 -2.23326 -1.09226 -1.21938 0.705967 1.40504 -1.3264 -1.06541 0.354751 1.36207 -0.429471 -0.266377 0.208523 -0.17501 0.26852 -0.444139 -0.235149 -0.17522 -1.39573 -1.82605 1.47857 -0.804652 -0.564773 1.14674 0.472979 -0.823392 0.754209 1.91974 -0.760952 0.666875 1.07459 -1.35423 0.817443 0.331688 
1.21319 2.06033 -1.16262 -1.31162 1.65139 -0.085696 -1.96547 -1.65304 -1.061 0.944731 0.831575 -1.53628 -0.573038 -0.000734508 1.21759 -0.176929 0.020625 -0.260094 0.324559 0.168055 -0.997976 0.251628 0.174143 -0.116344 0.196404 1.76009 -0.243084 -1.54632 0.561038 0.0606672 -0.560146 -0.0174357 -0.421147 0.070259 0.271086 0.250822 1.8238 2.92443 0.132577 
1.15496 2.57724 -1.41509 -1.3154 1.14839 0.0826488 -2.0652 -2.09024 -0.967755 0.88011 1.28869 -1.12999 0.69468 0.111667 -0.184254 0.131567 -0.205709 -0.351623 -0.192446 -0.152628 -0.37388 0.0359363 0.0756027 0.428072 1.09838 1.61115 0.182712 -1.36207 0.342398 0.271655 0.52996 -0.692976 0.474825 1.39769 -0.277842 0.338964 0.47194 -0.0210865 -0.89574 
1.32485 1.87608 -1.03105 -1.51733 1.29977 -0.278141 -2.1181 -2.02692 -1.02506 1.02033 1.25965 -0.437895 1.03811 0.181978 -0.144483 0.165469 0.29228 0.269866 -0.368417 0.642879 0.399717 -0.0262144 0.513107 0.355596 0.175318 0.864349 0.0413726 0.318663 -0.441823 0.540242 0.134345 -0.147104 1.03419 0.62425 -0.844113 0.13136 -0.698734 -1.94227 -1.09621 
1.33694 2.43276 -1.24962 -1.02312 1.41825 -0.285768 -1.42232 -1.69052 -0.993969 1.39322 1.64429 -0.954677 1.55903 0.15304 0.13441 -0.310256 0.334533 -0.217278 -0.339549 0.881565 0.25037 -0.808177 0.206963 -0.270662 -0.843887 0.51494 -0.000768072 -0.345394 -0.405743 -0.254371 -0.923358 -0.0388945 -0.233726 -0.660971 -0.625546 -0.315891 -0.696963 -0.156756 -0.625628 
1.47789 2.01049 -1.34131 -1.1828 1.08249 -0.617691 -1.23654 -1.77655 -1.83324 1.2273 0.988985 -1.28178 1.55305 0.18121 -0.489877 -0.240274 0.0379084 -0.653493 -0.407312 0.409153 -0.261254 -0.651761 0.197216 -0.341367 0.0185622 0.238721 -0.131137 0.217495 -0.0355666 0.337689 -0.261264 0.3372 -0.480028 -0.177329 1.56143 0.108943 1.31138 1.12266 -0.645025 
1.51815 1.94288 -1.48989 -0.985214 0.76476 -0.69308 -1.01317 -1.95178 -1.64573 1.59043 1.30292 -0.936115 1.79775 0.0219029 0.351905 -0.345823 0.672222 -0.478542 -0.00234959 0.401538 0.073041 0.753252 0.315906 1.04072 0.278774 -0.130084 -0.104226 0.453859 0.0680005 0.254565 0.422978 0.203776 -0.389202 0.277172 1.01114 -0.069461 0.578562 0.0662715 -1.0535 
1.4998 2.3624 -1.68713 -0.510579 0.603947 -0.62004 -0.834998 -1.70351 -1.07999 1.5432 2.02971 -1.00301 1.42297 0.0769835 -0.0360182 -0.172274 0.292474 -0.230515 -0.203536 0.0199513 0.0159178 0.359375 0.127755 0.237195 0.0848337 -0.81478 0.126802 -0.966373 0.137261 -0.709442 0.384843 -0.501313 -0.674155 0.00184893 -0.424179 0.200844 -1.27146 -0.324066 -0.322865 
1.59513 1.90686 -1.66217 -0.692741 0.534245 -0.896616 -0.993217 -1.93586 -1.28636 1.71819 1.54012 -0.851281 0.982971 0.148705 -0.614468 -0.208561 -0.0372201 -0.0936987 -0.503662 -0.272618 0.0748899 0.329073 0.51675 -0.230734 -0.0452922 -0.452949 0.0510763 -0.30436 0.207225 0.212756 0.419481 -0.275096 0.0820306 0.538024 0.56388 0.51233 -0.643618 -0.484566 0.635673 
1.6485 1.74793 -1.89569 -0.547799 0.510248 -1.1237 -1.10762 -1.62862 -0.750916 2.05995 1.79897 -1.0483 0.970019 0.12806 -0.340379 0.0349508 0.50523 0.188966 -0.478632 0.101982 0.553942 0.923254 0.640085 -0.406424 -0.399732 -0.179107 -0.063939 0.236529 0.177165 0.597994 -0.356858 -0.0560236 0.585993 0.0578405 0.197714 -0.543993 -1.04968 0.205805 0.311311 
1.72319 1.56648 -1.62722 -0.18751 0.723211 -1.37525 -0.891235 -1.38192 -0.363101 2.35827 1.13369 -1.25101 0.803864 0.0847659 -0.37794 -0.0313969 0.560774 -0.450556 -0.559686 0.313375 0.13273 0.526787 -0.0272432 -1.28041 0.160513 -0.141638 -0.0874553 0.00119961 -0.52112 0.0715378 -1.25181 0.259127 -0.0358957 -0.724965 -0.12794 -0.937666 0.0985641 1.55285 0.153527 
1.73327 1.36999 -1.92709 0.0129748 0.0596922 -1.68339 -0.794241 -1.49589 -0.224128 2.03271 0.51856 -0.887786 0.82838 0.0406045 -0.339179 -0.486169 0.576768 -1.06285 -0.219505 0.0660862 -0.171023 0.795314 -0.297582 -0.30786 1.15312 -0.0255793 -0.0128317 0.186909 -0.268719 0.571657 -0.513238 0.980865 -0.857788 -0.230214 1.34408 -0.801845 1.498 0.841361 -0.235177 
1.7638 1.22731 -2.11339 0.389258 -0.339634 -1.59475 -0.825149 -1.55294 0.432213 2.06069 0.825833 -0.0978956 0.778285 0.0719342 -0.191031 -0.300116 1.13243 -0.963794 0.421179 -0.544413 -0.0974837 1.87086 -0.829089 0.217589 1.00187 -0.376816 0.0532384 -0.278289 0.709012 0.178174 0.320187 0.405974 -0.887996 0.319573 0.654671 -0.942483 -0.349381 0.0684004 0.0472286 
1.8052 1.17896 -2.22721 1.14541 -0.904102 -1.26221 -1.33865 -1.59337 1.64674 1.20362 0.736149 0.114088 0.451565 0.0938429 -0.617468 0.222843 0.754942 -0.742659 0.186469 -0.82191 0.14855 1.44999 -1.24006 -0.657241 1.22152 0.0216492 -0.0500045 -0.819492 0.790827 -1.08666 0.615468 -0.771179 0.448588 0.316241 -2.20948 0.0810723 0.152951 0.997382 1.03441 
1.85764 0.609838 -1.89054 1.1442 -1.08229 -1.40828 -1.64706 -1.40439 1.8822 0.820625 0.168592 1.12362 0.799934 0.0219296 -1.01052 0.490711 0.0457729 -0.348326 -0.35 -0.0958246 0.218757 -0.338615 -0.748016 0.37054 1.99926 0.657591 -0.153916 0.411114 -0.234849 -0.142804 0.213091 -0.0806391 0.892703 0.146999 -2.35454 0.68722 2.17156 -0.665356 -0.350235 
1.82713 0.168434 -1.7365 1.19118 -1.25243 -1.61221 -1.43448 -1.37461 1.30812 0.455604 1.10669 2.11335 1.10916 -0.0600732 -0.206354 -0.0120058 0.612138 -0.529568 0.10583 0.0707932 0.295548 -0.904558 -0.552845 1.51432 0.556162 -0.328586 -0.00843641 0.953887 -0.549799 0.492272 -0.587603 0.938454 -0.184195 0.893988 -0.206468 0.128251 0.413165 -3.00136 -0.262535 
1.79757 0.403483 -1.90255 1.75634 -1.61186 -1.30245 -1.57627 -1.10884 0.97764 0.267781 1.68291 1.67978 0.471348 0.0134932 -0.056636 -0.0590874 0.538045 -0.935929 0.588454 -0.28002 1.11274 -0.545083 -0.619766 0.783705 -1.0021 0.395057 0.0942265 -0.736761 0.585827 -1.14356 0.496293 -0.471764 0.597207 0.478996 0.430469 -0.0489728 -2.29079 -0.0193093 0.921778 
1.84063 0.111798 -1.79558 1.72922 -2.18836 -1.02376 -1.7145 -0.261869 0.763038 -0.164162 1.89039 1.11124 1.50421 0.0341533 -0.943116 0.573821 -0.531424 -0.033275 -0.365934 0.668 0.774545 -0.47409 -0.601818 -0.776469 0.536853 0.593192 -0.0560767 -0.566881 0.809115 -0.568089 1.67535 -0.961485 0.897415 -0.762774 0.742144 0.641999 -1.72264 -0.189615 -0.834349 
1.83172 -0.539633 -1.32873 1.22491 -1.64514 -1.66839 -0.908266 -0.334298 0.503551 -0.334037 0.906444 2.21664 1.06454 -0.0425835 -0.623517 0.750028 -0.0300448 0.739423 -0.373031 0.617395 0.34997 0.197061 0.0222334 -0.938936 -1.19172 -0.439292 -0.148421 0.834012 -0.136285 1.12499 -0.129574 0.692806 -0.846825 -0.872739 -0.764551 -0.327381 -0.318767 -4.08927 -0.620365 
1.79804 -0.51172 -1.04556 1.69918 -1.44893 -1.39679 -1.0971 0.0881012 0.960098 -0.141928 0.951459 -0.0804706 1.06492 -0.114268 -0.109104 0.437536 0.593568 -0.162849 0.326872 -0.178825 -0.0981948 -1.23864 -0.929199 -1.09524 -3.55241 -0.0271724 -0.15066 0.839272 -0.837267 0.564871 -1.71703 0.695815 -0.351851 -0.541905 -1.75513 -1.1937 0.29438 0.718202 1.03936 
1.71745 -0.648736 -0.891193 1.81848 -1.80799 -1.34152 -1.08709 -0.432493 -0.73509 -1.26324 -0.188791 -1.33578 1.03737 -0.193244 0.215755 -0.0872385 0.534826 -0.977608 0.322784 0.265545 -0.191935 -1.55807 -1.17147 -0.644556 -0.473513 0.600072 0.0558587 0.158268 -0.376988 -0.503779 0.0161759 -0.211484 0.663998 0.490107 1.40503 0.916254 0.967315 4.20657 0.430079 
1.6048 -0.295965 -1.13279 2.234 -2.42654 -1.074 -0.831558 -0.103834 -0.597972 -1.31339 0.306903 -0.553984 1.66499 -0.058409 0.0491647 0.0605477 0.0897887 -0.146673 0.115388 0.485173 0.391912 0.166388 -0.012945 -0.127921 0.654154 0.402906 0.113941 -0.379362 0.340097 -0.753776 1.66785 -0.726968 0.126626 -0.371248 0.716052 1.18919 -0.476574 0.846097 -1.56761 
1.65904 -0.599571 -0.830645 1.90827 -1.95466 -1.22613 -0.601918 -0.0405803 -0.568701 -1.27618 -0.316712 -0.681622 1.44027 -0.0793027 -0.163607 0.252859 -0.21895 0.690241 -0.404184 0.392171 -0.563182 -0.842018 0.0177223 -1.12113 0.372584 -0.967538 -0.12632 0.285615 0.0377905 0.332445 -0.105044 0.198215 -0.956615 -0.551044 -1.27431 -0.596404 1.03593 -0.0511716 0.038645 
1.5255 -0.459571 -0.879935 2.01505 -1.7363 -1.47819 -0.439387 -0.667016 -1.43999 -1.29567 -0.814227 -0.1814 0.697454 -0.184729 0.33478 0.0983382 0.422234 -0.251717 0.313602 -0.471442 -0.159132 -1.10792 -0.609349 0.908007 0.602982 0.441551 -0.0679129 0.552905 -0.0289103 0.546997 -1.21485 0.709926 -0.250088 1.14659 0.194917 -1.41019 1.17897 -0.928229 0.996177 
1.47431 -0.264792 -0.732307 2.3305 -2.20637 -0.912527 -1.07336 -0.199712 -1.67662 -1.88553 0.591295 -0.0786398 1.88183 -0.147216 0.389299 0.223948 0.328047 -0.524613 0.305742 0.142083 0.583406 -0.647101 -1.39247 0.0578352 -0.555645 0.0286388 0.0375563 0.0337955 0.183821 -0.703657 0.882658 -1.18821 1.61306 -0.142423 1.96786 1.09443 -2.48868 -0.619351 -3.3613 
1.37828 -0.0702726 -0.655987 2.3431 -2.26091 -1.17245 -0.297303 -0.0836103 -2.08709 -2.68814 -0.756392 -0.737045 0.726093 -0.147173 0.368575 0.282159 -0.281423 0.630941 -0.874606 1.14162 -0.301555 0.859946 0.485085 -1.58067 -0.0163683 -2.91975 -0.0222467 0.133986 -0.284048 -0.672816 0.454686 -0.648653 0.816665 -0.656029 1.67817 2.41735 -0.653276 2.73002 -1.23435 
1.32714 0.103783 -0.450148 2.04908 -1.57543 -1.78713 0.0682594 -0.501267 -0.816673 -1.40044 -0.989379 -0.0950081 -1.03792 -0.169462 0.523285 -0.0601002 -0.344769 -0.0699273 -0.342911 0.958748 -0.0726229 1.03107 1.02487 -0.595441 2.17438 -1.20571 -0.127903 -0.267018 0.0250733 0.0517393 0.0201875 1.18954 -0.836312 0.565061 -0.915918 -0.424159 2.50616 2.17279 3.39262 
1.20882 0.453013 -0.716087 1.99833 -2.33084 -1.51536 0.661445 -0.156233 -1.05602 -1.66327 -1.35183 1.43733 -0.479622 -0.275075 0.101557 0.307232 -0.229684 0.651129 0.314937 0.305307 0.263506 -0.0559723 0.0609259 0.925486 2.15642 0.472874 -0.183973 -0.614559 0.464677 -0.176564 1.15246 0.532613 -1.60256 -0.521696 -1.66031 -0.536022 1.50868 -2.51636 0.485991 
1.05207 0.205341 -0.142915 1.8194 -0.924305 -1.4722 0.373567 -0.237761 -0.872645 -1.33952 -0.0638935 2.06142 -0.565049 -0.353435 -0.0912743 0.404577 -0.521333 1.08253 0.189702 -0.643809 -0.594319 -0.629244 0.488852 0.913238 -0.341984 -0.719724 -0.106255 0.0784759 0.129298 -0.375013 -0.480652 -0.175499 -0.968629 0.225352 -0.301535 0.172317 -0.0190435 -4.14797 -1.38675 
0.855382 0.361738 -0.31151 1.477 -1.24831 -1.32566 0.017636 -0.750552 -1.68527 -1.17442 -0.438595 1.09535 -1.19935 -0.381331 0.180033 0.436531 -0.604697 0.170477 0.139438 -0.663322 0.488858 -0.357507 0.233243 0.906442 -1.99154 -0.91388 -0.113863 0.255811 0.0867913 -0.0428316 -0.16265 0.0759999 0.197196 1.81121 0.281217 -0.659814 0.322632 -1.51601 0.496462 
0.670735 0.385374 0.293615 1.2147 -0.753828 -1.33276 -0.289755 0.251098 -1.23015 -1.10628 0.842549 0.0698732 -1.47893 -0.467299 0.164537 0.491368 -0.564165 0.919881 0.265702 -0.446613 1.21689 -0.348027 -0.170962 1.23587 -1.85799 -0.223263 -0.0611147 -0.346592 -0.265446 0.107486 0.301893 0.374937 0.657057 -0.107868 -0.241193 -0.574859 -0.231864 2.03085 1.08096 
0.388083 0.526275 0.179857 0.912833 -0.328431 -1.05995 -0.428977 0.46634 -2.03329 -1.34538 0.797275 -0.76264 -1.42261 -0.442445 -0.166558 0.171085 -0.497211 0.47237 0.514375 -0.00626505 0.38099 -0.598701 -0.341616 0.674578 0.0393049 0.167082 0.0668135 -0.422867 0.0403893 -0.0154545 -0.2185 1.00887 0.823669 -1.2227 1.14144 -0.0225537 0.108715 3.6176 1.08694 
0.22829 0.218816 0.4647 0.717489 -0.281459 -0.818383 -0.29602 0.632088 -1.82885 -1.44789 1.51713 0.109178 -1.31185 -0.400485 -0.258331 0.531757 -0.579619 0.70138 1.27457 0.377055 -0.00581182 0.793415 -0.193516 1.34458 1.75961 0.863676 0.088894 0.186164 0.170125 -0.143723 0.353891 0.576865 0.481739 -0.524388 1.71437 0.890298 -1.12996 -0.381536 -0.265963 
-0.0124017 0.267944 0.711614 0.333213 0.372949 0.214616 -0.0519218 0.460528 -1.23988 -1.5389 2.14186 0.996966 -0.558932 -0.353551 0.0196057 0.341209 -0.640934 0.82626 1.09124 0.475474 -0.143398 1.11567 0.548682 -0.455383 -0.342232 -0.0988812 0.26919 0.188165 -0.379072 0.179059 -0.319386 -0.883057 -0.0483863 0.296829 0.121799 0.973719 -3.63228 -1.05618 -1.24571 
-0.125261 0.238421 0.805909 0.076555 0.544802 0.272856 0.179453 0.48869 -0.713182 -0.89921 1.06174 -0.233053 -1.41073 -0.131295 -0.0701652 0.152685 -0.400561 0.381995 0.391514 0.328669 0.291017 0.915214 0.780203 -2.28769 0.703424 -0.38203 0.297735 -0.280254 -0.269922 0.684391 -0.774044 -0.827711 -0.29554 0.86895 -0.210575 -0.307985 -0.328726 2.11598 1.64504 
-0.143697 0.197779 0.8643 -0.0673475 0.754944 0.606131 0.276747 0.751544 -0.324663 -0.758694 -0.145832 1.70039 -0.940963 -0.0558167 -0.260648 0.0712873 0.0434567 0.0522167 0.263528 0.179933 0.725552 0.905096 0.240697 -0.784109 1.77375 1.54616 -0.0501608 -0.644969 -0.186533 0.117853 -0.189177 -0.22036 -0.474838 -0.0232103 0.275795 0.0284938 2.74427 -1.13922 1.49834 
-0.181078 -0.0222266 0.877196 0.120012 0.597018 0.536384 0.359386 1.21424 0.191914 -0.658513 0.277635 1.54069 0.135435 -0.181456 -0.715134 -0.033848 -0.282708 0.192818 0.171154 -0.146169 0.267806 1.19101 0.808696 0.456574 -0.435797 1.11631 -0.11512 0.0286544 -0.0664376 -0.545097 0.281228 -0.1592 0.0255351 -0.654579 -0.0323557 0.638737 -0.48456 -4.13161 -1.12584 
-0.325153 -0.517355 0.830452 -0.350056 0.947761 0.777284 0.130578 1.01935 0.866346 0.0500021 0.310741 1.26459 0.175346 -0.170937 -0.231994 0.00484974 -0.50164 0.333445 0.104328 0.205468 0.0709729 0.872741 0.879434 -1.26867 -2.35786 0.420327 0.13963 0.980368 -0.0219905 0.270027 -0.230715 0.053672 0.565288 -0.426571 -1.2853 -0.14391 -0.140316 -0.964254 -0.676817 
-0.352015 -0.25422 0.882046 -0.381628 0.930463 0.640713 0.564855 1.28522 1.06465 0.220921 -0.991034 -0.81717 0.555763 -0.0418257 0.265234 -0.0558385 -0.0126807 -0.0378973 0.224826 0.419119 -0.158765 -0.094288 0.664787 0.316257 -1.40005 0.439491 0.13435 0.12783 -0.156005 0.386842 -0.159133 0.16098 -0.290607 -0.381796 -0.912043 -0.694076 1.74522 2.37785 -1.92371 
-0.366978 -0.252122 0.774613 -0.362736 0.909864 1.00211 0.549697 0.860586 0.772058 0.714789 0.626999 -0.135458 0.614837 -0.0365867 -0.104164 -0.151155 -0.114798 0.174312 0.265308 -0.0851388 -0.310823 -0.0393026 0.185358 0.476547 0.0199919 -1.50338 -0.00326976 -0.418922 -0.165779 0.0102152 -0.279601 -0.437354 -0.504625 0.353739 -0.0971112 -1.72893 -2.27944 1.74265 -0.947489 
-0.388602 -0.358384 0.730891 -0.496426 1.10477 0.906021 0.479716 0.974392 1.02535 0.406279 -0.514486 -0.797178 -0.947621 -0.0450955 -0.153689 -0.221617 -0.00246549 -0.317498 -0.212528 -0.0855064 0.194974 -0.191399 -1.06414 -1.96319 0.342602 -0.507998 0.0661821 0.162431 0.272729 0.471108 -0.731809 -0.19982 0.725419 0.656849 -0.0070737 -0.815017 -1.1371 0.23582 2.32297 
-0.412074 -0.40581 0.552996 -0.365202 0.592365 0.789582 0.464191 1.05556 0.580659 -0.349352 -1.33619 0.207144 0.106839 0.0295954 0.0582671 0.121574 0.35631 -0.557497 0.0654888 0.640281 0.346026 -0.0463763 -0.629659 -0.660552 0.255812 0.819583 0.0625599 -0.130591 0.178354 -0.181471 -0.129684 0.328827 0.260537 0.0342238 -0.105522 1.86222 2.72326 -0.811157 -0.692453 
-0.359006 -0.300117 0.852465 -0.140116 0.547278 0.97151 1.12 1.32042 0.978976 -0.22338 -1.17504 -0.541366 -0.128038 0.0174644 -0.28428 -0.0432633 -0.183936 -0.447183 0.116299 0.175031 0.229198 -0.296921 0.798083 0.760078 -0.468555 -1.20045 -0.0583399 -0.0620556 -0.123692 -0.79785 0.13832 -0.0435503 -0.403663 -0.717464 -0.675901 1.133 1.70521 1.86922 -0.591241 
-0.394609 -0.69009 0.509733 -0.549138 0.145183 0.905881 0.639221 1.28476 0.283738 0.448731 -0.576109 -0.26141 -1.09361 -0.0287445 -0.00378851 -0.00211834 -0.44154 -0.419177 0.0219386 0.236617 -0.371438 -0.722277 0.503343 1.04466 2.12504 0.228342 -0.0198328 0.445854 0.0901185 0.0317677 1.02566 0.153275 0.46891 -0.676899 0.804018 -0.65855 -0.959176 1.72698 2.08646 
-0.387751 -0.303905 0.850347 -0.581656 0.1281 0.993449 1.35661 0.94898 0.256699 0.279963 -0.130376 1.58367 0.100304 -0.00236841 0.161574 0.0468552 -0.152169 0.578475 0.269574 0.643941 -0.447701 0.507096 0.139533 -0.199098 1.25843 0.886006 0.0278469 -0.159322 -0.326764 0.310945 0.864811 0.142267 -0.501544 0.262447 0.822507 -0.765456 -2.53099 -2.86635 0.397706 
-0.396978 -0.528516 0.556588 -0.701307 0.723658 1.17545 1.28316 0.837057 0.790834 0.588264 -0.775207 0.997018 -0.207606 -0.000897605 -0.163111 -0.328883 -0.130594 0.445634 0.164206 -0.264926 -0.108991 0.10023 -0.262113 -1.48633 -0.741311 0.626049 -0.0305886 -0.199761 -0.230929 0.100733 -0.878122 -0.710917 -1.25555 0.499789 -0.256575 -0.69679 -0.150684 -1.32457 -0.878434 
-0.388648 -0.467016 0.521464 -0.71225 0.573734 1.15765 1.09169 0.83999 0.356929 0.0178503 -1.6167 0.842359 0.726353 -0.032957 -0.0381863 -0.184074 -0.0514354 -0.299646 -0.441343 -0.611613 0.0520875 0.250521 -0.557257 -0.349782 -0.0661418 0.00757246 -0.0914006 -0.139171 0.601331 0.305816 -0.862977 -0.604897 -0.106245 -0.0731559 -0.0122865 0.509457 3.11662 0.561254 -1.57018 
-0.429935 -0.566702 0.372514 -0.752742 0.424012 0.734111 0.671549 0.889144 1.04136 0.0310075 -1.12499 0.930877 -0.200033 -0.0922982 -0.302282 0.272448 0.175222 -0.417343 -0.440691 -0.371171 -0.182147 0.0879436 0.247344 1.6303 -0.180057 -0.944135 0.108854 -0.737042 0.57599 0.246866 0.108668 0.948182 0.422595 0.43142 -1.05452 1.70907 2.40443 -0.798121 -0.778103 
-0.480947 -0.769298 0.793912 -0.537028 0.156391 0.716963 0.720516 0.657843 0.444873 0.265194 0.0135914 0.662302 -0.217782 0.0758974 -0.775228 0.391917 0.19543 -0.190979 0.506839 -0.189018 0.483507 -0.803997 1.15181 2.05464 -0.864263 -0.77053 0.197827 0.167961 -0.522949 -0.31524 0.8179 0.839017 0.716368 0.981564 0.246307 -0.521704 -3.20634 -0.850039 1.72631 
-0.354037 -1.34193 0.764431 -0.557312 0.233033 1.24095 0.482531 1.37265 0.237358 1.18282 0.929655 0.0666134 -0.970564 0.105529 -0.134321 -0.250501 -0.140019 0.400558 0.398326 0.345197 0.799417 0.334251 -0.27436 -1.57605 -1.0301 0.782179 -0.0987642 1.35645 -0.80934 -0.322629 0.264856 -1.0898 -0.0214344 -1.16881 0.675282 -2.8545 -4.3136 0.878754 1.22679 