0 0 0 0 0 0 0 0 0 0 0 0 0 0 0 0 0 0 0 0 0 0 0 0 0 0 0 0 0 0 0 0 0 0 0 0 0 0 0 
0 0 0 0 0 0 0 0 0 0 0 0 0 0 0 0 0 0 0 0 0 0 0 0 0 0 0 0 0 0 0 0 0 0 0 0 0 0 0 
0 0 0 0 0 0 0 0 0 0 0 0 0 0 0 0 0 0 0 0 0 0 0 0 0 0 0 0 0 0 0 0 0 0 0 0 0 0 0 
0 0 0 0 0 0 0 0 0 0 0 0 0 0 0 0 0 0 0 0 0 0 0 0 0 0 0 0 0 0 0 0 0 0 0 0 0 0 0 
0 0 0 0 0 0 0 0 0 0 0 0 0 0 0 0 0 0 0 0 0 0 0 0 0 0 -1.33958 -0.43869 1.20609 -0.340803 -0.0545691 0.577119 1.47272 0.66289 0.457084 -1.01071 -0.561771 0.650266 0.94763 
0 0 0 0 0 0 0 0 0 0 0 0 0 -1.33958 -0.43869 1.20609 -0.340803 -0.0545691 0.577119 1.47272 0.66289 0.457084 -1.01071 -0.561771 0.650266 0.94763 -0.576593 -0.698142 0.839341 -0.386189 0.405561 1.59048 0.897633 1.06467 0.561636 0.434495 -0.0469126 0.646146 0.784633 
-1.33958 -0.43869 1.20609 -0.340803 -0.0545691 0.577119 1.47272 0.66289 0.457084 -1.01071 -0.561771 0.650266 0.94763 -0.576593 -0.698142 0.839341 -0.386189 0.405561 1.59048 0.897633 1.06467 0.561636 0.434495 -0.0469126 0.646146 0.784633 2.18946 -0.463944 -1.64155 0.800125 0.712094 1.00582 -2.91676 -0.212226 -0.882393 0.909141 1.24997 -0.505086 -2.05462 
-0.576593 -0.698142 0.839341 -0.386189 0.405561 1.59048 0.897633 1.06467 0.561636 0.434495 -0.0469126 0.646146 0.784633 0.849874 -0.902635 -0.435453 0.459322 0.657525 1.58294 -1.44404 0.450664 -0.425308 -0.101565 0.688197 0.14518 -1.10699 0.73056 -0.345347 -0.728601 1.09904 0.105428 -1.78045 -1.61041 -0.91807 -0.385345 -1.43622 -0.407706 -0.643246 -2.33535 
-0.489708 -1.34132 0.770642 0.118519 0.602956 2.16006 0.0286863 1.11355 0.0317759 -1.11227 0.126426 0.795446 -0.159365 0.153966 -1.04349 0.110741 0.712847 0.510989 -0.189974 -0.712779 0.146599 0.176291 -1.00173 -0.454619 0.00290002 -1.55072 -0.832183 0.0888378 0.619518 -1.17062 -0.476484 -1.70817 1.40956 -0.357754 0.48961 -0.597166 -0.9894 -1.39597 0.663696 
-0.422627 -1.74163 0.950082 0.326657 0.91655 1.4005 0.184854 1.21127 0.737926 -0.567234 -0.501532 0.649046 -0.766082 0.0176902 -0.813797 0.184066 -0.711301 0.181041 -0.125231 -0.0344783 0.0929098 0.0643013 -0.698732 -0.301203 -1.25079 -0.443299 -0.212783 0.732579 0.0300106 -1.89798 -0.452825 0.519341 1.65434 0.328817 -0.648715 1.12124 1.14353 -0.151561 2.77505 
-0.472018 -2.15512 0.954708 -0.592782 0.783997 2.03483 -0.00579205 1.20646 0.0960772 -1.811 -0.174777 -0.455346 -0.602663 -0.0588165 -0.31091 0.140751 -1.18513 0.0581638 0.329367 0.941561 0.475416 -0.472424 0.119513 0.688913 -0.148661 1.22434 0.0396525 1.1585 -0.031891 -0.18495 0.0551317 -0.801202 1.29624 0.493236 0.491202 3.1579 1.31008 3.58802 2.54399 
-0.481444 -2.05254 1.09083 -0.858475 0.974714 1.72987 1.12642 1.68668 0.265502 -0.447721 0.187382 0.500384 0.458254 0.0573427 0.344705 0.152175 -0.896251 0.236173 -0.926433 1.26176 0.586146 0.555503 2.45917 1.00887 2.33723 2.1007 0.105734 0.77591 -0.146192 0.410115 0.0476874 -1.08791 -1.22196 -0.840444 -0.358277 0.357517 -0.674358 0.687097 -1.62722 
-0.414675 -1.81042 1.10688 -1.48903 1.02017 1.1084 1.25597 1.79261 0.65158 0.648167 0.834097 1.88188 1.49803 0.0469175 0.465 -0.00544031 -0.775017 0.105851 -0.758547 -0.280399 -0.365027 -0.830701 0.47703 0.014555 0.538436 -0.402879 -0.129871 -0.0757106 -0.261706 1.6253 0.134158 0.711703 -2.50506 -1.62574 -2.40227 -3.59417 -2.17579 -3.01716 -2.62771 
-0.434526 -1.58754 1.08539 -1.63349 1.08057 0.971321 0.846016 1.32166 -0.565199 0.0293097 0.201937 1.03882 0.0553755 -0.0725282 0.268994 -0.109532 0.729053 0.370331 -0.214729 -1.24329 -1.0396 -1.84677 -1.135 -1.16691 -0.679928 -0.527016 -0.110402 -0.215208 -0.104389 2.15458 -0.139231 0.0926727 -0.871055 -0.123178 0.467035 -0.809423 0.017774 -0.439336 0.754654 
-0.487203 -1.54142 0.997351 -0.75998 1.3905 0.893668 0.0126761 0.753012 -1.19519 -0.48683 -0.332814 1.20196 0.971017 -0.0634847 0.249793 -0.109829 1.37957 -0.0333794 -0.665874 -1.15145 -0.488205 -0.363666 -0.332393 0.032329 0.0990998 0.351775 0.064225 -0.268502 -0.051261 -0.959176 -0.447827 0.273522 1.79531 1.59312 3.22371 1.41356 1.99059 1.08268 0.216447 
-0.498011 -1.33775 0.975563 -0.253925 1.04719 0.305447 -0.305439 0.833452 -0.928864 -0.303083 0.234266 1.13792 0.40715 -0.00830322 0.000491646 -0.160793 -0.230123 -0.0774963 0.0587922 0.552012 0.553521 1.37694 0.278566 0.823677 0.402757 -0.310568 0.168163 0.165503 0.057832 -2.64485 0.0739747 0.201532 2.64705 0.852708 1.54415 0.0606083 -0.0592594 0.187569 0.147389 
-0.495507 -1.54093 0.836558 -0.990103 1.313 0.952461 0.564688 1.30653 0.181752 -0.208264 0.490863 1.60471 0.660449 0.104679 0.415295 -0.0519975 -1.26528 0.0405953 -0.464342 1.49559 0.364502 1.18048 -0.271785 -0.0269304 0.286668 0.499164 0.0340911 -0.0469187 0.264455 -0.5992 -0.674297 -1.25204 -0.756448 -0.925336 -2.65462 -0.555604 -0.542396 -1.65857 -1.17223 
-0.393332 -0.922452 0.923566 -1.51921 1.08778 -0.158895 1.19015 1.19795 0.251615 -0.574868 0.207335 1.42459 0.906314 0.0257879 -0.0464271 0.103662 -0.829323 -0.751793 -1.19325 -0.204436 -0.371815 -1.27768 -0.277038 0.281282 -1.25581 -1.4828 -0.0222413 -1.11667 0.285436 1.84065 -0.525898 1.08051 -2.88331 -0.753325 -1.03036 -0.214938 -0.00212087 -2.57432 -1.95169 
-0.469719 -1.58736 0.94022 -1.81943 0.561212 -0.240792 0.360253 0.934718 -1.09593 -0.485303 0.772144 0.348903 -0.822346 0.0824372 -0.701376 0.233438 0.575365 -0.485302 0.616169 -1.38772 -0.388823 0.150123 -0.486723 -0.0290513 -2.28765 -1.45253 0.209237 0.0972567 0.161691 2.1615 1.1164 2.15721 0.177903 0.871575 4.05908 -0.069444 -1.40184 1.30678 1.74011 
-0.310895 -1.62383 1.157 -0.943844 0.602479 0.457274 -0.197563 0.809132 0.401738 -1.06159 0.178284 -0.863066 -0.546216 0.235025 0.0508296 0.265353 1.33218 0.364602 0.963957 -0.0265327 0.499761 2.78139 -0.346483 -1.12056 0.0509651 0.257316 -0.0386778 0.917284 -0.396374 0.00655586 0.673027 -0.37108 0.721385 0.220663 -0.125535 0.079865 -1.13137 4.11923 1.44096 
-0.234693 -1.53653 1.20557 -0.487246 0.925814 0.723165 0.33372 1.43448 1.68546 -0.831785 -0.348413 0.399868 -0.56503 0.0437594 0.215908 -0.162936 0.581921 0.187725 0.245089 -0.666333 -0.16816 0.024588 -0.406858 -1.16042 1.83158 -0.0115737 0.521408 2.42727 -0.724549 -2.16738 -1.12266 -1.12015 -3.163 -3.22104 -4.14885 2.99299 2.69044 -1.18306 0.0735011 
-0.267136 -1.40792 0.994068 -0.361923 0.790204 0.702363 -0.863897 0.640972 0.426327 -1.46845 -0.982141 0.968512 -0.557789 0.756433 2.4781 -0.459196 -0.835199 -0.758055 -0.156194 -3.18953 -2.72128 -1.36746 2.64651 1.56989 -1.13209 0.330817 1.31269 2.69974 -1.46129 0.33558 -1.27618 -2.51876 -0.599124 -2.09655 -0.870739 3.62259 3.16723 -3.09466 0.171537 
0.52174 0.941567 0.746378 -1.32245 0.167759 0.566971 -2.85581 -1.2868 0.318 1.81473 1.22147 -0.732223 -0.234213 1.35645 2.91565 -1.62423 0.917501 -1.08845 -2.27367 -1.26546 -2.26471 -0.846151 3.21573 2.0068 -1.26308 0.159963 0.230359 -2.54037 -1.22263 3.51083 -0.217552 -1.43988 4.99261 2.73602 1.95375 -3.52267 -0.894885 1.9575 -0.31774 
1.08931 1.50773 -0.630158 0.555579 -0.298249 -1.57131 -2.12935 -1.62374 -0.419825 1.74728 1.02466 -0.294571 -0.397827 0.986792 -0.0622726 -1.68183 2.67563 -0.975607 -1.59608 1.80308 0.0147356 0.586286 -0.876162 0.675 0.825413 0.0130777 -0.686889 -4.21381 1.15278 0.0381003 0.112992 2.8437 1.63519 3.02156 3.13455 -4.51262 -1.68451 0.882645 0.7462 
1.50853 0.879294 -0.935451 1.35319 -0.807848 -1.0291 -1.05273 -1.27207 0.904286 0.938563 1.89647 0.0931902 -0.221135 0.669561 -1.29817 -0.471448 0.955602 -0.975461 0.570028 0.369733 0.756853 2.2884 -1.29689 0.322292 -0.380439 0.906163 -0.743371 -0.74585 1.01338 -2.15178 -0.278902 1.91099 -4.03263 1.19889 -0.234797 1.21777 -2.14325 -1.87291 0.699049 
1.75887 0.209562 -1.10161 1.51118 -1.27371 -1.00128 -1.75962 -0.866883 1.86857 0.450391 1.34696 -0.675009 0.508336 0.243421 -0.808123 -0.668447 0.523854 -1.25451 0.314914 -2.22955 1.21363 0.351489 0.341606 -1.46825 -1.04749 0.712127 -0.596327 1.12685 -0.0404627 -0.573175 0.324272 -0.687661 -1.58493 -0.133853 -2.89575 1.76056 -2.0619 -0.876033 -0.814566 
1.75195 0.0711712 -1.6039 1.87704 -2.06236 -0.714191 -3.28228 -0.0584402 1.25578 1.28017 0.428224 -0.954304 0.490992 0.0732342 -0.171316 -0.511911 0.382427 -0.651189 -0.117633 -1.2152 0.622999 -0.607353 0.463665 -1.7396 -1.25647 0.0915963 -0.0798381 0.695894 0.79656 -0.584353 1.82316 -0.439013 3.62281 -1.14618 0.700577 -0.880712 1.19328 0.406614 -0.078016 
1.83211 0.038246 -1.61352 1.89361 -1.9249 -1.11891 -2.97482 -0.243884 1.26122 0.914056 -0.392649 -1.93148 0.599932 0.163583 -0.112229 0.128113 -0.0604988 0.568656 -0.124099 1.39325 0.0674484 1.05207 -0.539106 -0.274967 -0.64088 0.634111 -0.0035113 0.303325 0.233274 -0.162073 0.702605 0.727252 1.58911 -0.257733 0.709865 -0.716766 1.55803 1.36833 -0.317873 
1.91554 -0.0410573 -1.47578 1.81654 -1.4937 -0.838291 -1.88903 0.00900822 2.30784 0.741064 0.153258 -1.59518 1.1251 0.0697229 0.132009 -0.278637 0.220354 0.051416 0.609619 0.373912 0.365266 0.102513 -0.253101 -0.181576 0.11186 -0.226277 -0.0699287 -0.134722 -0.24491 -0.945174 -0.476529 -0.195624 -0.735009 -0.166776 -1.69728 0.435264 0.530768 0.756151 -0.576501 
1.90183 0.170255 -1.89215 2.11396 -1.87348 -0.509293 -2.60091 0.121382 1.36373 0.660954 -0.574225 -1.81962 0.373655 0.0936542 -0.246951 -0.116796 -1.00567 0.0921261 -0.319724 0.658245 -0.0993278 -0.645218 -0.103842 0.255802 0.11527 0.0576102 0.0208556 -0.873145 0.416364 -2.04614 0.225019 -1.84749 1.0304 -0.753341 -0.672482 -0.240077 0.596258 0.227407 0.993616 
2.00919 -0.288008 -1.59258 0.81087 -1.40158 -1.15801 -1.23078 -0.0903196 1.66262 0.637222 0.409059 -1.47991 1.18271 0.0905785 -0.741136 0.137727 -1.82579 0.276435 -1.23787 1.40431 -0.388074 -0.569969 -0.493178 0.414681 0.339267 0.767339 -0.136399 0.125755 -0.126889 0.529002 -0.254033 -0.0365572 -0.182066 0.15193 -0.130005 0.123796 -0.549748 0.628673 0.947798 
1.99241 -0.570881 -1.75443 0.288174 -1.59705 -1.74716 -1.1966 -0.266692 0.793764 0.167776 -0.159543 -1.48035 1.14099 -0.0427445 -0.121196 -0.243685 -0.476671 -0.161907 -0.356281 0.476178 0.0526017 -0.775223 0.0199543 -0.293946 0.743943 1.00541 -0.127914 1.45086 -0.172112 2.69121 -0.0288691 2.10915 -0.180165 0.823924 1.15167 1.04621 -0.125504 0.381596 -0.206478 
1.96645 -0.409204 -1.83627 0.334199 -1.56348 -1.5143 -0.754605 -0.0377179 0.8874 0.657176 0.115113 -0.735971 2.18812 -0.037335 0.709728 -0.0343849 0.86542 0.247566 0.871284 1.22414 0.43585 0.581698 0.553033 0.289177 0.720863 0.560861 -0.0201423 0.717068 0.259984 0.676955 0.581665 0.024807 0.896488 -0.735536 1.16041 -0.569234 -0.768438 -0.907436 -3.37079 
1.95507 0.138847 -1.78881 1.15359 -1.34948 -0.875879 0.0275463 0.169158 1.37546 0.720808 0.129634 -0.759491 1.70186 -0.0628868 0.595872 0.0162985 0.200284 0.419758 -0.331474 1.37267 -0.682934 0.385185 -0.549279 -1.06238 -0.163494 -2.36538 -0.0692989 -0.775699 -0.0379483 -1.75676 -0.288858 -1.75319 -1.69794 -1.40338 -0.895961 -1.17696 -0.56346 -1.17204 -1.8893 
1.90356 0.186668 -1.81997 0.534484 -1.14372 -1.84577 0.618062 -0.720652 1.27258 0.107897 -0.947272 -0.899465 -0.177257 -0.106634 -0.0659714 -0.0723332 -0.891338 -0.0412915 -0.881907 -0.473795 -0.967533 -0.314263 -0.623931 -0.274283 -0.451178 -1.32844 -0.0937413 -0.379602 0.0347944 0.35238 -0.692011 0.779727 -2.33298 0.285985 -0.89285 0.997982 2.72575 0.239415 2.43931 
1.84844 0.0728757 -1.86114 0.262256 -1.39077 -1.75779 -0.446249 -0.798375 1.0612 0.0968777 -0.144649 -1.21067 0.37342 -0.156628 0.21627 0.0510928 0.552665 -0.272253 0.448253 -0.96031 -0.39695 -0.507665 0.448702 1.66337 0.0759213 0.0739345 -0.130164 0.830104 0.470051 2.00291 0.00984362 1.22238 0.869079 0.576126 -0.327866 2.2025 2.35809 1.08318 -0.159103 
1.74693 0.402938 -1.76887 1.08715 -1.41598 -1.39752 -0.342248 -1.1176 0.76492 0.556599 0.716097 -0.823543 -0.103322 -0.236797 0.764132 0.397718 1.11158 -0.0314478 0.340475 0.395283 -0.391407 -0.64213 1.57857 2.08381 0.632003 -1.48754 -0.322211 0.839159 0.543619 -0.450659 0.361794 -0.463154 1.06972 0.604142 -0.56332 -0.127058 -2.04024 -0.00219046 -0.938394 
1.61164 0.837008 -1.46343 1.37383 -1.42222 -1.41731 -0.0509659 -1.18978 0.419069 1.67545 1.93916 -0.578665 -1.11412 -0.478839 1.05543 0.594712 0.102005 0.0895413 -0.0149015 0.109413 0.207193 -1.07099 0.321644 -0.376875 0.0737308 -0.86446 -0.518052 -0.465566 0.234532 -0.84705 0.664292 -0.771622 -0.777692 0.906198 0.108065 -2.84126 -5.60157 -1.29749 1.5397 
1.26809 1.45837 -1.17416 1.18915 -1.32644 -1.41242 -0.232835 -0.910409 -0.306066 0.878243 0.339222 -0.749813 -0.967782 -0.754849 0.298566 0.63225 0.264525 0.632845 -0.431147 -0.382409 0.514791 -0.534065 -1.26269 -3.51776 -0.665487 0.0521614 -0.222289 -1.57472 -0.00621372 -0.229432 1.52286 -0.118414 0.532983 0.0568615 0.949831 -0.689024 -1.48168 -0.848364 -0.429828 
0.856794 1.13557 -0.831176 1.63836 -0.789377 -1.84846 -0.433375 -0.674991 -0.114996 0.412757 -1.57861 -1.24415 -1.06196 -0.701129 -0.519295 0.588498 -0.127427 1.6124 -0.133315 0.642396 0.264054 -0.121154 -0.36738 -1.85856 -0.774633 -1.29429 -0.0209777 -0.477647 0.26919 -2.10567 0.303247 1.399 1.48423 -0.0688405 -0.200215 0.972876 3.347 0.604465 -0.0610553 
0.566962 0.939072 -0.585666 1.06173 0.285963 -1.54573 0.409562 -0.646355 -0.42722 0.510864 -1.51933 -1.52445 -2.26207 -0.775827 -0.179081 0.901439 -1.84115 0.936092 0.967856 1.10182 0.445951 -0.73428 -0.289814 -0.170765 -0.0610214 -0.00889394 -0.114187 -0.182867 0.274761 -1.23984 -1.38508 1.96751 -0.250668 0.301389 0.340666 -0.137692 2.48555 1.32625 3.02934 
0.0809669 0.956493 0.0702632 -0.202789 0.146715 -0.880602 0.668443 -0.22904 -0.849276 0.122944 -1.74937 -1.30517 -1.07085 -0.815316 -0.702162 0.863259 -1.36727 0.227321 1.8342 0.391729 0.565443 0.219512 -0.505072 0.626993 0.551622 1.73505 0.614242 0.0456918 -0.649397 -0.501421 -1.10697 -0.188631 -2.36991 -0.713535 -0.618364 0.201603 4.77701 2.69808 1.85039 
-0.248354 0.23691 0.277594 -0.305541 0.513284 0.288465 0.80129 -0.0809125 -0.207708 0.00579145 -0.892341 -0.972823 -0.527021 -0.161585 -0.13339 0.252042 -2.34257 -0.170877 0.779225 -1.26809 -0.267584 -1.35264 -0.088211 4.60624 2.63705 1.8415 1.84163 1.78825 -1.46243 -0.536069 -1.27665 -3.20555 -0.8688 -1.42706 -3.30814 1.515 4.33201 -0.0359581 -0.285567 
-0.0806181 0.823103 0.322305 -2.54536 -0.0241621 -0.101377 -0.599649 -0.496624 -2.20192 0.0347328 2.85687 1.33188 0.770648 1.02632 1.08608 -0.599173 -1.90334 -1.04933 -1.37135 -0.477071 -0.861619 -3.08863 1.00993 4.95901 0.515664 1.44948 1.34624 0.890716 -1.69212 4.85669 -0.990635 -2.27714 2.41865 -1.04579 1.37118 1.21079 -4.05932 -2.71386 -4.21748 
0.777964 1.32299 -0.321579 -2.20888 -0.536047 -1.08289 0.324219 -0.942532 -3.29633 1.01572 4.06667 -0.457159 0.922462 1.18466 0.757326 -1.44008 2.51413 -1.16151 -1.49792 1.15056 -1.31337 0.0185349 1.12258 0.546924 -0.0768057 -2.37598 -0.562779 -1.31515 -0.422677 4.11507 -0.0311935 0.868075 0.931794 -0.210947 5.83685 0.115607 -6.19109 0.326636 -4.1475 
1.10404 1.58043 -1.11778 -0.0312312 -1.18567 -1.59929 0.550913 -1.81 -2.18339 1.15732 3.40379 1.25508 -1.60534 0.463538 -0.22907 -1.02185 2.21174 -1.08053 -0.503276 0.454723 -1.07257 2.74823 1.12554 -1.23209 0.8423 -2.69802 -0.930773 -1.62139 1.28444 -2.06793 1.00769 1.35424 -1.52511 1.39037 2.46117 -0.745971 -3.03504 -1.52856 3.4814 
1.2415 1.09393 -1.34343 0.00285704 -1.61657 -1.58616 0.778942 -2.0151 -0.548106 2.14126 2.83458 0.38514 -1.77555 0.253883 -0.864066 -0.155642 0.446193 -0.153823 -0.143681 -0.374545 0.0769998 2.4797 0.376613 -2.48812 -1.60537 1.10542 -0.330398 0.0112884 0.98114 -1.01853 1.44155 1.58095 -0.785529 1.34331 -1.4922 -1.96755 -1.35076 -2.1157 3.90813 
1.35792 0.716363 -1.27342 0.414962 -1.3395 -1.74298 0.176368 -1.733 0.296317 1.53393 0.915674 -0.350295 -0.499916 0.13314 -0.217781 -0.0407096 1.19321 0.361027 1.07767 -0.330807 0.270742 1.25603 -0.842014 -2.58284 -1.2734 1.21011 -0.213751 1.15386 0.0632502 0.418231 0.191712 1.75731 0.800305 0.622378 -2.46878 -1.10326 1.61376 1.04624 -0.35873 
1.37464 0.876144 -1.38414 1.19607 -1.25555 -0.50849 0.448135 -1.74436 0.707926 1.29924 0.251738 -0.888263 -0.565442 0.0401317 0.289789 -0.0923916 0.864424 0.0378894 1.61363 0.42576 0.699377 0.0109225 -0.726649 -0.874361 -0.559128 0.74669 -0.127987 0.4044 0.0357536 -0.946068 -0.499189 -0.821799 0.543188 0.586127 -1.58282 0.67296 2.03988 1.4057 -0.840876 
1.39805 1.00615 -1.36581 1.27939 -1.30161 -0.129345 0.602127 -1.03362 0.307239 0.80728 0.041313 -0.909423 0.246774 0.00515306 0.186618 -0.004956 0.247141 -0.138162 0.255874 0.212381 0.856868 -0.326788 -0.169054 -0.542959 0.1323 0.369236 -0.0839979 -0.298504 0.178938 -0.711317 -0.134512 -1.8475 -0.648888 -0.706207 -0.041442 0.899496 0.1552 0.157423 -1.30524 
1.37979 1.06276 -1.38909 1.44321 -1.39371 -0.252616 0.660516 -0.887488 0.381138 1.13019 -0.291221 -0.755963 -0.196206 -0.0438661 -0.00871491 0.0865466 0.153107 -0.0966223 -0.233873 -0.223128 -0.00682923 -0.0305196 0.172846 -0.719161 -0.401705 -0.558548 -0.0558114 -0.478416 0.384359 -0.971723 0.230458 -0.592688 -0.240215 -1.44339 1.03886 0.803636 0.802433 -0.119631 0.0131983 
1.35419 0.997437 -1.27926 1.43249 -1.39823 -0.363218 0.378999 -1.04045 0.27672 0.980126 -0.677848 -1.31113 -0.311774 -0.0506583 -0.291798 0.379403 -0.724582 0.0922964 -0.336814 -0.0278345 -0.586524 0.71207 0.634581 0.259474 0.0126695 0.382435 -0.144349 -0.208152 -0.000928552 -0.587096 -0.0298653 -0.463621 -0.421923 -1.01773 -0.0959076 -0.613183 0.620352 0.438154 -0.422617 
1.32914 0.770965 -1.00969 0.718624 -1.30141 -0.58943 0.632681 -1.47401 1.09321 1.76477 -0.0317476 -0.743293 0.186229 -0.188215 -0.216867 0.0856181 -0.433989 -0.126488 -0.697494 -0.645051 -1.02456 -0.126427 -0.440336 -0.0988091 0.0364491 -0.981165 -0.155951 0.544006 -0.444074 2.00617 -0.0912319 0.207758 -0.950697 0.335537 -1.11878 -1.01907 -1.30205 -1.06137 -1.88235 
1.16597 0.78057 -1.19365 0.998504 -1.52472 -1.06071 -0.266052 -2.065 0.150293 0.53979 -0.776657 -1.27468 -1.29294 -0.20661 0.252208 -0.0646713 1.28159 0.00106442 -0.129056 -0.978532 -0.250986 -0.406709 -0.384485 -1.04258 -1.0487 -1.49991 0.14485 0.60998 0.413911 1.08309 0.533108 1.31737 1.39773 1.25604 0.956716 2.18261 0.14593 -0.749396 0.66143 
1.12253 1.02317 -1.07436 2.00022 -1.30035 -0.718486 -0.34585 -1.725 0.686499 1.38029 -1.07433 -1.792 -1.31368 -0.043365 0.393112 0.49953 0.649106 0.40662 0.619875 0.752678 0.231479 0.830289 1.74227 0.0471206 -0.712947 -0.319735 0.127854 0.173171 0.445125 -1.71803 0.482126 0.970844 1.81136 0.419521 0.890027 1.0684 1.43909 1.52357 0.605033 
1.12261 1.17368 -0.694117 1.64761 -1.1181 -0.440837 0.486626 -1.83353 0.980581 2.28206 -0.729537 -1.98763 -1.61267 -0.078756 0.425379 0.380454 -0.436439 0.48319 0.841788 0.832831 0.168535 0.483318 0.683913 0.396513 0.474866 -0.894878 -0.152404 0.237189 -0.641874 -1.80238 0.313897 -0.505845 0.140827 0.26691 -1.71021 -2.95459 -0.886008 1.57838 0.212388 
1.04377 1.44855 -0.693909 1.56378 -0.817156 0.123301 0.48698 -1.55646 1.16982 2.0642 -0.677815 -1.31713 -2.20856 -0.195769 0.630302 -0.142345 -1.15327 0.720517 0.11403 0.893505 0.498389 -0.879926 -1.21232 -0.838887 0.865434 -0.107347 -0.172083 0.181166 -0.31585 -1.26462 0.691943 -1.05864 -0.48706 0.263335 -1.57242 -1.66327 -0.485263 0.0749216 1.75092 
0.926837 1.80398 -0.836461 0.494339 -0.397581 -0.326807 1.38013 -1.33514 0.100656 1.06975 -1.56842 -1.12219 -1.72002 -0.250839 0.606545 0.0646037 -1.70106 1.17513 -0.216856 0.345771 0.43187 -1.0891 -0.979353 -0.0887505 0.549788 0.856044 -0.166118 -0.157256 0.938784 -1.14866 0.360935 1.03846 -2.76576 0.102854 0.603063 0.342516 1.9043 0.556893 0.804746 
0.792932 2.0551 -0.629305 -0.137288 0.357977 -0.0935545 0.832751 -1.12459 0.0807152 1.08485 -0.766566 -0.767341 -1.35251 -0.361886 0.473046 0.796439 -2.30193 1.08145 1.15249 -1.87226 0.601243 -0.276863 -0.8698 1.06541 1.42233 0.6974 -0.294161 -0.963526 0.820854 0.777998 -1.07944 0.784718 -3.02289 0.161858 0.689744 0.0347131 0.409006 -0.771594 -2.55697 
0.56495 2.27703 -0.0400224 -1.80759 0.68387 0.825683 -0.492124 -0.733894 -0.176207 0.199949 -0.503015 0.300134 -1.02262 -0.545 -0.356981 0.885458 -0.923065 0.0956957 0.567863 -2.67712 0.593728 -0.399357 -0.94464 0.320256 -0.221806 -1.70093 -0.23982 -1.83054 -0.322573 3.53029 -0.982976 -1.56034 1.31769 -0.178444 -0.406194 0.155646 -1.33371 -1.91471 -0.705538 
0.247932 1.69812 0.256153 -1.06035 0.453673 0.474308 -1.84436 -0.530866 -0.318642 0.140207 -0.44631 -0.989147 -3.05344 -0.601706 -1.35749 0.473866 1.22836 0.0984757 -0.407846 -0.554568 0.422799 -0.683057 -0.714154 -0.268299 -0.492385 -0.00813804 0.0986287 -0.557717 -0.776151 0.782911 -0.0279966 -0.932554 3.08615 0.0807239 -1.50529 -0.867817 -0.155101 0.421084 2.70544 
-0.0367559 0.91954 0.433843 -0.579235 0.782346 0.417836 -1.04669 -0.311095 -0.859264 -0.514205 -0.771314 -0.192251 -1.03076 -0.446371 -0.914699 0.109307 -0.140155 0.0676992 -0.364691 0.409038 0.674452 -1.90465 -1.81246 0.165155 0.199278 1.00451 0.349753 1.08301 -0.243012 -0.37872 0.180548 0.789857 0.453924 -0.363319 -0.447405 0.157846 1.38164 1.50123 1.4021 
-0.198439 0.783417 0.36546 -1.20051 0.521372 0.109617 -1.43533 0.143585 -2.22329 -1.67225 -0.281155 -0.789869 -2.04893 -0.251953 -0.27448 0.230854 0.849639 0.279024 0.38201 -0.100644 0.0594795 -1.13046 -0.556308 1.11334 1.00885 1.39396 0.304664 0.457266 0.247409 1.26898 0.531365 1.52033 1.71545 -0.79258 2.04274 2.18943 0.342975 0.627609 0.150119 
-0.288709 0.64506 0.664698 0.270404 1.06137 0.799847 -1.14734 -0.251616 -1.98973 -1.07051 0.342024 0.816597 0.363202 -0.141707 -0.457432 0.356717 1.12882 0.599064 1.15564 2.12448 -0.118129 0.138085 0.376971 0.50813 0.826887 1.15463 0.0770554 -0.270524 -0.133348 -1.04407 -0.629956 -0.12326 1.90728 0.260048 1.34657 -0.577318 -1.96115 -1.58715 -2.88757 
-0.340146 0.325985 0.722177 -0.0716851 1.12044 1.26525 0.689158 0.0254567 -2.08521 -1.29528 0.226975 0.0370179 -0.894298 -0.174898 -0.545004 0.0975057 -0.194434 -0.350932 0.25875 1.80664 0.319527 0.216109 -1.13363 -0.847813 -0.5783 -1.49361 0.0289627 0.414432 -0.146835 -1.09954 -1.05647 -1.32211 -2.40197 0.604275 0.571206 -0.711619 -1.74607 -0.326098 -0.769894 
-0.463607 0.100056 0.762203 0.0759696 0.710438 1.0586 0.659302 0.0679114 -1.77362 -2.20414 -0.505789 0.238297 -1.1304 -0.112744 -0.0430005 0.209882 0.0292779 -0.457405 -0.166471 -0.277486 0.486146 0.709291 -0.334647 -1.23794 0.50079 0.384736 0.215352 0.814904 0.19935 1.0198 0.618737 0.086102 -2.79877 -0.057209 0.87162 1.8284 0.683388 1.62002 2.08362 
-0.452891 0.282985 0.932059 -0.0424072 0.663031 1.09878 0.411672 0.511603 -1.37592 -1.62993 -1.01097 0.537807 -0.509562 0.0404539 0.2699 0.296856 0.825367 0.267805 0.344852 -0.992132 0.262318 1.08773 0.694774 -0.164425 1.04172 0.590016 0.00489766 -0.473236 -0.41893 -0.0218262 0.806024 0.51822 -0.109461 -0.726992 -0.688144 0.398891 0.990461 -0.634007 -0.519852 
-0.423153 0.369957 1.05906 0.901336 0.978243 1.40345 -0.33283 0.33023 -0.685889 -1.50937 -0.670214 1.28002 -0.540388 -0.107847 -0.516237 -0.209048 0.00745163 0.348619 0.351749 -0.386947 -0.240846 0.0211471 0.0642435 -0.247482 -0.133218 -0.135116 -0.242048 -0.958258 -0.865453 -2.48772 -0.763736 -1.13162 1.88415 0.0478829 -1.16705 -0.0743777 0.690039 -1.37488 0.196564 
-0.560737 -0.233252 0.723011 -0.0349556 1.01165 1.45053 0.0247247 0.270756 -1.35477 -1.56568 -1.25845 0.40459 -0.644678 -0.201594 -0.688357 -0.568597 -1.66236 -0.495932 -0.786771 0.892023 0.310201 -0.079326 0.620397 0.525613 -0.333161 0.786579 -0.00567648 0.329012 0.0573019 -0.49661 -0.76542 -0.894535 0.333402 0.1837 0.96076 1.01877 1.47755 0.381519 0.867091 
-0.624746 -0.3184 0.490462 -0.761021 0.482311 0.616678 0.559192 0.640431 -0.765215 -0.888969 -0.144601 0.946856 0.246191 -0.113523 -0.187225 -0.151746 -0.489158 -0.416801 -0.542786 -0.0535449 -0.0571468 0.981907 1.08301 1.23007 0.248302 0.731975 0.139316 0.68268 0.919929 2.73789 1.01939 0.938314 -1.40118 -0.167999 0.778125 0.884002 0.218419 -0.284143 -0.382597 
-0.674261 -0.420477 0.571265 -0.524113 0.594849 0.907744 -0.0288202 0.213609 -0.372862 -0.482669 -0.0283841 0.652892 0.0872976 -0.0622774 -0.00567681 0.351332 1.07554 0.523459 0.151543 -0.509162 0.142202 0.698799 1.5044 0.744032 -0.617304 0.403983 0.115915 0.146095 0.448987 1.39131 0.894469 0.912329 1.86017 1.22678 -0.574474 -0.279813 -1.58296 -0.565502 -1.11941 
-0.687024 -0.324077 0.841795 0.314514 1.00577 0.768221 0.0500305 0.782632 -0.0664155 0.61543 0.599431 0.329552 0.650174 0.00239213 -0.0411303 0.297241 0.902151 0.477668 0.369543 1.80662 1.16964 0.407433 0.803201 -0.352898 -0.3172 -0.387435 0.040345 -0.175125 -0.41415 -1.14138 -0.410049 -0.0181361 0.940532 -0.167128 -2.15499 -4.05501 -1.7817 2.35352 0.0400805 
-0.671869 -0.461607 0.868506 0.378037 1.07252 1.27729 1.7778 1.38325 0.034571 0.320532 -0.381282 0.335692 -0.300138 -0.0219324 -0.180802 -0.0628174 -0.0658478 0.11341 0.133407 0.43137 -0.0249269 -1.45619 -2.55061 -1.03767 1.73622 0.444063 -0.0666236 -0.0543806 -0.455105 -1.36834 -0.58735 -0.871751 -3.56511 -1.83245 -1.22883 -1.98503 0.555902 1.26809 2.47538 
-0.708956 -0.504879 0.778977 0.248666 1.11918 0.901628 0.481401 0.757705 -1.5226 -1.93518 -0.438239 2.06577 1.09424 -0.0642315 -0.0955109 -0.157864 -0.466191 -0.109682 -0.502208 -1.75849 -0.662813 -0.821399 -1.18183 0.203004 0.950887 2.08795 0.0833639 0.261063 -0.0393473 -0.0385924 -0.517651 -0.714094 -0.165107 0.571628 3.20388 4.83034 1.31766 -2.82014 -0.842546 
-0.7361 -0.557118 0.710642 -0.0881538 0.962835 0.775079 0.0193079 0.720432 -0.786828 -0.861299 -0.178278 1.28658 1.78781 0.0614315 0.0802608 -0.102165 -0.10444 -0.404241 -0.580687 0.266263 0.546702 1.74769 2.27973 0.279985 -1.08392 -0.398483 0.0927324 0.108305 -0.0179553 0.122307 -0.125386 0.618873 2.13287 1.24315 1.92089 1.28607 -0.0841377 -0.972734 -2.3264 
-0.647525 -0.424618 0.676813 0.144226 0.714939 0.320941 0.747664 1.30441 0.225087 0.34455 -0.158255 0.981846 0.695754 0.0285009 0.0127937 -0.175819 -0.343884 -0.235068 0.116665 0.374378 0.580334 1.09949 0.104236 0.118866 -0.0218467 -0.238455 -0.092136 -0.272103 0.0906948 0.341273 0.563741 0.934182 -1.35653 -1.46651 -1.97928 -3.14589 -0.531329 0.94525 0.497052 
-0.707599 -0.544324 0.534822 -0.432037 0.727767 0.891744 0.393686 1.30077 0.312661 -0.757063 -0.0594117 1.26473 1.54935 -0.0307045 -0.191842 -0.0114699 0.236832 0.159499 0.353495 -1.09026 -0.919806 -0.23159 -0.866158 -0.251344 -0.138674 0.0985689 -0.0578242 -0.471694 0.0814216 0.430665 0.0794167 -1.08026 -0.709315 -0.609868 -1.45288 0.164277 -0.526024 -0.77772 -1.53238 
-0.678229 -0.61646 0.665343 0.381059 0.874438 0.674436 -0.342599 0.384601 -0.00650296 -0.521608 -0.409599 0.843172 0.794323 -0.0293233 -0.458901 -0.0943977 0.0867816 -0.155652 -0.963591 -0.334937 -0.0295338 -0.353395 0.268513 -0.407158 -0.799566 -1.77084 0.00251318 0.345188 -0.0024715 -0.773078 -0.138345 0.0319564 2.29125 1.5564 0.245533 0.874323 0.19407 0.271605 -0.471059 
-0.736922 -1.00322 0.440425 -0.345256 0.572116 -0.0718472 0.0587489 1.27123 -0.0407333 -0.48855 -0.46657 0.465166 -0.221482 -0.0281913 0.153346 -0.0139414 -0.536246 0.0211542 0.385451 1.20099 0.636597 0.0139434 0.00816552 -0.0572744 0.132931 -0.37249 0.106954 1.13686 0.447877 -0.07993 0.274672 1.74695 1.20883 -0.434631 0.762309 -0.204483 -0.131247 1.20691 2.65399 
-0.706421 -0.463114 0.651401 -0.155187 0.895592 1.05989 0.858391 1.0212 0.00744049 -0.513442 -0.466873 0.976103 0.421833 0.0776309 0.677962 0.353479 0.00685158 0.11902 0.783359 0.873897 -0.464165 0.408914 0.0640301 -0.538405 0.407347 0.883154 0.0101267 -0.314315 -0.0672706 0.382494 -0.191755 -1.07372 -1.45617 -0.640342 0.507972 0.98281 0.837838 0.257987 1.1786 
-0.659291 -0.325262 0.793903 -0.338404 0.691136 0.711512 0.932646 0.807067 0.368181 -0.42452 -1.00497 0.872513 0.661673 -0.0180646 -0.160969 -0.0812119 -0.153751 -0.170601 -0.688271 -0.25518 -0.00374553 0.521915 0.990975 0.780563 0.390918 0.806112 -0.100536 -0.710635 -0.500962 0.0965341 -0.0475425 -1.08561 -0.799555 0.546905 -1.00939 1.17617 2.08647 -1.48732 -0.937959 
-0.724485 -0.624083 0.570189 -0.308939 0.724991 0.371616 0.60321 1.01745 0.529356 0.477533 0.31369 1.36702 1.22795 -0.0229056 -0.0326727 -0.147483 0.103386 0.0714777 -0.302249 0.0743425 0.0827402 -0.600475 1.2402 1.54807 -1.07997 -0.0548051 0.0811603 0.314054 0.0746191 -0.214085 0.0562962 0.348892 0.6315 0.298673 -0.518671 -1.19354 -0.280288 -0.184566 -1.21842 