89.4201 -5.67952 -3.92476 -1.53387 -0.518438 -0.235774 -1.01654 -0.0332287 -0.560625 0.048664 -0.0574477 1.15371 -1.55221 
89.3487 -6.82141 -3.70959 -0.673106 -0.143088 1.1641 -0.532922 -0.162182 1.05274 -0.280043 -1.73473 1.4277 -1.17206 
89.2016 -5.9579 -1.90194 -0.343991 0.00337092 1.11876 0.0509841 -0.599968 0.178911 -0.0103058 -1.55813 1.42617 -1.54754 
90.3096 -5.54247 -2.54701 -0.370238 -1.10825 0.166072 -0.25177 0.121089 0.210857 -0.290288 -1.378 1.76379 -0.43597 
91.4267 -7.37062 -3.741 -1.29794 -1.37572 -0.513368 0.774504 1.19573 0.270658 -0.0426032 -0.270839 1.91666 -0.807317 
88.9119 -6.59125 -4.00886 -0.192439 -0.389175 0.191948 -0.186797 -1.00039 0.293824 0.598988 0.0854317 2.51336 -0.548927 
89.4681 -4.81472 -3.18132 -0.106856 -0.509358 -0.392918 -1.62146 -0.347967 -0.510882 0.769123 -0.229479 1.14328 -0.918171 
89.1377 -5.51607 -4.11464 -2.01457 -1.22147 0.098678 -0.91491 -0.124624 -0.555609 -0.0470349 -1.20216 0.749639 -1.34706 
87.6725 -6.77922 -3.89654 -1.07284 -0.708659 0.106475 -1.00679 -1.13937 -1.48635 -0.582499 -0.556256 -1.02457 -1.67428 
89.3095 -5.34016 -2.85598 -0.832264 -1.09903 0.71074 0.032785 -1.19255 -0.543215 0.675559 -0.699255 0.759434 -1.86839 
94.1187 -1.20814 0.509007 0.613188 0.140259 0.934798 -0.338814 0.299878 0.875554 0.979344 -0.622594 0.54032 -1.96345 
105.312 6.98198 3.25371 1.63074 0.339855 -0.612771 -0.624493 0.818339 1.39326 0.719904 -2.16247 -0.287064 -2.45919 
107.044 9.62021 5.38922 1.66121 -1.60888 -1.02736 -0.0187728 0.684181 1.39767 0.503343 -2.90882 -1.82547 -3.21683 
106.851 8.68014 5.87738 1.79048 -1.77186 -1.57135 -0.134789 0.297385 1.23517 0.881927 -1.78115 -0.486559 -2.26226 
111.342 9.08637 6.88273 1.61049 -2.66892 -2.36871 -0.283433 -0.288403 1.44129 0.71032 -2.67158 -0.728312 -2.58585 
111.693 10.266 6.53152 1.64378 -2.77548 -2.6386 -0.239184 -0.476711 1.17821 0.240517 -2.53726 -1.1874 -2.32414 
114.552 10.9368 5.73947 1.79906 -3.7981 -2.75987 -0.0769935 -0.948878 0.585697 0.0696781 -2.49516 -0.723636 -2.26897 
117.163 10.838 5.00275 2.10119 -4.82898 -3.18507 -0.106958 -1.03938 0.610238 0.33152 -3.13972 -1.20329 -0.786732 
118.786 10.8112 4.72577 0.981661 -6.38097 -3.71485 2.53659 -1.51428 0.0954257 0.462762 -2.90947 -0.932121 0.145564 
123.849 9.70351 2.10834 0.195198 -5.0612 -3.68412 1.73721 -1.31323 0.024691 0.992 -2.51946 -0.836298 0.193205 
124.022 9.46018 1.39634 -0.671009 -5.45454 -4.05488 2.2287 -1.57693 0.870753 0.695232 -2.40866 -0.516317 0.609614 
121.683 10.2049 1.95598 -1.89855 -6.56976 -3.82232 4.24804 -2.85586 1.56737 0.361145 -3.0386 0.98378 0.971712 
123.74 9.26154 2.00291 -2.58731 -6.41645 -3.44947 4.35414 -2.3808 1.23527 -0.418174 -2.35964 1.18886 1.05565 
125.34 8.80906 1.34267 -3.03734 -6.72523 -2.31079 3.80013 -2.284 0.96082 0.0879536 -2.31428 1.07986 0.500482 
124.749 9.63568 -0.0123355 -3.37262 -6.57923 -1.94655 4.33809 -2.78377 0.472609 1.08156 -2.49608 1.2861 0.370957 
125.614 9.38124 -0.424719 -3.98277 -6.32076 -1.73166 5.10658 -3.8035 0.705998 1.09105 -1.3472 1.0216 0.129608 
126.429 8.91816 -0.269839 -4.77927 -6.05123 -1.07263 4.74194 -3.42054 0.400044 0.592429 -0.281891 0.766778 -0.0623354 
126.109 8.97878 -0.409728 -5.24891 -5.46739 -0.705444 4.51003 -3.43051 0.0621336 0.937343 -0.142386 0.937291 -0.570637 
125.408 8.83306 -0.112386 -5.41282 -5.08324 -0.415872 4.25007 -3.35876 0.0818577 1.04706 -0.227786 1.07131 -0.901521 
125.11 8.60478 -0.158897 -5.35656 -4.78062 -0.277823 4.19943 -3.39168 -0.417388 1.45386 -0.491911 1.52769 -1.48926 
123.588 9.57603 -0.891162 -4.92979 -4.61316 0.14566 3.51361 -3.41484 -0.324141 1.37848 -0.295384 1.51982 -1.75649 
122.258 9.8132 -0.218451 -5.8634 -3.79383 0.20348 2.51901 -3.15465 -0.242487 1.28264 0.196716 1.31219 -1.99398 
122.338 8.72301 0.0190837 -5.38497 -3.57614 0.353732 2.17522 -2.67227 -0.46285 1.07197 0.563148 1.42038 -2.67714 
122.767 8.19083 -0.677392 -4.63168 -2.63566 0.140041 1.82975 -2.75832 -0.580101 1.31534 0.618444 1.44649 -3.67873 
121.015 8.68818 -0.699378 -3.85178 -2.49226 0.599778 0.811747 -2.07764 -0.82931 0.64242 0.613229 1.99771 -3.46243 
119.644 8.21151 -0.163664 -2.96875 -2.29567 0.920822 0.370339 -2.4554 -0.83225 0.340793 1.00515 1.8507 -3.8981 
115.949 7.5422 -0.190436 -1.07281 -1.30887 0.403202 1.0258 -1.97336 -1.16299 -0.610783 1.03724 1.73224 -4.00506 
110.368 5.00676 -0.145245 1.8555 0.774157 -0.451612 0.59959 -0.440344 -2.58152 -0.926541 0.724316 1.47182 -3.79541 
107.561 5.05671 0.156821 1.85029 1.66033 -0.571914 0.895426 1.34499 -1.75003 -1.02922 1.2541 0.538144 -3.66636 
105.231 4.67963 0.470515 3.50936 1.29923 -0.538742 1.22866 1.18938 -1.52195 -1.00795 1.09882 0.462279 -3.57526 
103.085 4.06992 1.73513 3.42995 1.51227 0.228139 0.942335 0.55181 -1.63214 -0.26764 0.1349 0.93676 -3.33812 
102.591 4.74045 1.46138 3.16778 1.43907 -0.358959 1.09681 1.4542 -1.32187 -0.258671 0.0539983 0.141121 -3.36583 
101.285 4.12185 1.98837 3.04185 1.88361 -0.0707107 1.09404 0.524758 -1.19413 0.386155 -0.193067 -0.414894 -2.41054 
100.932 3.18256 0.765707 3.17 2.90773 0.543763 1.44092 0.232724 -1.21019 0.153899 0.0571717 0.375636 -2.31903 
99.1272 3.03232 0.434648 3.35574 2.83313 0.737069 0.906689 -0.455716 -1.18755 0.0103124 0.289068 1.15109 -1.55113 
97.033 1.83007 0.38945 3.45966 3.00839 0.920149 1.3956 -0.731481 -0.885176 -0.283066 -0.327393 1.12146 -1.66883 
96.2625 0.706398 -0.755733 2.77373 2.53549 0.573484 0.460719 -0.931064 -0.397487 0.690782 -0.355591 0.929837 -0.957213 
94.4253 -0.45163 -1.72802 2.45019 2.22666 0.822224 0.363725 -0.82055 -0.739545 0.35895 -0.357522 1.28075 -0.700543 
90.9547 -2.30128 -1.56404 1.68513 1.06304 0.0893783 0.156744 -1.06098 -0.660879 -0.213857 -0.211504 0.47578 -2.32447 
91.8725 -2.17174 -2.27039 2.17081 1.15685 0.384153 0.759577 0.155121 -0.572768 -0.530205 -0.859828 0.220744 -2.18023 
89.1412 -3.14514 -2.73092 1.98388 1.24077 0.908581 -0.0182803 -1.06865 -1.25236 -0.825562 -1.10956 1.48853 -2.33478 
89.8599 -2.77841 -3.39699 0.510022 0.376617 0.885487 0.466201 0.275724 -0.0248931 0.652761 -0.351659 0.806993 -1.56322 
90.1975 -3.37807 -2.81375 1.79125 0.524704 0.517835 -0.920968 -0.847579 0.368407 1.12305 0.413308 1.68341 -1.09447 
89.4168 -3.75636 -2.2101 0.767609 0.612809 0.34287 -1.46196 -0.456523 0.242174 0.396404 -0.0835789 1.84688 -0.760098 
91.1477 -2.95536 -3.10992 0.252684 0.433199 0.859188 -0.116214 -1.01144 -0.210615 0.607217 -1.05804 1.2646 -1.26286 
88.6581 -4.33733 -3.34332 -0.471464 -0.844429 0.602981 0.101297 -0.724032 -0.64143 -0.0683075 -0.679012 0.146577 -2.00935 
88.6534 -3.77322 -2.90275 -0.103628 -1.44246 0.880126 -0.776063 -1.64092 -0.594117 0.0779922 -0.240879 0.0630461 -1.76849 
89.9941 -5.19427 -2.47341 -0.221951 -0.340291 0.99855 0.257318 0.778704 0.477591 0.983224 0.21397 2.33643 -1.13272 
88.6162 -6.46667 -3.04716 -0.776893 0.0633731 -0.0349462 -1.23301 -1.43092 -0.786495 0.595082 -0.369206 0.777145 -1.58667 
89.5485 -5.30919 -2.52993 -0.643892 -0.469616 0.785818 -0.268704 -0.71749 -0.55545 0.625127 0.0540923 0.672234 -0.745386 
75.6591 11.9208 -17.0098 9.482 -6.85978 2.43252 1.41805 -4.91007 3.83509 -3.06792 1.5563 0.529282 -1.77944 
80.0017 -3.20824 -2.50465 -0.94183 0.619284 0.0773965 1.98679 1.67034 1.56461 -0.259748 -0.00517098 1.24052 -1.00106 
