-0.967814 -0.647349 -0.852066 -1.43867 0.831041 1.06979 0.191325 0.969043 1.65794 0.806231 0.963329 1.58296 0.915443 -0.0551183 0.0995364 -1.27801 -1.17868 -0.0513589 0.110383 -0.574411 -0.35307 -1.4836 -1.06984 -0.35803 -1.54849 0.299085 -0.0555193 -0.355315 1.93474 2.39979 0.0784278 -0.620787 -1.30368 -0.330558 -1.29528 -1.12079 0.605732 -2.64289 -4.44666 
-0.996665 -0.658621 -1.418 -1.52066 0.831238 0.593906 -0.864021 0.903074 -0.136928 -0.640351 0.380717 0.174639 -0.0062694 0.00484218 -0.0293169 1.43188 1.27507 0.120396 -0.0445011 -0.935971 -0.215362 0.335935 -0.970509 0.0868284 -1.10543 -1.45344 0.0937414 -0.0961516 3.25779 2.45296 0.15682 0.225889 -0.0137301 -0.121049 0.854412 -0.506718 0.155222 1.99577 -0.934397 
-0.962972 -0.676666 0.57981 -0.163606 0.951437 1.02528 -0.744646 0.753681 1.99387 -0.164277 1.05016 0.477534 -0.537993 0.0386231 0.00338478 1.97978 1.27429 0.105461 0.336272 -0.588141 -0.47412 -0.629187 -1.57655 -0.202808 0.447285 -0.635312 -0.0685792 -0.123187 -2.58385 -2.10959 -0.205067 -0.470562 0.197586 0.0693628 -3.38043 -0.891576 -1.14054 -0.553028 1.78481 
-0.958042 -0.655236 0.561775 -0.246375 0.936699 0.930178 -1.45216 0.428954 -0.766115 -2.2169 0.177909 0.621924 -0.641582 -0.063737 -0.152504 -1.15197 -0.834526 -0.0846713 -0.515063 -0.738384 -0.145999 -3.0445 -1.86208 -1.05371 -1.65845 0.331379 -0.02033 -0.125622 -3.5227 -1.76299 -0.234903 -0.698417 0.965849 0.92886 1.91781 2.46236 -0.0493651 -1.87333 1.55906 
-1.02671 -0.82917 -0.572164 -0.998132 0.866766 0.510221 -1.48303 0.607682 -1.05062 -2.02636 -0.00355508 -1.18092 -0.206614 0.0182931 -0.122237 -1.54292 -0.488702 -0.129443 -0.362145 0.377708 0.45474 1.28862 0.885804 -0.252173 -1.42604 0.923747 0.115561 0.232971 1.41745 0.504559 -0.104384 0.473158 0.392267 0.352698 5.22299 2.82738 1.13418 2.92 -0.211491 
-0.939749 -0.777474 -0.981149 -0.735077 0.807257 0.568034 -1.07445 0.883694 0.522509 -1.3311 -0.0742642 -0.804116 0.282166 0.0518242 0.080467 0.265477 -0.329967 -0.189056 -0.0419052 -0.346118 0.206698 2.17849 0.965293 0.080463 1.26154 0.119888 0.0743669 0.268091 1.06851 0.23331 0.199023 1.08225 0.256251 -0.37542 0.0865992 0.475889 1.58044 3.378 0.0988465 
-0.974885 -0.748703 -0.306687 -1.3281 0.67771 0.468316 -1.82915 0.81438 1.12787 -1.06107 0.0769079 0.0806224 -0.0867267 0.0926599 0.145854 -0.474416 -0.255392 0.0695804 0.720101 0.633959 0.0793203 1.37522 1.36169 1.32827 1.95196 1.02259 0.0519602 -0.346014 -2.48403 0.686235 0.330429 0.260214 0.936656 -0.269259 -1.94886 1.5463 2.16844 -1.74327 -1.17432 
-0.847089 -0.631619 -1.45557 -0.99047 0.876837 1.28813 -0.440495 0.963014 1.89773 0.0305923 1.25401 1.14784 1.30476 0.103784 -0.265547 -2.21855 0.356269 0.141373 0.218309 0.590538 -0.0625609 0.229634 2.51159 2.2489 -0.481727 -1.05444 0.0150149 -0.590334 -0.160293 0.807741 -0.13399 -1.23631 -0.0371362 -0.0132319 -2.9564 -1.05758 -1.9167 -3.32864 -2.9105 
-0.8711 -1.01425 -2.52524 -0.97183 0.819083 0.686625 -1.23861 0.751819 1.3575 1.45052 2.32581 -0.401105 -1.14116 0.107675 -0.44448 -0.634709 0.552348 -0.0644095 -0.516211 0.596823 0.0660884 -1.58117 0.304108 -0.588432 -1.37668 -1.88791 0.0776383 -0.0325189 3.4913 0.185636 -0.208569 -0.0871148 0.70084 0.00717484 -2.22574 -3.80716 -4.96351 2.80626 2.84394 
-0.739414 -1.0761 -2.09027 -0.438121 0.812428 0.771924 0.156327 1.0291 0.31656 0.3347 0.665573 -0.228837 -0.583152 0.181423 -0.298066 1.27275 0.541904 -0.0671959 0.131194 1.29138 -0.0553861 -1.99611 -1.29557 -2.71461 2.32454 1.78951 -0.124276 0.158559 1.92466 -0.802798 0.123796 0.49824 -1.37275 -0.635311 0.176798 -0.688899 0.41819 2.46446 2.65447 
-0.689678 -1.31232 -1.25249 -0.429926 0.751887 0.817819 0.0527674 0.696433 -0.638608 0.154953 -0.388799 1.92343 0.648343 -0.0166011 -0.285921 1.28995 -0.250449 0.0593865 -0.0179708 -0.775927 -0.569222 -1.40437 -0.384791 -0.170243 1.08778 0.766563 -0.28712 0.302129 -0.480382 -1.17453 0.139307 0.164459 -0.961932 -0.419193 1.14207 1.31299 4.27634 -2.28255 -3.12919 
-0.756015 -1.36202 -0.800321 -0.688571 0.871814 0.753953 -0.6196 0.45988 -1.08781 -0.0500901 0.49533 0.858945 0.183411 -0.105697 0.00406274 0.792364 -0.632626 0.0721114 0.295654 0.329445 -0.474579 -0.854037 0.0174185 1.56173 0.0419875 -1.33968 -0.0776089 0.722294 0.394521 -0.107298 -0.309895 -0.306862 1.15409 0.455125 2.00133 0.514452 0.426586 -1.96275 -0.571889 
-0.795375 -1.30825 -0.46013 -1.06255 0.823999 1.11347 0.382213 0.221854 -1.49264 0.172371 1.17293 1.96542 -0.691339 -0.0942099 0.436372 1.68447 -0.357748 -0.250509 -0.324833 0.378163 -0.114097 0.596953 0.129662 0.256343 -0.874969 0.194674 0.0633934 0.440744 0.152301 0.680856 -0.0334898 -0.638565 -1.6702 0.884899 2.59073 -0.737263 -3.4626 -3.49183 0.866431 
-0.850225 -0.925648 0.884152 -1.04632 0.621306 0.42912 -0.241438 0.345783 -0.490861 0.0795716 0.751673 -0.0160243 0.378085 -0.0423038 0.444806 0.944665 0.0482302 0.0386216 -0.342911 -1.34075 0.41032 1.73669 -0.719845 -1.90086 -3.44985 -0.473251 0.0289013 -0.286952 -1.79873 0.923322 0.549424 0.973749 -0.57689 0.477314 -0.763054 -0.802492 -1.44 0.237023 -1.48488 
-0.837679 -0.863447 0.484535 -1.01432 0.86262 0.770562 -0.95854 0.632174 0.244045 -0.547474 -0.727932 -1.48443 -1.16459 -0.0653086 0.14942 -0.114256 0.565575 0.298915 0.648916 -0.198727 0.363217 -0.166101 -0.67283 -1.18366 -0.637946 -1.29021 0.0252621 -0.436151 -0.646758 0.104945 -0.00345405 0.437401 2.39436 -0.116344 -2.11711 2.06778 2.66408 5.53031 1.80643 
-0.915534 -0.776228 0.769897 -0.480743 0.92022 1.07804 -0.440165 0.709 -0.656962 -0.593259 -0.431983 -0.653971 -0.912121 -0.0170418 0.0086553 0.297908 0.153175 0.0351676 0.09449 1.05361 0.293976 -0.380423 1.34793 0.763215 2.08046 1.33317 0.0849606 -0.210204 0.510098 -0.793301 -0.328726 -0.41129 1.139 -0.357861 1.23287 0.725406 1.73112 1.73955 2.22071 
-0.85472 -0.854792 0.782443 -0.861146 0.897788 0.865052 0.0950699 0.92615 -0.136378 0.80046 0.0352832 0.596031 0.168583 0.019652 -0.0607839 0.395842 -0.227726 -0.0298114 0.237626 0.940272 0.00535648 1.06677 0.0525754 0.547463 1.10161 0.930504 0.162865 -0.248159 1.61602 -0.405563 -0.0208041 -0.128707 -1.21017 -0.22554 0.315189 -2.19079 -1.70739 -1.66344 -0.927944 
-0.895882 -0.837012 1.16574 -0.708469 0.890409 1.31566 0.500107 0.714356 0.409805 -0.540683 0.115481 0.447637 0.0183827 0.145823 -0.239503 1.91393 -0.252388 0.0143635 -0.0342174 -0.156556 0.0684368 -0.0652345 -0.842856 -0.944175 0.417024 0.40523 0.416368 -0.414783 -0.206939 0.494624 0.251746 -0.850942 -2.86341 -0.601403 -4.10577 0.411642 0.0409913 0.859518 0.433923 
-0.708897 -1.0943 2.69637 -1.11353 0.912151 0.830834 -0.0614861 0.994587 -0.201613 -0.0423959 -0.908892 1.01305 0.573813 0.43602 -0.475567 0.188903 0.266898 0.221935 -0.613316 -1.92313 -0.596047 -3.039 0.464217 0.588455 1.96113 1.36443 0.310619 -0.405106 -4.90271 -0.414998 0.11429 -0.196926 -0.663355 -0.818578 -2.67623 2.4393 1.91232 -0.198731 -3.03056 
-0.459862 -1.31258 1.35464 -0.441572 1.11234 0.702345 -1.42303 0.11831 -2.6292 -0.0764663 0.703936 2.40876 1.38281 0.456442 -0.644609 -2.98878 -0.667385 0.128653 -0.231143 -0.819911 -0.750141 -2.74147 1.59644 0.968147 0.218293 -2.62533 -0.244606 0.273418 -2.08067 -1.43076 -0.361135 0.018473 2.06628 1.05551 4.29873 1.37682 -0.312193 -2.04728 -3.88979 
-0.252455 -1.7389 -0.292407 -1.78092 1.0408 0.599691 -0.881398 0.244446 -2.94308 1.55404 0.0592545 1.23135 -2.05151 0.191414 -0.202149 -1.89177 -1.16386 -0.139201 -0.594843 0.143148 0.459464 1.25972 1.84103 0.276261 -0.0861583 -2.52536 -0.110147 2.70391 5.52145 1.71445 -0.561405 -0.372604 0.0660673 0.487158 2.73121 -5.09111 -2.55431 -2.64751 1.68435 
-0.268448 -1.51473 -0.537125 -1.60543 0.973143 0.107502 -1.27988 0.577774 -1.36948 1.76457 0.980197 2.3226 -1.14255 0.346296 2.0593 2.53267 1.04706 -0.432752 -0.603747 -0.753844 -0.262983 -0.0102552 -3.49466 -1.58617 -2.42922 -0.940976 0.957974 2.97418 2.33907 2.68337 -1.00735 0.0104714 -0.210126 -1.7206 -1.1903 -4.57471 -4.07643 -3.29673 3.82659 
0.0938407 0.320396 2.24027 -0.733858 0.608053 -0.00405577 -1.63524 -0.0185369 -2.95333 -1.94062 -1.52691 -1.19787 -2.99249 1.14939 2.77203 0.447305 1.51951 -1.14655 -0.584372 -0.0669779 -1.26114 0.069421 -2.73368 -3.80017 -3.38288 1.30123 0.619674 -0.945466 -4.97451 1.25704 -1.00767 -0.412019 2.78443 -0.818064 2.50514 5.32831 2.46409 1.79555 1.32361 
0.88094 1.2573 -0.0898198 -0.0859263 -0.17341 -0.47687 -1.34686 -0.683366 -1.30005 -0.969108 -2.81997 -1.06028 0.158674 0.96597 1.11383 -2.44184 2.30411 -1.44042 -1.01577 2.03058 -1.08105 2.49489 1.83364 0.877922 -0.633665 0.38263 -0.829819 -2.67013 -1.6959 0.13816 0.311476 -0.0227484 1.76811 0.607122 1.20341 3.21321 6.50641 2.10996 -2.62724 
1.05981 1.43423 -0.201574 1.57025 -0.832366 -1.01982 0.395341 -1.09958 -0.458447 -0.106977 -0.648989 -1.83153 -2.60986 0.319569 0.101901 -1.24859 1.65767 -0.835077 -0.60712 1.70113 -0.654018 1.27283 0.479538 2.70624 -1.27292 -1.32601 -0.784601 -1.36444 2.85026 -1.80112 1.12368 1.18428 -2.2051 1.03093 -2.32889 -2.30839 0.95054 0.438427 1.67838 
1.20051 1.3592 -1.33841 1.57174 -1.00849 -1.08399 0.354276 -1.33738 -0.0272199 -0.48957 -0.113733 -2.3332 -1.16734 0.181369 -0.25061 0.408415 0.502986 -0.316743 0.168518 -0.174519 -0.0501125 0.166 -0.474746 1.82846 -0.195238 2.06101 -0.242338 -0.375901 2.96548 -1.36583 0.727086 0.743515 -1.81855 0.720473 -1.47217 -0.598334 -1.99896 1.88594 2.04735 
1.24118 1.18362 0.20684 2.07323 -1.14911 -0.851304 0.220822 -1.1497 -0.292447 -0.581722 1.17947 -2.02677 -0.548846 0.0772306 -0.274 1.71688 0.291836 -0.107991 0.136394 -0.117413 0.0664552 -0.199334 -0.118796 0.707282 0.613024 0.72134 -0.150691 0.31625 -0.209328 -0.516106 0.330148 -0.295499 0.82377 -0.0121498 -0.453858 1.02769 -1.68683 1.92448 -0.843561 
1.27774 1.0852 0.378468 1.86358 -1.11648 -0.947596 0.236863 -1.27093 -0.226554 -0.608366 0.593548 -1.72018 -0.445996 0.0306782 0.0656406 0.199086 -0.0131199 0.0134052 -0.126981 0.649251 -0.0622624 -0.287858 0.552948 0.141631 1.72924 1.21745 -0.0872042 0.315365 -0.786785 -0.284667 -0.00833348 -0.512384 0.49377 0.0299201 -0.294908 0.1031 0.297139 0.125228 -0.484995 
1.27186 1.24926 0.405926 2.06011 -1.1357 -0.978284 0.870073 -1.21196 -0.580305 -0.0287747 1.3211 -0.297534 0.668606 -0.00997365 0.0413654 0.930097 0.00716888 -0.116324 -0.37599 0.376357 0.0963754 -0.494242 -0.0156962 1.00442 0.738252 0.236345 0.0789206 -0.373616 -0.633842 -0.853761 -0.102606 -0.27371 -1.23122 0.0276143 0.334431 -1.07459 -0.492892 -2.04721 -1.98864 
1.26777 1.12657 1.30857 1.87074 -1.2328 -1.32359 0.61322 -1.17455 -0.720795 -0.624063 1.59797 -0.981924 -0.209651 0.109599 -0.307975 -0.434756 -0.866881 -0.0892004 -0.400691 -0.58197 -0.034648 0.0465734 -0.521646 -0.35126 -0.31797 -0.771192 0.178623 -0.197496 -3.02975 -0.939439 0.210231 0.252847 -0.0476282 -0.441523 0.763243 1.2818 -2.02626 0.49607 -0.00480686 
1.38146 0.941286 -0.0288295 1.19323 -1.2249 -1.37898 0.288104 -1.24661 -0.533732 -0.550421 0.969844 -0.615504 -0.102586 0.168649 -0.156131 -2.09965 -0.93227 0.0939066 -0.123143 0.328729 -0.345147 0.269001 1.2661 -1.02184 1.23432 0.231538 -0.0456408 0.341312 -0.688674 0.688512 0.0375297 0.899091 0.999959 -0.142538 0.46568 1.07193 0.416975 1.05959 1.57961 
1.43642 0.970437 -0.791086 0.938474 -1.1389 -1.44673 0.941948 -1.5197 -0.451794 0.64204 0.576132 0.252398 0.0218865 0.063958 0.0333367 -1.12343 -0.178369 -0.0516707 0.4984 0.41799 -0.177187 0.512253 0.550287 0.0657146 0.741625 0.808421 -0.223401 0.322149 1.44813 1.25815 -0.408786 0.871525 0.0995134 0.627248 0.485247 -1.52038 1.93403 -0.984915 -0.0268803 
1.44541 0.974623 -1.15226 1.01486 -1.27657 -0.880575 0.706093 -1.42379 -0.0214787 -0.000133554 1.03556 0.126121 0.705834 -0.0547516 0.166018 -0.651517 0.325875 -0.314879 0.748383 0.428242 0.282101 0.754249 -0.254281 0.912194 0.249407 0.204657 -0.0455228 0.0107788 1.47997 -0.0987648 0.0710401 -0.972604 0.168397 0.162575 -0.397992 0.309541 -1.00914 -1.13994 -1.56301 
1.38166 1.13646 -1.4426 1.26435 -1.45378 -0.698346 1.37019 -1.2376 0.302455 0.387759 1.48833 0.501806 0.226544 0.0184352 0.0441155 0.356539 -0.277133 0.0193694 -0.474204 0.586387 -0.0146114 0.114262 0.859828 -0.943427 -0.398319 -0.754587 0.113684 -0.25317 1.35151 -0.570709 0.384459 -1.02762 -0.888903 -0.6052 -0.982931 0.856195 -1.60916 -1.05641 -0.00121565 
1.46385 1.01874 -0.795721 0.737731 -1.25721 -1.35478 1.29248 -1.43841 0.0927829 0.859694 0.092131 -0.272197 -0.0487527 0.0589326 -0.0871523 0.699993 -0.244834 0.0695797 -0.279241 -0.460661 -0.323099 -0.228682 0.601914 -0.69697 -0.807003 0.203442 -0.0990587 -0.0757465 0.794661 0.609942 -0.0695947 0.477968 -1.0565 -0.0602007 -0.287919 -1.16706 1.38462 0.923872 -0.359364 
1.4406 1.0493 -0.74261 1.01951 -1.3842 -0.977587 0.909529 -1.5607 0.0737727 0.989673 0.791357 -0.305198 0.429986 -0.0806234 -0.0316309 1.1512 0.332809 -0.0502253 0.00376389 -0.470111 -0.074812 -0.173658 -0.307228 0.441195 0.525553 -1.11395 -0.188173 0.19126 0.681387 0.593342 0.0349201 -0.280823 0.173224 0.43495 0.819066 -0.162233 -0.532052 0.0124798 -1.07624 
1.38323 0.987108 0.355478 1.07054 -1.30743 -1.35102 0.822369 -1.51322 -0.0808748 0.552467 0.533326 0.253356 -1.1627 -0.129241 0.104107 1.38138 0.348507 0.1045 -0.560064 -0.287437 0.111851 0.590384 0.439681 -1.22902 -0.794523 -0.872794 0.030707 0.0321567 -0.537615 -0.150701 -0.0115903 -0.36519 0.58771 0.208349 0.589846 0.544859 -1.79078 -1.10532 2.19121 
1.31136 1.15341 0.63877 1.36802 -1.2797 -1.53765 0.622092 -1.44885 0.664157 1.42935 -0.437665 -1.09972 -0.442808 -0.0499165 0.000525754 0.613585 0.182107 -0.0618156 -0.361426 0.117599 0.133537 0.416189 0.237632 -1.34958 -0.579763 1.07726 0.0993848 -0.145021 -2.2115 -0.821253 -0.175819 0.560609 0.719477 -0.123776 -0.990187 -0.141891 1.25253 1.5362 0.300887 
1.33331 0.987633 0.969063 1.25265 -1.36925 -1.71244 0.939967 -1.37968 0.335314 0.790098 -0.816256 -0.326407 -0.0854442 -0.0298557 -0.0409133 -0.830121 -0.472746 -0.0713188 0.000544762 0.43204 -0.0119255 -0.399803 0.29779 0.0235058 0.74168 -0.571907 0.0218611 0.174717 -2.33468 0.0686912 0.146415 0.795321 0.561779 0.04005 0.21785 1.16788 2.51493 1.79092 -1.55899 
1.2815 1.1125 -0.191351 0.895276 -1.35101 -1.53711 1.05413 -1.46077 0.264354 1.72714 -0.414159 -0.358041 -1.01471 -0.0280554 0.175243 -1.7211 0.250799 0.0845998 0.433894 0.679378 0.173587 0.634039 1.40552 1.16534 1.21116 -0.481729 -0.0357009 0.0112669 0.229279 1.03314 -0.136675 0.56598 -1.01741 0.264681 0.171182 -0.432317 1.41632 -0.727526 0.793152 
1.30525 1.16288 -0.752033 1.50345 -1.28465 -1.27855 1.61935 -1.20609 0.969353 2.19561 0.349087 0.884749 -0.567173 -0.0655566 -0.0296465 -0.600842 0.560393 -0.207994 0.566525 -0.585375 0.252756 -0.228621 -0.134527 1.43982 0.0141546 0.221245 -0.0438232 -0.415761 2.77928 -0.53068 -0.278255 -0.0509892 -1.70218 -0.606608 -1.50185 -1.86106 -0.817556 -1.54266 1.20995 
1.21594 1.08285 -0.792193 1.45567 -1.55901 -0.970581 0.468756 -1.20802 0.0357334 1.59262 1.02567 -0.343886 -0.79347 -0.0718786 -0.240518 1.05819 -0.279881 -0.193655 0.382905 -1.0228 -0.433021 -0.867806 -0.455543 0.347788 -0.331506 0.728219 0.133929 -0.379563 2.14249 -0.938632 0.450904 -0.638739 0.346403 -0.297813 0.382244 -0.462935 -1.81522 0.0186795 0.764911 
1.23338 0.922359 0.306152 1.22356 -1.4783 -0.895641 0.596548 -1.63912 0.101546 1.74007 0.696875 0.553242 0.161046 0.0683726 -0.40921 1.54165 -0.378239 0.24291 -0.0722144 -0.238972 -0.0450576 0.153623 -0.597462 -0.375391 0.0328341 0.986156 0.0773738 -0.0491642 -0.512018 0.671418 0.307681 -0.788461 0.913359 0.737114 1.24041 0.00124839 -0.620452 -0.593924 -1.14292 
1.28432 0.673641 0.749459 1.07743 -1.3161 -1.0428 0.229784 -1.25308 0.189357 0.995156 0.650274 -0.311052 0.192686 0.00549522 -0.289682 0.546167 0.391536 0.114027 -0.405556 -0.109439 0.304093 0.372604 -0.454294 -0.272665 -0.92543 -0.414704 -0.14527 0.464398 -2.65807 -0.064037 -0.384697 -0.45406 0.476911 -0.128349 -0.722891 0.335951 -1.43255 -1.54044 -1.91955 
1.23887 0.632677 0.852319 1.6151 -1.36427 -1.3012 0.48711 -1.33502 0.47415 1.28578 0.42421 -0.372188 -0.253658 -0.076897 0.0551883 -1.11641 -0.442276 -0.141787 -0.526275 0.237939 -0.173407 -0.569267 -0.261511 -1.80794 -1.5076 -0.933392 -0.0782481 0.67033 -2.71639 -1.22307 -0.15639 0.470192 0.690953 0.0989605 -0.415385 -0.385314 -1.26531 1.05075 1.97924 
1.20742 0.728829 -0.366954 0.635153 -1.45789 -1.56907 0.467723 -1.42648 -0.379911 0.733645 -1.15767 -1.81866 -0.740706 -0.0727529 0.380649 -2.17023 -0.83153 -0.0423637 0.0646356 0.581515 0.403054 -0.0427812 -0.839608 -1.53798 0.125322 1.56454 0.044958 0.0626871 1.55567 0.50523 0.23433 0.95276 0.582136 0.776902 0.751342 0.341472 2.79913 3.41648 2.33977 
1.16612 1.01333 -1.31791 0.783571 -1.40664 -1.23656 1.06862 -0.931968 0.431369 0.446169 -1.11377 -0.246865 1.31088 -0.031939 0.117875 0.439251 0.0629537 0.0925427 0.426485 0.820075 0.603495 0.182075 0.0799609 0.991189 1.90888 1.40638 0.0392146 -0.425906 3.99927 0.969514 0.212358 -0.205144 -0.511518 -0.662639 0.392631 2.06635 2.41711 -0.124414 -3.34691 
1.17548 0.846704 0.0722972 0.698107 -1.36534 -1.14259 1.2878 -0.822988 -0.197836 0.813606 -0.166479 0.0902243 0.66567 -0.0335382 -0.0452573 1.82905 0.137985 0.169994 -0.140508 0.0699965 -0.259585 0.34985 1.22674 0.879136 0.000908577 -1.78238 -0.125274 0.227692 -1.36524 -0.0878397 -0.151197 -0.746582 -1.3512 -0.918549 -0.0299233 -0.473231 -1.71639 -2.96491 -2.89051 
1.13258 0.968068 0.511138 0.921556 -1.23664 -1.37707 1.13862 -1.19155 0.781219 1.67291 -0.23463 -0.245957 -0.471499 -0.157213 0.345567 -0.925991 -0.0248859 -0.0586544 -0.320097 -0.531122 -0.315054 0.152152 -0.39327 -0.725206 -1.05603 -1.48414 -0.0297643 0.193584 -1.0766 -0.629948 -0.068785 0.179263 0.0682499 0.75147 0.150163 -2.25915 -1.74378 0.270041 3.42916 
1.01827 1.19227 -0.853694 0.673221 -1.424 -1.46268 0.756676 -1.13804 -0.0456839 0.420336 -0.891685 -0.965802 -0.818469 -0.0633025 0.148326 0.752449 -0.491963 0.101209 0.0387542 0.138246 0.491885 0.500013 -1.03241 -0.864648 0.270949 1.64679 0.107192 -0.335956 2.63101 -0.264199 0.325369 0.186303 1.29034 0.903109 1.1136 0.629545 -0.15715 1.56749 3.87604 
1.06928 1.11639 1.26359 0.429593 -1.13544 -1.33832 1.27687 -0.699669 1.28123 0.640491 -1.09928 0.0249924 1.17529 -0.0500207 0.00961062 1.70502 -0.289085 0.266714 -0.133794 0.759218 0.588055 1.26575 0.236275 -0.882356 0.511462 2.3919 -0.162614 0.139679 -2.4745 0.445917 0.0860324 -0.197569 0.0635117 -0.303367 -1.35769 1.95732 0.530549 -0.347907 -1.40176 
0.968246 1.20188 0.851323 0.384136 -1.15728 -1.59648 1.51589 -0.549987 1.22007 0.656611 -1.77404 -0.45434 1.57343 -0.225916 0.288005 -1.72205 -0.0460457 0.187242 -0.158815 0.201758 0.188517 -0.857674 0.924905 -0.334099 -0.0769574 0.245029 -0.153705 0.152884 -2.0115 -0.0599473 0.0827107 0.808201 -0.695074 -0.789026 -1.7304 0.514615 0.917549 -0.443752 -3.23163 
0.843361 1.4044 -0.458463 0.383547 -0.948193 -1.49713 1.47863 -0.511152 0.423559 1.5654 -1.43338 -0.051965 1.42032 -0.203726 0.162495 -0.306482 -0.349032 0.349425 0.674407 0.0641444 -0.200971 -0.464646 0.75089 0.0351937 0.0677106 -0.839723 -0.112056 -0.247218 1.86125 -0.225832 0.0342444 1.21215 0.279219 -0.137556 -0.271085 -2.06637 -0.699467 0.764118 -1.59684 
0.764521 1.36438 0.544841 0.0351039 -0.807858 -0.92207 1.58004 -0.750958 0.755421 1.4075 -1.73885 -0.386629 0.73371 -0.337972 0.0407868 0.139197 -0.271878 0.221486 1.05333 0.480977 0.0509612 -1.12876 -1.14147 -1.03357 0.687161 -1.35181 -0.234833 0.00882942 0.538703 -0.830468 0.172765 0.592001 0.243644 1.17082 -0.0217724 -3.04925 0.0478802 1.60079 1.50109 
0.505389 1.44519 -0.319266 0.111669 -0.726707 -0.443797 1.9596 -0.460191 -0.7052 0.423927 -2.46694 0.635196 0.0685041 -0.438558 0.171324 0.232221 -1.1795 0.52219 1.26641 0.307789 0.969849 -0.486418 -2.29836 0.0830739 1.6685 0.661362 -0.119302 -0.228749 0.547483 -1.74546 0.523924 0.10177 -1.895 0.724807 1.93095 -1.83536 2.41391 -1.19848 2.37804 
0.325963 1.5357 0.777062 -1.1444 -0.285669 0.344337 1.88783 0.218891 0.269003 -0.89086 -1.65577 1.28187 1.39507 -0.457274 -0.187963 0.68668 -2.01734 0.74541 1.1551 -1.41402 0.775769 0.802189 -2.97683 1.38034 -0.511315 1.02623 -0.266717 -1.0928 0.371419 1.34789 0.114895 -0.536604 -1.15222 -0.476349 0.514259 2.31843 0.1454 -3.53533 -0.876714 
0.0481148 1.25722 0.367414 -1.90567 0.0187026 0.711307 0.545579 0.315578 0.0969883 -2.5529 -1.0866 0.123881 1.09473 -0.705275 -0.921479 0.60364 0.16839 0.637084 0.729804 -0.844429 0.4935 0.0278405 0.0200726 0.228474 -1.86684 -0.215352 -0.355683 -1.27221 0.975699 4.18246 -0.0126573 -1.32569 1.06089 -0.248387 0.175705 5.15398 -0.744997 0.849625 -2.74386 
-0.379313 0.614223 1.3807 -0.976006 0.351415 1.07414 1.0434 0.71239 0.296843 -0.870787 -1.4273 -0.58497 1.17972 -0.812957 -1.46017 1.66238 2.16512 0.732753 -0.17059 -0.353131 0.527381 0.977894 2.17715 0.635342 0.338309 -1.71763 0.279054 0.0672661 -1.01584 0.339094 -0.190929 -0.72754 0.696226 0.0869225 0.678274 0.942776 2.15935 3.33443 -1.70648 
-0.764842 -0.20295 2.02979 0.259444 0.751455 0.540717 0.192448 0.842959 1.07488 -0.375756 -0.451263 0.46219 -0.622901 -0.426222 -0.854213 -0.412201 0.507485 0.446155 0.00226407 -0.148204 0.580422 0.706114 0.962848 2.38783 1.46759 -1.92183 0.724848 1.40572 -2.62035 -2.81345 -0.718405 0.804878 1.3667 -0.312933 -2.0151 -3.35074 -1.60539 -0.960516 1.81576 
-0.805535 -0.23999 0.968501 -0.468522 0.797571 1.07641 0.895194 1.29281 1.00296 0.0920614 0.960527 0.882625 -0.742111 -0.0881094 -0.054455 -0.95797 -0.648336 0.0143479 0.634288 1.01357 0.214449 -1.03721 -1.17359 -0.970052 -0.622207 0.098123 0.360521 0.606983 0.777041 -0.508398 -0.453796 -0.0706787 0.167223 -0.28269 0.0251454 -1.27877 -4.23646 -1.43662 3.21084 
-0.852952 -0.257405 1.07182 -0.388892 0.765803 1.17501 1.20602 1.05741 0.0376714 -1.54935 -1.42131 -0.160016 -0.524778 -0.0657011 -0.24723 0.364841 -0.000913366 -0.00764072 -0.0684146 0.0190191 0.297732 0.73126 -0.315926 -1.84863 0.0309724 1.28901 -0.0235522 -0.344712 1.33667 1.26426 0.0322429 -1.17311 -3.51931 -0.126581 3.49834 1.57713 1.77986 0.00631241 0.605762 
-0.871236 -0.48722 1.33334 -0.469435 0.78993 1.00799 0.914213 1.59054 1.73422 -0.223864 -0.888104 0.913597 0.546895 -0.111662 -0.399167 0.378702 0.615924 0.0465907 -0.53882 -2.50574 0.0878678 2.46113 0.403544 0.809811 -0.615894 0.703885 -0.015593 0.151714 -0.875714 0.0322428 -0.18839 -0.435109 -1.61463 -0.868079 -1.88689 -0.466768 3.21283 -0.647701 -0.666929 
-0.964613 -0.656572 1.45053 0.227032 0.812394 0.636186 -1.29972 1.14528 2.4988 -1.1458 -0.611503 -0.775911 0.179107 -0.081294 -0.0955157 -0.510874 0.0313294 -0.196031 -0.503523 -1.59561 -0.570347 -1.15563 -0.782694 1.3642 -0.616729 0.622077 0.175178 0.464683 -2.00606 -1.1457 -0.0945932 0.492936 2.61217 -0.958533 -5.86607 -0.179646 -0.916875 0.470015 -2.83107 
-0.95253 -0.582736 0.822467 -0.438106 0.593899 0.504467 -0.681399 1.0202 0.57859 -1.00656 0.476098 0.296868 1.16897 0.0635168 0.0655166 -1.62736 -0.529772 -0.0480025 -0.0458835 0.106428 -0.870665 -3.40494 0.223898 -0.107063 -0.145879 -2.12718 0.115213 0.0194561 -0.922382 -0.0548115 0.323784 0.546651 1.35017 0.347752 -0.912009 0.713077 -1.42571 -0.183519 -2.57435 
-0.901096 -0.591055 -0.176833 -0.30274 0.764391 0.590303 -1.19329 0.274611 -0.906138 -0.921904 -0.718567 -0.92179 -1.94807 0.0339187 -0.0760596 -1.43326 -0.023482 0.127753 0.0431277 -0.245442 -0.222595 -2.06764 -0.0696174 -0.0615033 -0.800248 -1.95227 -0.0315273 -0.208045 1.91982 0.915284 0.115062 0.673024 0.43916 1.64798 3.39104 0.258551 1.30321 0.886022 5.35923 
-0.918611 -0.658795 -0.610788 -0.461588 0.721652 0.547595 -0.926841 0.797602 -1.48905 -1.07618 0.414594 -0.50338 -0.783298 0.0319895 -0.142528 0.29246 0.385512 0.0670595 0.62714 0.545589 0.777315 -0.0138938 0.482449 1.19614 0.740143 3.23205 -0.0143824 -0.648705 1.10009 -0.699013 -0.217604 0.564912 0.497804 0.929243 3.67727 0.522722 0.212632 2.81071 4.99114 
-0.869107 -0.733583 0.115627 0.0827721 0.831451 1.21744 -0.647706 1.05193 -0.920031 -0.439456 0.477577 -0.181646 1.28397 0.0195362 -0.724765 -0.333169 -0.722495 -0.0898507 0.60804 0.252362 0.706647 1.60964 0.453104 0.151129 2.01047 3.03887 -0.104239 -0.0362523 -1.05372 -0.955423 -0.0149786 -0.844481 -0.73076 -0.959143 2.53627 0.0602425 -0.962263 0.0372362 -3.68559 
-0.899075 -1.38356 -0.943957 -1.18408 0.631801 1.15563 -0.674479 1.50425 0.120592 -0.623071 0.565723 1.50709 2.25557 -0.07225 -0.17878 -0.761263 -0.569911 0.0520809 -0.217341 -0.185172 -0.181829 2.52238 0.542691 0.233881 0.77738 -0.453547 -0.0547611 1.24202 0.599799 1.55535 0.228036 -1.09398 -0.614467 -1.87004 -1.57254 0.152891 0.314042 -2.59479 -4.38791 
-0.941357 -0.912364 -0.645636 -0.487139 0.883532 1.0001 -0.832878 0.870097 1.60235 0.103235 0.711458 0.595733 0.830426 -0.0352249 0.51725 0.26663 0.832853 0.138186 -0.485941 -0.362105 -1.1634 0.0370987 0.605995 0.465171 -0.584326 -1.34904 0.105463 0.560414 2.9207 1.033 0.205259 -0.00784948 -0.3684 -0.248806 -5.50748 -1.13833 -0.518714 -0.25201 -0.0647185 
-0.9343 -0.86631 -0.677327 -0.35123 0.769987 0.669694 -1.03658 0.340854 0.157691 -0.0170758 1.03089 0.92276 0.906532 0.0332126 0.381634 2.15944 0.463088 0.25734 -0.22519 -0.553571 -0.430635 -2.9851 -0.595637 -0.284833 0.52537 -0.518265 0.102559 -0.358507 0.719757 -0.247286 0.147376 1.00137 0.500936 1.75821 0.201607 -0.607814 -0.752307 0.521099 0.188584 
-0.908144 -0.53073 1.5138 -0.0240513 1.14087 0.774912 -1.38645 0.439462 -1.38275 -0.492401 0.426625 1.1211 0.312161 0.067334 0.158743 0.986387 0.585567 0.285562 0.51543 0.138831 0.594811 0.238706 -0.00181881 -0.287136 -0.0632274 -1.16046 -0.0087725 -0.663025 -4.63965 -0.930667 -0.56794 0.681986 0.510222 0.543409 4.59503 1.19125 -0.0852967 -2.52646 -0.323833 
-0.866966 -0.707567 0.30906 0.234337 1.05555 1.18512 -0.897753 0.935665 0.396396 -0.0188946 0.743758 0.859533 -0.253927 0.0244401 -0.281391 -2.48021 -0.46758 -0.3106 0.456796 -0.0433497 0.112774 1.60994 0.595612 -0.37013 -2.00109 -0.842098 -0.133752 -0.206921 -0.894367 -1.16752 -0.619617 -0.947671 -0.212474 -0.557699 -0.57509 -1.24043 -0.932244 -2.02955 2.15671 
-0.883704 -0.812121 -0.966408 -0.491631 0.830271 1.23171 -1.4298 0.552236 0.227184 0.103211 0.0564953 -0.879988 -0.529937 -0.0664181 -0.0481773 0.0920195 -0.581956 -0.334055 -0.432242 -0.0736427 0.0371122 -0.336384 -1.24225 -1.21938 -2.09278 0.996251 -0.0641574 0.0181 3.10152 0.0527281 0.276599 -0.578387 0.813637 0.595281 -2.8193 -1.44857 -0.78359 1.21969 1.93591 
-0.933384 -0.755744 0.401079 -0.347619 0.721494 0.752882 -0.971395 0.972777 0.0600123 -1.26114 -0.475621 -1.23324 0.742324 -0.0397174 -0.263291 0.621309 -0.414852 -0.0340014 -0.121591 0.770288 0.708055 -1.20937 -0.852957 -1.15372 -0.781398 1.09382 0.161361 -0.240955 -1.1927 0.727026 0.544928 0.366846 -0.134246 -0.107877 0.22398 1.88082 1.75643 2.94581 -2.10119 
-0.923422 -1.07541 -0.3451 -0.906483 0.79627 1.11012 -0.659511 1.26029 -0.982184 -0.749747 -1.09722 -1.66139 0.563879 0.0949426 -0.289132 -1.10068 0.14507 0.210872 -0.0653959 -0.207889 -0.070765 -0.112404 0.638578 0.537048 0.853038 -1.10494 0.0359007 0.471924 -0.654399 1.01471 0.079327 -0.727263 -0.946203 -1.03337 2.04583 0.840842 3.05404 3.19001 0.439403 
-0.838441 -1.04488 -0.699599 -0.202549 0.932366 0.687486 -1.17928 0.902012 -0.0523921 -0.622563 0.0614266 -0.380204 -0.362613 -0.0038167 0.208633 -0.0330907 0.599863 0.0453256 -0.848854 -0.175915 -0.325318 0.836462 -0.0121148 1.90032 2.40861 1.53322 -0.139236 0.411643 1.35818 -0.880685 -0.349851 0.0462478 -0.263504 -0.0178211 -0.312581 -1.09132 -1.52863 0.137378 2.76405 
-0.927238 -0.86678 -0.37819 -0.30662 0.841595 0.261264 -0.835426 0.934973 -0.145722 -0.761861 0.803094 0.747225 2.0971 -0.0442933 0.12251 0.257501 -0.735615 -0.138978 -0.0191481 -0.471393 -0.0885861 -0.424986 -0.452743 -0.991586 0.990416 1.65911 0.0336584 -0.217057 -1.51025 -1.45681 -0.206135 1.02619 0.162734 -0.0114245 -1.21037 0.139631 -4.03278 -3.74835 -3.05958 