-1.10374 -1.49397 0.954163 -0.413192 0.759393 0.237628 0.268849 1.4188 1.00066 0.516499 1.33271 1.85357 0.970578 0.0285598 -0.0718115 -0.30456 -0.498032 -0.104251 -0.655385 -1.05709 -0.584065 -0.304152 -1.58226 -0.756853 -0.405148 -1.02584 0.134561 0.566145 -0.23101 0.256752 -0.203674 -1.31642 -1.89648 -1.05491 -2.98858 -0.66604 -0.66879 -1.37928 -0.380326 
-1.09988 -1.29436 0.599569 -0.68822 0.768218 -0.546328 -1.021 0.717245 0.536884 0.147214 0.718841 1.10577 -0.229124 0.0258065 0.141582 -0.137321 0.00923176 -0.400952 -1.06307 -1.04726 -0.722401 -1.57579 -0.53754 -0.460372 -0.459289 -0.0321693 0.0487891 -0.0302465 0.310945 0.509755 -0.0307582 0.903432 1.15069 0.725285 0.573494 1.6641 0.0545293 0.170198 2.35242 
-1.07794 -1.35239 0.816842 -0.40396 0.358441 -0.825439 -0.778408 0.696398 -0.575122 -0.0210408 0.87234 1.39428 0.938409 0.0773489 -0.102058 0.00638481 0.0117235 -0.135009 0.248047 0.0935982 0.14122 0.269342 0.0818373 -0.702324 -0.23495 1.32658 0.0643167 0.105556 -0.110147 -0.53258 0.904056 1.53268 0.669951 0.939679 2.854 1.19138 0.281384 -0.684641 0.302652 
-1.02253 -1.39641 0.605954 -0.676497 0.63321 -0.298281 -0.927402 0.858465 0.806226 0.229052 0.0165171 0.870816 1.09746 0.0901232 0.247139 -0.247469 -0.523348 0.503104 0.469615 -0.377306 0.217278 1.27821 0.653839 -0.178988 -1.14393 0.270483 -0.127868 0.322517 0.0560894 0.158722 0.293771 -0.107422 0.371629 -0.267805 -0.931842 0.139689 1.64749 0.181442 -1.56097 
-0.987814 -1.10525 0.569373 -0.927308 0.861545 -0.355825 -1.15571 0.913675 0.703092 0.632798 0.693352 0.250353 1.20889 -0.0505196 0.220459 0.0624742 0.170445 0.158762 0.140624 0.465227 -0.126584 -0.6625 0.221526 0.945166 -0.0535083 -0.234387 -0.169563 -0.356181 0.272722 1.0578 -0.531075 -0.481181 0.876958 -0.228935 -1.30899 -0.43913 -0.234618 1.23524 -0.234414 
-1.07305 -1.17596 0.668428 -0.506051 0.791972 -0.157657 -0.462175 0.73188 0.143725 0.450578 0.961683 0.817308 0.863068 -0.0794399 -0.109042 0.0252532 0.534451 -0.0279713 -0.0115667 0.499651 -0.011657 -0.030774 0.214709 -0.413606 0.091308 0.0360684 0.0755026 -0.262736 0.00912595 -0.321149 -0.366332 -0.271004 -0.682848 0.118505 0.0713079 0.345525 -1.49115 -0.802485 0.442854 
-1.06725 -1.21429 0.594627 -0.392857 0.833574 -0.367392 -0.656062 0.902018 0.672318 0.847507 0.279746 0.341661 1.24496 0.024983 -0.042277 0.0716001 -0.150703 -0.20757 -0.13038 -0.217621 -0.0080792 -0.591192 0.567051 -0.545981 -0.855994 0.208467 0.139581 0.153036 0.179741 -0.771028 -0.0118277 0.571535 -0.144663 0.184291 -1.19788 0.24246 0.62455 1.35592 0.0779989 
-1.04807 -1.21823 0.740028 -0.656755 0.584402 -0.288037 -0.679796 0.723801 -0.447467 1.01763 0.415702 -0.0386862 1.07154 0.0601412 0.0439936 0.204994 -0.236577 -0.0397991 0.559968 0.354989 0.172634 -1.22866 0.457169 0.210944 1.44723 0.114067 0.01515 0.559057 0.150312 0.595964 0.608537 0.0898521 0.313814 0.220133 1.28718 -0.617345 -0.0777629 2.00666 0.0333144 
-1.00711 -1.1703 0.799621 -0.629434 0.793775 0.192576 -0.301074 1.07465 -0.556337 1.30468 0.49069 1.78889 1.35903 0.0401331 0.51678 0.221913 0.44526 0.400967 -0.0405274 0.0961929 0.212054 0.695988 -0.0502934 -0.623744 1.15066 0.241781 -0.0901964 0.244858 -0.0481906 1.05472 0.198325 -0.589921 -0.319124 -0.154936 1.98952 -1.27365 0.934569 -2.82771 -1.74998 
-1.00793 -0.701453 0.961941 -0.211495 0.985369 -0.328564 -0.583603 0.935855 0.248521 0.967336 -0.208042 1.11198 1.31332 -0.0300553 0.288852 0.156804 0.818141 0.158526 -0.0299534 0.0358648 0.0176979 0.760861 -0.816479 1.14551 -1.38049 -1.63591 -0.107069 -0.84138 -0.295345 -0.0529382 -0.346531 0.95115 0.35968 -0.279301 -0.15416 0.275435 1.90213 -1.91113 -1.06541 
-1.03717 -0.881444 0.956425 0.188707 0.9523 0.162623 -0.265209 1.09235 0.204523 0.488197 1.6362 0.408404 -0.276881 -0.0669359 -0.3246 -0.0734321 0.392322 0.0544367 0.910623 0.455873 -0.0672472 0.541829 0.225142 1.27839 -0.760465 -0.82363 0.16792 -0.00123613 -0.122934 -0.426655 0.0115874 0.113438 -0.228527 -0.200981 -1.35643 0.446942 -3.12979 -0.0324993 0.672956 
-1.07487 -1.02605 0.888509 0.180828 1.03981 0.582059 -0.12773 0.868608 0.79035 1.19248 1.07035 0.351511 0.489687 0.137865 0.287615 0.0338697 0.391487 0.170113 0.0834849 -0.192663 -0.183283 -0.595567 -0.369537 -1.98428 -1.41299 -0.962952 0.292835 0.610415 0.429965 0.0596276 -0.039353 -1.30482 -0.571536 0.431698 -1.53739 -1.08321 -2.83135 0.284693 -0.228975 
-0.899303 -0.593829 0.990294 0.580194 1.12241 0.246108 -0.457871 0.909068 -0.391044 0.11866 -0.348077 -1.00458 -1.23983 0.225899 0.285816 0.356533 0.45195 0.0150837 -0.394201 -0.115664 0.364451 -0.995565 -0.85807 -1.55296 -0.475772 -1.0526 -0.173831 -1.03838 0.223119 -1.60758 -0.517641 0.160726 0.261236 0.516925 0.612267 1.14618 2.81379 2.74738 2.02384 
-0.848971 -0.740237 1.24504 0.632777 1.05489 0.187858 -0.243394 1.23306 -0.205215 0.334407 -0.482614 -0.12426 -0.562918 -0.0359661 -0.750768 0.256988 -1.21609 -0.347528 0.24421 0.0685739 0.333643 0.0166995 0.776641 0.829511 1.3344 1.06088 -0.208489 -0.0567382 -0.503668 -0.141062 -0.222928 0.0130333 -0.0818395 -1.09504 0.45127 0.939569 3.20527 0.478769 0.308317 
-0.935269 -1.3446 1.24728 -0.635895 0.774886 0.490318 -0.389297 1.24271 -0.374345 0.895301 0.481434 0.329815 -0.178948 0.01741 0.229077 -0.147135 0.310888 -0.207844 -0.381168 -0.197503 -0.730588 -0.544295 0.0814985 1.65231 0.00299787 -0.744288 0.332108 2.5039 -0.253167 2.81872 0.510664 -0.75385 -0.837086 -1.30025 -0.323252 -1.03895 0.277192 -1.43022 -2.31568 
-0.831561 -0.51116 1.09791 0.943665 0.847045 -0.19331 -0.440898 0.502471 -0.749509 0.415906 1.16969 -0.121262 -1.30721 0.296142 1.75313 0.00382115 1.60263 0.163136 -0.50964 -0.768512 -0.96661 -0.306552 -0.262307 1.1067 -0.0958264 -1.2548 0.186173 0.858658 0.125475 -0.825558 0.317294 0.46007 -0.569468 0.0664291 -0.195811 -0.238063 -1.62974 0.721487 0.118487 
-0.639128 0.408538 1.2511 0.966733 0.938022 -0.0193213 -1.15781 0.2761 -0.680897 0.632994 1.58814 0.233989 -1.43374 0.203583 1.08774 -0.0216606 -0.51467 0.10945 0.0789028 -0.766971 -0.664159 -0.740106 -0.156565 0.0225732 0.724485 -0.6258 -0.371107 -1.83679 -0.192408 -2.66684 -0.222974 0.641735 0.806695 0.749285 -0.177609 -0.554433 -1.90966 0.345436 1.40972 
-0.627978 0.576575 1.07625 0.428995 0.956494 -0.114407 -1.20787 -0.161689 -1.48962 0.259341 1.19227 0.603223 -1.93301 -0.0749658 -0.083657 -0.188587 -1.06421 -0.059838 0.132096 0.0381836 -0.217325 -0.484162 -0.81674 -0.802952 0.249609 0.154926 -0.233549 -1.64189 -0.177657 0.0737951 -0.18651 -0.221195 0.819758 0.956546 0.556587 -0.658687 -1.00008 -1.16048 1.1885 
-0.714093 0.324881 1.06252 -0.0974766 0.878184 0.112774 -1.11963 0.0587745 -1.16506 -0.183746 0.785184 0.483598 -1.27882 -0.0299661 -0.554154 -0.199318 -0.440875 -0.0770606 -0.142292 0.052787 0.292387 -0.183519 -0.815252 -0.977508 -0.435999 0.562704 0.282151 0.425701 -0.144362 1.57062 0.259667 -0.945051 -0.459103 0.182473 -0.335773 1.63223 1.15968 -1.58483 -0.0284407 
-0.657944 0.0224217 0.876928 -0.0118794 0.879434 -0.256699 -1.15508 0.130698 -1.67313 -0.555911 0.21476 0.167224 -1.3703 0.207185 0.342044 -0.332949 0.506406 0.199829 -0.812956 -0.420919 -0.0348526 -0.819935 0.815487 0.356732 -1.33522 0.126486 0.681073 2.04284 -0.387807 -1.00562 -0.261676 0.37389 0.0679289 -0.837087 0.64581 2.50878 1.84276 -0.992833 -1.72661 
-0.506908 0.666925 0.729568 0.408929 1.07801 -0.700182 -1.54054 0.0239218 -1.98499 0.63174 1.14192 -0.851622 -1.15233 0.651107 1.48868 -0.587124 -1.44649 -0.338736 0.231597 0.120716 -0.5447 0.462291 1.69353 0.865248 -1.42883 -1.16391 0.985794 0.769486 -0.830136 -2.49176 -1.69779 1.86177 1.04302 -0.844736 3.33973 -1.20002 -1.64546 1.49552 -0.167837 
-0.00683687 1.5111 0.289804 -1.45837 0.540698 -0.025102 -1.03437 -0.414002 -1.21084 1.13762 1.08001 -1.26161 -2.53421 1.19298 1.11153 -1.16308 -1.98536 -1.49796 1.04881 0.622102 -0.879588 2.5198 -0.384533 -1.28873 0.160303 -0.0413518 0.331728 -1.87316 -0.668861 2.53628 -1.43716 0.890481 0.187202 0.0675378 1.50464 -3.49159 -2.35258 1.79219 2.56747 
0.686071 1.77845 -0.433516 -1.57643 -0.419951 0.34863 -0.918443 -0.855667 0.534802 0.247207 -0.146811 -0.691319 -1.19368 0.982836 -0.38448 -1.25599 1.08979 -1.77589 1.12208 0.307918 -0.477162 1.96693 -1.79806 -1.48733 0.363359 1.40356 -0.791769 -2.19796 0.455642 3.17908 0.26163 -0.289683 0.0593551 0.875744 -3.11744 -0.711431 1.19027 -0.319622 1.04854 
0.975999 1.12662 -0.966182 -0.368585 -1.2352 1.09698 -0.726448 -0.891164 0.756087 -0.660442 -0.40732 -0.89825 -1.13065 0.40121 -1.08643 -0.707443 1.19372 -1.23633 0.759129 0.681457 -0.00384485 -0.59764 -1.09596 -0.0984558 -0.159319 1.00719 -0.80385 -0.48445 1.21183 -1.08968 1.45951 -1.16081 0.428186 0.340264 -2.73852 1.34668 1.52561 -0.934797 -0.423345 
1.08728 0.692024 -1.14096 -0.382703 -1.65628 1.10776 -0.236986 -0.859511 -0.0628377 -0.848756 -0.245267 -0.850638 -0.186491 0.178986 -0.86893 -0.0441556 0.000102811 -0.316382 -0.0387341 0.736103 -0.136898 -0.771585 -0.451379 0.0382772 -0.571438 0.980215 -0.234588 0.665889 0.634267 -0.428712 1.5487 -0.492017 -0.271848 -0.164775 0.128139 1.21579 0.137467 -0.327825 -0.760108 
1.15499 0.257694 -1.01034 -0.368482 -1.55158 1.05824 0.00965527 -1.02806 -0.0154977 -1.11182 -0.369043 -1.46969 -0.150432 0.166622 -0.420542 -0.0731754 0.765013 0.312369 0.267112 0.409608 -0.16862 -0.469501 0.119828 0.0390113 -0.487144 0.247085 0.0769025 -0.0025168 0.295153 -0.376812 0.958224 -0.0722596 0.00564266 -0.323593 0.538301 1.19997 0.157732 1.76583 -0.669691 
1.2539 0.271482 -1.21413 0.38231 -1.34392 1.37487 0.172622 -1.02813 -0.532338 -0.728928 -0.206256 -1.33778 0.0605934 0.255889 -0.871447 0.250998 -0.376709 0.641842 -0.110994 0.741746 -0.460492 -0.233284 0.748588 0.196009 1.19439 0.310524 -0.177953 0.389498 0.0575121 -0.961761 -0.773161 -0.0621041 -0.514047 -0.146725 -0.15332 -0.0474708 -0.116306 1.51151 0.0469728 
1.41087 -0.613753 -0.75934 -0.745191 -0.909736 0.947249 0.751401 -1.48855 -0.248782 -0.363233 -0.173034 -0.275297 0.160092 -0.0113304 -0.031044 -0.0156633 -0.196748 -0.460792 0.205008 -0.104439 -0.315345 -0.622821 0.0723572 -0.0772946 1.02436 0.294058 -0.436581 1.90441 -0.602593 0.988879 -1.46979 0.811583 -1.01669 0.725236 -0.245788 -1.20449 -0.0763353 -1.49353 -0.192557 
1.24257 0.240438 -1.2298 0.185562 -1.80471 1.57988 0.0681829 -1.34348 -1.15516 -0.656571 -0.283551 -0.31342 0.354651 -0.180692 1.03296 -0.351595 0.61217 -0.827949 0.700589 -0.274944 0.264745 -0.479072 -0.455898 0.119674 -0.29914 0.117968 -0.0605718 -0.16419 0.0399873 -0.467261 0.578633 -0.523152 0.259375 0.0540414 0.747059 -0.930231 -0.328749 -1.67572 -0.768764 
1.23018 0.419211 -1.11093 -0.133021 -1.73768 1.64784 0.476457 -1.22381 -0.727854 -0.81913 -0.0533602 -0.574438 0.27806 -0.0719021 -0.195234 0.0243239 -0.66401 0.117841 -0.318143 0.154936 -0.261303 0.124238 -0.857874 -0.406043 -0.651361 -0.474706 0.139643 -1.2883 0.210811 -1.00526 0.738352 -1.15118 -0.127294 -0.591429 -0.063175 -0.449389 -0.901691 0.508273 -0.655278 
1.17067 0.0452031 -1.20547 -0.478448 -1.68687 1.26174 0.223119 -1.60478 -1.03092 -1.51444 -0.689594 -0.964781 -0.120055 -0.0410491 -0.255336 -0.140784 -0.393091 -0.0895962 -0.450595 -0.402238 -0.326684 -0.542247 -0.905287 -0.782017 0.209133 -0.53731 0.216957 0.164304 0.355684 0.475835 0.526575 0.270538 0.945999 0.466967 0.963827 0.919701 1.2068 2.33325 0.806807 
1.18913 0.163875 -1.25172 -0.526112 -1.82728 1.19724 0.0742193 -1.55049 -1.2701 -1.72442 -0.835377 -0.365305 -0.259251 0.145055 -0.0309307 0.380008 -0.188175 0.644415 -0.0476058 1.10093 0.205664 1.08807 0.0618274 0.800759 1.68189 0.332101 0.0492254 0.775854 0.143518 0.651921 0.273968 0.906855 1.55538 0.254484 1.85765 1.17701 1.17258 0.899207 0.872614 
1.31573 0.0142724 -0.825465 -0.666623 -1.04245 1.21413 1.32405 -1.39912 0.0571444 -1.45262 0.111165 0.71711 0.212046 0.00817632 0.520518 0.00273397 0.25883 0.184372 0.45626 1.15315 -0.0722004 1.3154 0.271725 0.390559 1.10834 0.335304 -0.248259 0.281329 -0.803324 -0.262951 -1.53321 0.260079 -1.37243 -0.757233 -1.53991 -0.168075 -1.98099 -2.10392 0.0443992 
1.19731 0.684393 -1.24898 -0.267282 -1.64291 1.6535 1.22737 -1.62269 0.045298 -1.45269 -0.444818 0.743035 0.0760529 -0.103204 0.250399 -0.423315 -0.451126 -0.888799 0.212473 -0.271491 -0.551569 -0.451849 -0.106247 -1.18024 -0.422024 0.3765 0.0358828 -0.955397 0.124427 -1.67261 -0.258108 -0.769764 -1.06197 0.0172927 -1.25989 -0.631954 -0.940016 -1.29341 0.332854 
1.21252 0.264671 -1.24878 -1.11775 -1.93125 1.4266 1.05256 -1.95068 -0.394705 -1.55886 -1.06907 0.295086 0.588546 0.0440592 -0.434879 0.127161 -1.41378 -0.0737358 -0.313504 0.0911719 -0.0549077 0.055513 -0.360229 -0.549457 -0.185073 0.668157 0.224681 -0.15365 0.727724 0.0824672 1.50054 -0.224576 1.05301 1.28468 1.63038 0.154308 1.93601 1.80846 0.0834481 
1.24137 0.249514 -1.12182 -1.68106 -1.71665 1.34 1.31854 -1.6776 0.100811 -1.81292 -0.994275 0.557962 0.74421 0.121476 0.0967491 0.304409 -0.368659 0.611738 -0.0121032 0.781519 0.733106 1.17853 0.0480605 0.75577 1.38643 0.459948 -0.0412923 1.18098 -0.228557 2.20121 0.0667486 0.59662 0.37562 0.641477 0.711362 1.23046 1.29464 1.07635 -0.163207 
1.334 0.36142 -0.944372 -1.48641 -1.31951 1.4145 1.83408 -1.21758 0.78383 -1.5108 -0.313301 1.68152 1.04849 0.0027669 0.7461 -0.101395 0.787433 -0.0069872 0.283116 0.466792 0.586569 0.766875 0.870233 0.745183 0.89128 0.50495 -0.241561 0.808215 -0.651002 1.18667 -1.10701 0.0966841 -0.732841 -0.67426 -1.19256 0.583902 -0.799329 -1.73039 -0.216892 
1.24414 0.995614 -1.22322 -0.893629 -1.72363 1.62311 1.78533 -1.09103 0.867686 -0.942688 -0.249093 1.44924 1.24916 -0.120085 0.904964 -0.346593 0.818006 -0.495275 0.084581 0.0486776 0.0588457 -0.014029 0.631962 -0.0435592 -0.343962 0.243056 -0.0363542 -0.199433 0.197711 -0.573316 0.288942 -0.592033 -0.183308 -0.642126 -0.67761 -0.903823 -0.69841 -0.509895 -0.393744 
1.21391 1.26638 -1.29096 -0.668401 -1.81479 1.49908 1.88276 -1.15873 0.769801 -0.878842 -0.35686 1.33756 1.29155 -0.0335873 0.546667 0.0963152 0.214117 0.281955 -0.308917 0.283483 -0.0555568 0.0892652 -0.0335903 0.0467726 0.381385 0.111205 0.180105 -1.25025 0.709597 -1.57139 1.07271 -0.39985 0.439946 -0.0899879 0.147526 -0.283492 0.0437319 0.69848 -0.660792 
1.21055 1.54228 -1.1269 -0.679512 -1.44168 1.3142 2.06881 -1.14659 0.956951 -0.976278 -0.20232 1.83063 1.36037 0.0600198 -0.345283 0.363004 -0.753384 0.577435 -0.315269 0.488623 -0.0311421 0.133497 0.34847 0.00017267 0.354518 -0.417736 0.0810036 -0.895901 0.0544826 -0.605264 -0.072991 0.166552 0.165681 -0.22942 -0.431022 0.661158 -0.737184 -0.698184 -0.567899 
1.27393 0.921101 -0.927961 -1.42179 -1.23735 1.18381 2.37138 -1.18987 0.903298 -0.530372 -0.356687 1.69207 0.873815 0.0474163 -0.349235 0.150798 -0.391148 0.208964 -0.142365 0.449165 -0.284977 -0.341757 0.627568 -0.690412 -0.316799 -0.456694 -0.111694 0.209218 -0.726407 0.669154 -0.72033 0.170975 -0.686864 -0.0201029 -0.2889 -0.201577 0.0413629 -0.488768 0.511683 
1.25796 1.19305 -0.976106 -1.07066 -1.23271 1.17183 2.51798 -1.43157 0.615194 -0.34871 -0.892732 1.51383 0.903671 -0.0516743 -0.136065 -0.363403 -0.0842303 -0.142895 -0.144293 -0.198241 -0.051245 -0.155403 0.146893 0.0415356 -0.13425 0.0939467 0.0237504 -0.412519 -0.200327 -0.447107 0.13227 -0.0778482 -0.809909 0.562628 0.614318 -0.554442 1.01325 0.263107 0.31205 
1.22226 0.785035 -1.29136 -1.50602 -1.38025 1.03952 2.17314 -1.24112 0.747896 -0.383479 -0.315152 1.55782 0.967762 0.0711667 -0.761754 -0.0495287 -0.838255 0.341234 -0.220213 -0.360745 0.277651 0.272561 0.0731255 0.322835 -0.0536926 -0.144644 0.0879796 -0.238172 0.362268 -0.213614 0.45895 -0.134868 -0.1736 -0.206781 -0.377331 -0.628602 -0.947485 -1.24376 -1.07984 
1.32913 0.431293 -1.02563 -1.90891 -0.891479 0.951618 2.15723 -1.15392 0.887756 -0.275585 -0.569896 1.46013 0.759027 0.0363053 -0.374238 -0.0011347 -0.297845 0.316055 -0.279161 -0.371841 -0.258026 -0.532733 -0.481709 -0.905949 -1.37801 -0.985892 -0.221648 1.44179 -0.613919 2.24427 -0.790694 0.301363 0.00264773 -0.4655 -0.391888 0.240426 -0.0728299 -0.522782 0.197042 
1.25856 0.410798 -1.2925 -1.80386 -1.06419 0.760357 1.8013 -1.49915 0.215162 -0.865188 -1.2211 0.179816 -0.0181303 -0.150481 0.680034 -0.663448 1.40602 -0.44946 0.0811494 -0.358097 -0.187849 -0.119327 0.313551 0.250005 -0.576475 0.0523981 -0.118775 0.515774 -0.282231 1.18344 -0.282919 0.0783406 0.322032 -0.0724355 0.702493 1.91548 1.01384 1.07422 1.69444 
1.17865 1.11133 -1.68908 -0.502895 -1.34094 1.03277 1.79913 -1.34177 0.768429 0.0379663 -0.319891 0.883659 0.811425 -0.08247 0.141537 -0.283366 0.885598 0.0331361 -0.200821 -0.049809 -0.330461 0.169759 1.43377 0.107896 -0.303791 0.708549 0.23709 -1.79003 1.17446 -1.33339 1.377 -0.886397 0.206078 0.134531 -0.221904 0.204427 -0.773413 -0.622317 -0.53862 
1.17609 0.552334 -1.57586 -0.918262 -1.03106 0.559536 1.75149 -1.82961 0.384922 0.568584 -1.1132 -0.123975 0.690419 0.0866092 -1.11 0.511008 0.0726295 0.927541 -0.805248 -0.152019 -0.0533186 -0.341231 0.517978 -0.523408 -1.19879 -0.486222 0.0406309 -0.27654 0.379338 0.674093 0.721802 -0.221416 -0.731176 1.10548 0.180655 -1.62239 0.0766425 -0.717309 -1.72258 
1.26526 0.00133101 -1.17807 -0.430266 -0.413399 0.227519 1.64712 -1.39508 0.427197 0.555944 -0.843299 -0.315133 0.325203 -0.0418391 -0.135004 0.0959726 1.55969 0.754938 -0.422236 -0.780985 0.775015 0.350414 -0.188615 0.184538 -1.0211 -1.01403 -0.232918 1.41883 -0.779735 0.729739 -0.608754 0.218836 -1.36667 0.327543 0.769729 -1.42539 -0.393458 -0.108312 0.103679 
1.13426 0.417331 -1.47989 0.641429 -0.276119 0.1373 0.970506 -1.05459 0.735336 0.379969 -0.928667 -1.14508 -0.323613 -0.146308 0.308839 -0.268727 0.802368 0.318786 -0.586412 -1.51869 0.274225 0.428497 -0.907413 -0.916866 -1.3071 -0.382543 -0.083302 0.952732 -0.294813 -1.03797 -1.00733 -0.0529309 -0.357391 -0.327201 0.168985 -0.579278 -1.65469 0.260536 1.74949 
1.11895 0.31017 -1.4468 0.372103 -0.0946128 -0.358893 0.12843 -1.12086 0.855694 -0.351469 -1.76016 -1.62224 -0.0573401 -0.125141 0.817729 -0.19884 0.521723 -0.252395 -0.475167 -1.13838 0.447814 0.5194 -0.767893 -1.47015 -0.760564 0.735461 0.0596581 0.119667 0.242591 -0.539831 -0.599357 0.102164 1.35845 0.305897 0.440105 -0.177139 -0.348986 1.85925 0.529973 
1.00911 1.23506 -1.67873 1.16315 -0.528514 -0.337867 -0.167871 -0.606778 1.25474 -0.387924 -2.39882 -1.90564 0.411848 -0.0866503 0.428506 -0.0261359 0.262538 -0.280571 -0.484248 -0.160237 0.580121 0.868603 -1.08455 -1.26585 0.552144 0.147429 0.063875 -1.11852 0.524386 -1.20638 0.825572 -0.342552 1.73484 0.319779 -0.334025 0.112939 0.902635 2.01052 -0.220725 
1.0323 0.738677 -1.47294 0.63464 -0.375184 -0.843141 -0.0318069 -0.540738 1.7243 -1.43602 -3.02602 -1.07009 0.0900893 -0.0612661 -0.30079 0.325546 -0.684658 0.573177 -0.817719 0.596461 0.767593 0.185375 -0.654954 -0.567513 1.24996 0.514736 -0.0168021 -0.195281 0.50163 -0.33938 0.766906 -0.0656867 0.235198 0.101072 -1.65301 1.07405 1.57703 -0.169887 0.574615 
0.947848 0.934269 -1.35319 0.478493 0.0446633 -1.15559 0.428591 0.160816 1.44011 -1.04288 -2.96633 -0.655683 0.926584 -0.103452 0.233226 0.475494 -0.0768428 0.486335 -0.549935 0.0749607 0.681194 -0.784406 -0.0105031 0.311178 0.382257 0.722044 -0.112935 0.946695 -0.0204474 1.53128 -0.323145 0.494665 -1.12591 -0.587006 -0.926856 1.08319 1.86555 -0.673139 -1.18037 
0.928848 0.971902 -0.997443 0.557797 0.111151 -1.39308 0.0431538 0.140456 0.939891 -1.44652 -2.71484 -0.687835 0.812134 -0.174201 0.645905 0.305099 0.846627 0.250032 -0.323054 -0.529453 0.180587 -0.741481 0.428239 1.29804 0.576818 -0.665638 -0.15476 0.121569 -0.436136 0.677463 -0.26184 0.00916112 -0.261515 -0.231833 0.814285 0.999624 1.76425 0.242604 -1.92726 
0.773647 1.58017 -1.04809 1.32512 0.294695 -1.47864 -0.100862 0.341403 0.69863 -0.614639 -1.66829 -0.0788654 0.260946 -0.258213 0.354795 0.0393586 0.60062 0.224495 -0.540774 -0.186555 0.44936 0.0298796 0.989121 2.07542 0.624862 -1.20522 -0.0117152 -0.0415431 -0.0117322 -0.924812 -0.151689 -0.710364 0.0437028 0.40238 0.434274 -0.425854 -0.195012 -0.61774 -0.289742 
0.670635 1.3267 -0.958085 1.15842 0.335647 -1.93385 -0.143401 0.589816 0.969771 -0.457403 -0.639414 -0.0629732 -0.393082 -0.185916 0.604362 0.293366 -0.0781854 0.0983433 -1.03342 -0.48575 0.582967 -0.307207 0.00238512 1.10302 -0.0409223 -0.95538 0.133724 0.230329 0.489598 -0.270039 -0.563536 -0.176896 -1.12135 -0.266551 -0.482259 -2.06842 -1.56981 -0.765548 -0.549032 
0.587731 2.18454 -0.754721 1.24693 0.393038 -2.51206 -0.586612 0.92437 0.391424 -0.612254 -0.56527 -0.119788 -0.694434 -0.124488 0.585124 0.528957 0.330581 -0.33904 -0.71767 -1.3079 0.182809 -0.452379 -1.0793 0.505618 -0.140687 -1.75425 0.0621083 -0.825668 0.355951 0.210886 -0.278822 1.54796 0.0897795 -0.703447 -0.094384 -0.268572 -0.277455 0.0857339 0.504519 
0.546147 1.91182 -0.429128 1.489 -0.00339388 -2.65152 -1.4513 0.772625 0.517392 -1.5367 -0.133796 -0.20366 -2.14733 -0.123808 -0.221306 0.649318 0.132701 -0.180479 0.514538 -0.395971 -0.12048 -0.401591 -0.266187 0.825569 0.0448116 -0.450861 -0.233909 -1.15087 0.0905441 -0.757554 -0.073418 1.53046 2.26462 -0.994062 -1.80785 1.15834 0.143042 -0.0642352 1.55352 
0.463923 1.96323 -0.105403 1.37964 0.21256 -1.99752 -0.982583 0.80389 -0.0101673 -0.878441 0.260298 -0.0749761 -1.1453 -0.358398 -0.565745 0.619501 -0.426974 -0.412458 0.812793 0.95672 -0.811253 -2.26023 0.0790421 0.64866 -0.204922 -0.200727 -0.365462 -0.0126693 0.192508 0.0394828 -0.535008 0.229389 1.14669 -0.56711 -0.617714 0.790319 0.0118891 -0.617933 0.196114 
0.187749 1.34608 0.190373 1.06202 -0.415852 -1.83873 -0.494581 -0.0386281 -1.74284 -1.45766 0.514864 -0.408582 -2.34806 -0.48927 -0.233975 0.841826 0.172184 -0.715487 0.743927 0.750721 -0.68759 -1.0193 0.524132 0.837458 -0.573121 -0.254747 -0.0630863 -0.110046 0.00900246 1.16992 0.565065 0.121482 -0.0604829 0.906 3.46656 2.03587 -0.066719 0.176847 1.07699 
-0.0253466 1.72926 0.736422 1.55182 -0.502927 -1.25359 -0.231862 0.1163 -1.02947 -0.354309 1.09776 -0.648097 -1.40004 -0.421484 -0.675791 0.628504 0.742942 0.152606 0.934274 0.896237 0.0947474 1.20633 2.11491 0.581941 -0.0280753 0.876263 0.226629 -1.17285 -0.754097 0.982235 1.01759 -0.849638 0.0206667 0.899479 0.875145 -0.388849 -1.45037 1.53779 0.69361 
-0.233735 0.670286 0.818877 1.80497 -0.263246 -0.904452 0.401656 0.0561193 -0.536507 0.657256 1.09681 -0.436658 -1.47179 -0.262641 -1.40682 0.0877285 1.15442 0.302104 -0.105711 0.771388 0.211889 -0.14416 0.135283 -0.612916 0.964673 0.438863 0.800915 0.218516 -0.87863 0.343936 0.294254 -2.26931 -1.07193 -0.301716 -4.78569 -2.55814 -0.17996 -1.28154 -1.53016 
-0.287987 0.322434 0.824151 2.70624 -0.200823 -1.3593 0.539526 0.328189 -1.17363 -0.219026 0.48484 0.316576 -0.961179 0.379432 -0.457275 -0.250127 1.08688 0.446861 -1.33504 -0.175698 -0.206969 -3.57936 -0.443225 0.401981 -1.30962 -0.653898 0.326135 1.23366 -0.253195 -1.15175 0.238949 -0.179354 -1.32143 0.0224841 -1.74428 -0.937347 0.904685 -3.67455 -1.0211 
0.145697 0.213011 0.56875 2.89185 0.183615 -2.23949 0.225958 -0.150849 -4.11587 0.214031 1.49879 -1.74628 -2.12569 0.0634947 -0.17316 -0.165467 0.00267246 0.541053 -0.285064 -0.55004 0.234373 -1.88844 -0.802064 0.291769 -2.70988 -0.582237 -1.2183 -0.215197 0.680286 -2.17874 0.0944499 3.22626 -0.0858175 0.847082 6.76355 0.479015 -1.27083 1.43877 2.02131 
-0.224492 0.149274 0.658684 2.70891 0.34023 -1.64437 -0.0105141 0.562562 -3.06207 -1.02109 0.776609 -2.39331 -1.54342 -0.838872 -0.672472 0.430159 -1.09186 0.541311 1.89122 -0.261515 0.640114 3.18419 0.0357895 -0.868851 0.129151 1.36742 -0.659676 -0.578762 0.521089 -1.60794 0.0233178 1.63899 0.598148 0.346134 5.13401 1.44465 -1.30413 3.55637 1.58311 
-0.693174 -0.45946 0.99891 1.79999 0.724926 -0.348273 -0.0355572 0.489264 -0.931674 0.249821 0.629935 -1.61712 -0.758275 -0.596182 -0.751922 0.355622 -1.60527 0.564371 1.35393 0.0481076 0.580507 3.24557 0.642582 -1.01237 0.846486 1.00087 0.642996 0.153946 -0.493329 0.502934 -0.449776 -1.82681 -0.0411092 -0.673539 -3.06973 -1.19015 -0.500437 0.303105 -2.23028 
-0.820674 -0.602648 1.01431 1.10364 0.904601 -0.290443 0.0375935 1.14307 0.183504 -0.378508 -0.235758 -1.54682 -0.542546 -0.195875 -0.518525 -0.0631695 -0.588923 0.0915345 0.0644034 -0.302624 -0.0334257 0.11446 -1.15436 -1.36929 0.432256 -0.862862 0.51483 0.693811 -0.456328 1.01889 -0.749325 -1.37493 -0.857577 -1.56404 -4.6899 -0.821376 0.666078 -0.176768 -0.786826 
-0.88905 -0.977986 0.93574 1.21106 0.81646 -0.28387 -0.338182 0.455839 -0.817213 -0.904542 -0.739353 -1.18487 -1.62114 -0.0813517 -0.0581116 -0.100706 -0.586376 -0.184954 -0.021 -0.80947 -0.983528 -1.44433 -0.178795 -0.346288 0.669718 0.214044 0.150414 0.959955 0.0578416 -0.467907 0.0601887 0.384124 -0.0242609 0.450826 0.932861 1.79447 1.203 -0.403792 2.19987 
-0.902026 -0.66076 0.9136 0.517266 0.719647 -0.311443 -0.771876 0.159541 -1.26082 -0.557303 -0.582046 -0.877102 -0.328502 -0.0454609 0.44143 -0.00532791 -1.05683 0.151723 0.448528 -0.326885 0.417401 1.04732 0.640106 -0.166284 0.0284642 1.33701 0.01976 0.151201 0.0683681 0.306439 0.801195 0.272792 0.592391 1.22654 1.57299 1.45672 0.817226 -0.520376 0.0384915 
-0.93451 -0.536556 0.930412 0.154234 0.968183 0.164658 -0.665067 0.873239 0.230108 -0.264437 -0.905637 -1.1564 -0.284129 -0.0615917 0.0930891 -0.032338 -0.279937 0.616241 0.251792 -0.217079 0.243009 0.128658 1.27793 0.470938 0.149342 0.252536 -0.0253793 -0.523747 -0.0316462 0.696058 -0.147193 -0.791398 0.433985 -0.44629 -1.71817 0.0066329 1.16433 0.593389 -0.619302 
-0.963618 -0.567671 0.881262 0.237329 1.33589 -0.0596513 -0.988955 0.402551 -1.13217 0.720625 -0.111108 -0.72776 -0.0759659 -0.0708402 -0.0823173 -0.0369741 -0.360772 0.00452983 -0.34287 0.1071 -0.0288894 -0.670845 0.646738 0.998042 0.621853 0.717706 0.0473131 -0.268689 -0.10689 -0.663438 -0.81814 0.0106028 1.04998 0.721146 1.33524 -1.02661 -0.490817 -0.0376929 -0.662877 
-1.00535 -0.618873 0.893438 -0.206538 0.972713 -0.178212 -0.557967 0.84435 -0.440737 0.382302 0.0924049 -0.534552 0.433577 -0.0142786 -0.1756 -0.139228 -0.943375 -0.201898 0.262394 0.832904 0.964156 1.4639 0.25132 -0.0198798 0.111649 -0.410341 0.104675 0.105436 0.0295186 0.621258 -0.00106294 0.320242 -0.0662195 0.17537 2.70602 1.09535 -0.857173 -1.22497 -0.783518 
-0.977896 -0.743271 0.742034 -0.706046 1.13399 0.202743 -0.156051 1.36671 0.331731 0.971945 -0.130988 -0.616111 -0.486307 0.0338344 0.0231185 -0.00745553 0.260486 0.0034669 -0.0226278 0.0408802 0.14648 2.03518 1.74209 0.140869 -0.603119 -0.0658122 -0.0165821 -0.0220147 0.253113 1.78817 -0.0176196 -0.515027 -1.54146 -1.11163 -0.635955 0.234013 1.00587 0.375008 1.51781 
-0.971516 -0.595755 0.885983 0.0539479 0.97618 -0.20084 -0.517087 0.99083 1.59444 2.12439 0.233274 -1.13767 0.367765 -0.0308607 -0.197615 0.113885 0.844793 -0.219518 -0.252633 -0.708554 -0.147474 0.827942 0.485333 0.985994 0.486657 1.10747 -0.0666104 -0.218218 0.126227 0.012228 0.0527272 0.110732 -0.427609 -0.085753 -2.77662 -2.1421 0.606744 2.9882 0.830926 
-1.00876 -0.940886 0.855918 0.138747 0.914472 -0.0498895 -0.864605 1.21923 1.15967 1.45728 0.855006 -0.129454 0.621161 -0.032776 -0.1951 0.118771 0.272714 0.0561941 0.0881042 -0.386729 0.0607272 -0.741443 -0.400017 0.747613 2.38508 0.765114 0.0228912 0.405082 -0.0804505 -1.11252 -0.0906407 0.260137 1.16643 -0.474293 -1.62163 -0.557276 -1.14254 -0.159597 -1.21253 
-1.00429 -0.790854 1.00475 0.326662 1.03237 -0.112736 -0.903816 1.05156 0.852995 1.72437 0.980887 1.24741 1.13288 -0.00796952 0.207467 0.0334341 -0.267731 -0.310159 0.0075048 0.457874 -0.621767 -0.793683 -0.0719428 -0.156547 0.327061 -0.105061 0.0284007 0.0981843 -0.0196298 -0.178319 -0.155125 -0.0866063 0.937468 -0.331768 -0.268153 -0.388477 -0.90891 -3.42437 -1.20691 
-1.01673 -0.733419 0.889352 -0.128984 0.604313 -0.0423847 -0.406731 0.597465 0.36599 1.38534 0.698459 0.197607 0.516099 -0.00437526 -0.0969154 0.0991413 0.0943946 -0.0989314 0.00149787 0.550739 -0.271041 -1.0096 -0.788494 -0.161297 -1.0393 -0.441798 -0.108184 -0.666089 -0.0842743 0.0336576 0.402725 -0.099346 -0.778657 0.658259 1.02936 -0.210751 0.666262 -0.439632 0.172307 
-1.00867 -0.88777 1.1039 0.421056 0.933443 -0.111238 -0.353077 0.780517 -0.1566 0.935876 0.819589 0.208113 0.691081 -0.116153 -0.458621 -0.0508403 -0.234073 0.0925668 -0.0918412 -0.320783 0.0364915 0.235675 -0.282694 0.509715 -0.112571 0.0672461 -0.0127938 0.063399 -0.375821 -1.13243 -0.413211 -0.186581 -1.4925 0.247058 1.94734 1.19 0.429125 1.76754 0.489915 
-1.13288 -1.19204 0.838512 -0.363058 0.69688 -0.134226 -0.727515 0.633957 0.601665 1.10264 1.20817 0.0850357 0.583345 -0.0171691 -0.0335164 -0.27668 -1.03804 -0.512143 -0.185083 -0.941757 -0.0239831 0.937748 0.401504 0.267828 0.728244 0.0481167 0.162188 0.177929 -0.0312469 0.155215 -0.0181598 0.187806 0.223228 0.385944 0.153181 1.30606 -1.25672 0.0580666 0.136984 
-1.02584 -0.921286 0.827215 -0.616982 0.4213 -0.296322 -1.29483 0.756533 0.781148 1.33738 1.08742 0.936357 0.739197 0.0460349 -0.280692 -0.0820871 -0.0788583 0.074407 0.0959652 -0.0975552 0.422435 0.388856 1.02337 -0.747009 -0.0545048 0.20423 -0.0910746 -0.642315 0.120849 0.730022 0.630906 -0.104845 1.18707 -0.0549051 -1.4309 -1.27298 -2.02417 -2.75661 -1.27557 
-1.08684 -1.47273 0.756425 -0.441916 0.771287 -0.0382607 -0.82507 1.05639 0.990521 2.12601 0.461165 0.0305308 0.787575 -0.108244 -0.675831 -0.155831 -0.308016 0.118763 -0.289928 0.245312 -0.0788882 -0.493149 -0.871475 -1.75634 -2.02837 -1.22745 -0.0688743 0.260201 -5.04135e-005 -0.197249 -0.213333 -0.929351 0.495814 -0.290335 -0.450868 -0.490734 1.14702 1.07063 0.56454 
-1.13408 -1.59712 0.671384 -0.924999 0.540063 -0.58625 -1.04952 0.677645 0.287999 0.465905 -0.66892 -1.09201 -0.488254 -0.0228393 -0.0204911 -0.0821375 -0.276107 -0.138926 -0.833386 0.398258 0.1321 -0.0620117 0.532633 0.400012 1.01612 0.76877 0.218352 0.896393 0.116892 0.971941 0.123393 0.328016 0.487225 0.527255 0.363653 1.86329 3.80058 4.05741 2.80627 