-0.910327 -1.02164 0.56993 -0.554782 0.211022 0.962015 0.316241 0.924064 1.11909 0.569197 -0.697962 0.984542 0.936335 0.0758813 -0.645036 0.00589183 -0.0590306 -0.937339 -0.00490997 -0.679047 -0.433257 -0.0534765 0.0323192 3.08243 0.843798 -1.19911 -0.0488217 0.123174 0.0577749 -0.50987 -0.54728 0.324933 0.709619 -0.237828 0.815285 0.71495 1.27409 -2.97493 -3.01671 
-0.847557 -1.32937 0.342541 -0.735111 -0.488171 1.114 0.154423 1.0913 1.45236 0.153542 0.853037 0.411877 0.160078 0.137426 -0.453306 0.0741121 -0.0880875 -0.401818 0.521916 0.227358 0.234256 1.21546 0.528339 1.46993 -0.417362 -2.07271 0.0468305 0.38986 0.694736 0.193706 0.668677 0.282464 0.946202 -0.0348224 0.231074 1.2972 -3.99285 0.234187 1.7038 
-0.772902 -1.47494 0.644042 -0.64287 -0.190796 1.48393 0.543599 1.15832 2.33455 1.09754 0.771966 0.56718 -1.13638 0.122712 -0.255176 0.700627 0.134675 -0.268661 0.277554 0.267155 -0.46808 0.177598 1.32952 -0.910424 1.07799 0.504688 -0.0186011 0.334214 0.528015 0.224743 0.325541 -0.128877 -0.160407 -0.451822 -1.8543 -0.498552 -2.15042 -0.0729863 3.60755 
-0.724845 -1.58455 1.04317 -0.600436 -0.756832 1.39156 0.421578 0.623224 1.62996 1.48307 -0.057387 1.48986 0.664766 0.118825 -0.119092 0.602127 0.136655 -0.0762766 0.393039 0.0669504 -0.217567 -0.638837 0.0297876 -0.680489 -0.490348 1.53483 -0.052318 0.0736455 -0.405761 0.0511985 0.407786 -0.0905872 -0.527403 0.56416 -0.0307404 -1.20011 2.48433 -2.72365 -2.35873 
-0.654077 -1.59403 1.24617 -0.506214 -0.267072 1.87697 0.610549 0.940753 1.69571 1.12732 0.0914771 0.0768326 0.398457 0.0703939 -0.18153 0.294866 0.185873 0.139125 0.186967 -0.260249 0.0960804 0.146858 0.12941 1.5739 -1.64566 -1.85404 -0.1472 -0.0850831 -0.123772 -0.191025 -0.392967 -0.523733 -0.547112 -0.315456 -0.554394 -0.337767 -0.154407 -0.164414 -2.42935 
-0.654451 -1.76608 1.33803 -0.414562 -0.617707 1.57852 0.161329 0.719304 1.77681 1.61248 1.51651 -0.155798 -1.18928 -0.0283752 -0.204176 0.478355 -0.0543695 -0.469243 -0.130695 -0.480162 -0.533023 -1.19323 -0.307979 -0.834895 -0.654762 -0.89452 -0.163545 0.247949 -0.0208996 -0.311905 -0.325248 -0.551604 0.0215243 0.243739 0.0259645 -0.502844 -3.70443 1.48701 4.03876 
-0.682452 -1.79821 1.72452 -0.560584 -0.736316 1.74628 0.130388 0.40773 0.50248 0.819345 -0.743418 -0.577929 -0.496063 -0.0931515 0.0664187 0.273967 -0.126032 -0.186123 -0.364637 -0.238724 0.339819 0.172822 -0.373434 -2.13053 -0.158652 2.18472 0.033052 0.386485 -0.64057 -0.290557 0.903314 -0.154748 0.506086 1.07826 1.98775 0.448464 0.816052 1.98541 2.07627 
-0.747603 -1.69966 1.612 -0.540594 -0.80383 1.21389 -0.0773947 1.05912 1.94964 1.23904 -0.614011 -0.314449 0.995438 0.00467677 0.182309 -0.162215 -0.344926 0.434071 -0.285443 0.0259237 0.545238 0.79452 0.140486 -0.0188434 1.33065 1.18175 0.240791 -0.15053 -0.197883 -0.16963 0.430853 0.315899 0.0315438 -0.821138 -1.01797 0.356807 2.46629 -0.284452 -3.40865 
-0.677776 -1.6159 1.56231 -0.90551 -0.302245 1.46083 0.156311 0.952968 1.297 0.959831 -0.762262 0.752719 0.685687 0.14764 -0.0841111 0.0760834 -0.295661 0.24473 -0.0487385 -0.20718 -0.481319 -0.845145 -0.0166268 0.335766 -0.443103 -1.22394 0.039314 -0.506957 0.137666 0.288039 -0.431468 0.296784 0.250749 -0.470935 -1.5954 -0.485725 0.970917 -1.94242 -1.95135 
-0.599963 -1.78377 1.68808 -0.836255 -0.5591 1.16515 -0.284575 0.577805 1.10449 1.22242 -0.278245 -0.757553 -0.228499 0.0439908 -0.324648 -0.0245489 -0.0568868 0.00260272 0.0113413 0.276673 0.0743029 -0.800885 -0.34524 0.952074 -0.611769 -0.769601 -0.207483 0.0255843 -0.267375 -0.0235016 -0.0672053 0.19634 1.33495 0.87989 0.00308431 0.381144 0.995972 2.1738 0.586858 
-0.633785 -1.94055 1.53776 -0.962397 -0.299642 1.47217 0.432984 1.02727 0.496114 0.614591 0.189812 0.14095 -0.0839145 -0.0598436 -0.0585268 -0.191292 -0.319163 0.177525 0.147601 1.12777 0.398571 -0.842061 0.364517 1.33174 1.73069 -0.637079 -0.116537 0.554679 0.0325988 -0.0366418 -0.182561 -0.0917233 0.0255674 0.154427 0.967302 0.591083 -0.353953 1.33153 0.741518 
-0.659807 -1.8423 1.49679 -1.15542 -0.381576 1.31275 0.843192 0.976376 0.262431 1.58693 1.05349 0.973139 -0.865578 -0.0725463 0.230031 0.00804987 -0.0935286 -0.179958 -0.080382 0.30224 0.22873 0.166416 0.245844 0.598121 0.719761 -0.0280832 -0.111874 0.421156 0.104017 0.482966 -0.24594 -0.228773 -1.65469 -0.074504 1.32183 -1.45339 -3.43897 -1.91536 0.599307 
-0.706331 -1.71052 1.54581 -1.05593 -0.4796 1.39179 0.735225 1.256 0.66253 0.860435 0.787933 0.860711 -0.111998 -0.171717 0.362629 -0.0872753 0.163803 -0.0684157 -0.0811715 -0.526919 0.324067 0.479767 -1.08887 -2.10723 -0.184671 -0.0377716 -0.156299 0.232899 -0.114846 0.444902 0.368395 -0.227424 -0.884787 -0.722165 0.18081 -0.583622 -2.46825 -0.896485 -1.36474 
-0.831524 -1.47967 1.40952 -0.991615 -0.449991 1.23158 0.316272 1.30044 0.742198 0.498066 -1.05374 0.788468 -0.903349 -0.228845 0.46293 -0.106796 0.351373 0.188437 -0.307806 -0.582547 -0.493435 0.347226 -0.337779 -1.87013 -0.176724 -1.39282 0.0530692 0.0525356 -0.627707 -0.00554124 -0.0286002 -0.218908 0.581752 -1.30357 -1.23162 1.22809 2.65349 -1.06223 -0.281576 
-0.935177 -1.24759 1.43901 -0.704552 -0.291163 1.08399 0.152677 0.762566 1.00976 0.522656 -1.08219 0.683987 -1.50482 -0.118648 0.415165 -0.714982 0.158261 -0.0970159 -0.30008 0.054833 -0.979504 -0.751853 0.139225 0.546252 -1.2469 -0.319348 0.157963 0.0275968 -0.652966 -0.107829 0.0139657 0.0179004 2.28171 0.693221 -0.730361 1.19771 3.09999 -0.801742 2.50964 
-0.950172 -1.0645 0.694535 -0.833354 -0.547007 0.931499 0.371105 0.320939 -0.0096556 0.637291 -0.50749 -0.458436 -1.2227 -0.0708825 0.490527 -0.759762 0.243545 0.202402 -0.289905 1.69916 0.199786 -0.383135 0.859928 1.22986 -0.978466 1.11681 -0.0288036 -0.0444056 0.381203 -0.11002 1.03576 0.210158 1.35483 1.5791 0.681478 1.01687 1.69159 2.34165 2.33467 
-1.00606 -0.75706 0.679252 -0.461007 -0.0887608 0.79408 1.85184 0.962352 0.626621 1.38258 0.147669 -0.294479 -0.388007 -0.147452 0.37076 -0.333779 0.0482415 0.938748 -0.0899216 1.40967 0.5996 -0.0703754 1.1561 2.23784 1.09474 2.01532 -0.0549877 -0.39043 0.226513 -0.506495 1.47835 0.333073 -2.291 0.137586 -0.193166 -2.13359 -0.834187 0.695544 -0.350819 
-1.09762 -0.693744 0.360756 -0.785112 0.39174 0.841577 1.78077 0.920539 -0.080031 1.79339 1.73035 0.636307 0.792621 -0.12587 0.100097 -0.533249 -0.26295 1.68075 0.0431677 -0.591839 0.337372 -0.576301 -1.27366 0.395677 -0.282922 0.765995 0.380125 -0.380493 -0.0945212 0.447885 0.271272 0.0157784 -1.70642 -0.431889 0.481211 -2.57806 -4.85437 -2.25793 -3.96426 
-1.13193 -0.656963 0.146003 -0.723958 1.59199 0.837248 1.26 1.29972 0.0503194 0.108923 0.543346 -0.577401 0.377988 0.232674 -0.00973311 -0.4283 0.496127 1.21002 -0.0741431 -0.296757 0.167711 0.410836 -1.42197 -2.61653 -1.16319 -1.94894 0.689146 0.209409 0.71296 0.439644 -2.06465 -0.425807 -0.70177 -1.52777 0.409523 0.74773 -0.957684 0.699808 -1.32584 
-0.86495 -0.703477 -0.0675441 -0.288985 1.60176 0.767434 1.48401 1.08825 0.330805 0.371423 -0.886176 -0.526882 -1.15632 0.563276 0.309506 0.179711 0.176694 -0.383901 -0.382639 -1.29361 -1.1904 -0.166778 -0.525931 -0.562007 0.416886 -0.559845 0.683484 1.23643 0.264959 -0.804941 -1.65257 -0.505121 -2.34648 -1.46637 -1.85958 0.761215 4.93871 0.398751 1.23925 
-0.568654 -0.347457 0.325714 -0.547263 1.20809 0.454609 -0.0336103 0.109324 -0.116458 -0.417008 -0.0186615 -0.160515 -0.181857 0.916158 1.2267 -0.163341 -0.308814 -0.442549 -0.579265 -2.64324 -1.29866 -1.44875 -0.660751 2.32218 -0.764438 -0.709699 0.669268 0.92378 -1.05485 -0.279584 -0.0142991 -0.341283 0.205555 0.0113186 -1.56691 1.05546 2.79729 -2.11669 -1.77263 
0.0512079 0.523221 -0.230885 -0.597799 1.15921 0.18817 -1.15922 -0.210406 -1.11794 -0.289328 1.436 -1.29132 -1.86602 1.23254 1.23329 -0.875139 -0.10289 -0.3982 -0.723922 -1.08805 -1.17908 -1.73369 0.529527 2.23529 -1.69981 -2.33248 -0.18437 -0.293124 -0.652515 0.28783 0.404987 0.0754025 2.50933 0.311585 0.672241 1.64557 -2.00132 0.644382 1.35848 
0.66389 0.885829 -0.549425 -0.650153 0.809889 -0.269313 -1.12166 -1.06976 -1.85015 0.112519 2.21662 -1.86032 -2.51434 0.731787 0.933574 -0.815856 -0.0209838 -0.0375614 -0.503862 -0.133906 -0.987072 -0.776506 0.984817 0.320855 -0.120056 0.648784 -1.14297 -0.358554 0.437514 -0.109653 0.751082 0.704128 1.05899 1.28023 2.11103 -0.328237 -3.27931 2.80835 5.07648 
0.782995 1.4568 -1.04674 -0.618783 1.12165 -0.315693 -1.29313 -1.19748 -1.89445 0.69549 1.75686 -1.41138 -1.21724 0.0895701 0.874732 -0.437625 -0.212542 0.352882 -0.019794 -0.0290684 0.10115 0.377341 0.20129 -1.04402 1.10855 2.744 -0.718342 -0.534515 0.717165 -0.255543 0.0408674 0.402125 0.0275636 1.0234 0.610536 -1.67432 -0.481284 0.907374 0.0451966 
0.75346 1.76056 -0.98705 -0.862696 1.16277 -0.289107 -1.15073 -0.968608 -1.47281 0.313809 1.1726 -0.751773 0.229664 0.0134453 0.399058 -0.098691 -0.276526 0.003306 -0.101737 -0.106343 0.036324 -0.16597 -0.689501 -0.160429 0.787318 0.69398 0.00970426 -0.697029 0.185454 0.266537 -0.193586 0.0586578 -0.235076 -0.657457 -0.819004 -0.114378 1.45768 -0.682983 -2.23941 
0.79644 1.85585 -1.14543 -0.895309 1.12496 -0.41743 -1.39947 -1.16115 -2.06042 0.0059891 1.59643 -0.624058 -0.523258 0.0992744 0.177703 -0.252171 0.0539949 0.159296 0.0388638 -0.264144 -0.556307 -0.441663 0.0869125 0.413664 0.425565 0.504589 0.11076 -0.375643 0.13654 0.362466 0.36703 0.294446 0.247651 -0.443617 0.522931 1.14915 0.379847 0.136112 0.942554 
0.852735 1.93826 -1.23922 -0.808701 1.32207 -0.250243 -1.41488 -1.52492 -1.91447 0.400722 1.58627 -0.326207 0.734253 0.124205 0.0234155 0.0378486 0.0859392 0.370336 0.192709 0.141308 -0.407293 0.356961 0.459652 0.219418 0.92343 1.63653 0.00381705 -0.32167 0.36637 -0.160061 -0.0204194 -0.0713258 0.285108 0.377681 0.763084 0.127808 -0.601856 0.243396 -0.0539468 
0.920645 1.87927 -1.10758 -0.80937 1.49529 -0.224721 -1.25816 -1.56845 -1.70346 0.465641 1.81585 0.299372 1.11328 0.103091 -0.143967 0.114198 -0.106066 0.138876 -0.0324621 0.0209634 -0.178626 0.321422 0.214721 -0.188192 0.668961 0.450642 0.037516 -0.327857 0.0778153 -0.324867 -0.399051 -0.382888 -0.265126 0.306524 -0.418527 -0.275685 -1.4286 -1.62892 -1.37228 
0.955826 1.7943 -1.12502 -0.914767 1.46094 -0.282705 -1.39391 -1.70354 -1.59305 0.615442 1.39808 0.342754 1.18489 0.161721 -0.304442 0.115664 -0.238928 -0.0287149 -0.19018 -0.123818 -0.100769 -0.0615668 0.183967 -1.20918 -0.705492 0.264254 -0.0976575 0.343269 -0.393838 0.52984 0.0542211 -0.0914455 0.21395 0.182047 0.351982 0.343144 0.0955824 -0.410097 0.462441 
1.08237 1.57483 -0.99192 -1.0483 1.46658 -0.414901 -1.38198 -1.66921 -1.76503 0.649608 0.606666 -0.40612 1.37753 0.00543387 0.199302 -0.27964 0.423774 0.193097 -0.123908 0.234914 0.00342061 0.673403 0.557865 -0.0926094 0.258864 0.913083 -0.168104 0.416256 -0.387776 0.664066 0.179807 -0.0710383 0.0848355 0.364136 0.597257 -0.0440636 1.73094 1.36037 -0.0203454 
0.96126 1.9936 -1.40466 -0.490993 1.65404 -0.406613 -1.159 -1.70012 -0.919644 1.17331 1.30547 0.601618 2.09798 -0.00638294 0.111814 -0.272112 0.425138 0.151092 -0.261218 -0.0389824 0.263367 0.53569 0.139904 0.521762 0.654873 0.243908 0.152041 -0.611301 0.376205 -0.466331 -0.150586 -0.283001 -0.653703 0.385733 -0.917713 -1.15322 -0.210155 -0.59445 -1.69252 
1.07598 1.68664 -1.26403 -0.623161 1.61767 -0.676119 -1.42096 -1.40585 -1.22934 0.789511 1.12843 0.248753 1.62144 0.157475 -0.411999 0.096565 -0.0425574 0.0425116 -0.406908 -0.418789 0.389153 -0.244309 -0.595357 -0.302765 -0.335586 -0.779437 0.094197 -0.201821 -0.057418 -0.0315382 -0.154194 0.0159956 0.0946597 -0.274069 -0.479085 -0.262896 0.299827 -0.684104 -1.07413 
1.11874 1.5816 -1.3081 -0.53355 1.69655 -0.813521 -1.57779 -1.31097 -1.16395 0.57795 1.0027 0.266032 1.31854 0.0878141 -0.0900071 -0.32953 0.393599 -0.00310152 -0.245222 0.0556773 -0.010702 0.0566049 -0.122993 0.821589 -0.0292314 -0.830224 -0.0191085 0.116411 -0.565033 0.276584 -0.921755 0.0717323 0.551877 -0.486022 -0.153569 0.34736 0.049815 -0.94155 -0.809667 
1.1638 1.59663 -1.59356 -0.229561 1.61457 -0.921341 -1.36528 -1.41655 -1.17273 0.666519 1.95002 0.219522 0.791214 0.138366 -0.295589 -0.468468 0.234027 -0.879244 -0.335176 0.133089 -0.0968685 -0.397878 -0.247998 -0.25295 -1.27714 -1.5891 0.137886 -0.529374 0.672664 -0.0194594 -0.7407 0.124795 0.0768945 0.0503194 0.714354 0.416247 -1.70506 0.363768 0.811122 
1.2571 1.28601 -1.77657 -0.299523 0.817307 -1.1487 -1.4447 -1.40784 -1.56183 0.329952 0.749751 -1.0111 -0.270562 0.2257 -0.619382 0.343133 0.37414 -0.743802 -0.120427 0.132572 0.0396174 0.770959 0.293254 -0.883474 0.334537 -0.0191024 0.0334077 -0.252747 1.06584 0.578792 0.555214 0.439884 -0.0197849 -0.263707 2.06714 0.877014 0.417662 3.60314 2.29966 
1.3895 0.977252 -1.25043 0.144579 0.870766 -1.04177 -1.23271 -1.37693 -0.401772 0.959773 1.06654 0.554058 0.772112 0.171774 -0.548335 0.597369 0.812818 -0.32403 0.104708 0.113304 -0.360576 1.66926 0.629017 0.164712 2.326 0.710553 -0.261195 0.534061 -0.694258 0.446337 -0.356027 0.118987 -0.0951737 -0.626629 0.0149985 -0.588029 0.45539 0.0267266 -0.472915 
1.42888 0.737676 -1.1792 0.513295 0.493277 -1.04399 -1.3314 -1.76841 0.107428 0.958969 0.914464 1.3149 0.43999 -0.0354953 -0.0853202 -0.351124 0.820477 -1.09983 -0.00144064 0.0373981 -0.587012 0.785957 -0.294776 -0.428084 0.361263 -0.492017 -0.220418 0.509266 -0.758149 -0.328025 -0.359902 -0.189487 0.0203439 0.411631 -1.13824 -1.0635 -0.980573 -2.59911 -0.526 
1.354 0.891932 -1.60155 0.965056 -0.229063 -1.04321 -1.19531 -1.96394 0.384185 0.664997 0.638459 0.915321 0.280095 -0.0486439 -0.039069 -0.16078 0.484793 -0.683933 -0.0847787 0.133647 0.0510552 0.53102 -0.434479 -0.815861 -0.273112 0.184553 0.0140985 -0.0322452 0.701844 -0.482135 1.17218 -0.11777 -0.0096185 0.986531 -6.59955e-005 0.163982 -0.513075 0.428846 1.11884 
1.38023 0.698607 -1.33998 0.998088 -0.190656 -1.12877 -1.19775 -1.71736 0.638447 0.524491 0.098603 1.04179 0.624543 -0.0213968 -0.117565 0.35072 0.338342 0.0723498 -0.119211 0.0277796 0.399519 0.785891 -0.130794 -0.941158 0.790109 0.626821 0.0157801 -0.0709053 0.169413 -0.141225 0.286665 0.153362 -0.306164 0.411018 -0.36383 -0.112481 -0.327613 1.05402 0.917324 
1.33261 0.774367 -1.25083 1.3034 -0.156714 -1.16242 -1.16754 -1.56443 1.17008 0.534203 -0.3027 1.70543 0.906915 -0.0328637 -0.109974 0.00863304 0.343569 -0.397268 0.0685828 -0.172516 0.462073 0.16719 -0.54696 -1.14347 0.780906 1.10188 0.0417797 -0.089643 -0.429896 -0.277734 -0.74056 0.121883 0.22048 0.0343591 -0.774561 -1.21947 0.064004 -0.874086 0.821803 
1.34737 0.588633 -1.33134 1.34166 -0.587924 -1.06018 -1.37027 -1.25528 0.805637 -0.0224689 -1.04487 1.82269 1.72642 0.0203829 -0.207208 -0.0791764 0.0606078 -0.66821 0.00267206 0.248259 0.433878 0.0113305 -1.35026 -0.877154 -0.0839769 1.44862 0.0155025 0.0578393 -0.0293031 -0.319989 0.271093 -0.0436227 0.230586 -0.403415 0.0657483 -0.0366277 0.896787 -0.775853 -1.00291 
1.35299 0.567159 -1.33001 1.36401 -0.824924 -1.15975 -0.919276 -1.13055 1.18141 -0.81606 -1.17985 1.62145 2.35554 -0.0173612 -0.052135 -0.0206701 0.0235794 -0.126175 0.0249601 0.0580703 0.0586586 0.232938 -0.583587 -0.246686 0.00505273 0.0989684 -0.142491 0.166912 0.175346 0.0990438 0.762526 0.10956 -0.78913 -0.420924 -0.500001 1.60155 1.81471 0.244356 -2.3889 
1.33001 0.536498 -1.35201 1.36524 -0.714098 -1.03522 -1.3122 -1.19662 1.03858 -0.606056 -1.29156 1.82774 1.82539 -0.122108 -0.0402965 0.0961699 0.159652 0.0943159 0.112232 -0.540871 0.0129547 -0.488671 0.251289 0.937557 0.160379 -0.940275 -0.0670356 -0.0880206 0.188779 0.123204 -0.413729 -0.0461119 0.271001 0.280429 -0.70809 -0.210381 1.13278 -0.849448 -0.608735 
1.23088 0.526862 -1.23384 1.52366 -0.730608 -1.04752 -1.46015 -1.11759 0.692735 -0.564771 -0.242297 1.78183 1.41526 -0.0843968 -0.140156 0.168109 0.146783 -0.539904 -0.0211518 0.329072 0.339087 -0.475152 -0.793968 0.886092 -0.844395 -0.509767 0.0578636 -0.166143 0.181716 0.0745921 -0.810351 -0.347428 1.06644 0.438849 0.590445 -1.18327 -1.56614 -0.200946 0.0748402 
1.24561 0.396342 -1.18391 1.51202 -1.254 -1.05638 -0.983124 -0.857537 0.563423 -1.40002 -0.405465 0.983349 1.31562 -0.0642441 -0.20644 0.277886 0.234244 -0.716035 -0.235196 0.525565 0.451804 0.101774 -0.931976 -0.628581 -0.0405668 -0.865435 0.0195461 -0.0846299 0.0514388 -0.133737 0.400105 -0.138272 -0.257118 0.0302793 0.398003 0.458404 -1.24123 1.52382 0.52976 
1.16664 0.320422 -0.955953 1.7579 -1.44664 -1.28271 -0.934582 -0.665788 0.794509 -1.49675 -0.870878 1.74127 0.549829 -0.0648507 -0.224785 0.219548 0.0130461 -0.139799 -0.159424 0.0719537 0.369367 -0.0771487 -0.335564 -0.355139 0.679426 0.0199934 0.0272238 0.0304512 -0.330684 -0.282835 0.931304 0.407335 -1.03594 -0.399045 -0.332923 1.12053 0.972318 -0.161679 1.23344 
1.18076 0.171557 -0.964358 1.52507 -1.3938 -1.2158 -0.91117 -0.48817 0.486275 -1.73559 -0.760604 1.66277 1.33561 -0.0370203 -0.175989 -0.0527978 -0.0485917 0.21527 0.172139 -0.510379 0.0527593 -0.231149 0.188553 0.343737 -0.202246 0.368003 0.0308139 0.0311241 -0.0462049 0.191227 0.209991 0.0712736 0.130696 -0.409366 0.416737 0.313384 0.207716 -1.06559 -0.42712 
1.12962 0.144433 -1.00875 1.70931 -1.23137 -1.11057 -1.44496 -0.613029 0.56336 -1.30819 -0.527141 1.53902 0.917833 -0.0340368 -0.193661 0.173343 0.204273 0.070192 -0.0881501 0.202649 -0.0399993 0.339589 -0.0221805 -0.147423 -0.38616 -0.407127 -0.0178436 0.0529693 -0.00575699 -0.0198852 -0.653341 -0.0674748 1.04446 -0.0204157 -0.36542 -0.796787 -0.0611412 -1.50452 -1.2191 
1.14672 -0.0221045 -0.791015 1.72934 -1.32361 -1.30395 -0.708521 -0.528169 0.825863 -1.75777 -0.908027 1.27661 0.928488 -0.0548639 -0.123019 -0.0585547 -0.0684769 -0.438071 0.104664 0.534083 0.0323436 -0.596569 -0.608234 0.282595 -1.70676 -0.851099 -0.0130181 -0.152598 -0.134072 -0.670473 -0.230125 0.0663142 -0.273213 -0.176841 -1.3847 -0.375556 0.305228 -0.71061 -1.33363 
1.07475 0.021414 -1.06731 1.64083 -1.66944 -1.00591 -0.910878 -0.580685 -0.0332083 -1.91643 -0.244546 -0.167742 0.0667335 -0.0470549 -0.346259 0.0392714 -0.4662 -0.159933 -0.0218359 -0.0705633 -0.216841 -1.04511 -0.397736 0.157805 -1.09677 -1.74076 0.00179176 -0.133917 0.439609 -0.119398 0.620073 -0.23344 -0.0939776 0.0492036 1.11717 0.74405 -0.140349 2.17934 0.639929 
1.09967 -0.368363 -0.751743 1.26314 -1.48354 -1.32579 -0.779084 -0.74501 -0.219249 -2.1555 -0.750222 0.179846 -0.812271 -0.0530721 -0.256936 0.381054 -0.187875 0.182002 -0.128776 0.440106 0.0815472 0.5206 0.135816 0.142247 0.472573 -0.21117 -0.0826075 0.559912 0.0457761 0.731251 0.359678 0.349498 0.220208 0.138232 1.24267 0.996726 0.653232 1.33439 2.32738 
1.02168 -0.235522 -0.686252 1.45296 -1.48744 -1.13469 -0.470772 -0.499138 0.487392 -1.78061 -0.102299 0.304831 -0.144436 -0.129662 0.213653 0.0850475 0.265051 0.199745 0.327662 0.149645 -0.0786085 0.197563 0.59899 0.811037 0.237619 0.586622 -0.0236299 0.639918 -0.667872 0.545268 -0.2582 0.44672 -0.740575 -0.186624 -1.00553 -0.786426 -0.998736 -0.406027 1.54879 
0.970005 -0.15471 -0.666696 1.52819 -1.2838 -0.998124 -0.629439 -0.823618 -0.0216858 -1.55651 0.0608142 0.417465 -0.225648 -0.076702 0.382982 -0.286818 0.357393 -0.0761981 0.317944 -0.300469 -0.105077 -0.48493 -0.65061 -0.85649 0.0665466 1.33762 0.0218888 0.116402 -0.281071 -0.0647232 -0.472713 -0.203378 0.448213 0.698822 -0.301925 -0.667836 -2.443 -1.58817 0.383878 
0.944979 0.14746 -0.97307 1.81035 -1.56364 -0.816743 -0.771241 -0.604215 0.00246195 -2.43122 -0.958788 0.371378 1.19319 -0.107774 0.330055 -0.196024 0.200328 -0.272968 0.124284 0.597858 0.620214 -0.104362 -0.0688456 -1.63196 -1.35055 0.970501 0.0468887 -0.493555 0.803431 -0.794734 0.40161 -0.517264 1.59952 0.597642 0.183468 1.33405 1.09758 0.132846 -1.19365 
0.862232 0.175345 -0.86272 1.72852 -1.55677 -0.87384 -0.0315815 -0.203404 -0.126048 -1.62536 -1.57115 -0.933088 0.744852 -0.0298133 -0.110573 0.516614 -0.437341 0.325412 -0.19932 1.29906 0.492565 -0.301462 0.683442 0.241088 0.199393 0.143971 0.0447038 -0.360725 0.551417 -0.544926 0.59489 -0.376187 -0.312749 -0.794249 -0.0838328 0.368322 2.61383 3.47628 -1.65039 
0.915165 0.0368868 -0.456456 1.37301 -1.23823 -1.01606 0.527814 -0.11165 -0.299 -1.74778 -0.7177 0.570771 1.33716 -0.0630698 -0.0306701 0.355393 -0.344598 0.321922 -0.251903 0.285109 -0.174035 -0.188195 0.299476 0.981864 2.12573 -0.67989 -0.0801143 0.201402 -0.52036 0.274531 -0.860407 0.00560063 -1.43944 -0.849772 -0.603543 -0.918837 -0.667346 -0.0625911 -1.57072 
0.799162 0.144675 -0.507326 1.38392 -1.23484 -1.12574 0.253527 -0.37744 -0.314242 -1.32588 -0.589286 1.19264 0.0649617 -0.109928 0.0908292 -0.0037466 -0.16281 -0.534995 -0.19372 -0.140381 -0.357207 -0.905005 -0.235395 -0.426258 0.136802 -1.42675 0.0267235 0.391359 -0.528564 0.289893 -0.835566 0.331327 -0.16751 0.465928 -0.50616 -0.437489 -0.929319 -2.3901 1.28783 
0.805238 0.127716 -0.460203 1.2102 -1.77322 -1.20978 0.387434 -0.468857 -1.204 -1.98318 -1.14396 0.707573 -0.0895959 -0.0363463 0.360689 -0.173171 -0.0547053 -0.513644 0.0794234 0.117599 0.291892 -0.694354 -0.138013 0.0525452 -0.264375 0.607944 0.0142942 0.233875 0.169482 0.210673 0.817051 0.141045 0.160554 0.746006 1.52661 1.17086 0.86286 -0.852326 1.12265 
0.762816 0.505363 -0.680498 1.32921 -1.74849 -1.04632 0.371126 -0.0855476 -1.0086 -1.4639 -0.53674 0.928264 0.672906 -0.0956335 0.324704 0.165735 0.0478627 0.282056 -0.0526742 0.0201733 0.388799 0.621602 0.93546 0.436602 -0.715524 -0.304107 -0.0536913 -0.314582 0.651965 0.0169699 0.781339 -0.282279 -0.182449 -0.259482 1.08204 0.972816 -0.734148 -1.02375 -1.88227 
0.709604 0.45242 -0.294468 1.25806 -1.49117 -1.26246 0.407607 -0.0800582 -0.582403 -1.04772 -0.707356 -0.00795127 -0.393702 -0.0900376 0.0461068 0.478794 -0.0377354 0.267695 -0.202856 -0.0648503 0.0324101 0.387689 0.834803 -0.681603 -1.28813 -1.27433 0.0638102 -0.235536 0.223074 -0.0462023 0.308346 0.096471 0.207795 -0.379817 -0.384085 -0.479459 -0.595882 0.828049 0.323096 
0.672778 0.55147 -0.201704 1.29148 -1.48079 -1.24918 0.306276 -0.0531375 -0.620908 -0.629094 -1.21834 -0.359865 -0.601421 -0.0318233 0.0891685 0.388809 0.00166042 0.590402 0.0437968 0.227968 0.00898186 0.237517 0.456001 -0.15928 0.112526 0.0189898 0.00917986 -0.0874498 -0.391193 -0.182142 -0.0582266 0.211828 0.326231 -0.0539061 -0.69563 -1.66276 1.09494 1.60679 1.12759 
0.677781 0.541589 0.094341 1.25972 -0.900767 -1.21866 0.635575 -0.0710763 -0.344886 -0.591714 -0.866636 0.104574 -0.374713 -0.0808577 -0.041343 0.087601 -0.219878 0.209468 0.00897207 0.261381 -0.021496 -0.307941 -0.827957 0.413336 0.318659 -0.146738 -0.115487 0.124122 -0.616916 0.0979945 -0.559113 0.0110119 -0.459213 0.203501 -0.440233 -0.687455 -0.519257 0.285307 0.245294 
0.59192 0.510127 -0.114103 1.0716 -1.27132 -1.2402 0.567657 -0.0746335 -0.928849 -1.45705 -0.805008 -0.0412059 -0.748159 -0.147311 0.21329 -0.228107 0.0996549 0.0312885 0.0548088 -0.231245 0.212483 -0.202716 -0.231454 -0.678537 0.397833 0.264284 -0.161049 0.119886 0.115588 -0.00642855 0.371417 0.306414 -0.28532 0.0547048 -0.215246 0.951631 0.105459 -0.042236 -0.439379 
0.53047 0.754879 -0.133766 1.35938 -0.869478 -1.16385 0.40433 0.141407 -0.547602 -0.823167 -1.54517 0.502407 -0.110429 -0.241907 0.0785428 0.203189 -0.226306 0.580885 0.315386 -0.0239389 0.0332088 -0.523187 0.123673 0.518795 0.276423 -0.586118 -0.33385 -0.282931 0.892073 -0.630951 0.949088 0.186751 0.253262 0.116807 -0.726655 0.465448 3.4546 -1.08705 -0.739601 
0.350013 0.58867 0.0890859 0.845295 -0.690438 -0.924818 0.543718 -0.0414247 -1.45204 -1.33338 -0.286213 0.235218 -1.33428 -0.481161 -0.069641 0.663966 -0.531296 0.980377 0.241559 0.0220164 0.329291 -0.929372 0.233994 2.77606 -0.689217 -0.475318 -0.244042 -0.172922 0.329791 0.0866412 0.609137 -0.173949 -0.655262 0.300865 0.427859 0.55961 1.25354 -0.141355 0.771329 
0.0493093 0.685238 0.5302 0.828082 0.110899 -0.922292 0.426347 0.470698 -1.47697 -0.589173 1.23089 -0.18681 -0.585746 -0.48595 -0.0943788 0.53298 -0.139665 1.19002 0.141436 -0.679201 0.334074 -0.0953285 0.683283 1.77234 0.135068 0.185211 0.163285 0.0294837 -0.530875 0.0273568 -0.966923 -0.010289 -0.371132 -0.459986 1.10891 -0.516193 -3.11292 0.314206 -0.448508 
-0.135936 0.494291 0.622066 0.70563 0.499585 -0.783382 -0.135482 0.292649 -1.54736 -0.650095 1.48612 0.370286 -1.14907 -0.317876 -0.0401573 0.133091 -0.503939 0.0134538 0.23127 -0.349115 -0.130695 0.179537 -0.282198 -0.336855 -0.375011 -0.923825 0.128352 0.116198 0.0392937 -0.455784 -1.49951 0.530308 0.818207 -0.310299 0.660901 -0.548567 -1.74056 0.114308 -0.220859 
-0.268566 0.645081 0.663291 0.324143 0.124352 -0.691021 0.0772315 0.340002 -1.29744 -0.871371 0.894035 -0.56182 -1.50957 -0.357597 0.0218194 0.572273 -0.595449 -0.309487 0.671744 0.139006 0.0237746 0.565572 0.134716 0.0317716 0.249376 -0.0356481 -0.215799 -0.198255 0.780533 -0.0684223 -0.0882555 0.706641 0.397348 -0.319095 0.881141 1.72356 0.0979474 0.957412 1.32884 
-0.493534 0.51611 1.19434 0.110181 0.190098 -0.111637 0.00352349 0.316424 -0.981793 -0.515379 1.51789 0.619662 -1.18471 -0.533675 -0.238413 0.913624 -0.572362 -0.0748017 0.937911 0.0482324 -0.44979 1.06068 1.44137 -0.238907 0.582402 0.405019 -0.0737015 -0.270924 -0.220025 0.0612866 0.637192 -0.0283282 -0.149348 -0.251986 -0.286981 0.465309 -0.955386 -0.0744055 0.324396 
-0.802241 0.406668 1.57692 -0.248219 0.0495507 0.24689 0.125464 -0.109788 -0.236759 0.569995 0.655127 0.0205815 -1.10455 -0.431299 -0.249104 0.352249 -0.534162 0.327706 0.643416 -0.0103422 -0.228211 0.278592 0.600026 -0.923614 0.174971 0.288748 0.266161 -0.260178 -1.51601 0.441299 -0.0961284 -0.953427 -0.192792 0.754457 -0.914255 -1.19559 1.0216 -1.05821 -0.480778 
-0.924832 0.267006 1.54659 -0.423981 0.517804 0.531779 -0.00681869 0.0882126 -0.703201 0.0846469 0.59428 0.794633 -0.895966 -0.267514 -0.49859 -0.60239 -0.131063 -0.17093 -0.0155152 -0.144559 0.304666 0.146422 0.245781 0.782689 -0.47581 -0.0757587 0.238965 -0.289669 -1.09725 0.552027 -0.615046 -0.858098 0.579501 0.591742 0.749207 -0.193043 0.0779896 -2.22623 -1.16835 
-1.06976 -0.0919223 0.974526 -0.379282 -0.121379 0.231375 -0.0190953 0.194879 -0.0903374 0.815776 1.43782 -0.455229 -1.18031 -0.192334 -0.538774 -0.745 0.017865 -0.28734 -0.214682 0.569159 0.363531 1.0278 0.406983 -0.845625 -2.05126 -0.879599 0.215828 0.413696 0.418586 0.0493463 1.43875 0.491426 1.20311 0.0360554 0.0972918 -0.112788 -2.14594 -0.438454 0.166025 
-1.11717 -0.271768 0.801587 -0.406116 0.230464 0.317097 0.562341 0.451744 0.324598 0.49163 -0.251344 -1.25663 -1.77556 -0.0516859 -0.0848944 -0.183804 -0.0817164 1.26782 0.475911 1.05855 0.340722 0.243714 0.132992 -1.36325 -0.914264 0.0902666 0.162916 0.67049 0.68698 -0.443374 1.14547 0.93684 0.578681 0.5706 -0.64044 -0.290468 1.17914 1.92584 2.55339 
-1.12144 -0.176817 0.790722 -0.460998 1.14644 0.707286 1.03945 0.535601 0.153376 0.948768 0.0745695 -1.36949 -1.09004 -0.0294178 0.131716 -0.0580202 -0.425509 0.858133 0.722158 1.14784 0.934131 0.387359 0.116515 0.333512 -0.125423 1.67379 0.0435283 -0.0469796 0.230719 -0.271509 -1.42103 -0.000332563 -0.103232 0.931947 -0.199461 -0.17294 1.12075 2.18406 -0.240535 
-1.14658 -0.140052 0.743567 -0.831625 1.0886 1.03925 1.71018 1.38587 0.711957 0.608145 0.0821679 -1.38205 -0.101777 -0.00815766 -0.131874 0.0469151 -0.353225 -0.153218 0.475578 0.955314 1.27267 0.0442533 -0.0399476 -0.242502 1.2698 -0.150269 0.0648736 -0.321395 0.286783 0.427684 -0.881415 -0.678965 -1.66692 -1.0494 -0.683063 -0.0912493 -1.17469 0.979148 -2.32183 
-1.1296 -0.308691 0.837637 -0.814223 0.993218 1.18286 1.99476 1.80827 0.19763 0.908821 -0.167932 -0.0996936 -1.24031 0.0354558 -0.189679 0.228762 0.00217527 -0.0232814 0.0431934 -0.519077 -0.115265 -0.295704 0.0252659 -0.84118 0.853725 -0.648042 -0.0382718 0.149913 0.0190956 0.454058 0.0272574 -0.62783 -1.69675 -2.02374 0.152325 -0.488333 -0.706378 -2.00331 1.87781 
-1.11113 -0.329731 0.97233 -0.82945 1.06532 1.08245 1.1911 1.27061 0.416253 0.633411 -0.759012 -0.528324 -0.749818 -0.0464295 0.0180393 0.0660107 0.100833 -0.12596 -0.152252 -0.741433 -0.751074 0.196578 -0.528281 -0.948879 -0.733509 1.72754 -0.130951 0.133991 -0.486959 0.18117 0.0629478 0.0421957 0.966768 -0.0879432 0.405082 -0.521062 0.588391 -1.64385 0.510485 
-1.17603 -0.290651 0.903648 -0.713391 0.867258 1.03061 1.25333 1.0572 0.394208 0.38054 -1.11681 -0.833202 0.487229 -0.0954955 -0.0556883 -0.258197 0.183345 0.0396664 0.0853891 0.447691 -0.203208 0.109378 -0.495796 -0.252789 -0.790122 -0.137556 -0.0240626 -0.156392 -0.211362 -0.112315 0.424839 0.0473302 0.647293 0.654054 -0.81834 0.123736 1.95667 -0.861741 -2.90461 
-1.20662 -0.385419 0.714133 -0.646104 1.10498 1.16784 1.6388 1.0674 0.525632 0.137615 -1.0118 -1.31845 -0.887375 -0.0704921 -0.138353 -0.145351 -0.0114827 0.298878 -0.104922 -0.0941392 -0.0970202 -0.621762 -0.404544 1.00779 -1.59525 -1.17707 0.0186001 0.0170028 0.293755 -0.380645 -0.411908 -0.45984 -0.740893 0.0299217 -0.878586 0.102076 0.491412 1.5821 1.26011 
-1.24652 -0.429004 0.758297 -0.724874 1.16614 0.925691 1.15919 0.960175 -0.227554 -0.0240045 -0.109024 -2.42845 -0.689837 -0.0768954 -0.0386855 0.0355587 -0.197299 -0.372241 -0.37445 -0.293202 -0.173286 -0.769208 -0.393719 0.238623 0.791981 1.12256 0.0865534 0.174991 -0.0879909 -0.276527 -0.850886 0.0299824 0.477222 0.360024 1.5742 0.958112 -0.866932 2.71103 1.78443 
-1.28352 -0.424105 0.749692 -0.843403 0.73274 0.793387 1.34559 0.894115 -0.243576 -0.256105 -0.773178 -0.526465 0.235181 0.0160612 0.036638 -0.233342 -0.28801 -0.552008 -0.0749394 0.383083 0.263004 0.952439 0.553567 0.140855 1.11578 0.607361 0.0494257 -0.114885 -0.118077 0.0859793 0.0268173 0.406597 -0.581958 -0.00533067 1.14031 0.912971 0.82049 -1.51239 -2.19299 
-1.23046 -0.392366 0.524955 -1.01288 0.614129 0.850751 1.54228 1.22318 0.724885 0.529563 0.0318312 -1.31267 -0.0824766 -0.0274698 -0.15357 -0.0825182 -0.11132 -0.345424 0.0321462 -0.87516 -0.178617 0.371099 0.519252 1.05911 -0.720413 -1.07044 -0.183217 -0.325293 -0.122962 0.133668 0.335472 0.0670089 -0.844283 -0.512912 -1.04169 -0.232201 -0.0270539 -1.19055 -1.20728 
-1.31099 -0.577675 0.667173 -0.954723 0.387316 0.825533 0.470434 0.715498 0.127523 0.263147 0.285935 -1.24688 -0.835258 -0.167156 -0.288655 -0.356304 -0.154342 -0.216536 -0.00793049 -0.4612 -0.249908 -0.0892502 0.321367 0.113801 -0.0747712 -0.599918 0.0992532 0.293549 -0.307992 -0.118775 0.509725 -0.260353 1.26353 0.340913 -0.130999 -0.886533 -1.72149 0.241027 1.08538 
-1.39761 -0.681021 0.16865 -1.16723 0.397593 0.842821 1.08108 0.973271 0.635635 0.850929 0.145633 -1.38744 -0.682394 0.0717834 0.139978 -0.39051 -0.230094 0.164301 -0.228207 0.388368 0.162296 0.240101 -0.367281 -0.662375 -0.479386 0.0149428 0.293958 0.593247 0.594651 0.0743994 0.228715 -0.154172 0.104112 0.220864 -0.0200985 -1.26314 -1.50637 -0.872004 0.688125 
-1.23921 -0.437697 0.276663 -1.18482 0.551618 0.597326 0.858802 0.877794 0.367624 -0.104134 -0.376441 -1.72626 -0.820315 0.126802 0.304592 0.238347 -0.0799428 0.0121792 -0.162103 -0.357088 -0.029044 -0.109349 -0.941772 -1.39257 -0.946775 0.0882072 -0.103778 -0.139785 0.819207 0.603163 0.180554 0.539307 0.345278 -0.0538126 -0.402136 -0.0542189 0.132094 0.768866 1.18107 
-1.27081 -0.376429 0.406997 -1.24717 0.409772 0.680718 0.723988 0.944227 0.526286 -0.0908428 -1.24693 -2.33422 -0.594187 -0.0319947 0.000192647 0.428697 0.373069 0.344856 0.3111 0.733646 0.108483 -0.162036 -0.4215 -0.530282 0.28948 1.19601 -0.158294 -0.371955 -0.273605 0.264907 -0.104293 0.115954 0.777373 -0.152434 -0.992895 1.2424 1.50082 2.42803 1.33804 
-1.2712 -0.437505 0.705361 -0.811749 0.896473 0.908427 1.59245 0.986278 0.205589 -0.525634 -0.906722 -1.43678 0.375694 -0.0314915 -0.0673633 -0.035258 0.184964 -0.0921136 -0.0461485 0.420285 -0.181478 -1.10224 0.300624 0.108259 1.48125 1.42625 -0.0525937 -0.06343 -0.647527 -0.483584 -0.902193 -0.75704 -1.16644 0.180398 0.746721 1.44763 0.0739106 -0.0413332 -1.95289 