-1.39333 0.221009 -0.0238655 -0.386852 1.15756 0.0939693 0.829407 0.083704 0.313216 1.08103 1.16243 0.0285197 1.1537 -0.0682684 0.0583713 0.264963 -0.292835 -0.24601 -0.84344 -0.690086 -0.734402 -1.71241 -0.100682 -1.55292 0.615377 0.862073 0.135918 0.0609723 0.49814 -0.514176 -1.01709 0.849966 1.22505 0.711361 -2.12936 -2.02354 -0.738808 -0.384447 -1.64168 
-1.32667 0.239011 0.170763 -0.501053 0.536938 -0.151087 1.51135 0.162326 0.00248657 0.761565 -0.776312 0.536614 1.99652 0.158908 -0.0486927 0.453503 -0.0902191 -0.918935 0.530699 0.686311 0.570456 -0.983805 -0.873041 0.427312 -0.734931 -1.94102 0.278015 -0.45671 -0.177535 0.184828 0.0782705 1.75313 -0.661287 1.04507 0.724978 0.230306 1.14602 -3.49372 -3.94555 
-1.23443 0.172316 0.429638 -0.477071 0.238622 0.624668 1.51572 0.65416 -0.670589 0.207987 1.58974 -0.706411 -0.787318 0.209747 -0.398339 0.0874283 -0.108007 -0.16774 0.909688 -1.35137 0.310672 -0.987436 0.129624 -0.406905 -2.87834 -3.08348 0.128718 -0.454472 -0.409229 0.0475584 1.30968 -0.0778453 -1.34807 -0.55369 -0.412315 1.41588 -3.97817 0.838699 3.04283 
-1.11693 -0.159328 0.258191 -0.609059 0.369199 0.758601 0.159973 0.472998 -0.984949 0.891189 -1.18322 -2.34173 -1.08696 0.287627 -0.503165 0.0442742 -0.0426606 0.390745 0.452854 -0.661759 0.0167654 -1.39612 0.542838 -3.55085 0.103769 1.10181 0.00190986 0.0515803 0.417859 -0.244046 -0.412035 -0.435621 1.03289 -0.0207875 0.51545 -0.540444 0.470723 5.28939 4.54709 
-0.9468 -0.330849 0.473912 -0.519731 0.629367 1.07752 0.853959 0.670925 -2.06671 0.750825 -1.96111 -0.602642 0.314487 0.211656 -0.346759 0.505287 -0.352053 -0.579775 0.474067 -0.318482 0.289885 -0.471986 -0.41082 0.063818 2.41105 1.46361 -0.0434997 0.192596 0.505691 -0.425966 -1.09007 -0.414522 -0.239326 0.255129 3.57521 1.07849 6.52046 0.73639 0.1523 
-0.905271 -0.506087 0.763478 -0.961112 -0.210576 1.23267 -0.158509 0.762883 -1.45694 0.48037 -1.1194 0.0693201 0.376652 0.244127 -0.310569 0.549965 -0.468627 -0.699321 0.038332 -0.901085 0.271894 2.17909 1.62133 2.96961 0.840159 1.25411 0.310132 -0.253812 0.189831 -0.0647282 0.784253 -0.448264 0.189533 0.542693 0.758362 -0.200624 1.49864 -1.70041 -1.33474 
-0.702673 -0.641418 1.02388 -0.988358 -0.069954 1.11585 -0.0471256 0.942819 0.11238 2.37215 1.00849 0.237517 1.56859 0.521789 -0.60057 0.695118 -0.416781 0.204478 0.0258032 -0.128948 0.832578 0.286376 -0.611444 1.56246 0.710636 0.128871 0.207369 -0.305314 -0.222775 -0.0780762 0.843177 -0.0562443 0.531135 0.0591507 -2.07532 -3.52034 -3.79879 -1.65991 -1.66932 
-0.383483 -1.10666 1.4586 -1.37789 -0.00609839 1.25847 -0.287457 1.59546 -1.17056 -0.131074 0.443062 0.779956 0.505523 0.451495 -0.615883 0.32719 -0.546703 0.143856 -0.0179122 -0.36995 0.331045 0.103765 -1.89901 -0.829188 -0.819748 -0.415213 -0.370689 0.567108 -0.934357 0.546309 0.268621 -0.102062 -0.890335 -1.31713 1.27188 1.32707 -2.76359 -2.146 1.35741 
-0.251177 -1.2573 1.35107 -1.53506 0.0739018 1.09794 -0.417076 1.27386 0.216145 0.473139 0.179306 -0.582231 1.15338 0.1511 -0.033462 -0.239239 0.129528 0.473099 -0.0762585 -1.01928 -0.48455 1.55826 0.715626 -1.20113 -1.43536 1.48628 -0.540791 0.928742 -0.480371 0.954238 0.73858 -0.274843 0.615603 -0.292252 0.0664356 2.5977 0.472008 2.00022 0.98144 
-0.232382 -1.14012 1.21936 -1.24836 0.467001 1.18221 -1.30674 1.11091 0.387701 0.584552 -0.758069 -0.655404 1.9918 -0.0892951 0.312859 -0.153181 0.407535 0.882436 -0.292756 0.245653 0.0387923 0.170201 0.698682 -0.35718 1.18047 0.566226 -0.386337 0.391264 -0.238029 -0.0470379 0.378767 -0.738325 2.07668 0.941187 -1.22923 -0.793071 2.61808 3.05233 -2.83247 
-0.340472 -0.944441 1.19789 -1.12753 0.956338 0.805187 -0.171423 1.31266 0.386346 1.17182 -0.177874 0.59824 1.71961 -0.235236 0.357802 -0.477269 0.0824901 0.851867 -0.814583 1.0574 0.456636 0.329034 -0.0774448 1.41695 1.61697 -1.34619 -0.109659 0.11783 -0.428156 -0.326792 -0.737655 -0.287638 -0.303632 -0.0756418 -0.949355 -1.90582 1.16131 -0.592993 -1.23721 
-0.467619 -0.782317 0.742087 -1.16587 1.31887 0.36763 -0.249343 1.56755 0.716736 0.507107 0.658881 0.961563 0.645613 -0.198954 0.430689 -0.581337 0.0807425 0.144781 -0.580393 -0.0579792 -0.0368495 -0.779155 -1.20714 0.804126 0.587478 -0.670979 0.173636 -0.176344 0.198461 -0.180783 -1.26528 0.935163 0.41502 -0.884374 -0.40988 0.661771 -1.9288 -2.57651 0.981262 
-0.539427 -0.513752 0.616549 -1.04678 1.10112 0.224793 -0.229402 1.27581 -0.392808 -0.0353156 0.626253 1.18572 1.04863 -0.0616007 0.181458 -0.278808 -0.0982926 -0.413417 0.12058 1.47242 -0.427738 -0.0808464 0.584326 -0.511855 -0.959543 -0.36493 0.0358753 -0.588083 0.466162 -0.383406 0.401674 0.90819 1.50496 -0.328459 2.81458 2.88513 -0.446712 -2.02669 -0.388317 
-0.529219 -0.600859 0.46328 -1.26417 0.905451 0.48821 1.22307 1.13981 0.635889 1.09143 0.147026 0.0020195 0.280683 -0.163079 -0.157393 -0.115176 -0.302663 0.546455 0.327797 1.44698 -0.365309 2.03543 1.67799 0.357414 -1.43921 -1.0593 -0.0428302 -0.256767 0.723622 0.227794 1.46248 -0.145627 -1.54556 -0.0372795 -0.888644 -0.124983 -0.00193695 0.963804 0.739053 
-0.702506 -0.671145 0.501373 -1.34945 1.64757 0.55259 1.21758 0.910498 1.64262 1.64268 0.983667 -0.253495 -0.0106687 -0.104431 -0.0753096 0.444814 0.129501 1.04906 -0.0250477 -0.0731394 -0.465018 -0.96949 0.459343 -0.513792 0.00426121 0.374123 0.2298 0.162525 0.168872 0.677537 -0.904891 -0.807795 -1.93577 -0.173695 -4.49556 -2.94529 -2.08497 2.16556 0.696731 
-0.63365 -0.676169 0.908094 -1.13467 1.95451 0.463162 1.14993 0.674791 -0.333601 1.55078 -0.366765 0.00628071 0.654805 0.0667213 0.0051311 0.0536961 0.374874 -0.358436 -0.479998 -0.488793 -0.539004 -2.46013 -1.26729 -1.72755 0.726348 -0.362565 0.0192545 0.402671 -0.598209 0.158575 -1.62794 -0.0586424 0.278626 0.517247 0.660784 -0.661109 0.438324 0.490748 -0.851187 
-0.635784 -0.666014 0.555069 -0.974573 1.28914 0.0725925 0.728784 0.371494 -0.817508 0.375388 -0.743887 0.472853 -0.373233 -0.0851764 0.327362 -0.153394 0.288077 -0.578872 -0.0836901 0.205487 0.0522294 -0.308706 -0.201766 -0.0754674 0.495009 -0.477064 -0.17259 0.239819 0.16926 -0.19162 -0.0386664 0.794137 0.639343 0.904969 2.8234 2.07695 3.2431 -1.28323 0.964167 
-0.718826 -0.348807 0.7547 -0.846589 1.37564 0.379472 1.35542 0.72702 -0.642307 1.34901 -0.442233 0.50129 0.177741 -0.105868 0.24495 0.222956 0.183255 -0.397102 0.314139 0.15055 0.365965 0.363274 0.809656 1.51554 -0.556877 0.601603 0.101926 -0.441357 -0.269746 0.00212526 0.680599 0.102774 -1.37045 -0.817955 0.205104 -0.609558 -1.97281 -1.78611 0.454929 
-0.741652 -0.421064 0.778025 -0.791318 0.892036 0.386732 0.879335 0.737459 -0.454234 1.18504 0.771657 -0.0840243 0.22837 0.0167501 -0.113995 -0.423141 0.290202 0.101727 0.0190834 -1.16496 -0.765726 -0.103602 -0.811324 -2.04827 -1.2911 -0.0221354 -0.0405232 0.0392954 -0.815292 -0.187171 0.600863 -0.239257 -0.298008 -0.885794 0.950345 -1.15298 -4.07147 0.964152 0.817636 
-0.702076 -0.462802 0.331559 -0.556388 1.47737 0.398555 0.190462 -0.0387057 -0.745909 0.537687 -2.49051 -0.789807 0.155606 -0.146391 0.284246 -0.592337 -0.00391637 0.203761 0.0748823 -0.147457 -0.519829 1.31362 -0.343323 -2.55592 0.407274 1.41924 -0.0123832 1.3667 1.14341 0.0814777 -0.312 0.0758879 1.48439 0.557869 0.593033 0.28245 2.70806 1.60835 -0.208958 
-0.888044 -0.136818 0.185688 -0.795235 1.0958 0.461614 0.731877 0.21763 0.859384 0.841722 -1.78427 0.32325 1.64761 0.00436686 1.2527 0.720267 0.37168 -0.210273 0.0949713 0.31943 -0.207857 0.489431 -0.528873 0.659786 0.317257 -0.231094 2.24178 1.26197 0.0405689 1.17731 -0.317701 -1.5495 -2.52669 -1.0475 -2.57164 0.729921 3.81928 -2.90927 -3.58904 
-0.69771 0.789901 1.05183 -0.184708 1.2671 0.493526 0.509891 -0.246563 -0.256478 0.00881397 -1.83072 -0.472549 -0.0754881 2.09539 1.54621 -0.551768 1.17339 -0.11394 -1.47462 -2.67414 -1.56732 -1.25803 0.386598 1.26336 -2.502 -2.1698 2.31469 -0.869186 -2.9926 0.986536 -1.58962 -1.28329 -2.95299 -1.61431 0.517461 0.372511 1.85218 -0.0744741 0.276831 
1.20735 1.40939 -0.36608 0.37816 0.981857 -1.013 -1.94227 -1.34969 -0.398642 1.22832 -0.520905 -2.17875 -0.522188 2.31906 0.383517 -2.27234 1.35822 -1.79989 -1.18832 -2.63356 -1.82216 1.00689 -0.156362 2.51196 0.242783 0.0457375 -1.58941 -1.69197 -0.725825 -0.114586 -2.17817 1.66539 2.67159 0.743474 1.55987 -2.78857 0.267637 4.48323 1.35541 
1.62135 1.17342 -1.22051 1.17351 -0.532794 -0.694789 -2.12367 -2.06873 0.750414 -0.147548 0.681242 -0.229766 -0.0297506 0.505982 -0.145754 -1.27759 1.05881 -2.29211 0.190774 -0.00255421 -0.82385 0.301842 -2.40198 1.531 1.98123 -0.814389 -2.20686 -0.410957 1.6468 -1.09064 0.512982 0.872545 2.9501 1.92143 -2.08081 -1.00444 -1.8702 -0.829261 -0.773601 
1.71333 1.26364 -1.64367 1.43697 -1.31026 -0.822227 -1.94482 -2.17354 -0.0967996 -1.17366 1.01009 -0.197521 -1.33658 0.112193 -0.0274397 -0.625537 0.267578 -1.28691 -0.31577 0.316539 0.0992685 -1.07392 -1.1608 0.641766 -0.586478 -0.727864 -0.201723 -0.17095 1.51123 -1.31502 2.24305 -0.698361 0.872894 1.26724 0.738445 2.45563 -1.46666 -1.88091 1.76169 
1.73354 1.14598 -1.84605 1.44108 -1.8197 -1.01056 -1.80713 -1.96946 -0.323503 -1.30835 1.32301 -0.816244 -0.757614 0.304259 -0.316704 0.233639 -0.256209 -0.0490672 -0.507586 0.87034 0.443394 1.04029 0.0536584 0.0643385 0.100316 0.947305 0.0793958 -0.0382728 0.976694 -0.244593 1.74138 -0.20645 0.389889 0.179947 2.67711 1.14256 -1.28143 2.57933 1.04097 
2.01759 0.946935 -1.41003 1.18076 -1.35933 -1.32981 -1.07448 -1.73015 0.943488 -1.12 1.07443 -0.0972043 -0.389271 0.191589 -0.0657125 0.351158 0.0229849 0.454473 -0.52222 0.706427 0.279215 1.6032 -0.018241 -0.63966 1.99285 0.313106 -0.434489 0.387931 -0.386948 0.650063 -0.222015 0.239551 -1.3421 -0.134438 -1.19787 -0.378052 -1.93963 0.884789 -0.791165 
1.92513 1.08027 -1.49489 1.46407 -1.36523 -1.53278 -1.1007 -1.69024 1.27969 -1.32659 0.683348 1.17661 -0.444508 -0.13023 0.071227 -0.153309 0.393855 -0.271082 -0.268035 -0.471758 0.308956 -0.157583 -0.324393 -1.87529 0.985105 0.15614 -0.321064 0.0576778 -0.459954 0.234108 -0.770267 0.435983 -1.0859 -0.0529222 -2.17507 0.252336 0.639922 -2.2386 -0.191738 
1.88736 1.01816 -1.56334 1.57461 -1.63041 -1.59785 -1.54624 -1.42119 0.785904 -1.44439 -0.800862 0.887901 -0.233131 -0.129475 -0.00803463 -0.108796 0.257093 -0.315794 -0.0862372 -0.379469 0.226293 -0.571871 0.234095 0.000261815 -0.245748 0.121368 -0.0810408 -0.0380165 0.117839 -0.325452 0.161222 -0.0519998 1.14878 -0.565028 0.47047 0.736864 2.7218 -0.587003 -0.233211 
1.79566 1.07223 -1.60369 1.72116 -1.68102 -1.61902 -1.48017 -1.46395 0.707822 -1.0925 0.68361 0.930861 -0.32314 -0.21127 0.0332106 -0.03547 0.0684023 -0.109861 -0.320035 0.677026 -0.256071 0.312887 0.41247 0.846508 0.398102 -0.0770703 -0.0863332 0.218993 0.244926 -0.332557 0.896642 0.197866 1.76122 -0.0772102 -0.0999092 0.573424 -0.527982 0.98767 0.0581023 
1.67609 1.05137 -1.59881 1.64302 -1.74027 -1.91788 -0.869211 -1.67727 1.09879 -1.03192 0.0456458 1.286 -0.310201 -0.215808 0.210959 0.13613 -0.0754635 0.580848 0.111629 1.38175 0.149083 -0.67178 0.807519 -0.52772 0.741922 0.179471 -0.16283 0.313592 0.301068 -0.105384 0.629768 0.511192 -0.917038 0.551265 -3.01451 0.204482 -1.1658 -1.31112 -1.02546 
1.57985 1.28319 -1.46756 1.6457 -1.10018 -1.50739 -0.0984195 -1.31487 0.0360419 -0.284979 0.15589 1.67278 -0.143669 -0.3741 0.346803 0.265598 -0.0369814 0.519907 0.191157 -0.240011 0.295193 -2.70163 0.616953 -0.319295 -0.913017 -1.10253 -0.288228 0.0434695 0.273274 -0.137006 0.193797 -0.609565 -2.10093 0.188584 -1.32806 -0.903807 0.167285 -1.53257 -0.341544 
1.30199 1.39818 -1.33321 1.60603 -1.22036 -1.72673 -1.10922 -1.38207 -1.60284 -0.414968 -0.273649 0.372986 -1.41273 -0.504036 0.254428 0.409404 -0.21247 0.774645 -0.497936 -0.71918 0.337667 -1.99984 -0.0962878 -0.360434 -0.790647 -0.162073 0.102483 -0.234627 0.361646 -0.164138 0.447705 -0.134331 1.49664 0.418186 2.73627 -0.943915 0.975305 1.23452 1.26795 
1.07581 1.53762 -1.05815 1.43323 -0.325531 -2.00532 -0.817599 -0.977199 -1.9638 -0.381267 -0.204544 0.882137 -0.305743 -0.271617 0.112176 0.627244 -0.20112 0.967612 0.0568252 1.25663 0.71338 0.0346409 -0.326962 0.65601 0.321504 0.165424 0.379484 -0.260088 0.158062 0.121972 -0.648498 0.697438 2.19341 0.23704 3.20388 -0.508762 0.592359 -0.0958463 -0.966659 
1.03037 1.51035 -0.70597 1.40492 -0.252749 -1.6699 0.147409 -0.668693 -1.56819 -0.741931 0.38236 0.694491 -1.2473 -0.124552 -0.00565984 0.567466 -0.090498 0.126148 0.199503 1.47423 0.574706 1.20404 -0.60505 0.231924 -0.886493 -1.12873 0.105591 -0.126659 -0.277783 0.314289 -1.72804 0.360061 -1.16839 -0.907543 1.0283 -1.12703 -0.64658 0.274153 -0.0164451 
0.951259 1.53196 -0.490687 1.34273 -0.199384 -1.80582 0.656633 -0.402493 -0.759762 -0.986317 0.0273806 -0.00435615 -1.43447 -0.166026 -0.0144832 0.349461 0.113169 -0.760432 0.416886 0.0882377 -0.194164 1.06294 -1.454 0.00943021 0.595657 0.148978 -0.255066 -0.12728 -0.022422 -0.0422264 -0.36751 0.370894 -2.19505 -0.794185 -1.57487 -0.725922 0.511441 2.26799 1.98127 
0.864346 1.49587 -0.356509 1.51808 -1.01318 -1.25302 0.235647 -0.862856 -0.505251 -2.19593 0.391791 1.29015 -1.09833 -0.379618 -0.13294 0.545044 -0.132724 -0.241363 0.570397 -0.72082 -0.219479 -0.370827 -1.33097 0.743365 1.3815 0.852541 -0.478653 -0.279451 -0.158999 -0.734306 1.42211 -0.582291 -0.0162541 1.05365 -2.31499 1.92376 -0.342805 -2.25453 -0.635632 
0.571641 1.39902 0.0543566 1.21001 -0.440746 -1.23542 -0.0641868 -0.621972 -1.13059 -2.31729 0.770746 1.37714 -0.581934 -0.644679 -0.293934 0.190462 -0.621136 0.661679 -0.165404 0.0719835 0.859482 -1.25205 0.469763 -0.333375 -1.65887 -0.486653 -0.68721 -0.441918 -0.458922 -0.695264 1.10661 0.067181 0.667695 0.637887 0.512974 2.51413 -0.237144 -2.29331 0.126279 
0.219667 1.20193 -0.166047 0.896948 -0.351502 -1.41842 0.30763 -0.00337455 -1.7573 -1.72616 0.0584161 -0.368724 -1.58498 -1.06683 -0.574857 0.0861215 -0.827988 0.865243 0.637578 -0.0531246 0.418408 0.142147 1.18316 0.506221 -0.911813 0.97882 -0.512777 -0.317593 0.382592 -0.403414 -0.315017 1.63774 -0.0836026 -1.58775 2.06534 0.000791318 0.208039 1.14621 1.59124 
-0.495187 0.824162 0.140478 0.382019 0.424496 -0.597846 -0.117311 -0.203564 -0.988442 -1.13413 1.27697 0.465326 0.396886 -1.15746 -0.611527 0.573054 -1.02455 0.346662 1.47233 -0.0116191 -0.72827 0.813286 0.470555 -0.125335 -0.512659 1.10459 0.403609 0.249283 -0.0324057 -0.0715246 -0.956044 0.181409 1.45919 -0.0301196 0.360479 0.55041 -1.07243 -0.438273 -1.31955 
-0.93779 0.590407 0.407006 -0.127602 -0.00483991 0.0539112 0.296011 -0.731644 -0.944015 -1.25561 -0.0669191 -0.881383 -0.480389 -0.663219 -0.325574 0.0537158 -0.899513 -0.0908009 0.818987 1.40606 0.388288 0.502626 1.73357 -0.566211 -1.35009 -0.340731 0.751596 0.432286 -0.794139 0.546372 0.680619 -1.0426 1.50206 1.48227 -0.165348 2.14317 -1.21738 -0.745712 -1.42034 
-1.15841 0.498588 0.194194 -0.517494 0.333695 0.221141 1.28875 0.184725 -0.485816 0.599439 0.710756 -0.884761 0.0561549 -0.405861 -0.179241 -0.221086 -0.478178 1.02728 0.42973 1.49044 0.754005 0.647938 2.61372 -1.34272 -1.25837 -0.315749 0.558027 0.251503 -0.250496 1.03756 0.999729 -0.996342 -1.52074 0.111137 0.53058 -2.12417 -1.476 1.86364 -0.0408463 
-1.34365 0.411166 0.185921 -0.60578 1.02244 0.483641 1.78646 0.0223607 -0.296077 1.35811 -1.40964 -2.13975 -0.796138 -0.105192 -0.0740713 -0.19678 0.138048 0.908928 -0.177355 -0.114675 0.499426 1.03321 -0.390598 -2.04221 0.513555 -0.381578 1.44209 0.281655 -0.710941 1.13608 -2.75151 -1.27534 -1.81574 -1.16558 -0.861781 -4.83184 5.25674 6.17308 -0.969586 
-1.2636 0.424517 -0.00258637 -0.379446 1.24262 0.0437855 1.17408 0.68415 0.54739 0.208842 -1.33146 -0.371206 -0.325423 1.03623 0.102414 -0.932027 0.657901 -1.72423 -0.845609 -0.3253 -0.411579 -0.213843 -2.21812 3.91402 4.91471 -1.28533 1.74738 0.207952 -0.95303 0.430608 -3.61026 -0.544083 -0.519339 -2.17439 -2.90589 -0.83227 5.61324 1.92211 -0.854709 
-0.307421 0.51358 -0.746107 0.0521205 -0.701788 -0.361968 1.46116 -0.389218 -0.50992 -0.860006 2.50438 2.77495 -2.08147 1.64219 0.133881 -1.14981 0.568656 -2.70133 -0.721438 -0.634013 -1.67496 -1.87268 -1.22287 3.57102 2.43567 -1.23629 -0.560016 -0.761833 0.567824 0.184399 1.30178 0.475666 -1.66285 -0.560949 -0.413634 1.62944 -7.54228 -7.80185 2.08833 
0.378591 0.558397 -1.1524 0.18921 -1.45871 -0.677652 0.540063 -0.990811 -1.32529 -1.01403 2.23956 2.06446 -1.56171 0.476214 -0.659419 -0.364203 0.8423 -0.42245 -0.369943 -1.98815 -0.972527 -0.627477 -0.588676 -3.62827 -2.88714 0.802995 -1.87968 -1.15971 0.855085 0.0167507 4.13859 1.10724 -0.235738 2.21331 3.52291 1.83138 -6.30972 -5.4169 0.866404 
0.168792 -0.14584 -1.11031 0.89442 -1.12424 -0.73191 -0.526989 -1.36175 -1.1374 -1.44868 -1.12389 -0.112192 -1.27848 -0.237491 -1.02583 -0.294726 0.585406 1.43726 0.385803 -0.869752 0.538347 1.65023 0.608507 -2.7387 -2.98123 -0.369882 -0.297217 0.265748 -0.333637 -0.807671 2.2546 0.966883 2.12696 3.41824 3.62608 2.03218 3.64707 2.93434 1.46154 
0.1411 -0.467428 -1.44712 0.774617 -0.0214487 -0.291849 -0.329689 -0.452464 0.324941 -0.405519 -0.499132 -0.916774 -1.93159 0.178996 -0.393671 -0.69784 0.0346292 1.83215 0.59694 0.138819 2.44572 2.99861 1.4435 0.018804 0.0472001 2.26454 0.697218 0.649497 0.568102 -0.34998 -1.0465 0.554846 0.234367 1.07511 -1.28614 -0.570774 4.01975 3.08922 3.94746 
0.347789 -0.539511 -1.80815 0.92905 0.707911 -0.13497 -0.38817 1.08397 1.86121 -0.00518007 -1.10508 -0.0649922 0.986058 0.459727 -0.376328 0.273376 0.235426 0.390758 0.940649 -0.635385 1.61345 0.364091 0.0377329 1.28106 0.107985 3.57758 0.0555632 -0.258109 1.77375 -0.306454 -2.54512 0.360342 -1.42474 -2.3938 -4.26345 -0.556453 1.69322 -0.848186 -2.60362 
0.600827 -0.843756 -1.17375 1.01004 0.36931 0.6488 -0.965074 1.16099 0.689032 -0.367786 0.781924 -0.808789 1.64599 0.234559 -0.651781 1.07591 -0.271825 -0.712973 0.957283 -1.28592 0.0519124 -1.26484 0.887049 1.71202 -0.800986 -0.339084 -0.416624 -0.497818 1.29615 -1.22134 -1.32578 -0.505751 1.08067 -2.6541 0.289912 0.223571 -2.00214 0.922227 -4.44511 
0.582348 -1.19129 -0.732242 0.657225 -0.00506272 0.822312 -1.67409 1.13588 0.596369 0.881869 0.60694 -0.865978 0.646973 0.043103 -0.874146 1.56952 -0.985915 -0.935019 0.434898 0.445286 -1.04064 0.654003 0.261304 -0.72108 1.03021 -0.867524 -0.323107 -0.293801 1.23764 -0.370739 -0.179637 -0.309774 3.25384 -0.814726 2.07733 -1.62266 -3.272 1.25764 0.2612 
0.64393 -1.7179 0.395775 0.0241284 -0.56571 1.0837 -0.519788 0.120349 1.34303 -0.106482 0.0608437 0.221423 0.778465 -0.0885479 -0.945582 2.31354 -0.642563 -0.892611 0.647508 1.96792 -0.762814 0.812491 -0.735615 -1.55998 0.456654 -0.077884 -0.294152 0.443111 -0.26906 0.451356 -0.247926 -0.0984902 0.198105 1.05918 -1.09844 0.653047 0.136823 -0.721401 0.428046 
0.4938 -2.13687 1.5813 0.0146617 -0.897673 1.46982 0.293829 0.373069 1.40886 0.146254 -0.953038 -0.409324 0.569089 -0.251049 -0.431035 1.30046 -0.534558 -1.18295 0.336408 0.643391 0.0185422 -0.444434 0.914351 -0.584257 0.308811 -0.439478 -0.143451 1.14266 -2.42218 -0.164826 0.263597 -0.81395 -2.30037 0.69525 -1.07254 -0.192756 2.78092 1.07473 0.356841 
0.392881 -2.14894 1.69624 -0.51043 -1.74865 1.42011 0.123603 0.138892 0.8986 0.807869 -0.523414 0.530233 0.338987 -0.231999 0.197078 -0.108633 -0.807389 -0.629014 -0.166442 -0.33245 -0.0675636 -0.260051 -0.928371 1.22094 1.53139 0.278957 -0.135854 1.08068 -1.47532 0.385446 2.11577 -0.838734 -1.463 0.461008 1.16383 -1.56756 0.877533 -0.643779 -0.831077 
0.261801 -1.9398 1.47267 -0.792727 -1.52669 1.30338 -0.0386211 0.305506 1.14881 -0.782116 0.267906 1.12206 0.848046 -0.386903 0.649649 -0.174857 -0.149113 0.932825 -0.502326 -0.819608 0.47955 0.719393 -0.653211 0.293275 -0.334968 -1.27055 -0.488939 0.81007 -0.44922 0.980904 1.71175 -0.533471 0.0430766 -0.266535 -0.769062 1.03361 -2.69914 -3.52344 -2.07048 
0.00597845 -1.49929 1.52138 -0.659543 -0.81583 0.91778 -0.696006 0.618442 1.61799 0.154658 -0.230138 0.195265 -0.931568 -0.720939 1.00715 -0.557853 0.173515 1.08273 -0.699913 -0.289374 -0.334099 -1.02911 0.105238 -1.47819 -1.99205 -1.79152 -0.213903 0.0792971 -0.637915 0.0117999 -0.460654 0.394201 1.64933 -0.268855 -0.388059 0.597962 1.10659 -1.56867 1.42859 
-0.459138 -0.932647 0.914814 -0.619212 -0.443954 0.603466 -0.327995 -0.0285932 0.119697 -0.676878 -1.21028 -0.869988 -0.943472 -0.600806 0.728946 -0.812772 -0.137313 0.472171 -0.108126 0.829726 0.210695 0.331334 -0.0552494 1.39987 -1.90364 0.158032 0.6092 -0.490344 0.471589 -0.118823 -0.856026 0.908798 0.128152 0.879997 1.23088 1.25679 1.78075 0.878161 2.49457 
-0.594827 -0.770343 0.708608 -0.796855 -0.343659 0.809655 0.13372 0.829137 1.94933 0.0994088 1.16973 -1.70838 -0.773536 -0.111738 0.516804 -0.0862637 0.0546925 0.226707 0.208885 -0.161222 0.545898 0.201766 1.36203 0.302562 -1.11389 0.703055 0.574336 -0.545579 0.560311 0.120612 -0.0095414 0.256958 -0.7904 -0.213912 -1.52897 0.944371 -2.42104 3.60042 1.92409 
-0.570876 -0.415843 0.828551 -0.564519 -0.217247 0.812351 -0.489217 0.517305 0.321463 0.685151 -0.907723 -1.98388 -0.240417 -0.0264694 0.183367 -0.252461 -0.0167004 0.46263 0.148833 0.0393257 -0.00321692 -1.19764 0.889121 -1.02117 1.69678 2.08213 0.00950649 -0.672463 0.0604312 -0.240638 0.698122 -0.207912 0.524222 -0.628943 -0.0730391 -1.9461 0.00122254 1.55945 -0.4113 