-1.25039 0.290844 0.296167 -0.610261 0.778187 0.434397 1.06757 0.0831895 0.432007 -0.302004 -0.927486 0.301441 -0.595286 -0.0178588 -0.0547248 -0.291359 -0.0765365 0.164512 -0.214775 0.120016 0.744803 0.998698 0.511894 -0.309093 0.0149502 -0.851719 0.069927 0.187301 0.312857 0.295949 0.737245 0.212756 1.70914 1.13874 -0.0419352 1.12403 1.5105 0.651707 0.344465 
-1.28289 0.302074 0.242405 -0.828208 0.32741 0.319141 1.80159 0.577012 1.22632 0.894884 -0.376113 0.631157 -0.779142 0.0348219 0.140101 0.0253628 -0.0041583 0.753089 0.0221683 0.83926 0.974345 0.257139 0.538392 0.207729 -0.116205 -0.441803 0.10461 0.211109 0.607848 0.0936604 0.0261729 0.426556 -0.265664 -0.514859 -1.50637 -1.34078 -0.542665 -0.0581162 1.21617 
-1.21557 0.430946 0.32153 -0.614419 1.53128 0.456565 1.90683 1.05753 0.689145 0.236388 -0.719757 0.185237 -1.03709 0.0867513 0.156384 0.31649 0.0171239 0.190684 0.211781 -0.145648 0.229944 -0.507668 -0.828887 -0.851758 -0.043166 0.364452 -0.00439008 -0.284414 0.24518 0.283348 -2.08039 0.450919 -1.54637 -2.35153 0.123252 -0.58347 0.444495 -0.282996 0.578313 
-1.19613 0.458458 0.558894 -0.811084 0.518094 0.530922 1.65594 0.806956 0.718652 0.0659974 -1.22787 0.587991 -0.41469 0.0304318 -0.144313 0.270543 0.27919 -1.32731 0.473088 -0.707108 -1.37719 0.380391 -0.0450771 0.652224 -0.3992 0.136511 0.0840374 -0.619222 -0.364178 0.730406 -0.50823 0.384779 -1.37448 -0.917936 1.35461 0.351565 2.58288 0.177784 0.752392 
-1.18514 0.286633 0.592072 -0.335229 0.20397 0.929653 1.19972 -0.319652 1.06954 0.191311 -0.0675322 -0.213964 -0.900578 0.170789 -0.462838 -0.0476889 0.74753 -0.317546 0.59656 -1.52012 -0.687992 0.846942 -0.477321 1.73112 0.134618 1.11684 0.272623 -0.505054 -0.306844 0.127651 0.629051 -0.583726 -1.08081 1.70093 -0.863923 -0.79977 -1.42694 -0.0230557 0.542093 
-1.02535 -0.00437998 0.511206 -0.0635543 0.200548 1.12748 0.135819 0.118965 1.56559 -0.411324 0.503248 0.722609 0.702154 0.303055 -0.649366 -0.0363014 0.406841 -0.698254 -0.110638 -1.78792 0.323739 -0.483532 -0.844847 -0.774716 -0.422256 0.678603 0.413949 -0.515978 0.172238 0.0949858 -0.755205 -0.615756 0.457047 1.33248 0.983322 0.286758 -0.140037 -0.427455 -2.4326 
-0.882082 -0.362733 0.555771 0.0716122 -0.494284 0.819015 -0.588195 0.00408636 0.586004 -0.653536 -0.842248 -0.63622 -0.221974 0.584737 -0.978815 0.12455 0.842516 -1.07275 -0.0191959 -1.06308 0.64449 1.83026 -0.190563 1.59108 -0.292837 -1.31576 0.379601 -0.121435 0.278204 -0.407837 0.40573 0.575419 1.35205 0.869726 2.59374 -0.107983 2.1559 1.9138 -0.0768493 
-0.440609 -0.983195 0.635755 0.778962 -0.872203 1.10829 -0.927258 0.763455 3.39586 -0.601887 2.09433 0.429772 -0.613602 0.682656 -0.770801 0.241903 -0.000995922 -0.292525 0.46478 -0.435864 1.19346 2.11021 -0.95283 1.38118 1.49155 0.601754 -0.363458 0.500272 0.64843 -1.45693 1.881 0.22265 1.79047 -0.681768 -4.15742 0.998876 -2.63774 0.0189925 1.40413 
-0.199426 -1.13353 0.797673 0.0706163 -0.786809 1.2838 -1.02406 1.19755 2.69621 -1.60637 0.538933 0.855327 0.37978 0.22128 -0.478544 0.77298 -0.614411 0.808254 0.203454 0.72739 -0.0372781 -2.32715 0.808312 -1.04665 -0.273845 0.0883793 -0.594062 0.31892 -0.337337 -0.668616 1.06401 -0.456041 1.73769 -2.36822 -4.00757 1.80637 -2.43921 -3.7467 -2.02153 
-0.219329 -1.46174 1.40873 0.16455 -0.0639488 1.31174 -0.199868 0.726177 1.0687 0.206425 1.04768 0.155927 -0.525222 0.0885946 -0.451881 -0.0954345 -0.669611 0.771484 0.00873976 1.30183 -1.17476 -1.89737 0.853542 -1.05803 -2.25515 -1.41977 -0.0802809 0.243644 -1.63895 -0.397031 0.493068 -0.489428 -1.47243 -0.134922 3.37373 -1.49317 0.037856 0.463741 0.578621 
-0.110831 -1.58542 0.702239 -0.598995 -0.0153244 1.29253 0.277771 0.0227926 0.798844 -0.752824 -0.519098 -1.39983 -1.03999 0.140999 -0.2349 -0.86597 -1.01144 1.30132 -0.285974 -0.74504 -0.1722 1.04657 -0.684853 -1.0088 0.189896 0.667001 0.142135 0.477079 -0.186178 -0.129877 -0.392007 -0.508312 -2.74733 1.03034 1.60879 0.312468 1.32968 2.90138 2.13209 
-0.0783303 -1.69664 0.542765 -0.846892 1.23737 1.02577 -0.944907 0.553977 2.11527 -0.478428 0.0388796 0.345823 0.141778 0.230729 0.0251978 -0.281612 -0.799488 0.379478 -0.499572 -1.4455 -0.144415 -0.288573 1.16601 0.271644 0.646232 0.712321 0.0632548 0.285155 0.446919 1.0772 -0.91638 0.226283 2.17352 0.0882809 -2.99139 2.26735 2.08342 -0.0410378 -0.440713 
0.119898 -1.56022 0.420627 -1.39848 0.364153 0.792963 -1.16773 -0.121622 0.510271 0.413186 -0.247454 -0.753594 -0.327672 0.204253 0.0502552 -0.419051 0.0657541 0.384941 -0.0596913 1.42848 -0.0839193 -1.94481 1.5825 1.07462 0.148858 0.226287 -0.143438 -0.149899 -0.0657272 1.98383 0.0188262 0.428012 3.21552 1.42653 0.585883 -1.25014 0.653294 -0.153296 0.271474 
0.125923 -1.64638 0.123714 -0.781138 1.62231 0.966074 0.48357 0.470057 0.17046 1.10407 1.1135 0.494682 0.368066 0.0872917 -0.124701 -0.347339 1.18434 0.398304 -0.0715605 1.77002 1.28212 0.29731 -0.0841281 0.924939 0.492935 0.983795 -0.141513 -0.112385 0.710918 0.749279 -0.334216 -0.0437833 -1.25953 0.439447 2.67479 -2.9968 -1.73966 -1.52487 -1.11716 
0.20719 -1.68492 0.0732874 -0.214144 0.762457 0.721402 0.602292 1.16049 0.807581 0.329058 0.677485 -0.260658 0.656123 0.0627402 -0.06213 0.291867 0.815033 0.0507252 -0.103475 0.168951 0.355528 0.729973 -1.4143 -0.665037 -1.37601 -0.890871 -0.134752 0.0279281 0.784809 -0.796524 0.211552 0.26106 -1.51816 -1.34675 -1.21268 -0.543431 0.646984 -0.184777 -2.21111 
0.188663 -1.70851 0.415581 0.0338955 1.67304 0.8626 0.652521 0.825586 0.900433 -0.310224 0.448461 -0.881328 -0.522806 -0.0474599 -0.0967728 0.437469 0.387816 0.609855 0.189499 0.251857 -0.0646309 -0.91537 -0.62756 1.57192 0.308158 -1.22732 -0.00166678 -0.00631381 -0.420067 -0.845035 -0.74176 -0.265982 -1.13219 -0.547863 -1.29707 2.46599 2.40167 2.32506 2.73376 
0.15973 -1.78169 0.510757 0.173672 1.37231 0.910901 0.85415 1.09586 -0.107789 -0.298501 2.24941 0.0474999 -0.571196 0.0610734 -0.0684438 -0.1282 -0.0300017 -0.691035 -0.369456 -0.963237 -0.192335 -0.567097 1.0517 1.73663 0.949051 1.84289 0.106597 -0.0371525 -1.02112 -0.963763 -2.40542 -1.1985 -2.62187 -1.09447 0.619852 0.205948 -4.58901 -2.54693 0.449745 
0.249737 -1.77696 0.287381 0.00389376 0.982004 0.493143 -0.310716 0.63325 0.333336 0.741473 2.18509 0.0677234 1.32008 0.0591373 -0.133925 -0.583653 -0.575947 -1.79556 -1.009 -2.37001 -1.15911 -0.295518 -0.421611 -3.01709 -2.23877 -0.777574 0.0420082 0.25402 -0.25058 -0.523856 1.67429 0.60264 1.1747 -0.303481 0.426863 -1.35581 -3.48366 -1.53214 -3.75639 
0.218867 -1.91562 -0.0728961 -0.402275 -0.423249 -0.0980955 -1.51586 -0.0632412 -0.403307 -0.720113 -0.76768 -2.19127 -1.34877 0.103082 0.185576 -0.378781 -0.553858 0.983255 0.233184 0.211459 -0.495817 -0.140234 -0.304112 -1.74702 -0.58309 -1.9135 0.0897151 0.586351 0.390015 0.0659884 3.95007 1.99158 4.16325 1.60873 0.5644 1.21905 3.45263 3.80143 2.84618 
0.352818 -1.59138 -0.0913999 -0.549964 1.96526 0.726327 -0.0992573 0.137434 0.193101 0.43736 0.438069 -0.515366 -0.593416 0.148852 0.452426 -0.193638 -0.509959 2.15451 0.98258 1.79324 0.449624 0.268882 0.797438 0.435542 1.56266 2.06861 -0.139978 -0.140891 0.412196 0.0297451 -1.33715 -0.407219 -0.378221 0.695955 -0.00638449 -0.350084 1.68332 0.0559177 3.05737 
0.367719 -1.46319 -0.266534 -0.912234 1.73126 0.884484 0.277379 0.386383 -0.134425 0.0773254 -0.332137 -0.628614 0.719835 -0.0368964 0.0446846 0.0334158 -0.524113 -0.353896 -0.174035 -0.166762 0.200139 -0.146619 -0.654197 -0.0637067 -0.527172 1.14387 -0.170501 -0.097548 1.03716 0.72428 -2.15474 -1.27083 -2.42605 -0.390517 -1.18459 -1.98087 -0.602959 -1.99904 -2.98162 
0.315922 -1.5467 -0.0579841 -1.07408 1.61136 0.552292 -0.26602 0.337573 0.0464826 -0.216836 0.374362 -1.04254 0.550449 -0.0216485 0.354878 0.843525 0.214321 -0.000231963 -0.288251 -0.632816 0.0591064 -0.915707 -1.18343 -0.167416 -0.436386 -0.913018 0.378659 1.684 1.37042 0.681755 -1.35319 -0.712134 -1.73644 -1.55805 -1.79503 0.0917731 -0.610594 -1.47036 -2.46608 
0.346071 -1.10831 0.576991 -0.697913 1.73103 0.596233 -0.355437 0.445489 -1.05013 -1.10611 -0.499554 -1.065 -0.193183 0.341763 1.72868 1.40384 0.157642 -1.70709 -0.88617 -1.90321 -1.35791 -1.94165 -0.562424 -0.674301 -1.99753 -1.32221 0.690204 1.7332 -1.70915 -0.532948 -2.16011 -1.03845 -0.916804 -2.13647 0.817012 3.69067 1.33899 -1.17394 2.34168 
0.657685 0.181986 1.34585 -0.916434 -0.0957248 -0.333878 -2.16923 -1.02034 -1.89516 -0.77926 -0.299938 -3.04007 -0.771764 0.668556 2.08808 -0.865621 -0.318627 -2.16035 -1.3267 -1.54962 -2.07736 -0.0986949 2.50724 1.17157 -1.61032 1.42866 0.14051 -0.470263 -4.83675 0.83502 0.885798 0.125307 4.09769 0.573322 3.81527 3.26274 2.54441 4.18158 3.65894 
1.01463 0.979764 -0.28863 -1.01654 -0.429318 -0.730468 -1.90506 -1.63187 -1.14883 1.40113 0.672018 -2.67532 1.23547 0.482273 1.25842 -3.43291 0.992662 -0.821291 -0.760863 2.19449 -0.784593 1.87362 2.70032 1.8701 2.18405 2.33673 -0.332098 -1.82623 -1.36371 1.27263 1.68619 0.782647 4.28236 1.67615 1.09611 -1.96554 -2.33736 4.03817 -1.48029 
1.13996 1.44041 -2.08706 0.0762279 -0.917016 -1.09474 0.0252612 -1.80494 -0.0215412 1.92106 1.57017 -0.856012 1.56496 0.336457 0.261847 -2.22933 0.953998 -0.474153 -0.544054 2.73274 -0.401216 0.997418 0.541701 -1.16579 2.42784 -0.0516371 0.0433878 -2.14509 3.79706 -2.1701 1.64749 0.755625 -1.81127 1.31291 -2.2863 -2.29333 -3.86024 -1.76586 -2.34288 
1.35108 1.24161 -2.51796 -0.0625424 -0.903471 -1.27452 0.827682 -2.03309 -0.15141 1.94283 -0.49377 -0.247481 1.18384 0.52566 -0.886674 0.364154 -1.17744 0.826195 -0.00523836 0.383218 0.528314 -0.412673 0.406992 -1.99014 0.418194 -0.00615093 0.088706 -1.11501 2.9849 -2.02596 1.09772 0.764379 -3.61951 1.20844 -1.17829 -0.436226 1.11887 -2.42016 -0.318256 
1.66562 0.553733 -1.7229 -1.10121 -0.0908205 -1.09998 0.408479 -1.27662 -0.434214 2.32805 -0.419969 -0.437818 1.55881 0.425163 -0.85316 0.755572 -1.07196 0.623572 0.220325 -0.886776 0.807221 -0.180874 0.105475 -0.0469215 0.00767869 -0.369893 -0.330363 0.642764 -0.329217 1.125 -0.730923 -0.0271149 -1.14272 -0.189863 0.686081 -0.817229 1.99918 -0.373943 -1.08724 
1.77625 0.388451 -1.76239 -1.13451 -0.279899 -1.0542 -0.0590941 -1.22587 -0.332283 2.04831 -0.540692 -0.239802 0.813943 0.195297 -0.24391 0.0349368 -0.0524348 0.0952721 -0.0323533 -0.759498 0.338451 0.273408 -0.410237 0.0090498 0.0442511 -1.09339 -0.278118 0.840606 -0.404151 1.28821 0.262404 -0.321452 0.355316 -0.165862 0.317095 -0.420825 0.917807 0.0929466 -0.00752746 
1.86092 0.309823 -1.68797 -1.15365 0.00445163 -1.13233 -0.351019 -0.93817 -0.160805 1.91781 -0.410919 -0.393567 0.46542 0.147045 -0.012554 0.351421 0.216249 0.885975 -0.101127 -0.53146 0.641358 0.136222 -0.31535 0.870886 0.100625 -0.377421 -0.184268 0.509336 0.094023 0.918992 0.647119 -0.0706926 0.430925 -0.14023 -0.428878 0.300764 0.332119 0.867423 1.25908 
1.92329 0.375897 -1.41096 -0.918257 0.606076 -1.15532 -0.590554 -0.58451 -0.196061 1.73296 0.330194 -0.139177 0.436523 0.0110291 0.265426 0.12896 0.866557 0.742391 -0.103046 -0.328573 0.198222 -0.155469 -0.109473 0.341168 0.911674 0.165692 -0.144528 -0.0850428 -0.0486762 0.666885 -1.45986 0.228069 -0.160214 -1.21554 -0.955023 -0.154584 -1.61589 0.999037 0.887582 
1.87194 0.575249 -1.55901 -0.287089 0.746842 -1.23538 -0.679592 -0.739948 -0.316275 1.80834 -0.0697505 0.518107 0.631112 0.00251768 -0.0975968 0.302745 0.883134 -0.573882 0.126942 -0.691674 -0.574179 -0.818801 -0.469934 -0.745005 1.09966 0.510161 0.00168187 -0.585499 0.697102 -0.269172 -2.05775 0.206018 -0.0530443 -0.497687 -0.708647 -0.814027 -0.42479 -0.0704196 -0.155295 
1.92581 0.2783 -1.10822 -0.0351229 0.0321939 -1.02838 -1.28223 -1.15869 -1.01486 1.26302 -0.414811 0.960485 0.946684 0.012711 -0.320072 0.826062 0.597385 -1.31536 0.102972 -0.381617 -0.299465 -0.864116 -0.9235 -0.0836217 0.841255 0.010397 -0.286118 0.468911 -0.345527 0.345953 1.03997 -0.699795 1.35297 0.570798 0.611274 -0.0461718 0.450048 -0.277437 -1.05138 
1.88466 0.255177 -0.732946 0.310296 -0.568517 -1.13241 -1.06121 -1.03941 -1.18039 0.884841 -0.153372 1.35936 0.641509 -0.2836 0.371314 -0.0427823 1.22909 0.466092 -0.572853 0.661295 -0.00338096 -0.207528 -0.516106 -0.294957 0.822225 -0.541221 -0.391466 1.06621 -2.01199 0.611702 2.1744 -0.868076 1.93876 -0.474568 1.04589 0.171912 -1.73904 0.661076 -2.0443 
1.64221 0.649614 -1.151 1.19396 0.498285 -1.60124 -0.620933 -1.16207 -1.22239 0.746919 -0.709767 1.78271 0.405463 -0.378756 0.746135 -1.18593 1.20909 0.859045 -0.765104 1.55714 -0.774033 0.181774 -0.751588 -1.82266 1.50233 -2.0339 0.076403 -0.197218 -0.811811 -0.75129 -0.736968 0.473243 0.44162 -0.956113 -0.764276 -1.09962 -1.98405 -0.417278 -1.9515 
1.5059 1.00131 -1.91887 1.51938 0.290528 -1.89751 0.495932 -1.81345 -0.998617 0.133253 -1.97604 2.86169 -1.39239 -0.207197 0.174096 -0.854594 0.477797 -0.270876 -0.0996102 1.10291 -0.959493 -0.971804 -1.61573 -2.27901 0.404947 -2.49272 0.240744 -0.892674 1.45729 -0.635973 -0.677581 1.14561 -1.3855 0.436615 -1.58302 -0.5698 2.56854 -2.98186 1.84918 
1.43501 0.82371 -2.0056 1.67176 0.227409 -1.70085 0.481982 -2.12156 -2.19419 -0.868809 -2.98878 2.18766 -2.08726 -0.138011 -0.146539 0.271367 0.573114 0.181464 0.380511 0.171644 -0.337417 -1.40124 -1.32139 0.74588 -1.47953 -0.184721 -0.0673157 0.194037 1.00085 0.277407 -0.680257 0.218099 -0.522247 1.33354 1.24151 0.721906 4.54116 -2.02147 2.68113 
1.36789 0.854773 -1.64751 2.0925 0.471992 -1.517 0.667576 -2.15086 -2.39986 -1.18813 -1.23016 1.38217 -1.57711 -0.274513 0.368133 0.146254 0.755205 -0.951133 0.118489 0.580668 0.374043 0.269711 -0.893821 2.26215 -1.61652 0.188413 -0.304302 0.691525 0.0149298 0.279056 -2.62684 -0.625026 -0.101665 1.51713 3.01835 0.668551 0.434371 0.853222 -0.100091 
1.1605 1.19184 -1.85934 2.42697 -0.723724 -1.58236 1.06265 -1.74752 -1.92448 -1.76263 -0.726627 0.571138 -1.89884 -0.442313 0.544986 0.286297 0.85217 -2.44538 -0.244516 0.069979 1.17972 1.61711 -0.652837 1.18025 -0.626304 -0.284812 -0.12583 -0.43551 1.49255 -0.904241 1.05332 -0.0656092 -0.95293 0.739123 0.918846 1.19698 -1.26041 1.48844 -0.612035 
0.925576 1.39976 -1.36121 2.94467 -1.97339 -1.76152 0.737555 -0.971147 -0.782748 -1.84097 -0.0499045 0.755864 -1.86193 -0.400343 -0.0673771 1.6388 -0.149036 0.102187 0.0528793 -0.372262 1.11317 1.18856 0.303159 1.00174 -0.128079 -0.423622 -0.138988 -0.47686 0.378687 -1.12112 3.33586 0.8678 -0.172674 -0.29013 -0.648973 0.274415 -2.32488 0.215123 0.551614 
0.760157 1.12447 -0.220537 2.27793 -0.621537 -1.52948 0.690388 -0.634354 -0.735927 -1.45947 0.275111 0.443059 -2.32247 -0.5813 0.0681251 0.664983 -0.268949 0.890478 0.623284 -0.102695 0.889585 0.968138 -0.378421 -1.14463 -0.411181 0.266802 -0.289995 0.36062 -1.95258 -0.409014 -0.255622 0.286115 0.865242 -0.7322 -0.758916 0.221691 -3.08258 -0.0816374 2.06176 
0.344275 1.46788 -0.696226 2.67572 -1.08291 -1.13823 0.63486 -0.0815619 0.18539 -2.21939 -1.19453 0.344683 -1.59512 -0.690339 0.293243 -0.313771 -0.55805 -0.153435 0.338995 0.49298 0.380966 0.429641 0.52485 -2.08084 -0.209716 1.63814 0.0595048 -0.24439 -0.460219 -0.936267 -0.733618 -0.98708 0.334838 -0.719036 -2.03591 1.47212 -0.0338409 -0.897504 -0.509831 
0.0698186 1.41771 -0.534309 1.71988 -0.774973 -1.19048 1.18337 -0.253389 -0.306287 -0.934622 -1.80573 0.233343 -0.684328 -0.521796 -0.176265 0.204764 -1.20522 0.15686 -0.363796 0.232143 0.17055 -1.06777 1.0937 -1.17847 -1.30868 -0.243029 0.115722 -0.570868 1.19486 0.623809 1.7165 0.00898342 -0.925379 0.217489 -0.574369 -0.257469 3.55936 0.123769 -1.42111 
-0.17752 1.29162 -0.491462 1.4705 -0.926051 -1.50203 0.867003 0.0889879 -0.882382 -1.12569 -2.373 -0.964002 -1.83815 -0.574617 -0.277625 0.88109 0.0657583 1.56307 0.347978 -0.432399 0.598454 -0.144728 0.267381 1.47852 -0.0859469 0.217032 0.127609 0.0369395 0.446959 0.904387 0.98562 0.931009 -1.03712 -0.369993 0.370525 -0.763494 2.60345 1.77486 1.20472 
-0.504798 1.14008 0.346781 1.78564 0.788096 -0.842506 0.750968 0.345066 -0.451015 -0.66724 -0.327209 0.147396 -0.467296 -0.394187 -0.139325 0.651724 -0.300829 1.14248 0.567213 -0.804975 -0.199443 -0.697247 0.330203 1.42499 0.466172 0.961687 0.338782 0.22733 -1.09672 -1.61669 -2.50344 -0.417396 0.211267 -1.13974 -0.489824 0.456513 -0.832287 -0.340859 -0.0118578 
-0.571707 1.15229 0.160262 1.16967 0.216429 -0.934815 0.0620285 -0.110455 -1.57963 -0.795492 -0.948011 -0.49783 -0.876467 -0.235835 -0.0502945 -0.215632 -1.55094 -0.940375 -0.0694177 -0.221132 -0.541285 -0.634553 0.723894 0.646233 -0.426806 0.205174 0.0223408 -0.233073 -0.429682 -1.01513 -1.3637 0.102625 1.92258 0.548948 2.45252 0.00235764 -0.743438 1.12922 0.761643 
-0.740633 1.08979 0.131149 0.234702 -0.152278 -0.911924 0.529836 -0.19622 -1.08557 0.056654 0.319024 -0.27941 -0.262122 -0.371846 -0.372398 0.222041 -1.31596 -0.221217 0.669838 1.1176 0.349505 1.75527 0.332561 0.681548 1.5954 1.72333 0.161261 -0.061008 0.809445 0.670371 -0.31677 0.604779 -0.854977 -0.609949 1.84307 -0.0410277 -0.244389 2.03575 1.55149 
-0.943554 0.779896 0.382303 -0.146287 -0.00478789 -0.264977 1.17963 0.239049 0.175639 -0.462931 -0.266463 1.09757 0.846863 -0.0745731 -0.111303 0.593813 -0.880565 -1.25714 0.535361 -1.07611 -1.15123 1.20852 0.682867 0.401845 1.60895 1.75667 0.500087 0.642904 0.242569 0.663777 -1.2022 -0.833769 -2.22733 -0.693301 -1.55985 0.698318 -0.300184 -2.02363 -1.49601 
-0.815206 0.978486 0.724963 -0.645862 -1.40942 -0.376563 -0.546273 -1.34745 0.122954 0.739521 0.720868 1.32954 1.49454 0.12824 0.270506 0.46461 -0.652184 -1.42342 -0.163931 -1.10973 -0.343797 0.195419 1.03088 0.381364 -0.428232 0.227324 -0.18166 -0.194998 -0.71729 0.992685 2.77876 -0.265069 2.37643 2.53569 -0.397395 -1.12673 -1.93858 -2.18266 -2.68704 
-0.815313 1.0504 0.846913 -0.79847 -1.42821 -0.428908 0.069905 -0.104747 0.371058 0.567948 0.114901 0.669333 1.07419 -0.256233 -0.306301 -0.123477 0.112121 1.52161 0.270292 1.30032 1.38445 0.811127 -0.443862 -1.53673 -0.573716 -0.930373 -0.190259 -0.546088 -1.04632 0.818556 1.76115 0.204633 0.931462 -0.0352854 -0.659152 -1.50975 0.584906 -0.495417 -0.9535 
-1.07144 0.672186 0.601485 -0.533742 0.112191 -0.106271 0.754051 0.0369968 0.93408 0.295659 -0.815866 0.755823 0.564171 -0.0620183 -0.275582 -0.581713 0.166373 0.337736 0.0407023 -0.178263 -0.379082 -0.463734 -0.478869 0.966271 -0.923649 -0.726176 0.395959 0.104942 -0.0662115 -0.195861 -2.20196 -0.0266722 -2.66528 -1.5114 -1.26899 0.746471 2.88611 -0.302868 1.93251 
-0.877332 0.77482 0.2652 -0.632097 -1.09047 -0.388206 -0.108358 -0.483829 -0.0926755 0.0890791 1.08117 -0.254316 0.348011 0.139726 -0.201359 -0.189689 -0.0837402 -0.680347 0.243619 -1.36496 -0.126952 -0.457868 0.302609 1.34938 -0.876584 1.00214 0.0729396 -0.457961 0.279699 0.09451 1.17909 0.966513 -0.215028 1.32297 0.365364 -0.063756 -2.16833 0.302307 1.08992 
-0.931713 0.470827 0.411797 -0.617482 -0.568156 0.137349 -0.610908 -0.0899548 0.476212 0.598268 0.533514 -0.120761 1.56631 0.0109213 -0.733543 -0.302014 0.260883 1.51683 1.00722 -0.393291 0.943887 -0.0983692 -0.542625 -1.20206 -0.621343 0.363744 0.105575 -0.434474 0.151554 0.863859 1.33422 0.181561 0.882118 1.80468 0.517564 -2.17963 -1.52321 0.648375 -1.93372 
-0.86641 0.0412767 -0.036814 -0.371214 0.426359 0.61901 -0.501649 0.460058 -0.191045 -0.453546 -0.12089 -0.875659 0.711755 0.245301 -0.635832 -0.0381348 0.780118 0.65387 0.42518 -0.482842 1.67773 0.0596959 -1.87702 -0.173833 -0.228209 -0.931579 0.276393 0.276469 0.300018 0.258194 -1.20019 -0.705043 0.045788 0.0453999 0.239224 0.285185 2.16755 1.39599 -0.12818 
-0.686412 -0.165005 0.373662 0.162637 0.0857133 0.562529 -1.09375 1.58777 0.535908 -1.27875 0.359681 -0.348969 0.63473 0.287314 -0.457074 -0.00199651 0.519077 0.316641 0.302172 -0.347503 0.989287 0.140855 -0.25744 0.965486 0.774647 0.235564 -0.0968696 0.428512 0.527377 -0.892497 -0.557187 -0.363685 0.0762902 -2.60023 -0.591042 2.90754 1.47214 0.314051 1.21843 
-0.579096 -0.415797 -0.0388105 0.147863 0.742999 0.921182 -0.849152 1.44934 -0.0501896 -0.710985 0.844595 -0.101012 0.947319 0.148432 -0.20732 0.489243 -0.112378 0.0966831 0.061495 -0.406552 -0.922504 -0.531346 1.03052 1.29831 0.0858419 0.286854 -0.120351 0.559132 1.19111 -1.33015 -2.27173 -0.680541 -1.57988 -1.41489 -0.31522 1.02994 -1.26194 0.10293 -0.0482309 
-0.53798 -0.372325 0.862905 0.0502582 0.182396 0.624024 -1.5003 0.665268 0.004562 -0.248235 1.65799 -0.263127 0.921584 0.166964 0.102058 1.18911 -0.811077 -1.95509 -0.378369 -1.92739 -0.425603 -0.174365 0.772505 -0.296456 0.877577 0.187333 -0.0375891 0.314065 0.236382 -0.120208 -3.22912 0.386333 -0.0746568 1.89969 0.662609 -1.3811 -2.20259 0.178401 -1.62257 
-0.412132 -0.313739 1.1503 -0.663214 -1.21209 0.542813 -2.77654 1.02374 -0.224555 0.0615191 0.548139 0.776565 1.13465 0.110842 0.106746 0.725625 -0.232587 -3.13244 0.447827 -0.481209 0.977191 0.131263 -0.350581 -0.904282 0.264242 -1.33572 -0.448975 -0.170036 -0.909706 1.11451 0.291863 0.963948 3.89564 0.985966 0.83014 -1.96781 0.297565 -2.68586 -1.01258 
-0.427138 -0.265579 1.58853 -0.182329 -2.95004 1.07185 -1.98151 1.64246 0.135825 -0.598816 0.753706 0.00111502 -0.414137 -0.282012 -0.0679782 0.279406 0.303436 -1.66322 0.585579 1.96825 0.560363 0.655775 -1.1953 0.00110877 -1.80828 -0.825248 -0.593123 -0.222711 -1.30792 0.192757 6.74036 -0.344274 3.10328 -0.861347 -0.0784859 1.40372 0.113634 -1.25511 1.05652 
-0.694144 -0.381717 1.42971 -0.359778 -2.87531 1.12839 -0.808288 1.5841 0.43122 -1.13379 0.549248 -1.03171 0.309404 -0.482281 -0.115966 -0.582295 -0.0398295 3.60792 0.103553 2.62207 0.115843 0.0527774 1.05314 -0.790648 -0.990866 -0.279197 0.0713703 0.200312 -0.966148 -0.148385 4.91167 -0.586558 -0.682368 -1.12914 -0.9567 2.87095 -1.61228 2.11947 -0.187319 
-0.909418 -0.381545 1.00623 -0.222158 0.657878 1.1754 0.640556 1.7583 0.188603 0.454326 -0.036942 -0.989751 -0.693334 -0.210642 0.132333 -0.686741 0.155051 3.24845 -0.000978529 1.28588 -0.568778 -0.300925 1.67565 -1.61117 0.311195 -1.01257 0.390336 0.0805353 0.46273 -0.102684 -5.02522 -0.331851 -2.81488 -0.606108 -0.303609 -1.90668 0.606578 1.99914 2.42934 
-0.904786 -0.249384 0.742967 -0.204727 0.373139 1.12741 0.477596 1.01533 0.130294 0.541862 -1.06192 -0.720519 -0.703163 -0.0919447 -0.0354303 -0.119565 -0.142514 -1.4173 -0.228298 -0.19281 -0.490265 -0.250832 -0.853542 -0.18407 1.00827 2.15015 0.120292 -0.175746 1.1678 -0.229554 -3.62624 -0.0414966 -2.12539 0.52022 -0.318581 -2.75523 3.86049 -0.799497 2.35123 
-1.00136 -0.416975 0.886669 -0.364672 -0.759423 0.947106 0.447746 1.26804 -0.0622289 -0.399216 -0.221012 0.0185232 1.45681 -0.0903495 -0.0434123 0.481063 -0.0745031 -0.377789 -0.0424751 -0.839506 -0.0485577 -0.619506 -1.07958 2.24932 -0.488301 1.33867 0.16219 0.294626 0.421937 0.0800187 1.0799 0.214084 -0.48328 -0.0861867 0.697855 1.53924 1.55435 -1.5106 -3.39627 
-0.995135 -0.292796 1.22403 -0.27923 -0.00465015 1.08494 -0.36191 0.966769 -0.489212 -0.537719 1.1874 -1.20882 0.635502 0.0702452 0.259196 0.302372 -0.062495 -0.337405 -0.0142141 -0.67609 -0.576452 0.447024 0.6857 1.37028 -0.502324 -1.24612 0.1105 0.343427 -0.73828 0.000443892 -0.0230029 -0.17742 1.15738 0.00185964 1.56831 1.35718 -1.93843 2.74756 -0.685765 