-1.34227 0.734581 0.204892 0.891406 1.59972 0.971024 2.6616 0.577383 0.133617 0.138904 0.81383 -0.227195 -0.203231 0.0616553 0.00469859 0.105623 -1.07393 -0.943836 0.137718 -0.988357 -0.555308 -1.56106 -1.97111 0.208253 1.26288 0.111566 -0.0403443 0.033397 0.275062 -0.75179 -0.253819 -0.474872 -2.37439 -0.59499 0.557596 0.932491 -0.509248 0.113848 1.57003 
-1.29956 0.82119 0.344519 0.232747 0.964462 0.816475 1.52529 0.321657 -0.102368 -0.833453 0.87552 -0.376043 -0.16061 -0.00141785 0.0362872 0.245849 -0.666458 -0.42565 -0.100311 -1.54917 -0.156493 0.208285 0.549155 0.167917 -0.30109 0.724221 -0.0834139 -0.145132 -0.163116 1.32129 0.808806 -0.616563 0.00352771 0.473324 2.76842 3.41303 -0.372642 -1.16974 0.562981 
-1.34369 0.770868 0.450741 0.224948 1.17407 0.870713 1.11243 0.42089 0.341901 0.688059 0.981748 -0.528285 0.52099 -0.0217586 -0.140434 -0.0574927 0.24736 -0.13503 -0.478845 -0.98483 -0.0819844 1.20736 1.44192 -0.164389 0.0931368 0.674547 -0.0377631 -0.175476 -0.376104 0.62731 0.229267 -0.0482502 2.26308 0.703071 0.586194 0.594838 0.850816 1.11945 -1.08532 
-1.32132 0.680756 0.287027 0.480107 0.829432 0.33763 0.540462 0.239673 1.10499 0.608467 0.711131 -0.282906 0.513937 -0.039181 -0.139189 -0.130255 -0.0391482 -0.196383 -0.148562 0.713913 0.546578 0.794478 1.14399 1.01873 0.818361 -0.361101 4.04967e-005 0.338843 0.10238 -0.842477 0.396993 0.5819 2.06512 0.392683 -1.23175 -1.21959 0.961946 0.487943 -0.542637 
-1.38287 0.631679 0.320486 0.185799 0.977686 0.722151 1.82635 0.967467 1.13638 1.83205 2.00048 0.290076 0.159888 -0.0217181 0.198409 0.0448872 -0.595117 0.261963 0.103055 1.08029 0.310699 -0.0243959 0.222329 0.797557 0.581079 0.13191 0.0604529 0.299704 -0.107851 0.0176265 0.884158 0.16684 -0.746555 -0.569459 -1.01604 -2.72265 -2.23568 -1.59942 0.984159 
-1.34304 0.879166 0.331914 -0.11501 1.09139 0.440685 1.62075 0.550371 1.08059 0.830795 1.50869 0.298174 0.645847 0.0212719 0.160515 -0.238106 -0.0215217 0.687775 0.0182786 -0.0326427 -0.0228812 -0.221562 -1.57866 -1.21695 -0.78106 0.623058 0.0368819 -0.342588 -0.423937 0.773667 -0.353023 -0.0513079 -1.74931 -0.93237 -0.307737 -1.98291 -2.15867 -2.1123 -1.03885 
-1.3616 0.792194 0.0823798 0.164278 1.66546 0.74043 1.7937 0.944586 0.914818 0.253396 0.78353 -0.490985 0.782946 0.0151638 -0.144178 -0.37905 0.17855 -0.09106 0.051747 -0.669016 -0.621671 -0.332133 -1.76058 -1.36111 -1.53123 -0.906936 0.07976 -0.593097 0.394228 0.274419 -1.96388 -0.193712 -1.26568 -1.38127 0.498013 1.24808 1.48098 1.05465 -1.37896 
-1.32787 0.734987 -0.0471361 0.0635407 1.00033 0.492432 0.951736 -0.0712997 0.74846 -0.929784 0.147575 -1.23305 -0.261088 0.101032 -0.432582 0.156122 0.252897 -1.2761 -0.175434 -1.29832 -1.40415 0.276451 -0.330579 0.264028 0.273585 -0.755907 0.19265 -0.552722 0.422852 -0.27986 -1.12732 0.373432 -0.937153 0.845004 1.68438 2.77153 3.38497 4.22597 1.95374 
-1.26056 0.359612 0.238501 0.417175 0.389357 0.564996 0.495384 -0.459564 1.19127 -0.0771828 1.04756 -0.217399 0.027039 0.207813 -0.6969 0.0438022 -0.10131 -1.21838 0.425178 -1.60617 0.223333 1.35224 1.01096 2.02386 2.69474 1.04681 0.228671 0.0290547 0.0204742 -0.389721 1.02799 0.885601 1.39629 2.65994 0.198083 -0.475107 -0.507433 0.4661 0.952817 
-1.12006 0.0380875 -0.00333388 -0.0377689 -0.21805 0.917611 -0.654433 0.152033 2.1007 0.0811719 2.17143 1.46169 0.785717 0.329703 -0.403528 0.176596 -0.136823 -0.248117 0.710167 0.0979717 1.25579 0.474534 -0.805686 -0.243405 0.739686 0.19691 0.163218 0.0775854 0.939344 -0.362092 1.51546 -0.0576229 3.36247 -0.306053 -3.56977 -2.43439 -3.8327 -2.9701 -1.71244 
-0.930861 -0.0439161 0.415097 0.280351 0.14124 1.27516 0.593356 0.796225 1.6658 -0.882869 0.804153 0.522286 0.223949 0.371031 -0.619314 0.983146 -0.463401 0.297077 0.367556 1.7563 -0.0827205 -2.21753 -1.42344 -1.80885 -0.275363 -0.665633 0.00825946 -0.733093 0.443133 -0.455418 -0.907174 -1.24002 -0.702563 -2.0099 -2.08275 1.31134 -0.906213 -1.99006 -1.28846 
-0.749027 -0.581227 0.979812 -0.50117 0.0790276 1.28517 1.10187 0.0693125 -0.116823 -1.34227 0.362584 1.18633 0.120084 0.337962 -1.13662 0.619729 -0.592242 -1.15529 -0.529851 -0.604592 -0.754108 -1.60822 0.50565 -1.14962 -1.25038 -1.09155 -0.0683385 0.0864671 -1.0377 1.11299 -0.17427 -0.608428 -1.81375 0.754715 2.53063 2.41718 1.031 -2.21636 1.15717 
-0.592899 -1.18054 1.03483 -0.31189 -1.01405 0.745312 -0.0112356 0.0421178 0.0575885 -0.377219 -0.345465 -0.728093 -0.867605 0.302693 -0.532847 -0.0545559 0.649586 0.122807 -0.240872 -0.0574447 0.671995 0.313106 0.993744 -0.777849 -2.49173 0.491534 -0.292936 1.19851 -0.73954 0.416486 2.8031 0.709838 1.39709 1.5227 2.41126 1.21083 2.04847 0.942345 2.6793 
-0.446334 -1.11407 0.925256 0.148416 0.201835 1.04429 1.04442 0.741307 0.196283 -0.348522 -0.415265 -1.3054 0.611618 0.0450264 0.0618923 -0.119811 -0.175756 1.64781 0.179987 0.792502 0.768596 0.803042 1.71648 0.898854 -0.308034 1.58775 -0.483274 0.634733 0.0145951 -1.44542 0.155113 0.299942 -0.398089 -1.0614 0.534218 -0.0416769 2.30701 3.31803 -0.885974 
-0.547873 -1.11864 0.915015 -0.487646 0.63376 0.925299 0.781266 0.810713 0.86063 1.33926 0.553389 -1.03613 0.720142 -0.180581 0.101885 -0.0399608 -0.795833 0.27792 0.0590697 -0.455534 -0.38941 0.847324 0.952067 1.52916 0.826301 -0.39444 -0.0794684 0.283155 -0.148135 -1.35173 -1.42995 0.103978 -1.25391 -0.949736 -0.495888 -1.45751 -0.0853838 1.49227 -1.98378 
-0.626916 -1.01219 0.885296 -0.647417 0.479755 1.10336 0.588891 0.351898 1.04361 0.603545 1.1139 -0.479099 0.217178 -0.0344419 0.345048 -0.267946 -1.52749 0.217857 0.283965 -0.461405 -0.18114 0.307154 0.258967 0.813471 1.18424 -0.396034 0.286924 0.172727 -0.344863 0.249273 1.09906 -0.0680561 0.464394 0.57312 -1.44302 -1.49775 -1.7533 -0.518788 0.528161 
-0.582315 -0.773597 0.647068 -2.01513 0.851618 1.20926 0.319861 0.629573 1.16778 1.59822 1.36686 0.148109 0.324108 0.106342 0.274612 -0.384824 -0.54656 1.37698 -0.00898644 0.00885992 0.18371 -0.595696 -0.545685 -0.224138 0.307513 0.133721 0.289528 -0.887865 0.19911 3.35439 0.206436 -0.903698 0.533009 1.13913 -1.39697 0.0518494 -0.382737 -1.63054 0.730589 
-0.520574 -0.737577 0.500472 -1.19398 1.85674 1.09438 0.597751 0.535608 0.447911 0.0578601 0.889759 -0.171586 0.350899 0.255086 -0.542818 -0.0688364 1.82691 0.424294 -0.619733 0.0716042 0.95799 -1.08981 0.310816 0.430733 -0.4463 0.334556 0.236742 -0.662979 0.662123 0.738365 -1.81623 -0.285483 -0.953329 0.360419 1.3863 1.20572 0.205824 -0.189638 -0.0671638 
-0.327229 -1.31641 0.578232 -0.188228 1.27591 0.589531 0.391465 1.58756 0.0779713 1.90904 1.79759 -0.298191 0.658663 0.343084 -0.388367 0.277299 0.191805 -0.439244 -0.29447 -0.944469 0.544129 0.790602 0.660035 -0.0183135 0.117875 0.0665571 0.0490758 0.445242 -0.430544 -2.07969 0.0882387 0.600949 -1.24164 -1.83221 2.22264 -1.24539 -1.649 0.491931 -0.13184 
-0.177489 -1.12594 0.77777 -1.00217 1.41749 0.799907 -0.346718 1.07974 1.23851 0.717895 0.871445 -0.0537113 0.417456 0.304161 -0.0975755 -0.499381 -0.252784 0.512532 -0.0187839 -1.17004 -0.874223 1.13283 -0.934571 -1.21827 0.0456311 0.202716 -0.0179862 0.331411 -1.06152 0.140358 0.302613 0.305534 1.14581 -1.43062 -1.45745 -0.428183 -1.14619 -0.787 0.703335 
-0.0230676 -1.41399 0.0788512 -0.441012 1.78844 0.570747 -0.778572 0.71334 1.2108 0.974468 0.579325 -0.25256 0.861379 0.325098 -0.0569561 -0.784223 0.332163 -0.136631 0.0110646 0.201339 -0.886487 -0.666844 0.231852 -1.16451 -0.669125 0.769892 -0.223513 0.308326 0.403518 -0.247074 -0.890952 0.470633 1.65355 0.37658 -1.2095 -0.619962 0.482556 0.857115 0.2985 
0.147609 -1.1829 -0.00645323 -0.67001 1.28086 0.810972 -0.14538 0.19325 0.571668 0.949747 -0.293062 -0.722836 1.18735 0.0806489 0.21075 -0.095863 -0.499859 -0.37842 0.451849 0.483515 -0.497643 -0.076667 -1.55453 -0.735713 0.902746 0.501216 0.101254 1.55294 1.59396 0.170828 -2.25724 -0.989566 -2.25969 -1.55634 -0.0937968 -1.81181 1.16166 0.266464 -0.997634 
0.0575813 -1.20324 -0.0170118 -0.940871 1.41002 1.0226 -0.295057 0.215697 1.13414 -0.580065 -0.156388 0.650185 1.3626 0.426352 1.49598 0.809734 0.502991 -2.39387 -0.978501 -2.05835 -2.44283 -0.760641 -1.57996 -0.0028521 -0.402661 -0.227742 1.01599 2.16851 -1.09425 0.316331 -2.5114 -2.39615 -1.65464 -2.62928 -3.09586 2.64362 0.12555 -4.00825 -0.384818 
0.573961 0.313083 0.803281 -0.167019 -1.11301 -0.167529 -2.20373 -2.24958 -0.188973 -0.630212 -0.295914 -1.1255 0.959606 1.09664 2.37926 -1.19012 -0.183528 -2.88982 -1.9443 -1.17113 -3.12692 -3.17253 1.08909 -0.610163 -3.1055 0.116398 0.428305 -0.774811 -3.16993 -1.88178 1.74232 -0.0185596 3.64996 2.7557 -0.00921257 3.86094 -0.905516 -0.804055 0.251045 
1.15422 1.17602 -1.20713 -1.1244 -1.4798 -0.921705 -1.46618 -2.91123 -2.03839 0.509025 -0.76655 -2.45532 1.47899 0.854657 0.721172 -2.36019 -1.37878 -0.65155 -0.997061 1.59161 0.312877 -0.769853 2.28098 -0.908368 -1.20672 0.0233027 -0.579981 -2.84185 1.25807 0.113839 2.77535 1.92727 2.88473 5.02305 5.34939 0.306951 0.553579 3.34926 -0.661812 
1.42862 1.03426 -1.55691 -1.5458 -1.76456 -1.16459 -0.612121 -1.9367 -0.958826 1.65077 -1.20428 -2.33221 0.982909 0.516655 -0.462583 0.0679526 -0.069689 -0.114472 -0.0170302 1.7136 1.89613 2.17686 1.39604 -0.0565836 0.243757 -0.545414 -0.710547 -0.848604 1.87993 2.42927 0.210845 0.875513 -0.462242 0.5129 1.33207 -2.6664 -0.0322564 1.78244 -0.564816 
1.67087 0.71344 -1.13918 -1.19409 -1.59427 -0.938735 0.247419 -1.0151 0.138472 1.90507 -0.823134 -2.21156 0.933579 0.14411 -0.127432 -0.480265 1.05049 -0.440706 -0.121547 1.12937 0.825777 0.562221 -0.385424 -0.940624 0.575724 -0.541513 -0.602127 0.88401 -0.950048 1.46072 0.776986 -0.187542 -1.1307 -1.90891 -2.84873 -2.24532 -1.40496 1.55241 0.166157 
1.57273 0.906823 -2.03717 -0.495315 -2.20527 -1.28614 0.517245 -1.11092 -0.396605 1.26534 -2.14491 -1.75649 0.441395 -0.0854722 0.421427 -0.882096 1.39103 0.662514 -0.204573 0.582905 -0.0127813 -0.671865 -0.849276 -1.46154 1.79617 -0.379257 -0.155055 0.291743 0.399148 -0.573492 1.99191 0.26437 -1.69908 -1.39817 -0.706746 -0.408198 1.05671 0.49517 0.980054 
1.5854 1.13487 -2.02127 0.196947 -0.931754 -1.14331 0.830324 -1.02788 -0.533392 1.05579 -2.28468 -0.415391 0.554322 -0.0109451 0.16431 -0.0811168 0.476997 1.5512 0.142823 -0.569715 -0.572391 -0.144525 -0.793623 0.116082 1.07089 0.438541 0.107726 -0.653524 0.787515 -0.787312 0.533409 0.331446 -1.65988 -0.987504 0.496659 0.529162 2.38256 -1.36939 0.842947 
1.56178 1.07113 -2.11829 -0.0183187 -0.654066 -1.14331 -0.0524699 -1.68331 -0.54113 0.471718 -2.02882 -0.685594 0.879936 0.0222535 -0.232097 -0.0945813 0.603723 1.19592 0.126874 -1.07697 -1.00029 -0.175205 -0.320114 0.92101 0.426779 0.46369 0.0916377 -0.371324 -0.169288 0.395671 -1.53633 -0.370191 0.458152 0.215428 -0.153175 1.23188 0.649821 0.601621 -1.19825 
1.60765 0.90277 -2.11585 0.80067 0.264169 -1.01643 -0.246648 -2.02817 -0.708597 0.735676 -1.36367 0.0113886 1.01801 0.0806926 -0.207014 -0.250404 0.872667 0.0148743 -0.227368 -0.111563 -0.356963 -0.297701 0.43826 0.765903 1.67251 -0.759711 0.0600521 0.0541551 0.281076 -1.2725 -2.028 -0.613379 1.7667 1.60131 -0.086056 -0.143068 0.148428 1.004 -0.843463 
1.64248 0.864119 -2.3687 0.854349 -0.639192 -1.37068 -0.164033 -2.04028 -0.838831 0.909978 -1.26292 0.986921 0.120225 0.0823056 -0.177942 0.186494 -0.668778 -0.832076 -0.486506 0.689725 0.601024 -0.261261 -0.463182 1.06944 1.43078 -0.379774 0.129045 -0.221424 1.33146 -2.10573 0.197695 0.385095 -0.389369 2.14329 0.396015 -1.03936 1.08375 -2.02745 1.96391 
1.68996 0.724828 -1.92936 0.131892 -0.567907 -1.50294 0.443076 -1.42714 -0.969858 0.272495 -0.29423 1.44217 0.638239 0.209738 -0.428438 1.08106 -1.23306 0.212569 0.157728 -0.500932 1.78633 0.0983149 -0.601099 1.84965 -0.354932 1.2042 0.132763 -0.193257 0.537013 0.450728 0.462123 0.848612 -2.25213 0.456633 -0.0709156 0.155334 -0.806347 -3.40873 0.514776 
1.85221 0.435682 -1.28764 -0.378716 -0.426622 -1.21295 -0.664965 -0.25395 -0.740516 0.308879 0.586732 0.631989 1.32443 0.215069 -0.371199 0.723507 -0.218049 -0.369953 0.362106 -1.56241 1.05766 -0.332177 -0.307847 0.263091 -1.97796 0.135002 -0.194635 0.365241 -0.722903 1.61707 -0.689417 -0.183999 -0.280696 -2.35573 -0.489686 -0.125948 -2.0227 -0.199958 -2.24285 
1.90503 0.353628 -1.20585 -0.0861571 -0.93786 -1.14083 -1.11933 -0.369485 -1.30204 -0.0353522 -0.0311383 -0.535789 0.773241 0.0151029 -0.0631964 0.358152 0.384005 -0.476848 -0.0262712 -0.781627 -0.569407 -0.391371 -0.727046 -0.173046 -0.55489 -1.03865 -0.458189 0.565428 -0.497808 0.647028 0.766444 -0.894988 1.42317 -2.19282 -0.632218 -1.47723 -0.276124 2.79646 -0.86087 
1.86732 0.372485 -0.929488 0.00528887 -0.90347 -1.23923 -1.44659 -0.823357 -1.13189 -0.418167 0.413686 0.0770984 0.285781 -0.24312 0.194229 0.2257 0.428979 0.396491 -0.532882 -0.139239 -1.13516 -0.964394 -1.78507 -0.0130329 0.81851 -0.725868 -0.536065 0.83932 -0.973573 0.849358 0.922085 -0.821457 1.84552 -0.354603 -0.677434 -0.760997 -2.57722 2.4184 -2.33481 
1.66191 0.547857 -0.980151 0.342822 -0.541369 -1.67372 -1.25857 -1.50464 -2.26643 -1.82043 -0.0441711 0.282721 0.0473733 -0.520962 0.776124 -0.615421 1.23336 0.445237 -0.847728 1.06389 -0.924009 -1.06881 -1.48804 -2.75026 1.86351 -3.37346 -0.240224 0.581373 -0.381084 1.28486 0.341738 0.62462 1.54352 1.38656 1.61638 2.5817 -1.60759 0.348002 -2.86789 
1.34636 1.14861 -1.54491 1.23865 -0.458233 -2.08695 -0.3827 -1.74737 -2.20069 -1.90621 -2.33658 1.94061 -3.08768 -0.483344 0.775602 -0.155384 1.71384 0.738229 0.0917383 1.40428 0.251405 0.651985 0.796629 -1.62063 1.16651 -3.59376 0.0734345 -0.373452 1.21075 -0.408047 -0.622883 1.22847 -0.934228 1.68956 1.61971 1.69773 3.53858 -3.2494 2.7717 
1.17856 1.32346 -1.13554 2.05666 0.196859 -1.58198 0.145712 -1.25324 -1.61444 -1.0238 -1.6648 1.44923 -3.54639 -0.447527 0.402671 0.595329 0.825316 -0.177646 0.380746 0.129664 0.765547 0.550906 0.20969 0.788317 -1.38588 -0.601761 -0.172293 -0.124482 0.404708 -1.10169 -1.32207 -0.00556523 -2.33957 0.0671064 -0.0126953 -1.75133 3.64728 -2.8926 4.52544 
0.898829 1.55128 -0.949581 2.06397 -0.635879 -1.70621 -0.253037 -0.981819 -1.64979 -1.69652 -1.54826 0.554728 -3.68944 -0.655637 0.65112 0.249324 0.612147 -0.583843 0.0861731 -0.935284 0.318512 0.63929 -0.954699 2.02666 -1.72609 0.931676 -0.351962 0.0634494 -0.479019 -0.308181 0.801521 -0.254224 0.919472 -0.190787 -0.0734009 -0.761503 1.25236 0.519731 3.84178 
0.522925 1.97458 -0.886211 2.66881 -0.386984 -1.4958 -0.789571 -0.934726 -0.975155 -1.9785 0.361863 -0.276856 -2.61471 -0.799489 0.466121 0.11631 0.517134 0.623874 0.126522 1.04914 0.57476 0.477505 -0.551813 2.04068 -0.866154 3.24002 -0.0457347 -0.816245 -0.359156 -0.651283 0.313438 -0.211759 2.37675 0.448173 -0.471095 2.06932 -2.24888 1.17825 0.934348 
0.0993395 2.0174 -0.833271 2.5811 -0.0120044 -1.57969 0.796099 -0.407059 -1.17228 -2.24833 0.492417 -0.311427 -0.44942 -0.701372 -0.165125 -0.109832 -0.0391364 -0.270405 -0.125586 1.44147 0.766685 0.168194 1.11462 -0.222216 -0.547843 1.86602 0.357502 -1.14581 0.0279741 -0.820004 -0.353339 0.223446 -1.4955 -0.554545 0.151222 1.56618 -2.38025 -0.0317693 -2.85624 
-0.178447 1.80945 -0.996043 2.62967 -0.657389 -1.62139 0.651895 -0.168041 -0.806961 -0.863871 0.139646 -0.824699 -0.748687 -0.441987 -0.67969 0.144284 -0.30287 0.270535 0.349968 -0.446362 0.0202146 0.628726 1.01437 -0.339578 -0.897924 0.383775 0.407926 -0.719803 1.10259 -1.07785 1.53484 0.71364 -2.19969 -0.0571315 0.526981 -1.03068 -0.149082 1.4202 -1.39631 
-0.342648 1.33771 -0.688987 2.27823 0.258531 -1.22972 0.349737 -0.386845 -0.543557 -1.23397 0.152839 -1.20935 -0.065645 -0.293447 -0.884927 0.992753 -1.11698 1.26443 0.588054 -0.758225 0.709553 0.695176 0.0839442 -0.371298 0.872352 0.469717 0.491285 -0.197635 0.885251 -1.74963 -0.131422 -0.0311613 -0.305895 0.822317 -1.10227 0.443063 -1.14634 2.01417 -0.739683 
-0.471893 0.924527 -0.00328925 1.51269 0.607043 -1.03334 -0.106331 0.541512 -0.111785 -0.779927 -0.231652 0.0476531 -0.27897 0.0492984 -0.877324 1.02954 -2.0525 0.139113 0.318807 -0.752257 0.842532 -0.473546 1.45743 -1.48592 1.11625 -0.355908 0.686848 0.0536438 -0.582317 -0.483983 -1.4923 -0.0437034 -0.445957 -1.14267 -2.78502 -0.476158 -0.275972 -1.02489 -0.508567 
-0.293349 0.460387 0.340548 0.225732 0.397644 -0.910909 -0.40252 0.455687 -1.0171 0.223464 -1.33308 -0.0931034 -0.421553 0.393401 -0.831284 0.410436 -1.60096 -0.227863 0.54435 -1.20418 -0.433121 -2.08984 -0.392214 -0.64727 -0.152538 -0.0388501 0.292789 -0.167149 -1.24077 1.11337 -0.657395 0.117001 -0.498329 -1.2708 0.977086 -2.53183 1.84753 -2.0725 -0.171849 
-0.0784921 0.0932434 0.407147 -0.088273 0.37918 -0.488986 -1.31051 0.108391 -2.20163 -1.17214 -0.878922 -0.104885 -0.31782 0.342088 -1.04447 -0.211235 -0.939133 -0.518282 0.435808 -1.25059 -0.428265 0.503539 -1.0744 0.361609 -0.956251 -0.527757 -0.231177 -0.26044 -0.769261 1.15123 0.455852 0.0165828 2.24005 0.900641 4.62711 0.974016 1.40839 0.965277 0.17994 
0.0487386 -0.584086 0.129313 -0.713401 -0.120638 -0.475101 -1.65311 0.0274221 -0.513564 -0.850936 -0.97147 -1.04935 -0.94931 0.162225 -1.09172 -0.358825 -0.449735 0.227988 0.560933 1.03587 0.46752 2.53727 0.581803 0.761117 0.812739 0.141089 -0.126205 0.931623 0.770677 1.00913 0.102609 -0.166077 1.57825 1.02648 0.553343 1.86268 0.767178 3.59454 1.7743 
0.0837325 -0.998481 0.0483223 -0.538008 0.607168 0.0719464 -0.27464 0.575911 0.335643 -0.590339 -0.117805 0.707853 -0.176731 0.215883 -0.11285 0.559442 0.0700012 -0.415672 0.269732 0.32766 0.598216 1.05688 0.788279 1.12879 2.63829 1.24655 0.111091 1.52211 1.41957 0.506668 -1.51495 -0.703358 -1.93022 -0.586831 -2.74735 -0.996818 -1.15785 0.00282426 -0.14538 
0.264622 -0.696936 0.688755 -0.6434 -0.53631 -0.20537 -1.32545 0.625638 0.543318 -0.0626571 0.157316 1.58894 0.297235 0.273315 0.430384 1.06074 0.0569325 -1.28697 -0.142426 -0.894351 -0.119311 -0.210079 -0.415015 -0.396736 0.815563 -0.00429087 -0.114184 0.216787 -0.442881 -0.307161 -0.225994 -0.070537 -0.200335 -0.529259 -1.08828 -0.657639 -1.51616 -3.93207 -1.90822 
0.357048 -0.568097 1.10906 -0.481076 -0.679798 -0.0704791 -1.16899 0.456599 0.125564 -1.00535 -0.514541 1.52342 -0.181022 0.101699 0.103937 0.116561 -0.23716 -0.641666 0.199195 0.127325 0.068957 -0.0313979 0.13064 -0.387375 -1.29378 -0.661678 -0.345281 -0.619785 -1.24269 -0.0307824 1.41097 0.371402 0.654658 0.229736 0.222669 1.16923 0.237235 -1.41406 0.717349 
0.36632 -0.592999 0.805317 -0.880559 -1.17798 -0.00617475 -1.19812 0.694595 0.511921 0.067983 -0.230059 0.29516 -0.364443 -0.0719654 -0.189401 -0.181952 0.0261501 0.124008 0.228977 -0.239693 0.110425 0.01259 0.754218 -0.159501 -0.598494 0.713058 -0.258515 -0.338909 -0.081247 0.248337 0.829596 -0.149026 0.140006 0.0172424 -0.98608 -0.607812 0.272168 2.17983 0.650992 
0.285083 -0.757498 0.927112 -0.454926 -0.555789 0.158497 -1.40868 0.567024 0.138154 -0.251136 -0.674043 0.924923 0.532037 -0.156816 -0.234972 0.0353144 0.0111777 0.18793 0.0501687 0.267331 0.0861994 -1.01748 -0.477172 -0.115208 0.886053 -0.0106868 -0.221914 -0.392774 0.184255 -0.253989 0.191789 -0.375458 0.903001 0.61132 0.895865 0.0408308 1.49321 -1.52381 -2.12772 
0.209504 -0.827971 0.840631 -0.869381 -0.990046 0.0439939 -0.93079 0.780795 -0.505557 -0.409189 -0.345267 1.18121 -0.37513 -0.293879 -0.582175 0.00230324 -0.227839 0.315797 -0.146482 0.663308 0.721745 0.908455 0.795048 1.33371 -2.1223 -1.41466 -0.123193 -0.301508 -0.102567 0.188759 1.26011 0.449569 0.958475 0.22405 1.58404 0.429635 0.376392 -0.748969 0.483759 
-0.00879679 -1.33967 0.929415 -0.682764 -0.239992 0.0120157 -0.745376 1.28877 1.04661 0.543912 0.659665 -1.19738 -0.882628 -0.280009 -0.53648 -0.0672526 0.199937 1.44804 0.499738 1.22581 0.31025 0.566566 -0.0475366 0.261185 0.137084 0.473072 0.253413 0.740003 -0.268069 -0.792657 -0.57605 1.06568 -0.0396304 -0.984116 -0.637387 -1.6607 -2.17173 4.99457 2.51665 
-0.0705044 -1.36445 0.773378 -0.669444 0.457993 0.543732 0.295016 1.09104 0.0610089 -0.456725 -0.0840819 1.3183 0.0979424 -0.0404661 0.157829 -0.265765 -1.0205 -0.260253 0.919197 0.623678 -0.262371 0.271068 -0.865649 -0.838026 2.87227 1.10198 0.245264 0.742265 0.125943 0.185087 -1.32878 -0.196896 -2.37032 -1.21149 0.0900439 -0.832276 -0.698393 -0.89099 -0.285732 
-0.0492629 -1.18184 0.66365 -1.70326 -0.500245 0.931213 -0.121698 1.0264 1.31768 -0.321737 -0.178361 1.67489 0.219357 -0.0347449 0.205785 0.0586902 0.385024 0.119256 0.302842 -1.14452 -0.901244 0.65661 -0.879813 -0.437209 -0.753906 0.18734 -0.34185 0.0240555 0.388906 2.13448 -0.0517726 -1.34679 -1.46516 -0.70244 -1.67304 -0.200683 0.545734 -4.52826 -2.34761 
-0.105249 -1.15867 0.832069 -0.28442 0.57725 0.846574 -0.849501 0.1898 0.717619 -1.33654 -0.52129 0.564391 0.285282 -0.382316 0.181884 0.123141 1.11399 -0.312026 -0.427589 -0.841481 -0.964812 -1.40197 -1.06633 -0.292292 -1.65599 -1.24562 -0.374711 -0.101947 0.468032 -0.751596 -1.66146 -0.153921 1.91925 1.41979 -0.241379 3.08295 0.869134 0.00250279 -0.694082 
-0.431579 -0.99996 0.786791 -0.589272 -0.812271 0.503624 -0.963179 0.0615862 -0.0842982 -1.38807 -0.470653 0.0189035 -1.02627 -0.409456 0.103838 0.526722 -0.366572 -1.54221 0.148921 0.77473 0.518542 0.415231 2.20314 0.431925 -0.751403 -0.506742 0.44101 -0.472997 0.245273 -0.192986 0.695683 0.764902 1.09255 1.29218 1.64474 2.69964 1.41234 2.75114 1.70529 
-0.514706 -1.05483 1.35879 -0.650992 -0.964958 0.995495 -0.074771 0.708342 1.13285 0.866599 -0.0893652 -0.187013 -0.22146 0.0586937 -0.291113 0.368414 0.921003 0.383657 0.337313 0.251074 0.327369 0.242768 1.63331 1.12005 1.09515 0.459663 0.433811 -0.269369 -0.709774 0.666242 1.7069 -0.174883 -0.889446 -1.15043 -1.89013 -3.02425 0.0468957 1.88828 0.0406989 
-0.372886 -1.29107 1.15521 0.331732 -0.428615 0.840937 -0.712105 0.388955 0.15847 0.245241 0.649393 1.11406 -0.566604 0.0243546 -0.165531 -0.183052 0.29967 0.164689 -0.0259617 -0.114716 -0.631885 -1.4749 -0.821108 0.478821 1.13688 -0.466043 -0.277604 0.512462 -0.0729638 -1.89059 -1.73752 -0.237553 -0.117985 -0.708903 -0.898768 -1.51997 -1.99581 -0.761153 0.326096 
-0.490351 -1.22036 1.17574 -0.351321 -0.800269 0.969533 -0.189487 0.0764574 -0.342046 0.0454915 0.389456 0.949866 -0.687503 -0.21891 0.221349 0.295451 -0.969585 -1.35386 0.0997598 0.133089 -0.381534 -0.656 0.113337 -0.875759 0.334001 0.785759 -0.127778 0.296292 0.109611 0.0322044 -1.00722 -0.0779949 0.134315 1.49991 1.68945 0.738073 -1.60199 -2.0583 0.661015 
-0.591796 -1.06972 1.45066 -0.637853 -1.78248 0.940696 -0.579016 0.00742066 -0.49753 0.358578 -0.226366 1.44806 0.219155 -0.103424 0.13076 -0.0734408 0.331875 -0.842533 -0.103957 0.0195989 0.868022 0.214555 -0.0830347 -1.12317 -0.921423 0.194972 0.0869542 -0.125668 -1.1666 1.43236 3.17375 -0.199967 0.699652 1.97411 0.656086 0.367101 2.30764 -1.53818 -1.12309 
-0.593775 -1.0896 1.1023 -0.0194465 -1.6428 0.865577 -0.169888 0.94448 -0.127491 -0.0375432 -0.733711 0.0284435 -0.492531 -0.131956 0.0956807 -0.871153 0.462776 1.81988 -0.100207 0.832741 1.59258 8.53724e-005 0.480438 1.43188 -1.20418 -0.337331 -0.25588 0.350425 -0.398247 -1.43817 2.28754 0.462887 0.398918 -0.193885 1.01457 1.49179 3.36882 1.9559 0.100974 