-1.01079 -1.00591 0.820976 -0.372639 1.0854 0.316304 1.59287 1.61991 0.94072 1.04227 0.997651 0.158716 -0.44646 0.082133 -0.338359 -0.0614307 0.577617 0.102237 1.13872 0.502572 -0.325303 0.280549 0.128183 0.193995 -0.724487 0.0574476 0.0541996 -0.105078 -0.246451 -0.457198 -0.819463 -1.38657 -1.09811 -1.46587 -3.11134 -0.230681 -0.407215 0.624786 1.39655 
-0.950505 -1.18577 0.807573 0.164347 0.922664 0.336537 1.1609 0.863192 -0.681156 0.535623 1.47973 1.45798 0.571207 0.0123318 -0.196941 -0.158311 -0.25019 -0.263382 -0.606 -0.0243748 -0.769011 -2.08518 0.615867 1.057 0.517428 0.361328 -0.111475 0.688592 0.257407 -1.08843 0.065074 -1.84199 0.0703124 0.724817 -0.233491 1.171 0.971581 -0.251213 -1.15581 
-0.998463 -1.20285 0.662665 -0.622829 0.822021 -0.289697 1.56849 0.850899 -1.14446 1.65814 2.05465 0.676144 -0.0851321 -0.0293421 0.350232 0.195977 -0.510818 0.167311 -0.703267 0.572884 0.399514 0.0470572 1.29918 1.16558 -0.9757 -1.09837 -0.104036 0.280193 0.546793 1.04257 0.89282 0.553958 -0.746662 0.68893 2.39139 -1.50617 -2.17597 0.318948 -0.428147 
-0.979848 -0.835542 1.00355 -0.346471 1.08998 -0.36673 1.73378 1.26271 -0.634099 1.83481 2.64531 0.482276 -0.527159 -0.0917039 0.0832518 0.388482 0.792376 0.629438 -0.0520422 -0.771037 -0.0800813 0.306211 -0.890308 -1.11898 0.836376 -0.0668196 -0.0236691 -0.504347 -0.261462 0.44054 -0.202558 0.501883 -1.63094 -0.63053 -0.0237073 -2.26053 -4.08352 -0.323365 0.95957 
-1.09017 -1.1196 1.05115 0.169547 1.45146 -0.341739 0.797457 0.770818 -0.838246 0.767833 0.935673 1.51252 -0.151952 -0.0530112 -0.154115 -0.065485 -0.0702775 -0.0352477 -0.201384 -1.05806 -0.231016 0.0233499 -0.961342 -2.91794 -1.29906 -0.138797 0.231942 0.175879 -0.548342 -1.09891 -1.10157 0.159816 1.27419 0.504012 0.0264803 0.778771 0.522274 -0.802967 0.549545 
-1.03286 -0.989657 0.938065 -0.416748 1.05473 -0.568113 0.675728 1.03169 -0.610749 0.873465 -0.272636 -0.816789 -0.665957 0.140238 0.259131 -0.15986 -0.306534 -0.47213 0.107774 0.503158 0.423931 0.332691 -0.111537 -0.596703 0.0334088 0.482725 0.037879 -0.364665 -0.155687 0.108909 -0.170251 0.22116 0.807041 0.520411 0.863486 1.83454 3.96144 3.76257 1.02919 
-0.949929 -0.86047 0.891287 -0.136987 0.979329 -0.233965 1.30062 1.19475 -0.505555 0.656296 0.33897 1.54593 0.330773 -0.0151322 -0.51878 -0.221172 0.0386314 -0.205499 0.0197765 -0.251016 0.289395 0.886836 0.873201 1.0435 2.4635 0.890393 -0.164363 -0.449086 0.0831209 -0.0608009 0.259841 -0.53333 -3.38849 -0.690428 -0.0803878 0.0945953 0.540112 -1.98122 -0.896747 
-1.04799 -1.50844 0.716893 -0.378117 0.849229 -0.548337 0.424712 1.32108 0.276087 1.74667 0.77086 1.64672 0.224436 -0.0241255 -0.189955 -0.0767387 -0.367335 -0.212288 -0.425556 -2.88533 -0.266497 0.252303 -0.0169416 -0.0565909 -1.94781 -0.414022 0.0702209 0.910002 0.287856 -0.378554 0.0685893 -0.274372 -1.53396 -1.15517 -2.13608 -2.19151 -2.93907 -3.05461 0.692555 
-0.974054 -1.05042 0.814549 -0.504322 0.767041 -0.659521 -1.58472 0.928251 -0.253251 0.639354 0.282379 -0.40188 -0.083249 0.0550887 0.391222 0.0666837 -0.339922 -0.136909 -0.254595 -1.78498 -0.865773 -1.24924 -1.31831 -1.89558 -0.591104 1.58295 0.0718979 0.523604 0.275989 0.910547 0.603499 0.608831 4.9879 0.278572 -0.910321 -0.114517 0.25358 3.33822 0.976219 
-0.992902 -1.11721 0.783577 -0.718039 0.712319 -0.802933 -1.36026 0.455312 -0.973153 0.428355 -1.12472 1.05561 1.80738 0.0477724 0.333649 0.19925 0.543212 0.39121 0.183275 2.10257 0.0120745 -0.658017 -0.131458 0.196989 1.39041 0.562197 -0.097127 -0.611459 0.0965886 0.765592 0.08119 0.740178 4.04366 1.0519 1.48017 0.271056 2.47441 -0.100286 -3.11058 
-0.926282 -0.716775 1.0138 0.03889 1.15825 -0.476246 0.517851 0.940325 -0.911269 0.507896 0.479368 0.988531 0.478948 -0.0420383 -0.220237 0.163272 0.425669 -0.0557195 0.485583 2.25868 0.186129 0.230928 -1.04726 0.578833 -0.69139 -1.52764 -0.116932 -1.0086 -0.328137 -0.760136 -0.824844 -0.593145 -2.74645 -0.181851 1.4528 0.0388345 -0.573734 -1.2931 0.787214 
-1.03494 -1.33745 0.946849 -0.29237 0.6566 -0.31735 0.89842 0.641441 -0.742225 -0.618901 -0.545884 0.364221 0.279749 -0.0691592 -0.674954 -0.128887 -0.216924 -0.433634 -0.40987 -0.643886 -0.169777 0.794787 -0.0926239 -0.376745 0.0973092 1.34941 0.0760699 0.618253 -0.254993 -0.407582 0.533591 -0.707763 -3.22904 -0.0646441 0.0047604 2.41164 1.40976 1.55036 1.21635 
-0.995441 -1.39173 0.884912 -0.178034 0.724617 -0.886116 -0.126035 0.770548 -0.116481 0.415272 0.102624 1.08584 1.82836 0.0340316 0.398016 -0.0917212 0.018087 0.477872 -0.22218 -0.970355 0.121485 0.235689 1.36438 1.98859 0.858975 -0.311289 0.0310129 0.981756 0.0189705 -0.0782969 0.708887 1.05694 1.65036 0.660242 -0.895212 0.145165 -0.427168 -0.898339 -3.82551 
-1.00091 -0.939436 0.855128 -0.274283 1.13447 -0.53953 -0.0719349 0.762926 -0.506537 0.745481 1.44271 1.2232 -0.0315402 -0.0381463 0.306803 -0.109916 -0.295221 0.275254 0.647074 1.00647 0.490465 -0.100424 0.0525415 -0.803913 -0.80103 -2.4761 -0.0845874 -0.449775 0.184873 -0.340379 -0.620654 0.280686 2.78433 0.694914 0.396254 -1.39577 -2.66726 -2.34973 0.559768 
-1.03359 -1.08493 0.774996 -0.473255 0.999871 -0.239041 0.880437 1.26101 -0.216906 0.467813 -0.701289 0.284811 -0.64774 -0.0505558 -0.0517582 0.093152 -0.322292 -0.142782 0.0585053 1.81398 0.816399 0.631943 -0.0313889 -0.678665 -1.49075 0.248479 -0.0216662 -0.337412 0.31561 0.304435 -0.317867 -0.562901 -0.806555 -0.809617 0.0370803 -0.28816 1.54064 2.19037 3.54605 
-1.05146 -0.991194 0.94828 -0.596575 0.991689 -0.481025 1.74204 1.57933 0.125406 0.714092 0.764045 -0.267556 0.216939 -0.0598125 -0.0306094 0.205693 0.00921413 -0.0426132 0.0841732 0.199918 -0.319153 -0.0633439 -0.235619 0.73673 1.38934 1.06996 0.00180669 -0.519045 -0.281913 0.631337 0.16515 0.22422 -3.1183 -1.33176 -1.06395 0.613784 0.303191 2.29291 -0.67862 
-1.0934 -1.11554 0.980689 -0.464041 0.957258 -0.154868 1.08036 0.941861 -0.28025 0.232195 0.0354402 1.67415 0.422216 -0.0487491 -0.570803 -0.188761 0.309045 0.022368 0.282726 -1.30432 -0.515363 -0.432008 0.582395 -0.375474 0.802158 -0.430141 0.0854165 -0.122022 -0.450828 -0.0531067 0.123655 -0.461456 -0.883726 0.327304 -0.871446 -0.659428 -1.81531 -2.80076 -0.30552 
-1.10021 -1.562 0.759519 -0.287531 1.01406 -0.198299 0.437726 1.06396 -0.306602 1.29649 0.388571 0.534602 -0.213202 0.025604 -0.152632 -0.245135 -0.0438926 0.0810417 -0.377283 -0.683809 0.00815116 -0.93479 -0.895046 -1.07858 -1.41141 0.764436 0.167902 1.40651 0.614696 0.178204 -0.0683314 -1.11432 1.12542 0.151535 0.345005 -0.862642 0.219608 -0.870252 2.94793 
-1.0678 -1.26817 0.735554 -0.507933 1.0383 -0.532151 0.396546 0.950012 -1.21504 -0.662852 -1.04314 0.262743 1.18665 0.119153 0.835707 0.425935 0.487248 -0.0459634 -0.831594 -0.178895 -0.363828 -0.0870038 -0.280247 -0.155866 -0.0680944 2.51778 0.00489195 0.297916 0.489475 -0.0125597 -0.194621 0.313593 0.377642 0.163078 2.53906 2.95567 4.04785 2.66266 -0.738912 
-0.981061 -0.72629 1.18545 0.199718 0.968094 -1.02989 0.258831 0.700135 -0.393606 1.01624 0.232705 0.466507 2.30458 0.0304959 0.145284 0.24434 -0.0564523 -0.113579 -0.0636893 -0.306167 0.171229 1.60427 2.06063 2.96927 1.25125 0.0255246 -0.142111 -1.39216 -0.94596 -1.52487 -0.247294 1.24603 1.00438 1.173 0.701825 0.554478 2.42697 0.675717 -4.38578 
-1.0373 -1.12288 0.979894 -0.564386 0.92472 -0.59584 0.0903794 1.12124 0.389226 1.39778 1.92613 1.51399 1.21218 -0.0229574 -0.556455 -0.520024 -1.03763 -0.293258 0.414435 0.82549 0.809168 0.614821 0.274231 2.27111 0.607623 -1.868 0.0230431 -0.260363 -0.476981 0.152766 -0.183562 -0.579042 0.539689 -0.33956 -3.10335 -3.75375 -5.43568 -2.74581 -2.37641 
-1.00402 -1.28275 0.66543 -0.837907 0.674836 -0.615458 1.08432 1.5093 0.221215 1.29047 2.50381 1.07413 0.436585 0.053539 -0.115078 -0.232641 0.0963139 -0.297142 -0.642731 0.233522 -0.168331 -1.49909 -1.69313 -2.46641 -1.49456 -2.35089 -0.000223048 0.497301 0.715741 1.53709 0.365942 -0.541484 -1.72504 -1.5165 -1.33388 0.720291 -3.94417 -2.28158 -0.368637 
-0.983761 -1.23796 0.747253 -0.468072 0.627578 -1.23857 0.323901 0.952909 -1.10986 -0.29535 -0.540276 0.0194389 -1.13871 -0.0231805 -0.0591547 0.195717 0.49946 0.0726839 -0.127049 -0.899546 -0.707337 -0.719063 0.994522 -1.67306 -1.67396 -2.23663 -0.0605304 -0.00409807 0.0756406 -0.634027 0.377736 1.13614 -1.00991 0.0838415 2.47204 3.84841 3.90283 0.296267 1.73703 
-1.0272 -1.3419 0.861147 -0.338447 0.74752 -0.742508 0.184775 0.801966 -0.497847 2.28499 0.83075 -0.599831 -1.80005 -0.00699135 -0.119177 -0.157001 -0.537713 0.0805946 0.493404 -0.776393 -0.0844898 0.972958 2.15528 1.43642 -1.19829 -0.613857 0.0571153 0.229005 -0.176441 -0.294744 0.249573 0.627552 0.127878 0.841229 1.03346 -2.21028 2.44292 3.15389 4.23371 
-0.990753 -1.35714 0.590252 -1.00578 0.708173 -0.745167 -0.452492 0.86842 -0.136902 1.85993 0.896145 -1.17885 -1.75257 0.0339348 0.16985 0.0192756 0.204716 0.322256 0.500503 -0.771668 0.133892 0.3144 -1.21575 0.769856 1.47992 1.99708 0.0100732 0.853498 0.567734 1.13063 0.356953 0.682145 1.2316 0.135188 -1.83287 -3.58681 -1.78759 2.0064 0.960424 
-0.993264 -1.17205 0.880422 -0.133731 1.06978 -0.242005 -0.586893 0.935857 -0.183447 1.06924 1.60061 0.880094 0.197031 0.00308183 0.734321 0.410733 0.592919 0.437547 1.17555 0.455207 0.0506979 -0.859909 -1.43153 -0.351168 0.80811 0.346567 -0.0460329 -0.112673 -0.211683 -0.645008 -0.369782 -0.163014 1.85848 -0.323353 -1.431 0.316535 -2.87253 -2.72117 -3.20264 
-0.987671 -0.622817 1.00099 -0.412865 1.14572 0.430382 0.00271536 0.919117 -0.996811 0.4284 0.544977 -0.370741 -1.406 -0.0120981 0.0571771 -0.192407 -0.440292 -0.0475255 0.337488 1.08682 -0.189461 -1.1166 -0.899219 -2.10267 -1.24124 -1.20556 0.0759392 -0.570185 -0.239375 -0.0243593 -0.569342 -1.77534 0.16294 -0.205709 0.957571 1.3599 0.157287 0.347503 1.16105 
-1.00536 -1.11487 0.688015 -0.574024 1.02225 0.0954831 0.499923 0.746397 -1.30005 0.17002 -0.502065 -0.361147 -1.00853 0.079021 0.164137 0.171358 0.56856 -0.131795 -0.599794 0.618148 -0.155011 0.0976622 -0.0716312 -0.193881 1.15561 1.50761 0.171251 1.05748 0.852608 1.47243 0.259918 -0.997178 -3.2918 -0.424764 -0.0154951 0.332988 3.14098 2.35952 2.66698 
-0.90865 -0.45868 1.17234 0.155694 1.01393 -0.169412 0.620863 0.764107 -0.899149 0.356769 0.351095 0.784871 0.101614 0.159153 1.11466 0.660201 1.03214 0.212393 -0.65969 -2.20498 -0.614225 -1.1321 -0.56623 1.03831 1.11828 1.46141 -0.120363 -0.0291644 -0.0466635 -0.557807 0.409613 0.448723 -1.07284 0.0531627 0.200463 -0.902035 -0.494875 -2.90216 -4.57868 
-0.846209 -0.000217613 1.34822 0.458114 1.23464 -0.564206 -1.70506 0.132172 -2.43214 -0.39621 0.536245 0.757131 0.452881 -0.0413424 0.134972 0.124694 0.0107527 0.277818 -0.151071 -0.454689 -0.101848 0.298126 -0.973666 -0.688756 -1.74655 -3.07107 -0.139867 -1.13597 -0.711113 -0.559427 -0.564312 0.0914802 3.46881 1.12884 2.36141 1.41872 -0.627538 -1.92788 -2.3433 
-0.949992 -0.323708 1.29704 0.166447 1.29174 -0.320483 0.166174 0.662259 -0.601023 -0.616898 -0.337661 -0.961678 -2.96945 0.0192861 -0.0213131 -0.0509117 0.472711 -0.35192 -0.568209 1.26383 0.514619 1.22931 0.852485 0.410773 -0.809599 -0.881888 0.212445 0.433059 -0.264685 0.707694 -1.10043 -0.444376 -0.681616 -0.481811 -1.72035 1.9353 1.30494 2.50743 4.94583 
-0.826923 -0.0215308 1.29731 0.930824 0.882724 -1.13242 -0.441225 0.646791 -1.20283 0.456275 0.947018 -0.0524672 -0.429006 0.171102 0.568031 -0.13999 0.718446 -0.822613 -0.595447 -1.13631 -0.583659 -1.42222 0.961637 0.616186 0.760884 1.87476 0.10565 0.103512 -0.129883 -0.522254 0.293519 0.74244 -1.64078 -1.08353 -0.992335 -0.270342 -1.61663 0.715162 1.02485 
-0.77889 0.244324 1.15705 0.884893 0.46913 -0.91593 -0.970131 0.0785992 -2.02324 0.344739 0.278525 -0.200794 -1.09469 0.124936 0.0821991 -0.180795 -0.0495435 -0.0584003 0.174231 -0.376946 -0.568907 0.236976 0.582143 -1.20586 -0.0944363 0.14296 0.0182892 -0.191061 0.403925 -0.639223 1.26603 0.901623 0.743833 0.0958947 2.04242 -0.406821 0.782628 -0.25125 -0.887068 
-0.701987 0.0606684 1.11651 0.881281 0.824324 -0.958185 -0.818171 0.0778842 -0.965856 1.03842 -0.258841 -0.146904 -0.286046 0.189392 0.37697 0.263934 0.0792233 0.443413 0.306176 -0.392472 -0.487765 0.620194 0.554816 1.39881 0.509634 0.987697 0.5074 0.798515 -0.458458 -1.00372 -0.894995 0.989055 -1.1031 -0.522773 2.30549 -0.616747 3.39433 0.40153 -1.66393 
-0.589498 0.621294 1.42098 0.964116 0.912544 -0.609755 -1.3626 -0.409165 -1.40305 0.899555 1.67734 0.30884 -0.106991 0.632336 0.880714 -0.639253 -1.05327 -0.953395 1.16329 -1.48004 -1.09168 2.54247 -0.0346036 2.18847 0.307093 -1.52097 1.25264 -0.727158 -1.97176 -1.74164 -1.89819 1.23858 1.47831 0.146231 3.03849 -1.0014 -3.37964 -1.18904 -2.13211 
-0.0696507 0.941383 0.477257 -0.171987 -0.129072 0.205102 -2.29821 -1.0138 1.57661 1.00381 1.92963 0.16019 -1.80702 1.44203 -0.350188 -1.70783 -1.66242 -1.45478 1.54475 1.08584 -0.341533 3.65868 -0.446584 -1.98082 -0.679404 -1.14442 0.531133 -1.10677 -0.449423 1.17561 0.235652 0.298268 3.38217 1.28082 -2.51495 -1.07882 -4.14602 -0.365027 3.57434 
0.852531 0.271106 -0.286844 -0.6983 -0.542232 0.934997 -0.276767 -0.750699 2.25563 0.45297 -0.303485 -0.370564 -1.25141 1.16347 -0.226051 -1.08868 0.122343 -0.717744 1.46155 1.90213 0.18914 0.027512 -1.11343 -1.95756 -0.057934 2.05337 -1.18463 0.868763 0.940496 2.18189 0.592167 -0.581709 -2.26805 0.417064 -4.84707 -0.590796 2.51353 1.00777 3.01293 
1.09382 0.715332 -0.611419 -0.0496437 -0.846816 1.66666 -0.396087 -0.824655 1.60412 -0.109611 -0.0279318 0.102256 0.24635 0.257404 0.518575 -0.767329 0.519472 -0.862609 0.963043 -1.18222 0.0755305 -1.18839 -1.03738 0.5327 0.328365 1.86852 -1.09243 0.451614 0.690809 0.106038 0.377223 -1.25998 -2.07245 0.0163724 -1.16412 0.300102 2.19301 -0.23683 -1.71856 
1.10993 0.78968 -1.05417 -0.178828 -1.40484 1.89804 -1.45898 -0.675168 1.06725 -0.58441 0.229215 -0.0421997 0.617111 0.0710414 0.225564 -0.397867 0.228381 -0.340521 0.201572 -0.17032 0.205512 -1.13661 -0.813323 0.235456 -0.294764 0.334808 -0.186726 -0.685265 0.81624 -0.65152 1.02575 -1.25546 2.59031 -0.107895 0.422983 0.47408 -0.201497 -1.37276 -1.84675 
1.16486 0.940896 -1.00929 0.178737 -1.18734 1.86823 -0.566406 -0.619143 0.467512 -0.922934 0.207524 -0.192508 0.581158 0.070678 -0.16669 0.0489108 -0.132049 0.163141 -0.292418 1.40809 -0.0323642 -0.765405 -0.5633 0.331203 -1.0444 0.0217715 -0.0658502 -0.287677 0.352792 -0.829461 0.272346 -0.265024 0.387314 -0.222478 0.467193 0.865446 -0.369193 -0.396387 -0.478256 
1.18061 0.62299 -1.00526 -0.310877 -1.2417 1.60562 -0.0508905 -0.707533 0.30184 -1.14771 0.560418 -1.0866 0.638883 0.00519118 -0.0621134 -0.0450746 -0.60108 -0.0681746 -0.0634524 0.216994 -0.0169663 -0.669418 0.0521227 -0.133737 -0.691151 -0.143448 -0.112475 0.465216 -0.270373 0.0439221 -0.606633 0.215809 -2.32492 -0.19682 -0.551419 0.322485 -2.059 -0.690295 -0.12049 
1.17005 0.878783 -1.05436 -0.422343 -1.25551 1.80478 -0.349412 -0.636109 -0.201907 -0.870812 0.0737863 -0.883659 0.43771 -0.0417974 0.298525 -0.221462 -0.0881265 -0.443492 -0.076609 -0.916826 -0.229184 -1.31682 -0.240815 -1.7278 -1.73469 -0.0987181 -0.0560296 0.348905 -0.072947 0.5405 -0.238687 -0.349183 0.0261587 -0.354252 0.233912 -0.284739 -0.593101 -0.266088 0.534703 
1.13882 0.921515 -1.22672 -0.399003 -1.68519 1.52901 -0.967717 -0.936716 -1.01498 -1.38852 -1.16738 -2.82129 0.540165 -0.0508384 0.286792 -0.118022 -0.0605796 -0.306862 -0.412636 0.243153 -0.371218 -0.435507 -0.232616 -0.726838 -0.957239 0.391255 0.0853569 -0.458864 0.572194 -0.324 0.943905 -0.108817 2.93177 0.0691631 2.3833 1.13081 2.77497 3.84374 0.768784 
1.11921 1.16557 -1.17238 -0.482922 -1.56237 1.39214 -0.106259 -1.00733 -0.637414 -1.10343 -0.653052 -1.8409 0.828965 0.0435595 -0.160338 0.350732 -0.412127 0.500414 -0.185426 2.01494 -0.160021 1.06647 0.889991 1.04717 2.10905 0.670066 0.123912 -1.04994 0.471408 -0.781188 0.491635 0.253045 -0.23788 0.149267 0.390992 0.975577 0.813357 1.86871 -0.09043 
1.18237 0.761177 -0.875993 -0.81113 -1.18478 1.34359 1.04723 -1.09674 0.0514898 -0.498534 -0.12021 -0.712239 1.21023 0.0730735 -0.763148 0.353386 -0.841767 0.184773 -0.15959 0.00527298 -0.221952 -0.044515 0.742961 0.0865188 0.911473 0.300825 -0.0662555 0.104781 -0.483425 0.369968 -0.782155 -0.0492453 -2.47252 -0.292449 -1.23833 -0.722889 -1.41034 -2.46473 -1.26135 
1.19229 0.402427 -0.818995 -1.32469 -1.3776 1.23255 -0.100986 -1.22928 -0.681929 -0.360466 -0.566533 -0.929424 1.12979 -0.022696 -0.0555576 -0.132693 -0.0421588 -0.281741 -0.234671 -0.457576 -0.45247 -0.171855 0.167102 -0.363168 -0.355685 -0.59128 -0.161136 1.38358 -0.659765 1.80228 -0.4038 0.580548 -0.105627 0.229451 0.0653707 -0.404085 -0.577417 -0.672258 -0.778115 
1.15968 0.705619 -1.00869 -0.853288 -1.46652 1.10892 0.589651 -1.54921 -0.120365 -0.331432 -0.483378 -1.06792 0.618951 -0.088062 0.620436 -0.306379 0.960517 -0.219027 0.420958 -0.100354 0.00749909 0.0208557 0.338876 -0.490898 0.239215 -0.47729 -0.0541196 0.436936 0.0186706 0.306385 0.192712 0.38699 0.347602 0.434608 0.0360702 0.109608 -0.123018 0.929433 0.444074 
1.10422 1.02286 -1.12537 -0.364173 -1.59663 1.65351 -0.20134 -1.22178 -0.661073 -0.02159 -1.05743 -0.690209 0.6525 -0.0768156 0.381378 -0.114023 0.264226 -0.0890283 0.152319 -0.109974 -0.0178619 -0.135785 0.276709 -0.486186 0.573748 -0.147206 0.0428327 -0.489443 0.285896 -1.28398 0.134086 -0.819906 0.278133 -0.57201 0.594549 -0.765835 0.088116 -0.463499 -0.494757 
1.08286 1.087 -1.12271 -0.589062 -1.55555 1.26123 0.479677 -1.56707 -0.25615 -0.054723 -0.969564 -0.494175 0.471745 -0.0452293 0.130993 -0.0204828 -0.323461 -0.0849411 -0.398948 0.177779 -0.564511 0.615404 -0.426958 -0.402782 -0.224285 -0.972047 0.136393 -0.514695 0.433991 -0.66723 0.442198 -0.202832 0.546905 0.151165 0.950793 0.0345534 0.721845 -1.4335 0.0773202 
1.05899 1.15386 -1.14586 -0.687634 -1.68157 1.25456 -0.0235605 -1.78629 -0.0456686 -0.448548 -1.46021 -0.914494 -0.319547 0.0595771 -0.133317 0.319968 -0.403004 0.35317 -0.0505132 0.436931 0.133303 0.815008 0.311263 0.235659 -0.859755 -0.0698857 0.0666542 -0.299519 0.0759092 -0.000616466 0.442721 -0.1901 0.394117 0.846343 -0.776031 0.45643 1.76377 -0.134936 1.14986 
1.14244 0.95368 -0.802741 -0.992066 -1.20238 1.21072 0.916608 -1.43377 0.558859 0.25654 -0.733906 -1.35393 0.40186 0.0214249 -0.168526 0.0554263 -0.324077 0.35778 -0.589048 0.571896 0.281832 -0.160626 0.029472 1.36099 -0.359221 0.177812 -0.13171 0.626136 -0.439577 0.799047 -0.173054 -0.17872 -0.112447 0.000979495 -1.38839 -0.782708 0.371073 1.21115 -0.804413 
1.08042 0.985329 -1.09043 -1.01171 -1.32379 0.665511 0.548336 -1.50446 -0.206295 -0.419076 -0.0992231 -1.27372 -0.141735 -0.0721333 0.492819 -0.119609 0.396044 0.180116 -0.229233 0.324484 0.134283 -0.573383 -0.471445 0.606731 0.351391 -0.874298 -0.0778341 0.889918 -0.0737769 0.914438 -0.0633896 0.799613 0.0364452 -0.51743 0.724152 0.189349 -2.7489 0.83177 -0.471429 
1.07031 1.4465 -0.922349 -0.596022 -1.02226 0.981488 1.24109 -1.29948 -0.0145243 -0.214905 -0.127174 -1.00254 -0.472439 -0.0564091 0.721392 -0.0183506 0.590361 0.29439 0.210565 0.608341 -0.235599 0.563525 0.218821 -1.38791 0.472549 -0.293617 -0.00925065 -0.218773 -0.174753 0.107307 -0.348198 0.459531 -0.888133 -0.293521 1.29974 0.733255 -1.77231 0.0842022 1.25631 
1.02401 1.70672 -1.10878 -0.42135 -1.0294 0.876076 1.15668 -1.74006 0.35723 -0.200255 -1.48714 -0.801166 -0.435351 -0.0813839 0.274046 -0.294361 0.503351 -0.168082 0.230298 -0.563649 -0.159238 0.726362 0.26181 -1.16558 0.435594 0.38201 0.0396867 -1.00403 -0.155205 -0.306541 -0.391975 -0.176646 -1.58362 0.432713 -0.262154 -0.295645 2.36266 -0.39702 0.965298 
0.988923 1.72055 -1.21671 -0.0926717 -1.19034 1.21179 0.677442 -1.45872 0.711838 0.0469049 -1.29275 -0.566945 -0.0904284 -0.0167224 -0.282641 -0.173556 0.28382 -0.0975842 0.0339188 -0.975276 0.197114 0.301371 -0.0768232 0.974744 0.0755294 0.671681 0.156432 -1.06481 0.467482 -1.13541 0.725502 -1.28699 0.889779 0.068249 -0.838605 -0.433543 1.41814 -0.156683 0.164623 
1.00729 1.42408 -1.28234 -0.13753 -1.12698 0.909994 0.1814 -1.54294 0.658602 -0.277078 -0.512394 -0.725636 0.23633 0.075048 -0.790767 0.173121 -0.632061 0.55742 -1.05669 0.32613 -0.0909895 -0.112243 -0.171733 0.252568 0.278911 0.546634 0.0794578 -0.183836 0.355125 -0.75418 0.638248 -0.795399 1.66506 -0.0133358 -0.206546 0.38546 -1.44968 0.823276 0.0863865 
1.06397 0.929778 -1.04359 -0.724733 -0.632922 0.155096 1.00357 -1.54971 0.599595 -0.124828 -1.04018 -0.288035 0.456205 0.0627354 -0.466477 0.181569 -0.470361 0.540664 -0.76148 0.689781 0.183779 0.0948249 0.308637 -0.474936 0.898805 0.758068 -0.123003 1.15441 -0.494101 1.28521 -0.517851 1.32274 -0.626175 0.493475 -0.019077 -0.161931 -0.267348 -0.481808 -0.506278 
1.07002 0.957604 -1.10077 -0.607891 -0.586318 0.148514 0.871182 -1.35917 0.753426 0.0315588 -0.98733 0.173169 0.994398 -0.0479549 0.363648 -0.320981 0.653151 0.0395694 0.266051 -0.300045 0.402485 -0.13132 -0.333664 -0.0147807 -0.202897 0.0403552 -0.119391 0.310317 -0.571821 0.583554 -0.888888 0.334227 -2.89012 0.0996711 -0.728797 -1.82029 -0.141455 -2.7382 -1.17023 
1.01602 1.29343 -1.36457 -0.0715818 -0.593353 0.421148 0.703527 -1.14723 0.468276 -0.458492 -1.05496 -0.490932 0.49656 -0.0566558 -0.156159 -0.390252 0.113193 -0.348224 -0.427253 -2.20033 0.28345 -0.633972 -1.51165 -0.616391 -1.8394 -0.412157 0.0460638 -0.58705 0.259581 -0.591007 -0.125925 0.0726806 -1.65402 0.110587 1.08103 -0.634891 0.292465 -0.645302 0.0878501 
1.01337 0.801444 -1.49102 -0.494698 -0.934542 -0.278739 -1.32915 -1.07572 0.119454 -1.48009 -1.60372 -1.66623 0.582241 -0.0018911 -0.223403 -0.0613993 0.0621437 -0.0863552 0.338732 -1.95406 0.513072 0.949712 -0.968555 0.277684 -0.8482 0.128205 0.0728954 0.427328 0.442342 0.826289 0.579019 0.865168 2.28922 0.304954 1.82034 1.95486 1.39282 2.5699 0.215121 
1.01413 1.07002 -1.42597 -0.00943807 -0.679708 0.75988 -1.25053 -0.634153 1.41799 -1.42705 -0.777278 -1.33913 0.624766 0.0162396 0.271168 0.0520898 0.939483 0.230795 0.437915 0.0888895 0.588404 1.18637 0.443206 0.776433 0.730496 -0.197037 -0.00898333 -0.0395 0.130389 0.704817 0.136414 -0.785792 0.837779 -0.288774 -1.35268 1.40976 -0.79204 1.3566 -0.141347 
1.02961 1.07261 -1.43893 0.444785 -0.703747 0.159176 -1.24026 -0.487312 1.30582 -1.03689 -0.827289 -0.935734 0.385204 -0.0108744 -0.262903 0.0689899 0.76696 0.0500591 -0.44706 -1.11628 0.224298 -0.402971 0.441201 -0.514356 0.508398 -0.0131414 -0.0655098 -0.42245 0.120819 -0.284402 -0.0956366 -0.561248 -0.82832 -0.335372 -0.149146 0.019378 -0.651572 -0.0717057 0.956632 
1.00325 0.80712 -1.35698 0.757522 -0.629649 0.31282 -2.36681 -0.409855 1.01502 -0.985845 -1.29163 -0.830734 0.611624 -0.0492702 -0.151282 0.172908 0.65508 0.135159 -0.123333 -0.739431 0.253032 1.03722 0.462584 0.124861 0.65879 0.759596 -0.0108501 0.33818 0.113251 -0.352617 -0.00416347 -0.453415 1.43746 0.0994874 1.63823 -0.492311 1.59123 -0.356254 -0.0780216 
0.980337 0.92133 -1.26602 1.09987 -0.568588 0.0358429 -1.97969 -0.23428 2.34305 -0.574304 -0.702428 -0.276944 1.1448 -0.0217245 0.0752771 0.182241 0.414344 0.0458956 -0.900475 0.321183 0.323786 1.23526 -0.05111 1.07688 0.152144 -0.0911629 0.131846 -0.274067 0.297331 -0.998567 0.211783 -0.753205 2.04597 -0.177401 -0.838928 -0.931918 -0.0732694 -0.25243 -2.0006 
0.981526 0.882397 -1.17474 1.17187 -0.583754 -0.587655 -2.04563 -0.0860694 2.25028 -1.03696 -0.214758 -0.678591 0.520461 0.0825754 -0.425349 0.470239 -0.343487 0.346942 -0.876538 1.30654 0.0756316 0.198296 -0.469334 0.0515916 0.40636 -1.241 -0.0510364 -0.0839938 0.00176188 0.330464 -0.0259309 0.516129 0.600983 -0.062252 -1.94574 -1.47803 -2.40271 0.568973 -1.00861 
1.06291 0.495981 -0.795783 0.756379 -0.221646 -0.840695 -0.673151 -0.158648 2.54134 -1.04364 -0.650836 0.129416 -0.0962037 -0.0727609 -0.00871661 0.184003 0.744808 0.0199647 -0.384346 0.922166 0.261534 -0.710478 -1.52914 -1.32584 0.721117 -1.09978 -0.320976 0.961878 -0.702607 2.02961 -0.608096 0.458839 -1.64543 -0.104515 -2.03942 -0.7295 -0.754114 0.872715 0.265537 
0.908765 0.873681 -0.990737 1.91667 -0.563789 -0.972001 -1.12346 0.175464 1.5398 -2.5661 -1.5406 0.042526 -0.579316 -0.238401 0.536529 -0.232368 1.68613 -0.261154 -0.417699 -0.338892 -0.0288836 -1.84113 -1.19883 -0.702522 1.27907 -0.975466 -0.0281967 -0.278174 0.228204 -0.0804145 0.261198 -0.355214 0.167625 -0.610413 0.056439 2.37239 2.87159 1.23068 0.334266 
0.824512 1.03251 -1.02815 2.44251 -0.4828 -1.25839 -1.01204 -0.187532 0.700219 -2.24247 -1.35336 1.40849 -1.07167 -0.100958 -0.286891 0.412206 0.664393 0.281163 -0.73956 1.08979 -0.348879 -0.654039 0.84325 1.54576 1.9518 -0.765512 0.12694 -1.46651 1.33428 -0.890246 0.45553 -0.766232 2.2518 0.256599 1.92782 1.54799 1.72656 -0.887826 0.307976 
0.807808 0.58679 -0.57853 2.58107 -0.282626 -1.71156 -0.0336741 -0.173415 0.885759 -1.72285 0.00516028 1.99432 -1.34483 -0.111461 -0.929976 1.10191 0.795882 0.194376 -1.18393 1.91291 0.227715 0.0866908 0.349155 1.02404 0.391248 -0.66749 -0.104472 0.156887 0.212368 1.55476 -0.910551 -0.461252 -1.66009 0.581107 0.44696 -0.553147 -1.65718 -3.32868 -1.27819 