-0.819978 -0.536685 0.609949 -0.552895 0.829068 1.73803 0.0115053 0.647478 0.431001 0.977394 0.515982 0.5346 2.24084 0.0724057 0.178915 -0.480151 -1.3429 0.0277251 -0.434552 -0.587997 -1.01065 -1.00825 -0.132 -0.804258 -1.8555 0.103737 -0.146722 -0.209409 0.181578 0.640813 -0.274427 -2.12403 -0.575822 0.438509 0.739397 -3.41614 -1.20362 -1.45221 -4.34109 
-0.862793 -0.654558 0.379925 -1.23228 0.740304 0.703992 -0.389006 0.0996535 0.182385 0.14635 -0.867544 -1.00611 1.83085 -0.051971 -0.322235 -0.102767 -0.113863 -0.195204 -1.41398 -0.506607 0.256037 0.385796 -1.91181 -0.829976 -0.879114 -1.71509 -0.177178 -0.448901 0.617141 1.86083 -0.17545 0.322367 1.01546 1.74721 1.27905 -0.129244 1.90827 2.8493 -0.709043 
-0.871949 -0.858919 0.507182 -0.666758 0.633864 0.324048 -0.495102 0.903514 0.816796 -0.934411 -0.313994 -0.344514 0.525751 -0.104772 -0.269986 0.136989 0.517923 -0.147725 -0.112185 0.427462 0.736563 0.270799 -0.261244 1.10401 0.9938 -0.605306 -0.00540731 0.342413 0.343782 0.365714 0.192647 1.81555 1.25918 -0.0541848 -0.591374 3.17514 1.46737 1.59844 1.44133 
-0.967566 -0.924544 0.516914 -0.714357 0.592579 0.591806 0.0384553 0.836217 0.453183 -0.114894 0.23647 -0.0123125 1.22554 -0.0573783 0.0201785 0.241015 0.251852 -0.00255714 0.401569 0.752569 0.201852 -0.205578 1.26334 0.637389 0.719328 -0.273762 0.177158 0.346582 -0.0276543 -0.538134 0.356687 0.789866 0.0876367 -0.456687 0.19917 1.47097 -0.499483 -1.21503 -0.869883 
-0.929327 -0.838741 0.748197 -0.414906 0.631307 0.725617 0.257466 1.10537 0.611218 0.328928 0.323396 0.374813 0.25199 0.0723856 0.0765964 0.109335 -0.020211 0.208962 0.677681 0.515098 0.279877 0.469969 1.20972 0.604532 -0.221228 -1.47519 0.0562936 0.145539 -0.404173 -0.162613 0.187973 -0.662335 -1.34059 -0.754586 -0.209669 -2.39978 -1.1745 -1.40589 0.423445 
-0.89518 -0.847948 0.626249 -0.734568 0.801542 1.26949 0.553554 1.11609 0.923152 1.09483 0.841002 -0.233541 -0.249644 -0.00108472 0.165717 -0.163158 0.0892388 0.185415 -0.260767 -0.588018 -0.552734 -0.415248 -1.13644 -0.537113 -0.68656 0.149684 -0.131106 -0.195901 -0.138358 0.44222 -0.418801 -1.57856 -1.3047 -0.383294 -1.41068 -4.1775 -1.45413 0.372209 3.22133 
-0.930412 -0.673024 0.585039 -0.325667 0.816722 0.46485 -0.330552 0.552632 0.19597 -0.807516 -0.213717 -0.311746 0.401674 -0.0587203 -0.119304 -0.0290225 0.422009 -0.209839 -0.900875 -0.789605 -0.103417 -0.940711 -2.96777 -0.849601 0.150981 1.74614 -0.0792123 -0.3049 0.100526 0.206179 -0.10671 0.151785 0.93022 0.992903 1.10026 1.28952 0.891611 1.66433 0.737377 
-0.9539 -0.967252 0.597227 -0.312559 0.591702 0.368612 -0.236052 1.01268 -0.0175586 -1.87294 -0.00859823 -0.0825593 1.4965 -0.080297 -0.139183 -0.0626325 0.295417 0.0787055 -0.108982 0.342202 0.440169 0.685011 0.153075 0.354499 0.977769 0.887061 0.0907932 0.223017 0.068067 -0.363371 0.501852 1.52607 0.972745 0.430473 2.91557 5.93232 1.28278 0.0260729 -3.25873 
-1.01071 -0.812207 0.522407 -0.0302499 0.895428 0.355868 0.0116503 0.992801 0.880981 -0.65444 0.140782 0.666022 1.28873 0.0320729 0.103713 0.0390445 0.0586379 0.292013 0.625192 0.183139 0.327056 1.97486 2.96455 0.433178 0.177054 -1.51259 0.123045 0.342076 0.234359 -0.827312 -0.204527 0.0618852 -0.457838 -0.347957 -0.670793 0.400557 -0.568277 -1.20675 -2.47943 
-0.921827 -0.863539 0.636271 -0.253921 0.883715 0.993804 -0.0529124 1.33973 1.9573 1.0916 0.42458 0.0944948 -0.0160906 0.0427483 0.202893 0.171727 -0.531894 -0.125822 -0.0470969 -0.115636 0.0922116 0.0142175 0.553632 -0.213778 -0.228984 -1.59237 -0.0186016 0.0487603 -0.238921 -0.653711 -0.233948 -0.928322 -0.0412591 -0.96291 -3.46975 -5.16428 -1.35066 -0.151543 1.83498 
-0.967961 -0.609313 0.694134 -0.562144 0.769606 0.308771 -0.103986 1.08501 0.895198 -0.100809 -0.0729962 0.437039 -0.303636 0.0134713 0.152473 -0.199876 -0.595073 0.058065 -0.30313 0.14188 -0.635854 -1.49489 -2.19973 -0.917481 0.0255109 0.322392 0.0689146 -0.190379 -0.321621 0.455522 0.110759 0.691073 0.17658 -0.143317 -0.32195 -0.446072 0.328626 -0.874651 2.57129 
-0.908356 -0.711065 0.436395 -0.848994 0.94178 0.690674 0.0889678 0.703878 0.462406 -1.10813 -0.492901 0.120006 0.306301 0.111663 0.0125139 -0.149894 -0.0763717 -0.0150625 0.643977 0.0609438 -0.0511052 -0.307732 0.10756 0.114847 -1.10364 0.978917 -0.0432362 -0.332058 0.510632 1.41307 -0.133908 0.218773 -0.448442 0.918163 1.52889 3.05009 1.47436 0.0896488 0.301412 
-0.856298 -0.596799 0.54424 -0.638516 0.754544 0.952747 -0.0430419 1.03391 0.587466 0.00675147 0.041851 -0.666597 0.675281 -0.0297649 -0.179585 0.310755 0.818001 -0.0758429 -0.0843569 -0.306562 0.282309 0.0339992 0.850361 0.556882 0.11516 0.623804 -0.195195 -0.362748 0.38862 0.391986 0.060512 -0.943086 0.137408 -0.259016 -0.151899 0.831074 0.637463 2.07821 -1.8219 
-0.938121 -0.89065 0.747151 -0.0309931 0.865938 0.606317 -0.217594 0.986188 0.496405 -0.257768 0.0639805 0.235165 0.930105 -0.0835316 -0.350234 0.238726 0.315614 0.0454495 -0.299109 0.198352 -0.310122 -0.459631 0.938634 0.752311 0.97457 -0.842981 0.1064 0.615079 -0.357066 -1.18958 0.153408 -0.23125 0.407092 -0.380331 0.594179 -1.12365 -0.845057 -0.340723 -1.58386 
-0.939829 -0.947033 0.782966 -0.322902 0.799993 0.653638 0.15531 0.723786 0.127835 0.945385 0.794162 0.307973 -0.1677 0.0766353 0.435494 -0.0463103 -0.371576 0.0775653 -0.315607 0.10053 -0.0980215 0.628178 -0.273294 -0.288175 -0.225563 -0.960053 0.146121 0.440361 -0.188957 -0.262415 -0.0148547 0.52863 -0.538129 0.755379 1.09008 -2.50485 -1.27074 0.13768 2.85043 
-0.861486 -0.455156 0.70084 -0.402569 0.943503 0.29071 -0.117064 0.888166 1.12458 -0.531062 -0.224195 0.00960235 -0.0299479 0.0625895 0.0901264 0.049769 0.0531989 0.0305948 0.229521 -0.339777 0.445257 0.630446 -1.56622 -0.518427 1.11225 2.00745 -0.0708711 -0.726183 -0.140186 0.426865 -0.125251 0.728463 -0.00814206 0.208868 -0.963199 0.723901 0.6782 0.21366 1.74737 
-0.87724 -0.856907 0.832735 -0.269703 0.830588 0.88316 -0.184467 1.16904 0.758282 -0.620831 0.275734 1.42022 1.83975 0.00576421 -0.290688 -0.186496 0.0552886 -0.0476856 0.412856 0.0923879 0.110847 -0.335021 0.450607 0.390024 -0.0119031 0.787322 -0.0473514 0.0483428 -0.471214 -0.360989 0.0332134 -0.0643048 0.342635 -0.884734 -0.892231 2.85252 -0.614813 -2.85939 -4.06809 
-0.855722 -0.745844 0.514344 -0.34728 0.895817 0.703565 -0.0246764 0.999013 0.789561 -0.0804555 0.165829 -0.00230071 0.757374 0.0152381 0.138469 -0.421445 -0.30779 0.0638082 0.165217 0.00285833 -0.439476 -0.261785 1.28631 -1.13324 -1.74714 -2.06065 0.0204252 -0.0896872 0.281563 -0.533949 -0.331187 -0.803356 -0.590533 -0.605204 -0.529839 0.194293 -2.17427 -0.931985 -2.39644 
-0.862002 -0.718438 0.41129 -0.577493 0.894396 1.04838 -0.181609 0.729567 0.496497 0.665477 -0.857506 -0.326914 -0.220898 0.0261894 -0.380375 0.095067 -0.478661 -0.378872 -0.390501 -0.498145 -0.494358 -0.86486 0.644899 -1.78424 -0.943888 -1.60912 0.228608 -0.505992 1.2428 0.543396 0.0681928 -0.597762 -0.129518 0.325595 -0.0867797 -0.173228 1.44712 2.39056 2.24228 
-0.829532 -1.12622 0.609411 -0.825941 0.516945 0.313065 -0.522822 0.504656 -0.0752991 0.564444 -1.61841 -0.946188 -0.851744 0.243847 -0.367523 0.821354 0.235605 0.132001 -0.432546 -0.12666 -0.113882 -0.348565 1.11308 0.31388 0.643421 0.181633 0.176773 -0.00148654 0.882956 0.403031 0.664169 1.32702 0.901903 0.369231 0.133087 -0.335993 1.64858 1.13467 2.8701 
-0.618155 -1.08596 1.23264 -0.341888 1.0264 0.61583 -0.308268 0.615685 0.147932 1.77856 -0.543626 0.316507 -0.0392655 0.202962 -0.381862 0.978023 -0.07563 0.285297 0.936521 0.403758 -0.125127 -0.731774 0.308906 -0.135669 0.190778 1.26099 0.409067 0.516121 0.294437 -0.139195 -0.771641 -1.06862 -1.20068 0.221483 -3.03889 -3.89386 -1.32624 -2.60491 -2.09996 
-0.62657 -1.50808 1.58743 -0.901571 0.802242 1.24959 -0.119064 0.379529 -0.807073 0.87335 -1.75408 -0.755411 0.409242 0.652913 0.148598 1.11579 0.0964101 -0.63964 -1.50117 -1.32734 0.107601 -3.38746 -2.78078 -1.01236 -1.96149 -1.91833 0.989651 1.08112 -0.667834 1.29863 -0.324671 -2.76902 -2.5452 -0.452091 -0.076351 -0.20565 0.599609 0.0422015 -1.55733 
0.034758 -0.937362 2.34844 -0.245478 0.386758 -0.885336 -1.63561 0.723286 -3.23952 -1.00223 -1.55599 -1.64499 -1.95759 1.19261 0.699257 0.310189 1.223 -0.0393742 -1.8325 -2.14144 -0.577218 -0.808124 0.103256 0.463941 0.232979 -0.296343 0.161989 0.0846269 -2.37644 2.24524 0.85595 1.34835 0.541632 -1.40249 5.92972 4.99541 0.696801 2.84264 3.24662 
0.566044 -0.808825 1.89762 0.321426 0.762867 -0.582916 -2.26051 -0.197689 -1.6152 0.976607 -1.29014 -0.522431 0.112899 0.814902 0.233225 -1.26065 2.34165 0.216311 -0.152821 -0.785709 -1.29489 2.54227 2.21463 -0.31556 0.881142 1.32829 -0.755608 -0.420017 -1.42424 0.954776 -0.29168 1.18913 2.47854 -0.189184 1.89408 -0.175633 -0.386971 -0.0491864 -0.084678 
0.84966 -0.704137 1.08778 2.09618 0.603068 -1.03816 -2.42132 -0.571607 -0.697259 1.21241 -1.87155 -0.763845 -0.629306 0.437005 0.27924 -1.11405 2.17777 -0.331055 -0.643376 0.337101 -0.766402 1.08595 -0.0723769 0.0769698 0.183793 -0.381021 -0.576962 0.00222431 0.423501 -2.32285 -0.758055 -0.519569 1.48853 -0.073825 -3.0499 -5.0041 1.49909 -0.865156 -0.490129 
1.00305 -0.529585 0.783576 2.4992 0.431813 -1.22629 -1.9234 -0.96409 -0.529244 0.90423 -1.21317 -0.338638 -0.268122 0.23794 0.23545 -0.83715 0.0187988 -0.541744 -0.67239 0.702821 -1.36872 -0.507634 -2.78947 1.18352 0.0159852 0.838159 -0.241315 0.142527 0.144881 -1.80281 -0.508418 0.673856 0.140609 -0.0646449 -1.47395 -2.73995 1.50063 -1.018 1.5833 
1.0876 -0.468687 0.250634 2.11497 0.0613243 -1.71055 -1.7185 -1.94033 -1.20489 -1.57706 -0.688023 -0.74786 0.208853 0.19569 0.421767 -0.969166 0.374958 -0.839473 0.0304804 0.47771 -0.831047 -0.388001 -2.81232 1.5776 -0.834205 1.20228 -0.0210518 0.2764 -0.0833214 1.3584 -0.115623 1.33722 -0.922433 2.17616 0.541072 2.82999 -0.256533 1.06249 0.168552 
1.19874 -0.107817 -0.18559 2.87416 -0.40766 -1.19581 -1.44569 -1.79514 -0.917245 -1.90809 0.364429 -1.17284 0.934158 0.216888 0.511849 -0.920472 1.3772 -0.657367 0.66483 -0.219612 0.80744 0.0334382 0.0405213 0.926992 1.07848 1.00671 0.0209129 -0.529357 0.659854 -0.382867 0.779305 -0.681253 -0.716327 1.65439 -0.0101145 4.49567 -2.2512 3.91483 -1.64356 
1.30449 0.0431618 -0.669838 3.49217 -0.596043 -1.04572 -1.93811 -1.13289 -1.17145 -1.53654 0.238969 0.330617 1.21556 0.216603 -0.107589 -0.309312 -0.00790916 -0.0601678 -0.650773 -0.238617 0.823343 -0.398115 1.68334 -0.673596 3.08063 -0.441275 -0.00446028 -0.792159 1.30713 -2.99199 0.507947 -1.88748 1.05098 0.317729 0.818998 2.75565 -1.69031 0.481369 -2.21529 
1.41534 -0.215407 -0.494902 2.86625 -0.467828 -1.84658 -1.68431 -0.971794 -1.31536 -0.224752 -0.309167 1.90778 0.492882 0.212428 -0.28031 0.386662 -1.61479 -0.14942 -1.22265 0.831364 1.12517 0.852436 2.79617 -0.763319 1.55985 -1.20858 -0.144767 0.490111 0.111539 -0.917973 -0.534937 0.587264 0.685612 0.159888 1.8776 0.139286 0.368519 -3.38372 -0.409727 
1.51692 -0.237148 -0.283176 1.87738 -0.745463 -2.26836 -1.10674 -0.00771682 -0.319019 1.25964 -0.524349 1.89046 0.00698508 0.0718364 0.382522 -0.197773 -0.925882 -0.595105 -0.0635089 0.446995 0.983231 1.47949 1.82263 -0.305077 -0.303098 -0.851002 -0.170975 0.527253 -1.24859 1.87407 0.0569235 2.15919 -1.13917 -1.7068 0.272257 -3.21863 0.325802 -2.52427 0.603061 
1.48718 0.167115 -0.692675 1.94037 -1.06293 -1.91009 -1.23732 0.011437 0.164127 1.59788 -0.614244 1.60469 -0.35812 0.0414527 0.246943 -0.861926 0.259278 -0.0924963 0.936542 -0.307811 -0.581632 1.12469 -0.42246 -0.437516 -0.96442 -0.605517 0.0284633 -0.517205 -0.590436 0.404839 0.744328 1.02452 -0.720513 -1.78628 -1.27104 -1.72479 -0.255487 -0.351794 -0.646333 
1.55837 0.00979514 -1.1451 2.13665 -0.837959 -1.33182 -1.41455 -0.589349 0.805674 0.837176 -0.961866 0.926042 -0.598532 0.1003 -0.134684 -0.788209 -0.521042 0.149223 0.961011 -0.273519 -0.803046 0.208444 0.0978344 -0.560564 -0.654892 -1.49733 0.0037595 0.225307 0.284862 -1.10446 -0.218592 0.551071 1.04214 0.419226 -1.11077 1.6417 2.03249 -0.371545 0.430013 
1.58748 0.0324318 -1.48088 1.41932 -0.913709 -0.949082 -1.51084 -0.791609 0.372571 1.69571 -1.17481 0.949793 -1.85545 0.0452122 0.47225 -0.577065 -0.845182 -0.311088 1.48761 0.734326 -0.162406 0.0139268 1.21924 1.59498 -1.33596 -0.175504 -0.136837 0.661862 0.1326 -0.229247 -0.955416 0.420995 0.940745 0.890212 -1.74814 -0.307732 1.97095 -1.73579 1.51848 
1.60358 0.482045 -1.72217 1.29147 -1.14905 0.15579 -0.680229 -0.751755 0.819601 2.05641 0.633112 -0.409922 -0.774036 -0.0365376 0.527178 -0.655609 -0.75029 -0.806193 1.38201 0.667227 0.0871656 -1.5397 -0.209898 1.41039 -2.39068 0.0211493 -0.0784669 -0.544216 0.923309 -0.549972 -0.00735411 -1.36884 0.364736 -0.139596 -1.35006 -1.68972 -0.568866 0.600905 -0.517503 
1.55094 0.55961 -2.13649 0.669034 -1.7199 0.432924 -0.843609 -0.704444 -1.16713 1.48581 0.235578 -1.44089 -1.83431 -0.0332547 -0.071966 0.346245 -1.39515 -0.318443 0.118774 1.09906 -0.302002 -1.33614 -0.470484 1.02611 -0.73506 -0.693007 -0.0232006 -0.684197 1.31644 -0.260563 0.378348 -2.09601 0.613238 -1.17614 0.828866 0.0359688 -0.557551 1.27098 0.332913 
1.57033 0.410079 -1.37592 -0.103682 -1.46749 0.274564 0.418833 -1.05376 -0.516535 1.58593 1.65922 -1.14498 -1.46704 -0.0597382 -0.157019 0.66083 -1.01085 -0.427844 -0.714003 1.28046 -1.08898 -0.710832 -0.173929 0.852835 -1.11971 0.354063 -0.0244309 0.0301872 0.085214 1.40532 -0.285344 -1.10639 -0.740206 0.141704 0.439495 0.138373 -1.19257 0.979892 0.210268 
1.4912 0.402591 -1.47566 -0.341819 -2.14775 -0.281079 0.436856 -1.79342 -1.87796 1.31188 1.08841 -2.56059 -1.48024 -0.0576857 -0.0417787 0.431459 0.0101663 -0.603786 -0.987618 0.358856 -0.160299 -0.896641 -0.332111 -0.166455 0.244832 -0.482739 0.0291049 0.219622 -0.147911 1.39816 0.577086 -0.0531046 -0.408713 1.2608 1.22851 -0.269584 -0.368393 2.35223 0.708814 
1.51264 0.368301 -0.944463 -0.0935161 -2.07128 -0.713054 0.777689 -1.21406 -1.41318 1.25382 1.49277 -0.90015 -1.94978 -0.0306333 0.0626034 0.512919 0.387305 0.149242 -0.767108 0.871751 0.171819 0.517678 -0.443514 0.484442 1.23253 1.06288 -0.0697266 0.286696 -0.752737 0.0461107 0.842887 -0.164815 0.19281 -0.454463 1.0134 -0.223527 -0.195361 -0.163619 0.68539 
1.46057 0.465195 -0.962743 0.0454866 -1.9985 -1.04819 1.30861 -1.6216 -1.36028 0.868371 1.57285 -1.32807 -0.417366 -0.127412 0.244917 -0.321278 0.0562769 0.239101 -1.15243 0.551666 -0.614762 0.116755 -0.555638 -0.361816 0.0812133 0.202651 -0.139068 0.474647 -1.14642 -0.592249 0.530397 -0.365916 -1.00699 -0.402553 0.0688079 -0.209629 0.0760837 -0.304303 -2.85962 
1.38523 0.613218 -1.26574 -0.0372391 -1.83218 -1.86549 1.32936 -1.82882 -1.29642 0.69818 1.13095 -0.818936 -1.74713 -0.169701 0.53725 -0.633502 -0.204944 0.679639 -1.13302 -0.135242 -0.230734 0.586486 -0.653143 0.560525 0.928223 -1.79675 0.0110274 0.251344 0.179158 -0.843626 0.976925 1.05064 -1.33609 1.36531 0.904017 -0.531098 1.32913 2.5472 -0.0624828 
1.29087 1.00244 -1.59625 -0.159457 -1.31887 -2.18121 1.17337 -1.85234 -0.773794 0.215228 2.13338 -0.399842 -2.21411 -0.116385 0.496261 -0.14212 -0.787349 1.21603 -0.101794 -0.784423 0.750546 1.02077 -1.08674 0.967315 2.62841 0.140168 -0.0273187 0.18686 0.474997 0.00380522 0.139489 2.20116 -1.33175 1.0294 0.0789339 -0.12825 -0.255331 1.00046 4.24428 
1.26884 1.10948 -1.40786 -0.824588 -0.61615 -1.96728 0.544933 -1.07827 -0.275649 -0.388556 2.09827 1.80948 -1.60696 -0.19702 0.72411 -0.158505 -0.201138 0.819128 1.06814 -1.46699 0.798669 0.66542 -0.781393 0.305194 1.92868 2.44754 -0.139027 0.213748 -0.158491 0.870339 -1.11221 0.986727 -0.266045 -1.01346 -0.898573 1.00284 -1.16148 -2.90663 2.10035 
1.09385 1.72655 -1.75475 -0.360596 -0.499738 -1.11307 -0.293623 -1.05367 -0.108373 -0.566164 2.43857 1.52884 0.233424 -0.255412 0.710008 -0.300611 0.0829899 0.103817 0.884933 -1.05047 -0.262913 0.122199 -0.0838997 -0.19417 -0.278212 2.24052 0.0763068 -0.936406 0.442662 -0.377845 -0.863409 -0.907711 1.07766 -1.669 -0.918661 0.807801 -1.5728 -2.26344 -1.99862 
1.01343 1.81949 -1.70847 -0.741598 -0.512333 -1.08235 -0.505535 -1.34119 -0.15345 -0.472456 1.9041 1.53127 0.633554 -0.120713 -0.212297 0.284157 -0.578984 -0.0442813 0.160426 -0.389325 -0.870329 -0.253241 0.0264084 -1.26761 -0.334759 0.448916 0.179257 -0.801408 0.461245 0.47091 -0.0939728 -0.458741 0.756733 0.121784 0.476405 0.402169 0.0516406 -0.267467 -3.32286 
0.973136 1.51426 -1.47059 -0.939579 -0.544019 -0.952649 -0.682948 -1.924 -0.361614 -0.539756 1.17097 1.19408 0.682341 -0.0761546 -0.0913991 0.160633 0.5539 0.00984392 0.426192 -0.293735 -0.141129 0.598603 0.318269 -0.142529 -0.545679 -1.08234 0.0855854 0.383883 -0.332933 0.782151 0.343755 -0.0697129 0.494195 1.17933 0.954609 -0.81507 0.943011 1.4753 -1.07981 
0.937277 1.72809 -1.54784 -0.187698 -0.50249 -0.656156 -0.79927 -1.48231 0.445153 -0.154187 1.76157 0.985586 -0.448785 -0.0351272 0.171587 -0.048776 0.203167 0.299474 0.0907126 0.10487 0.309002 0.701368 -0.788661 -0.324594 1.14054 -0.63089 0.0603045 0.202317 -0.467773 -1.14627 -0.161157 -0.570685 0.672461 0.567547 -1.77428 -2.57153 -1.09966 1.61261 1.1104 
0.938009 1.68584 -1.51937 -0.736412 -0.244545 -0.861936 -0.578078 -1.615 0.339754 -1.32842 0.846375 2.33462 0.051451 -0.01585 0.110918 -0.30714 -0.592372 -0.151313 -0.144493 0.378727 0.426418 -1.17568 -2.25326 -1.24219 1.06693 0.0280642 0.00463293 -0.0315549 -0.178012 -0.197164 -0.750983 -0.645236 0.705068 0.637239 -2.04868 -0.680836 0.39978 -1.58282 -0.279502 
0.921426 1.83901 -1.85498 -0.78007 -0.653803 -0.800649 -0.420543 -1.0559 -0.730525 -2.40745 0.519375 2.05252 -0.42072 -0.0304943 0.140032 -0.226788 0.00600316 -0.451509 -0.554523 0.809938 0.946241 -1.34732 -1.4695 0.0751864 -0.442274 -0.910392 0.00305475 -0.0858732 0.548003 1.14812 -0.220191 -0.378813 0.692606 -0.0426511 1.03974 2.47445 1.95173 -1.82367 -1.22915 
0.907515 1.82588 -1.74616 -0.730409 -0.696055 -1.41646 0.23186 -0.668754 -1.00756 -2.79791 0.921561 1.89235 -0.858941 -0.0127953 0.0250446 0.240863 0.555748 -0.371504 -0.523306 1.07133 0.383767 -0.135942 0.221192 0.709535 -0.756738 -1.20109 0.0765989 -0.183616 0.481557 1.59823 -0.0688485 0.703628 -0.210451 -0.443658 1.79136 3.50098 0.470469 -0.930258 0.587203 
0.908631 1.86405 -1.61412 -0.224322 -1.02531 -1.32395 0.650789 -0.672129 -0.866466 -2.18626 1.22891 1.29578 -1.62181 0.0461046 -0.0435844 0.254769 1.60423 -0.520358 0.149104 0.599487 0.502583 0.444041 2.03148 0.545656 -1.37253 -0.323189 0.0418608 -0.432056 0.289133 1.08943 -0.0401373 0.637164 -0.27019 -0.777457 0.128213 2.18614 -1.03705 -0.999993 1.95848 
0.953619 1.78229 -1.49139 0.87382 -1.21641 -1.26735 0.831347 -0.166172 -0.56352 -0.766431 1.46722 0.519817 -1.18213 0.0290656 -0.407012 0.529996 1.64518 -0.411641 0.113859 0.801142 -0.39369 -0.0077287 2.40733 -0.327516 -1.75673 0.757392 -0.129813 -0.107037 0.141291 -1.4288 -0.150942 0.470252 0.285905 -1.38714 -1.41758 -0.946582 -1.8006 0.355887 0.222159 
0.937697 1.45704 -1.08412 1.42086 -1.43695 -1.2101 1.45193 -1.06582 -0.874195 0.221072 0.901394 -0.460952 -0.864415 -0.0837081 -0.150622 0.396059 0.175429 -0.6713 0.619356 0.885392 -0.88456 -0.973542 1.0849 -1.25495 -1.01665 -0.101031 -0.133283 0.543204 -0.171206 -2.48974 0.119727 0.776809 -0.00169499 0.39584 -0.358429 -2.16258 -0.843949 1.92145 -0.550046 
0.869911 1.63167 -1.09533 1.04925 -1.88771 -0.647999 1.71674 -1.05073 -1.53706 0.318471 0.212271 -0.496828 -1.28316 -0.104217 0.136192 0.358789 -0.84456 -0.291914 0.890667 0.799447 0.00214985 -0.366157 0.244752 -1.17147 0.164724 0.207346 -0.0142707 -0.123623 0.0742345 -0.89904 0.774205 -0.685696 -0.44053 0.645953 1.33339 -1.21083 0.147363 0.46435 0.906129 
0.833479 1.59323 -0.725332 0.576299 -1.72886 -0.319429 2.25138 -1.06367 -1.24035 0.465823 -0.270071 -0.296229 -0.65707 -0.0979788 -0.274245 0.470294 -0.72361 0.102905 -0.0663401 0.444863 -0.238607 0.359851 -0.125927 -1.10758 -0.552295 0.805098 -0.0291445 -0.32156 -0.147956 0.545783 0.537769 -0.944937 -0.881322 0.030404 0.500725 -0.107186 0.164975 -0.837484 0.202573 
0.771932 1.35742 -0.625036 0.325639 -1.78481 -0.714339 2.1616 -1.28934 -1.17721 0.192544 -0.895313 -1.04912 -0.478063 -0.133362 -0.185368 0.210833 -0.298777 0.245855 -0.0542691 -0.0818754 0.0325538 0.134567 0.137566 -1.00649 -0.67276 0.409918 -0.21758 0.574715 -0.48617 0.431827 0.458321 0.403578 -0.463192 0.328874 -1.48435 0.144668 0.377401 0.2554 -1.31231 
0.700118 1.40786 -0.514499 0.277522 -1.48301 -0.373698 2.1695 -1.03112 -1.10578 0.603389 -1.27656 -0.968989 -0.247152 -0.315559 0.30047 -0.0158759 -0.291784 0.561226 0.337238 -0.0183289 0.0902665 -1.1245 0.0187409 -0.730182 -0.296896 -0.507207 -0.11228 0.678586 0.0261858 -0.254982 -0.0155734 0.462919 0.0565414 0.479001 -0.179011 -0.63618 1.3624 1.39942 -0.593315 
0.456373 1.65789 -0.640912 0.0338547 -1.22358 -0.377101 2.14327 -1.19907 -2.30171 0.211285 -1.6255 -1.34602 -0.98527 -0.245642 0.493218 0.237018 -0.553759 0.230282 0.40865 -0.025334 0.511555 -0.044443 -0.498614 0.355907 0.726659 -0.183397 0.181696 -0.151649 0.525121 -0.263491 -0.634287 0.702463 -0.189337 1.07425 2.59753 -1.08478 0.851667 0.288128 0.613314 
0.454476 1.90108 -0.277481 -0.276238 -1.25273 0.0349517 2.14417 -0.519561 -1.15023 0.104776 -0.920655 -0.242329 -0.430549 -0.133863 0.148821 0.509245 -0.555275 -0.0730606 1.0397 -0.207665 1.16452 1.47303 -1.06604 0.121485 -0.0087682 0.106107 0.0349713 -0.806993 0.488719 0.330551 -0.124223 0.37823 -0.494586 -0.550893 0.948048 0.00173813 -1.49173 -1.98139 0.956825 
0.32251 1.80672 -0.131667 -0.52142 -1.29664 0.662599 1.93561 -0.0345508 -0.828678 -0.854755 -1.50401 -1.35479 -0.879163 -0.21067 -0.313775 0.725737 -0.223209 0.106059 0.78688 -0.51992 -0.0393386 0.903605 -0.496875 -1.13582 -1.25473 0.773428 -0.393909 -0.842325 0.220054 0.571014 0.961389 -0.80497 -0.470946 -1.32771 -0.421923 1.659 -0.91472 0.164807 0.104749 
0.243806 1.58731 0.448256 -0.499446 -1.14667 0.821832 1.62425 -0.5589 -0.246623 -0.3921 -2.05648 -1.49706 0.34288 -0.527772 -0.693503 0.729298 0.0157388 0.888329 0.23473 -0.678611 -0.163189 1.05111 0.592957 -0.793235 0.156039 0.210855 -0.572279 -0.77795 -0.287209 0.294939 1.35678 -0.801612 -0.759996 0.730729 -0.266526 -0.843377 1.61566 1.98733 -2.35539 
-0.205261 1.11321 0.597631 -0.505682 -0.408313 0.89733 1.257 -0.197739 0.222428 -0.261799 -2.29725 -1.19875 -0.668308 -0.78295 -1.09172 0.438528 0.0717308 1.46284 -0.0147319 -1.27992 0.69139 0.637079 -1.34025 0.479832 0.732592 -1.58196 -0.0727647 -0.652413 -0.641978 0.413381 0.297949 -0.142971 -0.160847 0.85921 -1.53728 -0.88823 3.04189 1.42652 0.33305 
-0.539144 0.495581 0.886784 -0.427715 0.316174 0.8071 0.344332 0.132491 0.390456 -1.73235 -1.57665 -0.764471 -1.23908 -0.600537 -1.34592 0.0873208 0.42912 1.18628 0.0917599 -0.839457 0.696022 -0.486175 -0.295273 2.24866 1.58256 0.543905 0.455064 0.0406517 -0.604358 -0.429986 -1.28891 -0.15245 1.045 0.00658083 -0.707423 3.23319 1.29486 0.17108 3.72658 
-0.805798 -0.232704 0.684952 -0.0765617 0.777965 0.98909 0.417539 0.498282 -0.263747 -0.557072 -0.0485904 0.383813 -0.124402 -0.327885 -1.05107 -0.16583 -0.358255 0.173931 -0.167182 -0.234916 0.697971 -0.0703442 1.89294 1.7747 0.903672 2.14462 0.512088 0.631679 -0.424995 -1.28011 -1.29185 -0.743826 0.153219 -0.368482 0.877876 0.23657 -2.57475 -3.01427 -0.534793 
-0.86703 -0.555491 0.720955 -0.785971 0.490105 0.639918 0.109416 0.830461 0.320112 0.16059 0.198051 0.139201 0.905536 -0.0884487 -0.714238 -0.337674 -0.850986 -0.105568 -0.652067 -0.686238 0.32754 0.391701 -0.0587037 -0.326093 -1.4317 0.00911228 0.263737 0.983198 -0.00145662 0.686911 0.252747 0.536423 0.306094 -0.571029 0.966405 -2.22556 -1.45909 -0.10675 -2.30741 
-0.894247 -0.946942 0.347278 -0.927547 0.672398 0.337023 -0.268699 0.825822 0.127955 -0.615776 -0.374683 -1.04789 -0.11529 -0.064149 -0.0678742 -0.167286 0.328656 0.426678 0.369241 0.0711784 0.126942 0.896061 -0.332616 0.31561 0.796922 -0.16279 0.0244883 0.839012 0.433944 0.810672 0.508448 1.82376 1.58553 -0.22378 -0.114489 0.0748398 0.40286 2.62182 0.191669 
-0.931179 -0.623366 0.553668 -0.457315 0.916783 1.00916 0.180595 0.957404 1.21617 -0.172026 0.513662 0.936123 0.742746 -0.0639605 0.124775 0.0962695 -0.0403139 0.402881 1.17169 0.899292 0.103759 0.277212 0.0161361 0.0767673 1.19012 0.200781 0.0884436 -0.0172787 0.328642 -0.181501 -0.173521 -0.382506 -0.516604 -0.226401 -0.298601 1.61899 -0.822616 -1.34805 -0.403643 
-0.958207 -0.822167 0.443547 -0.967861 1.07528 1.50871 0.630593 0.929581 0.405167 -0.59964 -0.297916 0.14223 0.0854911 0.0242947 -0.0851529 0.161356 0.147155 0.253157 -0.013265 -0.445426 -0.0994583 0.59746 1.28638 -0.507006 -0.551127 -0.566433 0.121396 0.0388765 0.210788 0.498949 -0.644949 -1.55674 -1.64466 -0.22587 0.999404 1.59186 0.574688 -0.398157 0.810002 
-0.906884 -0.708519 0.715024 -0.310159 1.16994 0.995894 -0.264831 0.857945 1.81363 1.11435 0.00665564 0.384996 0.176313 0.057436 0.163651 0.307058 0.458635 -0.242068 -0.38505 -0.745367 -0.12211 1.27662 1.608 0.651455 0.791964 1.01078 -0.047468 0.146111 -0.217011 -0.935819 -0.759891 -0.250478 0.682879 0.0379324 -1.42181 -2.44554 -0.203133 -0.465584 0.765157 
-0.900771 -0.658516 0.750605 -0.509227 0.83321 1.12366 -0.114774 0.80747 1.68178 1.00836 0.353539 0.934193 1.09627 -0.0231733 0.0609576 -0.0556554 -0.788663 -0.506734 -0.263743 0.237454 -0.0615259 -0.824347 -1.15916 -0.710139 -1.01671 0.198724 -0.0919836 -0.395618 -0.48258 -1.0577 0.146453 -0.34447 0.654102 0.334538 -2.10737 -3.40186 -0.807375 -1.62111 -1.08767 
-0.930057 -0.647561 0.659369 -1.09882 0.663205 0.732151 -0.0273767 0.79642 0.989286 -0.0448115 -0.703484 -0.631715 0.375036 -0.0345476 -0.231967 -0.175522 -0.599064 -0.0956152 -0.72952 -0.0912655 0.212428 -0.830754 -1.79387 -0.15592 -0.829145 -0.0768883 0.0634695 -0.238533 0.048261 0.925737 0.0709558 -0.0353504 -0.349644 0.450121 1.12814 2.3153 2.08063 2.64538 1.28021 
-0.935319 -0.890483 0.575083 -1.10829 0.737595 0.394143 -0.20604 1.0199 0.851029 -0.785509 0.19762 0.105049 1.01939 0.0402962 -0.177575 -0.00739438 0.137074 -0.435778 -0.299093 -0.11219 0.388595 0.303794 1.15614 1.37049 1.62867 1.47894 0.158539 0.514845 0.170634 1.83722 0.280091 1.81385 0.33753 -0.475696 1.2315 2.89375 -0.311772 0.716963 0.161663 
-0.889761 -0.825136 0.651974 -0.961749 0.227426 0.433058 -0.139567 1.18501 1.29308 1.11133 0.667009 0.996951 1.85397 0.123992 0.282878 -0.00488801 1.23816 0.184476 1.08433 0.246264 -0.263268 0.400742 1.09988 -0.467691 -0.112181 0.0847743 -0.0757863 0.175171 -0.102676 -0.213656 0.961566 0.732488 0.246806 -0.442548 -1.37641 -2.39252 -2.12325 -2.4358 -2.95794 
-0.811327 -0.607605 0.570195 0.129866 0.922071 1.47847 0.0402246 0.75663 1.25177 0.314372 -0.270072 -0.00713251 1.10416 -0.0354901 -0.002404 -0.11007 -0.076582 0.525788 0.433395 0.134615 -0.0539528 -1.07262 -1.23638 -0.752757 -0.807134 -1.479 -0.196344 -0.428307 0.0825894 -2.13959 -0.39028 -1.75411 -0.219686 0.188889 -0.774344 -0.700728 1.06117 0.270879 -1.08154 
-0.925251 -0.82754 0.541904 -1.03833 0.753214 0.866454 -0.00495148 1.13106 0.220462 -0.12505 -0.0857482 0.189817 0.374975 -0.0723525 -0.145429 0.0777014 -0.901431 -0.205805 -0.669785 0.0265785 -0.0743789 -0.373602 0.399153 0.593482 0.158697 -0.996765 0.0271882 -0.0425023 0.307859 0.942024 -0.506033 -0.262113 -0.310867 -0.345859 2.0965 1.19276 0.793245 -0.484264 1.64001 
-0.88368 -0.753034 0.647896 -0.771565 0.716267 0.808685 0.066803 0.682252 0.878169 0.713525 0.32341 0.151565 0.107395 -0.00830186 -0.0449063 0.197788 0.865442 0.0197548 0.171282 -0.176252 -0.399812 1.02388 -0.0436243 0.0404884 -1.2914 0.161012 0.0104387 0.385875 -0.080744 1.54982 0.445175 0.0629102 -0.0734761 0.520183 1.12464 -0.775774 -1.13344 -0.778212 0.460193 
-0.933553 -0.872446 0.739692 -0.172889 0.772969 1.03774 -0.181204 0.73125 1.24434 -0.168674 -0.0452599 -1.10158 0.535987 -0.0619137 0.240445 -0.0030426 0.648388 0.23937 -0.606875 -0.0468976 0.445804 0.751034 -0.376621 -0.539959 -0.619515 -0.536572 0.0487191 0.242993 -0.502871 -1.05617 -0.131239 -0.990971 0.0870886 0.746454 -1.91207 -0.292806 -0.889179 0.988491 -0.0700649 
-0.945593 -0.512589 0.644854 -0.123177 0.955637 0.20181 0.0199054 1.12806 1.6292 0.336904 -0.216549 -0.46795 -0.429177 0.0404172 0.198087 -0.305082 -0.19073 -0.111484 -0.819689 -0.0891635 0.346642 -0.888193 -0.336431 -0.848691 -0.302907 0.0909475 0.0694498 -0.317489 -0.0443817 -1.16577 -0.54578 0.335372 -0.103921 -1.09334 -1.96456 -1.17463 0.462998 0.387856 1.35423 
-0.893136 -0.674359 0.43461 -0.363619 0.661485 0.218047 -0.270367 1.07789 0.35615 -0.505104 -0.893951 -1.40449 0.626935 0.00753612 -0.0770436 -0.0474243 -0.517378 -0.30641 -0.271504 -0.150819 -0.64754 -1.21352 -1.55125 -0.076961 -0.231659 0.817658 -0.0781741 -0.199422 0.602724 0.684324 0.368838 0.686379 0.146613 -0.711148 2.03476 1.32396 2.1169 1.63597 -0.449495 
-0.938057 -0.589633 0.597429 -0.640555 0.649227 -0.0696934 -0.130913 0.480516 0.415679 -1.21435 -0.29351 -0.699609 0.388481 -0.0377569 -0.00133533 0.297641 0.493594 0.257354 -0.13331 0.0574499 -0.364506 1.14657 0.987526 1.26821 1.33306 -0.358548 0.00879292 0.0507714 -0.08064 0.833526 0.513156 0.322231 0.274208 1.31683 1.96143 2.71099 0.0310789 0.328145 -0.0740454 
-0.930893 -0.675694 0.732251 0.129975 0.918839 0.0847379 -0.212917 0.713386 1.50272 0.482422 0.374263 -0.071425 0.268387 0.016329 -0.0262722 -0.128064 0.316148 0.206747 0.0507271 0.123389 0.669287 0.747906 1.15974 -0.0458821 0.0964863 0.743613 0.0214935 0.169668 -0.443192 -0.809736 0.153518 1.29536 0.589337 0.235354 -2.76427 -2.21685 -1.45521 0.319983 1.92282 
-0.921728 -0.615905 0.469365 -0.324407 0.855974 -0.0189663 -0.00752392 1.1498 1.16359 -0.0546084 -0.339392 -0.603123 1.13209 -0.0162634 0.168333 -0.145551 -0.316142 0.410872 1.16205 0.646787 -0.129152 -1.61771 -1.22933 -0.186992 1.65305 1.56427 -0.0267417 0.224479 0.35482 0.104042 0.252287 1.00946 0.0796973 -1.34425 -1.92279 -0.878064 0.803222 1.07266 -0.96788 