-1.01737 -0.99498 0.551935 -0.0291661 0.690988 -0.253186 0.829494 0.850938 0.42235 1.41941 1.23895 0.445843 0.870276 0.0734098 0.031144 0.423338 0.279935 -0.040245 -0.0623767 -0.247541 0.0883492 0.23175 -0.872089 0.111045 0.106404 0.0276708 0.0378273 0.394375 0.430074 -0.37643 0.55394 1.84104 -0.0172653 0.56244 -0.327397 -3.37235 -2.26142 -0.660484 -3.35224 
-0.945144 -0.738068 0.874246 -0.489839 0.7763 0.171979 0.472833 0.761284 -0.0973083 -0.758986 -0.449127 -0.112143 -0.87879 0.0111187 0.127651 0.169419 -0.0713136 0.515111 1.60542 0.074113 0.331143 -0.505025 -2.56647 -1.60069 -0.353471 -1.24268 -0.159339 0.00560082 -0.45219 -0.679271 0.0579764 0.187444 0.016812 0.383605 0.181971 2.18107 0.981391 -0.360225 0.478609 
-1.00625 -0.867329 0.721354 -0.10048 1.2061 1.35224 0.903607 1.18208 -0.0826746 -1.14706 -0.361741 0.0923716 -0.372408 -0.0859292 0.0367448 -0.0288523 -0.399336 0.0177314 0.125067 -0.230729 0.471954 0.413721 1.30898 1.09244 -0.253821 0.506279 -0.013893 0.0875232 -0.00805543 -0.274998 -0.828263 -2.49805 -0.154534 -0.533744 1.23973 4.54063 1.80582 0.100217 1.85549 
-1.03107 -0.701323 0.845394 -0.889174 0.794031 0.297046 0.242104 1.23324 0.316413 0.549994 0.643309 -0.365964 -0.37251 -0.00277428 0.215174 0.161363 -0.346312 -0.313152 -0.892633 -0.0804206 -0.202602 0.734703 1.97416 0.205136 -0.253254 0.612807 0.101468 -0.114486 0.113798 1.08175 0.100358 -0.337571 0.685389 -0.652647 -0.920407 -1.42455 -2.08173 0.691893 0.958151 
-1.00903 -0.652155 0.882717 -0.446791 0.892946 0.459602 0.823186 0.979479 0.652028 0.827099 -0.156605 -0.160882 0.240399 0.0155386 -0.0777409 0.0849454 0.682413 0.118089 -0.212504 0.45466 -0.180693 -0.506687 -0.115575 -0.989298 0.438071 1.46443 -0.0134081 -0.590399 -0.393839 0.378582 0.288408 1.39207 0.131679 0.127688 -1.893 -4.24718 -1.32876 0.0112376 -1.4547 
-1.01553 -0.779064 0.930339 -0.206761 0.912121 0.0845421 0.696763 1.05255 -0.190274 0.434419 -0.34599 0.0721069 1.09192 -0.0161823 -0.375225 -0.232475 0.0322701 -0.0247443 0.499437 0.0512586 -0.074914 -1.15829 -2.27302 -1.12362 -0.242016 -0.841889 0.0425786 0.112965 -0.458703 -0.954986 -0.0993957 1.52506 -0.400216 0.288599 0.0368284 -0.606481 1.61894 -0.532242 -2.04475 
-1.02521 -1.02738 0.650241 -0.414521 0.868202 0.959039 0.874445 0.904565 -0.506265 -1.44592 -1.28023 -0.402898 -0.60149 0.0581172 0.0352245 -0.373757 -0.272572 0.0186935 1.31255 0.0544439 0.107906 -0.469858 -0.722055 0.629644 -0.0941708 -0.580316 0.00143351 0.404945 0.0826824 0.0645802 0.273149 -0.983021 -0.118334 0.142467 2.6218 4.44723 2.80298 1.14145 2.56038 
-0.957418 -0.74384 0.556582 -0.479333 0.930814 1.39709 0.751207 1.16045 -0.660132 -0.287637 0.283655 -0.0220639 0.511604 -0.0147488 0.0297197 -0.149793 0.0968502 0.248404 -0.483584 -0.067075 0.0675532 1.4635 2.17421 1.67936 0.899438 1.71849 -0.101278 -0.00227716 0.136076 0.166517 0.0191246 -3.19105 -0.0918789 -0.540959 1.00343 0.988926 -0.584929 0.459045 0.275303 
-1.03996 -0.997661 0.500448 -0.317671 1.11661 0.475455 0.80737 0.972118 0.957238 0.728296 0.39913 0.49654 1.117 -0.0431603 0.0329473 -0.237681 -0.106055 0.0378181 -1.8785 -0.037435 -0.433053 0.533575 0.26687 0.044715 0.364874 -0.305013 0.082583 0.129517 0.370069 0.250044 -0.142758 1.2849 0.319101 -0.237008 -2.33287 -3.64191 -3.08873 -1.58684 -2.14519 
-1.00058 -0.710892 0.318901 -0.585389 0.968632 -0.481403 0.713772 0.727398 -0.126557 -0.0207661 0.32837 0.34281 0.20659 0.0678342 0.159237 0.220275 0.346894 0.105646 0.801314 0.252026 -0.169454 -0.869368 -1.46769 -1.40937 -0.687405 -0.426697 0.0354086 -0.217025 0.786084 0.497866 -0.126925 2.39753 0.2361 0.520395 -0.662298 -0.161219 -1.42175 -0.582619 0.594636 
-0.972125 -0.838424 0.720724 0.0292227 1.22225 1.27677 1.0594 0.802664 0.0878692 -0.739398 -1.01024 -0.190864 0.690307 -0.0077517 -0.184077 0.548403 0.391811 -0.0891067 0.519029 0.198665 0.0873426 -0.128723 0.105651 -1.37703 -0.217745 0.289623 -0.0954405 -0.0730894 -0.298826 -1.0899 -0.482166 -1.34944 -0.479672 0.426585 1.04087 3.09171 2.30031 0.93482 0.452096 
-1.00833 -0.89497 0.867304 -0.193578 0.879526 0.0376259 0.912438 0.814741 -0.25528 0.0848853 -1.04866 0.125065 0.496213 -0.0276063 0.0861477 -0.0785509 -0.743001 -0.376519 -0.548121 -0.227645 0.257131 0.171506 1.62401 0.890943 0.247416 0.0253989 0.095743 0.426997 -0.927609 -1.10071 0.0586045 -0.718832 -0.547294 0.0171207 -0.167683 -0.50611 1.92256 -0.226418 -1.97898 
-0.999731 -0.752276 0.642173 -0.713779 0.845734 0.728648 0.831751 1.05979 0.259375 0.884614 -0.119297 0.0565512 0.715706 0.0879913 0.24292 -0.379206 -0.708896 -0.0305022 -0.199804 -0.348629 0.104463 -0.296406 -0.400459 0.545527 -0.444163 -1.68936 0.0695791 -0.0779257 0.13442 1.12982 0.608698 0.915749 0.214213 -0.125503 -0.361465 -1.58781 -1.17325 -0.332971 -0.310974 
-0.920338 -0.65205 0.488098 -0.902474 0.849023 -0.162178 0.563809 0.919204 -0.551686 -0.315573 -0.503134 -0.319098 -1.19314 0.0419729 0.00822195 0.0558688 0.386818 0.232179 0.367628 -0.0134325 0.131628 -0.189959 0.0362027 -0.282304 -0.0855551 -0.285575 -0.124092 -0.406357 0.378896 1.43447 0.242273 0.644648 0.727601 0.106138 1.44176 1.50613 0.59383 0.883643 3.80864 
-0.957758 -0.744054 0.698042 -0.326961 1.07791 1.09628 0.818318 1.19142 0.0694164 0.920817 -0.401601 -0.0290039 0.430131 -0.0361009 -0.163437 -0.000309439 0.725577 0.211771 0.444844 0.378972 0.210601 1.14535 1.10567 1.13936 0.43948 2.11928 -0.000695025 0.224674 0.089089 -0.272731 -0.312589 -0.979643 0.164134 -0.0459285 1.13062 -0.465238 0.408827 0.143185 0.013273 
-0.956439 -0.815487 0.487789 -0.176897 1.06079 0.282666 0.94278 1.12981 0.593663 0.790094 0.636223 0.120382 0.92614 0.0412778 0.232896 0.144958 0.114087 -0.0804102 -0.612014 0.150702 0.0856992 0.940656 -0.429035 0.126523 0.0576304 -0.272302 0.0922655 0.259227 0.355061 -0.746327 -0.168415 -0.399362 -0.5955 -0.0971561 -1.60334 -2.55382 -2.49182 -0.0479813 -1.93984 
-0.916481 -0.511158 0.842999 -0.212874 0.997502 0.484263 0.96902 1.27712 1.01007 0.491782 -0.275078 0.0286265 0.157829 0.0561646 0.0957897 0.354751 -0.0207506 0.0433565 0.0454823 -0.216529 0.113445 -0.457988 -1.44816 -1.35247 0.391499 0.179442 -0.111694 -0.386652 0.0241626 -0.20333 -0.0840042 0.261112 -0.193026 -0.250883 -0.837081 0.459126 -0.0641781 0.550829 1.47507 
-0.900275 -0.719697 0.84254 -0.197648 1.10415 0.328149 0.726251 1.24325 0.135675 -0.658061 -0.716244 0.511881 1.10558 -0.0704162 -0.153757 0.16912 -0.0892439 -0.164414 -0.350902 -0.0423237 -0.165184 0.103575 0.0300904 0.0623446 0.608459 1.20277 -0.156457 -0.249641 -0.486521 -0.452954 -0.507793 -0.355332 0.140022 -0.423142 0.255261 2.50639 2.9173 -0.502674 -1.76427 
-0.986897 -0.664915 1.01212 -0.302118 0.833088 0.133361 0.926697 1.11194 1.11365 0.521872 -0.212734 0.637086 1.3606 -0.100293 -0.153852 -0.131769 -0.473705 -0.464436 -0.30985 -0.0765068 -0.309696 -0.202728 1.05823 1.56483 -0.111175 -1.58483 0.106384 0.0723227 -0.717969 -0.325481 0.0650669 0.618525 -0.278119 0.204848 -1.17522 -0.857619 0.837427 -1.19006 -2.01488 
-1.00057 -0.873549 0.710771 -0.671353 0.639715 0.0182987 0.649745 0.933555 -0.0670528 0.40017 0.848591 0.400706 -0.479246 0.0359674 -0.0814339 -0.548848 -0.414724 -0.0993476 0.267623 -0.320443 0.0396635 -1.07164 -0.827529 0.899771 -0.581604 -0.812104 0.112202 0.328989 0.0759412 0.431949 0.557233 0.830667 0.440413 0.313352 -0.111461 -2.79964 -3.12387 -0.558749 1.28728 
-0.950929 -0.746349 0.463272 -0.716843 0.73374 0.400983 0.606254 1.1516 0.0420061 -0.305657 0.687038 0.055482 0.548497 0.0119092 0.175137 -0.0558281 -0.0417557 0.092797 0.520817 0.363906 0.00365536 -0.314189 -1.74141 -1.55904 -0.669924 -0.297548 -0.0342763 0.372248 1.05466 0.547765 0.275069 -0.600488 0.734736 -0.507921 0.834543 1.28664 -1.90286 0.528831 0.0325473 
-0.988658 -0.698412 0.654943 -0.713109 0.732512 0.539115 1.01365 0.93721 -0.381242 -1.34124 -0.71045 -0.269218 -0.776794 0.00169119 0.290814 0.505815 0.133041 0.175721 -0.332866 0.414293 -0.468257 -0.237099 0.459111 -1.00309 -0.052773 -0.779557 0.0577921 -0.183683 0.388755 0.668411 0.258893 -1.7235 -0.614246 0.3444 1.24338 4.62581 3.14545 0.88935 2.09287 
-0.949238 -0.455535 0.969087 -0.583802 0.909461 0.0681175 1.02055 0.683344 -0.195093 0.153455 -0.316048 0.00270903 -0.23106 0.0697013 -0.00854585 0.332927 0.626656 0.35169 -1.20268 -0.250339 0.348055 0.929195 2.8844 1.58641 0.219425 1.79532 0.0403744 -0.533418 -0.513779 -0.0833833 -0.443377 1.97512 -0.257368 0.972521 0.778912 0.774585 1.77977 0.160968 2.20782 
-0.918957 -0.706958 0.98787 -0.086453 1.0842 -0.663564 0.763311 1.28527 0.547953 1.54315 0.875961 -0.0497924 1.01853 0.0420656 -0.242605 -0.00796332 0.0496573 -0.267656 1.64225 0.156926 0.504263 0.541813 1.2337 0.776682 0.108195 1.42826 -0.13489 -0.0900368 -0.508313 -1.29276 -0.536034 2.2626 0.176685 -0.527981 -2.16816 -5.45964 -2.70934 -0.253371 -2.51733 
-0.907172 -0.69814 0.961124 -0.534145 0.641806 1.71037 1.17747 1.18761 0.34672 1.38715 0.460633 0.110904 1.1972 -0.0651883 -0.0985827 -0.175386 -0.666103 -0.184343 1.05992 -0.0736543 -0.179926 -1.23896 -2.57524 -1.12293 -0.0339458 -0.722013 -0.134822 0.0849535 -0.306254 -0.447201 0.517971 -3.19436 -1.3346 -0.98397 -1.7961 -2.70508 -1.80052 -0.609688 -2.33572 
-0.984145 -0.80554 0.812484 -0.752556 0.899858 0.396357 0.689657 1.10534 -0.691011 -1.03209 -0.24697 -0.0837381 0.296514 -0.0927562 -0.157651 -0.314217 -0.397544 0.250315 -1.55211 -1.17768 -0.479707 -1.25429 -1.47138 -1.02384 -0.501493 -0.907459 0.0712792 -0.133868 0.291753 1.07792 0.0320401 -2.24524 -0.409715 -0.32934 0.946434 4.30119 0.254784 -0.821036 -0.988396 
-0.999929 -0.855791 0.646906 -0.931688 0.892121 0.158261 -0.000204986 0.7079 -0.907571 -0.0842288 -0.563202 -0.390589 0.289741 0.00609096 -0.232451 0.116368 0.411822 -0.152303 -1.18532 -0.483369 -0.509266 -0.29253 1.72595 -0.868147 -0.854982 -1.71041 0.201862 -0.0831236 0.433928 0.625222 -0.72201 0.228517 1.04639 0.275907 1.52363 0.31968 0.77889 0.872157 0.104739 
-0.978054 -1.03799 0.928851 -0.340733 0.747555 -0.788962 0.206288 0.596073 -0.98354 0.693855 -1.11512 -0.93872 -1.41389 0.109106 -0.240775 0.119711 0.227678 -0.471695 -1.32359 -0.13129 -0.2038 0.269341 -1.1517 -0.244946 0.370664 -0.802721 0.0496096 -0.222628 -0.448181 -1.12287 -0.508929 0.714441 -0.205059 0.609715 0.932154 -4.23335 0.86894 1.51413 3.34175 
-0.890823 -1.09657 0.766617 -0.70401 0.420426 -1.16533 -0.131495 0.504101 -0.63823 -1.23593 -0.808148 -0.019925 -0.51298 0.0557005 -0.455079 -0.331813 -0.711043 -0.661232 -0.470877 -0.688428 0.100449 0.639624 -2.5074 0.000792431 0.659151 1.63134 -0.0505287 0.088978 0.0663743 0.139471 0.737269 2.40709 0.543823 0.488843 -0.432592 2.81502 0.152122 -0.591282 2.2756 
-0.922353 -1.49307 0.597038 -1.05178 0.0863229 -1.25984 -0.482141 0.696522 -0.343916 -1.81355 -1.11432 -0.279569 0.217449 0.0585771 -0.151797 0.186085 0.367149 0.265574 1.08349 0.412533 0.285044 -0.163251 1.66332 -0.0928233 -0.220618 1.47288 0.0998095 0.552011 1.31434 1.68933 1.76795 2.88551 1.22016 -0.0612296 -0.296731 7.46351 1.20428 -0.333249 -1.53555 
-0.832246 -1.24836 0.952702 -0.336861 0.686 -0.081839 0.281039 0.789145 -0.801481 0.427386 -0.900971 -0.240543 0.9599 0.15551 0.0969317 0.982526 0.978289 1.10672 2.41463 0.531731 0.0392192 0.342894 4.9561 1.20508 0.325902 0.0957961 -0.0282062 -0.206024 0.0940992 -0.419772 0.220526 0.704037 -0.209637 -0.116436 -0.103984 -3.65689 0.355154 0.682747 -1.70232 
-0.766843 -1.39614 1.57956 -0.0734872 1.19304 1.1548 0.0495909 0.735741 -0.0010222 3.14256 0.0907508 0.046333 0.313245 0.030371 -0.357821 0.280184 -0.0526228 0.4861 1.78753 0.202897 0.168608 -0.267235 -1.99357 0.262331 0.462129 -0.229445 -0.0402372 0.570768 -0.775651 -1.20816 -1.37269 -2.93879 -1.12088 -0.123247 -1.0129 -9.64923 -3.26655 -1.20384 -1.17606 
-0.801875 -1.60618 1.23289 -0.389484 1.1721 1.70569 0.483936 0.957753 -1.06872 -1.56619 -0.638641 0.221586 0.730455 0.115273 0.6677 0.206875 -0.229866 -0.265968 -0.524157 -0.589153 -0.0840275 -0.670002 -4.69312 -2.06148 -0.877935 -1.08027 0.697027 2.09213 0.334386 0.937388 -1.66049 -3.70903 -2.26108 -1.35602 0.638544 2.73891 -1.42016 -1.43987 -0.768321 
-0.651571 -0.728439 1.78644 -0.303353 0.927073 0.630638 -0.539562 0.651713 -0.671025 -1.55057 -1.97073 -0.831602 -0.767022 0.727398 1.73431 0.61457 0.884766 -1.17439 -1.9215 -2.05819 -1.18741 0.371308 0.745333 -1.15783 -0.977737 -0.997766 1.02045 0.423745 -1.45953 1.86905 -1.10537 -0.659107 -0.592631 -1.47954 1.34838 5.27428 1.99088 -0.0289132 1.83826 
-0.074477 0.128128 1.84746 0.495282 -0.00228715 -0.21581 -1.57425 -0.229655 -0.697408 -0.820855 -1.79647 -0.756152 -0.26731 1.13572 1.09144 -1.25265 1.63918 -1.37134 -1.18326 -1.18178 -1.56356 0.678375 0.581156 -0.0706004 -0.906848 0.757995 0.0994919 -1.5077 -2.42502 1.30599 0.559462 2.25235 1.42939 0.67086 0.621937 -0.431466 1.7896 -0.0654853 2.78137 
0.484154 0.363006 0.533785 1.33583 -0.444266 -0.552626 -1.72135 -0.91185 0.00735012 -0.96941 -2.04133 -1.73845 -0.00902638 0.82689 0.226608 -1.81045 2.19075 -0.614926 0.330852 -0.628798 -0.516548 0.993246 0.313868 0.631769 -1.04322 1.78361 -0.708004 -1.22629 0.464655 -0.0720264 1.19214 1.08953 0.797197 1.64511 -0.685083 -1.05781 1.74401 1.2539 1.23127 
0.752413 0.354735 0.0370069 2.68603 -0.617213 0.115042 -2.20305 -0.746203 0.295838 -0.506987 -1.1647 -1.79937 1.5163 0.427721 -0.134849 -0.788 1.56716 -0.179203 -0.0937342 -0.384586 0.0815423 -0.00670815 -0.47665 1.67341 0.347054 1.98926 -0.511105 -0.527214 1.64453 -2.28866 0.553774 -2.13378 0.816614 0.24421 -0.386519 -1.31946 -0.0673152 1.22942 -1.2169 
0.911875 0.228157 -0.254216 2.90299 -0.62347 -0.64636 -2.10593 -0.830307 0.000641965 -1.44606 -0.367918 -1.3914 1.98024 0.315785 -0.300606 -0.165922 -0.0979085 -0.0611519 -1.80293 0.187816 -0.272337 0.606726 -1.00559 0.564454 0.186198 0.566712 -0.18287 0.240692 0.347492 -1.56692 -0.41608 -0.604648 0.360833 -0.111725 0.976847 0.753073 -2.27108 -0.119443 -1.64558 
1.0682 0.0541289 -0.128915 2.58813 -0.678365 -1.68788 -2.01523 -1.01854 0.902564 -1.51258 -0.600246 -1.61318 2.08301 0.244852 0.105843 -0.440508 0.000235303 -0.595284 -0.698382 -0.0237534 -0.0301823 0.970139 0.276423 -0.597669 0.227612 0.343682 -0.0748313 0.0366654 0.111462 -0.424574 -0.0891661 1.07932 -0.117695 0.0477791 0.00673095 2.09393 -0.236607 0.447092 -1.31528 
1.15673 0.334 -0.694724 2.90322 -1.21875 -1.34474 -2.12968 -0.86049 0.970781 -1.16964 -0.965586 -1.16378 2.32392 0.240953 -0.263941 -0.0544595 -0.522483 -0.150318 -0.723604 0.0701205 -0.224558 0.613457 1.08834 0.327847 0.63329 -0.748565 0.00125625 -0.657081 0.857002 -1.13092 1.12262 -0.559711 0.549839 -0.436773 -0.683053 1.21091 1.4912 0.129494 -1.82813 
1.30915 -0.209812 -0.183374 2.06564 -0.828683 -2.41149 -1.94511 -1.2431 1.51602 -0.424244 -0.272399 -0.979885 1.33445 0.246108 -0.551238 0.416494 -1.13069 0.527338 -1.25809 0.526086 -0.466955 0.287085 1.48733 0.893536 0.357106 -1.48445 -0.0870865 0.332671 -0.00998878 0.00708596 0.0646218 1.24135 0.618841 0.181699 -0.598567 0.770326 0.159811 -0.653533 0.262581 
1.40283 -0.217238 -0.27823 1.77253 -0.691416 -2.60283 -1.6036 -1.32744 1.25787 0.317694 -0.0720504 -0.806678 0.839468 0.153867 0.06873 -0.0644483 -0.515397 -0.0856962 0.517744 0.688961 -0.0428596 0.0148906 1.85866 0.487658 -0.0202426 -0.485984 -0.160859 0.729026 -0.686609 0.600314 -0.845671 2.61077 -0.13279 0.437717 0.031472 -0.807997 -0.43888 -0.321262 1.04742 
1.46302 -0.141082 -0.247823 1.55025 -0.914379 -1.89374 -1.25615 -1.28596 1.53091 1.43442 0.215259 -1.00013 0.848462 0.0852485 0.177788 -0.270115 -0.530374 -0.318333 1.35267 0.393296 -0.0292379 0.318557 0.679335 0.454656 0.0358437 -0.437033 -0.139565 0.209164 -0.507549 -0.0314318 -0.0314206 0.201562 -0.617939 -0.0539702 0.375532 -1.7289 -0.696161 -0.259321 -0.786776 
1.48808 -0.0394495 -0.548345 1.24216 -1.00975 -1.25016 -1.2103 -1.35668 1.57642 0.997028 0.382606 -0.770834 0.402435 0.0143012 0.277894 -0.571998 -0.546829 -0.117117 0.719305 0.0710225 -0.0968298 0.390423 0.129759 -0.208503 -0.279564 -1.27276 -0.109428 0.204637 -0.53326 0.281399 0.0485764 -0.109991 -0.392742 0.111922 -0.277101 0.1008 -0.611412 -0.775479 -0.667646 
1.47732 0.136812 -0.81982 1.00342 -1.0315 -1.17444 -1.18513 -1.38279 1.92133 1.56418 0.00675583 -1.27969 -0.424298 -0.0241791 0.382425 -0.803375 -0.248975 -0.269756 1.24268 0.000553774 0.0826836 0.0414558 0.780135 -0.156756 -0.739636 -1.10468 -0.0687825 0.19362 -0.353416 0.792772 -0.487058 1.54101 -0.221861 0.456349 -1.3666 -0.767514 1.44097 -0.0051282 -0.412699 
1.4639 0.342976 -1.35172 0.993186 -1.2795 -0.00747962 -1.20975 -1.274 1.61788 1.77716 0.22585 -1.51047 -0.702243 -0.0544813 0.471514 -0.925413 0.245943 -0.604175 2.26032 -0.150838 0.359519 -0.976177 -0.637755 1.23247 -0.284692 -1.68546 -0.0184354 -0.15574 0.912587 -0.128147 -0.0445856 0.105636 0.469087 0.285197 -0.992008 -2.36351 1.6837 1.07496 -0.302676 
1.42284 0.608326 -1.74523 1.24936 -1.63567 1.08588 -1.33597 -1.02327 0.945157 0.926423 1.23922 -1.56438 -2.10976 -0.0426145 0.226686 0.109212 -0.377122 -0.314342 1.34832 0.469641 0.367881 -0.950553 -1.58337 1.52694 0.335321 -1.40735 -0.0562823 -0.288066 1.04211 -0.779111 0.112993 -0.837459 0.608202 -0.0376263 -0.659781 -1.38255 -0.646443 0.634853 1.90023 
1.42129 0.569662 -1.24251 0.616064 -1.59385 1.34084 -0.740108 -0.906118 0.667326 0.193789 1.75279 -1.17515 -2.1096 -0.110764 0.183449 0.1167 -0.533168 -0.491182 1.42286 0.457364 0.321893 -1.63596 -2.02031 0.586026 0.350161 0.214772 -0.128711 0.0215743 -0.327486 0.636893 -0.191134 -0.441479 -0.367981 0.0260818 -1.66332 0.894011 -1.23037 -0.127942 2.09718 
1.31207 0.791775 -1.62853 0.716193 -2.12685 2.50874 -0.878604 -0.701376 -0.6908 -1.09388 1.82525 -1.21422 -1.89499 -0.171326 0.24826 -0.218275 0.259771 -0.505475 0.90684 0.10166 0.393963 -2.61387 -0.689362 0.296567 0.207379 0.68983 0.0951561 -0.523468 0.597367 0.193525 1.08429 -3.4579 0.524217 -0.332903 0.328006 2.13236 0.278923 0.250401 1.00583 
1.24996 0.817922 -1.46078 0.875835 -2.09932 2.24768 -0.638448 -0.512155 -1.94654 -0.495573 2.04936 -0.967769 -1.41977 -0.0156074 -0.340019 0.714067 -0.339643 0.593112 -2.03504 0.981581 -0.0110101 -1.30795 0.112056 0.864949 0.600562 1.22061 0.17757 -0.477981 0.611266 -1.01234 0.950404 -3.02029 0.725329 -0.611165 2.69819 0.968154 0.362816 0.249233 -0.444837 
1.29647 0.451756 -0.914466 0.376551 -1.53374 0.473701 0.102976 -0.712386 -1.99875 -0.981826 2.6902 -0.613659 -0.67438 0.00624461 -0.229721 0.392992 -0.752573 0.444929 -2.11345 0.82699 -0.217202 0.0843208 0.278791 0.659382 0.456612 0.244993 -0.128211 0.902435 -1.3581 0.280432 -1.19036 1.83177 -1.19554 0.106105 0.545995 1.01523 -1.73626 -0.730237 -1.53492 
1.25621 0.5882 -1.06779 0.123262 -1.65439 0.134228 0.188542 -0.729358 -1.86222 -0.216782 2.70874 -0.511157 -1.17477 -0.143818 0.562416 -0.644035 -0.059211 -0.597251 -0.203273 -0.213958 0.095095 -0.761957 1.12728 -0.871311 -0.129675 -0.314315 -0.181922 0.813399 -0.917572 1.01033 -0.484071 0.873328 -0.430747 -0.258638 -0.293863 0.321269 -1.20188 -0.324983 -0.724055 
1.15265 1.01417 -1.5585 0.31734 -2.13099 0.270428 -0.110981 -0.617291 -2.76071 0.145455 1.81889 -0.743334 -0.988695 -0.175677 0.583678 -0.52458 0.257762 -0.0391421 -1.24012 0.396243 -0.47584 -0.209542 0.60006 -0.542496 0.13163 -0.479062 -0.0172343 -0.123139 0.342694 0.371901 1.51104 -1.71123 0.711205 -0.745671 2.07579 -0.951953 0.632877 1.4378 -0.0936447 
1.08053 1.17188 -1.59237 0.381024 -1.69353 -1.10589 0.584785 -1.2052 -2.07176 0.383278 2.16624 -0.379528 -1.65384 -0.161052 0.439277 -0.301341 0.31269 0.913791 -1.9145 0.497247 -0.650576 1.31383 0.175328 -0.238434 1.30813 -0.40796 0.0988078 -0.379104 0.677104 -0.808588 1.16396 0.883366 -0.947114 0.400822 2.67969 -0.711825 -1.26344 2.22052 1.31704 
0.991596 1.45345 -1.85984 0.63003 -1.2172 -1.64408 0.386266 -1.26787 -1.44688 0.320783 1.58045 0.564794 -1.39666 -0.0768692 0.204574 0.152523 -0.550826 1.12482 -0.356756 -0.550871 -0.0750187 2.47015 -0.111765 -1.80593 2.35215 0.837978 0.0350322 -0.133227 0.610632 -1.03932 -0.249757 4.01341 -1.73428 0.650084 0.764217 -1.48713 -1.83644 0.266169 1.54415 
1.00366 1.37645 -1.43985 -0.169802 -0.568713 -1.46265 0.0339139 -1.28022 0.398386 0.271514 0.36031 1.97262 -0.815858 -0.12602 0.306049 0.309291 -0.726627 0.664034 2.0989 -1.23703 -0.000491727 2.07805 -1.3118 -2.07487 1.5743 1.13619 -0.0915763 0.176092 0.05923 0.315965 -0.558541 1.55701 -0.154165 -0.000974641 -2.19249 -0.0548233 0.802736 -2.33063 0.488112 
0.865575 1.7595 -1.55055 -0.0965965 -0.553168 0.454829 -0.850764 -1.26836 0.631174 -0.991021 -0.494417 2.13909 -0.260466 -0.168445 0.380666 0.211753 -0.234861 0.56628 1.20026 -0.705036 -0.0759934 0.277656 -0.166588 -1.0032 0.0215165 1.32609 0.115527 -0.385928 -0.274145 0.124177 -0.339885 -3.14589 1.54723 -0.0252464 -1.75073 2.78375 1.91509 -2.53468 -0.483981 
0.835217 1.75712 -1.22809 -0.404663 -0.00243297 -0.262394 -0.671122 -1.35621 0.676041 0.104926 -0.642886 1.99413 0.510232 -0.0104935 -0.0798783 0.0351456 -0.60245 0.324149 -1.04699 0.310195 -0.0257381 0.327322 1.47194 -0.159778 -0.960381 0.652208 0.171958 -0.476559 -0.473062 -0.109183 -0.409278 -1.09345 0.882715 0.0319424 -0.752144 0.698208 1.85432 -0.545945 -2.40064 
0.855082 1.67962 -1.51541 -0.699046 -0.229019 -0.592157 -0.540569 -1.2941 0.958496 0.480923 -0.654195 1.17871 0.391741 0.00351277 -0.0958932 -0.261309 -0.344044 0.157002 0.106806 0.177679 -0.0440509 -0.474488 0.531619 0.851125 -0.524428 -1.07455 -0.078881 -0.0373105 0.0210783 0.843854 0.0816592 2.05419 -0.509047 -0.106887 -0.97563 -1.63128 1.35211 1.44747 -1.14473 
0.83873 1.66123 -1.4894 -0.748707 0.154569 -0.155588 -0.493443 -1.40026 0.201553 0.636545 0.208239 1.46971 -0.564318 -0.0893745 -0.117189 0.0562238 0.241404 0.405808 1.0072 -0.198852 -0.132625 -0.648307 -0.15934 1.19233 0.487088 -0.49252 -0.114018 0.104786 0.459208 0.711989 -0.456135 1.02969 -0.592307 0.36551 1.11603 -2.09039 -1.26285 0.856942 1.09144 
0.765707 1.56243 -1.45918 -0.457642 0.17679 0.415043 -0.739422 -1.42672 0.310189 0.321583 0.53814 1.6658 -0.100779 -0.110505 0.00889316 0.197899 0.367945 -0.299132 1.1365 -0.414627 0.321459 0.641543 -1.55877 -0.411722 0.332514 0.0168868 0.0832664 0.0311483 0.258629 -0.888077 -0.885871 -2.28259 0.205169 0.60636 1.70406 -1.67172 -2.84166 -0.386307 -0.344452 
0.728225 1.67012 -1.2915 -0.380762 -0.144563 0.980908 -0.90807 -1.0788 0.843096 -0.922225 -0.203483 1.80222 -0.547432 -0.00610807 -0.0860404 0.314852 -0.646673 -0.480063 -1.27539 0.00631693 0.473735 1.05575 -1.83106 -1.64932 0.100781 -0.836972 0.144739 0.075739 -0.129654 -0.756608 0.053903 -2.40537 1.0208 -0.0265511 0.126867 1.66184 0.392278 -0.0238661 -0.232151 
0.759599 1.47639 -1.14433 -1.10431 -0.303273 -0.860346 -0.733105 -0.952986 1.36594 -1.50948 -1.11118 1.76658 -0.937751 0.0342342 0.0846322 0.0682451 -0.388663 -0.245229 -1.26888 0.606175 0.294908 0.768411 0.103074 -0.0194436 0.308648 -0.215264 -0.0610051 0.252848 -0.0947992 1.22516 0.0895309 2.45759 0.869014 -0.209543 -1.66254 2.41799 2.62902 0.386367 0.800155 
0.762459 1.75475 -1.22326 -0.769425 -0.389793 -0.28797 -0.301895 -0.783894 1.61151 -0.819152 -0.222927 2.11087 -0.762696 -0.0671132 0.166807 0.220053 0.578485 -0.390532 1.1822 0.875331 0.264192 -0.606784 0.586934 0.979701 0.487147 -0.0368178 -0.17054 -0.6091 0.961834 -0.049941 -0.39451 0.908946 0.765389 -0.605172 -4.30137 0.367943 0.178551 -1.29369 0.547094 
0.692486 1.6432 -0.924276 -0.52583 -0.693806 0.32185 0.142226 -0.688794 0.759158 -0.922543 -0.13148 2.25373 -0.974569 -0.136306 -0.524468 1.03008 -0.438604 -0.639739 -0.359933 1.37156 -0.310264 -3.53296 0.471017 0.159107 -0.985044 0.33183 -0.0846123 -0.365426 0.573675 -1.0809 -0.10499 -1.40788 0.541999 -0.28325 -1.50934 0.995652 -0.612966 -2.21566 1.20709 
0.626153 1.23028 -0.193181 -1.20803 -1.02953 -0.647903 1.06967 -1.09416 -1.92145 -0.348135 -0.0638196 1.12582 -0.430866 -0.151726 -0.198619 0.793728 -0.502419 -0.495522 -0.225686 1.41733 -0.0190577 -2.11612 1.58259 0.366735 -1.72852 1.17027 -0.0268945 0.852437 -0.835792 0.309285 0.797007 0.218836 -0.653047 1.08619 4.50858 1.60412 -0.0142875 0.848116 1.17834 
0.540761 1.44458 -0.130548 -1.02825 -1.18933 0.0961646 1.55956 -0.707852 -1.35697 0.660042 0.235255 0.52521 0.195706 -0.1632 0.327969 0.194287 -0.129319 0.157267 -0.141097 0.718517 0.775922 0.975619 2.07513 0.14482 -0.136928 1.51017 0.00606393 0.128838 -0.663751 -0.113312 1.0155 -0.428139 -1.84278 0.46745 2.60151 -1.17976 -1.12684 2.6437 -0.397928 