-0.986612 -1.39612 -0.969676 -0.57777 0.0288578 -0.247687 -0.783078 -0.206879 -0.492897 -0.0804155 -0.159309 1.04119 -0.348746 0.015763 -0.158037 0.0128353 -0.338775 -0.182086 -0.441822 -0.309277 -0.591162 -0.532197 -1.2199 0.0706311 1.41952 -0.476005 0.0193414 -0.0803049 0.0938177 -0.0722477 0.322825 0.828593 0.123187 -0.0820436 -1.23495 -1.13255 0.0199036 -1.17111 -0.713682 
-0.912806 -1.34844 -1.0442 -0.896609 0.214553 -0.105717 -0.922987 0.0735243 -0.584293 -0.551246 0.075017 0.607617 -0.227958 -0.00930693 -0.151354 -0.0368413 0.132235 0.598056 1.17859 0.320749 0.54473 -0.472791 -0.0694169 0.158861 -1.0318 0.31725 -0.0775885 -0.189893 0.183282 0.231789 -0.423525 -0.0522397 0.41295 0.316806 -0.173131 -0.803424 -0.0842335 2.15172 -0.168062 
-0.995919 -1.54747 -1.00652 -0.445535 0.626914 0.9309 -0.462329 0.337851 -0.965688 -0.149832 -0.000447964 0.00938995 -0.0314957 -0.0933515 -0.0318551 0.170447 0.570564 -0.241439 0.389582 0.722226 0.907968 0.359066 0.416477 -0.154865 0.732204 0.307943 -0.0513876 -0.0114905 -0.074866 0.0353559 0.301441 1.21584 0.0382268 0.237199 0.287913 0.31514 -0.0486175 -0.0416697 0.305406 
-1.00616 -1.3803 -0.873754 -0.326045 -0.0268855 0.283865 -0.200761 0.981492 -0.225227 -0.134769 -0.0798476 1.33982 0.0799851 -0.0420807 0.139864 -0.0380246 -0.0968794 -0.296615 0.037255 -0.282522 -0.307531 0.760704 0.384557 -0.207478 0.990131 -0.0118443 -0.0906318 0.0237935 -0.0751957 0.387245 0.168096 0.899863 0.389749 0.767849 0.908823 1.24357 0.385966 -0.129896 0.393341 
-1.038 -1.40761 -1.04454 -0.542414 0.330299 0.968155 -0.744851 0.03032 -0.204984 0.234725 -0.207926 0.999521 -0.04334 0.00271968 0.0556486 -0.245643 -0.183319 0.409534 0.510281 -0.332477 -0.140118 0.549757 0.827094 0.540831 -0.8621 0.0853983 0.0368665 0.016992 -0.340577 -0.0576657 -0.129929 -0.6459 -0.604027 -0.101254 1.34634 0.460014 0.15858 1.40097 0.324236 
-1.00344 -1.32465 -1.1194 -0.509364 0.382649 0.794146 -0.533238 0.841373 0.32453 0.692325 0.460983 0.477721 0.165383 0.0789472 -0.122872 -0.302553 0.0392137 0.166686 -0.683155 -0.321505 0.206278 0.585634 0.0754569 0.366059 0.410835 0.33608 -0.00917803 -0.108609 -0.262893 -0.160304 0.512156 0.392407 -0.429415 -0.978728 0.352081 1.0179 0.261108 0.514292 0.515328 
-0.959052 -1.53048 -1.34709 -0.503201 0.496985 0.285 -1.06636 0.236598 0.38065 0.310182 0.158132 1.41036 0.29274 -0.0118977 -0.164257 -0.0172497 0.0230159 0.102621 -0.117874 -0.0969381 -0.838609 -0.197676 0.190802 -0.279723 1.37639 0.42993 0.275776 0.441015 0.43752 0.762522 0.380081 -0.460729 -0.455542 0.286443 0.441487 1.62876 0.848306 -0.339906 0.750759 
-1.01534 -1.4889 -1.13665 -0.486348 0.48527 0.676272 -0.630176 0.00276401 0.126854 0.883127 0.18126 1.85411 0.595313 0.196829 0.563886 0.740073 0.723308 0.213396 0.222426 -0.134037 0.0801652 -0.144147 1.5533 0.482247 -0.750742 0.414679 0.708987 1.23663 1.83615 1.33364 0.619769 0.826477 0.155587 -1.25779 -0.161002 0.363603 0.0106189 1.23046 0.459673 
-0.762223 -0.966596 -0.607021 0.220107 0.71038 0.507426 -1.20039 0.316763 0.236503 1.86348 0.64038 0.659614 0.707419 0.720885 1.40089 1.8534 1.31062 0.517148 0.944351 0.252525 -0.419179 0.0366739 0.172801 0.290342 -0.145933 0.0297434 1.17575 2.14768 2.65824 1.69506 0.0212467 -0.251057 0.237478 0.658178 1.05262 0.234852 -1.55512 -1.73063 -1.39981 
-0.294451 -0.0880121 0.716751 0.824277 1.00242 1.62062 -0.377651 -0.416415 0.163528 1.05593 0.471602 1.70818 0.625056 0.978922 1.58379 1.91817 0.971752 -0.192149 -0.473483 0.371514 0.578013 1.19677 -1.31845 -2.03737 -0.979885 -1.81449 1.34394 2.18888 2.55856 1.42808 -0.255752 -0.899693 -0.244562 0.163872 0.524087 -0.700801 -0.28785 -3.66407 -2.24053 
0.216699 0.617194 1.31115 1.19186 0.518232 0.033943 -0.828878 0.894776 1.43327 0.545034 -1.39699 -0.320271 -1.10707 0.623055 0.787987 0.705167 0.117452 -0.7729 -1.84404 -0.497087 0.583051 0.487413 -0.873602 -0.578192 -3.51814 -2.27027 1.26062 1.70058 2.04367 0.357948 -0.446736 -0.656244 0.385528 0.272663 1.11808 -1.92782 -0.711884 -1.96532 -1.49373 
0.328604 0.699975 1.42192 0.941729 0.229518 -0.223421 -0.874738 0.166636 0.650941 0.182326 -0.10659 -1.80996 -1.64522 0.281695 0.116794 0.125508 -0.613804 -0.254587 -0.18276 0.0140137 -0.30535 -0.0786881 -0.609369 1.32549 -0.985432 0.320758 0.549305 1.09297 0.61318 0.261086 -0.660004 -1.9328 -0.56341 0.819972 0.733527 -0.137711 -1.09081 -2.52561 -1.8475 
0.498394 0.733988 1.43665 0.578055 0.263645 -0.148817 -0.814865 0.589425 1.35459 -0.0643349 -0.0715047 -1.3057 -0.786309 -0.0737503 0.304978 -0.0919868 0.143634 0.112896 -0.0887598 -0.0663226 0.236921 0.246114 0.735891 -0.512621 0.992532 0.422769 0.0220439 0.335394 0.102478 0.00349669 -0.190755 -0.902469 -0.170101 0.00993581 -0.571876 0.324467 0.803422 -1.47568 -0.512223 
0.254854 1.00495 1.32993 1.08536 0.342414 -0.312181 -0.941061 0.403557 0.897055 0.918217 -0.619212 -0.817427 -1.22245 -0.259651 0.2186 -0.0230295 0.6173 0.0638323 -0.719709 -0.184115 0.315286 -0.493188 0.933835 -0.522063 -0.490248 -0.83298 -0.0518427 0.226182 0.0934568 0.299202 -0.0801304 -0.712393 -0.134811 0.660063 0.339709 0.629482 -0.42261 0.516241 0.180254 
0.238742 0.952589 1.41362 1.19536 0.327477 -0.868526 -0.998979 0.904711 0.861397 0.8695 -0.593568 -1.79595 -1.61929 0.0219075 -0.078796 0.185444 0.155568 -0.193026 -0.623633 -0.0684884 0.423142 0.0935952 -0.10641 0.0900113 -0.47629 -0.242515 -0.202454 0.293741 0.0477699 0.499436 -0.0320147 -0.907747 -0.32104 0.457939 -0.914866 0.608764 -0.436596 0.492011 0.0156838 
0.276762 0.926157 1.51537 1.24093 0.149388 -0.935814 -1.00955 0.826699 0.99065 0.811808 -0.5292 -1.29372 -1.46496 0.0571968 0.0751407 0.0707994 -0.117864 -0.095847 -0.188038 -0.136925 0.142653 -0.421678 -0.325071 0.0854676 0.982259 0.848664 0.291483 -0.0220126 -0.0305104 -0.101118 -0.150736 -0.28738 -0.134377 -0.139371 -0.283695 0.419531 -0.339117 -0.0704485 0.386842 
0.295939 1.02773 1.48442 1.07749 0.23163 -1.05656 -1.1359 1.04736 0.439719 0.544429 -0.508101 -0.813692 -0.770625 0.269576 0.0567834 -0.215954 -0.256686 0.0422904 0.336253 -0.0658881 -0.562513 -0.37729 0.525941 -0.429129 0.405842 0.629357 0.354279 0.11731 -0.00151886 0.128904 -0.608744 -0.635105 0.336391 -1.0045 0.517524 0.279307 -1.102 0.855732 1.3926 
0.546337 0.98294 1.29942 0.984244 0.191678 -0.59956 -1.07544 0.264186 0.61336 1.33775 -0.958329 -0.887875 -0.835607 0.297083 0.0421697 -0.0723183 0.246768 -0.512897 -0.447067 0.473316 -1.14715 0.939202 0.604378 -1.18747 -0.126526 0.543932 0.441432 0.385595 -0.257347 0.0215632 -0.752001 -0.596668 0.460824 -1.01268 -0.572769 0.50483 -1.37351 -0.0590711 1.33999 
0.593022 1.0699 1.4121 1.32426 -0.281267 -1.50363 -0.662589 -0.0997892 1.37892 1.14881 -1.69557 -0.940218 -0.226694 0.171857 0.328811 -0.0413926 0.278249 -0.794291 -0.932921 0.526712 -0.450172 -0.195478 -0.0211108 -0.944378 -0.464913 0.710636 0.873586 0.307464 -0.967851 -0.0883159 -0.830835 -0.288325 0.647414 -1.50304 -0.556261 -0.0667183 -1.32397 -0.812516 1.32454 
0.718194 1.31175 1.25803 1.26249 -0.602613 -1.53248 -0.548726 -0.185985 0.417881 1.31664 -1.90271 -1.35279 -0.124971 0.576503 0.265295 -0.895532 -0.335084 -0.317939 0.158742 0.174099 -0.355887 -1.49546 -0.671096 -0.136501 -0.685989 0.78061 0.700404 0.263105 -1.06737 -0.243781 -0.958162 -1.05276 0.495084 -1.01429 -0.229255 -1.24309 -0.510157 -0.581855 1.67183 
1.16953 1.33519 0.516572 0.989176 -0.599205 -1.34489 -0.48849 -0.455676 -0.116542 0.477711 -1.83207 -1.62621 0.553917 0.528547 -0.0657064 -1.02598 -0.522031 -0.16387 -0.119834 -0.0316275 -0.564116 -0.0337774 -1.22197 0.434221 -0.116942 0.96119 0.264257 0.30492 -0.601854 -0.473781 -1.30581 -1.10126 1.01844 -0.83381 -0.279097 0.016149 -0.486536 -0.940405 1.38663 
1.24674 1.24605 0.232047 0.740463 -0.766483 -1.65232 -0.580353 -0.750102 0.384104 0.0946634 -1.46849 -1.46973 0.836219 -0.312247 0.0396256 0.293678 -0.138697 -0.987871 -1.26001 0.844345 -0.477923 1.21637 0.687245 -0.350036 -0.254416 0.606019 0.199611 -0.0484171 -0.126671 -0.801786 -1.38979 -1.25902 1.65645 -0.60981 0.867654 -0.832364 -0.670964 0.493949 1.39067 
0.857278 1.37482 0.81025 0.850478 -1.58708 -2.60489 0.355855 -0.933599 1.09982 1.16496 -2.18211 -1.88062 1.15994 -0.328936 0.0172893 0.899309 -0.279755 -1.22592 -1.13919 1.68808 -0.0456936 0.901432 0.38961 -1.10518 0.610891 0.429476 -0.00802673 -0.149517 0.174431 -1.12674 -1.1178 -1.04355 1.83375 -0.0080238 0.856524 -0.894266 0.133036 0.665673 1.34177 
0.917805 1.26333 1.13136 0.460708 -1.9924 -2.7915 1.10773 -0.795796 1.28554 0.484274 -2.57367 -0.858838 1.2657 0.30422 -0.189142 -0.119247 -0.988039 -0.129932 0.216456 0.989409 0.469899 -0.359842 -1.58151 0.483072 0.920088 0.735749 0.060669 -0.169324 0.214161 -0.820702 -1.31005 -0.370348 2.53698 -0.0141778 0.557758 -0.90138 0.0212098 0.761557 1.40753 
1.1615 1.18568 0.691003 -0.13756 -1.71701 -2.38844 1.34526 -0.4637 0.739982 -0.416555 -1.69904 -0.960535 1.89568 0.389605 -0.186613 -0.685148 -0.540947 -0.0841352 0.76884 0.848903 0.0315158 -0.343674 -1.29099 1.12639 0.150665 0.978057 0.499429 -0.394156 -0.270307 -1.15166 -0.763718 1.10549 1.6787 0.328062 -0.333434 -2.15638 1.3757 0.754993 1.0164 
1.30741 1.07672 0.446208 -0.080239 -2.07653 -2.02266 1.95663 -0.76428 0.941862 -0.806716 -1.44728 -0.708173 2.24375 0.195209 -0.205014 -0.15106 -0.163624 -0.633786 0.889033 0.689288 -0.141837 0.0264079 -0.574872 0.89263 -0.165095 0.280652 0.414324 -0.278389 -0.588858 -0.9889 -0.282422 1.50119 1.13751 -0.337597 -0.152961 -0.904748 1.30361 0.581393 0.479836 
1.35671 0.980663 0.539943 -0.301185 -2.35079 -1.49941 2.03455 -0.605537 0.76639 -0.991427 -0.806408 -1.12563 2.17634 0.0247187 -0.0917763 0.0962905 -0.447953 -0.198287 0.73235 0.288606 -0.369113 0.190713 0.386242 0.177216 0.430728 -0.498221 0.10606 -0.261974 0.154065 -0.891584 -0.415538 1.30812 1.05882 -0.724968 0.398658 -0.848207 0.71929 1.92771 -0.557089 
1.33213 0.984945 0.542498 -0.528192 -2.27482 -1.29031 2.24523 -1.13339 1.13257 -0.420474 -1.27006 -0.277445 1.74553 -0.0891494 -0.0569603 0.305125 -0.727959 0.218249 0.419085 0.36953 -0.583131 0.37225 -0.273336 -0.17334 2.09281 -0.837741 -0.0926012 -0.104713 0.360624 -1.08144 -0.016465 1.51709 0.324521 -0.0295196 -0.924464 -0.0250303 0.725858 2.02553 -1.34093 
1.26756 0.923703 0.845069 -1.02914 -2.13255 -1.08032 2.40408 -1.18867 1.13864 -1.26476 -0.979748 0.967179 1.33859 -0.11732 -0.0129364 0.264334 -0.633487 0.181822 0.784736 0.0359144 0.339594 -1.11518 -0.411272 0.548642 1.5948 -0.842708 -0.125671 -0.042768 0.0913767 -0.766159 0.493873 0.587821 0.109285 0.153102 -0.162839 -1.20505 -0.0652851 3.03382 -0.978223 
1.21481 0.972009 0.806832 -1.16168 -2.093 -0.505578 2.28115 -0.793799 0.0173978 -0.831746 -0.721418 1.31735 0.902824 -0.0365215 0.0141923 -0.213749 -0.0381993 0.275624 0.168736 -0.260245 0.736233 -0.535089 -0.931719 0.108055 0.941014 -0.140482 0.068929 -0.250145 -0.122466 -0.69047 0.709701 1.12081 -0.105385 -0.523621 -0.467588 -0.557126 0.612946 1.43397 -0.797852 
1.23104 0.937895 0.63132 -1.06734 -1.85692 -0.911584 2.14384 -0.452435 0.603551 -2.19648 -0.871693 1.90819 1.19811 0.186249 -0.237209 -0.386799 -0.0569825 0.527879 0.336079 -0.1413 -0.863215 0.647589 -0.145854 0.0643044 -0.160827 0.0448552 0.0866467 -0.218729 -0.244621 -0.610674 0.971171 0.891981 -0.308244 -1.00119 -0.740347 1.44779 0.658933 -1.02051 0.111855 
1.40106 0.7348 0.420033 -1.21866 -1.56512 -0.1695 2.13985 -1.65701 0.664987 -0.9776 -0.657114 1.15653 0.947679 0.123168 -0.232921 -0.0308725 -0.572474 0.695547 0.723245 -0.0479988 -1.73742 -0.205258 2.37951 0.550878 -1.96152 0.252337 0.118072 -0.295121 -0.0944565 -0.44823 0.982706 0.655097 -0.757339 -0.79817 -0.277604 0.00129628 1.32192 -0.853697 -0.0347083 
1.3542 0.704974 0.600448 -1.63982 -1.16137 -0.18834 2.09584 -2.18986 0.398293 0.183029 -0.320815 -0.0533272 1.45045 -0.0681769 -0.0579128 0.292343 -0.391247 0.454826 0.319018 -0.61604 0.0650442 -0.925193 0.14715 1.25761 -0.69287 -0.0795635 -0.00659814 -0.200416 0.260646 -0.834576 1.00457 0.979243 -0.451153 -2.03751 -0.593623 1.46684 1.78559 -1.04601 -1.2187 
1.33288 0.676888 0.712376 -1.60991 -1.11029 0.149518 1.52381 -1.59197 -0.260206 -0.83045 0.600501 0.463657 0.868115 -0.129766 0.0325047 0.291518 -0.262102 0.309023 0.255998 -0.403154 -0.300089 -0.388364 -0.912671 1.23471 0.915513 -1.47104 -0.288959 0.122134 0.506564 -0.829591 1.00087 0.324093 -1.30206 -0.29481 -0.75966 0.779476 1.48068 -0.105561 -1.08386 
1.22444 0.737479 0.891966 -1.90192 -0.852351 0.0676586 1.69268 -2.48995 0.00992873 -0.729642 0.913894 0.862186 -0.0205871 -0.220782 0.180047 0.214221 -0.438344 0.546048 0.00507479 -0.686018 -0.359854 0.165533 0.632326 0.223061 0.58731 -1.0043 -0.234434 0.131927 0.129412 0.0215786 0.795785 -0.431608 -1.20765 0.558167 -0.890625 -0.583042 1.58562 1.56163 -2.56822 
1.1121 0.856934 0.926597 -2.04825 -0.564246 0.154593 0.837791 -1.95182 -0.0946731 -0.198124 0.823562 1.05097 -0.136184 -0.104668 0.0994226 -0.162107 0.28368 0.486762 -0.687606 -0.804495 0.858257 -0.50226 0.329629 0.350915 0.646113 -1.09718 -0.272626 0.176691 -0.116514 0.25291 0.757037 0.124053 -0.932266 -0.454895 -0.459725 1.03073 0.708684 0.255988 -2.04349 
1.11977 0.836901 0.729859 -1.61824 -0.365589 -0.619948 0.888189 -1.63169 -0.492332 -0.400013 1.26481 1.5083 -1.11777 -0.051844 -0.00335558 -0.330735 0.691254 0.210989 0.118978 -0.246248 -0.0950416 -0.625258 0.398402 0.485623 -0.331321 -1.03919 -0.244774 0.179593 -0.508985 0.72912 0.809159 0.48422 -1.60356 0.650081 -0.798458 0.689024 -0.0847981 0.103678 -1.02045 
1.06025 0.853579 0.595862 -1.357 -0.353257 0.273571 0.591543 -2.04687 -0.719931 0.200278 1.30918 0.719646 -1.17537 -0.140107 0.0801703 -0.346879 0.44544 0.322397 1.17183 -0.799069 -0.208176 -0.296197 0.359395 -0.435713 -0.542435 0.0767295 -0.357663 -0.183441 -0.376393 1.33889 0.743361 0.0810244 -0.782072 1.13831 -1.07867 -0.381705 -0.0684606 -0.399694 -1.15904 
0.979664 0.917071 0.382981 -1.1728 -0.0431918 0.551879 0.0891206 -1.83987 -0.788529 -0.0406185 0.829096 0.965864 -1.04104 -0.305819 -0.180085 -0.0456579 0.647633 0.532372 -0.0379538 -0.535824 1.23335 -0.45341 -0.780107 -0.554083 -0.0683733 -0.119852 -0.608455 -0.332531 -0.550952 1.52626 0.924425 0.999066 -0.587618 1.80369 -0.707457 -0.56136 -0.259867 -1.87117 0.0334402 
0.754436 0.673494 0.550204 -0.709366 0.179115 0.235617 0.0557191 -0.813518 -1.17334 -0.579829 0.755101 0.651272 -1.29522 -0.468348 -0.412701 -0.204074 1.08082 0.602028 -0.172761 0.21145 2.01187 -0.41126 -0.920755 0.175845 -1.32874 -0.0432893 -0.678679 -0.432848 -0.511198 1.98664 1.10651 0.15711 -0.650207 2.87004 -0.911332 -1.77763 -0.34044 -0.666283 -0.18765 
0.511316 0.50437 0.178907 -0.0919788 0.558837 0.379118 0.300571 0.172004 -1.19979 -0.961373 1.00494 -0.362873 -1.08433 -0.372861 -0.252763 -0.46554 1.33901 0.574142 0.195064 -0.114383 1.63669 -0.457922 -0.997526 0.213643 -0.597909 -0.0677982 -0.682509 -0.599806 -0.381864 2.0053 1.365 -0.203725 -0.251345 2.80804 -1.38623 -1.43431 0.362317 -1.60831 -0.941765 
0.381576 0.420731 0.0846638 0.629642 0.753257 0.430681 -0.0586634 0.823176 -1.63126 -1.57735 0.968745 0.0533631 -1.36302 -0.21416 -0.187104 -0.17779 0.924483 0.762973 -0.0309636 -0.462795 0.796175 -0.974966 -0.513552 0.186472 -0.279572 -0.898476 -0.487476 -0.385934 -0.715865 1.73057 1.16393 0.236656 0.0284039 2.11546 -1.34242 -1.16448 0.359695 -1.42136 -0.507961 
0.297155 0.317266 0.00111668 0.832504 1.32181 0.348154 -0.162224 0.968179 -2.17475 -1.47492 1.19141 -0.642445 -1.98281 -0.114616 -0.133171 -0.250325 0.391566 0.589793 0.0415922 0.142786 0.478768 -0.884498 -0.16695 0.146052 -0.823451 -0.440163 -0.36066 -0.463173 -0.191538 1.81419 1.03625 -0.215183 -0.365777 1.29789 -0.994526 -1.03749 -0.861064 -0.0645893 -0.670908 
0.26696 0.28756 -0.165661 1.02121 1.34305 0.472273 0.084123 1.30194 -2.51576 -1.7443 1.1148 -0.770088 -1.80318 -0.1465 -0.276068 -0.0137476 0.889708 0.273278 -0.18422 0.0970173 0.50172 -0.0195598 -0.52394 -1.04754 0.214983 0.227568 -0.307526 -0.196494 -0.137909 0.586813 0.684784 -0.123002 -0.169311 0.635296 0.206382 -0.248057 -0.371229 -0.328349 0.304529 
0.150655 0.0411976 -0.0126309 1.72221 1.59509 0.163935 -0.0652066 1.4699 -2.19431 -1.99887 0.143878 -0.427462 -1.75524 -0.19291 -0.0633231 0.112416 0.195247 0.0949915 -0.164594 -0.312097 0.156528 1.09088 -0.0811064 -0.51728 0.495102 0.744692 -0.244985 -0.250143 0.0965511 0.185135 -0.13186 -0.160847 -0.053256 0.0368206 2.01878 0.575848 -0.967404 -0.384743 0.958635 
0.0740499 0.224237 -0.0532453 1.21646 1.43804 0.307679 -0.227974 1.45847 -1.42488 -1.82541 0.597516 -0.274986 -1.05849 -0.0984852 0.0259252 0.110299 -0.704573 -0.405138 0.0233729 -0.150273 -0.464899 2.03834 1.09979 0.0801311 -0.599726 0.731067 -0.336877 -0.388452 0.362257 -0.312578 -0.183334 0.578933 -0.0835509 -0.0605156 2.03163 0.775415 -1.37701 0.466013 0.744593 
0.0521701 0.0671228 0.0976678 1.01764 1.18995 0.187307 -0.21548 1.005 -0.155972 -0.899077 0.224009 -1.02719 -1.02417 -0.143967 -0.325128 0.249841 -0.507825 -0.278325 0.743527 0.228546 -0.217044 0.940755 0.856521 -0.859733 -0.0290886 -9.8894e-005 -0.32875 -0.215061 0.0787679 -1.07751 -0.829578 0.326881 0.0872084 -0.406694 1.51151 0.925315 -0.361419 -0.284153 0.707295 
-0.0699173 -0.100892 0.196596 0.70863 1.15972 1.05121 0.000572109 1.24143 -0.484126 -0.96889 -0.262217 -0.304074 -1.05859 -0.230265 -0.240986 -0.0315308 -0.372942 -0.42444 0.303508 0.237482 0.0582047 -0.526829 -0.174474 -0.44155 0.315572 -0.0237723 -0.488798 -0.86978 -0.353669 -0.788332 -0.520699 0.69865 0.209504 0.343008 2.48735 2.38842 0.276944 0.396019 0.637241 
-0.178095 -0.173863 0.066137 0.644697 0.765509 0.490816 0.0220018 1.0632 -0.682801 -1.07355 -0.217541 -0.711615 -1.04794 -0.344831 -0.544652 -0.603511 -0.280507 -0.242373 -0.0448772 -0.0190423 0.560052 1.5466 1.53189 1.13668 0.425108 0.63734 -0.470441 -0.690677 -0.388061 -0.193334 -0.119047 0.324186 -0.336405 0.0554319 -0.11125 0.359804 0.747685 1.43431 1.20405 
-0.414748 -0.645543 -0.406915 0.428123 0.917343 1.00633 -0.0184702 1.80148 1.06247 0.563004 0.87446 0.121034 -0.421252 -0.240176 -0.449691 -0.356531 0.179608 0.305393 0.0206774 -0.573887 -0.00277275 0.415579 0.534278 1.18923 1.11873 1.22782 -0.51683 -0.669663 -0.73764 -0.321328 -0.173649 -0.557039 -0.304496 0.083996 1.09531 1.87552 0.893198 1.1033 0.915131 
-0.418271 -0.623554 -0.290394 0.824305 1.0709 0.511493 -0.551885 1.06043 -0.267222 -0.539273 0.971694 0.40712 0.179876 -0.171999 -0.125011 -0.13413 -0.0408207 0.0687248 -0.512162 -0.285454 -0.476056 -0.451283 0.343623 -0.243478 0.678191 0.277791 -0.541378 -0.748951 -0.838161 -0.61721 0.143551 0.423505 -0.543629 -1.03729 0.84598 2.12262 0.60529 1.27132 0.766611 
-0.586747 -0.770554 -0.541044 0.387303 0.986068 0.494167 -0.303924 1.32542 0.611188 0.906627 0.630981 0.799224 -0.143461 -0.301202 -0.29926 -0.48163 -0.796818 -0.161842 0.402827 0.0302581 -1.03452 0.4304 1.58835 -0.583945 0.152586 -0.461208 -0.284152 -0.249867 -0.259347 -0.484295 -0.262583 0.480691 -0.671454 -1.75935 -1.113 0.660264 -0.157764 0.978936 0.889013 
-0.719473 -0.922814 -0.772024 0.0274874 0.90906 0.914321 -0.521627 0.0259131 0.163178 1.04907 0.387749 0.559706 -0.281332 -0.112152 -0.124856 -0.125218 -0.443474 -0.331308 0.992853 -0.386 -1.28329 -0.661719 0.316641 0.0857142 0.300746 0.611222 -0.330621 -0.302822 -0.377309 -1.13925 -0.697985 0.171266 0.0776132 -0.763478 -0.069736 1.26081 0.0427089 0.411413 -0.026135 
-0.6989 -0.895411 -0.666262 -0.0561719 0.65476 1.48702 -0.689924 0.0421318 -0.0505315 1.22327 0.716696 1.09997 0.467761 -0.0294186 -0.0035614 0.104321 -0.342433 -0.536143 -0.231562 0.0473551 0.27104 -0.500136 -0.327536 0.626654 0.258827 0.435073 -0.120404 -0.331883 -0.216885 -0.739888 -0.361748 -0.105463 -0.488761 -0.901953 -0.84828 0.0540868 0.149751 -0.436747 0.595641 
-0.748892 -0.926376 -0.667702 -0.314946 0.372917 0.682759 -0.474272 0.296953 -0.336958 0.721538 1.0144 0.818533 0.153741 -0.00825137 -0.207027 -0.0916674 -0.296414 -0.0304408 -1.09832 -0.10276 0.38134 -0.186561 -0.262554 0.0640368 -0.737492 -0.0155811 -0.10414 -0.251284 0.0638867 -0.747647 -0.386859 -0.288121 -0.14059 0.342284 -0.933706 -1.36838 -0.31547 -0.331547 0.809276 
-0.707151 -1.10244 -0.757929 -0.352586 0.624319 0.388704 -0.792685 0.423472 -0.237092 0.960714 0.780732 0.362477 0.45218 -0.0747212 -0.247722 -0.0404347 -0.405213 0.149284 -0.0565598 -0.187945 0.0712447 -0.43357 -1.04084 -0.942124 -0.590374 0.374203 -0.17588 -0.335124 -0.0444423 -0.25027 -0.0236104 -0.473008 -0.156465 -0.323585 -0.98318 -1.6735 -0.558773 -0.355875 -0.154861 
-0.823613 -1.1741 -0.708137 -0.720159 0.522201 0.626199 -0.662217 0.368198 -0.770528 -0.319302 0.0722788 0.228159 0.527944 -0.167629 -0.128098 0.0472252 0.0461443 0.00683034 0.625308 -0.0537042 -0.704926 -0.796619 -1.41095 -0.622809 0.381618 -0.13928 -0.119315 -0.299098 -0.570797 -0.417109 -0.134598 -0.750915 -0.231437 -0.581291 -1.0966 -0.125619 -0.974863 -1.31812 0.418906 
-0.87478 -1.23053 -0.710704 -0.306442 0.63115 1.01401 -0.846389 -0.281454 -1.03371 -0.450232 0.157923 0.744095 0.3129 -0.0445939 -0.0513752 -0.530362 -0.0118958 -0.283883 -0.694356 -0.0434914 -0.652536 -0.663028 0.91522 -0.0327395 -0.727742 0.0447024 -0.175394 0.0991703 -0.305508 -0.106674 -0.360919 -0.296484 -0.231479 -1.33155 -0.799688 -0.844395 0.24874 -0.147185 -0.101495 
-0.868207 -1.22547 -1.2385 -0.732055 0.238319 -0.0681565 -0.705709 -0.284338 -1.43356 0.595919 0.0395394 -0.499583 0.572646 -0.00776495 0.227268 -0.352733 -0.152819 -0.367749 -0.921793 -0.177775 -0.626622 -0.00306956 0.566551 0.871549 -0.528803 0.0377853 -0.184076 0.0505271 -0.256422 0.30359 -0.133002 0.0867191 0.483536 -0.0424797 0.318104 1.15486 -0.237858 -0.870974 -0.436123 
-0.882545 -1.00327 -1.06344 -0.45926 0.2634 0.0922192 -1.02416 -0.908075 -1.03678 0.116319 1.02947 0.215292 0.350685 -0.139482 0.101902 0.273941 0.315486 0.150881 0.781075 0.527027 0.610056 0.981132 0.239635 -0.205119 -0.143232 -0.480825 -0.0178293 0.274482 -0.215033 -0.384095 -0.283317 -0.448709 0.44792 1.023 0.293678 2.03107 0.829521 -0.644598 0.38304 
-1.00769 -1.12357 -0.964559 -0.416569 0.3892 0.712918 -0.178681 0.325718 -0.452423 0.835554 -0.165579 -0.642815 0.091821 -0.0100643 0.0472136 0.1377 -0.231277 0.0844323 0.473084 0.625694 1.64963 0.296748 1.46452 -0.0420284 -0.115795 0.345254 -0.0715932 0.0646612 0.5154 0.218809 -0.190561 1.07419 0.0469074 0.971662 1.29414 0.779247 0.679051 1.07308 0.194836 
-0.892609 -0.956053 -0.925737 -0.690537 0.347833 0.565303 -0.398469 0.741551 -0.740033 1.58084 0.987444 0.0994975 0.69594 0.0678888 -0.0372411 0.24146 -0.0966774 -0.341442 0.293119 -0.48012 0.361605 0.313008 0.539611 0.88417 1.21631 0.675661 0.137052 -0.0534763 0.650398 0.422891 0.650853 1.32408 1.02938 1.93499 1.8698 1.46401 -0.507454 -0.114035 0.226357 
-0.9398 -1.16081 -0.723099 -0.513246 0.0477579 1.00604 -0.658801 0.687323 -0.139416 1.37517 0.71859 0.573494 0.767482 0.147116 -0.10069 0.512698 0.654168 0.56642 0.850992 0.403681 0.285363 1.57305 -0.000510481 -0.465426 0.00175949 -0.118898 -0.711731 2.60556 -3.23712 4.08506 -1.46086 1.46632 0.866782 -1.67651 4.18803 -3.1033 3.31939 0.458905 0.0864585 
-0.745493 -1.05674 -0.413039 -0.0363691 0.914253 1.41629 0.00521207 1.02691 0.83302 1.58032 0.522018 0.101257 0.577042 -0.77962 2.6428 -3.47858 4.18174 -1.11941 1.1732 1.3469 -2.03812 3.87502 -3.64291 2.43522 -0.757404 -0.589203 -0.098141 0.0239622 0.132378 0.548207 0.306207 0.38586 0.261535 0.157884 0.892061 -0.987641 0.134218 0.10195 -0.290668 
-1.71942 1.48199 -4.20168 3.66849 -1.07166 2.17924 0.688101 -1.35079 3.73561 -2.26775 3.15381 -0.18391 0.178279 -0.245257 0.124652 -0.38032 -0.105961 -0.260213 -0.465132 -0.142146 -0.127479 -0.680992 -0.987131 0.599643 0.100191 -0.17177 -2.95801 0.376282 -0.122504 0.0499178 0.315945 -0.184709 0.543666 0.0650707 -1.0076 -2.68193 -1.30635 -2.86029 -0.215297 
