-0.932327 -0.803742 0.471003 -0.865691 0.773662 -0.189843 -1.0617 1.29302 1.34811 0.0290842 1.48014 0.085733 0.275835 -0.074705 -0.195312 0.252846 -0.00920659 -0.270469 -0.665206 -0.411986 -0.0759823 -0.924881 -1.35978 -0.0789902 -0.783441 -0.705476 0.122949 0.0667623 0.666463 2.89563 0.177166 1.01297 1.97605 -0.302667 -0.832385 -0.0845624 -2.39039 1.52773 0.111078 
-0.988091 -1.09444 0.773445 0.385947 0.652899 -0.377511 -0.521676 1.18575 0.397733 -1.12189 0.663675 -0.191995 0.167646 0.0620724 0.1441 0.48687 1.9462 0.0593061 0.399569 1.10452 0.0594254 -0.457645 -0.533116 -1.26507 1.66611 0.0953932 0.116855 0.464583 -0.328368 -0.996807 0.323764 0.807663 0.239828 -0.0293138 1.75233 2.45358 0.00290817 1.81169 1.29246 
-0.870254 -0.659642 0.957873 1.08051 0.832968 0.209726 0.0428196 1.35245 0.890464 -0.504032 0.215065 1.75184 0.371228 0.0421503 0.269271 -0.0755216 -1.00601 0.053295 0.142458 -0.172159 -0.105296 0.827452 1.0938 -0.076082 1.02825 0.586984 -0.0581221 -0.483603 -0.696794 -3.63409 -0.215007 -0.0799263 -1.47872 -0.205149 0.414337 0.679758 -0.330774 -4.25946 0.584574 
-0.94594 -0.825169 0.697924 -0.620067 0.706194 -0.235053 -0.693834 1.08045 1.22519 -0.0280915 0.587593 0.836254 0.75463 0.00395035 -0.339503 -0.209925 -1.68789 -0.155701 0.319643 -0.374205 -0.145723 -0.0433076 0.146642 -1.59585 -2.59335 0.679967 0.0541421 -0.681534 0.411285 0.721079 -0.0289466 0.648881 0.529857 0.387873 -1.5754 -1.1883 -1.7657 -1.73643 0.157478 
-0.866304 -0.999146 0.747948 -0.607372 0.677267 0.529368 -0.331386 1.20673 0.847157 -0.35739 -1.38078 -0.841513 1.0512 0.0962925 -0.412263 0.335764 -0.284935 0.0243484 0.791338 0.357698 0.282577 -0.747949 -0.0944982 -1.84178 -0.708185 0.744462 0.0104541 0.320213 -0.0567134 2.60457 0.171631 -1.1045 0.0253799 -0.302134 0.360792 0.311022 3.96878 4.55818 -0.149041 
-0.849648 -1.23743 1.03369 -0.905003 0.730542 0.556285 -0.336136 1.36303 0.477236 -0.12259 -1.25419 0.128069 1.49909 0.0144044 -0.0192904 -0.266638 0.916682 0.0159294 -0.784857 -0.348826 -0.447857 0.317484 0.457664 2.37293 1.96482 0.530926 -0.0830112 0.633626 -0.868393 0.868544 0.0694349 -1.02177 0.0255186 -0.212502 1.5936 0.131707 3.54265 1.86764 -1.0539 
-0.851899 -1.01844 0.48131 0.30931 0.693196 -0.255488 -0.680211 0.758869 1.16464 0.100274 0.992149 1.12331 1.58212 0.0132813 0.221364 -0.532629 0.583608 0.0937832 -0.230434 0.383217 0.0700751 0.845653 0.037209 1.70087 1.15946 -0.309435 -0.0288051 -0.114581 0.448122 -1.02731 0.167244 0.722685 0.546113 0.412135 -1.48319 -0.587976 -2.95344 -3.22851 -1.54115 
-0.836367 -1.01607 0.501058 -0.321394 0.824325 0.325851 0.0470809 1.4331 1.32289 -0.0853807 0.446687 1.28752 1.18966 -0.0144007 -0.133872 0.181484 -0.110623 0.183173 -0.0621718 0.197287 -0.035722 -1.16571 -0.130312 -0.580509 -1.26368 -1.01022 -0.0318424 -0.279071 0.397871 -1.3231 -0.100783 -0.21444 -0.811012 0.0910943 -1.58503 -0.339498 -0.820977 -2.00837 0.210599 
-0.8663 -1.15231 0.662794 0.198687 0.87637 -0.31766 -0.482925 0.723147 -0.00106441 -0.0300376 0.41164 -0.140374 0.571896 -0.0185611 -0.0577076 -0.134758 -0.739494 -0.00699939 -0.444874 -0.427795 0.161169 -0.739377 -0.302289 0.879895 -0.848914 -0.0988357 0.0279557 0.368227 -0.207082 -0.615595 -0.209463 0.786148 0.637071 0.745518 2.56206 0.919615 1.86921 1.96897 1.14769 
-0.854928 -1.07378 0.3663 -1.06089 0.817326 -0.119023 -0.380714 1.59427 0.583511 -0.387669 1.32658 0.438611 1.09082 0.013555 0.234356 -0.0255977 -0.726219 -0.0262895 0.723976 0.834358 0.709796 1.39636 0.789303 1.28871 0.705289 0.137467 0.0125964 0.106571 0.213864 2.45404 0.133089 0.363987 0.487498 -0.713022 1.39544 2.4693 -0.375659 0.399628 -0.680893 
-0.852745 -0.917952 0.637197 -0.527532 0.85008 0.406316 0.351433 1.43294 1.39529 0.759265 1.70034 0.564915 0.709363 -0.0059648 0.0488632 0.0791058 1.71454 0.126089 -0.0808877 0.0597036 -0.551853 0.656059 2.16701 0.504236 -0.449286 -0.779729 -0.100493 -0.523908 0.0252199 2.29912 0.232093 -1.25487 -2.22719 -1.30615 -1.74569 -1.0946 -2.26858 -1.36045 -0.0433519 
-0.860893 -1.02491 0.445406 0.653654 0.943415 -0.199911 -0.32101 1.04242 1.23957 1.77934 1.83082 -0.0106742 0.311092 -0.086938 -0.289553 -0.00037775 1.5729 0.205804 -0.530891 -1.39283 -0.596358 -0.349333 -0.3053 -0.979879 -0.655163 0.094115 -0.0734138 -0.132513 0.0727808 -2.22953 -0.252158 -0.135239 -0.50472 0.389356 -1.00613 -3.42288 -1.88143 0.113473 1.04145 
-0.939683 -1.2075 0.636819 1.04537 1.05588 -0.124575 -1.0414 0.836584 1.04596 0.453965 0.720466 -0.090248 0.803478 -0.0793786 -0.0836495 0.151887 -0.51499 -0.126069 -0.216126 -0.445016 -0.162497 -0.350069 -1.25587 -1.3772 -0.335813 0.261716 0.136861 0.110564 -0.391078 -3.64855 -0.401467 0.34239 2.0404 0.734737 -0.027989 0.197505 0.607536 0.864601 -1.5881 
-0.940271 -1.10856 0.597292 0.138664 0.817346 -0.416037 -0.766027 0.879923 0.8895 0.523464 0.453621 -0.346487 0.572808 0.0499227 -0.178988 -0.391456 -2.07564 -0.195663 -0.188501 0.647573 0.138379 -0.377322 -0.107795 -0.372343 0.209438 -1.49399 0.180118 0.137108 -0.095162 1.25982 0.240288 0.582086 0.296357 -0.0403064 -0.363941 1.15659 1.05755 -0.119684 -1.39068 
-0.88976 -1.38649 0.245363 -1.03027 0.860221 -0.313076 -0.393825 0.974963 0.668638 0.346171 0.348123 0.11919 -0.69051 0.10074 0.0534588 0.0567246 0.744829 0.114219 0.36596 -0.148659 -0.202803 -0.714011 -0.0992806 -0.319642 -0.455497 -1.12896 0.0170228 0.617864 0.464794 2.85144 0.356766 0.25587 -1.10766 -0.0437473 0.515444 0.974997 2.0763 -0.259859 2.63019 
-0.839532 -1.0551 0.654017 0.883493 0.931566 -0.050077 -0.914686 0.677119 0.17549 0.424184 0.133979 -0.801984 -0.556152 0.0669455 0.438876 0.0733387 0.775799 0.161103 0.0673696 -0.460089 0.0946314 0.138122 0.867202 1.70395 -0.0504214 1.1362 -0.051202 0.455947 0.00716733 -1.09815 0.0877469 -0.621144 0.0602864 0.230167 0.825513 0.395783 0.293723 0.223427 2.33947 
-0.822815 -0.947617 0.318702 -0.254473 1.02132 -0.245706 -0.853914 1.06959 0.80676 1.21337 2.05208 0.0687684 0.445691 0.0495377 0.509406 0.0638919 -0.353322 0.201966 -0.255185 -0.0883727 0.0273639 0.111503 0.296502 -0.0259194 -0.232071 1.21051 0.120658 0.937213 1.0944 0.743852 -0.545704 -1.71417 -0.567881 -1.32761 -1.34488 -2.4313 -4.48338 -1.04846 -1.66262 
-0.789994 -0.545697 0.717909 0.530171 1.13353 -0.305262 -1.00306 0.704483 0.286992 0.720686 0.108059 -1.03405 0.654353 0.187603 1.37609 1.16774 1.51965 -0.384601 -1.64681 -1.02797 -1.23298 -1.20675 -1.5641 -2.77943 -1.09889 -0.52642 0.287093 1.0255 0.500955 0.289002 -1.18586 -1.32622 -0.855886 -0.956804 -0.861597 -2.14255 -1.67111 -0.0469142 -2.07599 
-0.635212 0.428472 1.48644 1.26518 0.636723 -1.89251 -1.88188 -0.163381 -0.399994 -0.35073 -0.727349 -1.03012 -0.0807286 0.336631 1.53491 0.564847 -0.0643207 -0.983898 -1.58141 -0.944258 -0.92944 -0.750095 -1.84605 -1.69703 -0.278985 -0.865487 0.0772295 -0.931662 -1.24457 -2.34997 0.0413713 1.72553 1.38122 0.803594 1.05918 1.67147 2.79883 1.73109 0.402261 
-0.453363 0.989211 1.28276 0.46585 0.149634 -1.88667 -1.94732 -0.224957 -0.463103 -1.12536 -1.58897 -1.31304 -0.211133 0.264833 0.444427 -0.0768338 -0.830322 -0.34323 0.0787215 0.35325 -0.429381 -0.147576 0.107372 0.019399 0.632205 -0.124158 -0.15177 -1.02636 -0.367088 -0.266421 0.883942 1.76648 1.24747 0.493044 0.546328 2.97037 3.8412 1.73568 1.15503 
-0.370379 0.872899 1.40961 0.434857 0.293493 -1.81379 -1.52863 -0.592761 -0.54757 -0.243358 -0.70795 -0.397913 -0.204887 0.184861 0.508548 0.197759 -0.330742 -0.0999562 0.185074 0.303214 -0.436396 -0.203767 1.12432 2.14417 1.45669 0.289546 0.0984106 0.366465 0.0869919 2.28697 -0.247345 0.0463148 -0.185366 0.14295 0.500872 -0.194828 0.802425 0.58766 0.476264 
-0.268502 1.49776 1.48051 0.135108 0.0496774 -1.7016 -1.6441 -0.661353 -0.66687 -0.00104239 0.555194 0.143653 0.0784128 0.363243 0.810892 0.0101581 1.45665 -0.590575 0.125036 0.167885 -0.28643 0.353296 -0.0874558 0.821824 1.21987 0.352106 0.318358 -0.42078 -0.78024 2.61301 -0.726607 -0.836648 0.139748 -0.313409 1.62612 -1.83892 -3.93187 -1.01175 0.204178 
-0.00713546 1.68379 1.41976 1.89151 -0.297082 -1.68875 -1.36075 -0.879192 -0.194274 -0.330814 0.113874 0.821952 0.147219 0.50322 0.0877683 -0.582481 2.28227 -0.826563 -0.651574 0.442961 -0.749805 1.42235 -0.714599 -1.7877 0.444942 0.493725 0.0532231 -0.812625 -0.917005 -1.32942 -0.220249 -0.214271 0.614915 -0.754268 0.303839 -0.174403 -2.6115 -1.051 0.557813 
0.234717 1.58553 0.898034 2.41738 -0.776886 -2.35317 -1.20114 -1.41116 0.755485 -0.715641 -1.23251 0.588595 0.572137 0.416467 -0.00173328 -0.906846 0.12723 -0.810824 -0.0892344 0.7828 -1.0407 0.657135 -0.261858 -1.78967 0.168863 0.909918 -0.192717 0.121619 0.0897396 -3.08829 0.0114667 1.36692 0.712691 0.57862 -2.05438 1.37097 2.29543 -0.576128 0.126845 
0.409331 1.68206 0.512918 2.01874 -1.10791 -1.77799 -0.577948 -1.91989 0.46286 -0.592672 -1.6758 0.990816 1.05714 0.310503 0.209387 -0.492741 -0.806019 -0.815097 0.71535 1.15565 -0.171185 -0.632022 0.656368 0.507726 -0.131186 0.620569 -0.0782775 0.226183 0.67417 -0.679996 0.216465 -0.548782 1.17393 1.81822 -0.913211 1.10861 2.74824 -0.366382 0.0924209 
0.54522 1.79491 0.405293 1.61136 -1.59198 -1.63782 -0.0454896 -1.58234 0.123463 -0.0592726 -0.724781 0.457409 1.19271 0.338189 0.22445 -0.232676 -0.552766 -0.59436 -0.638017 1.95673 0.777518 -0.256076 0.846747 0.958564 -0.197518 1.00234 0.100907 -0.717804 0.0333078 -2.09269 0.621732 -1.34946 0.690775 0.177588 0.18734 -0.313124 0.315611 0.685121 -0.796731 
0.74752 1.90651 0.280242 1.46597 -1.70227 -2.416 1.37878 -1.14237 0.206784 0.254075 -0.717237 0.793297 2.05948 0.41141 -0.508417 -0.459433 -2.89871 -0.193365 -0.634114 1.84643 0.0064033 -0.444682 0.343244 0.823337 0.553935 -0.176162 -0.0410372 -0.525176 -0.697351 -1.10811 0.166937 2.13131 -1.23291 -0.579881 0.0317688 -0.426463 0.358946 0.585569 -2.21246 
0.95663 1.2865 -0.05414 -1.28735 -1.78535 -2.27193 1.80094 -1.57594 -0.32122 0.283971 0.0985564 1.01134 1.01654 0.297152 -0.300726 -0.930027 -1.66088 -0.427423 1.4933 0.72382 0.197637 -0.224307 0.420283 1.31751 0.388051 -1.21012 -0.157304 0.191057 -0.0498317 3.25704 0.201418 1.77611 -1.33273 0.699935 1.0751 -0.484457 0.425109 -1.13424 0.494536 
1.04467 1.60578 -0.649785 -0.194908 -2.12969 -0.922707 2.1026 -0.944735 -0.0175228 0.674358 0.600274 1.18135 0.849359 0.254106 -0.31736 -0.509265 0.358331 0.00805281 1.142 0.513695 0.706339 0.630414 -0.141213 1.24845 -0.580306 0.318374 -0.0135404 -0.253479 0.665352 2.20099 0.737989 -0.186717 -1.02058 0.00306712 0.0946029 -0.277174 -0.64469 -1.50145 0.947545 
1.21074 0.969137 -0.563405 -0.92902 -1.77729 -1.12993 2.31463 -0.869601 0.309195 0.142758 1.347 0.431038 1.33492 0.283611 -0.554204 -0.264675 0.540111 0.310566 1.30658 -0.296757 0.200704 -0.129704 0.143109 0.672821 -1.1134 -0.262573 -0.0320245 -0.193557 -0.191965 -0.364398 0.0807012 0.465966 -1.33152 -0.62169 -1.58375 1.30499 -2.25322 0.48441 -1.52699 
1.32828 1.05158 -0.91446 0.345203 -1.81912 0.383875 1.80584 -0.744031 -0.147227 0.817468 1.27309 0.0679482 0.586786 0.222082 -0.510917 -0.70123 -0.00606734 0.088754 1.60797 -0.817824 0.0846488 -0.953339 1.16378 -1.00477 -0.0958956 -1.20862 -0.123571 -0.197265 0.0358357 -2.50391 0.17316 -1.42032 0.0535592 -0.41184 -0.929119 0.318521 -2.37196 1.49597 0.227897 
1.43282 0.45822 -1.26463 -0.935088 -1.68854 0.478034 1.49681 -0.784952 -0.644145 1.30654 0.342228 0.335142 0.126304 0.160041 -0.751469 -0.228839 -1.9638 0.483726 -0.113741 -0.243198 -0.211136 -1.05882 0.46163 -1.69914 0.382567 -0.0346757 -0.142258 0.646924 0.636053 0.600925 0.210524 -1.35931 0.394073 -0.0532557 0.0695366 -1.22806 -0.312508 1.23824 0.674912 
1.48832 0.300108 -1.1433 -1.6186 -1.3354 0.270133 1.56264 -0.955167 -1.20605 1.2791 -0.426045 0.450516 0.552111 0.0798236 0.136007 -0.0651772 0.594858 0.299278 0.248655 -0.423752 0.0313931 -0.883803 -0.0642867 -1.31728 1.14234 -0.533703 -0.0941938 0.960893 0.241301 2.69445 -0.632947 0.808088 -0.205226 0.46281 0.960347 -0.341422 0.914783 0.230477 -1.04873 
1.51264 0.594228 -1.32981 -0.34023 -1.38926 0.726688 1.07306 -0.753559 -1.52795 1.24225 -0.975055 1.47749 -0.407399 0.065847 0.209424 0.0124618 0.730655 -0.149221 0.694346 -0.448424 0.251674 -0.0984768 0.120208 -0.784356 0.613044 -1.0834 -0.0152432 -0.51687 0.209453 -1.12269 -0.229693 -0.402049 0.609062 -0.0822703 0.933182 0.0137738 1.57728 -1.61334 0.567088 
1.55417 0.509532 -1.13084 -0.887941 -1.48462 0.96448 1.11422 -0.703493 -1.30453 1.39931 -1.2104 1.06356 -0.531294 0.0645804 -0.380863 0.144276 -0.527831 0.0695848 -0.153395 0.18531 -0.0508771 0.0493789 -0.0505129 0.259998 -0.470992 0.0333854 -0.041056 -0.538406 -0.126785 -1.07507 0.258325 -0.893158 0.448516 -0.484983 -0.914774 -0.0714522 0.451249 -0.981505 0.925142 
1.57722 0.213365 -1.18554 -0.868061 -1.31968 0.573294 1.25837 -0.804436 -1.47857 1.19174 -0.715057 1.00649 -0.374013 0.024791 -0.328982 -0.114323 -0.344414 0.109104 -0.198812 9.17091e-005 -0.233308 -1.01325 0.048756 -0.333107 -0.368461 -0.158263 -0.0767176 0.784941 -0.46546 1.03492 -0.0593157 1.1636 0.103636 -0.289373 -0.0961895 0.46998 -0.434402 0.90758 0.0795671 
1.57896 0.18055 -1.24516 -1.23236 -1.37551 0.765668 1.11431 -0.936801 -2.31778 1.44806 -1.54351 0.695099 -0.689557 -0.0121372 0.404079 -0.321183 0.507091 0.0102692 1.01021 0.288946 -0.34025 -0.0468106 0.419467 -0.174404 0.436588 0.112952 -0.0598408 0.668901 -0.220719 0.877234 0.0496901 0.916373 0.672558 -0.397921 2.35279 -0.95605 1.90376 0.273985 0.684287 
1.56508 0.617443 -1.50672 -0.36097 -1.30941 1.5835 1.54731 -1.14469 -1.52538 1.6112 -0.889461 1.44308 -0.261061 -0.0350498 0.339919 -0.335043 0.53282 0.158794 0.717562 0.67265 -0.63123 1.33954 -0.907294 1.57065 -0.0944758 0.526024 -0.00328929 -0.91315 0.187336 -1.71736 0.10468 -1.47736 -0.370562 -0.252087 0.712787 -1.54399 0.844847 -1.46941 0.0149642 
1.54391 0.520469 -1.5802 -0.699535 -1.21672 1.48323 1.78696 -1.56803 -0.978242 0.540768 0.0271452 0.600623 -0.163533 -0.0154265 -0.509072 -0.133847 -1.21027 0.11495 -0.467155 -0.0816156 -0.592337 0.665976 -1.12452 0.670443 -1.03282 0.127917 0.0564665 -0.761178 0.411986 -1.28785 -0.0936191 -0.678556 -1.23422 0.97515 -1.8212 1.76968 -2.92701 0.866404 -0.968211 
1.54966 0.108372 -1.64057 -1.57124 -1.19446 1.11635 1.4657 -1.73702 -0.859403 0.486684 -0.219017 0.410264 -0.133144 0.0214167 -0.421259 0.0769435 -0.755026 0.0651747 0.0390056 -0.561571 0.34392 -0.481666 0.862385 -1.35635 0.771928 -0.442187 0.00411977 0.783423 0.262586 2.13574 -0.154212 1.06826 -0.0559482 1.2201 -1.16502 2.073 -1.77143 2.34498 -0.875545 
1.56533 0.0992102 -1.50326 -1.45456 -1.15155 1.52224 1.22539 -1.22411 -1.45991 1.40315 -1.32921 1.37255 -0.60572 -0.0113067 0.274351 0.128739 0.925466 -0.0392625 0.601101 -0.137564 0.627766 -0.499044 0.948487 -1.10098 1.31216 -0.747628 -0.110526 0.68664 -0.305836 1.36897 -0.176595 -0.222383 0.218316 -0.180759 0.143751 -1.32024 1.17902 -0.764135 -0.186485 
1.53835 0.382723 -1.51183 -0.645774 -1.23372 1.71745 1.32813 -1.10926 -1.35845 1.43517 -1.32 1.72242 -0.880773 -0.0891095 0.265381 -0.228893 0.613949 -0.11142 -0.183377 -0.343255 0.163161 -0.337915 -0.457858 -0.177335 0.00779338 -0.628672 -0.0537012 -0.354958 -0.167642 -0.743679 0.208548 -1.08223 -0.11711 -0.621366 0.99185 -2.05324 1.43959 -1.75369 1.05375 
1.47622 0.364591 -1.73215 -0.840612 -1.26297 1.33886 0.882135 -1.06095 -1.79782 0.945295 -1.50654 1.38034 -1.23439 -0.0650079 -0.0806075 -0.038903 0.181787 0.169286 -0.481125 -0.254674 0.00640019 0.492806 -1.10475 0.338611 -0.441526 0.30612 0.0536125 -0.0290001 0.347765 0.0892285 0.353998 -0.112116 0.207389 0.168449 2.07045 -0.460433 0.39592 -0.647482 1.54408 
1.47334 0.302115 -1.55073 -0.463987 -1.06444 1.23632 1.07346 -1.10286 -0.865641 0.330422 -0.981391 1.2809 -0.574653 -0.0354971 0.236381 0.118872 0.703178 0.242578 -0.295493 -0.135867 0.33161 1.73254 -0.918291 0.218584 -0.639689 0.915408 -0.0545659 0.22505 -0.109358 -1.11444 -0.214324 0.0973409 0.0010499 -0.326163 0.236323 -0.433118 -1.08328 -0.432852 -0.334783 
1.44072 0.600971 -1.61328 -0.137434 -1.02039 1.04336 0.746269 -0.72934 -0.0652847 0.027004 -1.28796 0.740656 -0.318984 -0.119574 0.144442 -0.148261 -0.932653 -0.045038 -0.383784 -0.253624 -0.319762 0.729129 -1.53787 -0.74467 -0.874377 -0.0286636 -0.111597 -0.0153484 -0.351471 -0.455188 -0.271529 1.05673 0.236946 -0.478177 -1.87835 -0.0981358 0.783852 1.10981 -1.4765 
1.35377 0.446557 -1.69899 -1.39664 -1.10947 0.852538 0.819836 -1.42262 -0.136512 -1.20745 -1.72606 0.406521 -0.603316 -0.147094 0.221032 -0.232599 0.247989 -0.0289513 0.761233 0.101079 -0.146567 -0.14581 -1.01643 1.00244 0.470124 -0.561089 -0.058892 -0.391171 0.0240097 1.73091 0.1666 1.00556 -0.428584 0.573929 -1.71124 0.846908 2.62685 0.197922 -0.942964 
1.29363 0.822004 -1.84588 0.110555 -1.04934 1.8046 0.847348 -0.875907 -0.211095 -0.989423 -0.285522 1.21078 -0.880072 -0.178466 -0.246728 -0.124252 0.798259 0.121562 0.621774 -0.682208 0.254166 -0.982113 -0.69096 1.88218 -0.676455 -0.971628 0.00064227 -0.608024 0.457489 -0.262566 0.440655 -0.944923 -0.701017 0.168822 0.0660739 -0.28134 -0.584653 -1.81882 -0.566218 
1.1753 0.199829 -1.82324 -0.598381 -0.987912 1.47431 0.137628 -1.16845 -1.11862 -1.89841 0.156123 -0.269934 -1.57494 -0.146451 -0.386992 0.22489 -0.0145762 0.411704 -0.18369 -0.599938 0.0222545 -0.0797362 -1.29777 0.417784 -1.3487 -1.12731 0.0411272 0.927643 0.461325 -0.129264 0.184649 -1.16345 1.36217 0.118369 2.00923 0.550887 -2.53662 0.839396 1.05305 
1.14718 0.435012 -1.62099 0.0959789 -0.637636 1.62091 0.247409 -0.853653 -0.290831 -2.28719 0.132261 -0.13792 -2.00738 -0.137339 0.680915 0.337073 0.668995 0.306211 -0.541673 0.679959 0.372536 1.02711 -0.140073 -0.654442 0.162941 0.0814268 -0.119299 1.4852 -0.225344 -0.0423314 -0.447806 -0.835186 1.68074 0.471108 -0.0723397 1.26757 -0.156829 0.271544 1.13367 
1.03796 0.880743 -1.48617 0.070614 -0.681701 0.932639 0.817587 -0.795918 -0.0915118 -2.03848 -0.498319 -0.106993 -1.49352 -0.265751 1.09821 -0.000453972 -0.0569076 -0.0361015 -1.01888 1.08081 0.493362 -0.152076 -0.0301935 0.260954 -1.07716 0.00636672 -0.0776774 -0.21259 -0.194077 -0.129603 -0.0834261 0.535712 -0.834518 -0.17092 -1.75995 0.134217 1.82319 -0.467371 -0.200812 
0.881426 1.53322 -1.62144 0.0390713 -0.673737 0.602032 1.32822 -0.360291 -0.442907 -2.31738 0.393216 -1.21508 -2.00101 -0.215016 0.468325 0.142996 0.539393 0.222785 -0.00596121 -0.154559 0.201615 -0.732834 -0.00585543 1.16875 -0.30443 -0.119385 0.11396 -1.41756 0.562235 0.665528 0.337625 0.882423 -2.03121 -1.00626 0.350957 0.307123 -0.224432 1.04259 -0.144387 
0.822949 1.34907 -1.34317 0.610007 -0.458916 0.926678 0.663028 -0.594302 -0.824346 -2.04433 0.670432 -0.411423 -1.6129 -0.151791 -0.319354 0.561781 0.608621 0.301523 -0.136453 -0.950403 -0.512901 0.198881 0.27693 0.0365222 -0.0345696 -0.13802 -0.0224588 -0.495816 0.67832 1.6581 0.128869 -1.45451 -0.961128 -0.185844 1.39515 1.46356 -0.659863 -1.28788 -0.658748 
0.729636 1.21387 -1.05966 0.647692 -0.372214 0.465579 0.377813 -0.873192 -0.244026 -2.04045 0.429738 -1.24965 -2.13903 -0.237475 -0.027491 0.821316 2.19749 0.351654 -1.46047 -1.11569 0.0157714 0.662316 1.45771 0.508888 -1.59231 -0.778133 -0.0960824 0.318144 0.0066031 0.814674 0.251419 -0.865988 0.582289 0.791754 -0.644576 0.877461 0.861677 0.0539215 0.144546 
0.585474 1.32158 -0.521858 2.8075 -0.107262 -0.533792 -0.452658 -0.578531 -0.16203 -0.586625 1.17932 -2.00374 -2.39103 -0.247873 -0.00120967 0.568384 1.42329 0.552942 -1.00244 -0.368114 0.278853 -0.445695 1.15439 0.898199 0.019352 0.00652596 -0.159792 -0.137908 -0.36124 -3.56108 0.309702 1.42661 1.70997 0.154863 -2.42985 -2.68201 -0.347646 2.07821 2.49237 
0.481763 1.21266 -0.491278 2.07099 0.180728 -0.536862 0.00969896 -0.594338 -0.689721 -0.886061 1.32794 -1.23029 -2.13251 -0.397267 -0.165399 0.460076 -1.36358 0.661356 -0.0338609 0.59428 0.170635 -1.76753 -1.2243 0.161242 0.485895 1.71423 -0.234593 -0.00139402 0.127502 -1.49304 -0.0883345 0.767839 -0.0767648 -0.362079 -1.05734 -1.18524 -1.00921 -0.361151 0.724397 
0.188207 1.15618 -0.061782 1.44392 0.554094 -0.567653 0.141622 -0.407896 -1.92956 -1.81093 1.34056 -1.51784 -0.6768 -0.482467 -0.00260369 0.695886 -0.0697459 0.464608 -0.234602 -0.444878 -0.0832253 -1.50304 -0.0308492 -0.111015 -0.341799 0.730923 0.0791148 0.0299813 -0.129416 0.114406 -0.870336 -0.234268 -1.4469 -0.267579 1.67042 1.80377 -2.48018 -2.24602 -2.55825 
-0.000704128 1.21006 0.204608 2.00124 0.645336 -0.771464 -0.435179 -0.677564 -2.19276 -0.916911 1.21692 -1.57209 -1.40158 -0.318152 -0.135418 0.33066 -1.24918 -0.208981 -0.268129 -0.852625 -0.0969442 -0.0971072 0.579467 -2.31894 -1.76013 -0.844012 0.144662 -0.180614 0.0458173 -1.7988 -0.585366 0.842929 -0.0540839 0.942515 2.92545 -0.7799 -1.64648 -0.228637 -0.910472 
-0.129945 1.02076 0.268878 0.194739 0.345113 -0.835782 -0.711004 -0.50484 -2.02667 -1.23146 -0.978377 -3.27797 -1.52081 -0.337805 -0.183218 0.741703 -1.86855 -0.120758 0.608327 -0.498962 0.85929 1.42241 -0.810749 -1.75749 -0.570436 -0.179549 -0.0366193 -0.388518 0.409271 0.975083 0.460291 1.73855 0.465411 0.428307 1.13403 -1.20038 2.40298 3.81257 1.32201 
-0.338509 1.02684 0.946311 0.132693 0.524577 -0.163137 -0.934142 0.181726 -0.770349 -1.72766 -0.540572 -2.14253 -1.58113 -0.354771 -0.523936 0.739931 -0.274095 0.251311 1.47042 -0.387215 0.331363 1.03692 -0.620912 0.084042 2.05245 0.477997 0.00631951 -1.10637 -0.546906 3.12415 0.376242 -0.00622383 0.931977 -0.903423 -1.25421 2.04718 0.633584 1.42273 1.66494 
-0.484716 0.496823 1.00881 -0.0793554 0.596424 0.634643 -1.09822 -0.173477 -0.989748 -1.85237 -0.894335 -1.22552 -1.04281 -0.331485 -1.28959 0.194798 1.2556 0.255483 0.602103 0.433015 -0.0441331 0.168204 1.23643 -1.12391 0.852289 1.48539 -0.0632749 -0.635465 -0.713898 1.17222 0.117488 -1.96999 0.70693 0.361337 -0.654456 2.39889 0.621023 -2.25079 0.645311 
-0.669994 -0.262751 1.14111 1.3883 0.780061 0.438966 -0.501127 0.137593 -0.602145 -0.491231 -1.66448 -1.29024 -0.0957436 -0.418046 -1.1594 0.0260329 0.898122 0.368799 -0.499567 0.319715 0.6927 0.382463 1.77797 0.705065 -0.198343 1.12331 0.192384 0.737478 -0.395285 -2.44529 -0.156961 -0.738485 -0.429517 0.580573 0.238201 -0.89269 3.21437 -0.828397 -2.10908 
-0.902762 -0.662578 1.03484 0.818766 0.965223 0.135075 -0.778503 0.519222 -0.607285 -0.0744013 -0.189269 -1.42386 0.0804934 -0.139101 -0.55211 -0.200487 -1.18969 0.0985223 -0.136382 0.00349779 0.536439 0.406405 0.343739 2.09046 0.0238925 -0.623688 0.559778 1.2864 -0.228362 -1.72286 -0.320772 1.1108 0.332913 -0.615384 0.689399 -1.16468 -0.260712 0.626613 -1.09045 
-0.809094 -0.814862 0.940622 0.198609 0.878583 0.302584 -0.497629 0.674033 -0.195739 -0.147492 0.425983 -1.26635 -0.719432 0.141732 0.126998 -0.202329 -0.824738 0.048027 0.611235 0.652628 0.0773151 1.07186 0.613294 0.444353 0.42827 0.0328591 0.0308622 0.512917 0.0898797 1.71623 0.109471 1.01467 0.513252 -0.551778 1.08628 0.0603332 -2.32944 1.16492 1.44093 
-0.76103 -0.53558 0.832513 -0.00597136 1.01325 0.74631 -0.125875 0.596537 0.464577 0.538892 0.255084 -0.995594 0.113353 -0.108238 -0.0391937 -0.110607 0.526539 0.207994 0.878286 0.51675 -0.0153384 1.49268 0.404072 -0.238979 1.18882 0.817237 -0.245467 -0.105945 -0.185778 1.17788 0.0310631 -1.00135 -0.430453 0.499521 -0.646569 -0.647072 -0.45488 0.169849 0.384831 
-0.917333 -0.854055 0.830014 0.725148 1.08658 1.18087 0.019121 0.658694 1.29694 0.25658 0.187005 -0.077532 0.0978058 -0.103735 0.0210537 -0.388107 0.353145 0.0790901 -0.39012 0.222175 0.576836 0.425293 -0.0337778 -0.0105265 0.598119 0.41769 0.101798 0.212042 -0.220919 -1.26742 -0.39948 -2.23921 -0.970846 0.219002 -1.85456 -0.577701 1.96995 -1.38198 -0.863279 
-0.864765 -0.514526 0.444406 0.347173 1.09234 0.35619 0.0962999 1.17337 0.88987 0.505115 0.244558 -0.397475 0.531042 -0.00643995 0.172849 -0.331526 -0.740883 -0.191486 -1.36092 -0.454096 0.203663 -0.361879 -0.173629 1.73097 -0.193166 -0.0460412 0.0694068 -0.414669 0.527821 -1.27835 -0.310158 0.565487 -0.353418 -0.693106 0.269856 1.12575 0.237074 -1.01953 -1.27539 
-0.923773 -0.681207 0.498488 -0.015735 0.895091 -0.180049 -0.434975 0.862357 0.935065 0.0829506 1.91797 -0.270698 0.0517645 -0.0343282 -0.393615 0.139714 -0.925202 -0.231068 0.175367 -0.131243 -0.11627 0.695149 1.09197 0.226548 -0.421416 -0.8577 0.00785572 -0.37989 0.619958 1.10234 0.174374 1.54804 1.13931 0.444018 0.643453 0.647636 -4.8089 0.33455 0.792493 
-0.899093 -0.908141 0.584119 -0.578028 0.861272 0.531556 -0.0349434 1.0571 1.58502 1.59709 0.471105 -0.818891 -0.326657 0.00141577 -0.207041 0.288431 0.361458 -0.017112 0.187122 0.685212 0.647682 0.281574 0.474007 -3.07793 0.141383 0.746452 0.0313491 0.534477 -0.0702724 1.00464 0.117964 -0.601141 0.106127 0.371813 -1.36746 -2.48851 0.214401 2.17856 2.24251 
-0.922357 -0.888248 0.78692 0.345723 0.877979 0.00707324 0.250237 1.51004 1.21664 0.556958 -1.15996 -0.129315 0.798216 -0.00297909 0.140862 0.0694411 0.0794434 -0.113104 -0.425774 -0.0251163 0.255543 -0.672312 -1.39654 0.440949 1.75714 1.38481 -0.0128687 0.0931977 -0.66377 -2.53687 -0.330558 -1.1878 -1.76237 -1.7625 -0.822527 -0.54793 4.23658 0.648582 -1.34433 
-0.902072 -0.767279 0.653561 -0.498585 0.748168 0.105783 -0.0600597 1.31265 0.912707 0.200549 0.912054 0.938251 1.05816 -0.0114529 -0.113843 -0.375339 -2.17541 -0.34767 -1.00068 -1.07716 -1.11482 -0.540952 -0.0739227 1.15864 0.789965 -0.597874 -0.0683896 -0.538996 -0.35274 -0.872665 0.216685 0.746904 -0.0331767 -0.665903 1.4067 2.23832 -1.52919 -2.89794 -1.23258 
-0.93381 -1.00209 0.411581 -1.82969 0.530309 -0.993602 -0.826923 0.395216 0.675686 0.483035 -0.00131535 0.66065 0.200342 -0.0713687 -0.398134 -0.283298 -0.793222 0.10358 0.32113 -0.058293 -0.410361 0.734392 0.841783 -1.08824 -1.1408 0.15223 -0.0406696 -0.0838651 0.47177 2.63966 0.69675 2.58544 1.50855 1.82568 1.22285 0.514911 0.993825 -0.512473 1.90854 
-0.973441 -1.16541 0.370262 -1.29181 0.851748 0.426913 -0.118353 0.902285 1.6471 1.04233 -0.176189 -0.202545 1.21039 -0.0521225 -0.197708 0.0964315 0.464244 0.34908 1.58476 0.431388 0.710859 0.681896 0.440988 2.15247 0.277492 1.31067 0.111054 0.621737 0.458631 1.602 -0.0461998 -0.955348 -0.149676 0.652025 -1.32979 -1.25817 1.52908 0.904715 -1.057 
-0.985932 -1.1998 0.508012 -1.36544 0.879388 0.591161 -0.395535 1.10608 1.35758 0.924023 2.15115 0.938142 1.51101 0.0396849 0.223603 0.175332 0.80878 0.0573807 -0.634218 -0.207969 0.241664 -0.595402 -0.41639 0.440834 -0.236081 -0.904774 0.110865 0.196523 -0.0876814 0.643582 -0.436108 -2.8985 -1.13548 -0.765463 -1.03289 -1.48485 -3.92726 -1.32205 -2.76338 
-0.933756 -0.94181 0.545594 -0.483027 0.909129 -0.207305 -0.326322 1.14395 1.0517 0.625943 0.264645 -0.438626 0.305612 0.0587422 -0.00118576 0.00875007 1.10783 -0.0870286 -1.31373 -0.704091 -0.0546043 -0.350992 -1.04386 -1.77479 -1.04456 -1.45271 -0.0578709 -0.68623 -0.161715 -0.571351 -0.252885 0.47625 -1.00362 -1.08185 -1.0161 -1.0478 -2.82738 -1.1801 0.0441507 
-0.92719 -1.20099 0.516762 -0.257617 0.79236 -0.722573 -1.09963 1.05147 1.00659 -0.119835 0.376358 -0.106414 0.0582969 -0.018186 -0.462627 0.0136172 0.237429 -0.195504 -0.157968 -1.21159 -0.840185 -1.61151 -1.46419 -2.38655 -1.41618 -0.860623 -0.132744 0.0920864 -0.168516 -2.31571 0.0360548 1.99031 1.11319 -0.943614 0.163194 1.94968 0.977183 1.57499 2.82671 
-0.951942 -1.40444 0.559212 -0.245597 0.713624 -0.365274 -1.53791 0.303763 -0.55981 -0.838252 -2.12191 -1.85481 -0.555011 -0.0740017 0.0909007 -0.159766 -1.20788 -0.0509738 0.676578 0.409095 -0.998218 -0.187798 0.905823 -0.797611 0.53043 1.37399 0.00854866 0.730069 -0.038248 -0.125783 0.237371 -0.322005 1.89133 1.26702 2.89933 2.596 4.35635 3.6013 2.24828 
-1.00119 -1.11008 0.356997 -1.4655 0.741386 -0.0459955 -0.690532 0.0532526 0.818793 0.785989 -0.421253 0.424016 1.43229 -0.00963729 0.267442 -0.0246308 0.111646 0.0418668 -0.479974 0.679741 0.426837 1.28783 1.1318 1.9698 2.18511 1.38765 0.116199 -0.00698608 0.226033 1.77451 0.0612242 -1.29843 -0.805996 1.98089 0.0974776 -1.90714 1.46344 -1.44094 -1.20272 