86.6714 -6.69796 -3.71257 -1.16945 -1.16076 0.696351 -0.602957 -0.521565 0.258912 0.0587278 -0.124316 0.993685 -0.279936 
86.7655 -6.27173 -5.12218 -0.848592 0.512691 1.13592 -0.145333 0.00212638 -0.54166 0.250686 0.270995 1.87942 -0.406231 
85.1554 -6.27542 -5.75842 -1.59633 0.495874 0.729413 0.356546 -0.720364 -0.973204 0.427846 -0.186301 1.47051 -0.47279 
85.9528 -6.77919 -4.03486 -1.90279 -0.989648 1.12043 0.707992 0.0893656 0.301121 1.42443 -0.497856 0.86044 -0.534357 
86.2556 -5.50154 -2.74089 -1.34403 -0.336612 0.133509 -0.215287 0.565649 0.13806 0.165175 -1.46846 1.03375 -0.232054 
86.2227 -5.90701 -4.23085 -1.23328 0.0723706 0.339443 -0.511324 0.21653 -0.126495 -0.257356 0.312008 1.19326 -1.03166 
86.5687 -5.16592 -4.35585 -1.20415 -0.146677 1.0448 1.36919 -0.0315956 0.492592 1.04737 -0.590727 0.920151 -0.742452 
84.4222 -6.38145 -4.86886 -0.813412 -0.586351 1.11213 0.135108 -0.0624586 -0.213661 -0.447069 -0.718674 0.96481 -0.529585 
86.8889 -6.25064 -4.13052 -0.732168 0.129354 1.53927 0.108906 -0.589617 0.18594 1.00494 0.569987 2.0824 -0.719657 
86.7786 -6.23229 -2.3105 -1.37845 0.830274 0.199184 -0.23224 -1.7946 -0.657996 0.482954 1.22274 0.78174 -1.11193 
89.1234 -4.65495 -3.34151 -1.49437 -0.146163 1.0342 0.602869 -0.434475 0.343653 -0.233394 -0.299797 -0.0012867 -1.2431 
94.696 2.07024 1.47449 1.55114 0.674601 0.775594 0.797493 1.20147 0.710902 0.264452 -0.0458392 -0.113372 -1.45459 
102.83 7.30833 4.75524 2.29972 0.349486 -0.913007 0.15812 2.0154 2.32901 -0.18215 -2.47596 -2.28878 -2.8912 
106.011 8.11197 5.28374 2.01627 -1.07021 -1.14227 0.297494 1.43222 1.38883 0.30251 -2.54143 -1.45133 -2.57289 
110.072 7.68839 5.40073 1.21664 -0.935951 -0.675494 0.11043 1.13165 1.80088 1.27829 -1.65274 -1.80549 -2.07098 
107.302 8.43769 5.57321 1.95959 -1.67778 -0.409926 0.633846 1.86975 1.94331 0.606164 -1.62071 -2.01529 -1.94466 
107.338 8.13871 4.77369 1.74825 -1.88726 -0.176375 1.62689 1.99094 2.36409 0.310713 -1.47724 -1.43569 -1.94161 
106.373 8.6605 5.79596 1.38559 -0.886173 -0.887566 1.14825 1.36692 2.50812 1.61914 -1.83755 -0.620827 -3.08223 
107.969 9.13445 6.7165 1.84635 -1.98776 -1.32823 0.698006 0.876948 2.37715 1.12096 -1.61368 -0.577304 -3.0855 
109.259 10.268 6.76103 2.06672 -2.51668 -1.80775 0.481192 0.701203 2.1386 0.631086 -2.30208 -0.770805 -2.30614 
110.115 11.118 7.36794 1.37886 -2.39538 -2.27086 -0.114653 0.197069 1.88409 0.215638 -2.14902 -0.587505 -2.29454 
111.17 11.7333 8.1576 1.69708 -3.16046 -3.61242 -0.639813 0.000216239 1.76495 0.0290026 -2.25494 -1.08227 -2.63924 
121.84 11.3336 2.06018 0.0971323 -1.63976 -2.21057 -0.803637 -0.880836 0.217604 -0.428757 -1.59262 -0.262859 -2.11845 
115.705 12.2385 5.31258 -1.31144 -4.90347 -2.95648 0.450557 -0.527364 1.08429 -0.899526 -2.45554 0.408507 -2.20062 
119.75 11.609 3.31698 -2.29253 -5.98662 -1.98655 0.452853 -0.320721 1.12583 -0.536332 -1.74449 0.538836 -1.57143 
118.53 12.6569 2.36566 -3.2039 -7.4827 -0.627702 1.49072 -1.126 1.30164 -1.25192 -0.536479 1.21315 -1.50856 
120.563 11.2976 0.91752 -3.28835 -6.40516 -0.82843 1.39003 -0.553918 1.02165 -1.24616 -0.0625179 1.08608 -0.520242 
118.919 12.2139 0.881234 -4.63941 -6.44836 -0.400861 2.52042 -1.8812 0.342452 -0.362895 0.788174 0.721595 -1.03274 
119.788 11.1683 1.7114 -6.02494 -5.99631 0.393268 1.90695 -2.07863 0.793707 -0.51467 0.816669 1.31393 -0.851158 
120.473 10.3087 2.09286 -6.94555 -5.60542 0.337218 3.38455 -3.66506 0.369356 0.0603713 1.1482 1.59531 -1.79387 
120.192 9.95082 2.15628 -6.7545 -5.67994 0.950671 3.08034 -4.15245 0.857701 -0.480887 1.57734 1.67694 -2.04792 
119.076 10.0991 2.29058 -6.72965 -5.6499 1.44126 2.83666 -3.92289 0.244121 -0.0963499 1.50227 1.28835 -1.73147 
118.078 9.90599 2.66949 -6.87216 -4.89161 1.52558 2.55602 -4.02791 -0.294329 0.0721736 1.81353 1.55557 -2.74312 
117.13 10.1647 1.45593 -5.82342 -2.92073 0.0116717 2.19929 -3.57602 -0.428314 -0.28718 1.37756 2.10707 -2.6595 
114.836 9.64837 2.12695 -5.43727 -2.19994 0.12371 1.37026 -2.57603 -1.15111 -0.402691 0.821592 2.73124 -3.36102 
112.495 9.27557 1.81174 -4.48608 -1.45975 0.329114 1.00645 -2.15413 -1.20121 -0.629883 0.613701 1.92367 -3.49658 
108.543 7.04206 1.25226 -1.99045 -1.23928 0.0461986 1.53117 -1.16378 -1.35155 -0.616187 0.148939 1.45404 -3.44066 
104.979 6.29758 0.719041 -1.16498 -0.244436 0.848439 1.60158 -0.100163 -1.13725 -0.256981 -0.737599 0.634277 -3.44906 
101.971 4.92906 0.32078 0.743091 1.87255 1.28246 1.38388 -0.853811 -2.16339 -0.821324 0.421985 1.02589 -3.14964 
101.278 5.46395 0.767368 1.30727 0.863687 0.58755 1.03896 -1.13918 -1.14547 0.135369 0.0569634 -0.290663 -2.65966 
100.41 5.55873 1.58557 1.38883 0.195822 0.515476 0.375174 -0.276648 -0.531824 0.0267175 0.11676 -0.651526 -2.94564 
98.5555 4.75482 1.46438 1.80248 0.670013 1.54339 0.0437548 -0.862569 -0.466525 -0.423217 -0.380616 0.282554 -3.19608 
98.4974 4.68271 0.682403 1.2214 1.64462 1.1364 -0.376594 -0.467302 -0.449709 0.0195953 0.0861842 -0.4825 -3.62872 
96.7053 4.01772 1.13392 2.01404 1.53688 0.978249 -0.457939 -0.44636 -1.55563 -0.882013 -0.00255612 0.182036 -2.53449 
94.3248 2.03173 0.218195 3.43027 2.30466 0.282821 -0.644562 -0.999331 -0.907154 0.366148 -0.2429 0.0807365 -2.5362 
92.7527 0.179354 -1.14988 1.53838 1.43906 0.545943 -0.114457 -0.0978717 -1.0887 -0.0704942 -0.306361 0.0581096 -1.52718 
91.6374 -1.65476 -2.52748 -0.372225 -0.277551 1.35028 -0.361123 0.602099 0.165102 1.14927 1.35018 0.421236 -1.39863 
90.4294 -2.42272 -2.15179 0.99718 0.265253 0.140931 -0.658227 0.386897 0.61194 0.678389 1.15575 0.885109 -0.736622 
89.8873 -2.41359 -2.59262 -0.244093 -0.281485 0.245988 0.484817 0.711124 -0.381925 0.524165 0.345457 0.180511 -1.59827 
89.8771 -3.72212 -3.53304 -0.415695 0.250897 0.197812 -0.270446 0.095752 0.20545 1.29617 -0.604862 -0.216827 -0.855206 
87.9581 -3.09262 -3.5039 -0.949835 0.570788 0.422281 -0.553635 0.42044 0.00554562 0.962401 -0.564155 -0.0874762 0.417445 
86.9188 -3.27002 -2.54759 -0.252303 0.57032 -0.347008 -0.0198151 0.81765 0.549156 1.45261 -0.555017 0.572581 -0.344802 
85.7736 -4.01989 -3.33505 -0.990036 0.416757 0.560828 -0.306361 -0.244784 0.0653834 2.25987 0.25574 1.7405 -0.979739 
87.3493 -3.31957 -2.17535 -0.519722 0.0896056 0.525989 0.208499 -0.387842 -0.00116512 1.10736 0.112674 0.432625 -2.09461 
85.7885 -2.5874 -1.73845 -0.203608 -0.130161 0.668257 0.608534 0.0824068 0.614481 2.12125 0.232265 0.688615 -1.13738 
87.9021 -5.84118 -2.45262 -1.31767 -0.0144086 0.974855 0.611962 0.264644 0.809728 0.776412 -0.446989 -0.894928 -1.53017 
89.5242 -4.81683 -1.50744 0.142168 0.275918 1.90903 0.217844 0.637827 2.05822 1.65472 0.887317 -0.263644 -1.02147 
89.4271 -7.36774 -0.813232 1.62133 -1.76425 4.20734 -0.280097 2.14793 2.3558 0.986639 1.27706 -0.458178 -0.706416 
90.3627 -6.76445 -1.58015 0.58812 -2.98669 3.74997 -1.64155 0.691748 0.716181 -0.141809 0.873092 -0.00154595 -0.721229 
92.4498 -7.83624 -0.676906 0.811168 -2.70503 3.26174 -1.28689 0.297462 0.119451 0.0944617 1.17042 -0.529234 0.870281 
76.0132 9.55732 -16.3003 10.5517 -8.20378 4.77243 2.00615 -2.71808 4.34936 -4.60415 3.9777 0.742266 -0.447497 
80.9824 -5.36953 -2.98471 0.441261 -0.638469 2.24633 0.912921 2.50504 -0.00130771 -1.16654 0.570334 0.444811 0.522781 
