-0.970199 -0.706986 0.165876 -1.07951 0.597041 0.218615 -0.371429 -0.134822 0.0916264 0.312596 0.740862 0.0584023 0.333384 -0.0314382 -0.0342184 -0.021931 -0.0153232 0.565 0.182176 -0.811629 -0.827659 -0.22467 0.632852 0.0866046 3.0377 2.39075 0.138646 0.621642 0.708351 0.142924 0.928672 0.975137 1.75895 2.70767 1.35248 0.658316 -1.3194 -0.856098 -3.59511 
-0.922656 -0.29736 0.671294 -0.938429 1.24999 0.630331 -0.594961 -0.116943 0.056291 0.944524 0.470042 1.36677 0.987049 0.0589464 0.560822 0.617242 -0.0328271 0.440628 0.521008 0.735991 1.44995 0.770783 0.700471 0.255598 0.542559 -1.25151 0.0269042 -0.0386554 0.0440666 0.176924 -0.263075 -0.157992 1.72107 1.61488 0.0880575 -0.227018 -0.6859 -3.90151 -2.37713 
-0.911253 -0.146165 0.783118 -1.11234 1.03767 0.739622 0.364562 1.31513 0.86241 1.01307 0.996461 0.600961 -0.918131 -0.00453403 -0.0728739 0.0221356 0.1616 0.301925 0.0241836 0.909439 0.787218 -0.136612 0.405834 -0.599296 -0.863812 0.0136188 -0.0513749 -0.567936 -0.70202 0.300551 -0.391618 -0.674386 -1.37823 -2.11085 -0.750017 -0.220495 -1.74958 -1.08781 2.64675 
-0.92719 -0.370234 0.693429 -0.776829 1.55192 0.654514 0.314479 0.670276 -0.0803212 1.35036 -0.129253 0.502955 1.00067 0.00757157 -0.00711484 -0.0847779 0.267724 0.04901 -0.153378 -0.642239 -0.660898 0.0207661 0.479976 -1.49398 -0.545254 1.39524 0.0564652 0.677321 0.090606 -0.33954 -0.905777 0.011015 -0.601083 -0.950101 0.933021 -0.968257 0.645492 1.11211 -1.31986 
-0.903681 -0.15328 0.69834 -0.844612 1.08668 0.586244 -0.277677 0.654235 0.883176 1.49304 -0.497517 0.0557075 0.477109 0.0519312 0.604447 0.112742 -0.177939 -0.603853 0.0351986 0.308357 -0.162883 0.796409 -0.562424 0.0461963 0.248297 -1.30625 0.0197562 0.106389 0.161586 -0.347875 -0.352756 -0.191617 0.541223 0.0343525 -0.696892 -1.45609 2.06417 -0.623102 -3.34075 
-0.875258 0.234213 0.806171 -0.954768 0.948063 0.689713 0.622835 0.507393 0.716088 0.787934 -0.0830571 0.751251 -0.305578 0.0273278 0.0992746 0.076808 -0.0801512 -0.303746 -0.344995 -0.101016 -0.626545 -0.676126 -0.976118 0.570192 -1.16836 -1.94551 -0.0752257 -0.923854 -0.271509 0.331753 0.716099 -0.176294 0.236296 0.171852 -1.48275 0.0975968 -0.0264268 -1.51552 0.926386 
-0.876353 -0.0540049 0.775148 -0.924763 0.782932 0.241249 -0.378693 0.0276895 0.20705 0.516925 0.0726745 -1.11265 -1.4684 -0.0232945 -0.319407 -0.158767 0.153813 0.112246 -0.141095 0.544652 0.00896984 -0.686337 -0.464827 0.0197695 -1.26722 -0.37986 -0.128934 -0.2158 -0.346256 0.0575317 0.544907 0.494843 1.34386 1.53185 1.26254 0.640049 -1.49888 -0.0276422 2.2149 
-0.898553 -0.0851939 0.647404 -0.800955 1.06031 0.548618 1.16749 0.516363 0.0297511 0.323107 -0.0632876 -0.515971 -0.685438 -0.101606 -0.116525 -0.269448 -0.0226195 0.24116 0.149848 1.24284 0.905305 0.58641 -0.336069 -0.928683 -1.196 0.269396 0.0276333 0.457203 0.175385 -0.170767 -0.171578 0.0498313 -0.264737 0.857084 1.7293 0.568547 0.00759671 3.35182 0.980932 
-0.977959 -0.17053 0.5057 -0.947383 1.02409 0.391096 0.864147 0.932994 0.793461 0.180856 -0.856009 -2.30865 -1.199 0.00433879 0.137796 0.0166178 -0.016954 -0.0593323 -0.0912638 0.279916 0.866054 1.04296 0.10372 0.0273662 2.0846 0.601072 0.17016 0.156133 0.500301 0.293472 -0.00564496 0.540612 -0.893392 -1.00945 -0.658364 0.206354 0.988991 4.11938 0.621359 
-0.894214 0.052602 0.664021 -0.817909 1.00098 0.457354 1.4474 1.38242 1.07271 0.426827 -0.0359214 1.56863 -0.0843662 0.0685539 0.0396075 0.230852 0.270853 0.235516 0.69046 0.349448 -0.104148 -0.0719535 -0.129715 0.0603079 2.92338 0.890755 -0.0499775 -0.702085 -0.303103 -0.0898093 -0.109897 0.136366 -0.83521 -0.94298 -1.75814 0.541964 0.624113 -2.41125 0.570193 
-0.909405 -0.130923 0.736552 -0.67653 1.25961 1.08156 1.21359 0.828847 0.721507 0.0511409 -0.795701 0.614738 -0.308245 -0.0456387 -0.564289 -0.286486 -0.106763 -0.169229 0.0451025 -0.555295 -0.0769261 -0.715185 0.645684 0.651479 -0.326648 1.17126 -0.0456636 0.0743531 -0.264849 -0.588078 -0.260822 -1.14108 0.321778 -0.0313283 -0.116176 0.547536 0.434579 -2.83342 0.118144 
-0.939853 -0.511687 0.377536 -0.924672 0.831747 0.502456 0.892108 1.30549 0.357525 1.07251 0.615558 1.24198 1.0869 0.0228903 0.113961 -0.0339973 -0.317226 -0.0253061 -0.450625 0.671226 -0.135476 -0.188129 0.41782 0.494887 0.0899613 1.0089 0.02359 0.910227 0.568789 0.0185813 0.314662 -0.152725 0.0559379 -0.269143 1.02704 -1.38639 -1.5358 -1.21951 -1.28605 
-0.886515 -0.0169623 0.702554 -0.993756 1.2343 0.630931 1.88482 0.693371 0.533378 0.468961 -0.300814 0.704699 0.700654 -0.0220487 0.345938 0.282303 -0.088182 0.145433 -0.107623 -0.499357 -0.346069 0.311859 -0.740709 -0.88432 -1.54616 -0.114781 -0.0563704 -0.194324 0.374944 0.454721 -0.285134 0.3063 -2.10412 0.995281 0.923026 -0.509859 -0.364423 -2.27916 -0.552431 
-0.961902 -0.165749 0.659839 -1.01285 0.977181 0.394834 0.392751 0.959422 0.669384 0.331802 -0.268762 -0.304177 0.972118 -0.0334802 -0.0803637 0.340947 0.137495 -0.31044 -0.144324 -1.4329 0.859805 0.734897 -0.0920383 0.130464 -2.1892 0.456468 0.0905998 -0.461738 -0.301033 -0.0118316 -0.287601 0.319755 0.581397 0.510911 -0.417559 0.637388 0.344069 2.39351 -0.29306 
-0.919995 -0.097326 1.0435 -0.856261 0.923862 0.486607 0.451924 1.55318 1.26827 0.376923 -0.170349 -1.4845 1.15712 0.0685511 -0.1158 -0.0187298 -0.100014 -0.142167 0.212132 0.0820397 0.164842 -0.1057 -0.103321 -0.540251 0.847346 -0.407841 0.0635913 0.0856651 -0.942747 -0.281994 0.324895 0.0662858 2.46021 -1.26719 -1.62584 0.564997 -0.171056 2.60115 -2.25988 
-0.89335 -0.281548 0.641109 -1.11287 0.835013 0.606966 0.474791 1.12426 0.563684 0.228481 -0.809013 0.543169 0.564277 0.0301112 0.00530133 -0.6018 -0.144499 0.0144544 -0.0780387 1.02731 -0.407382 -0.890942 0.472958 -0.0405915 0.411952 -1.80342 -0.117934 0.146275 0.0569863 0.195656 0.518297 0.0949005 1.27178 0.263433 0.553016 0.346062 1.09908 -1.6276 0.266838 
-0.889884 -0.0920247 0.441701 -1.00076 0.938316 0.408568 1.47923 1.14579 0.377333 0.849881 -0.210941 -1.07255 -0.646294 -0.0493831 0.0304753 0.0382565 0.0956428 0.37613 0.307032 1.35382 0.428276 0.447316 0.242741 0.558828 -0.780257 -0.141002 -0.0369212 -0.0938349 0.755421 0.314901 0.214483 0.318264 -1.44387 0.561174 1.72054 -0.0432491 -0.0949573 -0.469928 1.95845 
-0.942734 -0.251073 0.679366 -1.01723 1.21114 0.913998 1.82861 1.55254 1.011 0.471222 -0.250185 -0.237087 0.423275 -0.00681002 -0.0885335 0.15362 0.170402 0.228937 0.240225 -0.416559 0.153792 0.829597 0.429709 -0.135549 -0.0579755 0.155033 0.0764733 0.0697958 -0.103852 -0.0301874 -0.478951 -0.953062 -3.09366 -1.53884 -1.75413 -0.397564 -0.340549 1.54024 0.810807 
-0.896694 -0.180558 0.595321 -0.830358 1.16725 0.648793 1.06268 1.29959 1.20693 1.27959 -0.34649 -1.13053 -0.491261 0.0270901 0.100271 -0.0655954 0.0654554 -0.102821 -0.64603 -1.73984 -1.11056 -1.30681 -0.154824 0.218278 0.75998 0.669805 -0.0294781 0.162491 -0.00514151 -0.301703 -0.462279 -0.166654 -0.436431 -1.11394 -1.75531 -1.88673 -0.401742 0.479256 -0.114928 
-0.915643 -0.150802 0.61377 -0.95177 1.10832 0.267968 0.088776 0.441977 -0.29581 0.316398 -0.0319069 0.522892 1.09308 -0.0362882 0.0739572 0.148479 -0.131301 -0.233341 0.0735708 -0.85299 -0.960152 -0.925711 -1.45702 -0.537291 0.421281 0.0401045 0.742665 1.2166 -0.455264 1.12467 -0.553989 -0.4237 3.27438 0.916436 0.89115 -1.22519 -3.29335 -1.70166 -0.32391 
-0.932982 -0.106601 0.7438 -0.961659 0.933912 0.722364 0.209685 0.339434 0.28122 -0.17743 -0.88378 -0.709245 -0.451156 0.769755 1.31687 -0.52086 1.19012 -0.65681 -1.06973 1.53454 -0.194128 -0.41566 -1.38001 -3.07507 -0.941685 0.345895 2.11456 0.908585 -2.59275 1.05633 -1.76925 -1.82539 0.15765 -0.81226 1.25251 0.466539 -1.29944 -0.987383 -0.983149 
-0.145888 1.16607 0.0929107 0.238354 0.451511 -0.801761 1.62332 0.247849 -0.71147 -1.06362 -3.10698 -0.418793 1.43897 2.07827 0.982542 -2.44427 0.925027 -2.00259 -1.75182 -0.69534 -1.77241 0.3268 -0.990481 -1.83673 -0.566102 -0.943045 0.665846 -1.32642 -1.49348 -1.05169 -0.995311 1.53877 -3.90179 -0.389409 1.88866 1.76059 4.86649 0.869928 -1.54182 
1.14529 0.875941 -1.70047 -0.0366318 -1.06868 -1.02946 -0.485655 -1.43298 0.60802 -1.16791 -2.72052 -1.27535 -1.3942 1.4356 -0.0095528 -2.01434 0.138429 -1.65212 0.469043 -2.36725 -0.583537 1.473 0.380573 1.79142 -0.0717568 -1.19593 -1.83603 -1.18268 2.56373 -0.899117 2.04338 2.33731 1.4148 3.00663 0.229124 1.47272 3.24132 1.18203 2.2856 
1.28971 1.15651 -1.92143 0.376783 -1.20061 -0.332719 -0.743935 -0.335687 0.76153 -0.683044 -1.31556 -0.490549 0.243048 0.24224 -0.200138 0.119462 0.0259099 0.0407906 0.585485 0.719463 1.23422 0.555924 0.48224 1.40459 0.61593 1.34256 -1.36915 0.179509 1.71679 0.0642769 1.49961 -0.454527 2.51976 0.70617 -1.81107 0.355891 -1.81642 -0.00157405 0.217769 
1.38753 0.675803 -1.58101 -0.0107219 -1.02789 -0.443974 0.233808 -0.19876 1.16394 -0.685671 -1.31593 -0.659417 -0.0516414 0.0664509 0.169956 -0.297548 0.202706 -0.152509 0.0145153 0.152506 0.122634 -0.338065 0.736464 -0.0250058 -0.0733309 -0.978157 -0.204319 0.486083 -0.742361 0.611137 -0.408408 -0.541096 -1.92543 -1.30824 -1.39643 0.292623 -1.20081 -0.432922 -2.0686 
1.35616 1.32647 -2.21898 0.579489 -1.35312 -0.318203 -0.591429 -0.213054 0.423465 0.05342 -1.34056 -0.56388 -0.735109 0.0379204 0.285945 -0.6229 0.637047 -0.367618 0.0443892 -1.20596 -0.0740253 -0.840502 0.774863 0.203774 0.183008 -0.726038 0.0698329 -0.687447 0.709959 -0.205975 0.5713 -0.431582 0.457013 -0.4467 1.0017 -1.09269 1.23069 0.561444 1.2764 
1.42545 0.961748 -2.20391 0.626325 -1.3955 -0.399585 -0.972156 -0.272785 0.323442 0.0891917 -1.11216 -0.476409 -0.777679 0.136284 -0.517492 0.412411 -0.00326888 0.41879 -0.417067 0.609519 -0.324066 0.663638 -0.356222 1.20568 0.488113 0.298238 0.0242457 -0.52684 0.931334 -0.609916 0.621715 -0.396245 1.23588 -0.121614 1.07003 -1.21549 0.721387 -0.225656 0.722545 
1.49245 0.808977 -1.80657 0.57622 -0.934329 -0.73527 0.0180899 -0.53712 1.0871 -0.302802 -0.134881 -0.0757675 -0.436871 0.0621661 -0.240895 0.308434 0.027131 0.254098 -0.351856 0.0299176 -0.19564 0.229525 -0.440627 0.925161 -0.042648 -0.00349274 -0.0830659 0.096403 0.0353605 -0.209666 -0.180554 0.0866202 -0.882204 0.237782 -1.05577 0.34269 -1.0698 -0.581362 -0.0901686 
1.48761 0.720852 -1.89547 0.653456 -1.14141 -0.75144 -0.942239 -0.468425 0.552967 -0.351436 -0.186995 -0.519057 -0.781172 0.0532178 -0.421089 0.447772 -0.212935 0.238236 -0.330447 -0.272685 -0.0862841 -0.39213 -0.0135326 0.135886 -0.0932494 0.20807 -0.112641 0.267839 -0.348657 0.0131124 -0.445341 0.28966 -0.840891 0.0320949 -0.93608 0.255982 -1.42994 -0.109117 0.755282 
1.54567 0.387889 -1.35879 0.363285 -0.696093 -1.06572 -0.254595 -0.623404 0.694973 -0.316335 0.00100468 -0.169017 -0.228801 -0.0504749 0.0269438 -0.0402229 0.0402434 -0.191243 -0.062196 -0.810974 -0.163545 -0.706555 -0.184645 -0.504779 -0.151765 0.75179 -0.108165 0.59361 -0.32519 0.498736 -0.324558 0.436326 0.627585 -0.200197 0.289547 0.183333 -0.0353702 0.948391 0.499398 
1.43714 0.747796 -1.9357 0.6937 -1.33265 -0.813636 -1.75321 -0.631969 -0.153588 -0.536081 -0.691774 -0.670822 -0.0293823 -0.0549467 0.172522 0.122582 0.2858 -0.0863215 0.105879 0.3549 -0.286481 -0.102583 0.169801 0.100515 0.855142 0.707468 0.0391361 -0.270913 0.40622 0.0394463 0.318344 -0.171565 1.6692 -0.64132 1.02702 -0.189477 1.35143 1.4091 -0.743362 
1.49072 0.560411 -1.23621 0.649086 -0.782415 -0.959837 0.100306 -0.909885 0.592389 -0.146534 0.10152 0.686125 0.478666 -0.0113388 -0.24397 0.365997 0.0796897 0.127101 -0.233761 0.858226 -0.804864 0.320466 -0.374122 0.84665 1.25733 0.00842784 0.0247907 -0.190764 -0.14979 0.0198558 -0.0780906 -0.207861 -1.01431 0.00633382 -0.210773 -0.602956 0.245912 -0.337095 -0.663233 
1.4258 0.503826 -1.5697 0.773389 -1.20555 -1.0474 -0.894986 -1.43683 0.166878 -0.910203 0.154876 0.586509 -0.0209545 -0.030156 -0.018242 -0.0272081 0.305656 -0.164412 -0.101982 -0.659408 -0.280147 -0.313357 -0.433155 0.346428 0.518047 0.0442349 0.0328312 0.179033 -0.220332 0.128674 -0.0459567 0.153827 -1.0129 1.18849 -0.634787 0.732516 0.0168398 -1.09127 1.35961 
1.46056 0.542169 -1.26342 0.954742 -0.946827 -1.06182 -0.559102 -1.19003 0.279032 -0.57969 0.447948 1.20417 0.522901 0.0214924 -0.0649371 0.145665 0.208364 0.081144 -0.0799336 -0.15467 0.383629 -0.314321 0.358394 0.86349 0.166059 1.36803 0.00324451 -0.0454442 -0.0265166 -0.293833 0.0528274 -0.02968 0.199182 0.474701 -0.726893 0.586044 0.581605 -0.820391 0.792162 
1.44729 0.438889 -1.42403 0.981754 -1.1244 -1.12733 -1.04966 -1.0532 -0.147443 -0.551809 1.01837 0.752569 1.34708 -0.0269115 -0.0636862 -0.0537247 0.0118229 -0.111585 -0.131662 -0.460226 0.194554 -1.04025 0.152889 0.928033 -0.302344 0.836397 -0.0717983 0.229307 -0.169701 -0.222505 -0.0577934 -0.0242536 0.268791 -0.36632 -0.230764 -0.791649 0.341631 0.706183 -1.53146 
1.43365 0.478482 -1.31715 0.966565 -1.05841 -1.19348 -1.01933 -0.995478 -0.761218 -0.426801 1.37598 0.901828 1.3593 -0.0503059 0.16437 -0.0240367 -0.0141406 0.0233506 -0.104187 0.114121 0.0173084 -0.545084 -0.433255 1.20512 0.872242 -0.163426 -0.0305656 0.234736 0.0419889 0.179008 0.105458 0.246175 0.57857 -0.490039 0.71983 -0.774616 -0.779212 1.50373 -0.975956 
1.39698 0.603259 -1.44807 0.967613 -1.10105 -1.23152 -0.935536 -1.0359 -0.692527 -0.985065 2.22349 1.62481 1.18365 -0.0574772 0.17105 -0.0117359 0.190831 -0.00612664 0.114513 0.118344 -0.295484 -0.320419 -0.621727 0.14882 1.20138 -0.139559 -0.0148832 -0.108068 0.332314 0.368405 -0.0744826 0.397726 0.142386 -0.0476291 0.204217 1.00177 -1.72407 -0.113228 1.22649 
1.37617 0.649532 -1.32888 1.1574 -1.06454 -1.07897 -0.900985 -1.29096 -1.08164 -1.04853 1.5248 2.10321 1.21974 -0.0651891 0.0563016 0.308277 0.354264 -0.051132 0.293539 0.256507 -0.0303207 -0.340867 0.568513 -0.518954 0.759014 1.06306 -0.00213589 -0.456569 0.461339 -0.298069 -0.0465637 -0.420747 0.224063 -0.165945 0.45435 1.42316 0.140508 -1.69221 0.272751 
1.3318 0.659561 -1.13979 1.32188 -1.15219 -0.937979 -0.67903 -1.06622 -1.03339 -0.416552 1.70453 2.38383 2.24671 -0.0596131 -0.285519 0.449604 -0.107238 -0.0526903 -0.306233 0.342407 -0.46143 0.133931 0.801437 0.289328 -0.49083 0.133192 0.0630388 -0.0937924 0.0606175 -0.311328 -0.0113845 -0.878225 -0.162361 -0.148492 0.623616 -0.287426 0.843196 -1.32079 -2.43585 
1.31656 0.364014 -0.879278 1.05016 -1.11723 -1.3852 -0.558578 -1.75239 -0.947706 -0.247091 1.81413 1.61238 1.35293 -0.00215036 -0.0374908 0.368895 0.0429359 -0.0625165 -0.584686 0.0941457 -0.178813 0.282749 0.281087 0.324242 -0.561776 -1.37279 -0.0102516 0.621367 -0.416909 0.394909 -0.384791 0.505632 -1.37304 0.969091 -0.989809 -1.03121 -0.46405 0.0423092 -0.162241 
1.32965 0.62207 -0.770899 1.36481 -1.2147 -1.52267 -0.584884 -1.24503 -0.750645 -0.135465 2.02877 1.82205 0.87392 -0.0698647 0.335848 0.0326943 0.287671 -0.437481 0.199399 -1.03064 0.507661 -0.855878 -0.229774 -0.174722 -0.448521 -0.0290488 -0.0939601 -0.159646 -0.172453 -0.152051 -0.211579 0.703607 -1.11655 -0.019437 -1.46611 -0.989765 -1.00824 -1.07893 1.47603 
1.2467 0.699862 -0.846583 1.33783 -1.55471 -1.1858 -1.58922 -1.24473 -1.80358 -0.476865 1.63941 1.16386 1.32388 -0.0961105 -0.197137 0.196442 -0.109115 -0.274096 0.118921 -1.02241 -0.19825 -1.18336 -0.708678 -0.684 -1.64071 0.103236 -0.055275 -0.308559 0.122471 0.126026 0.358116 0.266321 1.75063 0.0472252 0.681675 0.610224 0.264312 0.33255 -0.942467 
1.23353 0.424933 -0.574457 1.2557 -1.4888 -1.40374 -1.60729 -1.44328 -1.93401 -0.844143 1.34477 0.181343 0.977157 -0.12514 0.0272897 0.155166 0.413697 -0.0793653 0.46572 0.719995 0.554886 -0.174203 0.38045 0.0895899 -0.11597 -0.971515 -0.0743605 0.275057 -0.178682 0.451064 0.388503 0.341323 2.08188 0.784464 1.17617 0.698841 0.0959523 1.55187 -0.445176 
1.12156 0.727151 -0.691418 1.75153 -1.63407 -0.720082 -0.86922 -0.689844 -1.97779 -0.0964153 1.729 1.04789 0.352367 -0.170471 0.0779198 0.0177605 0.341949 0.114407 0.460243 1.05948 0.586215 -0.00719136 -0.00983693 -0.588048 -0.0888385 -0.34194 -0.101774 -0.377355 -0.0373569 -0.322548 0.167402 -0.861839 -0.615014 -1.15519 -0.70067 -2.46435 -1.57552 -0.243867 1.01591 
1.06306 0.502853 -0.556696 1.59765 -1.37439 -0.943501 -0.547814 -0.857064 -1.9412 -0.85398 0.756726 0.0925041 0.635217 -0.226913 -0.350065 0.117809 0.0911491 0.088037 -0.396119 0.104981 -0.600308 -0.874873 -2.0839 -1.48593 -0.359837 0.0443923 -0.0594845 -0.430701 0.445406 0.0867796 0.491623 -1.17345 -1.06882 -1.66794 -0.1112 -1.1871 -0.10518 0.356149 -0.407474 
0.894643 0.377087 -0.573609 1.84268 -1.54604 -1.1162 -0.76424 -1.29015 -2.85266 -2.18031 0.243072 0.688052 0.39676 -0.229956 -0.352782 0.463167 0.428729 0.60603 -0.713206 -0.00934775 -1.08172 -0.118391 -1.19694 -0.693227 0.26731 -0.749413 0.0601193 0.389074 0.406873 -0.256515 0.406811 -0.543861 0.384493 0.407445 2.07346 2.21887 0.745049 -0.393255 -0.914403 
0.833108 0.150071 -0.0935296 2.02638 -0.768361 -1.65671 -0.557161 -1.93879 -2.05959 -2.05092 0.0634983 0.359814 -0.114197 -0.166794 0.0390091 0.524682 -0.165366 0.494848 -0.93998 0.489474 -0.192863 1.19859 0.134973 -0.740877 -0.753092 -0.87001 -0.0724272 1.40632 -0.533068 -0.485515 -0.746678 0.972564 0.666576 1.96623 0.767587 0.902241 -0.0135579 -0.422952 0.358427 
0.727849 0.416096 -0.0489273 1.67731 -1.05119 -2.05618 -0.274766 -1.48301 -1.65407 -2.04534 -0.497805 -0.0650404 -0.473251 -0.302383 1.05354 -0.069901 -0.056786 -0.140648 0.259358 0.657228 0.884508 0.649196 -0.294698 -0.706785 -0.155642 -0.390986 -0.0709342 0.670698 -0.623741 0.198493 -0.332624 1.25603 -0.191281 -0.00795701 -2.18869 -0.0219299 1.90537 1.34363 0.547512 
0.530725 1.20361 -0.163431 1.96959 -0.909009 -1.39735 0.100067 -1.05428 -1.4104 -2.34562 -0.643287 0.204172 -0.505183 -0.237728 0.709707 -0.0990596 0.0331267 0.162224 0.316052 0.298193 -0.20082 -0.990103 0.113043 1.16449 0.590538 -0.322498 0.203104 -1.08096 0.655017 -0.278163 0.34329 -0.431515 -2.04673 -0.609269 -1.07213 0.775227 2.70524 -0.0237793 0.165453 
0.490121 1.1258 -0.147987 1.71044 -0.888967 -1.74013 0.0234268 -1.68383 -2.64417 -1.9323 0.666686 0.525497 -0.795748 -0.0992789 -0.0274194 0.585116 -0.334949 0.202642 -0.172157 -1.3895 0.275238 -0.422935 0.480529 1.99845 -0.179421 -0.225533 0.10212 -0.719405 0.477937 -0.0330762 0.0972522 0.691302 -1.09301 0.343149 2.56756 -0.701373 -0.504128 -1.31158 -2.11193 
0.431447 1.17619 0.421686 1.63464 -0.706367 -1.56951 -1.28944 -0.779043 -1.83333 -1.86509 1.35517 0.0247515 -0.730716 -0.135608 -0.00969771 0.378877 5.05243e-005 0.259476 1.00735 -0.794821 0.142329 1.57746 -0.58833 0.660363 -0.721042 -2.43442 -0.340684 -0.468661 -0.213316 -0.00798574 0.139756 1.08026 2.5966 -0.51721 2.71676 0.128926 -2.71686 -0.296067 -1.00311 
0.354513 1.1161 0.23089 1.71049 -0.629491 -0.732776 -0.771394 -1.54151 -1.06671 -2.52063 1.32705 -0.195545 -3.23017 -0.439963 -0.49608 0.3718 -0.342935 0.342398 0.9081 1.20709 -0.241972 2.29383 0.609455 -0.718402 -0.475487 -1.22864 -0.601554 -0.475384 0.145459 -1.056 0.431057 -0.916507 2.44879 0.470528 -0.598074 3.08508 -2.49434 0.0434849 3.39422 
-0.00851617 0.680113 0.793486 1.29171 -0.363969 -0.661406 -0.0823442 -1.02102 0.460497 -1.25563 0.636766 -0.450736 -1.95936 -0.737162 -0.485082 0.524336 -1.05595 0.690532 0.0908472 1.65397 0.612857 0.979387 2.49675 -1.83398 -0.677557 0.9598 -0.270631 0.616409 -0.011989 -1.33287 0.697794 -0.0276119 -0.449019 1.26696 -2.94216 0.466765 -0.157213 1.82009 2.90378 
-0.382648 0.631023 0.755226 0.654535 0.0610416 -0.641929 0.882575 -0.928648 -0.0873264 -0.0238755 -0.506927 -0.873102 -2.27037 -0.710593 0.120329 0.359811 -1.6758 1.04019 0.880488 0.758074 1.02499 -0.648331 1.07622 -0.875615 1.3446 1.67514 0.244578 0.196941 -0.308408 -0.216378 -0.0234892 0.839279 -1.81741 0.76183 -0.715952 -2.40283 2.20409 1.63014 2.12157 
-0.71911 0.800442 1.1533 -0.384096 0.676223 0.219082 0.67573 0.00397327 -0.187834 -0.179414 -0.238849 0.893865 -0.284219 -0.492583 -0.28814 0.215928 -1.27233 0.667043 0.930126 -0.163441 1.37469 0.263435 0.0939203 0.370115 0.952581 3.08137 0.522462 -0.687721 -0.42303 1.50979 -0.78907 -0.774118 -1.24808 -1.17536 0.621666 -1.01265 0.573254 -1.52196 0.140139 
-0.875232 0.342883 0.971155 -0.617794 0.728085 0.288197 0.719134 0.44604 0.176109 0.0700448 -0.136812 0.0794793 0.811002 -0.188132 -0.567392 -0.0632184 -0.16601 0.251121 0.10637 -0.490011 -0.150376 -0.0266652 0.0635716 -0.302361 -0.177362 1.81528 0.485457 -0.0375911 -0.423758 1.15377 -0.507501 -1.02823 -0.189725 -1.45643 -0.255043 0.039135 -1.14112 -3.84678 -5.00689 
-0.907241 0.233049 1.09008 -0.550106 0.927344 0.325452 0.185719 -0.146402 -0.2145 -0.115842 -0.54121 0.716503 1.53106 -0.00712639 -0.325731 -0.20783 -0.118564 0.159542 -0.0981063 -0.353166 -0.081745 0.00839262 0.133055 -0.771006 -2.8942 -1.92552 0.091652 -0.0274087 -0.498185 -0.559047 -0.830592 -0.0390449 0.393185 0.511372 0.0509282 0.911428 0.946516 -1.10303 -2.17335 
-0.882358 0.0171519 0.763324 -0.736358 0.887627 0.190091 0.365968 0.364295 0.184502 0.2031 -0.907818 -2.81472 -1.11452 -0.0964795 -0.594801 -0.561403 -0.725057 -0.57947 0.0673252 -0.0968255 0.360996 0.0242631 0.975 0.644155 -1.28039 -0.358071 0.015198 -0.159612 -0.0210063 0.269654 -0.542452 1.07162 1.76383 0.00575801 1.14798 0.29486 2.19695 5.47221 3.38017 
-1.00372 -0.361752 0.528676 -1.27516 0.347874 0.392777 0.0888937 0.214593 -0.190237 0.859157 0.102945 -0.563885 1.17299 0.00807161 -0.485343 -0.228836 0.15109 -0.38291 0.973515 1.41067 -0.075987 1.15638 0.427915 1.42594 2.57801 1.45465 1.21301 -0.0918578 -1.20713 1.32365 -0.509864 1.17142 0.179355 -2.14783 -1.08043 -2.84884 -0.636057 0.860402 -1.92099 
-0.874286 -0.468191 0.534488 -0.585268 0.504717 1.16361 1.77663 0.288308 1.34088 0.631015 0.518125 -0.236708 0.340137 1.11653 -0.686659 -1.76854 0.598591 -1.08933 1.23875 0.0825297 -1.78684 -1.05617 -1.87384 0.00809779 -0.419986 -2.27906 1.25033 -1.1964 0.012379 -0.470356 -0.615484 0.0213494 -3.36519 0.309343 -3.4134 -0.251778 -2.00616 -1.51854 -3.12529 
0.112814 -1.04841 -1.23986 -0.676572 -0.741461 1.63152 0.171423 -1.57224 -1.2464 -1.01468 0.111043 -0.983871 -1.10607 1.25841 -1.68174 -0.216458 -0.319266 -0.998394 0.994865 -1.95453 0.233356 -2.25702 0.176137 -0.580219 1.05947 -1.67063 -1.1848 -1.89805 4.63958 0.0317564 1.40143 -1.18486 -1.66747 4.53617 2.07297 3.14188 -1.00047 1.30146 2.98283 
0.38412 -2.14993 0.31803 -0.904535 -0.493677 2.15847 -0.177896 0.521664 -0.916141 0.807152 -0.062094 0.822758 -1.3305 -0.0682614 -2.58471 2.87104 0.630347 0.312097 0.0538822 -1.58494 2.74933 1.0168 1.26804 -0.992367 0.881474 0.703775 -1.56639 0.0248432 0.579364 1.22694 1.14512 -1.44471 -0.381459 0.0226114 3.51285 1.21735 0.0288814 -3.19021 2.56578 
0.0445529 -3.63312 1.63118 -0.046225 -0.429364 1.68541 -1.41352 1.17709 -0.229597 0.253359 -0.881325 -0.102397 -0.402295 -0.30798 -1.6569 0.362906 0.907675 0.146723 -0.449848 -2.33599 0.255968 1.25583 1.39348 -0.551337 -2.13075 0.895141 -0.0651127 2.67891 -3.78072 -0.642698 -0.622711 -0.0748714 1.11897 -2.70104 -0.889096 0.0306727 0.936499 -1.12324 -0.927529 
0.0761397 -3.80683 0.680936 0.00314036 -0.346953 1.70862 -2.51388 0.777632 0.339691 2.20064 -0.613431 -1.30799 -0.435356 -0.133374 0.0942025 -0.909675 -0.012351 -0.310614 -0.0209893 -0.465965 0.0482939 0.127709 1.29872 -0.0558686 -0.241766 -0.223754 -0.101694 2.81204 -0.216676 -0.736035 -0.0108062 0.916172 3.78377 0.0798895 -1.23214 -2.24343 -0.499223 3.55942 -0.914296 
-0.0888212 -3.53892 0.721505 -0.058576 -0.739978 1.66442 -1.87948 1.22538 -0.101888 1.55207 -0.937193 -0.344163 -0.626049 -0.409674 1.15514 0.14623 0.17164 0.135917 0.466324 1.44778 0.335857 0.0236921 -0.84994 -1.05056 1.42867 -0.0191552 -0.386895 2.09568 1.11681 -0.421384 1.09687 -0.361955 1.02841 -0.381954 1.17129 -2.00532 -0.18874 0.407958 1.14262 
-0.333535 -2.65169 0.827166 0.17478 -0.211036 2.17495 -1.0661 1.11349 0.363383 1.3507 -1.66399 0.120679 -0.454512 -0.520269 2.18989 0.207131 -0.433735 0.786259 -0.382944 0.562448 -0.33366 1.299 -0.706602 -0.244609 0.166192 0.918862 -0.02508 1.22582 -0.254639 -0.994105 1.07143 -1.60558 -1.10554 -0.4798 0.879477 0.389709 3.11743 -1.0124 1.00389 
-0.60909 -1.34903 0.928636 -0.492311 0.0462811 1.28147 -1.31703 0.891721 1.19711 0.845472 -1.1818 -0.177972 0.292813 -0.434754 2.38096 -0.108409 -0.822465 1.20735 -1.13925 0.342243 -0.143943 0.903169 -0.460231 2.06687 0.416271 0.984733 0.261395 -1.35959 -0.485078 0.128334 0.39762 0.286841 1.25403 0.751946 -2.01856 0.402995 1.44002 -0.823333 -2.11026 
-0.768289 -0.27073 0.718757 -0.647685 0.996316 1.0357 -0.723862 0.969546 1.26655 0.890465 0.402882 0.53695 0.530221 -0.258874 0.830293 -0.277947 -0.3054 1.18388 -0.0961031 1.81648 0.418286 -0.719559 -0.303608 1.19541 -0.657141 -1.1914 0.268023 -2.23281 0.13594 0.771432 -1.32033 0.659413 0.923628 -0.192716 -0.873905 0.800787 -2.97745 -1.45659 -0.998843 
-0.867964 -0.518739 0.650689 -0.797711 1.23016 1.18537 0.499443 1.31001 0.477556 0.541865 0.0136068 -0.835113 -0.898589 -0.166731 0.148144 0.0275302 -0.0510332 -0.112973 -0.479839 1.26587 -0.336659 0.0292644 0.340556 -0.91058 -1.04032 -0.0141106 0.187963 -0.362576 0.376593 0.477899 -1.60975 -0.686063 -1.48301 -1.25898 1.20049 0.168708 -1.29978 0.989406 2.81632 
-0.93502 -0.122586 0.746287 -0.698718 0.883343 0.555856 0.542009 0.632887 1.29582 1.23102 -0.507698 -0.503367 0.51611 -0.0709109 0.467717 0.098646 0.172499 -0.425875 -0.782166 0.333471 -0.840694 0.480931 -0.1349 -0.10437 0.332265 1.62492 0.143706 -0.0803643 -0.161159 -0.288856 0.0122849 0.993702 0.737061 1.11567 -0.117921 0.228214 1.95681 -0.403154 -0.526771 
-0.938875 -0.0510219 0.749335 -0.625212 0.804285 0.403203 0.832914 0.469313 0.958487 0.406964 -0.0907632 -0.502848 0.72633 -0.0230253 0.0677798 -0.133628 -0.339889 -0.100688 0.513863 2.00293 0.77901 -0.088657 0.568769 1.04623 -1.44347 -0.540882 0.0542419 -0.397794 0.254768 -0.362822 0.445441 0.826016 0.323414 1.57511 -0.613308 0.677086 0.600879 -0.560571 -2.67161 
-0.958045 -0.0548063 0.612659 -1.03861 0.782655 1.06972 2.54494 1.4119 1.20716 1.79979 0.538533 -1.94684 -0.0247714 -0.016669 0.0699232 0.353414 -0.190323 0.0195661 0.0438501 0.656885 0.734415 -0.132378 0.542185 0.496509 -0.228306 -1.04669 0.11426 0.273481 0.502605 0.752644 0.505459 -1.0318 -3.49813 -1.57657 -0.321594 -1.26575 -0.450178 4.02634 1.395 
-0.955544 0.0189013 1.10275 -0.815534 0.823851 0.447053 1.4898 1.20373 0.82611 0.94915 0.405746 -0.731155 -0.320363 0.0912343 0.341261 0.368976 0.412754 0.404771 -0.517935 -1.49519 -0.797557 -0.410251 -0.696984 0.596053 2.58287 0.854114 0.00728125 -0.214309 -0.497182 0.277423 0.265175 0.159495 -0.617283 -1.10993 -0.160494 -0.162045 -0.0473777 1.91351 1.75112 
-0.866811 0.286455 0.981635 -0.625853 1.18743 0.551785 1.04975 0.614339 0.796909 1.10281 1.13459 0.636032 0.829342 -0.00938776 -0.144386 -0.143768 0.0871008 0.284741 0.203345 0.0396017 -0.375517 -0.292871 0.380141 0.449132 1.6852 0.70443 -0.231574 -1.06503 -0.973874 -1.0051 -0.774513 0.302989 1.35675 1.00298 -0.114286 -0.417631 -3.3461 -4.63568 -2.06164 