-0.901503 -1.00173 0.637824 -0.793644 0.363378 1.09183 0.877912 1.17253 0.823125 -0.356421 -0.519042 -0.580944 -0.0731286 0.0356793 0.214095 0.139415 0.282906 0.500326 0.0525357 -0.664434 0.510895 0.501149 1.39453 -0.380352 -0.79622 0.404782 -0.054695 0.00949005 0.0292815 0.106752 1.56124 0.012639 1.83307 0.244937 -0.0246974 0.888382 2.60031 -0.83984 -0.174081 
-0.872493 -0.710752 0.811652 -0.61089 0.856172 0.928468 0.323042 1.09478 0.753487 0.915694 0.675285 -1.02108 -0.119608 0.0123444 0.0644731 0.0588662 -0.0450172 0.427525 0.0366851 0.549745 0.0761355 0.187443 1.69614 1.73724 -0.124159 -0.383936 -0.0114145 -0.251952 -0.168416 -0.525702 -0.42475 0.314823 1.05848 -0.545092 -0.183725 -1.74871 0.128623 1.73106 0.560693 
-0.889159 -0.937258 0.69669 -0.838661 0.790904 1.12852 1.42766 1.24867 1.01057 1.33972 1.21819 -0.705103 -0.457065 0.0242648 -0.0378568 -0.0290006 -0.242796 0.0755758 0.367359 0.39405 -0.0341972 0.317424 -0.354184 -0.251729 0.934839 0.965475 -0.0281896 -0.0255869 0.016056 -0.0368107 -0.548165 -0.0292257 -1.54992 -0.685562 -0.968622 -3.09504 -2.16633 0.287425 0.490629 
-0.848229 -0.748609 0.782652 -0.853686 0.931747 1.29583 0.717092 1.06058 1.07091 0.56151 0.423556 -0.0862407 0.845867 -0.0158453 0.0388862 0.0749222 -0.081828 -0.120639 0.0074594 -1.00018 -0.609426 -0.781179 -1.3989 -0.429098 0.163266 0.106693 0.00368113 0.117511 -0.0837794 0.284336 -0.582486 -0.975005 -0.329696 -0.1429 -1.09786 -0.201566 0.613865 -1.70856 -1.07453 
-0.905004 -0.898372 0.771612 -0.920489 0.670264 1.13598 0.427481 0.639239 0.229388 -0.0591891 0.789096 -0.541837 -0.350372 0.0279459 0.0796544 -0.11278 0.0415405 -0.50691 -0.607646 0.064354 -0.177097 -0.780433 -0.55575 0.362137 -0.773718 -0.109058 0.0445756 -0.118529 -0.0877995 0.223641 -0.350004 -0.177691 1.08998 0.644923 0.576668 0.758132 -0.0875631 0.50076 0.460707 
-0.820283 -0.668954 0.669872 -0.812146 0.424838 0.688181 0.781446 0.883487 0.290478 0.00576091 0.785693 -0.859959 0.736808 0.0287303 -0.0796424 -0.0128773 0.141813 -0.470643 -0.170232 0.089806 0.0354966 -0.204511 -0.640773 -0.516661 0.664026 0.5674 -0.107199 -0.244591 -0.142967 -0.20864 0.246548 0.527775 -0.230665 0.169128 0.720744 -0.0198946 -0.621902 1.69716 0.880585 
-0.876274 -0.978014 0.758735 -0.778676 0.199621 0.965744 0.517287 0.674736 0.0248765 -0.699962 0.272435 0.122189 0.217028 -0.0792533 -0.164937 -0.255747 -0.167099 -0.260361 -0.0798717 -0.166311 -0.00796966 -0.0596894 -0.575644 -0.259765 0.923445 0.771526 -0.0269268 0.406462 -0.011316 -0.072487 0.652653 0.101659 0.294781 0.528702 0.815278 1.38084 1.07003 -1.55554 0.31071 
-0.899536 -0.833891 0.414124 -0.979245 0.164476 0.608309 0.615135 0.875517 0.230788 -0.569883 0.525928 0.0634863 1.50833 0.00180353 0.326819 -0.0241934 0.0693261 0.18201 -0.0685725 0.384587 0.564199 0.610767 0.740064 0.553368 -0.891513 0.87811 0.0293883 -0.104958 0.430147 -0.0118193 0.00137512 0.20415 -0.593722 -0.00893097 -0.110499 0.729791 0.0383883 -1.45859 -1.90802 
-0.87447 -0.651195 0.734541 -0.70935 0.381631 0.897171 0.901874 1.23893 0.635643 0.040102 0.825803 -0.769324 1.09514 -0.049865 -0.269894 0.1744 -0.178918 -0.258986 0.124278 -0.760034 -0.0169006 -0.170189 0.154147 -0.221377 -0.535144 -1.13649 -0.0746585 -0.41813 0.12578 -0.355842 0.394635 0.0169414 -0.571391 -0.877669 -0.695319 -1.58766 -0.946705 1.50908 -2.22492 
-0.949401 -1.10379 0.588524 -1.15816 -0.09451 0.732588 -0.144899 0.858616 0.0605998 -0.415736 0.304551 -0.471657 0.371844 -0.072855 -0.091311 0.101587 -0.286516 0.576645 -0.0516311 -0.186804 -0.31347 -0.0845521 -0.847594 -0.393338 0.617563 -1.34682 0.0676552 0.445731 0.267284 0.590856 1.86816 0.118093 1.43627 0.328616 0.920851 0.138865 0.384956 -0.50273 0.118661 
-0.947325 -0.742506 0.836128 -0.995865 0.958276 0.84554 0.71507 0.925465 0.551091 -0.807492 0.432465 -0.151761 -0.251678 0.0177901 0.175836 0.441684 0.411937 1.60918 0.242371 0.676241 0.311716 0.750662 0.293012 0.163579 -1.03787 -1.01783 0.0641526 0.0340406 -0.171615 0.724011 -0.165335 0.417627 1.03627 0.683466 1.68516 1.9399 0.117444 -2.00819 0.413477 
-0.931611 -0.927949 1.03021 -0.746226 1.51467 0.974959 0.531342 1.17033 0.811262 -0.122724 0.46813 -1.50953 -0.645985 -0.00870235 -0.0572704 -0.0700275 0.437495 0.41131 0.365996 0.849464 0.369996 1.60061 1.0923 -0.275893 -1.39062 -0.933338 -0.00154388 -0.094476 -0.839408 -0.391194 -2.00287 -0.262219 -0.526865 -0.447073 -0.837252 -0.461448 -0.66702 1.48595 1.21021 
-0.956028 -0.799776 0.766101 -0.55837 1.36959 1.21154 1.56453 1.29546 2.1517 0.284813 0.156572 -1.54239 -1.18502 0.0162463 0.0813604 -0.397724 0.0207429 -0.393697 -0.0198476 0.149376 -0.135358 -0.0865896 -0.168436 -0.503441 0.448075 0.192376 0.15097 0.504278 0.0963115 -0.533013 -0.937029 -0.589594 -0.804476 -0.91329 -2.77762 -2.13354 0.176722 1.94287 2.94863 
-0.915364 -0.846589 0.632484 -0.725483 1.12097 0.955111 0.680719 1.03497 0.724672 -0.291161 -0.0353112 -1.06146 -0.453609 0.142268 0.447008 0.026284 -0.0955176 -0.52572 -0.223598 0.0449886 -0.543293 -1.17701 -1.04123 -0.0991719 0.552242 2.01529 0.00717262 0.159835 0.648778 0.0162203 0.178533 0.26033 0.159934 -0.215544 0.266089 -0.335714 0.880093 0.736028 1.96729 
-0.81376 -0.352768 0.792385 -0.653887 0.843866 0.987938 1.60952 0.752168 0.974694 -0.756418 0.0574 -0.990144 0.830277 0.0234189 0.241196 0.251053 0.0369632 -0.215164 0.240482 0.309311 -0.350902 0.1795 -0.50415 0.376651 1.1841 2.15966 -0.211481 -0.808023 -0.344299 -0.259507 1.25969 0.184583 -1.59529 0.688779 0.961236 1.29994 0.564659 0.0975129 -2.33258 
-0.891946 -0.605393 0.883537 -0.68852 0.905805 1.19559 0.99003 0.684072 0.904172 -0.79531 0.34134 0.122647 1.70605 -0.0692131 -0.361015 -0.318015 -0.355024 0.733971 -0.0390157 -1.5503 0.145486 -0.21577 0.258707 0.465487 0.649755 -0.317286 0.016879 -0.324358 -0.337349 0.158973 0.34526 -0.599358 -0.673035 0.537013 -0.486538 1.00532 -0.295461 -2.0088 -3.32965 
-0.882973 -0.713784 0.47437 -1.00891 1.57784 0.948922 0.059224 0.897654 0.758924 -0.497711 0.522887 -0.34039 0.512992 0.0402979 -0.0831622 -0.0862955 0.195936 0.130096 -0.358876 -0.363725 0.18611 -0.307039 0.501171 0.0811904 -0.824698 -1.16998 0.0616122 0.273817 0.84821 0.962476 -1.29163 -0.0853425 1.95219 -0.512006 0.442633 0.669734 0.314248 -0.0412622 -0.0889491 
-0.851648 -0.688555 0.797241 -0.492584 1.0359 0.836717 0.626305 0.870182 0.597133 -0.29414 0.422531 -0.702051 0.53607 -0.00760086 -0.0871985 0.530195 0.607452 -0.557661 -0.124358 0.40189 -0.36652 0.226863 0.928441 0.779735 0.608493 -0.406235 -0.117902 -0.0192127 0.0808382 -0.367693 -0.250268 0.466618 0.61158 -0.112854 0.682279 1.31644 0.622966 0.896298 0.760992 
-0.890574 -0.800982 1.00457 -0.40146 1.02018 0.824564 0.461114 0.531134 0.985787 0.430729 1.30262 0.268103 0.106757 -0.0776045 -0.102375 -0.00545738 -0.171757 -0.120172 0.107742 0.247855 0.0732561 0.37524 1.81761 0.704156 0.0716 -0.408991 0.00349043 0.0134035 -0.790749 -0.824134 0.580896 0.177269 0.722534 1.10535 -0.513596 -1.09037 -0.721814 -1.42008 -0.0139081 
-0.929252 -0.79093 0.791784 -0.66434 0.915729 0.944459 0.87416 0.943438 0.972374 1.52347 1.12669 -0.630451 0.127079 -0.00411043 -0.073795 -0.260554 -0.216682 0.0232348 0.0529111 1.12442 0.738825 -0.286733 -0.161925 0.0579206 -0.811591 -0.420143 0.550872 0.421528 -1.38552 0.324782 0.126806 -0.650928 -1.11184 -1.11626 -1.68628 -4.38442 -1.93349 -0.0495867 0.683948 
-0.894684 -0.874777 0.744011 -0.618142 1.04341 0.877475 1.58554 1.26996 0.699054 0.268805 1.36054 -0.543489 -0.313386 0.473268 0.319153 -1.39098 0.153026 0.00663354 -0.543186 -0.863981 -1.043 -1.31104 -2.5668 -1.22933 0.0220134 0.274957 1.56298 1.69821 -1.09347 0.381568 -1.38962 -1.7806 -4.49142 -2.89164 -0.643678 0.227432 -1.87148 -0.895362 0.527235 
-0.455985 -0.471777 -0.599191 -0.511314 0.922363 0.401273 0.010179 -0.0995631 -0.338662 -1.04333 -0.102646 -0.608437 0.402036 1.55887 1.62441 -1.35403 0.164886 -1.36638 -1.72769 -3.367 -2.15281 -0.930411 0.0655065 -1.81356 -1.70695 0.107092 1.10224 1.17639 0.26902 0.598946 -2.34125 -0.736295 0.306901 -0.310516 2.57825 4.86713 0.602806 -0.255655 -0.684886 
0.664185 0.749635 -0.610019 -0.453255 -0.322972 -0.850212 -1.78146 -0.882854 -0.231356 0.334311 -0.45302 -2.25044 -0.206294 1.57551 1.49554 -1.12196 0.751972 -2.33461 -1.27948 -0.55708 -1.35352 1.26721 2.30032 -0.626528 -0.233641 -0.409929 -0.98241 -1.17562 0.00943875 0.536217 -0.308887 1.7663 5.09052 1.66829 2.47876 1.14306 1.13406 3.20767 0.43521 
1.11952 1.02377 -1.72115 0.240658 -1.41225 -0.878209 -0.546901 -1.45308 0.928551 1.25699 -0.729174 -0.842079 -0.0078934 0.576459 0.448795 -1.34459 0.701104 -1.67527 0.0386174 1.72352 -0.484525 1.54835 1.20856 -0.679504 1.50072 0.542302 -1.37154 -1.4319 0.91649 -0.958176 2.34433 1.22152 1.5397 1.39434 -1.37196 -1.26016 -0.276707 1.48811 0.27524 
1.24064 1.19843 -1.95461 0.247848 -1.99824 -0.811595 -0.0579418 -1.36738 1.317 1.54287 -1.13252 -0.749725 0.336008 0.203965 0.0636396 -0.205466 -0.206203 0.00971733 -0.0579658 0.982621 0.0408229 -0.104751 1.04017 -0.903234 1.25447 -0.134689 -0.454224 -0.664732 1.419 -1.23752 2.55739 -0.226883 -1.39362 0.624635 -2.47431 -0.188895 -0.189787 -0.267832 -0.749618 
1.32349 1.08741 -1.92661 0.0344544 -1.40253 -0.936175 0.435719 -1.41226 0.8238 2.29716 -1.63241 0.412394 -0.142583 0.122235 -0.215937 0.0744108 -0.536421 0.882124 -0.188266 0.329898 0.14011 -0.92596 1.01967 -0.869291 1.23288 -0.207316 -0.114662 -0.354194 0.124968 -0.0987988 -0.0668922 0.167081 -1.22478 0.100966 0.264573 -1.91499 0.988233 -0.927302 0.162617 
1.36288 0.982494 -1.8802 -0.288573 -1.11612 -0.999861 0.271956 -1.22727 0.391035 2.56254 -2.00181 0.483159 0.128692 0.0893033 -0.290555 -0.080498 -0.305002 -0.0571748 0.109115 -0.242158 0.141788 0.159822 -0.87482 0.084999 0.32717 0.0279277 -0.0192972 -0.285583 -0.0427671 0.501068 -1.18486 0.348438 -0.755551 -0.094525 1.46063 -2.47126 1.63993 -1.36517 0.304226 
1.41279 0.796851 -2.00711 -0.270548 -1.45971 -0.82706 0.193561 -1.27047 0.983621 1.42234 -1.54741 0.739563 -0.114655 0.102937 -0.50152 0.0316437 -0.035353 -0.302737 0.160172 -0.425653 0.0455853 0.534673 -1.45159 0.770637 -0.13229 0.0969094 -0.0647915 0.217679 -0.156674 0.71704 -0.058617 -0.161172 -0.256049 -0.243341 -0.203352 0.957749 -0.251528 0.804979 -1.10875 
1.46582 0.480974 -1.84855 -0.323925 -1.41885 -0.839689 -0.153697 -1.18168 0.925708 1.11095 -1.23118 0.350869 0.225601 0.0245118 -0.0728753 -0.237172 0.412038 -0.115792 -0.0520574 -0.498207 -0.101553 -0.0435308 0.0829285 -0.166529 1.13215 -1.08082 -0.10188 0.377114 -0.0981494 0.290206 0.691587 -0.227562 -0.447361 -0.0282513 -0.704699 1.98831 -0.856591 1.55524 -1.08657 
1.4373 0.723975 -2.24428 0.14149 -1.5755 -0.879117 -0.304646 -1.37202 0.940091 1.50527 -1.71394 1.87171 -1.19548 0.00105763 -0.124406 -0.0665057 0.254853 0.38885 -0.0673904 -0.873014 0.0173341 -0.170026 0.536721 -0.0859537 1.42295 -0.98966 0.0503195 -0.611907 0.907112 -0.560758 1.0337 0.0780869 -0.466308 0.495538 0.00745941 0.101972 1.30185 -1.85611 2.40686 
1.46687 0.356567 -1.91506 -0.0690727 -1.03001 -0.907079 -1.02671 -1.16435 0.755682 1.64767 -1.31713 1.77382 -0.764058 0.0748314 -0.684783 0.66994 -0.14872 0.917911 0.0260296 -0.964515 0.393985 -0.0360714 0.1849 1.13532 -0.723961 1.32603 0.134508 -0.845144 0.948119 -0.42501 0.264373 0.226164 0.0219613 0.382987 0.0267969 -0.52745 1.28934 -2.92415 2.8929 
1.51213 0.0391928 -1.57434 -0.00722938 -0.657589 -0.853087 -1.26916 -0.978037 0.904019 1.69017 -0.578616 1.14775 0.130552 0.135566 -0.969551 0.881613 -0.170157 0.653223 0.158774 -0.851053 0.400321 -0.143229 0.00927099 1.20339 -1.5012 1.90324 0.0556115 -0.307055 0.353435 -0.314273 -0.911056 0.14899 0.0564029 -0.0628344 -0.955393 -0.194819 -0.606913 -0.780802 0.0628521 
1.60244 -0.612983 -1.03345 -0.239229 -0.376782 -0.748305 -1.87776 -0.764028 0.612453 1.65694 -0.113744 0.272628 1.13918 0.130443 -0.991838 1.02338 -0.462993 0.00685504 0.175019 -0.908112 0.331151 -0.991464 -0.0099188 0.528409 -1.50476 1.38888 -0.16439 1.03536 -0.39108 0.310267 -1.35074 -0.139218 1.08518 -0.383617 -0.658033 -0.283063 -1.14089 1.56868 -2.04288 
1.64258 -0.952645 -0.550967 -0.470223 -0.650734 -0.678068 -2.17727 -0.646886 -0.0874448 1.68025 -0.0502067 -0.357012 1.51944 -0.0288241 0.0658136 0.490533 0.14011 -0.697515 0.0195558 0.234125 0.0167035 -0.801262 -0.273792 0.0625004 0.067488 -0.139649 -0.358172 2.32214 -1.6256 1.46273 -0.42048 -0.60124 1.7987 -0.776713 1.00693 -0.3835 -1.47775 3.47669 -3.06022 
1.57361 -0.547169 -0.542913 -0.0991195 -1.0743 -0.728749 -1.64364 -0.747325 -0.188808 1.38315 -0.0512434 0.340116 0.999529 -0.227729 1.33031 -0.602221 0.999738 -0.413625 -0.426221 0.890587 -0.445562 0.0154645 -0.393419 -0.94934 1.97193 -1.67134 -0.189439 0.656578 -1.26375 0.596322 0.456242 -0.696549 -0.528689 -0.81597 0.487903 0.0425203 -1.85686 1.46625 -2.26823 
1.41485 0.37766 -1.15319 0.529515 -1.06436 -1.10429 -1.28669 -1.09245 -0.0719803 1.28683 -0.999547 1.61491 -0.1519 -0.218263 0.722392 -0.773212 0.736432 -0.241273 -0.676994 -0.294564 -0.799267 -0.313359 -0.231272 -1.79435 1.53373 -2.40788 0.189122 -1.86118 0.69918 -1.10546 0.137244 0.13219 -1.49822 0.222083 -0.419848 -0.280935 0.568919 -2.90966 0.902918 
1.35535 0.175222 -1.31613 0.637312 -1.31557 -1.40574 -1.9382 -1.54659 -0.502167 1.15188 -1.8456 1.87385 -1.40835 -0.0386067 -0.530878 0.0969599 -0.105727 -0.276382 -0.294031 -0.607631 -0.223479 -0.404383 -0.674354 -0.380421 -0.937733 -0.768417 0.204563 -0.664532 0.879456 -0.58518 0.583795 0.739195 0.612769 1.10471 0.0743803 0.315757 2.39429 -1.84146 2.60785 
1.37624 -0.153218 -1.05623 0.423788 -1.34074 -1.39832 -1.89432 -1.31593 -0.476364 0.612474 -1.37997 0.677181 -0.920317 -0.0136997 0.0578595 0.106243 0.151252 0.342523 0.0622009 0.318205 0.305447 -0.238979 0.0844855 0.599933 -0.307723 0.19997 0.0135922 0.905761 -0.241632 0.452504 1.08221 0.32338 1.02414 0.381175 -0.429291 1.31756 0.525694 1.93011 0.887516 
1.34165 0.233082 -1.20988 0.788564 -0.973047 -1.34354 -1.62 -1.24114 -0.741146 1.23636 -1.24566 1.56613 -1.20838 -0.0250145 0.374883 -0.144672 0.346777 0.805831 0.0293493 0.416514 0.157696 -0.833674 0.643203 0.145273 0.992374 0.119098 0.0271378 -0.25734 -0.252065 -0.0813936 -0.0329436 -0.0121672 -0.683771 -0.593879 -0.36502 -1.18102 -0.914597 0.344962 -0.423304 
1.35123 0.221665 -1.2009 0.770565 -0.53491 -1.36897 -1.4778 -1.15823 -1.31004 1.25568 -1.2347 1.66955 -0.801219 0.0134381 -0.19948 -0.145821 0.0698579 0.309579 0.0500338 -0.365566 -0.288432 -0.603999 -1.09653 -0.314663 0.0372387 -0.223334 -0.00275154 -0.334729 -0.188253 -0.0422394 -0.843536 0.134858 -0.945177 -0.213594 0.435681 -1.6323 -1.46713 -0.311034 -1.83138 
1.35509 0.0336012 -1.3557 0.858422 -0.663468 -1.29351 -1.98556 -1.52958 -1.34515 0.139833 -1.56033 1.60337 -1.43171 -0.027766 0.0401539 -0.332925 0.304538 -0.0377052 0.164208 -0.528663 -0.055898 -0.397994 -0.989095 -1.32186 0.68134 -1.71228 -0.0507666 0.632521 0.123764 0.190263 0.239287 0.271027 1.08968 0.896161 0.416542 1.32103 -0.541375 0.602819 -0.28884 
1.32346 0.261818 -1.53382 1.0751 -0.572615 -1.20476 -2.00647 -1.21413 -1.70803 0.266582 -2.55655 2.35089 -2.5135 -0.0373284 0.43304 -0.0220578 0.260121 0.548866 0.321061 0.724117 0.607729 -0.187457 0.224499 -0.856038 0.640058 -0.512175 0.0157969 -0.266357 0.881315 -0.532212 0.914854 -0.037886 1.60197 0.207121 0.224968 1.00095 2.20084 -1.94087 2.58644 
1.31776 0.466642 -1.37776 1.11854 -0.114602 -0.972447 -1.26145 -0.921847 -1.5326 0.364332 -2.41637 2.24342 -1.94389 -0.0119692 -0.226203 0.54839 -0.227674 0.877149 0.126322 1.0733 0.151223 -0.173025 0.0118511 0.878986 -1.25953 0.874168 -0.0373089 -0.722646 0.195417 -0.313842 -1.03322 -0.335029 0.187857 -1.02949 -0.442719 -0.637617 0.926193 -1.40404 -0.542016 
1.31149 0.0356155 -0.985434 0.847428 0.304533 -1.07844 -0.933165 -1.06291 -1.88106 0.278433 -1.67757 1.09137 -1.63933 -0.0746373 -0.289605 0.173359 -0.053721 -0.48435 -0.0139683 0.911974 -0.421762 -0.630175 -0.413117 0.070155 -0.763982 -1.05419 -0.0680067 0.495896 -0.362393 0.477213 -1.57163 -0.0789521 -0.551384 -0.105876 0.00270261 0.139798 -0.800853 2.02437 -1.47082 
1.24312 0.177036 -1.2044 1.06482 -0.598952 -0.986416 -0.349473 -1.34361 -2.16278 -0.0487851 -2.34621 1.47944 -2.99808 -0.0799759 0.269693 0.185997 0.249539 -0.694481 0.0473696 0.521918 0.0453466 -0.170323 0.151649 0.0781328 0.764844 -0.596653 0.00552567 0.404827 0.0687851 -0.00928979 -0.118393 -0.429727 -1.5396 0.691252 0.920829 0.0916409 0.581547 0.520715 2.38867 
1.23151 0.305309 -0.799437 1.09697 -0.389948 -1.03107 -0.411248 -1.01756 -2.05138 0.430083 -1.59943 1.85621 -2.23598 -0.0691117 0.115222 0.242144 -0.0630108 -0.602743 -0.443695 -0.62763 0.26949 0.290654 -0.321477 0.651702 -0.243267 1.33448 -0.0226974 0.369996 -0.420136 0.100088 -0.708112 -0.554206 -0.636206 0.254445 1.71049 -0.906082 0.151354 -1.6192 1.92563 
1.17401 0.292258 -0.962259 1.00181 -1.20169 -1.43011 -0.977103 -1.07412 -1.87212 -0.370262 -1.69451 1.23617 -1.6636 -0.102673 0.639689 -0.234139 0.349627 -1.40259 -0.506837 -0.114288 0.299792 1.54017 -0.754433 0.229487 -0.854357 1.32898 -0.0305715 0.704306 -0.147575 0.643475 0.390779 0.441527 1.86147 -0.134609 1.1777 1.23706 0.500063 -0.236018 -0.537906 
1.12884 0.944997 -1.03358 1.44659 -1.79254 -1.53791 -0.525536 -0.717768 -0.511213 -0.32435 -1.36995 1.00186 -0.907002 -0.0996832 0.819527 0.094569 0.580464 -0.211964 -0.00216866 1.23384 0.13488 1.46836 0.915584 1.15177 -0.479285 0.79657 0.0544297 -1.05583 0.79755 -0.563764 2.19318 0.77389 0.168498 -0.554332 -2.05541 0.484862 1.58467 0.143451 -0.966848 
1.07433 1.11179 -0.86769 1.58227 -1.41366 -1.43228 0.256737 -0.93924 -0.403767 0.545322 -0.542744 0.75689 -0.867032 -0.0482435 -0.416138 0.563411 -0.214137 0.790585 0.267053 0.05421 -0.25454 -0.51524 -0.26957 1.81416 -0.710905 0.362131 -0.0446538 -0.702623 -0.211225 -0.395486 0.403148 0.230517 -1.96886 -0.639186 -2.0195 -1.54894 -0.30638 0.716338 -1.25609 
1.0806 0.528859 -0.470165 1.23246 -1.00196 -1.27086 -0.471326 -0.972308 -1.02645 -0.59392 0.44421 0.29095 -0.544871 -0.144337 0.116904 -0.116656 0.184978 0.191184 0.228349 -0.735017 -0.504306 -0.55114 -0.633358 0.845385 0.237053 -0.459517 -0.139032 1.05057 -0.758097 0.695081 -0.363783 -0.211977 0.550238 0.222792 0.319291 0.565199 -1.79519 1.27624 0.0468803 
0.929993 1.22869 -0.984346 1.76725 -1.22248 -1.20393 -0.47828 -1.44355 -0.954908 -0.0880355 0.302641 0.993943 -1.32655 -0.187275 0.634431 -0.194686 0.480943 0.426802 0.0550763 0.604448 -0.0317481 -0.195948 0.295629 0.0189709 0.565338 0.409011 -0.0327168 0.120026 0.298422 0.109075 -0.177209 -0.139234 1.37725 0.545576 -0.0311344 0.0556951 -1.24706 -0.839076 1.31331 
0.893323 1.16329 -0.66485 1.7134 -0.575155 -1.21578 0.133122 -1.00406 -1.2224 -0.298291 0.463181 0.856288 -0.13586 -0.177054 0.23693 0.181766 0.294053 0.0139749 0.0891151 0.642228 0.04127 -0.582275 -0.577663 -0.401676 -0.602023 0.853789 -0.00533236 -0.252696 0.343798 -0.22789 -1.77219 0.0491752 -0.531682 -0.184463 0.0758346 -0.89462 -0.744216 -1.38689 -0.62578 
0.752939 1.46562 -0.80258 2.06131 -1.2085 -1.11482 0.163948 -1.40228 -1.53718 -0.665698 -0.0990345 0.39192 -0.47276 -0.192607 0.381734 0.149113 0.253053 -1.34539 0.104251 0.0727654 -0.216211 -0.120114 -0.598991 -0.725245 -0.821551 -0.216769 0.0422183 0.0830542 0.429636 -0.110892 -0.154514 -0.20567 -1.14437 0.315225 1.43838 0.550525 0.527681 0.158841 0.00122191 
0.700716 1.54502 -0.515737 1.96645 -1.92054 -1.11153 0.205887 -1.22027 -1.34252 -0.897282 -0.262064 0.0347374 -0.352629 -0.134835 0.319984 0.611403 0.18316 -0.140539 -0.116555 -0.502145 0.356495 0.856106 -0.0271373 0.126005 -0.443182 0.855011 0.0277018 -0.216358 0.0715348 -0.0578907 1.80272 -0.337445 -1.14771 0.531515 0.786989 0.0360304 1.15938 0.99122 0.760669 
0.618103 1.7856 -0.191177 2.24447 -1.34904 -1.23137 -0.338197 -1.04578 -0.681077 -0.692836 0.0269706 -0.0512621 0.382251 -0.164906 0.165377 0.220648 0.195163 0.457334 -0.233193 -1.07494 0.315304 0.666875 -0.56296 0.434131 0.169669 0.5439 -0.0438192 -0.117657 -0.561529 -0.521089 0.689947 0.134147 1.13389 -0.0612569 -1.34368 0.799123 0.11363 1.02099 0.337581 
0.53581 1.7104 -0.29509 2.16162 -1.46321 -1.34472 -0.869056 -0.904963 -0.67564 -1.46024 0.172067 0.204406 0.191271 -0.178655 0.202328 0.0498732 -0.337929 0.549408 0.0175917 0.631741 0.295238 -0.487571 0.771986 0.239635 0.577807 1.19259 -0.0228269 -0.0258258 0.134597 -0.280323 -0.339688 0.6248 2.35186 -0.234773 -1.66059 1.06856 0.106632 0.580487 1.2406 
0.439449 1.98793 -0.141304 1.90654 -0.799631 -1.21378 0.293544 -0.750542 -1.16865 0.0791504 0.266606 0.526545 1.57484 -0.187733 0.139551 0.355245 -0.0851599 0.117646 0.391607 1.27692 0.0805308 -0.993716 0.505596 0.540763 0.750156 1.7845 0.0315666 -0.54551 0.243007 0.574501 -0.958236 -0.0287954 -0.63661 -0.290956 -0.0966291 -2.79941 -0.352904 -0.389541 -1.42611 
0.348078 1.84995 0.0601546 2.07646 -1.34556 -0.953114 0.407865 -0.824433 -1.66936 -0.954647 0.71283 0.954562 1.97577 -0.147088 -0.343182 0.292881 0.236572 -0.408828 -0.0112037 -0.00486962 0.00428265 -0.5842 -2.02743 -0.113268 0.188265 -0.233518 0.0608387 0.0783769 -0.168711 -0.0869564 0.80362 -0.501012 -1.20841 0.0572104 0.673292 -0.830435 -0.437092 -0.73531 -2.71903 
0.292361 1.64475 0.151577 2.14311 -1.20846 -1.22498 0.288674 -0.746259 -1.75285 -1.94828 0.153337 0.71481 1.34133 -0.126894 0.217928 0.186534 -0.172116 0.921266 -0.109406 0.0685115 0.137741 -0.320424 -0.324839 0.103671 0.0148458 -0.934537 -0.0240296 0.643284 0.138418 -0.928709 2.66794 0.175439 -0.961832 0.472885 0.383335 2.57078 0.8949 -0.273927 0.706469 
0.221184 2.06788 0.246688 1.90434 -0.424295 -1.06252 0.476377 -0.686691 -1.98978 -1.27949 0.816501 0.969408 1.04123 -0.171118 0.300102 0.431299 -0.692137 2.25911 0.164235 -0.966702 0.477168 -0.200866 0.543352 0.781632 -0.0856616 0.472951 -0.0804431 -0.102009 0.387164 -0.591615 -0.581125 0.315556 -0.74083 0.257034 0.697018 0.953206 0.0439909 -0.96014 1.67109 
0.121243 1.94485 0.582876 1.45097 1.05065 -1.06075 -0.678028 -0.269091 -1.95371 -1.40492 0.934969 0.629148 1.81428 -0.207337 0.115918 0.573698 -0.763732 0.340141 0.20615 -0.672319 0.394776 0.376593 0.628367 0.147662 -0.945294 0.736553 0.0363935 -0.0506432 -0.271565 0.391667 -3.94406 0.384099 1.47403 -0.373323 0.653614 -0.385361 -1.26511 -0.863614 -1.43369 
0.013847 2.1838 0.820387 1.14061 -0.0841539 -0.85637 -0.195942 -0.291916 -1.61319 -0.651119 0.964162 0.024114 1.77778 -0.134724 0.249459 0.159734 -0.30047 -1.68494 0.548335 0.507327 0.103845 0.452748 0.157991 -0.483474 -0.949276 -0.960738 -0.0204623 -0.225895 0.0946085 -0.152003 -0.910472 0.722662 0.042282 -0.257882 -0.304167 -2.22879 -1.18062 0.157912 -1.96784 
-0.0134813 2.19431 0.74261 1.1505 -0.63429 -0.512413 -0.170701 -0.165246 -1.50097 -1.24693 0.451495 -0.320127 0.853539 -0.227799 -0.109977 0.668307 -0.915735 -0.570331 0.928812 -0.630037 0.136894 0.0724261 -1.60042 -1.03296 -0.787383 -1.23128 -0.27501 -0.76087 0.909742 -1.0429 2.37191 0.789143 -1.1746 -0.246515 1.31912 -0.171547 0.472154 0.908358 -0.522853 
-0.213952 2.07382 1.48869 0.224873 -0.654485 0.0724415 -0.825978 -0.155021 -1.54076 -2.25154 -0.0687975 -0.763269 0.546499 -0.409734 -0.511411 1.06948 -1.34337 0.686964 1.33748 -0.667276 -0.14267 1.77186 -0.013556 -0.0113207 -0.040918 -1.48359 -0.260429 -1.74478 -0.905051 0.278289 1.77155 -0.308719 0.889737 0.397066 1.67365 2.76962 2.05837 1.5267 2.04228 
-0.423216 1.6829 1.81209 -0.192864 0.0526741 0.825064 -0.837977 -0.307916 0.270898 -1.26049 0.440174 -0.361045 -0.630053 -0.488228 -1.85476 -0.236744 -0.637446 1.20122 0.620093 0.259701 0.53396 1.74608 1.16919 1.02541 0.739317 0.810996 0.0477643 -1.40237 -2.05252 0.702534 -0.461793 -1.67651 0.603823 1.21957 -0.913549 0.970076 0.608854 0.0678707 3.80769 
-0.70218 0.219065 1.25195 -0.412573 0.546737 0.692534 -0.566278 0.378938 0.205319 -1.08235 0.956617 -0.0239515 1.35749 -0.36197 -1.91378 -0.983048 -0.640832 0.22517 -0.339029 -0.0634534 1.0769 0.858315 0.95652 0.597533 0.0269528 2.3241 0.366529 1.04252 -0.223265 0.399874 -1.0486 -0.849462 -0.469096 0.401309 -1.45229 0.188994 -0.505259 -1.03086 -1.23137 
-0.785185 -0.230878 0.829038 -0.833696 0.277845 0.486035 -0.90143 0.768986 1.12921 -0.303969 1.03771 -0.334092 1.69404 -0.121699 -0.81224 -0.460009 -0.237572 0.152617 -0.229369 -0.209395 0.935269 0.293789 1.35819 0.520156 -0.291547 -0.420378 0.266382 1.10467 0.731403 0.386304 -0.036739 0.38589 -0.192791 -0.931716 -1.15947 -1.16062 -0.864093 0.317433 -3.40902 
-0.82388 -0.593175 0.79194 -0.650145 0.699354 0.463165 -0.775673 1.31421 0.499108 0.275837 1.47677 -0.315499 0.937116 -0.0955879 -0.809104 -0.251646 -0.254528 0.188431 0.0468606 -0.256244 0.145185 -0.301156 -0.2041 -0.26656 0.344386 -1.08492 0.089522 0.773403 0.622198 0.121172 -0.0809678 0.715487 1.06962 -1.54209 -1.10951 -2.66609 -1.39776 0.634844 0.945258 
-0.880773 -1.03998 0.577392 -1.08822 0.466276 0.532896 -1.15767 0.914171 0.828057 -0.508069 0.771148 0.0102937 0.609126 -0.0321772 -0.0388369 0.162189 -0.1164 0.0716496 0.486118 0.860221 -0.606822 -0.81572 -1.30791 -0.877604 0.343297 0.52488 0.0532902 0.948639 0.288322 0.605608 0.511429 0.238588 1.08312 -0.469259 0.299014 1.05846 0.604405 -1.35666 0.260605 
-0.856057 -0.632012 0.95413 -0.766545 0.771004 0.949283 0.0845484 0.707385 -0.316612 -1.03207 0.599168 0.0277988 1.462 -0.0422977 0.139535 0.0366762 0.35108 0.69986 0.285449 0.826877 -0.324074 -0.00214188 0.854364 0.337845 -1.01227 -0.824313 -0.00794849 -0.048704 -0.388179 0.464432 -0.129663 -0.622695 -0.434657 0.529273 1.52844 1.72612 1.86645 -0.902598 -2.3653 
-0.923071 -0.900447 0.614068 -0.737144 1.16614 0.818345 -0.330797 0.590097 0.825915 0.346296 1.10899 -1.00198 -0.215187 -0.0401257 -0.087541 -0.22599 0.348032 -0.0580138 -0.136578 0.425564 -0.0775494 0.712724 0.418212 0.988847 -0.5593 -1.84042 0.0728623 0.0144218 -0.0360321 -0.644408 -1.27998 -0.281691 -0.667393 0.764262 -0.871486 -1.55708 -0.663991 1.45281 1.92714 
-0.896183 -0.719553 0.72814 -0.418513 0.71299 0.812705 0.510113 0.629836 0.396112 -0.613859 1.58802 -0.531502 -0.378427 0.0305646 0.153957 0.000644012 -0.293328 -0.58012 0.00375775 0.159484 0.440188 -0.873628 -0.702714 -0.326146 0.440543 1.10283 0.055344 0.135306 0.246026 -0.827768 -0.367965 0.0130772 0.116137 0.251657 -0.371237 0.75083 -1.73921 0.575606 3.17944 
-0.892506 -0.74649 0.614712 -1.03047 0.586016 0.822102 -0.171313 1.03028 -0.0477132 -0.356418 0.782846 -0.561432 0.887641 0.0152182 0.0477654 0.020036 -0.479736 -0.425978 -0.1235 0.541701 0.174107 0.341487 1.16904 -0.750359 0.016306 1.33902 -0.0254075 -0.130284 0.288813 0.792683 1.27794 -0.0172819 -0.0389478 -0.495936 1.13943 0.226357 -0.29628 -1.049 -2.68477 
-0.880964 -0.671788 0.748176 -0.898249 0.287012 0.689205 1.05181 0.803943 0.737599 0.555184 0.837657 -0.515196 0.960588 0.00515712 0.0236724 0.289457 0.499355 0.697825 -0.0135241 0.120536 -0.0557478 0.265801 -0.476356 -0.622426 -0.608453 -1.58194 -0.030977 -0.239621 -0.0334078 0.493857 1.14078 0.534352 -0.519884 0.0378631 -0.2308 -2.0488 0.103324 0.31345 -1.94236 
-0.887349 -0.722818 0.904169 -0.531116 1.28384 0.808578 -0.050776 0.974537 0.218088 -0.832774 0.16042 -1.16988 -0.694302 -0.0157587 -0.191856 -0.0133717 0.0141204 0.714802 0.410852 0.0218169 0.211971 0.110688 -0.879759 -0.647035 0.329756 -0.603346 0.0232542 0.254462 -0.278419 -0.646175 -1.70665 -0.166035 0.424909 -0.368453 0.321201 1.06746 1.23867 2.61852 2.33017 
-0.896723 -0.863644 0.734805 -0.884129 1.00181 1.10006 1.07363 1.01591 0.848287 -0.324575 0.190622 -0.185439 0.357242 0.0284113 0.278135 0.0110385 -0.146819 -1.00883 -0.179559 0.545446 -0.424201 0.587002 0.591106 0.616248 2.01006 0.748223 -0.0509393 0.285192 -0.0628734 0.209319 -0.83654 -0.804504 -1.56711 -1.1411 -0.735988 -0.104223 1.47416 -0.389456 1.02181 
-0.858938 -0.444683 0.915208 -0.677935 0.275014 0.629019 0.49467 0.550336 0.80509 -0.241668 0.776668 0.840178 0.0539204 -0.066698 0.0933364 -0.0762451 0.223439 -0.121738 -0.393652 -1.54529 -0.92913 -0.6253 -0.983982 0.827126 -0.0596996 0.418469 -0.0685225 -0.470085 -0.0264424 0.328537 1.85922 0.726118 0.492527 0.955083 -0.407288 -0.404161 -0.490713 -3.9722 -1.41164 
-0.963421 -0.770307 0.658559 -0.66069 0.880075 0.706404 -0.471662 0.0867839 0.222987 -1.30856 1.01775 -0.245139 0.775711 -0.0401111 -0.19195 -0.0154039 0.181718 0.850398 0.546559 1.03797 0.530882 0.179714 0.186946 0.125535 -1.96214 -0.663417 0.145902 0.00482294 0.216248 -0.144336 0.616303 0.380678 1.988 1.40603 0.891753 2.81228 -1.15376 -1.96986 -2.20003 
-0.899049 -0.636633 0.899804 -0.496217 1.12541 1.17558 1.53264 1.08122 0.984804 -0.0547226 0.902202 -1.12196 -0.609497 0.0792037 0.0981594 0.140003 0.0791026 0.494565 -0.0129746 0.442704 0.476905 0.266453 1.8283 -0.326634 -2.02956 -1.78156 0.043726 -0.0734589 -0.165718 -0.551559 -0.664903 -0.756577 -1.89718 -0.528153 -0.560595 -1.27423 -0.551444 2.587 1.40053 
-0.884217 -0.672148 0.798562 -0.581587 1.37464 0.69343 -0.0289576 0.563689 0.48944 0.519743 0.691114 -2.2747 -1.00585 0.0036149 -0.265409 -0.181122 -0.369841 0.185495 -0.210018 -0.859205 0.00272908 -0.380881 -1.08729 -0.425909 0.624854 0.737115 -0.152685 -0.749868 -0.49605 -0.756333 -0.770077 0.54751 -0.145412 0.0665483 -0.129534 -3.39674 -0.895087 3.25901 2.35476 
-0.895434 -0.902042 0.718682 -0.866058 1.31091 0.965561 0.673438 1.08395 0.603924 -1.14201 0.476293 -0.49711 0.127618 -0.0734813 -0.651709 -0.356047 -0.677231 -0.275512 0.534535 0.297292 0.543453 0.136918 -1.56844 -1.22172 1.22945 0.573197 0.0102364 0.350052 0.36148 0.349293 -0.927655 0.375062 1.38487 -0.222475 -0.103992 0.98673 0.0372567 -0.0731592 -0.450614 
-0.957699 -1.32386 0.442515 -1.25882 1.09913 1.22796 0.268334 1.10714 0.626358 -1.04869 -0.530607 -1.04525 -0.432652 0.0138513 0.0846435 0.180358 -0.0205479 -0.74216 0.165045 0.525661 -0.219746 -0.484872 -0.100559 -0.388652 0.551695 0.286501 0.170031 1.15934 0.27218 1.00733 0.0374471 -0.428506 1.02744 -0.57206 -0.093505 2.5616 3.05221 -0.485969 0.240476 
-0.881583 -0.817399 0.899041 -0.886605 0.568747 1.13061 1.1991 0.864202 0.119052 -1.24257 0.0876409 0.0545847 0.414118 0.0965493 0.507629 -0.0838671 0.330103 -0.238065 0.10603 1.32473 -0.0286072 0.0434135 0.993161 1.83049 0.743481 0.813673 -0.0157478 -0.344562 -0.921189 -0.187981 0.0637495 -0.593081 -0.598233 0.406802 0.977124 0.503391 0.705434 -1.25238 -0.981823 
-0.861149 -0.816228 0.358648 -0.928715 0.861062 1.33399 1.59306 1.07853 0.669772 -0.0555327 1.29988 -0.301768 0.381021 -0.0018965 -0.259919 -0.740831 -0.208529 -0.67841 -0.428037 -0.072572 0.187057 0.492252 0.402832 0.316782 -0.700682 -0.695323 -0.13941 -0.4305 0.318305 -0.239417 0.04271 -0.686286 -1.67923 -0.064631 -0.421751 -2.36112 -3.24934 -2.19428 -0.985641 
-0.883479 -1.07732 0.15821 -1.09513 -0.109663 0.702569 1.12653 1.05126 0.611304 -0.839738 0.404423 -0.646097 -0.281204 -0.0428605 0.0771283 0.234438 0.0906859 -0.195355 -0.580257 -0.354504 -0.0932382 -0.378338 -1.36796 -1.41885 -1.45079 -0.171968 -0.0293047 0.565579 1.27983 0.625184 1.85622 0.445032 -0.623036 -0.318957 -0.0112179 1.29765 0.176992 0.299817 0.0989559 
-0.90401 -0.7391 0.593086 -0.838029 0.665707 0.753737 1.23856 0.985296 0.291434 -1.4235 -0.118969 -1.75256 0.209053 -0.0312012 0.30566 0.538995 0.416656 1.17781 0.0169956 -0.695608 -0.131901 0.481034 1.70048 0.493774 -0.400864 -0.596367 0.0547223 -0.1402 0.0168969 -0.00367111 1.06586 1.0164 1.08521 0.464197 0.975376 4.27088 1.69604 1.43173 -0.235811 
-0.914681 -0.771657 0.697205 -0.678479 1.06815 0.719565 0.430918 0.919358 1.09234 0.860743 0.898196 -1.04696 -0.877571 0.0118618 -0.0630714 0.251335 0.0870148 0.870508 0.436145 0.730706 0.370959 0.597039 2.90292 0.277186 -0.0190604 -0.407778 0.120583 -0.596477 -0.243135 -0.348828 -1.51484 0.444246 1.41645 0.241687 -1.23313 -2.50594 -0.416844 0.609277 1.78807 