-0.999717 -0.48072 0.611449 -0.752045 0.299393 0.788936 0.761713 1.12248 0.774408 1.00658 1.44313 -0.407915 -0.536982 0.0520899 0.282039 0.376351 0.168228 0.135034 -0.0433035 0.787044 0.538924 0.241723 1.48424 1.2598 1.8541 -0.0232137 0.0989476 -0.0624267 0.346089 -0.123333 -0.15167 -0.0510892 -0.00610267 -0.495677 0.0106258 -0.111455 -2.07716 -0.531379 0.640357 
-0.943288 -0.371009 0.702186 -0.735983 0.484759 0.571485 0.700347 0.907979 0.219661 1.04576 1.11575 0.368202 -0.0614033 0.0322019 0.0852366 0.255336 0.0770366 -0.16134 -0.087147 0.443917 -0.0826777 0.0279031 -0.238694 -1.53397 -0.594806 0.545939 -0.0460255 -0.353702 -0.203776 -0.181334 -0.660836 0.241466 -0.989494 -0.14042 0.000833663 -1.91503 -1.7077 -2.83145 0.261561 
-0.967515 -0.395483 0.866785 -0.675009 0.138053 0.701789 1.20563 1.0398 0.802311 0.767886 -0.0908353 -1.00272 0.00895719 0.00606435 -0.0716626 0.172576 -0.0131065 -0.525802 0.198163 -0.20245 0.398504 0.242556 -0.430793 -0.447895 -0.977345 0.238347 0.0627415 -0.152583 -0.550989 -0.271317 0.337219 0.426777 -0.660974 0.346831 -0.258527 0.0629481 2.07542 0.979886 -1.03946 
-0.937223 -0.442672 0.874761 -0.74909 -0.0410431 0.769647 0.497897 1.30648 0.462217 0.61497 0.667859 -0.609142 0.176944 0.0949434 -0.0673461 -0.295652 -0.19428 0.17588 0.33963 -0.217057 0.264154 -0.230623 -0.175746 0.541449 0.38508 -0.493521 0.0820094 0.193256 -0.655684 0.0903369 1.69043 -0.0826186 0.640276 -0.478975 0.459732 0.190708 0.165074 0.679605 -1.86408 
-0.872572 -0.462829 0.571133 -0.869289 0.313933 1.04142 0.988574 1.30396 0.571688 0.59214 0.450614 -0.617641 -0.484563 0.0880737 0.121593 -0.483108 0.0772304 1.16463 0.115544 0.437826 -0.0804705 0.702289 -0.240086 -0.282821 -0.29774 -1.62573 -0.0818547 -0.164481 0.0216814 0.691686 0.32613 -0.550535 -0.311358 -0.453834 0.883832 1.15432 0.0652297 -0.139038 0.97004 
-0.849149 -0.321078 0.391653 -0.671859 1.12359 0.885192 0.935723 1.22601 1.16451 0.374884 0.385038 -0.906882 -1.44878 0.0130886 -0.231827 -0.273971 0.497406 0.502009 -0.210905 -0.528414 -0.189681 0.653208 0.978574 0.606679 0.246041 0.47652 -0.0133081 -0.5552 0.524865 0.24952 -2.10686 0.0742429 -0.35233 -1.13405 -1.67467 0.22974 -0.604726 1.41826 3.9032 
-0.859483 -0.694657 0.297162 -0.371883 0.815942 0.830513 0.460159 1.11428 1.2249 1.57071 1.05729 -0.3716 -0.00804371 0.0747657 -0.433607 0.0417574 0.326751 -0.942233 0.189787 0.0854961 -1.21452 -0.972377 -0.0103454 -0.887547 1.12052 2.27748 0.191835 0.0236413 0.107871 -0.793368 -1.85172 0.480448 0.484856 -0.649507 -1.40643 -2.18229 -2.45055 -0.121147 -0.589129 
-0.774384 -0.754685 0.433411 -0.345109 0.181352 1.07498 1.02122 0.0114946 0.192129 0.364539 -0.502509 0.213641 0.828692 0.204923 -0.208186 -0.1661 -0.295962 -1.34971 0.269543 -0.0435582 -0.839188 -0.753219 -1.20371 -1.84387 0.124895 -0.112609 0.097521 0.235497 -0.143512 -0.421579 0.677329 -0.0770107 -0.161342 1.79924 2.23948 0.92029 0.950688 -1.54852 -2.5343 
-0.65456 -0.902843 0.131062 -0.667845 -0.533768 1.10006 0.416601 0.27509 0.471677 0.367001 -0.786579 -0.246706 -0.120653 0.172287 -0.19811 -0.101754 -0.094828 -0.264904 0.112777 -0.0758456 0.584722 1.2671 0.909945 0.0631408 -0.428 -0.256823 -0.117137 0.0348049 0.663804 0.564881 0.943549 -0.586969 -0.0904884 0.713072 1.68689 1.76603 2.25932 0.752756 0.15596 
-0.602097 -0.952795 0.331656 -0.439937 -0.0835518 1.18776 0.945373 0.596216 1.45923 1.27448 -0.439368 -0.214359 0.571869 0.0877863 -0.173381 0.497704 0.268919 -0.406162 -0.317426 -0.134047 -0.126116 0.933667 0.562313 0.415453 0.87765 0.0433512 -0.115851 -0.301327 0.297878 0.204413 -0.276081 -0.437225 -1.01639 -1.1742 -1.47125 -1.44577 -1.36357 0.25141 -0.291046 
-0.566774 -1.07622 0.628767 -0.398926 -0.93993 0.78263 0.282554 0.148975 1.40534 0.929315 -0.371125 0.630944 -0.0773013 0.0564354 -0.499437 0.196124 0.109585 -0.540985 -0.324448 -1.09224 -0.58948 -0.204147 -0.535825 -1.30043 -0.17659 -0.547869 -0.0368687 -0.150041 -0.491001 -0.0103584 0.422202 0.694083 0.979843 0.288118 -1.22857 0.544572 -0.803047 -1.31915 1.63762 
-0.545662 -1.45223 0.52778 -0.330352 -0.624537 0.863307 -0.146862 0.0067359 1.25509 0.738659 -1.73979 -0.390949 0.0240005 0.0509176 -0.323422 0.00670331 0.258561 0.0160399 0.376657 0.845796 0.162002 -0.294899 1.10689 -0.387594 -0.441504 1.68097 0.0133497 0.176009 -0.14994 -0.235941 0.261212 0.812773 3.41383 0.498848 -0.329946 1.46661 3.12158 0.580709 2.34223 
-0.515856 -1.39965 0.63547 -0.140365 -0.92389 1.15929 1.12835 0.310977 1.11044 2.0362 -0.75872 0.18944 1.60367 0.0697851 -0.323428 0.0461831 -0.126356 -0.279773 0.488324 2.3216 -0.0906323 -0.534093 0.930786 1.82116 0.404119 1.79436 0.153482 -0.575611 0.138782 -0.460988 -0.772898 -0.94374 -0.308801 -0.352166 0.0579831 -2.08869 0.237698 -0.41308 -3.39532 
-0.475877 -1.77566 0.573963 -0.456709 -0.90431 1.35163 2.17473 -0.0838964 0.720993 1.66944 0.081364 0.0131703 1.81836 0.204399 -0.899033 0.145485 -0.202428 -0.756858 -0.567082 0.536995 -0.190163 -0.236916 -0.981801 -0.149896 -0.854584 -1.71435 0.0819409 0.533518 0.0684695 0.414631 0.0533138 -0.999658 -3.09486 0.453979 1.10057 -1.96712 -2.38925 -0.25315 -2.02923 
-0.311457 -2.29868 0.780955 -0.342793 -1.68075 0.592206 1.66535 0.120814 0.873528 1.0544 -0.908615 -0.665144 -0.110684 0.151726 0.21009 0.114653 0.288275 -0.226459 -0.511334 -0.77326 0.363347 0.566479 -1.03634 -0.568096 0.150969 -0.23487 -0.24654 1.64014 0.211217 0.568253 1.41872 0.697401 -1.1967 0.0642861 0.845397 0.63714 0.0706612 1.83715 3.2939 
-0.324151 -1.56557 0.688616 -0.168434 -1.13077 0.840298 1.40147 0.279451 1.28747 0.633107 -0.486732 0.16414 1.58349 -0.0421404 0.741103 0.356702 0.365826 0.661863 0.130319 -0.6597 -0.125877 0.608481 -0.344661 -0.0792344 0.982571 1.57955 -0.134256 -0.469077 0.0608809 -0.277563 0.30528 0.32476 0.277062 -0.429587 -0.0578186 1.58552 1.28838 0.572323 0.433656 
-0.353597 -1.55758 1.13766 0.023033 -1.01888 0.722524 1.00565 -0.00506329 1.48201 0.709738 -0.98785 0.317427 1.46887 0.0174702 -0.258986 0.175534 0.010712 0.078821 -0.186574 -0.496198 -0.0662398 0.508661 0.549185 0.720279 0.723292 0.198786 0.0891494 -0.866077 -0.856181 -0.462879 -0.774397 -0.379166 0.766627 0.697605 -0.581656 0.731274 0.773962 -0.842612 -0.885619 
-0.30668 -1.82456 0.864149 -0.157722 -1.05195 0.653724 0.905276 0.213211 1.79613 1.18229 0.233547 0.887432 1.78228 0.047009 -0.124974 -0.499479 -0.0970534 -0.112534 -0.248848 0.106928 0.571727 0.026825 0.386613 0.694727 0.139959 0.693935 -0.100381 0.580623 -0.562197 -0.033029 0.852833 0.194354 0.24907 -0.226841 -1.50716 -0.346457 -0.677972 -1.83079 -0.081374 
-0.306588 -1.68255 0.638179 -0.0740204 -1.13142 0.473677 1.11257 0.566664 1.50883 1.09635 -0.293122 0.457387 2.1628 -0.0829107 0.321637 -0.386664 -0.022317 0.931654 0.00778052 -0.247128 -0.293081 -0.998504 0.202728 0.0423068 -1.1075 0.117412 -0.155033 0.637259 0.198625 0.0476352 1.82849 0.446526 -0.0985999 -0.440281 -0.353816 0.255557 0.222069 -1.63173 -2.80438 
-0.389591 -1.50292 0.477485 -0.180039 -0.120294 0.661505 0.658147 -0.0798697 0.797629 1.38502 0.275854 -0.220064 1.89969 -0.108024 0.512285 -0.300853 -0.0494182 1.71596 0.197679 0.00832763 0.131446 -0.326991 0.64217 0.916797 -1.49177 -2.11045 0.071262 0.767303 0.0461146 -0.158154 0.710937 0.138045 -0.346076 0.774017 0.692229 -1.01125 -1.03943 1.45909 -0.571271 
-0.414612 -1.17026 0.337325 -0.123439 0.584537 0.671356 1.1209 0.698111 1.18184 1.73852 0.623674 -1.03438 0.0523543 -0.0116487 1.08894 -0.340549 -0.180471 1.64259 0.145826 -0.593204 0.480937 -0.306275 -0.808521 -0.997123 0.351598 -0.453859 0.532232 1.53189 0.624172 0.117621 -1.80943 -0.466059 -3.142 -1.55768 -1.48861 -3.4442 -1.94325 1.72435 0.29452 
-0.40124 -0.413979 0.136936 -0.36051 1.5223 0.80733 0.064943 0.401067 0.491354 0.576498 -0.721269 0.131534 1.44583 0.424208 2.04418 0.323318 0.0682025 -0.0934755 -0.268381 -3.13367 -1.42623 -1.8156 -2.80203 -1.02646 0.232577 -1.81593 1.06736 0.776665 0.0560568 -0.250236 -1.90052 -1.25083 -1.9513 -2.05918 -1.54245 -0.381761 2.94413 -1.54441 -1.18708 
0.00959622 0.873915 0.660644 -0.0552362 0.491062 0.402975 -2.01277 -0.72812 -0.63376 -1.06351 -0.402783 -0.801806 -1.76358 1.05571 1.8656 -0.284492 -0.430707 -0.257926 -1.105 -2.5445 -1.57824 -1.84873 -1.19028 1.94701 -1.19281 -1.64094 0.42088 -1.30975 -2.21239 -1.1319 1.44407 -1.0445 2.2845 0.65306 -0.385532 2.98941 1.1577 -2.12898 2.64378 
0.654467 1.45163 -0.147556 -0.791217 1.26437 -0.29767 -2.47956 -1.17717 -1.35738 -0.613784 1.22574 -1.06127 -0.195103 0.845089 0.734428 -1.88907 -1.0637 1.3506 -1.31288 -0.849168 -0.773171 -2.20114 0.187377 0.131246 -1.8964 0.827848 -0.675889 -1.57185 -1.13332 0.601703 1.52056 0.589652 2.87994 1.51223 0.823341 1.57483 -2.70798 -0.244589 1.12431 
0.854685 1.60834 -1.22843 -1.11894 1.84166 -0.909909 -2.86194 -1.50129 -2.8349 -0.876132 -0.271537 -2.6982 -0.935728 0.379817 0.293757 -1.41781 0.170996 1.26263 -0.515348 0.335434 -0.0660141 -1.02539 0.384548 -0.760965 -1.4374 -0.516628 -0.556985 -0.496723 1.21008 1.98714 -0.544604 1.37536 1.92744 1.02418 2.59471 0.689468 0.29012 2.57939 -0.267926 
1.03428 1.74538 -1.56537 -0.620221 2.527 -0.813018 -2.14413 -1.24319 -2.38276 -0.229236 0.464777 -2.49867 -0.711732 0.288103 0.237705 -0.678993 0.923436 0.805991 0.0624742 1.07828 0.251014 0.393579 0.876845 0.421366 0.682997 0.559922 -0.0819481 -0.618145 1.34177 0.224364 -1.10754 0.374381 0.336514 0.0913658 1.10616 -0.0453375 0.0205637 1.95921 1.60266 
1.14279 1.84605 -1.90742 -0.195501 2.64765 -0.847435 -1.78366 -1.25028 -2.44132 0.000713177 0.149828 -2.01521 -0.375805 0.297869 -0.324388 -0.0760383 0.39536 0.155095 -0.140967 0.671948 0.0253517 0.0807719 0.339211 -0.740401 0.521813 1.08603 0.0657539 -1.31881 1.10326 -0.985427 -1.64785 -0.285298 -0.867593 -0.50688 -0.284489 -1.1674 -1.93585 -0.512555 0.291619 
1.33215 1.42099 -1.64141 -0.22486 2.6821 -0.953985 -1.47218 -1.21784 -2.30199 0.109975 -0.275624 -1.97686 0.374298 0.353857 -1.08111 0.424272 -0.0619902 -0.84186 -0.222823 0.210683 -0.255866 0.10909 -0.290551 -1.51448 0.170442 0.851541 -0.204478 0.576809 -0.452946 0.797259 -2.05013 0.257123 -0.00981679 -0.41268 1.44461 -0.0377854 -0.118 1.19005 -0.669656 
1.49665 0.764942 -1.48315 -0.257491 1.80579 -1.07026 -1.57298 -1.50614 -2.33223 -0.289838 -1.36465 -1.84477 0.475736 0.0933912 0.252421 -0.528984 1.19262 -1.89504 0.116155 0.662132 -0.387328 1.52538 0.301425 -0.858402 1.71187 0.416374 -0.280411 1.37956 -0.606971 0.860951 -0.119974 0.209153 0.313853 0.120657 1.4852 0.757013 0.889269 1.61922 -0.287233 
1.42554 1.67341 -2.17039 0.967759 0.787058 -0.83783 -0.810048 -1.60516 -0.776608 0.411401 -1.13403 -0.264991 0.790672 0.0734463 0.298459 -0.182699 0.79896 -0.961834 -0.0136702 0.524535 -0.135209 1.59429 0.466462 -0.625214 1.78966 0.564308 -0.0119791 -0.892948 0.803753 -1.11853 1.45941 -0.53093 -1.19554 0.0544788 -1.19359 -0.871797 0.0512722 -1.04403 -1.52486 
1.57009 1.0634 -1.66585 0.541469 0.843955 -1.08393 -1.04844 -1.64135 -0.737938 0.176624 -1.98987 -0.0551036 1.04004 0.0814121 -0.640527 0.274769 0.074091 -0.435628 -0.414775 -0.533412 -0.332849 0.331795 -0.570372 -0.80713 0.667833 -1.10849 0.0097461 -0.881399 0.506109 -0.531692 0.74251 -0.191713 -0.835339 0.222767 -1.46053 -1.10523 0.739401 -0.82755 -1.3067 
1.50696 1.03289 -1.89562 1.04185 0.35143 -1.25261 -1.34346 -1.93801 -0.444814 -0.158971 -1.94116 0.402842 -0.317818 0.0831924 -0.582941 0.32341 0.267268 -0.219323 -0.205383 -0.310804 0.0875584 0.133756 -0.63877 0.114187 0.962112 -0.742396 -0.0636417 0.646874 -0.311719 0.434992 -0.18197 0.510796 1.00641 0.56905 -0.156752 -0.336351 1.39983 0.440381 1.16118 
1.65328 0.48046 -1.34244 0.808737 0.624631 -1.28931 -1.35925 -1.55379 -0.604182 -0.462146 -1.87568 0.907009 0.297648 0.0177704 0.00634717 -0.03695 0.509083 -0.617597 0.0960209 0.472999 0.236201 0.175042 -0.906722 0.592698 1.10821 0.0526936 -0.207009 0.986181 -0.66307 0.374549 -0.291001 0.203923 1.07944 -0.150694 -0.0971841 0.279191 0.322092 0.0189429 -0.177743 
1.52473 1.03924 -1.93257 1.55093 -0.266167 -1.15658 -0.870461 -1.70181 -0.269771 -1.06569 -1.34846 1.51106 -0.265125 -0.123817 0.40324 -0.33966 0.641817 -0.510324 -0.00146078 0.768636 -0.0631357 0.0365716 -0.359579 0.43628 0.981055 -0.920139 0.0359457 -0.335985 0.36034 -0.746174 0.917248 -0.11198 -0.0116997 -0.0262176 -0.659656 0.347221 -0.959041 -0.732534 -0.378829 
1.52947 0.8837 -1.6821 1.45055 0.114307 -1.29077 -0.590612 -1.61693 -0.56761 -0.821725 -1.4394 1.88806 -0.622491 0.0537161 -0.329638 0.32339 -0.237091 0.29965 -0.0159595 0.461299 0.209983 -0.484614 -0.559501 -0.366343 0.375681 -0.326136 0.216914 -0.983437 0.70253 -1.0614 0.387965 0.0532708 -0.994591 0.328859 -0.521246 -0.679125 -0.78884 -1.52833 0.677034 
1.57844 0.709597 -1.60918 1.31384 0.0334827 -1.17254 -0.409162 -1.49183 -0.754385 -1.62519 -1.7148 1.88674 -0.59126 0.0930975 -0.580196 0.36287 -0.419585 -0.122359 0.05181 -0.225955 0.265723 -0.484675 -1.0387 -0.352561 -0.547279 -0.243105 -0.115144 0.1805 -0.248795 0.287403 -0.848033 0.0163363 -0.764065 -0.215566 0.0052051 0.0390516 0.767678 -1.12322 0.170019 
1.62256 0.303504 -1.31923 1.03097 -0.00805246 -1.23896 -0.816567 -1.35121 -1.05229 -1.86043 -1.79196 1.34078 -0.865596 -0.0614279 -0.149138 0.0745953 0.0503124 -0.548382 0.000376827 -0.302766 -0.00558262 -0.479409 -0.520449 0.401335 -0.747542 -0.156117 -0.1733 0.876939 -0.327044 0.907377 0.0987428 0.0558074 0.605583 -0.137477 0.645386 1.1115 1.37412 0.925492 0.461234 
1.51701 0.560459 -1.53459 1.36415 -0.5149 -1.17217 -0.711929 -1.49741 -1.23379 -2.14564 -1.31347 1.1392 -0.747377 -0.0802027 0.296743 0.0358259 0.487792 -0.0236165 0.107617 0.379628 0.128247 0.160711 0.0728008 1.02156 0.378213 0.218129 0.0586655 0.19585 0.179003 0.0531292 0.864809 -0.0921465 0.470261 0.326478 1.01465 0.911906 0.306802 1.17524 -0.592196 
1.54236 0.600247 -1.28341 1.51876 -0.031669 -1.13134 -0.436938 -1.22296 -0.891574 -1.78763 -0.770406 1.719 -0.647467 -0.00276237 0.0467118 0.253598 0.103442 0.316427 -0.0917697 0.167495 0.320895 0.53524 0.391457 0.708137 0.427696 -0.748313 -0.0255008 -0.315486 -0.132751 -0.491803 -0.556008 -0.376358 -0.499779 -0.349376 -0.325041 -0.0828439 -1.09412 -0.879383 -0.847856 
1.51425 0.60717 -1.28099 1.4676 -0.198473 -1.26394 -0.544434 -1.17652 -0.698554 -1.75419 -0.605329 1.56689 -1.49569 -0.105703 -0.0187432 -0.0969252 -0.00401071 -0.579624 -0.26874 -0.12015 -0.221129 -0.164329 -0.0100431 -0.0725673 -0.50117 -0.629727 -0.182189 0.327119 -0.593015 0.318368 -1.77308 0.0406568 -0.186867 -0.477079 -0.802532 -0.641553 -1.07088 -0.870876 1.32916 
1.43666 0.581503 -1.38033 1.51475 -0.611293 -1.40009 -0.557089 -1.44409 -1.0559 -1.79767 -0.842973 1.21783 -1.27719 -0.184952 0.373831 -0.339416 0.421809 -1.45666 -0.0511129 -0.0193726 -0.156184 -0.267292 -0.250096 -0.362744 -0.44318 0.58085 0.0565853 0.342932 0.628828 0.152721 0.14727 0.353955 0.646166 0.831178 1.255 0.917366 0.431235 0.368924 1.88194 
1.3293 0.981001 -1.6204 1.88941 -1.65513 -1.31505 -0.563806 -1.3327 -0.965846 -2.00428 -0.968073 1.12371 -0.914841 -0.0491181 0.324188 0.531903 0.14871 -0.432355 0.0852149 0.526015 0.610049 1.09067 0.907323 0.358668 -0.132246 1.25221 0.14243 -0.407482 1.00823 -0.547831 1.36757 -0.305347 -0.151763 0.683098 1.42369 1.06797 0.336068 0.0201525 -0.530815 
1.38754 0.905692 -0.848427 1.66346 -1.04365 -1.31487 -0.0310732 -0.834039 0.0347666 -0.890348 -0.484305 1.08558 -0.0249808 -0.0425217 -0.0336519 0.668809 -0.126022 -0.0890851 -0.35646 -0.171135 0.526915 1.1564 0.817874 -0.0266757 -0.423027 0.0500346 -0.0688596 -0.488667 -0.800873 -0.553376 -0.822397 -0.581237 -1.19113 -0.640836 -1.57677 -1.78328 -1.62863 -0.2814 -2.79607 
1.28678 0.947349 -0.951596 1.76338 -1.74421 -1.67151 -0.734942 -0.805787 0.19055 -1.18641 -0.994748 0.700683 -0.864806 -0.117978 -0.164478 -0.26897 -0.404667 -1.25475 -0.496022 -0.66511 -0.030787 -0.486096 -0.875956 -1.26996 -0.413647 -1.54386 0.000693815 -0.0715369 -0.547389 -0.0694729 0.18432 0.606898 0.845464 -0.366745 -1.37695 -0.924028 0.572826 0.823481 0.0927183 
1.26956 0.741214 -1.1174 1.25879 -2.2984 -1.81089 -0.696183 -0.864826 -0.451329 -1.7663 -1.75427 0.671935 -1.56884 -0.0418279 -0.105189 0.121419 -0.195495 0.0952352 0.250438 0.674329 0.16017 -0.220552 -0.106154 0.54615 0.400454 0.142753 -0.0213743 0.419386 0.419614 0.669837 1.8532 0.809114 0.935156 -0.13744 0.637328 1.74826 2.78663 0.539055 1.59213 
1.24495 0.84216 -0.830176 1.56789 -1.64898 -1.42107 -0.0606129 -0.645617 -0.0300022 -1.29256 -0.448599 1.10114 -0.722053 -0.139352 0.254907 0.150644 0.265171 0.598448 0.313091 0.270046 -0.168227 0.151232 0.872301 1.51667 0.125408 0.0482668 -0.175226 0.262576 -0.24172 0.411192 0.0712346 -0.0622206 -1.51776 -0.712286 -0.402237 0.273236 0.0647495 -0.491676 -0.821924 
1.13021 0.996121 -0.966754 1.52396 -1.69995 -1.4978 -0.426138 -1.03305 -0.300097 -0.894004 -0.237599 0.797343 -1.52057 -0.217054 0.157387 -0.120301 0.215698 0.16647 0.188217 -0.843435 -0.552116 -0.622789 0.167082 0.610899 -0.0912229 -0.679171 0.0123849 -0.249372 0.21551 -0.00933204 0.247129 -0.0933078 -0.642491 0.420376 -0.172749 -0.954528 -1.02942 0.0398461 0.273156 
1.0279 0.999547 -0.950477 1.78359 -1.48251 -1.23286 -0.904048 -1.19773 -0.652791 -1.12548 0.162301 1.00991 -1.40122 -0.126967 0.00553508 0.366154 0.255839 0.845577 0.219784 -0.372445 0.252149 -0.0215169 -0.0822276 0.487248 0.165254 0.321423 0.0162737 -0.0932655 0.740863 0.142992 0.0282218 -0.433394 0.690547 1.20613 1.46841 -0.477579 -1.09385 -0.190227 2.00731 
1.00324 1.00166 -0.6006 1.7798 -0.854375 -1.27802 -0.798583 -0.780903 -0.321614 -0.976231 0.249649 0.962597 -1.19915 -0.20078 0.0641216 0.620562 0.35869 0.194692 -0.245177 -0.152888 0.654013 0.845623 -0.310497 -0.482955 -0.28145 1.32814 -0.0842798 -0.0808121 0.472623 -0.381111 -0.660409 -0.539266 0.354906 0.250628 0.119444 -0.642241 -1.05222 0.0774351 1.02683 
0.827117 1.06367 -0.329915 2.14228 -1.28782 -1.47803 -1.05694 -0.54372 0.192832 -1.43598 -0.320654 0.728464 -0.073088 -0.211247 -0.075277 0.838776 -0.125272 0.185168 -0.319482 -0.0175393 0.502777 0.0979268 -0.724469 -0.564974 0.242689 1.34825 -0.0736189 0.150727 -0.246062 -1.18294 0.549466 0.0927034 0.146204 -0.221736 -1.64658 0.872214 0.959275 0.0992552 -0.497992 
0.791997 0.926379 0.238176 1.65453 -0.669206 -1.5975 -0.816122 -0.278126 -0.223687 -1.7007 -0.315324 1.20529 0.149102 -0.274399 0.214848 0.3745 -0.824251 0.744157 -0.152474 -0.00668415 0.432276 -0.800955 0.561717 0.47632 -0.182195 0.830144 -0.291293 0.45004 -0.705192 -0.242045 0.685777 0.55619 0.0713813 -0.192513 -1.43328 2.63915 2.64697 -0.0462967 -0.255326 
0.552719 1.27852 0.0445849 1.31803 -0.54366 -1.63051 -1.06362 -0.111444 -0.608123 -0.87426 0.155666 0.54627 0.757056 -0.50254 0.374763 0.133585 -0.367317 0.870945 0.236708 0.053842 0.310264 -1.33536 1.91468 2.08199 0.196393 1.09293 -0.11306 -0.0513215 0.301562 0.20709 -0.588027 0.725067 0.712778 0.0237075 -0.11503 0.0926133 0.437539 -0.366554 -1.08649 
0.289457 1.30114 0.371761 1.28721 0.201739 -1.36079 -0.76228 0.0321379 -1.55904 0.213981 1.76667 1.40168 1.24203 -0.387459 0.163527 0.676062 -0.617161 0.15613 0.572593 0.706094 0.455984 -0.915985 0.654331 0.913859 -0.548748 -0.256348 0.0576633 -0.0571997 1.24143 -1.14299 -1.64003 1.1601 0.0585724 -0.238336 1.66662 -2.06548 -2.86941 -1.56368 -1.4752 
0.16526 1.44204 0.720647 0.700865 -0.38753 -1.05791 -0.357526 0.34454 -1.52411 -0.219929 1.06952 -0.00247894 0.500708 -0.444877 0.317563 1.37501 -1.5103 -0.769087 1.3968 0.112414 0.0719279 0.331268 -0.150797 -0.787418 -1.36729 -0.382276 -0.134231 -0.484945 0.351027 -0.528447 -1.14671 0.961888 -0.707387 -0.533259 2.02315 -0.62925 -0.485093 -0.000333775 -0.0995496 
-0.15542 1.6187 1.74678 -0.223091 -0.567347 0.0360119 -0.649866 0.104066 -1.22778 0.0631848 0.979251 0.0343886 0.859753 -0.52169 -0.321418 1.02709 -1.14561 -0.990579 1.53448 -0.00129306 -0.0772751 1.10717 0.0250804 0.428767 -0.549082 -0.355898 -0.0879438 -1.77532 -2.08612 1.12208 1.17993 -1.13897 0.615223 0.703227 0.861024 0.478724 -0.0437741 0.802527 -0.0186648 
-0.35643 1.12063 1.74774 -0.444742 -1.37811 0.476568 -0.358819 0.267265 -0.416939 -0.194849 1.49829 -0.551561 0.144811 -0.532821 -1.45776 -0.711101 -0.388228 0.410846 0.257829 0.727638 0.775155 1.19229 0.327928 -0.831192 -0.564764 -0.400941 0.00189659 -1.08282 -1.72111 1.3788 2.9874 -1.47912 0.322554 0.746683 -0.0289177 1.1125 -1.42689 0.537017 0.632806 
-0.688241 0.160946 1.03567 -0.61132 -0.156501 0.293841 0.0777719 0.879221 -0.0354833 0.391113 0.148058 -0.530375 0.458812 -0.519794 -1.40424 -0.694022 0.233189 1.99682 0.0553616 0.321261 0.669408 1.07825 1.13758 -0.998125 -0.012065 0.276908 0.332681 1.08075 0.614936 -0.00849185 -0.714187 0.168753 -0.168658 -0.607413 -0.380858 -0.397222 1.86365 1.25565 0.858063 
-0.876224 -0.283612 1.05371 -0.211554 0.61871 0.53193 -0.0375587 0.936673 0.661313 0.942733 0.500167 -0.563626 0.421718 -0.20014 -0.377013 -0.0961656 -0.39672 -0.303341 0.426583 0.55898 0.167742 0.811434 -0.0692945 1.03246 0.690884 0.457121 0.493293 1.30679 0.318328 -0.767268 -3.23199 -0.176092 0.37637 -0.939932 -1.57654 -1.58076 1.94018 1.47528 -0.440327 
-0.888381 -0.216067 0.939509 -1.00804 -0.459842 0.720424 0.636752 1.04696 0.77595 0.321818 1.18051 0.160508 0.915933 -0.0265004 -0.0974499 -0.375693 -0.53408 -1.23517 -0.12073 0.697631 -0.270523 -0.498289 -0.443181 0.94206 1.46321 -0.16342 0.221309 0.224266 -0.0938528 0.777898 0.944827 -0.559093 -0.426464 0.0594949 -0.807682 -0.445223 -1.18472 -1.35315 -0.0508749 
-0.902724 -0.381062 0.678021 -0.745633 -0.61646 0.4112 0.660072 0.66615 0.163024 0.499552 1.44223 0.899587 0.258299 0.0211686 -0.152747 -0.190018 0.381178 0.641486 -0.13251 0.132516 0.227236 0.00375172 -0.514518 -0.152262 -0.662268 0.406247 0.0316946 0.0198724 0.428631 0.719781 3.31234 0.686127 -0.466239 0.483087 0.388073 0.00507601 -2.32099 -1.98794 0.582398 
-0.867213 -0.368815 0.749491 -0.626862 0.181643 0.587913 0.769268 1.2742 0.779702 -0.1927 1.02825 -0.50176 1.32218 0.00519418 -0.0775775 0.0529377 0.185701 2.07717 0.565397 0.231393 0.212564 -0.110215 -0.438105 -1.37893 -0.524727 0.418979 -0.0810034 0.251284 0.297571 -0.476393 -0.0379082 0.317526 -0.488665 -0.90169 -0.970871 0.544753 0.108039 1.25553 -2.86166 
-0.89753 -0.458639 0.730959 -0.559932 1.46071 0.976597 0.891465 0.878714 0.0528088 0.0614472 0.0633014 0.37486 0.677277 -0.0598348 0.0985362 0.107553 -0.0952154 0.603577 0.185016 -0.356149 -0.674453 -0.967119 0.0302358 -0.0442232 0.593266 -2.45541 -0.0709365 -0.0215536 -0.155661 -0.785436 -3.72483 -0.810249 -0.13056 0.0683961 0.458464 0.329845 1.65672 1.04223 -0.21898 
-0.927047 -0.270279 0.857043 -0.722077 0.785221 0.772929 0.413119 0.599745 -0.187417 -0.162464 0.984029 0.0915064 -1.13323 -0.0657423 -0.0991311 -0.102723 -0.599735 -1.64767 -0.244852 0.100833 0.28096 0.348249 -0.10826 0.277792 0.517503 0.199998 0.076661 -0.0352 -0.0855213 0.028661 -0.641692 -0.472794 -0.0900545 1.05611 2.02086 0.621729 -0.58537 -0.367595 4.01329 
-0.963273 -0.55777 0.628236 -1.15967 -0.186959 0.731745 0.992298 1.15967 0.401058 -0.0468128 0.341093 0.892363 0.877275 0.0168262 0.0633362 0.0220313 -0.0665544 -0.0381141 -0.287779 -0.446204 0.381658 1.05374 0.651965 -0.629593 0.225671 1.55787 0.145179 0.333696 0.169561 1.07158 2.0416 0.359389 -0.360271 -0.531433 -0.638831 -0.253034 0.707571 -0.943312 -0.397175 
-0.910221 -0.206942 0.879074 -0.788632 0.747107 0.485151 -0.0330852 0.981403 0.866321 0.489501 0.354436 0.317177 0.424643 0.0794367 0.234565 0.0668385 0.471843 0.393939 0.114537 -0.259438 -0.250473 -0.290582 -0.361294 0.985362 -0.425809 -0.197177 0.0190601 -0.172341 -0.0266304 0.231107 -0.664511 0.430607 0.920996 -0.35325 -1.80512 -1.1467 0.279378 -1.30716 -0.917551 
-0.883836 -0.323205 0.695074 -0.687824 0.20698 0.846282 0.73286 0.909201 0.110476 -0.408107 1.32646 0.466554 0.680098 0.0358863 -0.109005 -0.00459913 0.164552 -0.702625 0.142828 0.474792 0.0284083 -0.751381 -0.494734 -0.350215 -1.08149 0.640323 -0.170749 -0.552846 -0.238012 -0.954169 -0.969086 -0.706001 -0.55996 0.198548 0.29168 0.560799 -2.2722 -0.748715 -0.82405 
-0.874335 -0.315947 0.874475 -0.624079 0.0444813 0.627979 0.441706 1.00981 0.11494 -0.00523289 0.00422081 -0.764309 1.06497 -0.0913118 -0.318281 -0.171173 -0.482325 -0.575148 -0.591464 -0.819398 -0.0519251 0.00109829 0.199505 -1.28684 -1.17452 -1.02123 -0.149043 -0.23469 -0.383986 -0.643813 1.36847 0.038123 -0.208744 -0.150484 0.822994 0.569528 0.195011 2.26201 -0.525827 
-0.975148 -0.641487 0.523901 -1.17015 -0.368168 0.254817 -0.0865386 0.857276 0.111575 -0.208602 0.0396154 -0.707971 -0.341129 -0.113157 -0.343695 -0.388585 -0.479261 0.665846 0.180951 0.266048 -0.122076 0.0716128 0.0747943 -0.155204 1.18052 0.114496 0.113686 0.56171 0.547932 0.87372 1.05764 0.950395 1.60687 0.232537 -0.0300311 -0.0107417 1.23124 1.07213 1.59528 
-0.987491 -0.659642 0.485891 -1.10334 0.710328 0.80893 0.707754 0.887736 0.186553 0.0695614 -0.150983 0.416215 1.17946 0.0223745 0.243428 0.376759 0.391394 0.48249 0.358931 0.787474 0.180612 -0.0289328 0.188763 -0.0555988 -0.102392 0.574057 0.101961 0.342734 0.549779 0.651606 -1.3783 -0.279657 -0.340522 0.011821 0.0304718 0.174616 1.82814 -2.99398 -2.22957 
-0.952773 -0.398058 0.90066 -0.778755 0.114323 0.613748 0.700936 1.03789 0.0826419 -0.0198391 -0.0159833 -0.810363 0.232928 -0.011196 -0.000960854 0.161194 0.172345 -0.712454 -0.098706 -0.0744749 -0.110255 0.102085 0.24941 1.67293 -1.81345 -2.11507 -0.0661853 -0.344563 -0.33556 -0.338601 -0.090918 -0.220862 -1.16333 -0.722762 0.240857 0.0976425 0.979943 -0.642706 -2.88875 
-0.998687 -0.660603 0.647085 -0.930995 -0.00212666 0.710224 0.633279 0.777481 0.288638 0.318972 1.52195 -1.39724 -0.935607 -0.0438108 -0.101134 0.041199 0.052793 0.391572 0.138069 -0.375857 -0.54215 0.211924 0.286405 0.924344 -0.745098 -2.3147 0.111519 -0.0612859 -0.383653 -0.200185 1.27144 0.448238 0.126954 0.568213 0.397374 0.161257 -2.24847 1.72699 0.570605 
-0.996584 -0.499193 0.941859 -0.725962 0.505895 0.751817 0.325079 0.495738 0.294566 0.266566 0.908361 -1.55546 -2.08177 0.100323 -0.0622467 -0.222458 -0.0278403 0.558985 0.349532 0.0524794 0.457958 0.499459 0.410667 -0.575539 -0.0864603 -1.54446 0.102965 0.0469827 -0.290182 -0.364279 -0.040138 0.282713 1.16604 1.00397 0.0243694 0.336251 0.18336 2.31611 3.29759 
-0.898365 -0.722849 0.424626 -0.958835 0.556858 1.05976 0.685758 1.23544 0.788096 0.729639 0.946409 -1.4837 -2.48007 0.0591537 -0.0541516 -0.248983 -0.311486 0.351434 0.420782 0.790184 0.461818 0.236294 0.622657 1.1077 1.57101 0.982898 -0.192512 0.394447 0.350843 -0.097764 -0.714898 -0.53737 0.0699137 -0.642975 -0.265657 0.296043 1.85642 1.48283 4.18367 
-0.93743 -0.553344 0.692876 -1.03745 0.85733 1.1726 1.11526 0.957556 0.53086 0.889223 2.01606 0.0155467 -1.09887 -0.092189 0.3322 0.128384 -0.125604 -0.155914 -0.187838 0.122393 -0.185017 0.233802 0.70671 1.28088 1.39637 2.63921 -0.158576 0.0648403 0.230504 0.300329 -0.757348 -0.510972 -0.819152 0.00193835 0.187494 -0.336477 -1.98991 -2.31768 -0.389179 
-0.990554 -0.390649 0.553011 -1.08444 0.400944 0.871917 0.808152 1.05042 1.0219 1.43635 2.22729 -0.0873276 0.15914 -0.0994227 0.0106887 -0.0184783 -0.0111572 -0.405914 -0.0901902 -0.0289674 0.463756 0.423788 0.28618 -0.882204 -0.746674 0.593719 0.0664028 -0.740095 -0.276339 0.166377 0.493124 0.574204 0.624738 0.42594 -0.362989 -0.847125 -2.3635 -0.670392 -1.04887 
-1.03685 -0.542656 0.674398 -1.04861 0.451416 1.08241 1.0863 1.42131 0.954648 1.1754 1.13386 -0.731127 -0.505152 -0.0257862 -0.407895 -0.147954 0.0407726 0.33721 0.386366 0.747131 0.240924 -0.129187 -0.140415 -1.08263 0.725979 1.59034 0.131432 -0.285544 -0.313495 -0.464386 -0.445196 -0.271133 -0.837191 -1.19375 -1.17041 -1.68693 -0.0369353 0.513743 -0.416822 
-1.01634 -0.798544 0.405056 -1.04367 0.738155 1.25828 1.55528 1.29135 0.892712 1.29593 1.14466 0.638651 1.74948 0.0320088 -0.274855 -0.331973 -0.475543 -0.85111 -0.361323 -0.866159 -0.729992 -0.746622 -1.40075 -0.91914 -0.23293 0.176897 0.0764757 0.479772 0.118722 0.0265377 -0.528062 -0.973653 -2.02362 -0.592007 -0.579938 -1.06083 0.459754 -1.57318 -4.48694 