-1.04863 -0.505185 1.03328 0.617002 0.735807 0.603266 -0.619733 0.775631 1.14298 0.223777 1.1136 -0.936022 -1.09778 0.0349752 0.00199055 0.935197 0.623334 0.0965963 0.621679 0.572977 0.410156 0.186332 -0.898485 0.106786 -0.157723 1.01233 0.159381 0.0626734 -2.90553 -0.334424 0.136395 0.43838 0.78648 0.781158 -2.52558 -2.49429 -0.697424 0.139461 3.3442 
-0.978498 -0.44137 0.64848 0.341622 0.714029 0.807007 -0.346992 0.739183 0.308604 -1.42279 0.769881 -1.08913 0.436322 0.0680581 0.0169696 -1.48953 -0.390465 -0.0153881 0.261237 0.601437 0.500099 -0.940467 -1.0134 -0.124476 0.338076 1.88892 -0.0395521 -0.116109 -1.76957 -0.898477 -0.16327 -0.8574 -0.317151 0.0736514 0.690156 2.40723 0.235786 1.38913 -0.778637 
-0.980574 -0.488216 -0.456253 0.226537 0.720419 0.864503 -0.0182968 1.27573 0.202517 -0.789619 0.989128 -0.597945 0.791143 -0.00457697 -0.114118 -0.834372 -0.275144 -0.0666739 -0.235722 0.255825 0.483808 0.876488 1.50874 0.342572 1.2314 0.23369 -0.0619875 -0.0137657 2.67352 1.22481 0.106666 0.467762 0.0119175 -0.625535 1.22906 0.766023 -0.0289197 -0.0705929 -1.88996 
-0.983075 -0.555488 -0.185892 0.0664783 0.647355 0.571285 -0.0911662 1.22299 1.18509 0.0859503 1.11245 0.142267 0.670012 0.00607063 0.00320388 1.18399 0.834341 0.0912781 0.728999 0.613354 -0.125436 0.288592 -0.247373 -0.153395 0.267484 -0.00104057 0.112439 0.2369 1.36989 0.897479 0.149394 1.10925 0.00136269 -0.912848 0.176184 -0.926626 -0.657224 -2.934 -0.148396 
-0.974503 -0.485012 0.727733 1.06088 0.811697 1.5935 0.595057 1.15029 0.491108 -1.03699 0.835732 -0.330462 0.790102 0.107863 0.122781 0.535521 0.622336 0.0827205 0.873527 0.257188 -0.42904 1.05267 0.582116 -0.314653 -1.7026 0.0852945 0.103056 -0.377278 -3.12457 -1.0427 -0.0755108 -1.09132 -0.70561 -0.194883 -0.609249 1.86672 0.19288 -1.60278 -0.515389 
-0.875212 -0.432707 0.349629 0.688814 0.730076 1.44481 0.166022 0.793951 2.23776 0.668066 0.7978 -1.56033 0.755307 0.109126 -0.374074 -1.94058 -0.208355 0.0157673 -0.362324 -0.0922561 -0.32032 -0.320658 1.61935 0.0394844 -1.33529 -0.51643 -0.00472158 -0.452602 -1.69372 -0.223131 0.0798309 -1.30597 -0.383302 0.354059 -2.61013 -0.0703053 0.757356 1.91619 -1.09161 
-0.865377 -0.859086 -1.21285 0.852524 0.827465 1.23118 0.502801 0.829974 0.170451 0.58236 0.875217 -1.66576 0.273672 0.103141 -0.329821 -1.1582 0.399205 0.162551 -0.432441 -0.126114 -0.0749803 -1.55746 0.51181 0.442703 0.213597 -1.00632 0.00738593 0.473436 2.94604 0.45537 0.174179 0.190073 -1.29308 0.446054 1.57996 -1.02623 0.131804 2.1615 -0.981609 
-0.772071 -0.762528 -0.808574 1.08802 0.892627 1.01237 0.0399078 0.718971 0.680302 1.17988 1.2405 -1.34673 -0.251012 0.116512 0.099362 1.00546 0.247015 0.189946 -0.172251 -1.38534 0.125735 1.2593 0.593121 0.171288 0.82621 -1.49804 0.00695649 0.206771 1.73208 -1.7906 -0.206736 -0.118875 -0.590558 0.425209 1.75532 -0.49355 -1.02187 0.522751 0.883096 
-0.748865 -0.759724 -0.207388 1.09954 1.01741 1.05893 -0.88254 0.955709 1.42975 1.17548 1.0465 -0.839545 -1.22437 0.110097 -0.12305 0.573882 -1.3914 -0.0441847 -0.551316 -0.716672 0.350229 0.197855 0.0182603 -0.579171 0.736349 -0.123222 -0.022489 -0.214613 -1.44401 -1.56712 -0.309551 -0.0441655 1.7329 -0.310566 -3.01505 -1.76042 -0.98755 0.0545163 2.52194 
-0.661974 -0.885577 -0.234692 -0.303378 0.848442 0.461056 -0.676764 1.0692 0.878157 1.19814 0.661332 -0.610384 -0.374234 0.0940233 -0.115251 -0.438549 -1.32011 -0.119605 -0.216417 0.347554 -0.184832 -1.75575 -1.1673 -0.816262 0.880727 1.02391 -0.113693 0.122328 -1.60806 1.85305 0.0681956 0.486473 1.17746 -0.573897 -1.30654 -1.61122 0.622596 0.836453 1.42561 
-0.654841 -0.874975 -0.645938 -0.220567 0.897806 0.84251 -0.534985 0.770877 -0.325992 0.0081796 0.230243 0.0411815 -0.20046 -0.00359543 -0.000721166 -1.03418 0.461655 0.0240109 -0.0648428 0.460786 -0.223668 -1.10868 -1.59296 0.043425 1.5728 1.30238 0.00098542 -0.0439744 0.470156 2.62344 -0.00814301 0.471953 0.192878 -0.0869178 2.09694 2.04323 0.819448 -1.53403 -1.46119 
-0.665569 -0.886298 -1.26887 0.158278 0.872453 0.396213 -0.215978 0.845531 -0.230525 -0.394826 0.704757 0.962418 0.928149 0.0950087 -0.159226 0.0316065 1.30334 -0.127748 0.255536 0.540432 -0.27175 0.341197 0.875929 0.00318592 -0.653307 -0.43728 0.157597 -0.185587 2.32793 0.746081 -0.168929 0.689523 -0.699057 -0.0552435 1.24857 2.63072 -0.339065 -1.75962 -2.05929 
-0.559833 -1.0342 -0.614331 1.08277 0.770058 1.09805 0.0054463 0.499128 0.0152047 0.884109 0.233429 -0.612126 -0.63774 0.154001 -0.186308 1.29376 1.20774 -0.144919 0.62468 -0.238271 -0.278912 0.13989 1.03776 -0.29564 -0.186816 -0.756911 0.176789 0.422923 0.375637 -2.8568 0.0479024 -1.01942 -1.89816 0.0218869 -0.884668 -0.572303 0.547702 1.71579 1.16205 
-0.511568 -1.07261 0.0248854 1.36601 0.727535 1.02089 -0.454249 0.56662 -0.090635 0.64293 0.409117 0.775601 0.171238 0.271798 0.263698 0.407243 -1.55346 -0.0798455 -0.763885 -1.35773 -0.249863 -0.543472 0.303627 0.550888 1.06248 0.724774 -0.0375752 0.149762 -1.48899 -2.74829 0.201494 -1.87067 -0.528031 -0.0708734 -1.03821 -1.00467 0.254526 -0.965531 1.78094 
-0.288035 -0.770503 -0.207088 -0.470694 0.690213 0.334161 -1.35228 0.249265 -0.528267 1.18774 0.784317 0.450356 0.0870349 0.116426 -0.0365462 -0.195237 -1.54056 0.0565759 -1.24599 -0.766302 -0.349785 -0.898321 0.0330892 -0.0411143 -1.15235 1.02403 -0.325228 -0.880993 -0.229878 1.82197 0.244555 1.58989 2.56908 -0.130546 0.811093 0.078251 -0.625616 -1.06457 -0.537519 
-0.395142 -1.10915 -0.170351 -0.174542 0.784111 -0.2251 -1.22055 0.216834 -0.988956 0.676019 0.368002 -0.376746 1.19527 -0.0534304 -0.617295 0.177365 0.268506 0.16471 0.826002 1.21135 -0.380409 0.267621 0.381878 -0.0747284 -0.00209326 0.187256 0.322613 -0.810849 -1.93094 1.88446 0.282882 2.0431 1.49512 -0.167015 0.987505 -1.35679 -0.334204 0.539924 -3.02969 
-0.341465 -1.3878 -0.0297227 -0.202188 0.854922 1.16016 -0.140927 -0.131144 -0.260646 1.56961 0.709588 0.448263 0.274291 0.439039 -0.847395 -2.12618 0.343903 0.339458 0.797109 0.728816 -0.5168 0.0891844 -1.3237 -0.375319 -0.612423 -2.00566 0.544535 0.118537 -2.26628 -1.05487 -0.0930939 -1.64951 -2.45798 0.334686 -0.656016 -2.64842 -0.15533 -0.670485 -0.249401 
0.0438976 -1.95655 -2.29653 0.169361 1.12357 0.572009 -0.491735 -0.299966 -0.899771 -0.647684 -0.00731631 -0.989169 -0.810392 0.491104 -0.498758 -2.08891 -0.786363 0.0716159 -0.823511 -1.24663 -0.0457233 -0.388395 -2.26655 -0.230058 -0.672578 -0.0621456 -0.476784 1.01271 2.78642 -0.672535 -0.602563 -1.88156 -1.49575 1.03175 1.41626 2.74961 0.787991 2.38495 2.35626 
0.14964 -1.88656 -2.11863 -0.988551 0.926538 0.336652 -1.38756 -0.176867 -0.649041 -0.696933 0.47953 -0.224315 0.212145 -0.0377443 0.165317 0.660246 -0.328632 -0.263106 -1.08445 -0.766937 0.514945 1.50545 1.42591 0.412672 1.77253 0.350603 -0.702262 0.676661 2.83102 1.31433 -0.430867 0.47206 2.03137 0.930312 0.789432 3.26186 -0.490603 0.729904 -0.950771 
0.00615326 -1.79123 -1.63628 -0.159271 0.860462 -0.512443 -1.25867 0.214979 0.605675 0.778224 0.405356 0.78336 -0.459789 -0.211157 0.177903 0.742105 0.527964 -0.359251 -0.351451 0.784739 0.884588 0.401037 0.995318 -0.720661 0.0573263 -1.01292 -0.214671 0.1406 0.192721 0.902304 0.204241 2.17209 1.57366 -0.186098 -3.0714 -1.78636 -0.721478 -3.17158 0.985835 
-0.0615178 -1.70865 -1.37653 -0.460587 0.567288 -0.0147991 -0.602819 0.707721 -0.248004 0.298385 -0.241131 -0.166989 -0.800772 -0.252415 0.305917 0.852967 0.573673 -0.0588642 1.08764 0.806719 0.328847 -1.56595 -0.360451 -0.308806 -1.39905 1.33644 0.455924 1.5731 3.24537 0.822666 0.145196 0.164422 -2.60665 -1.54058 -2.57574 -2.17048 0.14754 -0.895207 0.610253 
-0.246262 -1.48531 -0.783315 0.414402 0.801598 0.575197 -0.451954 0.543827 -0.960275 0.417773 0.0965502 -0.615691 0.876648 0.244766 1.751 3.98748 1.35063 -0.214055 -0.187029 -1.82191 -0.655992 -2.17471 -1.17516 -0.573121 -0.837881 -0.402663 1.0887 2.22816 2.65651 -2.50114 -1.16457 -2.00642 -2.469 -0.964991 0.466228 -1.71677 -0.714043 3.59871 -2.27108 
0.183248 0.0423516 2.61095 0.890043 0.353233 -0.201828 -2.42473 0.0517294 -2.42271 -0.876779 -0.814252 -1.00487 -1.20344 0.836282 2.53408 3.50948 -1.92747 -1.22344 -0.918779 -1.66228 -0.636144 -1.09972 -2.07722 -1.02285 2.19966 -0.934647 0.446473 -0.58893 -6.50501 -4.53482 -0.90331 -0.687482 4.02342 -0.659954 4.18707 1.19731 0.643287 2.9311 4.15047 
0.59002 1.04876 2.72616 -1.51307 -0.421839 -0.343582 -2.11423 -0.0923174 -2.06 -1.65945 -0.926299 1.58397 -0.0579991 0.691239 1.16208 -2.51753 -3.18419 -1.11736 -0.874511 2.20152 -1.31595 2.01236 0.0221481 0.0701658 2.09322 3.74781 -0.256577 -2.34114 -7.40452 2.12198 0.835674 -0.142358 3.74106 -0.452985 4.71582 4.53427 1.32736 -3.50023 3.57399 
0.874488 1.20443 0.0934206 -2.29415 -0.764132 -1.07634 -0.223213 -1.26422 -0.410352 -0.854631 -0.744086 1.08835 2.54437 0.579704 0.192932 -3.89504 0.194513 -0.387764 -1.06114 2.07879 -1.08913 3.61609 2.45705 0.30451 -1.30057 2.63934 -0.138364 -1.04597 0.0582104 3.26601 0.768096 0.574535 -0.734753 0.97296 -1.43424 2.28732 0.298928 -2.30128 -4.01346 
1.16972 1.2417 -1.16887 -1.31855 -0.809603 -1.40472 -0.035445 -1.18145 1.5561 0.7976 -0.621789 0.2834 2.58135 0.552875 0.116101 -2.45932 0.0818204 -0.349269 -0.299976 1.46676 -0.342986 0.578118 2.30947 0.369093 -0.20806 -0.26565 -0.248902 -0.107807 2.7139 -0.21234 -0.158405 1.51795 0.271985 0.714437 -5.37127 -1.86492 -0.0187743 2.04374 -3.27429 
1.42736 1.32053 -2.3659 -2.21233 -1.1134 -1.37631 1.24355 -1.6072 0.167766 1.45484 -0.374993 0.880287 2.27872 0.330802 0.0851246 -1.18114 -0.0178266 -0.546169 0.45681 2.35077 -0.374692 -1.75518 0.592127 0.285736 0.743169 -0.63495 -0.333899 -0.571949 3.25446 0.818958 0.143713 0.45171 -0.82779 0.363602 -1.00382 -2.04605 -0.2841 -0.0524111 -0.827548 
1.50053 1.32682 -2.35001 -1.33638 -1.35577 -0.947908 2.31533 -1.55614 -0.199084 1.38973 -0.336053 1.02657 1.9464 0.218976 -0.455848 0.795137 0.900778 -0.205556 0.151734 0.638973 0.0206167 -0.425703 0.263413 0.0849937 -0.260471 -1.0932 -0.107185 -0.585247 1.96685 0.737046 0.609316 -0.896583 -2.97066 0.500579 1.98643 0.0291884 -0.880017 0.261592 -1.15213 
1.64634 0.864679 -1.57076 -1.31155 -1.31896 -1.22458 1.88252 -1.58658 -0.257936 1.71825 -0.289999 0.619816 1.18552 0.223617 -0.500122 0.785708 0.71922 0.0631476 -0.439774 -0.619885 0.125887 0.231252 0.621315 -0.594282 1.00476 -1.78708 -0.138552 0.428269 -0.459363 0.197183 0.236971 -0.492447 -1.151 0.294285 0.909135 -1.2108 -0.784028 2.12609 -0.420537 
1.72414 0.826698 -1.56431 -0.617161 -1.29262 -1.38768 1.69544 -1.43025 0.0321677 2.01104 -0.930334 2.03133 0.159311 0.0804238 -0.0275791 0.335774 1.09796 0.0314156 -0.340713 -0.512024 0.314902 0.483433 -0.947383 -0.699034 1.86562 -1.51374 -0.336663 0.589978 -0.389408 -0.888499 -0.152193 0.0981971 -0.271082 -0.225232 -1.16692 -1.95717 0.0944757 -0.516101 0.760838 
1.72676 0.8371 -1.23499 -0.213588 -1.28754 -1.56529 1.3705 -1.27168 0.225497 0.770866 -0.989033 2.48543 -0.328211 -0.113046 0.0898555 0.3963 -0.169279 -0.0890457 -0.341577 -0.890967 -0.0993443 -0.935668 -1.33586 -0.499806 0.48866 -1.02625 -0.140079 -0.0506373 1.06016 -2.01583 0.0826121 -0.0329083 -0.191364 -0.203138 -2.73723 1.33348 -0.0179688 -1.85092 1.93078 
1.6111 0.916553 -1.16801 -0.78644 -1.38167 -1.72926 0.804473 -1.52959 -0.9035 0.675184 -1.43014 2.51999 -0.866935 -0.0596554 -0.0782164 1.39594 -0.917871 0.114028 -0.373621 -0.703387 0.111764 -2.25379 0.386096 -0.717003 0.0146965 0.417045 0.0743543 -0.342346 1.96619 0.837779 -0.0175304 -0.0236317 1.13084 0.222359 -0.151609 1.61032 -0.0342956 -0.431392 1.53294 
1.66711 0.758883 0.160949 -1.13146 -1.17351 -1.93892 0.667111 -1.15992 -2.0283 1.15696 -1.70604 2.50013 0.0888338 -0.0386916 -0.25249 2.36249 0.668499 -0.106576 -0.365208 0.239873 0.123015 -1.08728 0.274466 -0.534102 0.0572674 0.506691 -0.121808 -0.0612586 0.00932229 2.69045 -0.523844 -0.128192 0.744857 -0.442874 2.78848 -0.342713 0.439426 -0.850233 -1.57038 
1.57241 0.664063 1.19449 -0.11794 -1.48825 -2.09447 1.04435 -1.40658 -1.99078 0.949651 -1.96424 2.57726 -0.360244 -0.181464 -0.139475 1.40526 1.77258 -0.409817 -0.501813 0.0414695 -0.33111 0.534688 0.0433826 -0.277577 -0.835537 -1.15334 -0.0559125 0.439291 -1.98276 -0.232069 0.180248 0.630156 -0.44421 0.13303 1.28684 0.965465 0.667304 -1.09663 -2.30214 
1.48564 0.619408 1.56621 0.641118 -1.58333 -2.44073 0.708581 -1.49103 -1.49361 1.20034 -1.98361 1.66459 -1.0645 -0.0946041 0.186801 0.379733 0.436431 0.073672 0.264948 -0.204336 0.256045 0.199567 1.23993 0.133202 -1.03936 -1.79545 0.156021 0.356045 -1.54219 -2.81491 0.629973 1.07039 -0.0488658 0.533169 -0.467565 -0.055224 0.555744 -0.552124 0.197266 
1.4778 0.850865 1.57422 0.31849 -1.41457 -1.82952 0.84001 -1.15054 -1.79121 2.18958 -1.83104 1.5379 -2.15569 -0.0254424 0.21657 -0.136929 -1.04234 0.220157 0.568581 -0.00739627 0.202059 0.0671226 -0.0118414 0.278167 -1.38766 -0.956069 0.107251 0.0690516 -1.50283 -0.0643523 -0.188231 0.330331 0.783976 -0.455991 0.228892 -2.29057 -0.065587 0.503644 2.32936 
1.4602 0.835979 1.42928 -0.401219 -1.36317 -1.87215 0.701185 -1.28897 -1.42649 1.1885 -1.70545 0.276933 -2.02057 0.0126465 0.255853 -1.12309 0.372078 -0.114559 0.595279 0.579639 -0.199947 0.42846 -1.05064 0.0676153 -0.535716 0.533917 0.0528185 -0.00996505 -0.490208 1.48265 -0.4429 0.313492 0.873071 -0.354945 -0.00284692 0.0024481 -0.787573 2.08866 0.827915 
1.49045 1.10672 0.451129 0.690569 -1.52913 -1.23424 1.41965 -1.35048 -1.36275 1.13894 -1.76342 1.00218 -1.62177 0.0273761 0.206605 -0.627137 0.440316 -0.222743 0.882073 0.865675 -0.152886 0.0642756 -0.00939332 -0.509406 0.700999 -0.128155 -0.0451522 -0.391357 1.21059 -2.07949 0.369225 -0.494558 -0.758801 0.257091 0.0987758 0.663876 -0.549682 -0.671151 -1.24426 
1.48758 1.04258 0.802145 0.039097 -1.58592 -0.990075 1.56686 -1.44186 -1.36221 1.17911 -2.21485 0.977932 -2.14873 -0.0325057 -0.135504 0.0874947 -1.70741 0.254666 0.100721 -0.179162 0.0571439 0.527236 -0.386765 -0.482067 -1.20687 -0.710347 -0.133115 -0.174209 0.00825088 -1.13914 0.245058 -1.07463 -1.09016 0.0434112 -0.108976 -1.03356 0.619549 -1.44497 -0.126592 
1.45794 0.971213 0.538623 -1.01685 -1.27447 -1.13352 1.24049 -1.29334 -0.835514 0.752176 -2.24549 -0.204685 -2.33212 -0.105739 0.0323961 -0.618886 -0.698829 0.0223149 -0.192557 -0.224487 -0.109474 -0.0447003 -1.04295 0.110143 -0.743968 -0.254746 -0.072883 0.404895 0.0859824 2.85729 -0.396136 0.159578 0.665021 -0.261498 -0.5741 -0.221258 1.39088 2.68254 2.69989 
1.38184 1.07498 0.183259 -0.659732 -1.5636 -1.18263 1.34237 -1.55133 -1.40691 0.136157 -2.10471 0.233965 -2.40347 -0.105389 0.26939 0.173477 1.14987 -0.14147 0.260299 0.485859 -0.204354 -0.0468649 -0.608023 0.908811 1.47567 1.98954 -0.0624088 0.159874 0.874757 1.49777 0.0231128 0.189254 0.0196171 0.150939 1.96441 0.122576 0.865544 0.821748 3.15616 
1.35255 1.2406 0.7121 0.133026 -1.41594 -0.87322 1.72635 -1.49769 -0.882379 0.144153 -1.33668 1.27099 -0.342577 -0.168148 0.192271 0.255871 0.798938 0.0454277 -0.0033026 -0.20487 0.0414649 1.91971 -0.920377 0.975687 0.0777801 2.90141 -0.128734 -0.102382 -0.918082 -0.170358 -0.0142583 -0.393686 -0.817321 0.177842 1.96433 0.700559 -0.305822 -2.74758 -1.63043 
1.21369 1.26725 0.43913 0.139207 -1.51817 -1.18593 1.1375 -1.50987 0.512796 -0.78422 -1.12902 0.311745 0.497942 -0.234123 0.167009 -0.744605 0.979514 -0.155728 -0.133387 -0.331461 -0.0265118 1.91747 0.0925366 0.602989 -1.27191 0.359115 -0.0152619 0.0208917 -0.545051 0.729975 0.0174986 0.816732 0.768958 -0.00515659 -1.6622 2.08917 -0.289839 -0.596446 -4.10791 
1.11843 1.40761 -0.0325043 1.11254 -1.57166 -1.00661 1.39488 -1.5242 1.03509 0.23669 -0.733691 -0.00092243 0.0165382 -0.18341 0.213162 -0.289179 1.52891 0.0629264 0.813429 0.564088 0.0363083 0.257512 1.16879 0.685848 -0.518666 -1.2065 0.130061 -0.289878 1.34712 -0.898405 0.0912178 0.629714 -0.187926 0.48018 -2.56516 -0.350147 -0.519781 0.220074 -0.483265 
1.03028 1.48041 0.149951 1.66812 -1.45525 -0.372505 1.70159 -1.47356 0.770308 0.38457 -0.443175 -0.206921 -0.708558 -0.104061 -0.122869 0.602512 0.0811089 -0.0645104 0.496327 -0.519388 0.453668 -0.647694 -0.25761 0.0832085 -1.05184 -0.12415 0.0384587 -0.17496 0.838052 -1.71307 -0.294727 -0.814763 -0.938675 0.506783 -0.920081 -0.971943 -0.84225 -0.125239 1.25342 
1.01437 1.28474 0.570008 1.19365 -1.63617 -0.51028 0.875497 -1.07054 0.387393 -0.0209206 -0.650482 -1.05276 -0.107611 -0.144951 0.0382019 0.548873 -0.184156 -0.2318 -0.00133369 -0.374587 0.543091 -0.662569 0.196847 -0.156402 -0.643904 0.046924 -0.132429 0.5157 -0.382143 0.48918 0.0967328 -0.33369 1.1589 -0.219238 0.820998 -0.478123 -0.158269 1.30447 0.669332 
0.88533 1.51861 0.698824 1.48396 -1.68705 -0.373839 1.327 -0.930466 0.107738 0.581417 -0.599577 -0.850825 -0.661634 -0.23649 0.392831 0.220369 0.570289 0.0322224 0.162637 0.639515 0.23443 0.173304 -0.735733 -0.0750605 0.252633 0.545182 0.0465594 -0.0326844 -0.47752 -1.25728 0.72345 0.134748 0.310153 -0.634643 0.811342 -2.5462 -0.145278 1.62423 1.15334 
0.777879 1.67757 0.790376 1.76394 -1.60395 -0.347643 1.51501 -0.836106 0.560696 -0.756654 -0.725543 -0.800126 0.437571 -0.0983915 0.00551749 0.0713529 -1.44144 0.49165 0.133414 -0.0644334 -0.0915515 0.148772 -2.34935 -0.301681 0.980323 1.20027 0.054676 -0.388979 -0.881465 -1.7074 0.619668 -0.0912074 -1.45735 -0.205049 -1.1665 0.123884 -0.318065 1.44045 -0.0969256 
0.786938 1.52413 0.770176 0.0425278 -1.1954 -0.240425 1.26257 -1.02202 0.256511 -1.76793 -0.901258 0.129498 0.538635 -0.181814 0.00385237 -0.661096 -1.13711 0.65189 0.0714299 -0.817833 0.0293808 -0.993194 -0.611849 -0.393126 1.69309 0.448257 -0.341103 -0.0997093 -0.301251 -1.47758 0.253717 -0.469639 -1.06494 0.812501 -0.800565 2.32669 0.464826 -1.44049 -1.32816 
0.596065 1.68143 0.12928 0.62683 -0.952062 -0.276213 0.697179 -0.806725 -0.432498 -1.3685 -1.11867 0.89296 0.885827 -0.439494 -0.0941918 -0.229898 -2.91901 0.745367 -0.336224 -1.12938 0.72095 -0.651793 -0.022659 0.163146 -0.460165 -0.127891 -0.327232 -0.00951634 1.93678 -2.20425 0.411588 0.0427762 -0.516295 1.17588 1.46242 -0.444525 1.78492 -2.93408 -1.51039 
0.347444 1.42994 0.540278 -2.87648 -0.450031 -0.576649 0.133194 -0.301067 -0.395282 -1.79059 -0.738112 -0.330668 0.410744 -0.509046 -0.00566397 1.27568 -3.34136 1.06348 0.114206 -1.33413 1.20526 0.469222 -1.05637 1.3918 -1.241 -1.06213 -0.0949732 -0.367474 0.991837 4.58663 0.0196473 1.31775 0.518547 0.399108 1.40244 0.0846772 0.929123 -0.183634 -0.796587 
0.0870185 1.67576 1.40496 -2.71453 0.111416 -0.162007 -0.636948 0.398534 0.0367245 -2.42488 0.273131 -0.348037 -0.176306 -0.534468 -0.461665 0.761939 1.66762 0.765014 0.981522 -0.61083 1.12006 0.750645 0.0620182 1.09227 -0.6438 -0.924478 -0.164896 -1.30083 -1.94461 5.7804 -0.750575 -0.0645048 1.86381 -0.665994 -0.6919 2.09328 -1.67435 0.131309 1.57176 
-0.187024 0.968275 1.30222 -1.20886 0.314983 0.404873 -0.477636 0.818991 0.355363 -1.72857 0.354157 -0.974467 -0.513734 -0.673943 -1.30649 -0.668932 2.43905 0.312904 0.0497012 0.529687 0.539265 -0.222678 1.03691 -0.282552 -1.10969 0.509629 -0.0895016 -0.544709 -1.17875 -0.662583 -0.644217 -1.12267 0.620698 -1.20223 -1.71227 1.09143 -0.669757 1.29444 2.28184 
-0.586924 0.369267 0.73603 -0.275481 0.42432 -0.112305 -0.107261 0.9378 -0.185953 -1.38797 -0.00942145 -1.45772 0.333323 -0.623969 -1.00637 -0.416813 1.00504 0.120797 -0.141152 0.00986812 -0.0821752 -0.961622 1.15345 0.422512 0.65064 1.35737 0.368632 0.435436 -0.773671 -3.33955 -0.349833 0.141469 -1.87581 -1.10246 -0.0105082 -0.110022 1.00346 1.8591 -1.22604 
-0.810993 -0.0380999 0.885403 -0.203824 0.435781 0.263721 -0.467768 0.736816 -0.606258 -0.575122 0.776669 -0.323827 0.843631 -0.305311 -0.871058 -1.4426 -0.900499 -0.0369296 0.19117 -1.34612 -0.563195 -0.233186 0.926888 0.720906 0.749409 -0.716413 0.431634 0.494323 -0.0615639 -0.438035 0.0954625 -0.096281 -0.732378 -0.648158 1.75767 -0.552371 -1.06743 -1.22812 -1.35916 
-0.892235 -0.501791 -0.706573 -1.17598 0.38739 0.0788647 -1.45339 0.374605 -0.419139 -0.46108 0.711485 -0.708315 -0.38309 -0.192335 -0.512052 -0.478377 0.567004 0.21626 -0.237433 -0.72251 -0.730333 0.796044 0.60108 -0.644913 -0.577485 -0.00179441 0.303807 1.02198 2.52772 2.36295 0.165169 -0.277853 1.73407 0.677454 2.19936 -0.329168 -0.318421 -0.194664 0.372189 
-1.00333 -0.550152 0.407026 0.36318 0.652041 0.0262885 -1.19028 0.00648269 0.189786 0.0259576 0.131756 -0.901312 0.841837 -0.00150344 0.150917 1.08511 1.46245 0.12824 -0.0866828 0.387944 0.11426 1.96617 0.597719 0.402485 0.554745 -0.344224 0.306389 0.620631 -0.21821 -0.94127 -0.0751221 0.753702 1.92672 1.52138 -0.139054 -1.00757 1.48457 1.28198 -1.05451 
-0.893738 -0.350874 0.378542 0.286467 0.51563 -0.00781809 -1.06544 0.488864 1.54703 0.136639 1.11397 -0.153569 -0.727314 0.114054 0.108579 -0.696588 -0.374267 0.141138 0.516269 1.20421 0.791051 0.656991 -0.406495 0.839659 0.70449 -1.05631 -0.0446571 -0.238502 -1.94297 -1.55355 0.349949 1.01074 0.579299 0.722627 -2.55461 -1.54806 -0.41462 0.539578 2.50159 
-0.889275 -0.441573 -0.289561 -0.0110865 0.793179 0.542558 0.0139346 0.797533 0.846777 -0.380537 0.971415 -0.196822 -0.214472 -0.0461605 -0.0875851 -0.857851 -0.0911062 0.478189 0.924054 0.967243 0.836887 -0.588434 -0.950344 -0.0121347 1.09432 2.15737 -0.20661 -0.237318 0.75493 -0.59514 -0.315875 -0.450225 -1.95752 -0.409877 -0.614249 -0.538457 -1.08037 -0.228834 1.2885 
-0.939899 -0.438459 -0.479308 0.195361 0.993819 0.916236 -0.0981989 1.32575 0.958601 -0.813705 1.10184 0.940754 1.43006 -0.0925564 -0.128739 0.0583423 -0.969407 -0.174737 0.066044 -0.753312 0.381174 0.0427415 -0.944952 -0.240711 0.475656 0.232193 0.0975605 0.100371 1.37703 0.900911 -0.476177 -0.539147 -1.04201 -1.16718 -0.356653 1.04895 -0.430842 -3.06388 -3.64465 
-0.981831 -0.570311 -0.231219 -0.980493 0.618442 0.608602 -0.739377 1.17871 0.889518 -1.32549 0.730704 0.278835 0.0177212 0.0514 0.0127855 0.519182 0.809805 0.00201207 0.384907 -0.0747643 -0.330297 -0.945087 0.098605 -0.442977 -1.96956 -1.48728 0.172139 0.367636 0.495523 2.28329 0.296569 -0.166117 0.969321 -0.7126 -1.26199 1.11127 -0.0745623 -0.793781 0.411867 
-0.888499 -0.425674 0.0398737 1.00517 0.995831 1.30114 -0.172963 0.995454 0.0135135 -0.7151 0.658859 -1.02881 -0.0572194 0.0795828 0.238897 0.553865 1.31388 0.121832 -0.100073 0.21601 -0.331426 -1.21925 0.166321 -0.315274 -0.318125 0.64406 -0.0539032 0.0249592 -0.377532 -1.73459 -0.369583 -1.25945 -0.267156 -0.334081 0.915351 0.409295 0.531995 2.0068 1.45819 
-0.902248 -0.331415 0.322646 0.333388 0.740273 0.508529 -0.523367 0.847281 -0.329732 -1.15917 0.41543 -0.0392906 0.661781 -0.0025032 0.0377447 0.14165 -0.924786 -0.367571 -0.874544 -0.34192 -0.664378 -0.0297367 0.5079 0.0890183 0.0372394 -0.0290865 -0.12529 -0.572674 -1.4019 -1.89285 -0.21802 -0.0201556 -0.267573 0.388229 3.38077 1.25352 0.802186 -0.536836 -1.17687 
-0.891002 -0.387929 0.181524 0.0803796 0.62826 0.426599 -0.514883 0.331075 -0.0162232 -0.207199 0.747877 -0.991568 -0.0863059 -0.0457068 -0.333777 -0.848039 -0.578969 -0.0961882 -0.120229 -0.0515637 0.0568024 2.16152 1.41984 0.486913 -0.854961 -0.532814 -0.0704716 -0.225375 -0.588979 0.250492 0.307564 0.921002 0.430774 1.20913 1.63785 -0.691138 -0.151543 0.149335 0.0450235 
-0.947955 -0.665192 -0.525393 -0.245581 0.644085 0.3883 -0.574931 0.904083 1.83179 0.260675 0.902343 -0.894252 0.128967 -0.0729748 -0.18763 -0.447328 -0.674294 -0.0600071 0.0464586 0.0888537 0.544752 1.60811 -0.183238 -0.0625244 0.186575 0.015937 0.0451356 0.413398 1.43831 1.57036 0.297694 0.416615 0.358441 -0.0614412 -2.77607 -1.74103 -0.74119 1.27441 0.813209 
-0.963977 -0.575559 -0.265804 -0.593915 0.568253 0.473057 -0.426029 0.875827 1.59189 -0.390437 0.685352 -0.804993 -0.0703689 -0.000571173 0.0796206 0.590272 0.991393 0.201506 0.296386 0.306877 -0.0046388 -0.614554 -0.32119 -0.254278 0.419448 0.280395 0.145382 0.0238098 1.00574 2.74049 0.288693 0.627541 0.34993 -0.756128 -3.11585 0.0925718 0.263361 -0.168558 -0.604364 
-0.948526 -0.585571 0.0648795 0.745811 0.845591 0.684686 -0.268054 0.899445 1.21723 -0.0605149 0.648065 -0.474803 0.409362 0.0724076 -0.16382 0.558408 2.06619 0.228686 0.673999 0.438784 -0.211376 -1.50774 -0.090666 0.200836 0.0180164 -0.588427 0.348409 -0.334616 0.170594 0.757764 -0.463131 0.646025 -0.248849 -0.209502 -0.896884 -0.915066 0.0321156 0.0581158 -1.85899 
-0.891569 -0.73938 0.292603 1.47228 0.796939 1.14706 0.0127547 0.664451 0.0841482 -0.481103 0.886189 -0.786977 -0.658796 0.347838 -0.254996 0.760867 1.74916 -0.261625 0.942411 0.0580283 -0.214141 -1.51144 -1.23626 -0.222162 0.477564 -1.5786 -0.0965059 0.197932 -0.693303 -3.32435 -0.425443 -1.50662 -1.32496 0.329903 1.56649 0.47471 0.106913 1.02694 2.25379 
-0.600688 -0.840567 0.825746 2.49497 0.583966 1.6271 -0.210025 0.685303 -0.294206 -1.29677 0.425903 0.00276051 -1.16923 -0.0240982 0.0341119 -0.134896 -1.25816 -0.196757 -0.832618 -0.88618 0.118527 0.0587522 0.384044 0.307749 1.04496 1.66536 -0.662338 0.451792 -1.70443 -3.56148 0.388919 -2.15666 -0.917059 0.0936132 0.758746 1.82299 0.677675 -0.758807 3.05872 
-0.915667 -0.705268 0.157708 0.21412 0.600182 0.314439 -0.873425 0.782978 0.1429 -0.0970588 1.19394 0.257982 1.00657 -0.3145 0.196796 -0.943567 -1.81232 0.127294 -1.21425 -0.859031 -0.120528 -0.752692 0.586737 0.455513 -0.281243 1.48012 -0.041121 -0.149342 -0.189716 1.20397 0.350612 1.37587 0.640922 -0.0538136 0.132071 -1.07934 -0.957934 -2.02422 -1.68124 
-0.915188 -0.643772 -0.117821 0.682647 0.711261 0.412848 -1.06906 0.564775 -1.0469 -0.710034 0.881416 -0.278482 0.310888 -0.0652193 -0.11523 -0.324611 -0.0541889 0.153855 0.543257 -0.245258 0.0647133 0.190823 -0.695291 -0.650185 -0.979262 -0.0158814 0.335076 -0.101898 0.965324 0.459645 -0.123375 1.7954 1.2258 0.540096 2.84724 -0.531144 -0.672711 0.0394284 -1.07084 
-0.980887 -0.820498 -0.166904 0.159931 0.754037 0.857695 -1.11868 0.847692 0.333723 -0.79235 0.543752 -0.72128 0.990685 0.0205757 0.0948978 0.0217572 -1.35268 0.00391902 0.581153 0.36677 0.419568 2.09455 0.0555936 -0.217198 -0.241815 0.409282 0.0971997 0.243831 0.736515 -0.873938 -0.0480351 -0.32291 0.452304 -0.055636 0.808752 1.58365 1.1819 1.75281 -0.735624 
-0.894612 -0.548874 -0.0960634 -0.670029 0.71518 0.994001 -0.702286 0.984343 1.04765 -0.65444 0.664219 -0.520297 0.72017 0.0319804 0.128601 0.411904 -0.928127 0.10582 0.220347 0.207046 0.00907738 0.999574 0.888358 0.531713 0.773549 -0.751506 -0.0353631 -0.204475 0.195965 2.60584 0.128377 -0.212263 -0.732516 -0.472394 -0.74336 1.04334 0.828692 0.718233 -1.51259 
-0.948906 -0.691898 0.245 -0.768196 0.859857 1.07804 -0.911638 0.856769 1.3333 0.096008 1.07547 0.0522692 0.239179 -0.0147874 -0.109577 0.217722 1.25316 0.132296 0.368891 -0.365746 -0.0528262 1.35119 1.09893 0.611494 0.476418 -1.10331 -0.0592729 0.0362592 0.318984 2.34745 0.0231664 0.106143 0.324624 0.548895 -2.04942 -1.26904 -0.233705 -1.72922 0.444164 