-0.988988 -0.735074 -0.948058 0.813971 0.843771 1.05195 1.02555 0.893706 -0.845591 -0.709163 0.910282 -0.381922 0.553163 0.0517059 -0.0287908 -0.0964435 -0.232137 -0.0569071 0.170007 1.64195 0.577821 1.15945 0.815024 0.234555 0.2355 -0.670851 0.0262606 0.0733318 0.164331 -1.64124 -0.0718539 -0.246168 -0.469014 0.850183 2.00728 0.306853 -0.317038 2.00047 -0.135178 
-0.963898 -0.759001 -1.14034 -0.323612 0.639372 0.707256 1.74328 0.914297 -0.264529 0.195673 0.693286 -0.561946 0.234737 0.0376209 0.11175 -0.000353914 -0.711417 0.0874335 -0.0654494 0.0610014 0.387534 0.859731 -0.243569 -0.681201 0.950654 0.323992 -0.0338965 0.0356024 0.220573 0.943526 0.369467 0.12357 -2.5713 -0.140584 -1.16355 -1.29155 0.141706 0.352601 2.10477 
-0.951367 -0.623325 -0.948412 0.102553 0.931204 0.986499 1.08655 1.28124 0.0141401 -0.952732 0.229081 0.568732 0.877155 0.0178093 0.00681163 0.12413 0.711389 0.31256 0.293577 -0.929343 0.437237 -0.00410675 -0.476522 0.376261 0.588101 1.43392 -0.106963 -0.263445 -0.0330645 0.334195 -0.25118 -0.352089 -0.551423 -0.260058 -0.682987 -0.184407 0.839452 -1.46141 -0.954962 
-0.946089 -0.752189 -1.01621 0.387777 0.951932 1.00083 0.813941 1.35153 -0.268636 -0.280849 1.06955 0.026155 1.66866 -0.0693419 -0.151695 -0.0334184 -0.377222 -0.163747 -0.417539 -0.490422 0.127476 0.176744 -0.427976 0.158252 -0.510757 -0.63097 -0.0599629 0.0187692 -0.167923 -1.17588 -0.620955 -0.956058 -0.172519 -0.608519 -0.059272 -0.0946912 -0.776233 0.243553 -2.14758 
-1.02071 -0.77502 -0.98183 -0.274669 0.767457 0.56896 0.596126 1.40872 0.190885 -1.38071 0.387333 0.0579746 0.246185 -0.0421535 0.0255808 -0.0437935 -0.464489 -0.308395 -0.662481 -1.10186 -0.171282 -0.0633787 -0.571214 -0.399973 0.831655 -0.713659 0.106226 0.179879 -0.00430692 0.599805 0.158906 0.654709 0.834209 -0.728945 -1.75608 1.05554 -0.24146 -0.0820001 0.51584 
-0.988243 -0.726608 -1.06 -0.0767121 0.643537 0.338352 -0.287921 1.18025 -0.332015 -0.852063 0.669574 0.85781 0.954997 0.0368837 0.0281839 -0.0377254 0.222583 -0.00484086 0.23717 0.343787 -0.601469 -1.57934 0.627565 -0.0832087 -0.592758 -0.11513 0.0451531 -0.0915851 -0.196191 0.190568 0.529275 1.44459 2.13325 0.422616 0.475774 0.747931 0.327222 -0.736449 0.875241 
-0.983825 -0.746836 -1.01956 -0.0520862 0.762616 0.80613 0.939913 0.807246 -1.38845 -0.753142 0.304124 -0.534783 0.131056 0.00299953 -0.0660043 -0.239985 -0.273921 0.22088 0.782106 1.03139 0.251334 0.412395 0.176718 -0.0727511 0.0952059 0.161582 -0.08002 -0.104587 0.250624 0.814785 0.314987 0.079359 -0.941754 1.25727 4.16428 0.200908 0.470437 1.45518 1.32665 
-0.985243 -0.792612 -1.29999 -0.350634 0.864418 1.12046 0.743467 1.43159 0.0803801 -0.675345 0.596823 0.953016 1.11658 -0.0431363 -0.0764027 0.212899 1.03737 0.310146 0.316529 -0.597967 0.655803 2.58495 0.828474 0.387229 0.862422 1.21152 -0.0221827 0.15787 0.705683 1.74663 -0.238118 -1.51289 -1.70914 -0.699392 0.0507787 0.914087 1.42337 -0.427368 -0.775875 
-1.02696 -0.823238 -0.806657 0.985282 1.07276 1.12266 0.341946 1.46305 1.19649 0.0753315 0.691353 0.327639 1.34257 -0.0191832 0.091866 0.465699 1.47271 -0.0172376 -0.730788 -0.677754 -0.448058 0.463174 1.0908 1.35062 -0.332162 -0.614294 0.126895 0.253172 -0.104278 -1.44843 -0.517136 -0.397464 1.33499 -1.24708 -4.21592 -1.38977 -0.767901 -1.88909 -2.43816 
-1.00443 -0.700746 -0.834287 1.12208 0.84718 0.38967 0.0657134 0.983529 0.543554 0.41546 1.94744 0.620854 0.502285 0.0837589 0.17677 0.10862 -0.411059 -0.20699 -0.0809353 0.737019 -0.591282 -1.63097 -0.561293 -0.380672 -1.02666 -1.22664 0.12739 0.0682581 -0.495373 -2.55417 0.107143 1.73112 1.96506 0.54051 -1.97957 -1.67055 -2.28262 -2.32445 0.234565 
-0.943203 -0.646469 -0.698037 0.574223 0.865773 1.04172 1.07896 0.871766 -0.434477 -0.485962 0.310681 -0.699025 0.11593 0.108206 0.160124 -0.0296743 -1.08146 0.0899053 1.00033 1.2873 0.0924515 -1.51639 -0.579749 -0.931998 -2.65662 -0.379729 -0.0709561 -0.187064 -0.187752 -0.0921131 0.101078 0.102343 -1.40995 0.500641 0.84917 0.254369 1.21456 1.6942 1.82717 
-0.89622 -0.540622 -0.863962 0.0406138 0.937086 1.39 1.35302 1.07598 -0.972841 -0.16429 1.01544 -2.03576 0.122556 0.0128029 -0.0102946 -0.0791317 -0.503172 -0.105911 0.0214078 -0.672935 -0.0906415 -0.781799 -0.306924 0.833886 0.66754 0.600522 -0.167097 -0.235153 0.136354 1.11576 -0.0926497 -1.35635 -1.47096 0.226134 2.5062 -1.47792 -0.0126738 4.7902 1.77625 
-0.9304 -0.656763 -0.777168 0.0710507 0.759862 1.06313 0.40603 0.781125 -1.21628 -0.792886 1.14457 -0.0314851 0.716452 -0.0588909 -0.0750288 0.106679 0.0342924 -0.00274432 -0.356017 -0.183654 0.318586 0.989801 -2.05767 -0.944672 2.13359 1.39652 -0.0669037 -0.141835 -0.442555 0.175465 0.188168 -0.312249 0.274283 0.30552 1.70089 0.0864797 -2.1251 -1.69674 -0.606707 
-0.955111 -0.615651 -0.757282 0.0749062 0.934341 1.03398 1.16936 1.39457 0.0169594 -2.22196 0.0707733 0.0978251 1.51907 -0.0541009 -0.15213 -0.521687 -0.327707 0.0822563 -0.290841 -0.398652 0.214879 0.919088 -0.220444 -1.29121 -1.0292 -0.00618473 -0.0901776 -0.200316 -0.67761 -0.287339 -0.180531 0.370523 -0.0588808 -0.0102571 -0.47825 4.23597 1.12269 -4.03368 -2.16963 
-0.984501 -0.808893 -1.29886 -0.256656 0.842118 0.772291 0.00737811 0.996004 -0.297188 -1.01333 -0.146647 -1.06069 0.710268 -0.149069 -0.275345 -0.57093 -0.253047 -0.183276 0.0145059 -0.242534 0.308329 0.511551 2.1783 0.178015 -1.90009 -0.773114 -0.0304257 0.181225 1.18485 0.395195 -0.186866 0.695779 1.30011 -0.261696 -0.415348 -0.132607 0.961067 1.23608 0.515942 
-1.10418 -0.890996 -1.32821 -0.178141 0.751066 1.04849 0.926827 1.70289 0.52851 -0.0436629 0.248789 -1.80226 0.745961 -0.0845265 0.0290952 0.66316 0.0674877 -0.10461 0.404939 0.901455 -0.0468167 0.503739 -0.353052 -0.330146 0.206879 0.509757 0.291659 0.507776 1.10836 0.528815 0.138615 -0.216104 -0.137979 -1.27197 -1.22572 -2.60173 0.177871 3.62552 0.667833 
-1.06903 -0.779798 -0.635695 -0.189169 0.737508 1.17723 0.908833 0.949187 0.206551 -1.36638 -0.476793 -0.853806 1.22002 0.14259 0.232431 0.537428 0.275768 -0.0446601 -0.201598 -0.380513 -0.963642 -0.714168 -0.423431 0.355887 1.72543 -0.105281 0.289526 0.223032 -0.774634 0.0656551 -0.0698774 -0.551549 -0.927203 0.196464 -0.640234 1.17515 2.32544 1.97779 -0.517695 
-0.961589 -0.658565 -0.790784 0.0976273 0.706406 0.846889 0.546314 0.739253 -0.185657 -0.467093 0.604675 -0.0768305 0.64068 0.204999 0.252127 -0.111473 0.133143 -0.174487 -0.14661 -0.0257478 0.149647 -0.136494 0.822103 1.9953 2.18467 -0.00793786 -0.196525 -0.342105 -0.724782 -1.53616 0.0322541 -0.025564 0.614435 1.38887 0.60246 0.47985 -0.307336 -0.141244 -0.240956 
-0.864028 -0.527671 -0.747168 -0.056026 0.563021 1.03062 0.883085 1.09883 0.0700566 -0.544279 1.5185 1.33086 1.21209 -0.0539344 -0.109674 -0.187353 -1.26039 -0.012406 -0.227162 0.233921 0.425226 -0.111708 0.0564191 0.0485505 1.58419 -0.346236 -0.265771 -0.523931 0.176304 -0.704974 0.474076 -0.060773 0.390859 -0.494254 0.295304 -0.494668 -3.02452 -2.22063 0.148024 
-1.01552 -0.768239 -0.978138 -1.16277 0.694 0.619727 0.780235 1.16448 -0.297365 -0.410674 0.653226 1.50736 0.294443 -0.0607719 -0.271804 0.0648304 -0.571831 0.299589 -0.207383 0.365111 -0.344607 0.158809 0.327435 -1.02922 -0.0359611 0.140086 0.195881 -0.0179734 0.158942 1.7737 0.269807 0.0897839 -0.0962597 -0.305972 0.595042 -0.554437 -0.462009 -2.39952 0.780191 
-0.9248 -0.799474 -0.682337 -0.627857 0.86261 0.823236 1.2482 0.754228 0.228866 -0.216845 0.48928 1.2949 1.35217 0.141947 -0.127647 -0.0284111 0.513309 0.257402 -0.137378 0.137662 0.119255 0.483334 -0.498018 -0.413459 -0.815333 0.433955 0.0531313 -0.0309146 -0.769872 0.130401 -0.106521 0.00583996 -1.49165 0.332675 0.283389 0.362044 1.59016 -1.08042 -0.868338 
-0.873576 -0.895886 -1.00655 -0.649457 0.951401 0.482349 0.917896 1.28373 0.185968 -0.908693 0.239767 0.692026 0.728398 -0.00764057 -0.302718 -0.705042 -0.44143 0.193068 -0.201543 -1.12654 -0.0119321 0.442199 0.689479 0.560938 -1.11638 -0.728252 -0.115607 -0.067695 -0.158435 -1.07044 -0.112553 0.132339 -0.219497 -0.682085 -0.0772467 2.23098 1.09825 1.94794 -1.0608 
-0.93244 -1.10219 -1.38738 -1.06929 1.05568 0.621693 0.121661 0.742295 0.671065 0.472634 1.05022 0.178515 0.62392 0.02634 -0.195342 -0.186846 -0.557136 0.144848 -0.0050389 -0.0818351 -0.56283 0.406087 1.73297 0.684788 1.1326 -0.626845 0.104592 0.444461 1.38956 1.07246 -0.307562 -0.048026 2.25996 -0.489169 -0.808538 -1.88966 -1.99583 2.45183 1.67557 
-0.847236 -1.09123 -1.19339 -1.20659 1.09625 0.47731 0.836061 0.720904 0.592055 0.824273 0.924555 1.82463 0.101554 0.0969516 0.141743 0.684521 0.631025 -0.114494 -0.249569 1.13343 -0.501101 -0.366339 -1.20018 -1.43489 1.33544 0.947315 -0.0716148 0.238337 0.422548 0.036142 -0.439707 -0.0509506 -0.508564 -0.784081 -1.55474 -3.55898 -2.54628 -3.72428 0.833643 
-0.835489 -0.96045 -0.702858 -0.438262 0.941184 0.372123 1.25509 0.241194 0.304725 -0.727549 -0.384676 1.51396 1.57124 -0.0452747 0.0429952 0.235702 -0.520994 -0.294859 -0.0559895 -0.590399 -1.34691 -1.14865 -1.82602 -1.86149 -2.59168 0.206799 -0.164159 -0.256845 -0.620031 -2.40461 0.24199 0.308144 -1.38087 0.861725 0.76873 1.1265 1.87154 -4.60386 -2.91197 
-0.892511 -1.04823 -0.957692 -1.72759 0.801391 0.421321 0.245662 -0.626007 -0.556598 -1.00174 -0.936937 -0.767051 0.308352 -0.0672073 -0.115102 0.0644898 -1.77358 0.127495 0.0585747 -0.24744 0.360625 0.40239 -0.0736783 0.436641 -3.26842 -1.96465 0.0979399 -0.227848 -0.0464985 0.410697 0.599102 0.636696 1.66281 2.33653 1.21403 2.49708 3.03419 4.43902 -0.290586 
-0.902696 -1.07555 -0.638368 -2.21185 1.06868 0.430698 1.00765 0.601819 0.707116 -0.801227 0.0519651 -1.75446 -0.393416 0.0526651 -0.184852 0.189204 -0.110297 0.304243 0.580706 1.07241 0.989615 0.0653792 0.671066 1.1727 1.84734 -0.083787 0.244434 0.132213 0.405239 2.73592 -0.101528 0.233759 -0.960447 -0.984687 -0.781727 0.967546 -0.232685 5.48232 2.01708 
-0.839846 -1.23308 -0.768489 -1.83788 1.10563 1.00203 1.31807 0.363608 -0.491219 -0.330677 0.235764 1.08029 0.224565 0.177227 0.0171106 0.469729 0.962339 0.0259673 0.292334 -1.20789 -0.624063 -0.379336 0.893868 0.203957 2.2139 0.0524276 0.0881929 0.34619 0.567095 1.30026 -0.398194 -1.09633 -1.24567 -0.492588 1.74966 -0.185009 -2.07397 -2.7596 -0.469608 
-0.725469 -1.05844 -0.168639 -1.24951 1.09465 0.723032 -0.20024 -0.0222439 0.327779 0.0926413 0.255922 0.459435 -0.340989 0.140858 0.161337 0.756298 1.18996 -0.0939502 -0.515619 -0.173256 0.497027 1.81504 0.486056 -0.901272 -0.912253 -0.553395 -0.116716 -0.335205 -1.0313 -0.980071 -0.0786515 -0.320826 1.84638 1.45906 1.09092 -0.484533 -0.138184 -0.357142 1.69291 
-0.698988 -1.07175 -0.0121903 -0.647921 1.01168 0.486408 1.14482 0.860636 1.32383 0.15538 -0.665508 0.168039 -0.32883 0.0605111 -0.318095 -0.561576 -0.017732 -0.0526843 -0.0284921 0.638492 0.834996 0.711583 0.409335 0.065773 1.85676 1.74533 -0.0888008 -0.617202 -1.35146 -2.52549 0.136598 0.624042 -0.769517 -0.785477 -2.93327 -0.758486 0.343343 0.588837 2.65122 
-0.664958 -1.37654 -0.730215 -1.26724 1.04196 0.694539 0.438251 0.812752 1.03936 0.501976 0.321695 2.31619 1.40434 0.0520572 -0.455865 -0.595158 -1.33553 0.0426483 0.108423 -0.942773 -0.28845 -1.11822 -0.27243 -0.557929 -0.323416 2.09783 0.034028 0.205771 0.804076 0.753295 0.0333565 0.153987 -0.862366 -1.31042 -2.67079 -1.06503 -0.988943 -5.50407 -2.92023 
-0.646931 -1.52761 -0.607349 -1.98345 1.05433 0.594831 0.202042 0.572186 0.205603 -0.117051 -1.22344 -0.155377 1.769 0.094539 -0.112324 0.242501 0.735563 -0.0193278 0.125495 -0.223875 -0.475422 -1.9592 -0.655695 -0.92317 -3.64732 -1.17489 0.337306 0.685559 0.404755 2.39262 -0.0995798 1.06406 0.314932 -0.891727 2.10776 1.594 2.43475 0.667875 -3.55478 
-0.570419 -1.48886 -0.487714 -0.531677 1.02263 0.820035 0.214377 0.33733 -0.919842 -0.153719 -0.601475 -1.33113 0.229452 0.389364 0.229694 -0.190403 1.05709 -0.0569315 1.17248 -0.627841 -1.18018 0.989539 1.32157 1.87683 0.344459 -1.45695 0.236079 0.622388 -0.593396 -2.36199 0.146098 0.46682 0.16759 -0.024243 3.64932 1.2466 2.11263 5.43697 1.28681 
-0.257567 -1.29792 -0.797752 -0.926362 0.997401 1.76731 -0.425799 -0.607991 1.19514 1.20452 0.653388 0.189082 0.312051 0.330618 0.510064 -0.350895 -1.62642 0.126771 0.592315 -0.0562846 -0.499665 1.69011 0.590908 1.18946 1.78965 0.111913 0.0980368 1.68235 2.37838 -1.23094 -0.722874 -2.95831 -0.750808 1.10713 -1.96777 -3.99073 -2.4105 -1.09796 0.419871 
-0.239801 -0.978797 -0.83861 -2.1581 1.14941 1.41235 0.158092 -0.162335 0.770271 0.437189 0.58799 0.458523 0.341365 0.4874 1.91204 2.18798 -0.173852 -0.779805 -1.78583 -1.37865 -0.0730468 -0.978234 -2.66916 -0.53367 -0.753499 -1.03708 0.80033 1.69115 3.1492 2.96446 -1.74305 -2.19829 -2.03783 -0.347529 -1.68472 -3.00564 -1.19386 -4.6773 -0.229949 
0.229833 0.614122 1.39022 -1.10021 0.217596 -0.0185121 -1.80445 -0.681038 0.216908 -1.46464 0.119718 -0.564417 -0.725026 1.13095 2.20121 2.79831 1.33804 -1.61628 -1.60598 -2.09411 -0.847194 0.00539502 -2.41473 -0.00439893 -2.88765 -0.118035 0.351194 -0.975195 -2.73254 2.05027 -0.416114 0.826267 3.70735 -0.702475 -0.4988 4.60524 -1.30389 0.799293 1.42732 
0.891148 1.22241 1.9597 -0.820067 -0.466879 -0.193628 -1.93602 -1.00953 0.775666 -1.97754 0.583591 -2.42913 0.22333 0.838595 0.936846 -0.544568 1.87642 -1.19592 -0.95956 2.3287 -0.775522 -1.47703 1.93608 -1.83756 0.0457939 0.390243 -0.648603 -2.29315 -3.36498 0.314698 1.04809 0.66773 4.61912 0.777012 -2.78047 6.52607 -2.30914 6.0201 -1.41862 
1.06843 1.55097 0.845655 0.776202 -0.978324 -0.978072 0.52425 -1.45656 -1.26013 0.471432 -1.71784 -0.518623 -0.334783 0.482345 -0.0919379 -0.566666 1.65273 -0.568191 -0.938248 2.52501 -0.0701821 -2.77507 4.11134 -2.31353 3.13245 -1.53666 -0.470943 -1.53817 0.972725 -1.89348 0.761062 0.937079 -3.3377 1.42423 0.297151 -1.25432 1.77816 0.960782 -1.78827 
1.37349 1.13047 1.39303 0.832666 -1.03507 -1.13188 0.588984 -1.07971 -1.99941 2.13379 -1.72994 0.703328 -1.31333 0.367651 -0.601319 0.428157 -0.0170647 -0.434858 -0.0224811 -1.00901 0.648704 -1.17988 0.681754 -0.0593985 1.00658 -1.39803 -0.401087 -0.214033 0.830133 -1.47526 0.263672 0.910497 -3.82196 0.27562 2.98881 -4.68906 2.73172 -3.64504 0.55153 
1.43608 0.949649 1.27381 0.759137 -1.41318 -1.00055 -0.484755 -0.807856 -2.44001 1.15319 -1.77724 0.487953 -1.73282 0.0812585 -0.305971 0.263467 0.177469 -0.304519 -0.0277508 -1.29696 0.205438 0.213733 -0.577729 0.418183 -0.512582 -0.985127 -0.301682 0.540623 -0.182466 0.290607 0.907431 -0.438896 1.12465 -0.792316 3.20818 -0.152402 0.338175 -1.37638 2.24074 
1.45475 0.824504 1.6565 1.01014 -1.33959 -1.15963 -0.707972 -0.874272 -1.78567 1.55607 -1.31176 0.190745 -2.29845 0.0659696 -0.0606966 0.245691 0.273543 0.472573 -0.461377 0.115646 -0.143612 2.0283 0.529353 0.278776 -0.369806 0.84271 -0.00223663 0.282612 -0.607911 -0.277807 0.598649 -0.445459 1.86664 -0.324076 0.918109 0.732442 -0.671581 0.446885 2.48544 
1.50205 0.888952 1.5195 1.03268 -0.940608 -1.46193 -0.369109 -0.951468 -0.411709 1.68254 -1.49846 0.118147 -0.890105 0.0790218 -0.023359 -0.344444 -0.100337 0.294129 -0.47321 0.569684 -0.118638 1.13184 0.154713 -0.253398 -0.0656978 1.50031 -0.0685738 0.0701008 -0.470096 0.0181889 -0.747687 0.566988 0.875094 0.508851 -3.10955 -0.230829 -0.153587 1.78589 -1.77143 
1.53377 0.801145 1.31206 0.909798 -1.04546 -1.63284 -0.138288 -0.99291 -0.653832 1.71078 -1.56516 0.125047 -0.798146 -0.00260421 0.00940427 -0.224404 0.291731 -0.275114 0.105611 0.99074 0.365239 -1.08125 0.298524 0.12519 1.41608 -0.928717 -0.125942 -0.0267633 0.432607 0.359474 -0.387964 0.574308 -0.349814 0.485736 -1.85581 -0.632353 0.116556 1.30471 -2.26549 
1.49944 0.898356 1.2951 1.32441 -1.21572 -1.35632 0.621631 -0.586229 -1.49296 1.98106 -1.37327 1.53423 -1.81882 -0.0469201 -0.0501223 0.0881628 0.259137 -0.0938345 0.101099 0.219869 0.367099 -0.723969 -0.477639 -0.136842 1.23902 -0.765185 -0.0558098 -0.329511 -0.0139325 -1.43193 0.138096 -0.291631 -2.08524 -1.00996 0.630864 -1.76724 -1.36201 -2.90913 0.568285 
1.48685 0.751023 1.40022 1.16893 -1.13929 -1.53174 0.0815813 -0.625811 -1.3778 1.23314 -1.702 1.36406 -1.56333 -0.058414 -0.320107 -0.238337 -1.1402 -0.137018 -0.18602 -1.0945 -0.644723 -0.450387 -1.46872 -1.23682 -1.49305 -0.360432 -0.0568374 0.0723396 0.0168722 -0.453513 -0.022407 0.116169 -0.0897051 -0.173824 0.993782 0.659326 -0.554301 -1.32981 1.38169 
1.44103 0.578249 1.05676 0.184212 -1.35274 -1.54234 -0.472866 -1.23095 -1.94335 0.512342 -2.6101 0.0411862 -2.17925 -0.103758 0.0222174 0.105035 -0.194376 -0.116241 0.217267 0.130164 0.193274 0.269814 0.181686 -0.691143 -0.0907995 0.616504 -0.0424494 0.582244 0.410323 2.64555 0.161279 0.574686 1.21539 1.3595 0.980155 2.57044 2.12605 2.87516 1.09221 
1.3831 0.77324 1.50526 0.974558 -1.25554 -1.31447 0.211746 -0.432537 -1.10799 1.41483 -2.39314 1.27326 -0.946828 -0.100863 0.262137 0.171987 1.50536 0.0242607 0.388667 0.120896 0.71478 0.529768 1.10172 0.88923 1.38212 0.731773 0.0736205 -0.0252006 -0.364556 0.531795 0.370045 -0.3123 -0.794434 -0.62791 0.0911999 0.334461 1.47289 -0.221909 -1.00498 
1.34017 0.840386 1.22875 1.68957 -1.32848 -1.15367 -0.35197 -0.516172 -1.41358 1.61406 -1.72087 1.4233 -1.44748 -0.0301371 -0.00298318 -0.259521 0.337418 0.253804 -0.0950332 -0.66427 -0.434635 0.361014 0.516147 0.781746 -0.312709 -0.388475 -0.0641753 -0.0695115 -0.24802 -0.787539 0.202486 -0.161448 -1.02402 -1.40295 0.439412 -0.726584 0.413173 -2.44551 -0.577177 
1.35296 0.770257 1.24573 1.31198 -1.00173 -1.4095 -0.452524 -0.867172 -0.746973 1.93097 -1.6114 0.960554 -1.3353 -0.165039 0.192625 -0.0760338 0.717816 0.226747 0.227219 -0.903127 -0.688168 0.969181 0.375137 1.3024 -1.06339 0.154596 -0.0701005 0.250404 -0.0496006 0.0902545 -0.419726 0.383638 0.600461 -0.000484625 0.935766 -1.6713 0.802633 -1.55774 1.07218 
1.17513 1.03301 1.15271 2.40738 -1.10173 -0.926454 -1.2551 -1.20434 -0.444397 1.9892 -0.418467 0.359912 -1.29289 -0.100238 0.247421 -0.309121 0.427673 -0.165922 0.288605 -0.0638085 -0.43512 1.29678 -1.15516 1.58438 -1.87045 0.683701 0.0788502 -0.0837312 -0.51846 -1.99619 -0.662285 -0.42706 0.585369 0.313855 -1.00006 -1.64091 -1.92101 0.226674 -0.976415 
1.25272 1.01768 0.936614 1.73965 -1.16765 -1.1209 -0.516332 -1.30229 0.549806 0.775816 -0.0270183 -0.909892 -0.651601 -0.0861885 0.108894 -0.594494 -1.27838 -0.435538 -0.199841 -0.317758 -0.374313 -0.0308818 -1.26577 -0.618611 -0.836716 -0.82182 -0.025157 -0.125456 0.70083 -1.28107 -0.0936032 -0.0833978 -0.149876 0.868071 -2.08554 1.28432 -2.23681 3.98168 -1.10695 
1.08894 1.14191 0.558221 1.12901 -1.53727 -1.12629 -1.57286 -1.57865 -0.475279 0.723428 -1.03708 -0.476804 -2.11471 -0.125395 0.121964 0.391709 -0.853396 -0.259525 0.205207 -0.213684 0.432951 -0.788765 0.129161 -0.652432 2.11123 -0.423245 0.112653 -0.144148 1.30999 0.932445 0.735673 0.134362 1.43226 0.791934 1.51656 0.435367 2.58204 0.124636 2.51174 
1.12733 1.13964 1.32832 0.886253 -1.42718 -0.915691 -0.730017 -0.86934 -0.238959 0.904977 -0.67945 1.20134 -1.07485 0.0264647 -0.0352541 0.715492 -0.345931 0.300135 -0.0654791 1.1145 0.417622 1.48568 -0.830405 1.96343 -0.71208 1.68992 0.0464842 -0.0602299 -0.892499 1.25513 0.349674 -0.465091 0.635246 -0.709544 1.81198 -1.23027 2.08866 -4.70893 1.49359 
1.1154 1.10665 1.27371 0.783076 -1.23714 -1.19177 -0.458355 -1.16103 1.0104 -0.106977 0.926347 -1.18888 -0.424784 -0.0789104 0.0617343 -0.50079 0.401737 0.0901492 -0.259884 0.421562 -0.276593 1.02322 -1.10111 1.43623 -2.5977 1.07034 -0.171368 0.00222528 -1.53079 0.116342 -0.23932 -0.545542 -1.06452 -0.65033 -1.83121 0.725968 -3.12845 0.758536 -1.19224 
1.04842 1.20138 0.827532 1.28799 -1.33703 -1.17558 -0.308454 -1.14593 0.784256 -0.196129 0.756776 -1.39636 -0.00450501 -0.144903 -0.0330288 -0.815298 -0.229589 0.0608151 -0.611021 0.0499783 -0.232708 -0.345534 -0.104438 -1.16503 0.046456 0.497685 -0.0485424 -0.0168537 -0.175 -1.04359 -0.00669981 0.325956 -0.123108 -0.14705 -1.05327 1.34051 -1.98178 3.05707 -0.440709 
0.970502 1.07362 0.458414 0.553487 -1.17632 -1.80279 -0.408377 -1.39374 0.664863 -0.211415 -0.23868 -1.14243 0.0729008 -0.127453 0.0448806 -0.67579 -0.641851 0.0834494 0.0660715 0.298454 -0.423644 -0.0300518 0.239406 -0.545551 0.459372 0.629632 -0.00416673 0.114473 1.08246 0.0854709 -0.0922687 1.38745 -0.856002 0.178168 0.875306 -0.02617 2.29663 0.281632 -0.315451 
0.920963 1.24626 0.151742 0.646139 -1.25358 -1.1095 -0.0100001 -1.56958 0.754204 0.0432767 0.211226 -0.936992 0.625127 -0.14907 0.0814437 0.26716 -0.144118 -0.0314536 0.776425 -0.806024 -0.0545398 0.529772 -0.130608 1.1316 0.328088 0.182234 0.00505685 -0.082109 1.16667 0.497033 -0.0108985 -0.051973 -0.432371 0.459668 0.211766 0.106481 0.988985 0.592733 -1.31512 
0.821432 1.15507 0.725574 0.409369 -1.20777 -1.02637 -1.2144 -1.44828 1.19464 -0.342022 0.892925 -0.81434 0.255134 -0.122396 -0.0372284 0.490881 -0.144818 0.0725509 0.0140985 -0.133917 0.0360243 0.181714 0.345887 0.443434 1.05211 -0.685493 -0.0212968 0.17176 -0.0625946 -1.25772 0.580179 -1.1857 0.482609 0.630969 -0.778764 0.675124 -1.65438 0.623197 0.161846 
0.798567 1.20903 0.642623 0.501321 -1.18103 -1.09541 -0.143917 -1.53355 0.935919 0.389164 0.65466 0.115114 -0.0603658 -0.170367 0.253204 0.204565 -1.40184 0.548726 -0.409271 -0.323414 0.57643 -0.248992 0.544516 -0.52277 0.951285 0.344079 0.0105795 0.237673 -0.543718 -1.24162 0.298094 -0.114576 -0.468892 0.775423 -0.0227818 -0.641056 -0.530091 -1.85294 1.13087 
0.651065 1.40827 0.930139 -0.992468 -0.659048 -1.43564 -1.53781 -0.871849 0.945644 0.202494 0.370154 0.136945 0.599214 -0.111816 0.200445 -0.0528366 -1.38644 0.370645 -0.100478 -0.602809 0.811447 0.158933 -0.295169 -0.0866565 -0.800837 0.445382 0.166749 -0.274577 -0.468761 1.74565 -0.748623 1.30136 -0.00828987 -0.332565 1.2676 -1.20193 1.18733 -0.754256 -1.48122 
0.686751 1.40947 0.589787 -0.885122 -0.810384 -1.19588 -0.746726 -0.722106 1.09485 0.0939943 0.568003 -0.685724 0.385016 -0.00361771 -0.0213738 -0.264196 0.343817 -0.199897 0.892085 -0.331704 0.243865 1.01861 -0.657414 0.66456 0.197029 -1.13714 0.190579 -0.580702 -0.154897 1.90152 -0.681954 1.02059 -0.800138 -1.10258 0.571184 -0.660557 0.160183 0.930796 -1.17346 
0.647448 1.3869 0.665943 -0.648651 -0.858945 -0.543555 -1.86952 -0.627985 1.96425 -0.45492 1.03471 0.333973 -0.537922 0.0787623 -0.380257 -0.207734 0.515075 -0.311309 0.920111 -1.40295 -0.291138 0.730116 -0.955727 0.0735266 0.129958 -0.728082 -0.0170926 -0.18495 0.278186 1.18022 0.130939 -0.385204 0.608454 -0.19435 -1.10906 0.89745 -1.20235 -1.68913 1.99508 
0.765513 1.02922 0.382053 -0.370047 -1.12169 -0.275772 -2.14967 -1.01324 1.82497 -0.861733 0.64153 -0.555765 -0.343066 -0.0207103 -0.206324 0.0139897 1.52404 -0.0689581 0.506881 0.27675 0.0495145 -0.0904593 0.240036 -0.537787 -1.4921 0.85794 -0.373542 0.616731 0.527222 0.188638 0.682279 -0.370283 0.766961 0.797639 -0.607309 1.01962 -0.142495 -1.07667 0.478683 
0.626737 1.18057 0.679933 0.875387 -0.927903 -0.0366735 -1.59277 -0.57847 1.87379 -0.214884 0.496927 -1.15812 0.320018 -0.29478 0.236474 0.319488 0.703713 0.37097 0.549827 -0.635986 0.506502 0.122807 0.0638982 -0.0689685 -0.946717 -0.2494 -0.314573 0.265689 -0.0436588 -3.71911 0.296197 -0.535494 -0.901543 0.114119 -1.33583 -2.13856 0.449863 2.21335 -3.00549 