-1.40711 -0.243429 0.789191 -0.900709 0.462299 0.485076 0.874652 1.10009 0.652824 0.180353 0.0695583 -0.990218 1.11825 0.0238372 -0.11316 -0.294628 -0.438653 -0.203684 -0.212256 -0.203712 -0.230258 -0.304204 0.750141 0.69868 -0.107843 -0.630159 -0.0106464 0.0402125 -0.231495 0.0401519 0.99098 0.417418 0.779527 -0.127659 -1.11374 0.129126 -0.39694 -0.410771 -0.302878 
-1.3947 -0.270143 0.429279 -1.30436 0.231695 0.545522 0.66335 0.877998 0.483503 0.585152 0.838925 -0.732267 0.689544 0.0262898 0.100246 -0.155161 -0.152336 0.423833 0.0779131 0.464855 -0.214867 -0.794424 0.385708 -0.0238459 0.0343353 0.646317 0.0430131 0.412128 0.525801 0.908457 0.665684 0.134695 0.32528 0.518888 0.591326 -0.287087 -0.605965 1.35942 1.15646 
-1.38083 -0.143183 0.63403 -1.05304 0.886132 0.562989 1.33951 0.885221 -0.1416 0.566061 0.0457125 -0.955883 1.76456 0.0668503 0.298968 0.231173 0.469804 0.462 -0.0775612 0.121569 0.28863 0.287122 0.463054 0.0927152 1.25158 0.526304 -0.0189729 -0.104962 0.0799579 0.352159 -0.757686 -0.17841 -0.811523 0.79151 2.15161 0.677371 1.41778 0.524287 -1.22258 
-1.32785 0.0288245 0.660452 -0.834556 0.693695 0.467961 0.784919 1.16663 0.770625 1.04821 0.93164 0.51931 1.21585 0.00731688 -0.00471611 -0.0752028 0.199823 -0.333854 -0.100497 -0.346668 0.576643 1.35718 1.06308 1.39393 0.558622 -0.576259 -0.0759535 -0.352743 -0.283736 -0.273204 -0.93567 -0.0476743 -0.192962 -0.00982785 -0.605308 -0.812078 -0.583091 -2.22431 0.108827 
-1.37351 -0.147899 0.558828 -0.853222 0.552278 0.462492 0.992839 1.46186 1.21558 1.62914 1.43965 -0.397261 1.1883 -0.00910318 -0.0537748 -0.0525625 0.1966 -0.47367 -0.125236 -0.071393 0.278802 -0.318186 -0.349024 -0.490375 -0.972737 0.63513 0.0597404 0.162496 0.12668 0.121591 0.785863 0.123591 0.264936 -1.13145 -1.87832 -1.99059 -2.34958 0.0414684 0.288734 
-1.33696 -0.0249503 0.607889 -0.637956 0.220024 0.342726 0.713526 1.44543 0.452439 0.699182 0.441265 -0.453427 1.85098 0.0670573 0.15778 0.0514772 0.321413 0.45201 0.0230936 -0.0817321 -0.554809 -0.521141 -0.927515 -0.955646 0.60009 -0.287524 -0.0735736 -0.0394244 0.257674 -0.444874 0.816225 0.168657 0.156991 -0.761554 0.173662 0.0259659 0.411504 0.289887 -1.30329 
-1.30645 0.00988106 0.610305 -0.531809 1.00429 0.485585 0.911106 0.907055 0.694442 0.701625 0.484001 0.20283 0.90078 -0.0826768 -0.0931992 0.205112 -0.248274 0.342555 0.0434219 0.0855976 -0.482752 -0.144524 -0.323058 -0.0788712 -0.68285 -0.668162 -0.174022 -0.476198 -0.355315 -1.00534 -1.4859 0.0626899 0.0349569 0.51851 0.154598 0.372502 -0.0858784 -2.18015 -0.209102 
-1.41963 -0.118149 0.813001 -0.88623 0.56258 0.386148 0.799123 0.962679 0.307915 0.376125 0.362394 -1.13628 1.18282 -0.106964 -0.318418 -0.303838 -0.683929 -1.03389 0.0857835 -0.0467752 -0.0362993 -0.366544 -0.555013 -1.04152 -1.58006 -0.496626 0.115474 0.0328044 -0.47181 0.281976 -0.270917 0.273719 0.319993 0.427913 1.08857 0.410123 -0.249518 1.30513 0.824819 
-1.41342 -0.308537 0.306467 -1.21574 -0.0295988 0.571369 0.864331 0.870756 0.327898 0.146612 -0.557524 -1.37723 0.404154 0.0327973 -0.0603947 -0.266698 0.0337014 0.0716383 0.31714 0.405591 -0.0548388 0.944051 0.0870648 -0.328389 0.622279 0.156656 0.0360935 0.192128 0.298313 0.933473 1.65943 -0.0884403 0.672425 0.163323 0.833011 1.04773 2.16826 2.78826 0.719201 
-1.38684 -0.178544 0.546303 -0.852529 0.634218 0.703288 1.20471 0.90784 1.25197 0.463189 0.0340046 -0.513997 1.33947 -0.0708709 -0.126291 -0.00552414 0.249543 0.625539 -0.00265674 0.62565 0.127024 0.466468 0.492719 1.12674 1.20819 0.222575 -0.0881979 0.0493931 0.30661 -0.0872788 -0.121793 -0.435896 -0.449383 0.20058 -1.60274 0.429988 1.49803 -0.983953 -0.845709 
-1.48429 -0.434828 0.300943 -0.966195 0.595941 0.568712 1.48998 0.99778 0.794366 0.639331 0.569211 -0.169043 0.626729 -0.0554006 -0.0110016 0.0399122 -0.0535774 -0.0501544 -0.118755 -0.0437919 0.145742 -0.658694 0.517053 1.16964 -0.361674 -0.689053 0.169178 0.391282 0.515594 -0.278206 -0.643616 0.222271 -0.967951 0.0918171 -0.719421 -1.20415 -1.51158 -2.56452 -0.781148 
-1.44224 -0.189546 0.586215 -0.906106 0.584063 0.584532 1.16092 1.05358 0.593272 0.980242 1.20365 -0.875671 0.650418 0.0983076 0.264991 0.51007 -0.028663 -0.018077 0.219614 -0.342301 0.218841 -0.252953 -0.711436 -0.384846 -1.35633 -0.558573 0.126687 0.0773967 -0.157956 0.0751755 -0.339745 -0.242705 -0.370994 0.230859 1.04394 -0.666895 -1.28543 0.842575 0.890735 
-1.38598 -0.169837 0.811013 -0.994858 0.577864 0.788326 1.14768 1.21662 0.541413 -0.072105 0.184365 -1.52537 0.0681555 0.0712866 0.0663951 -0.118044 0.0215981 -0.389899 -0.361461 -0.414786 0.376601 0.385241 -0.149842 -0.115786 0.4809 0.201682 -0.0435637 -0.0783593 -0.695577 0.169234 -0.106297 -0.584641 0.343268 0.00801381 0.481833 1.08478 1.20923 2.35657 1.43114 
-1.37095 -0.123151 0.468171 -0.884508 0.194164 0.223072 0.746137 1.43018 0.978513 0.8304 1.08786 -0.394771 0.852101 0.0547439 0.186632 -0.185507 0.140571 -0.124374 -0.365027 0.000967229 0.226855 0.22888 0.373345 0.824388 1.00024 0.872564 -0.0892537 -0.10287 0.115578 0.0355373 0.501175 0.482541 0.554107 -0.70381 -0.540762 -0.993409 0.0358314 -0.124589 1.04633 
-1.33123 0.0167947 0.625507 -0.854287 0.45349 0.423299 1.14865 1.44348 0.770294 0.30124 1.00875 -0.525132 0.940719 -0.0179671 -0.0364751 -0.00246597 0.0571354 0.111275 0.121081 0.139321 -0.327209 -0.15552 -1.14325 -0.0799545 0.356311 1.24802 0.00761193 -0.415218 0.286312 -0.048714 -0.280573 0.474065 -0.364939 -0.726723 -0.763426 -0.206267 -1.03881 -1.32119 -0.502195 
-1.38892 -0.159626 0.465705 -0.827373 0.305439 0.344153 0.885458 1.10297 0.822993 -0.312851 1.00791 -0.0384595 2.10012 0.0623558 -0.228586 0.100805 0.0918567 -0.404947 0.109038 -0.363972 -0.499868 -0.534546 0.167078 -0.214422 -0.320948 0.370369 0.16408 -0.0205273 0.359462 0.0733383 -0.535605 0.320809 -0.455842 0.208168 -0.382773 1.68165 0.171059 -1.10712 -2.57797 
-1.26888 -0.211792 0.726312 -0.76243 0.0485423 0.532337 0.784676 0.943608 0.235748 0.468318 0.794331 -0.84608 1.31109 0.146113 -0.0570024 0.356996 0.130474 -0.42433 0.44189 -0.31652 -0.119041 -0.538293 0.538396 0.0911049 -0.750812 -1.32995 -0.000342644 -0.231357 -0.289708 -0.349717 -0.539051 0.659318 0.116148 0.642593 0.972897 -0.716992 0.596608 -0.0394248 -0.679104 
-1.2428 -0.216628 0.822701 -0.696899 -0.11889 0.786042 0.568938 0.983932 0.2847 0.225545 1.09901 -0.789271 0.770162 0.0620131 -0.459944 -0.188903 -0.25786 -0.943998 0.768356 -0.247823 0.142725 0.438351 -0.549915 0.382186 -0.360373 -0.308735 0.0597373 -0.344778 -0.0217797 -0.0875911 -0.499978 -0.189031 -0.506476 0.337781 1.77908 -0.440603 -0.528909 0.503194 1.08746 
-1.20687 -0.671735 0.537409 -1.02029 -0.895456 1.30069 0.536853 1.08633 0.674099 -0.0815969 1.17652 -1.20645 1.00235 0.20585 -0.40178 0.335217 0.0428826 -0.924308 0.252859 -0.822996 0.21874 1.24078 0.0977929 -0.437804 -0.247617 -0.24249 0.150377 0.198294 0.701695 0.427545 0.952774 -0.809927 -0.499687 0.35365 0.470633 1.26168 0.13385 2.39067 2.01911 
-1.03695 -0.618408 1.15792 -0.654016 -1.0432 1.0389 -0.254058 1.20267 1.52548 0.323338 0.661207 -1.03689 0.527672 0.21239 -0.261649 0.512792 0.169685 0.00877596 -0.0415708 -0.747511 0.496375 0.908984 0.711761 0.516035 2.0303 1.71037 0.0410242 -0.480715 0.0271025 0.0346686 0.96214 0.728356 1.18862 0.3255 -1.94619 -0.478724 0.701433 0.719561 0.521312 
-0.994476 -0.933385 1.0502 -0.850606 -0.88668 1.25912 -0.210658 1.58271 1.58308 0.630164 1.69255 0.823846 2.71272 0.246874 -0.882495 0.362319 0.0775512 0.0378324 0.981215 0.365624 0.54424 -0.705407 -0.380931 0.26363 0.471943 0.278823 0.174437 -0.621106 0.0685847 0.0102395 -0.823032 0.983443 0.535067 -0.537247 -1.59282 -1.23465 -1.81148 -4.55197 -4.41538 
-0.79008 -1.5009 1.52024 -0.576465 -1.00537 2.02012 0.111566 1.74691 0.820077 -0.0575929 0.924836 -0.564945 0.806495 0.386827 -0.882756 0.581377 0.179924 -0.814256 0.941873 -0.212443 -0.0408713 -0.683835 -0.522892 -1.29544 -2.52168 -2.705 -0.100183 0.74936 0.418405 0.135167 0.255997 -0.816833 -1.515 -0.716285 -0.173521 1.03708 0.575581 0.210819 -0.629338 
-0.607649 -1.81614 1.63158 -0.670682 -1.70094 2.201 -0.423101 1.54184 0.899248 0.107273 0.397108 -1.69783 0.00772021 0.146691 -0.133136 0.780724 0.212718 0.29383 0.164382 -1.14938 -0.172045 -0.878927 0.656153 0.83921 0.682763 -0.350515 -0.498522 0.951905 -0.125471 -0.388454 1.37243 -1.42554 0.182067 -0.282199 -0.129573 0.558705 1.72273 3.96917 2.52587 
-0.643389 -1.63404 2.30096 -0.363747 -0.711536 2.1845 -1.03781 1.57487 -0.0588501 0.59856 1.76405 0.117817 0.455979 -0.111695 0.0691493 0.455906 -0.20853 0.558172 -0.483672 -0.0303764 -0.32307 -0.813408 0.0358135 0.427283 1.4475 -0.179129 -0.314236 0.00690893 -1.12594 -0.697839 0.0330913 -0.267086 2.52261 0.156443 1.69012 -1.65696 -1.66604 -0.823275 -0.594455 
-0.719344 -1.74699 2.08748 -0.879212 -1.14276 1.71732 -0.453478 1.21877 0.0858393 0.143086 0.82439 -0.250334 -0.171409 -0.167545 -0.126227 -0.345219 -0.48512 0.326921 -0.102704 1.37323 -0.0156018 0.811194 -1.0008 -0.826833 -0.140512 -0.944971 -0.0482571 0.343434 -0.676793 0.349036 0.709243 0.387203 0.594076 0.680586 1.45867 -0.389746 -0.475605 -0.792561 1.25576 
-0.810934 -1.76027 1.95574 -0.848867 -0.384615 2.0818 0.335413 1.55927 0.752344 -0.402241 0.937214 -0.0226948 -0.488991 -0.159952 0.412583 -0.220887 0.140506 1.26741 -0.0964684 0.563699 0.357516 0.645265 -0.353932 -0.0483223 0.654935 1.07663 0.251883 0.604656 0.0607089 0.654211 -0.496014 -0.236305 -1.86678 -0.504685 0.028609 1.61917 1.41703 -0.00187341 1.4791 
-0.879296 -1.33441 1.8666 -0.738706 0.12465 1.62085 0.110222 1.57628 0.731104 -0.210846 0.776068 0.404602 0.905223 0.0843374 0.478429 -0.28451 0.16909 -0.169093 -0.339009 -0.493549 -0.520287 0.839803 0.618369 0.590198 -0.142385 0.534131 0.689063 -1.10029 -0.336823 -0.555426 -2.85526 0.864309 -1.34027 -1.46378 -0.0691095 1.34786 -0.0280661 -2.25208 -3.55325 
-0.726597 -1.28184 1.67123 -0.679777 -0.553708 1.74279 -0.158136 1.03898 1.59215 0.216127 1.52741 -0.16508 0.0451391 0.529111 -0.687709 -0.55771 -0.41492 -1.58784 0.76784 -0.776572 -1.10627 0.576155 0.993931 -0.0763884 -1.59715 -2.47662 0.385694 -1.19702 0.0450257 -0.333218 -0.291804 1.02982 0.175365 -0.00827967 -0.666308 0.709069 -1.95571 -0.335964 -1.18783 
-0.350185 -2.02212 1.30889 -1.15363 -1.46319 2.3887 -0.66635 0.470017 1.30726 0.783085 0.69968 -1.19254 -1.5714 0.470032 -0.718595 -0.239485 -0.164128 -0.460897 0.690811 -0.318184 -0.528567 0.173495 1.32744 -1.36551 -0.478349 -0.653699 -0.660948 0.85516 1.25665 1.36845 1.72876 -1.52691 2.7831 1.32626 -0.480595 -1.30795 -0.547207 3.32009 3.25892 
-0.256565 -2.00043 1.43175 -0.843905 -1.01461 2.4336 -0.47632 0.510412 1.76564 1.54357 0.161902 -0.64343 -0.60856 -0.131837 0.167451 0.698944 0.953534 0.140915 -0.759072 2.00653 0.219996 0.09556 -0.314014 -0.623595 1.72295 0.782302 -0.600178 0.757311 -0.277679 1.32243 0.260542 -2.53857 3.23461 0.302025 -0.270401 -2.59348 1.17373 0.905906 0.550517 
-0.482021 -1.85467 2.00783 -0.200093 -1.32228 1.62962 1.34018 0.690013 1.40282 0.46907 0.076084 0.530404 -0.789097 -0.130147 0.038716 -0.517164 1.1583 -0.200355 -1.84775 2.91643 -0.226542 -0.0969062 -1.26604 -0.191777 0.427557 -0.103183 0.377238 -0.308169 -2.51186 -0.290297 1.03388 -0.70936 -0.562002 -0.540783 0.534688 0.100019 2.23746 -3.01697 0.595738 
-0.386712 -1.96172 0.914583 0.314399 -1.21496 0.585843 2.44011 0.28387 1.66874 0.277527 -0.0298749 -0.215873 -0.711743 0.245401 -0.140718 -1.81292 0.663238 1.17479 -1.46843 1.44453 -0.320787 0.630247 -0.213996 1.61386 -1.29402 1.37804 0.331089 -0.0185409 -0.872161 -1.46962 2.52559 1.12448 -2.99541 -0.251176 -0.567467 1.19711 2.27744 -1.18963 1.2787 
-0.23662 -1.99538 0.194911 0.463145 -0.147485 0.161192 2.78471 0.369226 2.03307 0.255075 1.68994 -0.763617 0.588943 0.200943 0.020175 -1.38932 -0.311315 2.32523 -0.723277 -0.0789816 -0.477718 -0.664373 -0.0689322 2.08566 -0.762073 1.17552 -0.130247 0.808217 1.27129 -1.26572 0.382307 0.950606 -1.60618 -0.254209 -2.59319 0.889894 -1.59379 1.34982 -2.19253 
-0.185769 -1.94154 -0.474742 0.00308408 1.11027 -0.137435 2.36113 -0.193848 1.00436 0.208595 2.05579 -0.977946 0.463775 0.115154 0.667499 -0.541629 -0.602484 1.5571 -0.517826 -0.161653 -0.574996 -1.96294 0.675898 0.0200721 0.055797 -0.814493 0.219555 2.01752 1.78734 0.452277 -1.37355 0.406058 -1.81939 -0.365294 -0.819195 -0.782629 -3.76524 0.269421 -1.9415 
-0.121466 -1.32788 -0.346717 -0.139339 1.40962 -0.356634 2.62306 -0.205769 0.0701228 0.930973 1.71002 -0.707819 -0.22555 0.420497 2.0377 0.398011 0.140962 0.951679 -0.317219 -1.89838 -0.843012 -1.48357 -0.851561 -1.67957 -0.492652 -0.76598 0.48557 1.67772 0.102959 0.767167 -1.01339 0.722361 -2.5739 -0.0691393 0.700649 -0.945689 -1.58811 -0.524534 1.41329 
0.234728 0.0961544 -0.076731 0.144046 2.06195 -0.454654 0.46275 -1.03686 -0.479206 -0.642966 0.376216 -1.4706 -0.302205 0.600724 2.34522 -0.43867 0.164683 0.543707 0.204535 -2.73555 -0.644135 -1.2623 -0.269791 -1.56803 -0.468737 0.598802 -0.0813555 -0.713965 -1.50746 -0.503102 -1.24153 0.24398 0.654819 0.999838 0.951919 2.21215 1.61786 1.02722 1.36451 
0.479259 1.01733 -0.785387 0.0253438 1.95332 -0.1521 -0.112487 -0.849905 -1.19217 0.661182 0.141982 -1.17656 0.373253 0.339142 1.32373 -1.10945 -0.36214 -0.289847 -0.0732393 -1.24356 0.156826 -0.531649 1.36059 -0.0617154 0.534567 0.598532 -0.434022 -1.72703 -0.0731852 -0.674007 -0.915591 -0.701368 2.27594 0.347778 0.929479 0.640109 1.543 0.297734 -0.241204 
0.57387 1.41988 -1.18618 -0.218094 1.7721 -0.527893 -0.780807 -0.880035 -1.01086 0.717622 0.314501 -0.936031 0.296327 0.166703 0.618189 -0.511855 -0.509325 -0.371884 -0.496834 -0.459611 -0.296357 -0.332817 0.370318 -0.0250345 -0.171003 0.357598 -0.242435 -1.0551 0.839856 -0.0121256 -0.384078 0.125428 1.05026 -0.480732 -0.242098 -1.38176 -0.0291945 -0.572521 -0.256035 
0.645961 1.63552 -1.29724 -0.483981 1.58144 -0.648933 -0.572098 -1.14626 -1.52499 1.0315 0.116948 -1.34756 0.730851 0.0967069 0.268625 -0.269593 -0.374265 -0.673925 0.0521887 -0.193302 -0.323906 -0.773747 -0.0211689 -0.0909099 -0.0379547 0.342497 -0.0590327 -0.627925 0.657404 0.302907 0.176076 0.739908 0.564457 0.352245 0.32376 -0.446 0.0602836 1.16396 -0.173729 
0.670577 1.68851 -1.45577 -0.592359 1.09818 -0.475705 -0.974109 -1.20394 -1.7846 0.696453 0.223591 -0.973985 0.638824 0.10767 -0.00973616 0.145549 -0.206418 -0.195809 0.243074 0.104846 0.0558876 -0.00905664 -0.0756815 0.0352491 0.992953 0.183869 0.0162192 -0.410928 0.814582 -0.0219458 1.12591 -0.256054 0.772216 0.608372 0.0404858 1.16955 -1.43719 1.73584 -1.39573 
0.753631 1.62578 -1.15169 -0.690399 1.38563 -0.405859 -0.467252 -1.09037 -1.53405 0.955819 0.152197 -0.354605 0.91472 0.112926 -0.142302 0.544989 -0.396211 0.451989 -0.203866 0.578914 0.284465 -0.733262 1.14838 -1.5281 1.69789 -1.05323 0.00755755 -0.399913 0.427294 -0.272759 0.0849361 -0.392727 -0.465735 0.135572 -1.11236 0.606618 -2.02294 0.233874 -1.96845 
0.783503 1.54621 -0.910785 -0.988571 1.55017 -0.67957 -0.395196 -0.919476 -2.51786 1.84483 -1.30451 0.7239 -0.414404 0.115228 -0.409649 0.572843 -0.479176 -0.110873 -0.149653 -0.360889 0.191459 -1.12142 0.530937 -1.98769 1.22683 -1.78458 -0.0320284 -0.0735452 -0.227219 0.0778129 -0.376332 0.241469 -0.641763 -0.180245 0.859857 -1.68593 1.18555 -1.65254 0.981465 
0.868859 1.21614 -0.57885 -1.16958 1.27476 -0.555511 -0.828141 -0.898915 -2.65546 1.48676 -1.83549 0.872223 -0.869863 0.0808977 -0.215848 0.31777 -0.318398 0.0756571 0.0376037 -0.0628494 0.10422 0.126596 -0.537548 -0.34255 0.0453491 -0.0717633 -0.194451 0.776136 -0.970591 0.61077 0.165929 0.307347 0.760776 -0.215644 2.05643 -1.2403 2.9375 -1.44098 2.6416 
0.864401 1.33036 -0.593014 -1.30697 1.62582 -0.641966 -0.458045 -0.815255 -2.39127 1.30728 -1.64706 0.769249 -0.486167 -0.0792229 0.366486 -0.397748 0.131594 0.0550564 0.157694 0.399887 -0.0241845 0.93501 -0.709368 0.949811 -0.214157 0.857016 -0.160698 0.544586 -0.887167 0.711631 -0.435394 0.272234 0.120129 -0.308848 0.726908 -0.422033 1.79938 -0.999639 1.56168 
0.789636 1.58262 -0.976598 -1.03798 1.32981 -0.397817 -0.428254 -0.923099 -1.72045 0.777388 -0.885681 0.658066 -0.0128476 -0.0798 0.328738 -0.569397 0.393232 -0.359737 0.309838 0.0572792 -0.204628 0.853504 -0.959582 1.45683 -0.95429 1.48992 0.0596391 -0.233591 -0.0154057 0.212412 -0.0700197 -0.188891 -0.46094 -0.182532 -0.757729 0.788297 -0.326125 -0.635558 0.122732 
0.784601 1.6591 -1.16241 -0.913737 1.26609 -0.332129 -0.400766 -1.01988 -1.53776 0.347703 -0.190229 -0.18504 1.00375 -0.0195837 0.132895 -0.413153 0.344006 -0.0149633 -0.0311966 -0.0610531 -0.206717 0.177281 0.0789295 0.623686 -0.849715 0.979748 0.185416 -0.446392 0.554825 -0.0793021 0.483918 -0.271683 -0.0976817 0.183043 -0.395857 1.2141 -0.561382 0.864752 -1.33169 
0.770053 1.71552 -1.38975 -0.693976 1.31485 -0.429014 -0.489307 -1.12982 -1.54317 0.856317 -0.261994 -0.191649 0.9669 0.105616 -0.117654 -0.0145723 0.31393 0.124181 0.0381551 -0.0404025 -0.0215844 0.457648 0.254517 0.895449 -0.0895372 0.158232 0.161384 -0.35152 0.440035 -0.174281 0.0821353 0.133842 0.117489 0.160252 0.110502 -0.178587 0.397469 0.919811 -1.51174 
0.890217 1.54144 -1.17698 -0.599807 1.39027 -0.293974 -0.441169 -1.04147 -1.08012 0.60222 0.705219 -0.274578 1.16199 0.1418 -0.218624 0.0268811 0.169724 0.067172 0.102645 0.0564356 -0.0464645 0.287783 -0.0996576 1.02115 0.0700962 -0.531991 -0.0163123 0.00828958 -0.23295 -0.0667887 -0.303564 0.0477095 -0.00194012 -0.0901876 -0.155477 -0.193776 -0.65487 0.488219 -1.47255 
0.911853 1.49689 -1.36287 -0.524252 1.38202 -0.326368 -0.432872 -1.17628 -1.25539 0.75666 0.75916 -0.121552 0.43491 0.089304 -0.109364 -0.247522 0.247141 -0.179383 0.0858646 -0.0423427 -0.111772 0.30217 0.0607412 0.240579 0.398682 -1.31432 -0.012445 -0.145351 -0.0896608 -0.0451375 -0.425477 -0.434633 -0.237911 -0.0155639 -0.0578122 -0.591495 -0.997426 -0.225582 -0.400765 
0.979521 1.43208 -1.42451 -0.352666 1.21089 -0.208109 -0.483511 -1.15324 -0.777947 0.662961 0.945798 0.124104 -0.152332 0.129355 -0.363975 -0.0627797 0.124587 -0.358305 -0.331988 -0.181475 -0.0620283 0.229971 -0.691153 0.0237288 -0.155486 -0.932756 -0.0612677 -0.144728 -0.158567 0.156983 -0.865989 -0.624057 -0.177841 -0.119114 -0.377245 -0.858026 -0.529844 -1.25909 0.301599 
1.04121 1.13292 -1.42565 -0.399665 1.02372 -0.658356 -0.614347 -1.23831 -1.02542 0.0655065 0.782889 -0.277038 -0.497846 0.0280363 -0.254092 -0.406089 0.404125 -1.04537 -0.538192 -0.220183 -0.230886 -0.0750751 -0.797285 -0.289265 -0.860408 -1.01272 -0.0518062 0.194897 -0.221941 0.613694 -0.392993 0.293295 0.15498 -0.181936 0.614927 0.549667 0.285517 -0.255566 1.03995 
1.00756 1.17799 -1.83059 0.0514589 0.165514 -0.746301 -0.703695 -1.38413 -0.853022 -0.134324 0.656533 -0.736303 -1.16505 0.0775487 -0.169078 -0.284721 0.738281 -0.751298 -0.0386931 -0.0264956 -0.243964 0.844897 -0.141486 0.309246 -0.411052 0.107193 0.164529 -0.22773 0.633985 -0.00252318 0.783944 0.485895 0.135893 0.203018 0.753954 0.97567 -0.0106585 1.28879 1.8815 
1.11876 0.96384 -1.71037 0.338616 0.272419 -0.697049 -0.640843 -1.48227 -0.180522 -0.0759796 1.09214 -0.68809 -0.390654 0.192565 -0.481822 0.227896 0.401601 -0.261428 -0.0522966 -0.0842909 -0.0278681 0.678879 0.178385 -0.299924 0.428379 0.868786 0.0174052 -0.170809 0.532277 -0.690242 0.174729 -0.0212883 -0.638404 0.673337 -0.930191 0.509856 -2.22103 1.64279 -0.874673 
1.20012 0.696166 -1.6027 0.45306 -0.0959137 -0.798598 -0.787985 -1.41199 -0.174143 0.0440613 0.35661 -0.307924 -0.296264 0.0949539 -0.339887 0.247556 0.0480395 -0.576569 -0.0599814 -0.6649 0.429372 -0.0852937 0.36837 -1.91178 1.23173 -0.76748 -0.159177 0.311285 0.0922836 -0.00769875 -0.0667454 0.621631 -0.958274 0.863303 -0.958764 0.333119 -0.731489 1.69262 -1.65852 
1.21371 0.623953 -1.46281 0.386656 -0.30415 -0.757031 -1.30574 -1.0529 -0.265815 0.29239 -0.819648 0.543643 -1.15813 0.0333884 -0.170537 0.32018 0.393903 -0.328173 0.569334 -1.04257 0.835435 -0.279886 0.511504 -1.03141 2.121 -0.789738 -0.0554108 -0.0172425 0.297187 0.323526 0.688021 0.284413 0.35759 -0.0876091 0.134545 -0.67154 2.11964 -0.336092 0.956341 
1.23351 0.525629 -1.28252 0.846963 -0.424087 -0.229264 -1.83055 -0.576558 -0.454029 0.555565 -0.674803 1.81308 -1.086 0.0395431 -0.357129 0.544744 0.371565 0.111452 0.224431 -0.30731 0.341763 0.049251 -0.303171 0.207857 0.895642 0.188861 -0.0637117 -0.027848 -0.246672 -0.384269 0.0732665 -1.07612 1.53389 -1.01028 0.513786 -1.77143 0.339097 -2.76322 0.595589 
1.25325 0.266823 -0.918071 0.758221 -0.192698 -0.532599 -1.61305 -0.711138 -0.216564 -0.0107805 -0.611792 1.43929 -0.969273 -0.0303233 -0.198385 0.0735079 0.00963367 -0.254907 -0.506787 0.491326 -0.174847 0.233901 -1.25992 -0.692316 -0.642212 -0.194149 0.0031732 0.161397 -0.304376 -0.298516 -0.366766 -0.358606 0.863362 -0.149561 0.205581 -0.221669 -0.740786 -0.942263 0.0943344 
1.20319 0.327243 -1.20901 0.856596 -0.678994 -0.736051 -1.33922 -0.751405 -0.220128 -0.704356 -1.36712 1.17087 -1.28015 0.0427163 -0.195732 0.240368 0.073049 -0.255314 -0.134174 0.556052 0.192202 0.254832 -0.524839 -0.53293 -0.0466211 0.283196 0.15447 -0.171686 0.699785 -0.0174292 0.738303 0.493688 -0.087756 0.554547 0.365198 1.51686 1.06191 0.88107 0.950579 
1.29597 0.0710908 -0.677703 0.83127 -0.448012 -0.666774 -1.057 -0.518935 0.0382682 -0.53562 -1.14472 1.39266 -0.686077 0.124146 -0.370071 0.773292 -0.00779553 0.483396 -0.0130995 0.40357 0.3797 0.599099 0.256936 0.369595 0.238857 0.75643 -0.117676 0.207078 -0.363747 0.242694 -0.206788 -0.0324543 -0.90088 -0.018667 -0.807493 0.901822 -0.0412769 0.166286 -1.46959 
1.32733 -0.0428282 -0.435718 0.848801 -0.195598 -0.74915 -0.935654 -0.371705 0.378971 -0.44742 -0.997523 1.40972 -0.523721 -0.0749595 0.0113451 -0.123379 0.315743 -0.462102 -0.166629 -0.344828 0.173535 -0.552661 0.376982 -0.574207 0.119665 -1.1864 -0.24103 0.462079 -0.80532 0.260617 -1.12398 -0.18771 -0.549294 -0.275907 -1.49952 0.170976 -0.546406 -0.00585488 -1.5725 
1.22101 0.0824359 -0.801082 1.14701 -0.910114 -0.833402 -1.40183 -0.3454 -0.514393 -0.158637 -1.71893 1.51233 -1.87248 -0.116884 0.0920074 -0.0320279 0.252821 -0.640589 -0.200809 -0.145723 0.103794 -0.900421 0.427911 -0.176811 0.233002 -0.816066 0.0298828 -0.0176672 0.495163 -0.44342 0.553013 -0.0465498 0.933683 -0.211907 0.620398 -0.511633 0.881492 0.508122 1.22855 
1.21045 0.0491792 -0.467746 1.10162 -0.836186 -0.94996 -1.08138 -0.267911 -0.521451 -0.0195091 -1.17433 1.64273 -1.33979 -0.0450767 -0.00632212 0.371784 -0.127677 0.0909106 -0.213178 0.588855 -0.0383715 0.0677369 -0.134651 0.307285 0.627787 0.0421489 0.0617796 -0.134118 0.233712 -0.154379 0.677083 0.0312558 -0.021072 -0.188554 1.28314 -0.395795 -0.056084 -0.15524 0.316396 
1.17593 0.0761138 -0.429298 1.01934 -0.819204 -1.04658 -0.812973 -0.383771 -0.446656 -0.293288 -1.41164 2.14012 -1.83033 -0.0551042 -0.0421101 0.201684 0.0984428 0.0364942 -0.169554 -0.166795 -0.084761 0.382721 0.0321163 -0.232895 0.0777628 -0.49967 -0.0214856 -0.0784405 -0.377755 0.339166 -0.0542598 -0.0655656 -1.08978 -0.306294 0.159026 0.384163 0.00406185 -1.07452 0.256139 
1.15535 0.0070691 -0.266062 1.20007 -0.799692 -1.11951 -1.24817 -0.352672 -0.13873 0.0126073 -1.40723 1.72049 -1.83946 -0.0665624 -0.0847626 -0.00597108 0.211489 0.0366509 -0.278744 -0.500923 -0.344665 0.226763 0.249512 0.311347 -0.446736 0.298288 0.00197326 0.0662495 -0.316454 -0.0808495 0.189469 0.0260263 0.456695 -0.483543 -0.479347 -0.277537 0.969467 0.27873 1.05781 
1.10937 -0.00864881 -0.43527 1.23083 -0.782553 -1.32532 -1.3139 -0.728437 -0.219893 -0.0437762 -1.1003 1.69338 -1.53204 -0.0531309 0.0241394 -0.11477 0.0175933 0.225963 -0.143527 0.289899 -0.568304 -0.0966259 -0.24542 0.736572 0.356492 0.558141 0.0415582 -0.0995874 0.695436 -0.142744 0.529328 0.311715 0.644114 0.236469 -0.301063 -0.203782 0.842671 0.695631 0.161646 
1.10222 0.0312085 -0.380832 1.21766 -0.573729 -1.26304 -0.958274 -0.920976 -0.235355 -0.232813 -0.670656 2.07698 -1.28132 -0.0250042 -0.18435 0.689465 0.0687457 0.565979 0.0329712 0.143192 -0.108196 -0.0743 0.0457297 1.15402 0.248895 0.459934 -0.0715375 -0.0603418 0.396729 0.211128 -0.393561 0.0695121 -0.521018 0.846344 -0.154438 0.514772 -1.24091 -0.445735 -1.23116 
1.08437 -0.192999 0.254195 1.29957 -0.216574 -1.29235 -1.1707 -0.836633 -0.294193 0.00195348 0.0537223 1.94228 -1.0721 -0.124668 -0.0362024 0.281959 0.228722 -0.167598 -0.0740151 -0.231119 0.278041 -0.251064 0.269352 -0.504339 -0.0892427 -0.673017 -0.119511 0.405832 -1.08927 0.000738826 -0.855079 0.00654036 0.312317 0.186336 -0.247845 -0.773882 -2.28992 -0.727242 -0.462003 
0.977547 -0.00499392 -0.0988732 1.44638 -0.741327 -1.33706 -1.18939 -0.642935 -0.486419 0.0365389 -1.17499 1.98774 -1.95433 -0.144515 0.221482 -0.399803 0.0694845 -0.2891 0.0395116 0.455509 0.0781397 -0.322145 -0.728153 -1.1359 -0.478347 -0.00206932 -0.0053494 0.032627 -0.296393 -0.117495 0.328911 0.47792 0.590353 -0.478393 -0.286984 -1.33181 0.342496 -0.532625 1.51014 
0.939852 0.0284834 -0.145608 1.36906 -0.505674 -1.25284 -0.715195 -0.758493 -0.616338 -0.726199 -1.08218 1.46393 -1.07417 -0.130018 -0.00357539 -0.0144334 0.111227 0.161313 0.403905 0.359234 -0.200352 -0.538048 -1.06245 -0.161842 -0.621868 0.837124 -0.0315256 -0.121339 0.186607 0.23082 0.115362 0.389751 -0.292533 -0.157101 -0.210315 -0.151711 1.20334 0.739203 0.733138 
0.847529 -0.0085693 -0.113307 1.55761 -0.580015 -0.933151 -0.830158 -0.843288 -1.02447 -1.02591 -1.33684 1.36587 -1.11721 -0.176041 0.100143 -0.213196 0.300305 -0.173738 0.429263 0.162975 -0.0789615 -0.53246 -0.879864 0.0674407 0.260856 0.731069 -0.0455927 0.190373 -0.36764 0.137545 -0.383196 -0.392272 -0.0363347 -0.070296 1.49292 0.2284 1.06473 0.0317196 -0.236478 
0.763811 0.128627 -0.358804 1.66936 -0.679413 -0.823579 -0.55222 -0.837455 -1.1488 -1.60606 -1.01474 1.72479 -0.343106 -0.175611 0.186798 -0.382073 0.248772 -0.221883 0.0116327 0.3229 -0.270648 0.954875 -0.834053 0.902891 -0.590148 0.600647 0.0235578 -0.117137 0.272042 -0.0730304 -0.0708488 -0.679876 -0.300325 0.0908963 1.98969 0.66126 -0.24779 -2.33265 -1.63401 
0.671918 0.178228 -0.49538 1.80638 -0.801898 -0.921518 -0.507258 -1.11394 -0.0695924 -1.85997 -0.433946 0.775724 -0.516562 -0.152483 -0.0169939 0.0588467 0.227274 -0.244587 -0.250613 -0.137349 0.0119348 1.45723 -0.218604 -0.180349 -2.07179 -0.90294 0.111018 -0.251411 0.427666 -0.480172 0.31938 0.0782443 0.118951 0.427823 -0.727823 0.361545 -0.896764 0.200614 -0.149869 
0.611328 0.111633 -0.299957 1.89663 -0.924 -1.07419 -0.689569 -0.82552 0.30843 -1.82467 -1.19509 -0.347009 -1.24605 -0.0645922 -0.0646133 0.0455929 -0.2314 0.0974966 0.089877 0.44185 0.157175 0.227051 -0.472508 0.00612727 -0.389535 0.450778 0.00844645 0.0500831 -0.2515 -0.451838 -0.396047 0.208257 0.701706 0.151383 -0.974145 -0.379158 0.203474 1.94929 1.36343 
0.607326 0.113615 -0.449787 1.57498 -0.704401 -0.831641 -0.065408 -0.956761 0.157459 -2.33248 -0.427819 0.386189 -0.0657844 -0.144036 0.0330892 -0.192653 -0.224563 -0.640634 -0.0423558 0.564357 0.163317 0.483083 -0.597761 0.0231255 -0.122507 0.460493 -0.215107 0.21815 0.16661 0.531445 -1.31304 -0.505519 -0.923031 0.0898056 0.184361 0.51711 -1.06517 -0.671516 -0.468023 
0.467292 0.144722 -0.49261 1.67207 -1.56463 -1.11655 -0.125213 -0.662202 0.791513 -2.42243 -1.17196 -0.469516 -0.785553 -0.279699 0.153536 0.212203 0.300044 -1.21555 -0.415642 -0.481181 0.24698 0.411412 0.0446017 -1.05904 -1.06105 -0.0172451 -0.0664913 0.272541 0.550705 0.38989 0.73235 0.176236 0.0179271 -0.0920603 -1.42729 0.711676 0.465605 0.944373 0.404209 
0.327627 0.267152 -0.237583 1.87502 -1.91995 -1.24728 -0.546589 -0.70978 0.568871 -2.28787 -1.48686 -0.674861 -0.0830295 -0.210528 0.30563 0.358052 0.165326 0.0917165 0.13388 0.582284 0.0712571 -0.94421 0.113915 0.48873 0.821865 0.864702 0.216663 -0.154995 0.13829 -0.699381 1.89063 0.790042 1.7729 -0.0358155 -1.26301 -0.517541 1.29477 1.77357 -0.0759893 
0.256765 0.450352 -0.134558 1.8374 -1.47292 -0.982667 0.457071 -0.590945 -0.152697 -2.30851 -0.683231 0.352349 0.079149 -0.0630367 -0.00145899 0.350493 -0.399337 0.675081 0.3744 1.29172 0.211165 -0.851596 -0.472939 0.235735 0.71252 -0.0932344 0.178151 -0.539347 0.108783 -0.652423 0.566089 0.0306622 -0.446339 0.175115 1.42529 -0.263078 -0.941567 -1.56361 -1.59279 
0.26459 0.265693 0.11291 1.47569 -1.24487 -0.872884 0.745129 -0.498615 -0.282725 -2.76081 -1.25112 0.0376582 -0.176264 -0.0323761 -0.233717 0.466835 -0.487097 0.657806 0.164543 0.135945 0.246372 0.481078 -0.149163 -0.452837 -0.741741 -0.72809 -0.147753 0.212969 -0.751422 0.476888 -0.901311 -0.415484 -1.77739 -0.234985 1.13714 1.09491 -0.741471 -0.94439 -0.562148 
0.224388 0.216635 0.332277 1.3503 -0.815112 -0.818125 0.593016 -0.344573 0.32838 -2.45768 -1.13607 -0.389392 -0.648941 -0.21079 0.21151 -0.400929 0.0775516 -0.22623 -0.0410846 -0.485667 -0.0238202 0.285544 0.621971 -0.505737 -0.231871 -0.655382 -0.199661 0.604618 -0.534728 0.643036 -1.27964 -0.00797186 -0.0462698 -0.0807233 -0.852202 0.995714 0.360451 1.13503 1.26528 