-0.589314 0.0778805 0.829611 -0.136356 -0.43058 -0.331879 1.0954 0.288758 -0.61396 -0.0423432 0.987989 -0.249723 -1.35856 0.943016 1.80311 1.11773 -2.41597 -1.74965 -1.70449 -0.617866 -0.521199 -1.21078 -2.0422 -2.01718 -0.47214 -0.782594 -0.136979 -0.661604 -1.79888 1.27496 0.839235 -0.247105 -1.26704 -1.63414 3.29748 1.48704 0.508323 3.0019 3.85812 
0.55446 0.413996 1.43964 -0.628268 -1.42525 -1.29341 -0.0220539 -0.68828 -1.04306 -1.45639 -0.418225 0.525214 -0.497008 0.250705 0.181532 -0.338406 1.02574 -0.073248 -0.972698 -0.947401 -1.3809 1.05866 0.511267 -0.774756 1.02878 1.48531 -1.52213 -2.13749 -3.26497 4.22104 3.19209 2.13798 1.72925 1.53147 3.9397 3.50958 1.52029 -1.04761 0.54464 
-0.338609 0.259413 0.491204 0.889384 -0.503828 -1.30458 0.147995 -1.09214 0.444698 0.468924 0.213233 0.779058 0.126742 -0.579115 -0.33438 -2.14724 1.80507 1.44245 0.433487 1.11138 1.01027 2.72892 1.46737 -0.49689 -1.51975 -0.237953 0.997904 0.113002 -0.0746556 -2.31016 -0.418718 0.61578 2.70716 3.53246 -1.11924 -0.67548 -0.384082 -2.54265 -2.48856 
-0.024655 0.0796151 -0.707599 1.1768 0.0171942 -0.859924 1.08933 0.321987 1.68586 0.0109867 -0.915115 -0.994541 -0.734961 1.24861 0.294534 -0.413062 -1.28442 -0.491966 -0.356918 1.75975 2.15156 -0.0605863 -0.164213 -1.15884 -1.51387 -1.00326 -0.982155 -0.633594 2.42627 -2.7532 -1.04716 1.16108 -0.739695 -1.473 -5.09045 -2.84188 0.951187 0.859129 -0.895835 
0.91 0.553947 0.0781426 -0.395036 -0.995794 -1.6615 1.90775 1.05942 0.384112 0.304712 -0.945605 -0.734813 -0.876513 -1.56127 -0.967974 0.279035 -0.948132 0.395288 1.59457 0.371686 -0.46273 -2.36153 -1.3745 0.454296 -0.660626 -1.13379 -2.21442 -0.867166 -0.100893 0.667975 0.235668 0.631426 -3.77819 -2.25844 -1.42018 -1.24517 2.53726 1.3267 0.118645 
-1.58592 -0.888359 -0.428564 0.228666 0.412483 0.734644 1.46101 -0.140744 -0.675672 -1.36352 -0.460819 -1.65517 -1.86875 -0.965811 -0.572632 -0.513954 -0.616445 -0.256298 0.274508 -2.01843 -0.106886 -1.48077 -1.40939 1.37843 -0.187175 -0.88461 0.459 1.75782 1.73571 1.74618 -0.555053 -3.39814 -3.23554 1.4339 5.57238 3.40729 1.03971 2.35642 1.85738 
-0.0558105 -0.0186852 -0.435812 -1.01148 -1.25209 -1.38699 -0.110684 0.95253 -1.09666 -1.10467 0.43282 -0.921988 -1.76112 -1.10227 0.789843 2.01475 0.79805 -0.159765 -1.80357 -2.86385 0.971169 3.21086 2.03279 1.49401 1.6958 0.723596 0.172513 -0.465253 -0.0193158 1.8442 1.12812 0.688651 1.67826 -1.67418 2.98939 2.14336 -0.721956 -0.710199 0.620919 
-2.68819 -0.0985156 1.58619 1.02672 0.252718 -1.06893 -1.40284 0.830425 2.53518 0.669269 1.03319 0.0406309 -1.14515 -0.793298 -1.03789 -0.53327 1.22776 0.871826 0.963159 -0.340176 -1.78107 1.50863 0.733977 0.656469 -0.897375 -0.263691 1.50508 -0.693659 -4.56221 -1.16129 -0.0423853 4.09778 5.55982 -1.27053 -5.24521 -2.1252 -1.13842 -2.64399 -0.20627 
-0.849108 -1.05657 -0.969082 0.216278 -0.380266 -0.423828 -0.450861 -0.828539 0.41197 -0.370697 1.08929 -1.81936 -2.02481 0.402807 0.0961841 -2.54747 -0.363245 -0.20215 2.29421 2.69597 -0.29936 -2.03435 -0.0924089 0.355592 -0.948195 0.517326 0.700743 2.42522 1.09787 0.713598 1.39884 0.555889 1.51834 1.70384 -3.07837 -0.798042 -1.31425 2.16807 1.80138 
-2.28539 -0.00233152 -0.96128 0.663471 0.0505682 1.22528 1.29313 0.531065 0.500835 0.57686 1.38878 -0.907564 -0.627829 -0.0925547 1.38734 0.564603 1.94136 2.27066 1.51905 1.17817 -0.0772292 -1.56974 -0.0640653 -0.657779 1.27069 1.53769 0.774135 0.0596003 2.54073 -1.86224 1.02763 -1.70623 -3.77549 -0.0151386 1.95101 -1.62885 -1.11151 2.13622 1.75922 
-0.941663 0.330766 -0.404479 2.15763 1.8904 1.09522 0.727306 -0.905768 -1.15777 -0.434762 0.43151 -0.548671 -0.487122 1.17694 0.155784 -0.00673716 -2.22548 0.82548 0.587976 -1.07952 -0.314499 -0.0833409 -1.72126 -0.755922 1.18803 2.27655 0.608037 -0.772601 0.560809 -4.35593 -3.93843 -2.14508 -1.60866 1.52715 1.79517 0.263173 -0.68202 -1.93299 -2.15587 
-1.10845 0.153453 -0.968017 -1.56201 0.876048 1.81325 0.213611 0.216566 0.417494 -1.1444 0.632859 0.280463 1.64872 0.515482 0.614735 1.12541 -2.41457 -1.66776 -0.626034 -0.430494 1.44992 0.225429 0.199108 -1.3398 -0.662294 -0.618175 -0.94687 0.115463 1.59975 3.22707 0.266132 -2.84309 1.72895 0.115054 -0.444138 3.53431 -0.198704 -1.88003 -3.72026 
-0.426181 0.945501 0.720933 -0.256933 0.222632 0.469186 0.296812 0.544152 -0.932342 -0.235654 -0.90829 -1.21097 -1.1053 0.230071 0.271247 1.59301 1.00159 1.09161 -2.25511 0.649435 -0.199445 -0.527479 1.81306 -0.954626 -0.691999 -1.44371 -0.157423 -0.798053 -0.294131 1.98498 2.5954 -0.5079 0.723864 -1.08021 0.916121 1.60028 2.13128 1.66627 1.55336 
-0.878376 0.4247 0.624993 -0.560424 1.96766 -0.441859 0.863045 0.0171208 -0.109985 0.668662 -0.321766 -0.411536 0.205016 0.358059 -0.183317 0.831281 -0.429591 0.927631 -1.13393 0.29337 0.36971 1.14155 1.79939 0.791481 1.00398 0.935187 -0.111062 -0.534852 -0.641337 0.701972 -4.65075 2.2736 -1.57832 -0.724214 1.09657 -1.60135 1.22297 -0.0212511 0.945157 
-0.0681227 0.762184 1.55221 -0.686524 1.15026 -0.664748 0.590182 0.913862 0.209208 1.56374 -0.116808 -0.206988 -0.17011 0.119009 -0.263605 0.951673 1.70356 -3.55914 0.0184932 -0.928883 -0.923659 0.569092 0.211709 0.268349 -0.71325 -0.498548 -0.180961 0.513338 -1.51849 3.06042 -2.40433 0.81336 -0.917742 -2.03446 -1.42779 -3.64509 -0.964255 -1.06651 -0.416366 
-0.759367 0.161095 1.57667 1.14313 -1.59148 -0.423366 -0.0658378 -0.906538 0.459106 0.88037 -0.0534176 -1.12479 -0.293533 0.177097 0.330021 -0.68721 2.63083 -1.47669 -0.320574 -0.624372 -1.66475 -0.28624 -1.8457 -0.172773 -0.062533 0.518821 -0.274971 1.04166 -2.35138 -2.67008 5.14239 0.538135 2.18599 0.535047 -0.869524 -1.4308 0.464651 1.21699 -0.414492 
0.108975 1.0922 0.865004 1.94431 -0.326431 -0.985322 -0.0341898 -0.75089 -0.0770319 -0.281957 -0.289582 -0.269521 0.348712 -0.155962 0.778051 -1.39971 -0.966524 1.58326 0.556628 1.2571 -0.388613 -0.300432 -1.2191 0.733 0.503739 -0.913041 -0.219906 -1.82293 0.379864 -5.36884 1.49668 2.94264 1.97925 4.4388 1.40442 3.89671 1.15567 0.370002 0.727039 
-0.915328 0.939147 0.176956 0.17661 -0.00821647 0.133263 1.19127 -1.29515 0.158674 -0.338725 0.679582 -0.621047 -1.20657 -0.0428081 -1.49291 -0.307347 -2.73801 0.0199848 2.62207 1.35488 2.77405 1.11818 2.05102 0.982901 0.307469 1.24586 2.71159 -3.38307 1.76269 0.0379305 -2.17823 -0.462058 -1.83458 2.0929 -0.838588 2.38657 -2.58639 -1.71695 2.22014 
0.0661667 -0.400703 0.557658 -0.793706 -0.306446 1.63675 1.32069 2.02316 1.04114 1.76906 0.693319 0.0379485 1.59457 2.55562 -2.60501 0.362975 -0.928593 -0.594974 0.0945698 -0.577482 1.70429 -1.13902 1.16747 -1.85339 -1.21321 1.3071 -0.485426 2.27356 0.117935 4.20474 0.770784 -3.86718 -2.95856 -6.12181 -1.67767 -3.48968 -2.11875 -1.24883 -3.22508 
1.6403 -1.66587 0.539932 -0.751984 -0.60319 0.227832 0.613784 0.409135 -0.980346 0.828746 -1.17381 -1.83426 0.100528 -0.528234 0.780653 -0.189412 1.46672 0.790769 -1.24511 -1.60368 -3.34776 -0.559498 -1.43867 -1.13585 -0.941365 -1.97922 -5.69314 5.04001 -1.42519 0.81507 -0.423667 -1.30067 -0.0996647 -3.04572 3.26716 -2.4417 4.52466 4.0423 -0.386803 
-0.462067 0.37995 0.368246 0.673018 0.484323 0.391637 -0.28299 -1.3246 0.481646 0.330397 -0.442534 -0.903416 -0.384644 -3.13751 2.43499 -1.06222 -0.113523 -1.01864 -1.2061 -0.677146 -1.34144 2.12814 -1.27422 2.67127 2.82909 0.920298 1.30248 -0.423244 -1.98506 -2.55497 -1.75858 -0.0616656 2.34146 4.85706 1.34675 0.679021 1.56116 2.74455 3.47807 
-1.49722 0.769124 -0.522284 -0.865507 -1.62183 -0.978272 -0.0633623 -0.932302 1.1478 -0.445478 1.49745 0.994837 1.02083 0.774251 0.357409 -2.17447 -1.08825 -0.967806 -1.30677 0.737785 1.5093 0.787249 -0.759644 0.425306 1.80318 1.49885 5.68782 -2.75037 0.835727 0.301459 0.899409 0.79384 -0.0765771 2.89674 -4.07809 1.42118 -4.86826 -4.40774 -1.80141 
0.312184 0.737359 -1.80623 -0.415229 -0.483483 -0.915136 0.454796 0.184698 1.26889 -0.429247 -0.0172276 0.899767 1.11421 2.55031 -0.315376 -0.22649 0.187936 -0.119232 -0.412265 -0.753723 1.55531 -1.94995 0.146959 -2.19699 -1.57865 -0.881108 -1.04046 -2.10822 3.33247 -0.114275 0.179134 1.93988 -3.41648 -3.51136 -3.95558 0.624538 -2.61072 -5.93465 -4.44575 
1.05309 0.453748 -0.748774 -0.677571 -1.74106 -1.39054 -0.817086 0.623006 -0.802149 -0.298519 -0.699539 -0.583815 0.139718 -0.266212 -1.75081 1.158 -1.20252 -0.788672 0.633108 -2.67869 -2.00207 -3.16833 -0.135106 -2.18541 -4.13147 -2.9469 -2.39944 -2.53425 1.23794 -1.12248 -0.0394994 2.37659 -0.220682 -1.78887 0.977722 -0.216154 1.37452 -0.529722 0.852615 
0.0459719 -1.01345 -0.648226 -1.61775 -1.27215 -0.282028 -2.22389 -1.81737 -1.89944 -0.564354 -2.20264 -3.2317 -1.83269 0.150873 -2.84963 1.01146 -0.934547 -0.158732 1.96433 -0.974405 -0.233562 -0.972224 -0.069195 -0.822473 -2.10837 -0.0284924 0.509116 1.60861 -0.996002 2.7012 2.4742 0.310881 5.86341 5.16462 5.21888 2.10159 4.4039 7.2376 5.53612 
1.20397 -2.39588 0.262681 -1.61212 -1.8998 0.573792 -1.79149 0.389444 -1.77437 -0.367714 -1.52201 -2.69219 0.111225 0.242904 -0.142196 0.162 1.49868 1.68553 0.943989 3.18472 3.16255 2.05054 1.96648 2.21849 3.10614 2.58922 0.123743 4.29794 -1.49632 2.63476 2.35245 -2.32045 1.249 0.00707468 2.72824 1.05326 2.73815 5.39942 1.6155 
0.288875 -1.15564 -0.486226 -0.119069 0.413376 0.661961 0.96083 1.34518 0.151108 1.40213 0.0158536 -0.125565 0.756521 0.274615 1.44831 -0.484866 1.70021 2.19372 -0.356123 0.274593 -0.226487 1.75602 0.984067 1.91567 3.29104 1.58701 1.08041 0.854686 0.440632 -1.56901 -1.09986 -1.2925 -5.88977 -4.03111 -3.00866 -3.51444 -0.913765 -2.38589 -3.6621 
1.47858 -0.947567 -0.222185 0.0880964 0.293925 0.217669 -1.5169 0.162956 -0.0183518 0.616353 0.393661 0.598856 1.69823 1.32332 0.71249 0.602631 -0.070326 0.585668 -0.348512 -2.70504 -0.868557 -0.958118 -1.54796 1.30473 0.720247 -1.07288 0.17173 -0.542399 2.4505 -1.50951 -3.20615 -0.384438 0.29233 0.00109578 -3.65827 -1.64546 -2.50923 -5.09324 -2.04878 
1.61219 -0.443154 0.116405 -0.189395 0.999045 0.313449 -1.74421 0.476626 -0.80701 -0.145831 1.32058 0.594682 -0.316359 0.446345 0.905913 1.96564 0.190706 -1.01243 -0.740561 0.566923 -0.225392 -1.90225 -0.661397 -0.59356 -1.80219 -0.461776 -2.20323 0.922598 0.995863 -0.0381059 -2.57878 0.659022 5.75837 1.65377 0.746739 1.60785 -1.2162 -2.0416 1.78481 
1.92493 -0.0416534 1.74345 0.278802 -0.718502 -0.522892 -0.949974 -0.0624356 -1.9206 -0.045044 -0.199899 -1.20334 1.23646 -0.87991 1.63509 1.59849 -0.108432 -1.99311 0.31051 3.05332 0.785213 -0.211379 0.0598951 0.088527 -1.32135 0.711927 -2.33602 0.721014 -0.945725 0.866297 1.09838 0.310738 0.0903308 1.30402 2.67103 1.74821 0.799435 2.63184 -1.06169 
0.732282 1.19193 1.7149 -0.297827 -0.994063 0.62396 1.30911 1.26184 -1.01839 -0.0859359 1.40911 -0.726671 0.395568 -1.88968 1.62693 1.01991 1.057 0.0859524 -0.429823 0.657254 1.07863 0.768772 1.08682 0.205875 0.829644 -1.52347 1.20307 -1.50951 -3.197 0.882905 4.59125 0.736881 -5.32527 -2.28286 1.10525 1.1996 -0.662022 2.88441 -1.77743 
0.0352505 1.58527 2.76336 1.33581 -0.632549 -0.952715 -0.29272 1.01619 -1.15183 1.04177 0.00597649 -0.373695 -0.287009 0.323162 0.125576 -1.59851 0.774473 2.59815 1.04739 -2.27195 -1.49764 0.893869 1.2595 -0.573495 1.56305 -1.0655 2.96843 -3.55037 -3.72079 -2.14926 0.849623 2.53108 -0.0420176 -1.30727 -0.0105245 -1.62683 1.26796 0.232367 2.59306 
1.05544 1.31751 0.116389 0.476646 1.60408 1.67135 -0.962836 -0.235803 -0.12452 1.17356 0.835614 0.836383 -0.66993 1.07876 -1.92344 -2.70088 -1.09225 0.935576 2.10126 0.615236 -0.228645 0.758248 -0.540011 1.47384 1.06201 1.06959 -1.68022 -2.22427 1.15747 -1.48721 -4.94867 -2.46891 4.06596 4.32166 -0.0256626 -0.789585 1.44478 -1.29897 3.4462 
1.11401 -0.338165 0.0624839 0.243551 0.303026 1.14854 0.322516 0.787549 -0.393585 0.501762 1.47982 0.688316 0.782583 -1.35706 -2.09869 -0.441039 -0.712735 -2.35052 -1.42152 1.79401 2.82402 0.868207 0.469914 0.871284 0.264089 2.38071 -2.68774 -0.044882 1.85873 1.29108 -0.562483 -2.22201 -0.535218 1.73674 0.0484792 2.12628 -1.58464 -2.03487 -0.657353 
-0.301618 -0.781183 -0.324649 -0.236089 -0.746442 0.249836 0.831179 2.58821 0.743687 1.64348 1.7069 1.10047 1.71078 -1.60898 -1.96832 -0.842145 0.19883 0.373093 -0.120745 0.0800185 1.5081 0.806727 1.58627 -0.110797 -0.972859 0.412239 2.3141 2.15677 0.369625 0.511853 3.17076 1.42884 -2.62204 -4.981 -1.89195 -1.91704 -2.33702 -0.781426 -3.574 
-0.494972 -2.30649 -0.779661 0.44238 0.676119 1.0278 0.402535 2.29565 0.413142 2.08803 1.36902 -0.284543 1.19482 0.957042 0.0580768 -0.0714136 -0.200882 0.820231 0.00732419 -0.82803 -2.15698 -1.02374 -1.44712 -1.46574 -0.517337 -1.19329 0.825045 4.48758 1.63712 -1.14143 -1.49493 -2.24529 -1.61599 -5.40738 -2.54769 -3.32815 -2.18723 0.889436 -2.00791 
0.655425 -0.723106 -0.396063 -0.436971 0.0737893 0.25716 0.00314923 0.431234 -0.280056 0.196352 0.241159 0.583135 0.517485 -0.783935 2.51926 0.794974 -0.942596 -1.12184 -2.36603 -1.53597 -3.89928 -1.74097 -1.74188 -2.29802 -0.0834223 -1.59567 -2.43945 0.578411 1.00059 2.69368 -0.242628 -0.156075 -0.555809 -0.132049 0.649714 1.27641 -0.225578 -0.879619 2.26616 
-1.27891 0.212774 0.0153133 -0.500216 -0.445717 -1.33823 -1.13343 -1.60363 -1.32782 0.346149 -0.929006 -0.367965 -0.400847 -1.48241 0.636488 0.929173 2.4928 0.577603 -0.148751 -1.38384 -2.28903 -0.374029 -0.170709 -1.69132 -1.39696 1.07286 2.96673 -2.64241 0.394466 2.2828 2.47145 3.89166 1.87203 4.14718 0.719509 2.63808 4.49377 2.26893 1.19101 
-0.826987 -0.0866179 0.53311 2.05583 0.651392 0.108409 -1.38069 -1.8578 -0.654085 0.0256429 -1.45016 -0.813822 1.59035 2.1828 -0.123149 1.18944 1.34021 1.34962 1.52563 0.33606 0.247901 -1.02146 0.896203 2.19575 2.18551 -0.404661 3.0673 0.832069 -1.25557 -4.68051 0.953435 1.46546 3.47955 4.82552 0.648667 -0.308062 3.05338 2.84637 -3.27579 
0.903893 0.0896252 1.20475 0.839992 0.9039 0.187394 -0.797373 -1.35573 -2.34928 1.24235 1.26674 1.81754 -0.805508 1.58489 1.46856 -0.326394 -2.18771 1.53104 1.31671 2.09571 2.53649 0.274638 -0.478772 1.36206 1.44941 -2.20293 -2.52068 2.20467 -0.0610356 -2.03027 -2.60776 -2.02172 1.60487 2.1613 3.26595 -3.46146 -3.18859 -3.25479 1.20731 
0.757902 1.38194 0.206716 -0.131878 2.18243 1.42512 0.715021 0.678695 -0.379447 -0.453129 -0.0880959 0.635592 -0.612576 -0.337883 2.08153 1.1284 -0.690062 -1.25814 -0.496093 1.94093 2.4092 2.24449 -2.56525 -0.992839 -1.06928 0.802649 -1.5407 -3.57872 0.791752 3.42977 -3.55311 -1.70621 -1.75557 -2.8502 -0.0954965 -0.0967742 -1.7836 -0.598413 3.90316 
0.566009 2.17115 2.33316 0.14993 -0.354242 -0.308699 1.14356 1.05347 -0.104793 -1.3229 0.273904 0.748263 -0.00285918 0.0441887 -2.11016 0.465358 1.24206 -2.02207 -0.389506 0.340142 -0.313707 0.179141 -0.575546 -0.421536 0.851001 1.70024 0.19251 -4.07689 -2.42575 1.21464 2.0787 1.97499 -1.91177 -4.21729 -3.71726 1.44438 0.148264 2.03453 0.178668 
0.802091 -0.728219 0.672074 1.11018 0.160358 1.03561 1.05516 0.364988 -0.200305 -1.02867 -0.509632 1.48659 1.08766 -0.145373 -1.99537 -1.29734 0.524582 0.820563 1.4789 0.0291596 -1.80809 -1.47277 -1.12088 -0.844575 0.965252 0.981317 1.04153 4.20453 -1.52359 -1.70698 2.16533 0.64138 -2.06327 0.404718 -0.0944629 0.725683 1.47156 -1.76135 -1.97928 
0.420636 0.175783 1.03581 0.674512 0.466321 1.1702 1.17272 -0.75462 -1.57756 -2.44378 -0.570671 1.71351 0.978458 1.08572 2.09437 -1.05823 -0.464918 0.143256 0.251874 -1.72313 0.0910107 0.0846785 0.150138 1.05002 -0.910352 -0.279047 -1.41918 1.82276 0.615811 0.226094 -0.368899 -1.46788 -2.38652 2.84523 4.38615 5.15432 2.85619 -2.43936 -2.40959 
1.88781 1.36616 -0.386154 0.645266 0.303613 1.28748 -0.667969 0.455998 -0.115627 -0.878537 0.540391 0.57624 0.808614 -1.56455 -0.172605 -0.681532 0.750676 0.451663 0.0110207 -2.35736 1.03714 2.91338 4.03345 2.01162 -1.47411 -1.42827 -3.44469 -1.71308 2.45447 -0.805199 -1.00207 -2.15741 1.87167 -0.922175 1.42044 1.3207 -2.6127 2.08234 1.06122 
-1.14391 0.00317767 0.354283 1.42519 0.917985 1.18122 -1.18464 0.282516 1.33582 1.58967 1.44094 0.239402 -0.449812 -2.35897 0.381299 1.39624 -1.27012 -0.858811 -1.90554 0.148538 -0.831164 1.50511 1.47084 -1.56268 1.17199 0.782178 2.35802 1.15061 1.43266 -2.98992 -0.819311 -0.819067 3.19826 -1.67331 -4.68283 -4.51552 -3.02813 3.05189 2.96963 
-0.471165 1.74745 1.01009 -0.624852 -0.555198 -0.618053 -0.519431 -0.375165 1.38949 0.592299 -1.02229 1.74823 1.59079 0.793469 0.978005 0.75113 -2.23924 -0.367648 -0.808046 0.840904 -0.636169 -1.76945 -0.482072 -1.01651 1.57778 1.54136 3.59952 -1.62654 -3.04511 2.28664 2.08563 2.35691 0.0782238 2.64527 -1.71262 -2.7816 1.308 -2.97659 -2.54299 
-0.350443 0.981183 1.10541 -0.814055 0.550337 0.373176 -0.34374 -0.353653 -0.433622 1.1076 0.424433 1.81718 1.09155 1.24055 -1.24524 -1.64886 1.01652 1.22682 0.451372 0.226762 1.8141 -0.207505 -1.31076 -0.254679 -1.8046 -1.76082 -1.2175 -3.37952 -3.7875 2.71385 0.915679 -0.515115 -1.20475 0.113705 1.95788 -0.336212 0.933331 -2.33482 -2.69518 
0.76938 0.502216 -0.638776 0.391673 0.67162 -0.166681 -0.292669 1.43894 1.18198 -0.71846 -1.27696 -0.0563657 -0.170024 -0.424033 -2.40151 -3.03637 0.474607 0.548032 -1.32316 -0.363843 -0.522464 0.18843 -0.818284 -0.0831798 -0.757038 -1.15381 -1.34515 1.66251 1.94809 -2.81326 -1.59241 -1.40157 -1.73981 -5.04593 -2.33606 2.57373 2.26317 2.1214 0.138968 
-0.774476 -1.42033 -1.93096 -0.339448 1.09837 -0.949985 -0.707583 -0.876117 -0.245192 0.289313 0.341253 1.06014 -0.0622618 -0.104602 0.41727 0.299221 -1.79674 -0.365589 -0.950198 -1.51305 -3.23183 -2.54357 1.26297 2.00849 0.316802 -1.62185 -0.120128 1.13334 2.89556 -4.36175 -4.03264 0.546815 -1.60278 0.647155 1.09303 1.67926 -0.720421 -0.495644 0.293688 
0.664778 0.919487 -0.339554 -1.40507 0.306032 -1.11688 -1.80572 -1.79289 -1.36158 0.544512 0.731527 0.260436 -1.79187 -0.544161 -1.26817 -0.14081 -3.88714 -3.48461 -0.776346 -1.96663 0.124691 1.28146 0.860974 -0.803601 -1.25268 -0.860126 -0.325464 -2.60933 -0.518021 1.39063 -1.3112 1.22162 4.55764 5.2205 4.50038 -1.25734 -3.63142 -0.0694034 4.31615 
-1.31864 -2.6885 -2.07177 -4.22659 -2.38624 -1.72633 -2.67421 -0.751426 1.03627 1.15029 -0.462348 -0.192541 -0.922388 -0.430066 -2.19206 -0.218799 -0.406106 -1.67679 0.271423 3.04459 1.98867 1.95681 0.00563546 -1.62293 0.247398 2.69431 2.84183 4.49889 2.21447 8.50484 6.5695 3.72857 4.11309 -0.830834 -1.84615 -2.35624 -0.233125 1.0112 1.19775 
0.234712 -1.27257 -0.558354 -1.81117 -1.37076 -0.845456 1.23887 0.195777 0.595229 0.550148 -0.8914 0.507834 0.902433 2.29767 3.23072 2.07366 4.6177 3.08489 2.95222 2.14646 -0.706143 -0.56469 -1.49527 -1.03673 -0.24148 0.337623 -1.80342 1.86545 -0.840057 2.38988 3.94619 1.89753 -3.69968 -1.99205 -0.668803 0.613857 1.53443 -0.55416 -4.83723 
0.97903 0.542226 0.00189065 0.391115 0.69865 1.22589 -0.527747 -1.45757 0.471576 -0.344979 -1.49907 -0.434022 -0.584766 -2.23349 -0.326608 -1.05886 1.98378 2.2694 2.16895 -0.655099 -0.00337914 1.28801 0.619493 -0.0884979 -0.306762 -2.14293 -3.98511 -3.67264 -2.82281 -5.7562 -4.45841 -3.81239 -0.687474 3.38476 0.908771 0.746926 2.65729 0.619125 -0.708283 
-1.99878 -1.59918 -1.61721 0.172604 0.898638 1.3235 0.583768 0.192398 1.88324 1.16964 -0.979897 0.201072 -1.24049 -1.68744 -0.441924 -0.749156 -1.1385 -1.37352 -0.860165 1.45899 2.67861 0.344081 -0.74834 1.62056 0.377645 -0.370661 3.5215 0.669593 0.590457 -2.76963 -1.83379 -1.26945 1.26863 0.809345 -2.23103 -0.81988 -0.102289 0.566061 3.46778 
-0.708411 0.100302 -0.747265 -0.747386 -0.674871 0.365729 0.93124 1.22104 0.815657 -1.09332 0.121487 -0.0563769 -0.955426 1.28801 0.342985 -0.4684 -0.785857 0.435608 0.899507 0.613531 0.805966 -0.943017 -0.200387 -0.190786 0.259299 1.32485 3.42744 0.456191 0.892057 1.85654 2.03495 0.352237 -2.84938 -5.13618 -1.65301 2.1604 -1.93313 -0.200452 2.05168 
-0.710771 -1.2562 -2.08561 -0.613253 1.33425 2.223 1.1973 0.998364 0.940222 0.969254 -1.17068 0.460372 0.0843626 1.74 0.0142674 0.142901 0.718039 0.661429 -0.507928 -1.39039 -2.45756 -1.30893 1.41206 -0.312572 0.177192 1.68102 0.564446 2.43232 1.63225 0.919457 -1.98486 -2.71901 -1.23993 -2.50615 -0.624093 -1.92313 1.07253 -1.81887 -1.28221 
1.03159 0.11457 -0.604364 -0.0293468 -0.0134422 -0.142199 -0.459149 -1.23652 -0.49327 0.318743 -0.191084 0.120815 0.725591 1.85245 2.7753 1.16385 0.1336 -1.54925 -1.8195 -0.626398 -1.70019 -1.56711 -2.12352 0.881745 -1.55957 0.0426484 -3.48003 -0.778679 -0.967486 -0.677369 0.182345 1.88329 3.90773 4.79443 1.86166 -3.45614 -0.927894 -1.12533 -2.18731 
1.14168 1.5191 -0.921762 -0.479653 -0.215007 0.403503 0.570901 -0.701824 -0.626888 -1.15426 -0.288939 -1.0992 0.127011 -1.74003 -0.764412 -0.824585 0.0406701 0.843774 1.37536 2.51734 2.33687 0.552729 -2.04408 -1.24047 -0.948135 -0.506288 -3.05019 -4.01664 -1.1606 -0.15892 -0.110174 -1.553 -0.663676 3.25583 2.38692 0.43389 -3.25903 1.8917 -2.65348 
-0.708433 -0.649842 -1.42895 0.0113233 0.830332 1.23316 2.0582 1.10035 0.0594584 -1.72534 -1.43155 -0.82732 0.219303 -1.19774 -1.24134 0.00325074 -0.0253196 -1.65943 -3.3725 -1.29007 1.55565 0.819811 -1.68963 -2.37729 0.332135 -2.61083 1.61646 0.656646 2.18657 1.09749 -0.819647 -3.20802 -4.69831 -3.32621 0.952998 3.78423 2.04029 1.55966 0.146087 
-0.0560562 0.277769 -0.918511 -0.504972 -1.87443 -2.969 -0.719173 0.853821 0.192923 -2.84389 -2.66623 -0.767061 -2.48382 -0.123568 -0.107766 1.36199 1.13816 0.0241273 -1.83266 -2.18096 -0.98934 1.50573 1.74015 0.799828 0.611521 -0.360201 0.981114 1.27823 0.516882 0.546775 3.80689 5.75617 1.0411 -3.0286 -0.729587 3.91732 5.37131 0.86988 4.35815 
-0.832001 -0.757608 -0.0669606 1.14948 0.854459 -0.599497 -0.122768 0.111009 1.56519 0.0148105 -0.631722 -0.215799 -0.140898 -0.216624 0.0368959 0.520133 0.521455 2.14746 2.38367 -0.248977 -1.47296 0.0902243 2.2277 2.99402 1.20202 1.74731 1.72371 1.76512 -1.89232 -1.83617 0.516889 2.5909 2.04629 1.44552 -4.53699 -3.63803 0.150685 0.1886 1.38877 
-0.27268 0.314665 -0.398379 0.0164827 0.273025 -0.585333 -0.96815 -0.619137 0.283147 -0.616193 0.327787 0.434954 -0.73651 1.60014 1.65736 -0.530335 -0.698016 0.541017 0.758242 -0.134674 0.456185 -3.03127 -1.89788 0.950513 0.800121 1.02857 1.57874 0.0433169 -0.163157 0.14935 -1.05134 -1.49233 0.536707 1.728 -0.664549 -1.93695 -3.73848 -0.594977 -0.509937 
0.768139 0.899747 -0.597296 0.451465 1.39548 0.158745 -0.257442 0.567193 -1.46608 -1.88307 0.318792 0.584323 0.887675 1.36212 0.0802128 0.356975 0.670805 1.09611 0.891342 0.28773 0.255044 -0.574325 0.29075 -0.744469 0.607038 1.23738 -1.01465 -1.53617 1.34445 -0.15854 -3.4024 -1.42271 -0.777879 -2.27096 4.83597 3.97651 -1.72555 -1.10054 -1.15917 
1.08944 0.394878 -0.0414034 0.687288 1.36914 0.306008 -0.68042 -0.364092 -0.291178 -0.325443 -0.416682 1.04199 0.500867 0.585494 0.121181 0.814115 -0.856556 -2.86138 -0.664466 -0.912553 -1.81478 1.80471 2.07863 -0.775038 -0.300422 -0.130601 -1.91862 0.9819 -1.07034 -1.90444 -2.86355 -2.47245 -0.172864 -1.24631 1.18405 -0.290322 0.054269 -1.9149 -2.44237 
1.35363 1.02093 0.216819 -0.405092 -1.46591 -0.505721 -1.17 -1.24758 0.338623 0.195567 -0.456246 0.283901 0.757074 -0.556502 1.06211 -0.713365 -1.23364 -1.76743 -1.58111 0.114866 -0.991263 0.60973 0.000428104 -0.6902 -1.30786 -1.20499 -0.973567 -1.46717 -1.44325 1.8994 4.49619 1.84689 2.73812 3.83381 -1.92602 -3.38919 0.392967 0.355131 0.238561 
0.532933 1.45699 -0.754769 -0.546349 -0.398293 -1.2751 -0.565554 -1.35536 0.318551 -0.325015 -1.10688 -0.265873 -0.704127 -0.388073 -1.34598 -0.629139 1.04284 1.63481 1.18242 1.82556 2.01903 -0.121317 -1.31056 -0.382071 0.0547091 0.10796 -1.20623 -3.31345 0.350316 1.32179 0.535918 1.63927 0.522658 1.13203 1.08018 1.39007 3.28082 1.69232 2.37382 
0.96556 -0.325056 -0.412319 0.637748 0.168905 0.6767 0.65557 0.77145 0.217306 -1.11499 -0.838317 0.33861 0.865034 -1.76273 -2.25134 -0.363049 0.0881541 -1.23151 0.0581638 0.637524 0.140771 1.68991 1.3905 2.59062 0.384451 1.16883 -0.70687 1.41672 1.5595 -0.33954 -0.630401 -1.84463 -2.60736 -4.08067 -0.214927 1.13034 0.866868 0.124202 -1.38466 
-1.2298 -0.794351 -1.11782 -0.458195 -1.62981 -1.21694 0.0719704 -1.21458 2.00846 1.06548 1.48374 0.118578 0.4647 -1.09494 0.0707401 0.930366 0.7033 1.00441 -0.662204 -0.781791 -2.06163 -0.336244 -0.180214 0.484797 0.178911 -1.2767 3.77798 2.48924 2.84259 0.0448215 2.47621 1.43406 -0.734751 1.43704 -3.95584 -3.15944 -3.15443 0.835563 -0.193705 