-1.13513 -0.218532 0.396642 -0.725717 1.53807 0.614891 1.78022 0.940918 0.898437 -0.14975 0.424162 -0.36164 -0.127151 -0.00733578 -0.402239 -0.0516826 0.0037486 -1.01961 0.228651 -0.174693 0.376768 0.814266 0.337738 0.378868 -0.138086 0.200394 0.118499 -0.106778 0.543113 0.109184 -1.15047 -0.0145017 -1.51324 -0.119803 -1.09511 0.950812 0.426826 -1.17299 2.85688 
-1.13136 -0.586807 0.352491 -0.875333 0.864052 0.807862 1.61202 0.88481 0.637001 0.838667 0.495211 -0.573471 0.501137 0.0558408 -0.151846 0.316387 -0.0596041 -0.966275 0.1309 -0.745872 0.315979 -0.24487 0.616499 0.302711 -0.36918 1.68696 0.0255094 0.651348 0.719625 0.214152 0.956393 -0.722104 -0.692259 -0.00949631 -1.18772 -0.890236 -0.284465 -0.243255 0.0406601 
-1.07929 -0.370378 0.713029 -0.785321 0.571796 0.745791 1.03434 1.2569 0.653567 0.466749 0.726873 -0.730821 1.55981 0.0181736 0.249108 0.667942 0.217901 -0.0632136 -0.493453 -0.866951 0.367271 -0.373456 -0.552499 0.0944029 -0.381341 0.241054 -0.0467905 -0.0226727 -0.212411 0.14061 1.04696 -0.395639 0.568377 -0.2382 0.53922 -0.382373 -1.024 -0.72527 -3.61989 
-1.11318 -0.337699 1.02043 -0.657432 0.800838 0.314408 0.745064 1.25208 0.263544 0.286168 0.589614 -0.954812 0.742192 0.00905037 -0.174518 0.103976 0.0810059 0.0806823 -0.264739 -0.177494 0.0777794 0.294351 0.234127 -0.721291 -1.09445 -1.93293 0.0315886 -0.251793 -0.92009 -0.141673 0.172272 0.642234 0.770125 -0.501454 0.516935 0.504916 0.0500232 0.901483 0.256087 
-1.07024 -0.544896 0.817005 -0.704315 0.652478 0.481053 0.856849 1.33468 0.947917 0.700876 0.00558179 -1.82527 -0.373118 0.0497623 -0.00268445 -0.252147 0.0762279 0.109059 0.148781 -0.0968262 -0.134183 0.143478 -0.0475829 0.144426 0.520142 0.497141 -0.0534704 0.451743 -0.296344 -0.0219732 0.222224 0.272782 0.723673 -0.107272 -0.511811 -0.68719 0.612053 1.05705 3.48975 
-1.06342 -0.340383 0.768286 -0.581205 0.909897 0.463189 0.648238 1.1179 0.407022 0.238586 0.73404 -0.43467 1.23933 -0.04442 0.277224 -0.192368 0.0590327 0.302906 0.00804327 0.546178 -0.0294923 -0.217461 -0.453063 -0.109238 -0.0373981 1.55682 -0.162287 -0.247086 -0.0134999 -0.356213 -0.00520173 -0.285295 0.589644 0.474527 0.564763 1.15524 -1.33807 -1.11836 -1.08477 
-1.11466 -0.267672 0.624637 -0.645283 0.955384 0.489096 1.40303 1.30518 0.730456 0.247813 -0.103656 -1.86267 1.1837 -0.112524 -0.24977 -0.265647 -0.279985 0.103857 -0.136514 0.492818 0.340344 0.708241 1.10765 -1.19365 -0.598213 -0.587626 0.00998806 -0.400072 0.0971608 -0.41484 -0.158399 0.114644 -1.48637 -0.328235 0.243314 0.265003 0.367915 0.660738 -2.88573 
-1.17594 -0.590153 0.502639 -0.86119 1.01375 0.326675 1.14106 1.45824 1.11526 1.34624 -0.459606 -1.03288 0.651707 -0.034432 -0.122848 -0.0952072 -0.355807 0.144507 0.122687 -0.940187 -0.357727 0.0258536 -0.18806 0.258677 0.62334 -1.32892 0.163857 0.387787 0.246586 0.451853 0.295514 0.376437 -0.97963 -1.2448 -1.69704 -2.05008 1.81001 0.0214567 0.33059 
-1.14909 -0.39052 0.52943 -1.00109 1.09989 0.611783 0.46284 0.947457 0.75631 0.0597526 0.155021 -1.23933 -0.145215 0.0513327 0.138017 -0.0190611 0.171868 0.399371 0.239922 -0.486813 -0.904451 -0.988799 -0.942424 0.616364 -0.576756 -0.257036 0.0970367 0.180714 0.365418 0.594439 -0.806459 -0.289884 1.20275 -0.121638 -0.620946 0.63252 -0.137484 -0.0587932 1.66683 
-1.12461 -0.452136 0.483578 -0.689322 1.41313 0.566597 0.654243 0.553792 0.126464 0.403814 0.156758 -1.60964 0.394671 0.0626047 0.0578656 0.270211 0.238632 -0.661952 -0.167197 0.26256 -0.479365 -0.595093 0.44446 0.121193 0.564547 0.33791 -0.0287946 -0.157572 0.206749 -0.367245 -1.45281 -0.470521 1.08927 1.20795 1.10464 1.06768 -0.0411885 2.03763 -0.211002 
-1.08648 -0.332655 0.799641 -0.762458 0.43794 0.444587 0.7254 0.468093 0.161217 0.504213 0.276214 -0.674782 0.192695 0.0225381 -0.0195547 0.187688 -0.195377 -1.05344 -0.230599 0.602456 0.303499 0.115839 0.125252 0.575176 1.46087 -0.468038 -0.0410354 -0.0983297 -0.451983 -0.264145 0.844421 0.11862 0.217697 0.822571 0.534184 -0.882016 -0.547401 -0.790675 -0.407657 
-1.10207 -0.471691 0.671266 -0.884699 0.359683 0.335998 1.2567 0.857291 0.242303 0.529066 0.731934 -0.148768 -0.0733667 0.0215693 -0.0404641 -0.181772 -0.0255124 0.182469 -0.0485767 0.480257 0.343206 -0.0609088 -0.437555 -0.426207 -0.226129 -0.0697468 -0.01115 -0.01868 -0.41263 0.0477088 0.628469 0.492156 -0.869875 -0.434808 0.0319534 -0.808701 -1.52478 -2.90588 0.779914 
-1.06492 -0.373119 0.617869 -0.78797 0.620409 0.39601 1.20566 0.811299 0.100309 0.0666575 -0.149993 -0.900911 0.122948 0.0113881 -0.0382347 -0.224942 -0.147669 -0.424974 0.261557 -0.267419 -0.131308 0.147792 -0.683449 -0.949608 -1.44501 0.311876 -0.0952426 -0.116032 -0.174523 -0.401587 -0.296087 -0.152875 -0.934436 -0.596821 0.389614 0.803585 1.31213 0.244858 0.847072 
-1.09069 -0.509926 0.446325 -1.03237 -0.0652906 0.597555 0.989279 0.725983 0.390095 -0.154383 -0.217674 -1.59378 0.23851 -0.0736733 -0.156496 -0.356296 -0.4271 -0.113618 -0.201452 -0.454179 -0.253615 0.328705 0.36603 0.885922 0.0187294 0.777325 -0.0836833 0.0371897 0.0857719 -0.194763 1.1039 -0.388685 0.186164 0.146673 0.339508 1.72836 1.9461 3.59052 0.561522 
-1.13859 -0.529614 0.261573 -1.21507 0.506791 0.194558 0.751478 0.557684 0.429013 0.432687 0.735928 -0.882182 0.900274 -0.0722952 -0.00104493 -0.13917 -0.342431 0.678928 -0.127128 -0.0812551 0.0153642 0.4873 1.04491 0.99649 2.1455 0.873398 0.0810753 0.269079 0.708977 1.30449 1.60902 0.724164 0.535639 -0.162697 -0.616041 -0.218919 -1.55264 -0.401242 -0.963307 
-1.16298 -0.510971 0.307155 -1.3748 0.613637 0.470426 0.908024 0.741347 0.877395 0.890527 0.778816 0.551724 1.11191 0.007402 0.112584 0.352681 0.877385 1.4954 0.522712 0.0814599 -0.416313 -0.287336 0.14711 -0.666719 -0.382512 -0.185982 0.112409 0.102982 0.445844 0.804976 -0.950299 0.160051 0.218912 -0.271349 -1.1573 -2.71194 -2.25424 -4.75626 -1.91619 
-1.13119 -0.417031 0.614254 -0.337685 2.00219 0.71727 0.832937 0.141371 0.141678 0.579798 0.0692093 -1.26469 0.714292 0.0401137 0.101937 0.306674 0.462545 -0.271371 0.0329233 0.137657 -0.255984 -0.670003 -1.66703 -1.25775 -2.61076 -1.04279 0.030546 -0.139015 -0.504395 -1.80692 -2.71994 -0.634547 0.692265 1.35308 0.849408 -0.539858 0.888749 0.332649 0.136857 
-1.12287 -0.409033 0.613829 -0.912254 0.342266 0.50335 1.04568 0.485362 0.207392 -0.776502 -0.478933 -2.05903 0.0691185 0.037948 -0.0264313 -0.151714 -0.929532 -1.22453 -0.111835 0.773725 0.936771 0.562072 -0.392747 0.22203 -0.0498628 -0.0491247 -0.0687646 -0.101351 -0.269501 -0.235849 1.13192 0.182499 0.0595215 0.560583 0.848945 2.9693 1.84161 4.58948 1.67857 
-1.09324 -0.443462 0.46254 -1.26722 0.777661 0.605434 1.60666 1.07814 0.70375 0.187051 0.291239 -1.31456 0.665167 -0.0286509 0.000586314 0.0371731 0.226695 0.860552 0.215422 0.197178 0.304599 0.178943 1.30227 0.583856 1.97872 0.635784 -0.0380635 -0.0440661 -0.018845 1.21386 1.1466 -0.0953513 -1.59882 -1.27035 -1.23245 0.398391 0.00802232 0.352477 -1.11706 
-1.15152 -0.408447 0.651002 -0.685559 1.20282 0.718772 1.24286 0.789961 0.386335 0.525765 0.104923 -0.0803124 0.704903 -0.000115488 -0.0704974 -0.170559 0.284324 -0.0779339 -0.207187 -0.82509 -0.333583 -0.67038 0.00564345 0.230052 0.302614 -1.16619 0.0262992 0.114371 -0.0872627 -0.233213 -1.09687 -0.366895 0.0365775 -0.576603 -0.288472 -1.14717 0.177942 -2.99913 -1.93449 
-1.09335 -0.513959 0.29198 -0.982893 0.699727 0.398247 0.781573 0.744559 0.0333701 0.192694 0.521291 -1.01194 -0.501021 -0.00235167 0.114957 -0.0500896 -0.00651752 -0.236316 -0.151473 0.233756 -0.272005 -0.109529 0.155098 0.761798 -1.02041 -1.29871 1.07007 2.0283 -0.786245 1.18739 -0.177412 -0.520637 -0.288775 -1.6747 1.48774 0.345986 -0.799655 -0.382806 1.70835 
-1.15387 -0.29349 0.600912 -0.692076 0.966501 0.567298 1.47662 0.517956 0.276806 0.680863 0.866721 -1.10073 -0.593808 1.06995 1.9578 -0.956805 1.47172 -0.255346 -0.727824 -1.11386 -2.00828 0.81736 0.351629 -0.569602 -0.0801925 0.542165 1.93487 1.34353 -2.3634 1.19745 -1.26226 -1.19407 -2.4219 -2.6148 0.650304 -0.714423 -1.7737 1.37723 0.954617 
-0.0234033 1.44384 -0.664825 0.488823 0.444382 -0.329576 -0.332292 -1.26372 0.85073 0.544323 -0.048311 -1.09214 0.0411438 1.93252 1.45849 -2.41349 1.19094 -1.49857 -1.34554 -2.18814 -2.88681 0.540775 -0.559326 -1.01191 0.356811 -0.344094 -0.000156874 -2.31896 -0.776716 -1.64734 -1.3395 0.0821183 0.887246 1.04251 -1.42781 -0.375526 -1.16979 1.56855 -2.61275 
0.778651 1.165 -1.81257 0.498861 -0.532074 -0.778246 -0.711524 -2.36885 0.817581 0.121537 -0.145186 -0.743916 -0.937902 1.06979 -0.361154 -1.73352 -0.175627 -1.59485 -0.645705 -0.226619 -0.96577 -0.610451 -0.0238972 -1.73939 1.48836 -2.07059 -1.48886 -1.84608 2.40652 -2.11796 1.4833 1.02301 2.62217 3.20543 -1.17827 1.31099 -1.13474 1.16356 -0.524481 
1.04639 1.08269 -2.39834 0.313196 -1.15047 -0.975281 -0.558911 -2.22949 0.240279 0.520426 -1.7877 0.39622 -2.02944 0.443659 -0.38759 -0.00696981 -0.927022 -0.0152701 -0.322537 0.434034 0.318626 -0.637494 0.751668 -2.14664 1.52038 -0.868574 -0.864202 0.268483 2.31172 -0.214865 2.21755 0.668204 0.512982 1.62668 0.214243 0.402605 1.52266 -0.634332 2.28114 
1.22231 0.777411 -1.81954 -0.428161 -0.547344 -1.10078 -0.27749 -2.05023 0.180087 0.873205 -2.29183 0.776459 -1.80648 0.205592 -0.0926712 0.578197 -0.390492 0.622704 0.0224984 0.286362 0.660913 -0.396208 0.378708 -0.21673 0.854023 0.21055 -0.329646 0.453491 0.217705 0.983789 0.240619 0.629323 -0.28615 0.383808 0.351536 -0.219692 2.65064 -1.09347 1.69398 
1.25198 0.990018 -1.82015 -0.0772963 -0.527763 -0.952783 -0.272549 -1.56858 -0.155929 0.899133 -2.00443 1.25024 -1.81889 0.114013 0.0659004 0.210735 0.0567672 0.225349 0.306786 0.147884 0.702434 -0.285958 0.531975 0.503999 0.426907 0.825406 -0.0330469 -0.355966 -0.175594 -0.352057 -0.23143 0.2396 -0.323175 0.0548628 0.266682 0.311163 0.637626 -1.21913 2.06293 
1.33632 0.843311 -1.60881 -0.371394 -0.321995 -0.793997 -0.129605 -1.34779 -0.105871 1.40518 -1.78783 1.20337 -0.98107 0.172546 -0.448637 0.402603 -0.742549 0.391274 0.262098 -0.0368127 0.715776 -0.129526 0.689871 0.420896 -0.365108 2.27348 0.0278038 -0.491673 0.0418022 -0.46329 -0.0381006 -0.154742 -0.459167 0.0758273 0.0773975 -0.638514 -0.0590339 -1.09159 1.05965 
1.42453 0.541381 -1.41754 -0.819845 -0.136488 -0.690685 -0.309362 -0.852804 -0.285455 1.589 -1.58354 0.885135 0.454587 0.141817 -0.425773 0.252537 -0.406523 0.187248 0.152044 -0.311283 0.778261 -0.208561 -0.106539 0.444965 -0.664684 1.88505 -0.104287 0.241913 -0.40067 0.724099 -0.398431 -0.206917 -0.470582 -0.255695 -0.117581 -0.863737 0.0493737 0.0484156 -1.96315 
1.47814 0.417539 -1.35627 -0.777917 -0.134747 -0.641953 -0.440888 -0.569532 -0.314432 1.29864 -1.34287 0.538682 0.903985 0.0682585 -0.206725 0.00193306 -0.0184502 -0.00715647 0.0551816 -0.507395 0.46008 -0.247107 -0.173866 0.47027 -0.316692 0.310333 -0.154309 0.398109 -0.454096 0.452921 -0.249671 -0.201954 -0.193599 -0.774805 -0.0327346 0.14187 -0.0492901 0.930796 -2.26705 
1.49279 0.334656 -1.41561 -0.838295 -0.143645 -0.635503 -0.816756 -0.392724 -0.532562 1.41514 -1.11327 0.568443 0.764919 -0.0124921 -0.0276639 -0.201559 0.0463978 -0.0624231 -0.0499102 -0.504882 0.00345558 -0.241295 0.035331 0.395675 0.266112 -0.381995 -0.106691 0.185275 -0.154916 0.00540393 -0.113436 -0.222037 0.365165 -1.00362 0.326884 -0.286154 -0.13644 0.538974 -0.650271 
1.46565 0.389875 -1.55783 -0.731519 -0.197171 -0.691863 -0.945769 -0.566077 -0.555727 1.33397 -0.947192 0.804795 0.521991 -0.0384324 -0.0214504 -0.152983 -0.0130463 -0.120592 -0.166855 -0.14223 -0.543536 0.079777 -0.46002 0.33383 0.222281 -0.339938 -0.00340814 -0.17575 0.121823 -0.271415 -0.293624 -0.101302 0.272985 -0.493742 0.146914 -0.3943 -0.713027 -0.0488558 -0.22954 
1.45435 0.313205 -1.56859 -0.851341 -0.264237 -0.802358 -0.958986 -0.93626 -0.452785 0.955118 -0.779436 0.790724 0.424981 -0.0159003 -0.203414 -0.0797359 -0.225017 -0.356047 -0.151212 -0.231896 -0.490286 -0.0943812 -0.358969 -0.317353 0.217257 -0.611535 0.0297299 -0.0623562 0.0438314 -0.020791 -0.142799 0.00620855 0.197571 0.704501 -0.175211 0.57875 -1.05512 0.165971 -0.420294 
1.44975 0.186461 -1.63757 -0.956536 -0.553218 -0.843075 -1.17767 -1.05636 -0.650108 0.975003 -1.26454 1.02205 -0.089544 -0.00870246 -0.0838066 -0.109151 -0.0338372 -0.263391 -0.160647 0.0553409 0.160964 -0.0954344 0.11873 -0.721292 0.388252 -0.760232 -0.0184723 0.281512 -0.0223759 0.181523 0.237858 -0.21068 0.266736 0.732681 -0.235995 -0.180079 -0.156078 -0.957245 -0.0468211 
1.44565 0.229399 -1.67775 -0.885179 -0.527628 -0.963005 -0.903645 -0.775296 -0.548219 1.07385 -1.50073 1.17898 -0.335251 -0.0343726 0.0780983 -0.102112 -0.043494 -0.118189 -0.361892 0.0348391 0.242395 -0.330376 -0.539048 -0.473431 -0.739988 -0.658356 -0.035276 0.333303 0.1747 0.272099 0.00144427 0.077008 -0.30976 0.217342 -0.539071 -0.742094 0.853448 -1.32491 0.564552 
1.41538 0.264559 -1.73968 -1.00003 -0.671407 -1.20497 -1.14283 -0.813968 -0.980484 0.435955 -1.73797 0.282063 -0.7479 -0.0439784 0.249497 0.0655484 0.238262 -0.261947 -0.0836385 -0.254419 0.378306 -0.634506 -0.623364 0.132156 -0.936662 -0.19568 -0.0257568 0.120469 0.296684 0.309953 -0.562117 0.494346 -0.115891 -0.239 -0.373796 0.655658 0.47034 0.696526 0.651228 
1.40167 0.478895 -1.6122 -0.646916 -0.789575 -1.04664 -1.15806 -0.39699 -1.18272 0.450484 -1.36857 0.242315 -0.530931 -0.0601294 0.198567 0.194573 0.266459 -0.680307 0.132454 -0.0810522 0.00339551 -0.704172 0.116611 -0.0030907 -0.0434618 -0.00712771 -0.0529694 -0.252897 0.306371 -0.116874 0.328462 -0.103062 0.495301 -1.07672 0.541893 0.191676 -0.387489 1.73399 0.0679133 
1.35525 0.463126 -1.54511 -0.733571 -1.35171 -1.07251 -1.22388 -0.810572 -1.68466 0.552566 -1.74107 0.238602 -0.755028 -0.0969479 -0.0033999 0.37192 0.121388 0.0665151 -0.1867 0.240882 -0.698409 -0.0926122 -0.431688 -0.255333 0.797325 -0.127767 -0.0223482 -0.122549 0.252031 0.672152 2.01281 -0.288016 0.625463 -0.277695 1.32638 -0.925282 0.676875 1.08859 1.23213 
1.30473 0.475496 -1.24028 -0.525529 -0.72306 -1.23334 -0.917183 -1.0954 -1.27534 0.0187958 -1.62391 1.03964 -0.658698 -0.0824776 0.0760176 0.446604 0.938611 1.3325 -0.155562 0.544411 -0.2743 0.622207 -0.808671 0.673785 1.04512 1.225 0.0352439 -0.0704807 -0.0479663 0.722107 0.59579 0.0560745 -0.224602 0.848487 0.158407 -0.136673 0.609383 -0.835106 0.568933 
1.27277 0.539144 -1.0985 0.20504 -0.0192131 -1.22808 -0.679468 -1.08487 -1.06245 -0.256105 -1.06728 1.28373 0.469972 -0.0617039 -0.0738806 0.323954 0.843495 0.662305 -0.130626 0.0162794 0.150078 0.0657949 -0.568361 0.35405 -0.0377813 0.441166 0.0268599 -0.214399 -0.408248 -0.397647 -1.28848 0.137546 -0.36162 0.114997 -0.893812 -0.172419 -0.863547 -0.910965 -2.02498 
1.24302 0.401615 -0.916324 0.317967 -0.060755 -1.36397 -0.900903 -0.945321 -1.20954 -0.549565 -1.26986 1.00186 -0.217532 -0.0556176 -0.138381 0.0383555 0.540964 0.0440221 -0.0180157 0.182791 -0.159303 -0.271605 -0.98109 -0.189763 0.134159 -0.799979 0.0310059 0.0988036 -0.188616 -0.0176477 -0.0318866 0.47666 0.300894 -0.198921 -0.523422 0.308835 -0.175479 0.777444 -0.506488 
1.21715 0.400763 -1.06015 0.746005 0.024809 -1.24609 -0.496677 -1.24417 -1.33405 -1.2372 -1.25704 1.41788 -0.330007 -0.030698 0.0249229 0.135337 0.825848 0.630419 0.346035 0.317173 -0.0488433 -0.457627 -0.259526 0.178571 0.739663 -0.0653224 -0.00355897 0.0877033 0.268188 -0.383086 0.456447 0.0801103 -0.458154 -0.230724 -0.205164 1.84465 0.234767 -0.207699 -0.404908 
1.21232 0.426538 -0.780986 1.14381 0.569664 -1.01793 -0.58373 -0.994164 -1.66717 -0.80909 -1.09129 1.74152 -0.282855 -0.0591766 -0.0506781 0.306544 0.157879 0.500469 0.0620946 -0.275364 -0.390027 -0.476769 0.863557 0.0450039 -0.0735399 -1.20489 -0.0498537 0.121168 -0.104506 -1.16742 -0.852708 -0.456571 0.0885904 -0.226862 0.39356 0.928711 -0.161414 -1.39122 -1.60503 
1.15797 0.350085 -0.753603 0.903883 0.525278 -1.184 -0.772041 -1.6342 -1.81082 -0.373638 -1.21204 1.34434 -1.53489 -0.0805517 0.146091 0.0308318 -0.341571 -0.222289 -0.110536 0.405764 -0.275705 -0.0640663 0.669186 0.0171566 -0.651556 -1.67035 -0.0037035 0.431929 -0.0738277 -0.132223 -0.868018 -0.114294 0.800222 0.834816 0.759104 -0.32236 0.925388 0.186273 0.805561 
1.13177 0.572628 -0.750154 0.802243 0.347374 -1.12847 -0.177967 -1.26987 -1.73123 -0.139905 -1.07413 1.08997 -1.95321 -0.0628801 0.381251 0.232716 0.0256556 -0.367549 -0.0521994 0.524858 0.444788 0.282335 0.541197 0.970391 0.112734 -0.399326 0.012202 0.178953 0.352783 0.829141 -0.372838 -0.153553 -0.412443 0.849806 0.616269 0.0380833 0.514718 1.18185 1.50692 
1.09509 0.731335 -0.520886 0.929539 0.157729 -1.2362 -0.247183 -1.18941 -1.52849 0.167558 -0.241648 1.45708 -1.93422 -0.0683497 0.325044 0.383614 0.48757 -0.595127 -0.264089 -0.00667938 0.574101 0.552203 0.707269 0.531874 0.530293 -0.163437 -0.0450392 -0.243581 0.151846 0.206348 -0.198308 -0.337755 -0.323572 -0.0848982 0.636419 -0.0818856 -1.33286 -0.837458 1.06728 
1.06342 0.897672 -0.36654 1.28981 -0.247753 -1.39256 -0.184646 -0.695769 -1.17903 0.567364 -0.542255 1.62026 -2.11664 -0.107919 0.13767 0.384562 0.232004 -0.565857 -0.389954 0.201286 0.35989 0.918753 0.459311 -0.362465 -0.724725 0.667957 -0.0805793 -0.208847 -0.115185 -0.208051 0.423358 0.312469 0.0980846 -0.424459 -0.149384 -0.160148 -0.575805 -1.29706 0.683562 
0.987175 0.869006 -0.136324 1.16154 -0.408128 -1.62615 -0.0458967 -0.829524 -0.609735 0.626869 -0.604113 0.732353 -1.26626 -0.148929 0.116197 0.26843 0.279519 -0.17177 0.0483805 0.0914052 0.149642 0.402819 0.547121 -0.0439308 -0.76677 0.520125 -0.0416193 0.0585606 -0.526284 0.249481 0.788837 0.533958 0.0434936 -0.562025 -1.48783 -0.692048 0.520902 1.02411 -1.7345 
0.914494 1.01387 -0.0981101 1.56933 -0.419523 -1.34418 -0.0932408 -0.546127 -0.776213 1.11449 -0.586186 0.853488 -1.59652 -0.149539 0.196231 -0.141722 0.481485 0.22298 0.144004 0.24478 -0.202135 -0.569074 -0.232737 0.158437 0.299383 -1.06654 -0.0129651 0.044707 -0.541394 0.0887852 0.372885 0.140654 0.142141 -0.579359 -1.35702 -2.01301 0.749218 1.30232 -0.179608 
0.837636 1.06524 -0.278046 1.64303 -0.185147 -1.48215 0.198883 -1.03166 -1.17881 0.394132 -0.445676 1.03174 -2.3328 -0.161894 0.160904 -0.272964 0.368304 0.201115 0.189035 0.233546 -0.429717 -0.954203 -1.46589 0.705287 0.535548 0.340516 -0.0104478 -0.0478632 0.210071 -0.386744 -0.171082 0.328473 -0.257321 -0.182908 0.10483 -0.72025 0.325077 -0.664454 2.46694 
0.7526 1.17477 -0.371074 1.93764 -0.218408 -1.15514 0.140306 -0.975844 -1.73042 -0.351408 0.119101 1.38904 -1.256 -0.159986 0.148368 0.0683493 0.0947413 0.0518984 0.472477 -0.0125407 -0.385043 -0.464243 -0.952987 0.483514 -0.365071 1.40039 -0.0287921 -0.00556111 0.543158 -0.00920309 0.126347 0.149948 0.0674782 -0.206272 1.15155 0.336658 -0.141746 -1.33605 0.499515 
0.67765 1.2136 -0.209696 1.73777 -0.133249 -1.00967 0.186343 -1.4167 -1.64305 -0.558855 0.0378379 0.666665 -0.932412 -0.190686 0.155343 0.270194 0.359101 0.327462 0.338983 0.301025 -0.63599 0.197344 -1.12924 0.563541 -0.8005 0.840031 -0.0537958 0.23117 0.0680389 0.757553 -0.273279 -0.220577 0.0568073 0.722796 0.714681 0.392739 0.282644 0.00718042 -1.43975 
0.561914 1.33012 -0.10088 2.29674 0.109054 -0.816161 0.44133 -1.61183 -1.53307 -1.48064 0.682642 0.588536 -0.415973 -0.213782 0.379537 0.136388 0.852294 -0.22138 0.251899 0.0442666 0.337754 0.250437 -0.560248 0.766158 -0.357891 -0.039358 0.0374389 -0.116812 0.111151 -0.511373 -0.716961 -0.633572 -0.537098 1.34444 0.0255725 0.208844 -0.721877 -0.10316 -1.61362 
0.463868 1.59314 -0.073308 2.59006 -0.354629 -0.757771 0.230609 -1.07895 -1.39261 -1.1191 0.803996 0.308775 -0.97177 -0.153247 0.0385311 0.381346 -0.152272 -0.389499 -0.294589 -0.236073 0.708451 0.222916 -0.920391 -0.158337 -0.903659 -0.773586 -0.00217417 -0.355969 0.438998 -1.09487 0.984199 -0.699487 -0.394039 0.309393 -0.181588 -0.647756 -1.00791 0.486629 1.19137 
0.408666 1.36865 0.280466 2.14446 -0.280445 -1.11075 0.205257 -0.903383 -1.31016 -2.40103 0.524305 -0.315123 -1.18956 -0.215956 0.0235684 0.575386 -0.242571 0.762819 -0.447588 -0.349773 0.647147 0.0688496 -1.208 -0.241753 0.128738 1.15201 -0.216998 0.393002 -0.00840822 0.0956284 0.746044 0.160049 0.0559028 0.0812178 -0.129107 2.05486 0.123509 0.546079 1.29157 
0.247911 1.61671 0.502078 2.34749 0.408189 -1.20536 -0.119163 -0.4318 -1.32377 -2.32711 0.562243 0.437513 0.180244 -0.370245 0.431533 0.372937 -0.056644 0.356545 -0.13454 -0.18017 0.789669 0.0938088 1.13447 -0.0348281 -0.35758 0.517986 -0.218958 0.215191 -0.574524 -1.09194 -0.41814 0.767985 0.977843 0.146861 0.58473 2.54178 0.318278 -1.14146 -0.975443 
0.0384207 1.80018 0.653403 2.08782 0.0761003 -1.24529 0.0250866 -0.113714 -1.21635 -1.26656 0.489477 -0.672703 -0.671572 -0.434914 0.238759 0.000862693 -1.33451 0.344678 0.320397 0.62807 0.794008 0.653579 1.33378 0.0765253 -1.01273 0.176571 -0.103304 -0.47072 0.0911031 -1.9082 0.0750301 0.947573 -0.0492209 -0.483777 1.00627 -0.545562 0.186915 0.385443 -1.05317 
-0.187003 1.85547 0.502941 1.01298 0.752868 -0.884962 0.508907 0.362207 -0.670186 -0.993331 0.638768 -0.575213 0.356816 -0.47355 -0.0391873 0.46404 -1.96484 0.431575 0.813033 -0.229391 0.305892 1.10008 0.588909 0.152087 0.0278631 -0.535181 -0.0739238 -0.866398 0.862461 0.141353 -0.684653 0.828477 -0.394241 -0.586714 0.416107 -0.100043 -0.187378 0.25315 -0.473684 
-0.435129 1.76099 1.11744 0.122981 0.507675 -0.432256 -0.204305 0.192179 -0.116266 -0.677654 0.641564 -0.64484 -1.20675 -0.508838 -0.627639 0.863324 -1.19316 -0.339975 1.14887 0.23383 0.207294 1.06969 1.23373 -0.110853 -0.759576 -0.297112 -0.156908 -1.67292 -0.517243 1.39229 0.746452 0.254177 1.79041 0.659023 -0.958166 0.277197 -0.899413 -1.05557 1.97544 
-0.695841 1.22783 1.36626 -0.180183 0.412893 0.263912 0.742737 0.569501 0.3995 0.240403 0.527916 -1.33479 0.0597037 -0.630458 -1.71211 -0.0532021 -0.572546 1.17803 1.06721 1.56102 0.964916 0.141915 0.866106 -0.747326 -1.02771 1.44026 0.169139 -0.522547 -1.39115 0.953251 1.09087 -1.02392 0.0796563 0.377813 -0.249672 -0.0600565 0.599611 1.78269 1.33958 
-1.06559 0.0488838 1.06424 -0.449565 1.6857 0.634954 1.35671 1.15709 0.0256489 0.188453 -0.105762 -1.67255 0.233506 -0.339699 -1.15019 -0.52783 -0.239911 0.750898 0.124954 0.313486 0.585107 0.820014 1.17368 0.488759 1.02311 1.04246 0.636913 1.5265 -0.27405 0.356213 -1.86648 -1.65843 -2.58929 -0.882626 0.852741 0.739658 2.16133 3.19804 0.307912 
-1.03554 0.0776454 0.838435 -0.420094 1.16379 0.388866 1.05622 1.15461 1.21951 1.41408 1.01667 -0.311677 1.10217 0.00645471 -0.185605 -0.327252 -0.216333 -0.688454 -0.59122 -1.02827 0.0822897 0.994657 1.60576 1.41401 2.17033 1.74817 0.320829 0.773537 0.375689 0.00361111 -1.13831 0.199805 -0.174292 -0.533351 -1.44027 -2.16094 -0.911457 -0.862244 -0.612767 
-1.05913 -0.136721 0.736989 -0.665897 0.997248 0.0437347 0.328443 1.23938 1.02031 1.79422 1.30824 0.497779 1.98168 -0.0188692 -0.376648 -0.15214 -0.2363 -0.387411 0.324759 0.139194 0.0517555 -0.620258 -0.987261 -0.422698 0.160869 0.429697 0.0389665 0.105947 0.310038 -0.0361845 1.24741 1.36181 1.88384 -0.84124 -1.78541 -2.52257 -2.41087 -3.19751 -3.24639 
-1.05441 -0.299003 0.686294 -0.656394 0.77638 0.713625 1.19542 1.20636 0.599257 0.426818 0.593976 -0.150809 1.53187 0.0454212 -0.0796582 -0.0172144 -0.252517 0.55896 0.770585 0.855571 -0.75895 -0.790758 -0.916811 -0.996868 -1.02718 -1.49822 0.0487328 0.331368 0.194442 -0.0140839 0.12728 -0.32243 -0.534842 -0.36792 0.619986 1.58041 1.03129 -0.594724 -1.99478 
-1.01371 -0.216379 0.719775 -0.918415 1.55621 0.81432 1.18401 0.480434 0.229548 0.877406 0.311377 -0.529404 0.483459 0.0298636 -0.0452801 0.0423012 -0.250384 -0.260131 0.00232885 -0.395648 -0.316164 -0.000271667 0.593149 0.608587 -0.433856 -1.56508 0.451514 0.161462 -0.569857 0.428164 -3 -0.716442 -3.11958 0.233061 0.575508 -1.18338 2.66715 0.755056 2.03113 
-1.02454 -0.344283 0.728595 -0.906777 0.516249 0.715954 0.799768 0.890199 0.598985 1.01997 1.20256 -0.584664 -0.0332158 0.496935 0.0818039 -0.587071 0.175647 -2.44104 0.054143 -2.26401 -0.52589 -0.21525 -2.10019 1.67028 -0.272127 0.53291 0.551066 -0.308855 0.0996838 0.943939 -1.44434 0.837972 -1.71169 0.451897 -0.27187 -3.32932 0.560195 0.210879 2.87971 
-0.516776 -0.134576 0.132703 -0.742768 -0.884833 0.868463 -1.08 -0.0454556 0.0142981 -1.22279 1.98166 -0.801531 1.01637 0.580929 -0.354135 0.141985 0.693556 -1.70447 0.840301 -2.10734 0.135732 -0.272142 -2.73618 1.16878 -0.222977 1.31463 -0.28515 -1.3432 2.01165 1.09074 1.24999 0.513848 1.55935 1.49832 0.716376 1.65297 -2.13905 0.200676 -0.393388 
-0.443615 -0.698418 0.87058 -0.213222 -1.18822 1.55625 -1.30757 1.02593 0.326843 -1.71621 2.37135 -0.807641 1.28141 0.211785 -1.2614 1.42458 1.26639 -1.19105 0.567991 -0.704657 0.972427 0.501126 -0.447225 -0.468766 -0.0714508 0.139522 -0.375828 -1.43752 0.859624 -0.346017 1.26994 -1.03247 1.975 -0.451282 0.519016 3.08328 -2.79334 -0.082541 -2.81748 
-0.304991 -1.39597 1.55728 0.523623 -2.07588 1.43645 -1.78465 0.926971 0.515424 -1.67001 1.51289 -0.872981 1.15589 0.205101 -1.79165 1.00161 0.347538 -0.434528 -0.192169 -0.132341 -0.315549 0.246874 0.347102 -1.62456 -0.305518 -1.50286 0.182981 0.0338654 -1.68388 -0.848861 2.60486 -0.792615 1.10387 -1.38557 -0.0458244 0.632867 -0.613032 0.981909 -1.83456 
-0.238514 -2.49007 1.87219 0.134317 -1.62275 1.36409 -1.43991 0.710382 0.573718 -1.36911 0.746783 -1.11316 -0.221448 0.394766 -1.22753 -0.259299 0.417529 1.41381 -0.224624 0.399209 -0.413142 0.455301 0.185641 -1.0818 0.910458 -1.69504 0.0422173 1.05549 -1.97009 -0.648491 1.8978 0.562244 0.574165 0.561318 1.20787 -0.718152 1.67687 1.06804 1.58193 
0.0897757 -2.62351 1.29798 0.941152 -0.662069 1.21183 -1.38544 0.513829 0.970725 -1.48437 0.431095 0.0374765 -0.539148 0.247318 -0.736158 -0.968477 -0.300952 1.46327 0.370075 0.441825 0.245768 1.45474 -0.37105 0.0523034 0.762518 0.0790712 -0.272741 2.26334 0.451208 -1.2139 -2.3745 0.30955 -1.87098 -0.131964 0.170825 0.820639 2.32655 0.300051 3.00653 
0.00880407 -3.22623 0.903712 -0.166636 -0.159478 1.73416 -0.99809 0.95615 2.02846 -1.74016 0.799087 -0.350641 -0.142377 0.122025 1.0358 0.19191 -0.796367 -0.960683 0.0849253 -1.47177 -0.545107 0.626127 1.00628 1.24475 1.21051 1.3115 0.10763 3.14612 0.660562 0.202299 -3.7679 -1.06272 -2.05662 -1.14345 -2.92222 1.26074 0.672216 0.196132 1.31779 
0.211801 -1.5877 1.48989 0.144785 -1.62275 1.29675 -2.85721 -0.0312777 1.59685 -0.478092 1.67585 1.24799 0.772347 0.354948 2.40997 -0.307916 -0.0986532 -2.30463 -0.692649 -1.6148 -0.897684 -1.46747 0.88969 0.724519 0.95865 1.39686 -0.133706 -0.424374 -0.39039 0.326669 0.559693 0.12684 2.8632 1.59717 -1.50639 -0.584591 -1.8758 -0.488239 -0.903703 
0.363752 -0.816262 0.595797 -0.265289 -2.46411 1.04151 -2.61289 0.0584663 0.560986 -0.850466 1.52361 0.608009 1.25449 -0.0116804 0.61143 -0.198481 -0.469698 -0.400991 0.211765 1.39143 1.05206 -0.880268 0.421689 -0.63105 0.72227 0.407792 -0.683574 -2.6337 1.2727 0.992659 1.73361 1.02694 3.93775 1.41347 1.45181 0.017867 -0.983918 -0.00669125 -2.37539 
0.20012 -0.976271 1.29141 -0.324913 -2.02374 1.50852 -1.46578 1.02079 0.716584 -0.0564022 1.0448 1.97026 1.18014 -0.328625 -0.223735 0.964784 0.894006 -0.571025 0.334289 2.32296 0.515785 -0.0156652 0.907557 -0.259398 0.951959 -0.978523 -0.271094 -0.903225 -0.883657 1.99929 0.379982 -0.4862 -0.94739 -1.39429 1.88139 -0.77143 0.190349 -2.96195 -0.539677 
0.0351272 -1.04 1.56058 0.628717 -3.03514 1.3758 -0.289933 0.574251 0.545321 0.0570916 1.26421 1.55997 0.275962 -0.282774 -0.291796 -1.08214 1.52959 -0.0210084 -0.274434 0.444037 -0.342227 1.00112 -0.34974 -0.440701 -2.23968 -0.131885 0.0604195 -0.576737 -2.74102 -0.825259 2.11708 0.225685 -2.76825 -0.171272 1.00721 -2.85082 -0.591663 -2.63965 2.0864 
-0.0826537 -1.26807 0.209274 1.20467 -2.04475 1.23409 -1.02175 0.678559 1.7177 -0.406143 0.604095 -0.26942 1.04825 -0.268206 -0.800472 -1.77623 0.068747 1.54606 0.559975 -0.445299 0.344513 0.991545 -1.94326 -0.851062 -1.68769 1.10788 0.157836 0.158842 0.481745 -2.21804 0.966202 0.937384 0.231862 0.744602 -0.578473 -1.11799 0.00315847 2.55323 0.921291 
-0.233079 -1.84047 -0.215653 0.697464 -1.48908 1.93578 -0.735232 0.918764 1.53687 -1.88617 0.413146 -0.127721 1.38384 -0.124938 -0.132954 -0.600393 -0.688457 0.945194 0.66295 0.675899 0.402376 0.422648 -1.46773 -0.437542 0.313555 0.789406 0.0194769 1.18266 1.92951 0.471718 -0.266583 -0.677776 0.661186 -0.473655 -0.20258 3.66405 1.54298 2.28014 -1.83182 
-0.207592 -1.40102 -0.391119 0.516217 -1.09956 1.89704 -0.345848 1.08093 2.14035 -1.87387 0.166552 0.044135 1.83766 -0.248729 0.382186 0.153281 0.540465 1.27947 -0.117801 0.215887 -0.129142 0.788966 1.72079 0.691922 0.592447 -0.723941 -0.33576 0.425053 1.51551 1.30328 -0.916632 -1.20991 -0.264116 -0.805406 -0.923267 0.66796 0.817489 0.706443 -2.69022 