-0.99702 -0.623669 0.127564 -0.580937 0.985122 0.918091 1.12905 1.19574 0.176725 0.0113377 0.250424 0.937313 0.882427 -0.0804988 -0.0774657 -0.17594 0.49199 0.574773 -0.423621 -0.103517 -0.152497 -0.374964 -0.682103 -0.474446 -0.793188 -1.16092 0.034583 -0.194718 0.253142 0.53858 -1.40006 -1.22157 -0.500475 -0.906298 0.589755 0.772837 0.683876 0.154078 -0.399751 
-1.02003 -0.738111 0.0850626 -0.196747 0.585868 0.407279 0.640429 0.449186 0.113949 -0.466648 0.258334 0.421772 0.308829 0.0201557 -0.111544 0.0104394 0.0942894 -0.95315 -0.6887 -0.360397 -0.431357 0.57621 0.745788 0.523529 -0.467483 -0.0553212 0.121973 0.15888 0.196016 -1.60928 -1.24035 0.0974315 0.825827 0.844806 0.256923 0.576686 1.22336 0.120178 1.01367 
-0.976865 -0.735213 0.138003 -0.486648 0.0319713 0.229391 0.768648 0.764382 0.752935 0.757126 0.773953 0.469829 0.827106 0.0414742 0.0814139 0.0200767 -1.11729 -0.665572 -0.326189 0.72231 0.692309 -0.118041 -0.105417 0.748916 -0.67301 -0.147258 -0.0594303 0.234483 0.12546 -1.19468 1.11855 0.845117 -0.414183 0.430809 -1.84381 -2.64957 -0.786468 -0.117608 0.0440455 
-0.97856 -0.656698 0.105139 -1.31403 -0.0797038 0.0810894 1.36274 1.14149 -0.00409129 -0.572065 1.00725 -0.251238 0.161572 -0.0392746 0.12294 0.1359 -1.10039 0.165401 0.156417 -0.77458 -0.000548392 -1.2676 -1.90378 -0.262939 -0.585092 -0.0112757 0.0400666 -0.235121 0.229185 2.28974 0.672595 0.857962 -1.94728 -0.927658 -0.208852 -0.696444 -1.5317 1.47818 2.2398 
-1.01614 -0.612273 0.273903 -1.58704 0.197373 0.385808 -0.00593163 0.763834 -0.514661 -1.14665 0.511014 -0.115263 0.81583 0.0815408 -0.153707 0.249261 1.17246 0.0070227 0.531773 -1.22497 -0.235349 -0.326893 -0.801861 -0.782784 0.805167 2.09254 0.384194 -0.567031 0.124602 2.18964 -0.820765 0.563651 1.15808 0.526963 2.14431 2.18765 -0.043403 1.06409 0.710233 
-0.897019 -0.810404 0.354401 -0.141577 -0.0726811 0.612863 0.137771 0.906146 -0.330984 -1.37393 0.224466 0.553929 2.25412 0.34492 -0.444091 0.260501 1.08925 -0.655364 0.720068 0.3835 0.526415 0.876709 0.283868 -0.306342 0.478997 0.698958 0.178424 -0.521221 -0.0415982 -1.82251 0.0226481 -0.248004 0.919435 0.318388 0.008322 1.50584 0.185992 -1.07076 -3.81707 
-0.671219 -1.05636 0.534404 -0.497783 -0.457991 1.10588 0.377568 1.29025 0.362048 -0.862785 0.204671 0.363735 1.51479 0.259965 -0.674928 0.207663 -0.650053 0.0296708 0.28377 -0.305534 0.0830386 -0.318571 0.70398 -0.596792 -0.265592 -1.72453 -0.153346 0.208935 0.235414 -1.42357 1.72352 -0.395604 -0.6538 -0.430316 -1.96359 1.07263 -0.204503 -0.3934 -2.06056 
-0.637054 -1.48533 0.562064 -0.79163 -0.0430103 0.896632 -0.167763 0.989184 -0.649555 -0.669945 -0.372326 0.288337 0.529588 0.191574 -0.235156 0.495915 -0.334316 1.06815 0.324464 -0.2703 0.0960995 -1.08688 1.3565 -0.510845 0.0855973 -1.3616 -0.017815 0.41141 0.0981069 0.663495 0.514506 -0.0724383 -0.250568 0.3478 -1.54354 0.464319 1.30673 0.702339 2.6046 
-0.479645 -1.29152 1.03032 -0.832099 0.610164 1.43034 0.107268 1.38635 -0.724835 0.493715 -0.306174 0.449332 0.15319 0.24215 -0.263518 0.30577 0.0134411 0.544176 0.211331 -0.556101 0.430838 -1.86211 1.1683 0.709935 0.436747 0.880074 -0.135662 -0.165099 -0.686995 -0.424352 -1.26457 -1.2403 -0.071799 0.0683893 -0.423825 -1.7469 0.61418 0.566799 3.00198 
-0.394903 -1.74885 0.867834 -0.778189 0.501166 1.10796 -0.723865 1.42002 -2.51166 0.498354 0.337609 0.725084 1.40966 0.0559122 -0.400255 -0.19108 -0.758669 -0.19642 -0.915841 -0.342099 0.164489 -1.51071 -0.390404 0.103335 0.652397 1.64039 -0.159239 0.345337 -0.0783359 -0.672823 -0.655534 -0.158602 2.05293 -0.313206 3.24614 -1.36183 -1.41997 0.099024 -1.03125 
-0.423733 -1.69178 0.839239 -1.59077 0.413744 0.514499 -0.234832 1.55084 -2.23554 0.103311 -0.202838 1.10173 1.79358 0.0829109 0.0818192 0.227434 -0.659382 -0.111357 0.0527289 1.49683 0.117632 1.38403 -0.193528 -0.710036 0.535771 -0.151171 -0.0400441 0.484955 0.818498 1.11616 0.734363 1.58625 0.889013 -0.388768 2.67114 0.483103 0.484756 -0.536821 -2.62888 
-0.311992 -1.66703 1.09527 -1.43757 0.389809 1.16069 0.772963 1.53765 -1.12764 0.304826 -0.372427 1.26086 1.25849 0.0158681 0.0846998 0.627418 0.357487 0.537943 0.670407 0.546914 -0.224279 1.16043 0.0926988 0.588091 0.115576 -0.988489 -0.245744 0.0107866 -0.151067 0.511618 0.261536 -0.962188 -1.8914 -0.402712 -1.51498 -0.0109959 -0.0320218 -0.543342 -0.202955 
-0.407865 -1.60708 1.46666 -1.23328 0.951687 1.18491 0.312082 1.32656 -1.07511 0.19601 0.385253 1.2173 0.805086 -0.162833 0.0926059 0.0763672 -0.147764 0.150179 -0.909459 -0.39457 -0.285079 -0.130947 -0.204524 -0.742058 -0.00757105 -0.354126 -0.186665 0.0072067 -1.1625 -0.0853996 0.178024 -1.42608 0.253341 0.400726 -0.653201 0.36424 -1.21883 0.45278 0.743206 
-0.474825 -1.57443 1.17163 -1.58534 0.539987 0.251234 0.378394 1.25258 -1.25858 0.100302 -1.11448 1.25328 0.904365 -0.170797 0.0919065 -0.535079 0.272088 0.715967 -0.75567 0.800255 0.176447 0.507231 0.456939 -0.630742 0.568356 -0.245283 0.0444459 0.178508 -0.194255 1.02924 1.35622 0.813962 0.343872 -0.162376 0.533883 0.924222 1.68253 0.247146 -0.871937 
-0.578662 -1.51517 0.931579 -0.961193 1.66765 0.429236 1.11234 1.50301 -0.567878 0.652948 -0.24549 1.78566 0.559803 -0.118387 0.271114 -0.117887 0.881479 1.5064 -0.0954968 -0.0506973 -0.447456 0.402936 0.719698 0.940477 0.239575 -1.22606 0.0926573 0.163814 0.446859 -0.791274 -1.14378 0.145475 -1.47962 -1.23751 -1.39239 -1.20707 -0.33345 -1.42329 0.206637 
-0.593213 -1.30331 1.05375 -0.703857 2.04639 0.155737 0.327696 0.80512 -0.855647 0.82 -0.174008 1.49286 -0.321698 -0.0781397 0.255721 -0.0882192 -0.519186 -0.427814 -0.610195 -0.679364 -1.06107 -0.885154 -0.750136 -0.964192 -0.854938 -0.0386457 0.128281 -0.10401 -0.0932475 -2.22282 -2.24374 -0.126266 0.580666 0.345802 -0.617757 -1.78967 -1.07322 -0.806781 1.4823 
-0.656802 -1.25945 0.84336 -1.48038 1.23984 -0.180959 0.432973 0.441938 -1.45303 -0.0971874 -1.20968 0.930722 0.521157 0.00989368 0.167104 -0.211135 -1.34134 -0.737338 -0.221763 0.529968 -0.101654 -0.214821 -1.06997 -0.13274 -0.567206 0.256237 0.0409617 -0.359347 -0.165895 -0.146832 -0.304712 0.589411 0.855444 1.20402 1.53893 0.907339 2.63619 0.36146 -0.39288 
-0.583319 -1.13621 0.842612 -2.0452 1.30905 -0.0660265 0.857665 0.703466 -1.07047 -0.249969 -0.306748 0.925652 -0.0654606 -0.0371779 -0.103627 -0.254114 -0.666018 -0.732526 -0.0207839 0.17608 0.142952 0.653772 0.157203 1.672 -0.493478 -0.431526 -0.0267534 -0.551466 -0.161676 2.17737 0.552658 -0.192135 -0.124981 0.178444 0.200126 1.20778 -0.290371 -0.0480678 0.459311 
-0.69398 -1.36308 0.589246 -2.1464 0.507314 -0.201743 0.609054 0.584891 -0.79926 0.060016 0.462318 0.437244 0.0896317 -0.0168597 -0.384362 -0.372811 0.83603 -0.184679 -0.413898 0.404987 0.0767901 -0.0146955 0.137809 -0.423111 -0.615274 0.715549 0.227347 0.0293288 0.343979 2.15135 0.979467 -0.00998968 0.35171 0.188236 -0.290683 0.141383 -3.58181 0.845398 0.352629 
-0.600178 -1.52057 0.469801 -1.20917 1.12437 -0.479924 1.26265 0.780256 -1.08516 -0.11216 -0.729859 0.310378 0.650088 0.190169 -0.0742981 0.0898646 1.48533 0.246941 -0.0307736 0.527791 0.331188 0.363089 0.298586 -1.90981 0.35192 -0.0788966 0.56727 1.85025 0.985174 0.879338 0.0205814 0.80195 -2.61331 -1.41066 -0.0123626 -0.143011 0.486076 0.525028 -1.74235 
-0.503811 -1.43737 0.67911 -0.661066 0.754255 -0.232517 1.13684 0.916079 -0.436171 0.358602 -1.44749 0.789164 0.0107351 0.55041 1.46589 0.612363 1.71537 -0.164098 0.388052 -2.20832 -1.33387 -0.0270581 -0.0052019 0.0629647 -0.0902459 -1.0268 1.43521 2.40307 -0.704862 0.0360562 -0.374179 -0.640262 -3.84937 -2.5738 0.306891 0.18493 4.4461 -1.27258 0.549319 
-0.0497682 -0.0546802 1.08216 0.5062 0.960275 -0.0918725 -0.945667 -0.553614 -1.11222 -0.117362 -0.666894 0.220132 -0.376709 1.62538 2.32877 -0.614997 1.52139 -0.127239 -0.671036 -3.32158 -2.24261 0.66998 0.483516 2.53629 -0.920663 0.470422 0.889008 -0.232397 -2.86807 -1.34123 -1.181 -2.42646 1.30047 0.767179 1.24183 2.3557 1.29513 -0.50319 2.83472 
1.12157 0.891399 0.0641128 0.86032 0.627016 -0.903552 -2.18474 -1.32653 0.233809 0.842118 1.0888 -0.131499 0.481157 1.43942 1.23349 -2.2557 0.374137 -1.3451 -2.03841 -0.907848 -0.566691 1.21477 2.35049 1.3581 -0.593436 1.80792 -1.28566 -2.13053 -1.25429 -0.885054 -1.96953 -0.931104 3.78375 2.63899 -0.576639 0.218427 -2.9987 0.339756 0.318116 
1.38965 1.17881 -1.17354 0.880337 -0.384823 -2.13028 -1.85351 -1.12031 0.102549 2.23313 0.691203 -0.373303 1.43121 0.339723 0.198247 -1.86929 0.636332 -2.09677 -1.60214 0.462171 0.396377 0.0933407 0.701943 -0.462406 -0.580907 0.788538 -1.29431 -1.44242 1.67299 0.466962 -0.303516 2.22496 1.36152 0.766461 0.440937 -3.76126 -1.86138 0.381515 -3.2202 
1.46129 1.08965 -1.80517 1.49665 -1.46975 -2.50569 -1.72257 -0.930153 0.327149 1.54406 0.626393 -0.712406 1.2697 0.145106 -0.208929 -0.582717 0.841099 -1.64861 0.186557 0.453676 0.19977 1.65571 -1.41077 -0.503283 -0.211921 -1.41228 -0.125908 -0.642622 1.94221 -0.047942 1.87615 2.30149 0.124172 -0.697903 1.62017 -1.99207 -0.410831 0.15965 -2.09165 
1.53476 0.969882 -1.75626 1.72144 -2.03344 -1.94372 -1.39984 -0.920536 1.75826 0.822367 0.18792 -0.585224 0.018937 0.213814 -0.444376 0.0729259 0.58839 -0.220616 0.699349 0.586342 -0.301526 1.71351 -1.29013 -0.873237 -0.421257 -1.30311 -0.0476089 0.114008 0.275447 -0.428005 1.67756 0.518287 -0.543934 0.0113832 -1.34859 0.479087 0.0584617 -1.09039 1.44498 
1.67511 0.64527 -1.73225 2.08504 -1.69037 -1.80634 -1.13622 -1.23168 2.04066 0.25393 -0.246844 -1.13366 -0.0334177 0.0974974 -0.0949214 -0.30727 0.413094 0.0289423 0.704844 -0.090258 0.211153 0.307121 -0.931679 -0.444821 -1.30231 0.0327047 -0.248246 0.413634 -0.418506 -1.46798 0.132711 -0.970446 -1.60822 0.758972 -3.25019 0.454198 -0.281466 -1.73263 0.844293 
1.63225 0.874961 -2.06353 2.13453 -2.00449 -1.23888 -1.4901 -0.709383 2.06538 -0.109312 -0.256901 -1.88754 0.0516416 -0.0344313 -0.0307412 -0.345581 -0.879588 -0.0879046 -0.271097 -1.02188 0.457445 -1.53668 -0.835933 -1.1547 -2.15388 -0.45882 -0.0021578 -0.198392 0.504257 -1.44224 0.694409 -0.879174 0.179751 0.0360576 -2.32606 1.52142 0.120369 1.71599 0.144414 
1.64068 0.614529 -2.07783 1.20545 -1.77827 -2.07744 -2.15811 -0.774234 0.503978 -0.582003 -1.40155 -3.28755 -0.492238 0.0953396 -0.293314 0.196986 -1.02915 0.723351 -0.17433 0.0894927 0.247211 -2.01893 0.589737 -0.324452 0.413671 0.177118 0.0321704 0.0451673 0.611814 0.68488 0.334166 1.25751 1.85802 -0.807858 2.61737 0.850006 1.04111 4.38526 0.42765 
1.72759 0.581647 -1.86654 1.10538 -1.28114 -1.41321 -1.4006 -0.462172 0.046444 0.480426 -0.581353 -1.47387 0.22876 -0.00226088 0.0144261 0.266234 -0.194709 0.246262 0.98641 0.836141 -0.350413 1.08069 0.0140734 -0.113594 2.23137 -0.0311697 -0.230375 0.474446 -0.0360576 1.30889 -1.14957 0.992156 -0.228964 -0.641041 4.73559 -1.9188 0.38151 -0.277048 -1.09906 
1.63841 0.628955 -1.8116 1.01075 -1.53201 -1.09103 -1.32196 -1.12465 1.58467 -0.567929 -1.51514 -1.05617 -0.523408 -0.135035 0.181132 0.160928 0.279739 -0.42622 0.817826 -0.139471 -0.39383 2.71665 -1.32906 0.0570581 0.136624 -0.921946 -0.0040839 0.11426 -0.0245689 0.140876 -0.326828 -0.289694 -0.656747 0.404748 -0.312583 -0.209754 1.19039 -2.52349 0.364144 
1.59256 0.762779 -1.70561 1.38512 -1.70736 -0.595382 -1.54007 -0.856003 2.7631 -0.848633 -0.524295 -1.33724 -0.693186 -0.00634478 0.128687 0.241665 -0.0538322 -0.0805661 0.696716 0.179394 0.0543349 0.768107 -0.195681 1.0768 -0.292119 0.332974 0.0607381 -0.0784117 0.0683676 -1.57196 0.547682 -0.438164 -0.395145 0.0479826 -3.3946 1.28845 -0.0349053 0.636617 0.821108 
1.63207 0.757642 -1.56993 0.956914 -1.61258 -0.394313 -1.14257 -1.07031 2.35278 -0.76361 -0.43834 -1.34829 -0.190433 -0.074297 0.10272 0.229296 -1.29222 0.121462 0.379662 -0.534616 -0.345848 -0.677949 -0.040605 0.0221528 0.773241 -0.100839 -0.211821 0.0683904 -0.240892 -1.24931 -0.415591 -0.266099 -1.42621 -0.596333 -0.633588 -0.359647 -1.26122 2.02137 -1.3551 
1.51826 0.865499 -1.47632 0.0929002 -1.5859 -0.21572 -2.07469 -1.20185 2.08515 -0.889238 -0.502142 -0.564002 -0.794025 -0.218166 0.197077 0.000772619 -1.30314 -0.496157 0.430617 -1.24682 -0.541998 0.134519 -0.555328 -0.184422 1.72925 -1.02212 -0.232029 0.346874 0.115842 0.35103 -0.303872 0.158505 0.85806 -0.713132 0.560292 -0.204811 0.135342 0.543641 -0.900176 
1.4139 0.954719 -1.56916 -0.346229 -2.10874 0.0363039 -2.38939 -1.61231 2.48729 -1.31894 -0.622763 0.380958 -1.21256 -0.306326 0.449594 0.345139 -0.941188 -0.18241 0.538167 0.323443 -1.05898 -0.117658 -0.245416 0.157495 1.31688 -1.00101 -0.435572 0.281131 1.72655 -0.450627 2.64899 -0.385203 3.04278 1.4974 -1.70302 0.802427 -0.167236 -2.49328 1.75058 
1.21193 1.31509 -1.13118 -0.848288 -1.76831 0.322447 -1.75125 -2.26083 1.96749 -1.13465 -0.344648 0.752879 -1.79504 -0.653738 0.478208 1.72733 -1.75377 2.15283 0.0454137 1.79597 0.955401 -1.5685 0.247099 -0.351659 -0.764028 0.728459 -0.657463 -0.715838 1.39567 1.87251 2.79132 0.426697 0.414612 3.00321 -0.464401 0.745262 -1.07494 -3.57287 1.60654 
0.760166 1.43293 0.158169 -2.1 0.044096 0.0817177 -0.59342 -0.656909 0.918794 -1.07184 -0.974422 -0.38307 -0.484098 -0.963789 -0.266244 1.74081 0.931318 2.60891 0.964864 0.738055 1.94423 -0.582058 0.499845 -0.917443 -2.25599 0.605525 -0.668853 -1.75994 -1.18078 4.04034 -1.33726 -0.121454 -1.16095 0.363633 0.452859 0.387301 0.843421 0.592178 -1.83295 
0.248145 1.04885 0.609633 0.0830295 0.840601 1.28731 -1.01319 -0.316595 1.38543 -0.634809 -1.26209 -1.50311 -1.18951 -1.32259 -1.28173 0.546551 2.28657 0.815568 -0.0760403 0.635018 1.31903 -1.11564 0.6344 0.491762 -0.17185 -1.1045 -0.131875 -1.21569 -2.18041 -1.41901 -3.17516 -2.22208 0.519332 -1.34154 -0.707113 0.17442 1.8706 3.80774 0.33642 
-0.562425 0.151194 0.70472 0.186575 0.859664 0.00567736 0.0415979 0.662124 -0.196848 -0.43744 -0.48266 -0.55492 -1.58859 -1.09566 -1.48193 -0.439596 -0.487694 -0.566249 -1.25722 1.25739 0.602693 -1.28917 0.674265 0.953162 1.55175 0.941944 1.03061 0.762007 -1.02655 -2.38623 -0.979024 0.658195 0.545932 -1.28801 1.68934 0.782021 0.988921 1.41047 3.02993 
-0.847519 -0.433085 0.170036 -0.404664 0.274352 0.0300938 0.244194 0.286098 0.096259 0.0394554 -0.308929 0.0486367 -0.247571 -0.291982 -0.519726 -0.480003 -0.0996535 -0.163456 0.582155 1.18095 0.0310256 0.573701 1.41642 1.48068 1.23862 1.92544 1.65633 2.39153 0.826988 -0.049786 0.117225 1.37001 -2.7404 -2.06491 0.569435 -0.108882 2.67211 0.279994 -1.08765 
-0.854407 -0.368532 0.224717 0.0869217 0.696207 0.587832 1.22255 0.69315 0.376854 0.978981 0.998024 0.683696 0.336842 0.560664 0.909593 0.387391 -0.53748 -0.449024 0.112793 -1.48301 -1.46222 -0.719736 0.565383 3.62528 1.83174 -0.145708 2.11802 1.77253 -0.277103 -0.787467 -1.2547 -1.95616 -3.76689 -2.30255 -1.71253 -0.988914 0.819607 -2.52806 -2.04096 
-0.286855 0.476509 0.557428 -0.942144 -0.174673 0.142886 -1.23882 -1.17612 -0.623477 0.604838 3.31635 1.88038 -0.393279 1.82604 1.25281 -0.757105 -0.887121 -1.41816 -1.37401 -2.58594 -2.27153 -1.13883 0.427506 2.30029 -1.28944 -0.115524 1.05028 -0.131008 -2.69232 1.79514 0.0453786 -2.81379 2.4323 1.12088 0.21285 1.5968 -6.21324 -4.50454 -0.0677074 
0.971635 0.884276 -0.532388 -0.800199 -0.72195 -0.786174 -1.3634 -1.57838 -0.761979 1.40649 3.29831 -0.605745 0.221318 1.61094 0.778586 -2.30493 1.25766 -0.403646 -2.701 0.949282 -0.341335 -0.506886 2.16218 -2.58796 -2.6728 -0.213416 -1.44382 -0.867528 -0.578689 2.36794 1.77551 -0.144293 3.52467 3.04979 0.85954 -0.587733 -5.61435 0.641636 0.378986 
1.32409 1.25509 -1.74751 0.315516 -0.578318 -2.55811 -0.289538 -1.51746 -1.13036 2.76702 0.728384 -0.792415 -0.606694 0.382219 0.38528 -1.33579 1.48082 0.357355 -1.5183 0.938727 0.778261 -0.279292 -0.160227 -3.31406 -0.647805 0.263462 -1.5543 -0.690705 2.35399 -1.61206 0.396118 2.83368 -1.45863 1.10837 1.41093 -4.17858 2.14398 1.86737 1.11183 
1.35385 1.26956 -1.86818 0.680618 -0.364595 -2.30447 -0.424669 -0.800116 -1.04127 1.24626 -0.015748 -1.25355 0.484779 0.0566383 0.0878804 0.0490531 -0.354397 -0.00752774 0.132678 -0.509346 0.767039 0.904046 -2.0164 -0.443984 -0.805427 0.898412 -0.290933 -0.369988 1.94881 -2.29024 -0.193124 1.55996 -1.43372 -0.658249 1.86492 0.296826 4.09821 0.622819 -0.890758 
1.38073 1.34297 -1.69845 -0.0388809 -0.585846 -2.42544 -0.798884 -0.750417 -0.226317 0.750623 0.2844 -1.59784 0.291718 0.0912858 0.0152918 0.613017 -0.809418 0.164231 0.041664 -0.494993 0.120012 1.58562 0.136599 0.784146 -0.0249865 -0.627296 -0.0725278 -0.115805 0.718822 0.6061 0.766236 0.306185 0.374918 -1.15362 0.373558 3.43409 0.679455 1.63255 -1.57771 
1.44514 1.28485 -1.25516 -0.128799 -0.200363 -2.26281 -0.919662 -0.680104 0.544352 1.38286 0.768398 -1.27854 -0.142517 -0.0158896 -0.0279244 0.767875 0.251703 0.758708 0.438863 -0.134428 -0.386576 1.2776 1.41769 0.235472 0.827123 -0.679294 -0.250891 0.227827 -0.567167 0.99963 -0.663264 0.740028 0.448979 -0.549524 -1.9791 -0.282979 -1.56214 0.991426 0.544922 
1.36484 1.31505 -0.930578 0.212822 0.172862 -1.98657 -0.933312 -1.13699 1.05129 2.16831 0.519872 -0.770719 -0.387576 -0.159605 0.243119 0.0458503 0.190213 -0.499033 0.781692 -0.0460137 -0.429512 -0.393479 -0.14638 -0.777998 0.966439 -0.0823745 0.0415852 -0.03179 -0.795851 0.531636 -2.83526 0.690988 1.53503 -0.293045 -1.41214 -2.47043 -1.42568 -0.389906 0.89073 
1.28553 1.52797 -1.20931 0.0614133 -0.699396 -1.48112 -0.965676 -1.10962 0.150873 1.23648 -0.00959993 -0.312097 -0.224891 0.0256957 -0.0597144 -0.0279759 0.783339 -2.07656 1.12985 1.40061 -0.679621 -0.134535 -1.05273 -1.19021 0.437217 0.211436 0.253685 -0.424182 0.00653061 1.45518 -0.933019 0.827703 0.901438 -0.424728 1.07869 0.076165 0.371401 -1.67233 0.926772 
1.39053 1.25534 -0.958554 0.996161 -1.90369 -0.856722 0.467295 -1.81661 0.916753 1.11558 -0.670338 -0.333502 -0.17614 0.0940798 -0.181063 0.0523809 1.64539 -1.43205 1.6094 0.855424 -0.85424 0.685209 -0.070215 -0.406596 -0.705894 0.844397 -0.129718 0.20842 -0.114897 -0.58244 2.18274 -0.296297 -1.87222 0.614315 -0.0975584 1.0416 0.626549 -0.340061 -0.0313773 
1.37961 1.3469 -1.15693 1.7068 -2.13145 0.128278 -0.110251 -1.96386 0.836082 1.16626 -0.416196 -1.01799 0.619506 -0.104022 0.148706 -0.142873 0.200899 0.106181 0.833553 -0.471614 -0.0653056 -0.232093 -0.0111315 -0.563661 0.097156 0.180059 -0.341518 0.218857 0.361896 -2.71854 2.35601 -1.85023 -0.475374 1.11386 -0.90205 -0.264199 -0.372204 2.08887 -1.63407 
1.28651 1.40404 -1.10143 1.19706 -1.79751 -0.0231685 -0.0043192 -1.88192 0.68466 1.10445 -1.234 -0.236346 0.00391893 -0.247438 0.0377944 0.414277 -1.07315 0.923961 -0.240834 0.38005 0.259616 -0.216841 -0.334414 -0.7788 1.38297 -0.789676 -0.142004 -0.174546 0.612067 -0.336294 0.396884 -1.14702 1.45713 0.176149 -0.153327 0.821202 0.0705351 -0.311755 -0.721197 
1.13218 1.3847 -0.742657 0.633657 -1.20749 -0.112556 0.269799 -1.70424 0.619242 0.83185 -1.195 0.364982 -0.17017 -0.246027 -0.0258397 0.469194 -0.135395 0.503066 -0.313468 0.985513 0.110843 -0.385421 0.810071 -0.493126 -0.214598 -0.541139 -0.0349713 -0.212188 0.0261006 1.14519 -0.296296 0.126425 -0.63928 0.0444743 -0.174451 1.12926 0.549787 -3.23014 0.925195 
1.04048 1.3782 -0.632233 1.06167 -1.29445 -0.336637 0.981194 -1.77108 0.299239 1.91452 -1.72712 -0.450944 -0.53722 -0.28241 -0.174394 0.440377 0.0720413 0.627665 -0.114409 -0.25923 0.30409 -0.391292 0.794845 -0.229013 -1.84717 0.135519 -0.172622 -0.364272 0.360759 -1.36546 0.514091 0.788389 -3.1129 1.00667 0.624167 -2.63758 0.391921 -0.324623 0.80535 
0.849766 1.2103 -0.30228 0.705698 -0.579822 -0.226965 0.0105687 -1.40015 0.227949 1.62669 -1.42401 -1.48219 -0.0346512 -0.418648 -0.390112 0.829953 -1.50086 1.01716 0.474921 -2.12738 1.11751 0.238746 -1.82751 -0.101204 -0.539221 0.264212 -0.261333 -0.175095 0.758373 -0.612556 -0.150974 0.988455 0.0476951 0.945144 0.603065 -2.18608 0.966657 3.10299 -1.33889 
0.621834 0.988091 0.19772 -0.439193 -0.27729 0.138284 -1.14619 -0.653567 0.537985 0.0870141 -1.82833 -0.990165 -0.273008 -0.543743 -0.349489 1.19875 -0.540515 0.476691 0.874046 -0.211535 1.24923 0.211772 -1.39124 0.737644 1.25582 -1.20337 0.0225787 0.487412 0.309565 2.51405 -1.43592 -0.223733 2.94516 -0.960315 -0.616262 0.198969 1.27338 0.227427 -2.70916 
0.306024 0.860815 0.896471 0.165183 -0.103131 0.647081 -0.200966 -0.150916 0.439722 0.235459 -0.686365 -0.226367 -1.23802 -0.39607 0.0973005 1.13952 1.01319 -0.418761 0.251189 0.817781 0.157194 -0.377516 -1.62854 1.17217 -0.311794 -2.44495 0.390189 0.641555 -0.597633 1.67377 -0.750265 -1.25333 0.371733 -0.923141 -0.310419 -1.20901 -0.900892 -2.52028 0.0135616 
0.225764 1.08539 1.33724 0.573995 -0.696051 0.389473 -0.328408 -0.496373 0.16047 -1.54152 -0.656158 -1.30196 -2.71795 -0.153553 0.292066 0.601117 1.13326 -0.273574 -0.379283 0.160197 0.326093 -0.0986464 -2.60024 -0.163248 -1.26446 -1.18981 0.294752 -0.0278858 -0.891109 0.0952054 1.59017 -0.409862 -0.655982 0.449745 -0.124571 1.28809 -1.30349 0.823017 3.53377 
0.15247 1.15288 1.49759 1.29844 -0.376705 0.267798 -0.0407688 0.175177 0.341075 -2.36478 -0.849614 -1.49082 -2.42783 -0.101318 0.0694147 0.248408 1.10839 1.1714 -0.158673 0.161799 0.606939 -0.502087 -0.340446 -0.13132 0.511223 1.08882 0.0630642 -0.286297 -0.586204 -1.34833 1.06053 0.518948 -0.0155413 -0.56468 -0.762811 2.71375 -0.440797 2.36651 1.47143 
0.124446 1.15481 1.58565 1.68239 0.475354 0.2308 -0.166609 0.110567 -0.341618 -1.88197 -0.787478 -0.790737 -1.62914 -0.090489 0.00576925 0.0149134 -0.215076 0.786959 0.139665 0.144656 -0.238587 -0.861457 0.113505 -0.604046 1.10205 0.281623 -0.158579 -0.4103 -0.422095 -1.23698 -0.694627 0.704987 0.888541 -0.768558 -0.320417 0.77906 -0.377618 -0.042517 -1.99061 
0.0619813 1.15865 1.5125 1.08336 0.410254 0.407464 0.103887 -0.0634102 -0.520382 -2.25128 -1.45366 -0.388772 -2.14621 -0.259896 -0.340885 -0.173687 -0.128588 0.476778 0.546314 1.05034 -0.161618 -0.822504 0.438613 -0.508938 0.468706 -0.901795 -0.179762 -0.450567 -0.161316 0.642334 -0.742728 0.380987 -0.0435353 -0.216947 1.10348 0.322028 0.981275 -1.35578 -0.577342 
-0.13545 0.813921 1.41196 1.5538 0.952132 0.777114 0.883732 -0.0510517 -1.16412 -1.44336 -1.29642 -0.322031 -2.53093 -0.270251 -0.444798 -0.146403 0.427258 0.044231 0.520653 0.101121 -0.455535 0.242019 0.435533 0.37723 -0.253725 -0.295718 -0.17902 -0.313882 -0.230937 0.359575 0.0278461 -0.713536 -1.77791 0.420861 1.75367 0.336211 0.676058 -1.0328 1.40662 
-0.20827 0.713852 1.3661 1.51062 0.454485 0.928116 0.205008 -0.518945 -0.278363 -1.81575 -1.07643 -0.642496 -2.44192 -0.438916 -0.654767 -0.404624 0.230987 0.504624 -0.167221 -0.727571 0.259243 0.931164 0.774824 0.167119 -0.564093 0.504822 -0.324974 -0.513501 -0.640458 -0.857801 0.855042 -0.358283 0.679515 1.29306 -0.814922 0.607789 -0.0975175 -0.672477 1.44769 
-0.574366 0.159154 1.00733 1.78479 1.45676 0.609893 0.15616 0.208191 -0.232957 -0.668531 -1.1293 -0.886124 -2.02611 -0.595226 -0.958299 -0.786861 -0.430543 0.899273 0.162369 0.780636 0.837523 -0.572903 1.04332 0.279712 -0.926201 1.15198 0.163202 0.0488946 -0.235905 -1.39428 -0.989329 0.398659 1.53522 -0.115636 -1.20387 -0.670032 0.467074 0.875914 1.2229 
-0.803496 -0.244447 0.579238 1.08008 1.35376 1.09049 0.985644 0.318578 -0.851265 -0.772425 -0.796717 -1.5687 -1.28995 -0.275715 -0.605873 -0.640529 -1.16329 -0.484705 0.231437 0.807653 0.143607 -0.272705 0.104792 0.634193 0.31182 1.72772 0.431735 0.61495 0.532874 -0.303188 -1.29867 -0.452036 -0.963067 -0.60861 1.57292 -0.524248 0.775534 2.9029 -0.00403099 
-0.850081 -0.446719 0.366805 0.621497 0.972051 0.84133 0.963814 0.351798 -0.505662 -0.563738 -0.495104 -0.574304 -0.298386 -0.16349 -0.343349 -0.253987 -0.733732 -0.399398 -0.289666 -0.182431 0.228913 1.00002 0.519074 1.05525 1.9767 1.14795 0.282583 0.717617 0.844646 0.870482 0.287401 -0.150158 -0.327378 0.314891 0.815452 1.1256 0.396169 0.544701 -1.47001 
-0.966986 -0.587796 0.325251 0.346345 0.95436 0.800819 0.803213 0.547491 0.148756 -0.253351 0.258529 0.408003 -0.142003 0.00686861 0.111744 0.204117 -0.292809 -0.197303 0.0812798 0.480275 0.458498 0.542747 1.23039 1.03036 0.856521 0.257708 0.241062 0.614754 0.283028 -0.415522 -0.314593 0.0974327 0.47228 -0.303214 -1.91971 0.311258 -0.553771 -1.80767 -0.488225 
-0.843212 -0.334975 0.570922 0.328688 0.774747 0.92261 1.44409 0.810296 0.0370854 0.666654 0.535258 0.282218 -0.0406781 0.0775716 0.271405 0.0290411 -1.14925 -0.713991 -0.192234 0.289848 -0.074301 -0.91969 0.830332 0.501475 0.169035 0.65972 -0.0973165 -0.331759 -0.486382 -0.0830089 0.0203673 -0.170043 -1.07009 -0.874185 -0.80858 -2.39813 -1.13759 -0.338012 0.195676 
-0.889415 -0.316391 0.354292 -0.802909 0.240369 0.608585 1.09306 0.47319 -0.770934 0.576982 0.760004 0.577039 0.517718 -0.0904479 -0.220014 -0.282265 -0.375818 -0.176936 -0.0887632 -0.589812 -0.415687 -0.265833 -1.16774 -0.107232 0.518509 0.453385 -0.0682006 -0.5107 0.0115186 2.0035 0.579903 0.211889 -0.32223 0.0568632 1.66761 -1.08566 -0.606733 -0.836411 -1.62166 
-0.93366 -0.554989 0.288658 -0.0471301 0.597811 0.833847 0.854277 0.394609 -0.228747 -0.501088 0.428026 0.800727 0.412707 0.00937099 -0.239295 0.0405597 0.854246 -0.134087 0.0196551 -0.0323817 -0.0174378 0.747918 -0.255326 -0.105258 -0.667376 -0.961936 0.129842 0.176535 0.148645 0.260877 0.0279972 -0.520678 0.43608 0.947626 0.881301 1.16899 -0.0746419 -1.32059 -0.724659 
-0.880044 -0.555686 0.394852 0.0513375 0.106281 0.62824 1.06068 0.455752 -0.0230153 0.321656 0.654746 -0.0903371 -0.444218 0.0393937 -0.0434798 -0.13362 -0.114941 -0.148939 -0.609442 -0.153732 0.531938 0.615468 0.00124821 -0.181874 -0.802083 -0.271274 -0.147224 0.223196 -0.214551 -1.49513 0.919031 0.175064 0.0606685 0.494008 -0.569351 -0.920503 -0.669893 1.28621 1.57736 
-0.894266 -0.598469 0.155038 -0.162071 0.448872 0.224405 0.700545 0.926547 0.386721 -0.49984 0.246152 -0.00135649 0.141433 -0.137853 -0.0160989 -0.173992 -0.640885 0.784944 0.194719 0.0282868 0.47657 0.178567 -1.17583 -0.775151 0.618835 0.615421 -0.0651064 0.224181 0.0768902 -0.278607 0.706325 1.54897 0.964187 -0.100039 -0.949281 -0.568408 0.423787 2.40979 1.59766 
-1.0179 -0.571785 0.220861 -0.589547 0.891225 0.822959 1.08897 0.932322 0.155552 -0.854174 -0.120405 0.528498 0.171203 -0.0257128 0.180701 -0.0567297 -0.393548 0.557386 0.93953 0.810454 0.4319 -0.333813 -0.56716 0.241913 1.60771 1.32638 0.283928 0.144041 0.27962 0.46374 -1.16008 -0.8556 -0.476483 -0.985821 -0.717937 2.77068 2.61067 -0.0408591 0.20497 
-0.919979 -0.417768 0.0983079 -0.555619 1.00626 1.16394 1.511 1.35845 0.0529081 -1.067 0.488066 1.60635 1.46781 0.146075 0.127942 0.105628 -0.177145 -0.37514 -0.660881 -0.448196 -0.509251 -0.53937 1.59485 1.83552 0.577976 0.820391 0.0671379 -0.37759 0.064094 0.695264 -1.0191 -2.12229 -1.52195 -0.906949 -0.234241 1.69079 0.900717 -2.68766 -1.87576 
-0.871821 -0.443843 0.326489 -0.766692 0.516085 0.162078 0.64077 0.423071 -0.383818 0.740675 1.71511 1.10647 0.991594 0.0414251 -0.196889 0.00736427 0.301716 -0.461713 -1.18276 -0.711495 -0.475049 -0.568054 1.12363 1.14263 -1.07996 -0.549377 -0.186285 -0.0715473 -0.170364 0.713219 1.2053 1.5597 0.759074 1.08521 0.820501 -2.80942 -3.34155 -1.95283 -1.38837 
-0.878554 -0.614657 0.105672 -0.253903 0.544545 -0.0188253 0.799505 0.883397 -0.515146 0.056631 1.6307 0.526393 0.918437 -0.0402101 0.0563947 -0.0647364 0.536074 0.830165 0.898821 0.310878 0.575957 0.281131 -1.21457 -1.50603 -1.37485 -0.56798 -0.124043 0.238666 0.128342 0.0948413 0.747799 1.85768 1.38813 0.319931 0.592251 -1.03281 -1.2275 0.956233 -0.340579 
-0.912031 -0.387448 0.261752 -0.230618 1.34625 1.0609 0.951648 0.999027 -0.102687 -0.473895 0.20908 -0.268377 0.423614 -0.0826183 0.0417768 0.135706 0.396557 0.286085 0.674914 0.676633 -0.155119 0.0241962 0.0908177 -0.0848691 -0.123724 -0.889955 0.109937 -0.196268 -0.0910068 -0.921723 -1.93867 -1.40276 -0.595065 -0.646377 0.662802 2.39312 2.33835 3.63616 1.41124 
-0.961172 -0.57288 0.241378 0.142655 0.830631 0.656089 1.47614 0.728279 -0.49095 0.147449 1.54583 0.402669 0.0284818 0.0697274 -0.139873 -0.155743 -0.385649 -1.10851 -0.503942 -0.284187 -0.0704202 0.943933 1.17855 0.832316 2.26131 0.843255 0.100833 -0.212761 -0.315633 -1.24939 -0.814224 -1.77453 -2.64462 -0.435919 -0.224778 0.217195 -0.189251 1.24694 1.25678 
-0.842304 -0.527321 0.106009 -0.616267 0.237743 0.556957 0.667462 0.928607 0.841246 0.704653 1.0414 1.99293 1.26687 0.0182147 -0.170984 -0.179927 -0.852831 -0.528138 -1.09961 -1.96799 -0.591038 -0.200582 0.308013 -0.27412 1.12322 0.366825 -0.298517 -0.140333 0.140159 0.168004 1.06436 0.435506 -0.174373 -0.257328 -2.73466 -2.70537 -2.55491 -3.68014 -1.6312 
-0.942958 -0.743864 0.0614513 -0.710176 0.302493 -0.443523 -0.491851 0.137241 -0.691532 0.455462 1.27171 1.52589 0.395307 -0.22879 -0.280206 -0.0155847 -0.217646 -0.0441417 -0.0684357 -0.458559 -0.327748 -1.79072 -1.52682 -1.72259 -1.41883 -0.787943 -0.0537047 0.280802 0.719703 1.32458 0.568468 2.94456 3.28129 1.1943 0.302898 -1.67321 0.266907 -1.61751 0.024978 
-1.07109 -0.807527 0.0904242 -0.833913 0.193601 0.488522 0.208902 0.600859 -0.949477 -0.822167 -0.681195 0.574106 0.478926 -0.0354899 0.109819 0.539776 0.471744 0.0403294 1.84495 1.3133 0.603264 0.102317 -1.3652 -0.00721272 -0.494296 0.391803 0.378013 0.398875 0.0720246 0.376358 -0.289449 0.00733682 0.659931 -0.073018 1.50501 2.31225 4.06851 1.3581 1.30049 
-0.978447 -0.634045 0.601228 -0.238433 0.342822 1.40143 0.821446 0.740505 -0.589215 -0.909739 1.26449 1.03159 0.78711 0.149223 0.118668 0.0564399 0.158712 -0.33359 -0.0610988 0.201371 -0.400766 -0.28571 0.785428 2.34592 -0.060729 0.512543 0.00614798 -0.139539 -0.625873 -0.0456903 0.556369 -2.1106 -1.11336 -0.689452 0.140186 1.62391 -0.492384 -0.560521 -0.618624 
-0.921871 -0.688859 0.146864 -0.675201 -0.139989 0.427423 0.410273 0.200093 -1.23519 -0.0367393 1.66472 0.513377 0.99147 -0.0293419 -0.0297199 -0.0860972 0.426053 0.596699 -0.265649 0.199936 -0.0861883 0.242503 0.258712 -0.499597 -1.05482 -0.226821 -0.305418 -0.201472 0.388928 0.333338 0.322877 0.128886 0.0009251 0.646914 0.954571 -1.27718 -2.26615 0.366881 -1.09415 
-1.00779 -0.663765 0.51513 0.187621 0.939521 1.13578 1.02138 0.654316 -0.346712 -0.651026 0.764897 -0.0232261 0.560289 -0.156195 -0.0828037 0.445368 0.49205 -0.0107137 0.0677874 0.202296 0.246148 0.668862 -0.491752 0.0797657 0.306152 -0.58161 -0.0554497 0.0489439 -0.0330635 -0.593146 -1.17077 -0.90637 -0.708123 -0.696167 -0.927743 -0.799452 0.604275 1.95857 -0.866145 