0 0 0 0 0 0 0 0 0 0 0 0 0 0 0 0 0 0 0 0 0 0 0 0 0 0 0 0 0 0 0 0 0 0 0 0 0 0 0 
0 0 0 0 0 0 0 0 0 0 0 0 0 0 0 0 0 0 0 0 0 0 0 0 0 0 0 0 0 0 0 0 0 0 0 0 0 0 0 
0 0 0 0 0 0 0 0 0 0 0 0 0 0 0 0 0 0 0 0 0 0 0 0 0 0 -1.03592 -0.473273 0.152618 -0.847413 1.14216 0.59574 1.02395 0.481739 1.15332 -0.897553 -2.81547 -1.97241 0.880952 
0 0 0 0 0 0 0 0 0 0 0 0 0 -1.03592 -0.473273 0.152618 -0.847413 1.14216 0.59574 1.02395 0.481739 1.15332 -0.897553 -2.81547 -1.97241 0.880952 -0.177556 -0.00224989 -0.0812426 -0.991313 0.348501 0.278686 0.628784 0.158152 0.0333136 -0.998837 -1.55566 -1.40934 -0.977142 
-1.03592 -0.473273 0.152618 -0.847413 1.14216 0.59574 1.02395 0.481739 1.15332 -0.897553 -2.81547 -1.97241 0.880952 -0.177556 -0.00224989 -0.0812426 -0.991313 0.348501 0.278686 0.628784 0.158152 0.0333136 -0.998837 -1.55566 -1.40934 -0.977142 1.97837 1.38369 0.169611 0.847886 -1.77018 -0.510269 -0.244297 0.181698 -2.82807 0.381028 5.90479 2.60971 -2.30358 
-0.177556 -0.00224989 -0.0812426 -0.991313 0.348501 0.278686 0.628784 0.158152 0.0333136 -0.998837 -1.55566 -1.40934 -0.977142 0.942451 0.910418 0.322229 0.0004728 -0.628013 0.0854704 0.779653 0.663437 -1.67475 -0.516524 3.08933 0.637307 -1.42263 0.318521 0.295279 0.594482 1.35357 0.610921 0.260889 -0.252849 0.85762 0.0254025 2.2625 3.04745 2.07521 3.06173 
-0.0934654 0.437145 0.474847 -0.846941 0.514149 0.68121 1.8036 1.14518 -0.521435 -1.41408 0.273859 -1.3351 -0.541673 0.140965 0.293029 0.51324 0.362256 0.959421 0.539575 0.375935 1.01577 0.0587162 1.26366 1.49179 0.665874 2.08459 -0.865428 -0.96086 -0.909387 -0.181903 0.668847 0.0548697 -1.6289 -0.746311 1.97142 1.92305 -2.61676 0.219494 1.75646 
-0.0365914 0.290779 0.431997 -0.629057 1.30792 0.81826 1.00472 1.17392 0.0920298 0.264824 -0.063876 -0.743465 1.10745 0.0770235 -0.0504415 -0.587158 -0.18143 0.040834 0.14034 -0.849244 -0.0828736 0.296673 1.40652 0.472569 0.856802 0.333838 -0.224249 -0.413575 -0.962118 -0.492662 -1.51436 -0.431577 -0.248009 -0.570496 1.18288 -0.440683 -0.657326 -0.429009 -4.16398 
-0.0164418 0.386704 -0.112311 -1.02837 0.554983 0.82155 0.954359 1.0623 -0.224762 -0.00755399 0.746429 -0.478296 -0.207835 -0.0832842 -0.120546 -0.448878 -0.130406 -0.554939 0.107998 0.127926 0.445277 1.2416 0.822978 0.834463 0.236865 -2.07939 -0.249281 -0.486248 0.716439 0.274052 -0.0663148 -0.192421 1.20987 0.540452 1.08623 0.692503 -0.0274921 -0.20466 1.44088 
-0.119876 0.170233 -0.0168809 -0.759463 0.752983 0.926258 1.13265 1.6192 1.33363 1.0878 0.770587 -0.506601 -0.971945 -0.172257 -0.53669 0.129281 0.0926222 -0.0254808 -0.0520808 0.360629 0.457579 1.3829 2.09903 0.445077 0.652142 1.77472 0.0407663 -0.244938 1.16006 0.447969 1.02118 0.168122 0.419506 -0.706885 -2.27295 -1.80316 -0.805489 -0.254445 3.35059 
-0.188699 -0.149986 0.0169696 -0.935749 0.529503 0.769469 1.31499 1.51988 1.15814 2.09147 1.19151 0.173846 1.56688 -0.0425179 -0.365484 0.711179 0.317563 0.466244 0.27612 0.547432 -0.261609 -1.03135 -0.980183 0.0289735 -0.0175801 1.2712 0.310313 0.692658 -0.148363 0.107428 1.00219 0.430331 0.607582 -0.65309 -1.95173 -1.87905 -0.832233 -1.56775 -4.23342 
-0.162394 -0.195251 0.694299 -0.4419 1.21923 1.20238 1.68008 1.35759 0.302277 0.107619 0.79956 -0.524181 0.299252 0.138056 0.155969 -0.0190824 0.20005 0.97671 0.37825 0.968211 -0.195511 -0.568822 0.21998 -0.387155 -0.91561 -2.4587 0.294089 1.00611 -0.886252 -0.508624 -0.690507 -0.325906 -1.04748 -0.557752 0.603064 0.325799 -0.50227 -0.0753407 0.765505 
-0.0506428 0.00598281 -0.00211278 -0.735698 1.50621 1.14772 2.2832 1.32437 0.58932 2.31145 0.804351 -0.741764 -0.891822 0.251571 0.640631 -0.175072 -0.191061 -0.224262 -0.0497863 -0.500043 -0.819361 -0.428287 -0.654384 -0.473296 -0.0929208 2.0367 -0.17432 0.00459777 0.331635 -0.454501 -1.8564 -0.760887 -2.39288 -0.350549 -0.199784 -3.30651 -1.33956 1.38465 4.17873 
0.0891777 0.44538 0.519226 -0.632962 0.994965 1.15259 1.18003 0.538231 -0.12601 -0.546766 0.326264 -0.617101 2.33595 -0.0362636 0.160566 0.312553 -0.25445 -0.879691 -0.382636 -1.42467 -0.54606 -0.768606 -3.08653 -1.72671 0.469044 1.72003 -0.590983 -1.56803 -0.624475 -0.506998 -0.455516 -0.694622 -1.15407 -0.380136 -1.17485 -0.736424 -1.5036 -0.588494 -6.46074 
-0.0869064 0.166549 0.31044 -0.990149 0.626521 0.765083 0.858533 0.778309 -0.179285 -0.775076 -0.922361 -0.27272 0.828205 -0.339411 -0.927402 -0.799547 -0.698059 -0.679779 -0.744408 -1.65411 -1.1995 -1.60314 -1.39081 -1.9769 -0.681415 -4.42404 -0.0290992 -0.414422 -1.06453 0.365759 1.01708 0.217338 1.16866 0.712935 0.761719 2.34098 1.33715 -1.18101 -2.33213 
-0.250234 -0.482023 -0.280321 -1.33102 0.315186 0.408183 -0.474076 -0.661266 -1.72915 -1.93757 -1.65063 -1.29852 -2.08809 -0.0653628 -0.253855 -0.751976 0.111308 0.137394 -0.165298 -0.256002 0.166875 -0.00688692 -0.745547 -0.38956 -0.71197 -0.612101 0.426142 1.52654 1.26429 1.02125 1.04856 0.943977 2.70984 2.88554 4.00675 2.99528 2.5584 1.05111 4.56133 
-0.152269 -0.0873063 -0.441536 -0.878841 0.763915 0.599785 0.602531 0.945185 -0.186172 -1.52062 -1.31192 -0.984689 0.216104 0.0867309 0.599141 0.464739 0.323187 0.368778 0.199569 1.05573 1.68604 2.40361 1.60447 0.581502 0.36969 0.137295 0.0876124 0.743652 1.39775 0.0422554 -0.0364829 0.354265 0.74254 0.0822297 0.57748 2.81057 2.60122 0.904684 0.196183 
-0.163503 0.117119 0.184418 -1.00783 0.683964 0.607752 0.581654 1.02478 0.674461 -0.333105 -1.06913 -0.928827 -1.95079 0.0222496 0.489796 0.64577 0.153564 0.100911 0.188966 0.486539 0.249105 0.570593 2.06503 2.21166 0.192715 -0.415918 -0.0650042 -0.62358 -0.566816 0.176675 0.268983 0.0197783 -0.876979 -1.08402 -1.70033 -1.55716 0.0633761 -0.220948 1.64579 
-0.13002 0.40249 0.204235 -0.725277 0.864825 0.788751 1.08907 1.19429 0.384421 0.544406 0.899735 -0.791974 -0.199813 0.0217267 -0.0244386 -0.102078 0.499862 0.637761 0.219347 0.178752 0.602018 0.703276 0.0473064 0.644878 0.148742 1.78308 -0.144181 -1.29869 -1.12866 -0.59472 -0.256551 -0.174008 -0.700871 -0.393956 -0.348522 -1.99711 -3.48482 0.144743 0.798468 
-0.141776 0.0926802 0.0823401 -0.507971 1.32173 0.827099 0.760406 1.6268 1.37774 -0.285799 -0.424252 -0.780085 -0.167711 -0.121931 -0.808895 -0.482892 -0.441157 -0.155641 0.0149581 -0.214332 -0.144851 0.22207 0.0679158 -1.27316 0.337458 0.38255 0.0867347 -0.433308 -0.612406 -0.857342 -1.51368 -0.539237 0.844707 -0.539978 -0.87461 1.21551 -0.908218 0.772321 -3.04037 
-0.251951 -0.406405 -0.278657 -1.16643 0.709185 0.803709 0.874737 1.04944 0.606491 0.612322 -0.373424 -0.454516 0.182737 0.108461 -0.457747 -0.714484 -0.357479 -0.87592 -0.31989 1.02346 0.0620404 -0.171335 1.26282 -0.26334 0.921063 -1.25729 1.45467 1.54788 -0.082251 2.26618 -0.772909 -1.31651 -1.45357 -0.492614 0.507281 0.664216 -0.0184414 0.527303 -0.527828 
-0.0333148 -0.365067 -0.632144 -0.86545 0.445805 0.507208 1.78386 1.68884 1.2064 0.97702 -0.687592 0.140978 -1.425 1.33274 0.738986 -0.565143 1.82502 -0.92855 -1.30156 -1.6679 -0.637465 0.729352 0.732132 -1.2916 0.864761 -0.145277 1.54096 1.3643 -0.400058 1.88638 -0.676637 -1.33954 -3.88152 -2.50743 0.344065 -2.54616 -1.24015 -0.235271 3.65323 
1.08079 0.332581 -0.8438 0.65859 -0.219365 -0.497847 -0.793161 0.411973 1.33584 1.34445 -1.66502 0.410245 0.0374597 1.64942 0.906557 -1.11454 1.52891 -1.55256 -1.65943 -2.85806 -2.44539 0.172731 -1.28334 -1.50349 0.685792 2.39594 -0.700325 -0.636756 -0.942981 -1.79087 -0.233198 0.711755 1.24754 -0.363049 -0.753098 -1.82138 1.10993 -0.403368 -1.65473 
1.6161 0.54149 -1.74669 0.663455 -1.10675 -1.15223 -1.07419 -0.756554 1.37913 -0.306323 -2.19108 0.82677 0.970939 0.632415 0.10223 -1.50812 0.0341559 -1.16175 -0.589801 -0.420357 -1.00051 -0.0237462 -1.08925 -0.181666 0.461393 -1.80001 -1.44729 -1.01811 0.568682 -1.24724 1.47155 1.69168 2.71976 2.53596 -0.279209 1.63023 2.54687 -0.43002 -3.3833 
1.7132 0.434812 -2.35192 0.692746 -1.38111 -1.08765 -1.21352 -0.588541 1.3121 0.255205 -1.84669 0.871637 -1.76255 0.202131 -0.111557 -0.54586 0.28167 -0.0810057 0.0322438 -0.138298 0.0905715 -0.106478 0.346883 1.04338 0.255772 -0.987358 -0.463268 -0.0402092 1.45052 0.0879278 0.877542 0.246595 0.755209 1.40437 -0.0281841 1.00981 0.745132 0.525146 4.182 
1.81823 0.429933 -2.29255 0.945125 -1.18776 -1.11998 -1.21249 -0.665983 1.27265 0.0405594 -1.1477 1.08254 -0.0164183 0.169146 0.0620211 -0.0576075 0.122084 -0.284206 -0.343206 0.334851 0.403851 -0.0519303 -0.0794414 0.563466 0.986538 2.38199 -0.0411858 0.261299 0.601502 -0.328469 -0.434323 -0.334661 0.181481 0.441039 -0.25946 -0.121308 -1.33039 0.237134 1.04618 
1.88235 0.496833 -2.40953 0.81483 -1.66532 -1.43085 -0.878667 -0.184689 1.26017 0.175764 -1.28322 1.85818 0.619437 0.160946 0.149742 0.055642 -0.0467998 -0.515329 -0.302417 0.0431826 0.53161 -0.365938 0.225575 -0.287009 0.492906 0.0588271 0.0255878 0.148756 0.472613 0.191276 0.281993 0.450394 -0.507265 -0.217918 -0.305997 0.419539 0.922339 -0.943651 -1.61079 
1.97918 0.579675 -2.2369 0.898325 -1.70309 -1.4224 -1.16931 -0.134372 0.906715 0.266135 -1.43471 1.57545 0.0424087 0.194734 0.210777 0.415006 0.31336 -0.00221372 0.107188 -0.172414 0.185933 -0.357927 0.340097 1.4858 0.0428875 0.771199 -0.0653063 0.00525782 0.532507 0.439967 0.537615 0.106504 -0.73079 -0.307937 -0.263003 -0.328798 1.90951 -0.767593 -0.14548 
2.07708 0.70761 -1.99452 1.12819 -1.66753 -1.32367 -1.05108 0.00124362 0.902239 0.515861 0.20258 1.90106 1.39064 0.0956392 0.155 0.588149 0.393167 0.0222866 -0.195913 -0.687607 0.223674 -0.628941 -0.103223 1.6225 -0.274687 -0.0866534 -0.270909 -0.471777 -0.0711561 -0.211077 -0.189278 -0.655383 -0.208529 -0.461148 -0.441169 -1.0903 -1.27302 -0.192992 -1.9979 
2.07482 0.734675 -1.64876 1.29149 -1.6808 -1.61831 -1.85692 0.0893011 0.277774 0.162912 0.187796 1.30076 -0.0442447 -0.076175 -0.261 0.34385 0.102283 -0.191491 -0.548195 -0.380943 -0.275215 -0.799096 -0.750202 0.212786 -0.150105 -1.2267 -0.171457 -0.43596 -0.490592 -0.354613 0.193608 0.00225052 0.961117 -0.952138 0.721298 -0.199561 -0.670713 0.780595 -0.365448 
2.00091 0.44661 -1.65068 1.23047 -1.85902 -1.87186 -1.43202 -0.273971 0.103143 -0.23434 0.415366 1.75096 0.163933 -0.0758177 -0.28096 0.097557 0.0385537 0.215895 -0.193662 0.27351 -0.728464 0.0923571 -0.302783 0.951791 0.505908 -0.452101 0.0291741 0.187717 -0.25688 0.019329 0.464544 0.739397 0.177696 -0.139888 1.06099 0.37515 -0.138808 0.327542 1.01915 
1.999 0.453715 -1.5512 1.33005 -1.46491 -1.81197 -1.58341 -0.639163 0.370132 -0.139871 1.13959 1.80667 -0.496346 -0.0470009 -0.0732831 0.0869701 0.121612 0.273053 0.191202 -0.203248 -0.415103 0.261897 -0.375052 0.0739781 0.177437 -0.207553 -0.0453484 0.420485 -0.270401 0.134674 -0.37644 0.499189 -0.113174 0.0740839 -0.237924 0.139209 -1.13029 -0.806722 0.712235 
1.95391 0.373327 -1.56371 1.35208 -1.58597 -1.68066 -1.63527 -0.689073 0.36504 -0.609393 0.489344 1.9284 -0.0436198 -0.121166 0.139525 -0.172844 0.173228 -0.160545 0.305527 0.160335 -0.65438 -0.145567 -0.163575 -0.178501 -0.300814 0.260134 -0.0767424 0.134206 -0.280348 0.108859 -0.497978 -0.268185 0.44213 -0.424813 -0.685818 -0.45957 -0.746404 -1.5889 -0.313983 
1.87783 0.593239 -1.72404 1.50327 -1.62545 -1.50645 -1.42307 -1.29354 0.224564 -0.303446 0.961085 1.50585 -0.236212 -0.123743 0.0609227 -0.193378 0.23047 -0.224925 -0.0769835 0.238882 -0.839915 -0.42392 -0.834622 -0.672426 -1.41146 -0.521536 0.107589 -0.232019 0.363633 -0.0411151 0.31437 -0.163401 0.709698 0.712046 -0.706553 0.298779 0.0646459 0.0283678 0.520282 
1.83016 0.434249 -1.75708 1.58255 -1.8109 -1.75764 -1.39639 -1.52899 -0.0588799 -1.44401 -0.183082 0.516935 -0.565156 -0.0135773 -0.0924943 0.190789 0.132113 0.153826 0.142126 0.870034 0.0576663 -0.85212 0.135205 -0.113856 -0.272446 0.780416 0.022553 -0.355074 0.414523 -0.273637 0.34113 0.404639 -0.307841 1.32122 0.276331 3.35292 0.958621 1.71387 0.531702 
1.86426 0.500745 -1.53325 1.63539 -1.47162 -1.36432 -0.553038 -1.23588 -0.627556 -0.168241 0.84723 1.23341 0.544204 -0.10119 -0.294151 0.221145 -0.0431665 0.116205 0.327655 -0.0689586 0.481301 -0.147589 2.51829 0.286195 0.30241 0.0101658 -0.227126 -0.262679 -0.420946 -0.193019 -0.529566 -0.316107 -0.990216 -0.329045 0.912313 -0.714614 -0.0921011 0.438583 -2.45203 
1.72897 0.140098 -1.53594 1.53939 -1.69469 -1.42999 -1.46535 -1.04769 -0.206469 1.07428 0.103113 0.819344 -0.55499 -0.240704 -0.355173 -0.230157 -0.0609059 -0.375741 -0.173981 -0.120182 -0.271378 0.060193 -0.579409 -0.205957 0.166137 -1.67162 -0.167687 0.171021 -0.391135 0.301293 -0.452634 -0.689713 -0.635115 -1.73306 -0.701424 -3.72948 -0.277299 -0.427967 -1.72467 
1.62355 0.145572 -1.76341 1.57448 -1.84737 -1.5383 -0.67322 -1.50726 -0.567363 -0.74765 0.641273 1.39954 -1.12742 -0.268878 -0.12313 -0.16999 0.258127 -0.336429 -0.362058 -0.704073 -1.25176 -0.849013 -1.21118 0.0088957 -0.125558 -1.7145 0.105872 0.226157 1.21338 0.478546 0.801433 -0.0532317 -0.211361 0.0718555 0.312804 2.02495 0.419627 -0.390609 3.01732 
1.4601 0.0169683 -1.70593 1.79752 -2.03112 -1.79205 -2.16942 -2.29945 -1.05548 -0.136904 0.112009 0.693786 -2.26949 -0.134832 -0.129017 0.983221 0.41764 0.425692 -0.227213 -0.331543 -0.199523 0.372997 1.44554 0.213671 -0.224473 1.3457 0.254943 0.57946 1.17702 0.000129914 1.28263 1.01478 2.80096 2.10955 0.849306 1.6186 0.456744 1.08944 5.70829 
1.48872 0.0165548 -0.780189 1.99212 -1.42167 -1.76551 -1.00476 -1.70678 -0.194365 0.697888 0.854944 1.17507 0.218286 -0.0139346 0.45633 1.00703 0.258257 0.946205 0.652721 2.09689 0.857788 0.000292688 0.407419 0.46564 0.96388 3.99379 0.025504 0.555345 -0.812723 -0.983971 -0.0701608 0.747036 1.4537 0.545183 -1.46707 -0.918291 0.959853 0.63926 -0.607929 
1.44616 0.473298 -0.698902 2.05577 -1.08492 -1.13932 -0.072532 -1.44166 -1.05519 0.270515 0.577649 1.65767 1.7243 -0.109328 0.426328 0.170497 -0.566331 0.355531 0.519824 1.12216 0.34566 -1.09407 0.527248 1.17352 0.414787 0.737772 -0.147501 -0.322682 -0.599287 -0.480504 -0.865433 -0.65298 -2.51538 -0.778994 -0.205795 0.379327 1.34702 -1.34689 -5.01326 
1.37939 0.442883 -0.609692 1.42579 -1.06614 -1.24569 0.117395 -1.36112 -1.28843 1.22514 2.02847 1.58986 0.956058 -0.161435 0.133648 0.407738 -0.222248 0.0807721 -0.000258529 -0.41849 0.0787943 -0.205502 0.786747 1.81266 -0.38301 -1.01947 -0.116012 -0.226023 0.14992 0.366031 -0.487129 -0.735987 -1.48757 -0.647593 1.55889 -0.711936 -2.4506 -0.660231 -1.91234 
1.28473 0.606946 -0.291164 1.83352 -1.00414 -1.13958 -0.491022 -1.36287 -1.26069 1.05726 2.39031 1.27466 0.704822 -0.22534 0.200305 0.320418 -0.2003 -0.131598 -0.216163 -0.365409 -0.301933 0.464823 -0.184688 -1.27707 -0.245444 -1.17456 0.0206808 0.0862965 0.0404119 -0.542458 -0.137724 0.285249 0.774038 0.210647 0.216156 -1.15272 -2.38268 0.281457 0.575259 
1.15405 0.643188 -0.289274 1.22549 -1.19774 -1.46185 -0.248014 -1.66305 -0.823611 1.04045 0.751396 1.34442 -0.218506 -0.140755 0.219945 0.44815 -0.764706 -0.0569516 0.284991 0.355548 0.289441 0.0106541 -0.365971 -0.570022 -0.101552 -0.444215 0.125268 0.0552954 0.283745 0.109529 0.342358 0.730547 -0.539353 0.788349 -1.17709 0.987474 1.07864 -0.14955 2.40851 
1.14397 0.826891 0.156986 1.06882 -1.0611 -0.854592 -0.135474 -1.07343 -1.25004 0.69129 1.82028 1.1731 0.260607 -0.100072 0.255601 0.604162 -0.0907712 0.21076 0.514384 -0.904762 0.486417 -0.712264 0.802785 -0.198428 -0.394994 1.23395 -0.0755315 0.0717739 0.1644 0.776513 0.0802923 -0.28697 -1.25766 -0.225649 -0.674429 0.979826 -0.0121524 -0.49068 -0.0269166 
1.05398 0.898789 0.314888 1.13472 -0.98698 -0.94747 -1.15278 -1.17663 -1.53587 1.84323 0.552968 0.949422 1.01544 -0.216286 0.291718 0.61255 0.0118076 0.0233407 -0.00197904 -0.902114 0.063792 -0.663775 0.613855 -0.582175 -0.592232 -0.471132 -0.0901306 0.0787944 -0.373209 0.184758 0.476394 -0.329317 0.735872 -0.403076 0.603772 -2.13788 1.31207 -0.398609 -2.36731 
0.927686 1.11861 0.769536 1.08063 -1.03775 -0.856571 -1.03759 -1.00963 -1.91381 1.30514 1.23811 0.580873 -0.210525 -0.190202 0.334395 0.230954 0.0939864 0.687155 0.185067 -0.16889 0.0833407 -0.108493 -1.3351 1.11364 -0.793603 -1.13336 0.049094 -0.314625 -0.413327 -0.104791 0.72626 0.259475 1.53223 -0.456977 0.681639 -1.02485 -0.54361 -0.241324 1.197 
0.863781 1.23318 0.545842 1.22871 -0.299826 -0.762403 -1.32167 -1.09329 -1.64437 0.508137 1.66661 0.155819 -0.117918 -0.167192 -0.0229066 0.199223 -0.0929832 0.749601 0.257495 0.630114 -0.393185 0.0178643 -0.410996 -1.12578 -0.833556 0.725872 0.0711056 -0.622097 -0.299327 -0.88022 -0.311103 -0.0142068 1.61719 -0.329069 -0.558816 0.539445 -3.75104 0.0699848 -0.906673 
0.760493 1.0957 0.96876 0.987643 -0.288154 -0.599075 -0.407474 -1.40282 -1.89595 0.894148 0.112324 -0.252683 0.515347 -0.119097 -0.287702 -0.068373 -0.786234 0.376052 0.17086 1.4483 -0.245729 -0.667308 -0.795651 -2.63739 -0.723618 -2.04003 0.0325059 -0.398259 -0.903072 -0.408274 -0.330895 0.216319 0.347039 0.913883 -0.867712 -2.16443 0.354854 -0.203884 -1.68452 
0.744684 0.945482 0.477469 0.442471 0.0762262 -0.591543 0.126636 -1.33902 -2.31168 -0.287515 -0.970784 -0.5678 -2.15795 -0.134686 -0.421166 -0.703849 -0.501257 0.418706 0.473815 0.977153 0.520698 -0.849848 -2.57543 -0.77093 -1.03744 -0.958648 -0.057084 -0.0663351 0.0169125 0.536872 -0.312987 0.231871 -1.91325 1.61806 0.692015 0.0532727 3.03989 -0.0060331 3.39124 
0.625807 0.674537 0.26491 0.486386 0.130552 -0.125261 0.569678 -0.882121 -2.7458 -1.68128 -0.658606 -1.29012 -0.4433 -0.176181 -0.354037 -0.0514605 -0.249362 0.0630651 0.40273 -0.464952 1.37233 0.0247071 -0.742379 0.402495 -0.729651 1.3512 -0.00833591 0.656791 1.1486 0.143639 0.117251 -0.110562 -2.01498 -0.344313 1.63214 4.02135 1.34296 0.803463 8.51608e-005 
0.568504 0.591445 0.426008 0.19311 0.139291 -0.188813 -0.338315 0.0333113 -2.28697 -1.02989 -0.568289 -1.29745 -0.806747 -0.143022 0.235625 0.444755 -0.357618 0.535957 0.363253 -1.03783 0.176385 0.782297 1.44593 0.572027 -0.233976 -0.958562 -0.166559 0.823925 0.6038 0.221416 0.376454 0.247784 1.01034 -2.18413 0.56661 0.0645387 -0.706287 1.58545 -1.02405 
0.482785 0.910161 0.709665 0.128768 0.666509 0.237992 -0.468148 -0.705736 -1.9635 -0.235348 -0.0865794 -1.5241 -1.40186 -0.342739 0.469888 0.55234 -0.0279458 0.439519 0.650515 0.545385 -0.811792 0.591317 -0.67784 -0.303792 0.855798 0.327154 -0.221767 -0.641555 -0.00062645 0.37672 -0.821026 0.0640194 1.96892 0.282627 0.643393 -2.59484 -1.1055 1.78148 1.72007 
0.225764 1.06133 0.978348 0.165164 0.57881 0.461702 0.20707 -0.778481 -1.69565 -1.70773 -0.87208 -0.441653 -0.479593 -0.364789 -0.405931 0.444128 0.0191016 -0.285069 0.427272 0.931095 0.459012 1.42569 -1.14891 -0.533473 1.54751 0.761507 0.281256 -0.994151 -0.710295 -0.447589 -0.527077 -0.477827 -1.05311 1.26642 0.654568 1.19277 -0.00362875 -0.375394 -0.937134 
0.117996 0.504231 1.15379 0.147869 0.38144 0.665264 0.462947 -0.246724 -0.537809 -1.38426 -0.620052 0.0234073 -0.640356 -0.0614833 -0.524262 -0.157955 -0.475535 -0.0875587 0.172687 -0.507729 0.454633 1.24589 0.514931 -0.30742 0.480403 -0.60998 0.184187 0.0700001 -1.22082 -0.884522 0.461152 -0.506664 -1.80798 -0.412664 -1.53928 1.66231 1.64283 -1.78208 -2.05271 
0.164281 0.537071 0.820393 -0.310371 0.491251 0.634389 -0.30066 -0.323848 -0.449766 -1.1928 -1.1795 0.03875 -1.08957 -0.180602 -0.33593 -0.77669 -0.865421 0.176083 -0.0793916 -0.876884 0.0463483 -0.113591 0.513398 1.10936 -0.234573 -1.2912 -0.128216 0.337542 -0.0145782 0.0360161 0.570395 -0.0684443 2.33908 1.34904 -0.688417 1.95155 2.40551 -0.239952 3.30129 
-0.0626063 0.1683 0.377103 -0.717551 0.557523 0.585872 -0.413936 -0.200375 -0.6514 -0.870857 0.489309 -0.211166 -1.93156 -0.1897 -0.18672 -0.172533 -0.439519 0.482837 0.104243 1.83135 1.80367 0.557468 2.46648 2.09809 0.240452 2.69131 0.107498 0.57191 0.652924 0.853812 0.234022 0.039135 2.05587 1.38769 1.70868 1.77337 -0.73825 -0.154799 5.20619 
-0.0254187 0.350351 0.64786 -0.749891 0.974088 0.738632 1.53069 1.47983 0.107702 1.27368 0.918584 0.279202 1.60174 -0.073104 0.23598 -0.123766 -0.0116085 0.410105 -0.0402566 1.17899 1.43404 1.59509 2.28676 0.371112 -0.389372 3.91499 0.0986227 0.0542998 0.00747446 0.237093 -0.641362 0.0211943 -2.08741 -2.25215 -0.830059 -3.5504 -2.19871 -1.69487 -4.16788 
-0.13571 0.40428 0.253337 -0.72916 0.967628 0.545616 0.765054 1.23366 0.943689 1.41591 0.860421 -0.600539 1.98343 -0.0910769 -0.13242 -0.165059 -0.202426 -0.158525 0.125437 -0.256059 -0.448474 -0.272591 -1.08392 -0.100621 -1.45442 -1.47657 -0.0280235 -1.0565 -0.162637 -0.0195838 -0.681502 0.123414 -1.57861 -2.11966 -2.22536 -3.95277 -1.13332 -0.0709224 -6.57844 
-0.116496 0.217931 0.482801 -0.952317 0.815563 0.86407 1.27463 1.03135 -0.164889 0.189755 0.817963 -1.17522 0.125169 -0.101128 -0.820522 -0.286403 -0.0311923 -0.271397 0.0831571 -0.399621 -0.685625 -0.630273 -1.666 -0.762203 -0.460295 -2.66345 0.085381 -0.0108598 -0.296568 0.410034 0.68278 0.217175 -0.122387 0.2288 0.931544 0.308535 -1.15779 2.19383 2.58044 
-0.236838 -0.416242 -0.0330657 -0.760352 0.696232 0.628773 0.365432 0.548037 0.313416 -0.250098 0.0982175 -1.06083 -0.680024 -0.00569583 -0.14328 -0.461626 0.207608 0.524255 0.342612 -0.378446 -0.219674 0.658953 -0.775386 -1.25841 0.739409 1.10387 0.330674 1.44549 0.620435 0.35198 0.534327 0.326692 0.573602 1.45436 -0.300144 1.60897 1.55018 0.0181503 3.93289 
-0.122191 0.0746513 0.0211745 -0.744709 1.33982 1.20668 0.896187 0.811677 0.494064 -0.585632 -0.440445 -0.435812 1.22904 0.229546 0.624972 0.334032 0.320788 0.262931 0.40985 0.173981 0.768736 -0.930417 -0.0570341 0.787978 -0.442144 1.26943 0.0594505 0.372051 1.13216 -0.0751152 -1.0196 -0.715269 0.894971 0.863043 -1.47654 1.80074 1.70811 -1.87093 -0.602951 
-0.00729168 0.20873 0.300967 -0.439564 0.959162 1.03862 0.539413 1.31677 -0.617 -0.307132 0.886195 -1.50298 0.58941 0.0537547 0.228771 0.670535 0.132492 -0.495344 -0.372657 0.516525 0.643369 -0.81759 1.02535 0.449699 -1.13152 0.500923 -0.350293 -0.930745 -0.526374 -0.70266 -0.337257 -0.517443 0.436213 -1.42786 2.37275 0.982493 -0.98937 1.49049 -0.454149 
-0.0684367 0.303422 0.69171 -0.612217 0.844474 0.834025 1.41271 1.45505 -0.323525 0.439721 0.00925368 -1.56733 1.72997 -0.120747 -0.305773 -0.192342 -0.381872 -0.0743261 -0.107594 0.610194 -0.659129 1.44234 0.925459 -0.201392 1.04835 0.815285 -0.32798 -1.21404 -1.38093 -0.595384 0.128836 0.272872 -1.07308 -1.69642 0.387753 -2.61348 -0.755664 1.96735 -1.63501 
-0.128039 -0.097043 0.108625 -0.821436 0.884836 0.931028 1.14961 0.657644 0.825338 0.618327 0.684803 -0.454631 1.40469 -0.274225 -0.985272 -0.710398 -0.462891 -0.366509 -0.0997848 -0.556553 -1.05305 -0.429837 -1.58812 -0.305966 0.835835 -1.13408 0.150514 -0.183751 0.0870275 0.047167 -0.417819 -0.0925247 -1.15218 0.157353 -2.16209 -1.42505 -1.28633 -1.49046 -3.14139 
-0.342662 -0.68185 -0.0186887 -1.07511 0.477965 0.73424 0.856159 0.401992 -0.753362 -1.1484 -0.296712 -0.731494 0.595883 0.0297668 -0.489524 -0.105315 -0.334705 -0.492145 -0.200119 -0.541985 -0.501776 -0.719753 -0.499587 -1.48772 -0.442109 -2.32611 1.44468 0.0335168 0.622132 0.422818 0.170308 -0.0307777 -0.972536 -0.127679 1.27106 1.73828 -0.371562 0.754224 0.0128263 
-0.0982721 -0.586567 0.00331023 -1.15614 0.392691 0.73091 0.607623 0.155868 0.105584 0.118741 -0.802917 -0.89674 -0.921411 1.17045 -0.951755 -0.0882668 -0.0400731 -0.196201 -0.130563 -1.52909 -1.18073 0.84122 0.150154 -0.677527 1.59006 -1.12126 0.888982 -1.41033 1.02084 0.468913 0.6237 0.542806 -1.16558 0.311626 0.882025 -0.511858 1.26565 1.48463 5.26926 
0.827789 -1.63361 -0.106955 -1.11518 0.281764 0.603678 -0.67293 -0.778741 0.0878582 -0.998248 -0.974239 0.858564 -0.525373 0.918749 -1.89986 0.915523 0.134208 0.131555 0.342687 -1.70756 -0.19015 0.162272 -1.01144 -0.22207 1.04252 2.94316 -1.26774 -0.470921 1.5241 -0.110811 -0.188126 0.48527 0.989774 2.38022 0.305245 0.125372 1.55457 -3.03562 2.03668 
0.820476 -2.48642 0.918833 -1.02193 0.524247 1.0736 -1.09994 -0.0342819 0.267856 -0.892704 -1.02499 0.145778 2.02175 -0.0972925 -1.42268 1.43584 -0.150884 -0.384327 0.354707 -0.539315 1.19949 1.14647 0.275526 0.877043 -1.44556 0.915426 -0.90265 0.75134 -0.447728 0.286662 -0.731531 0.000686502 2.3289 0.676875 0.0722498 1.50878 1.21629 -1.35283 -4.19659 
0.730497 -3.05628 1.32888 -1.26607 -0.102563 0.958385 -1.21225 0.420745 1.23432 -0.722722 -0.0971966 -0.586998 0.390052 0.0160981 -1.14852 0.467795 0.42087 -0.599976 0.343373 0.62134 0.486726 0.234522 0.497332 0.994221 -0.31031 -1.25343 0.289485 1.07286 -1.7758 0.207447 -0.0725636 -0.612078 0.979187 -1.03248 -2.58199 2.39882 0.556124 2.38983 -0.96905 
0.836575 -3.63494 1.38663 -0.601063 -0.0757291 1.41697 -0.478601 0.452444 0.502378 -0.395372 -0.0307659 -0.164532 0.768315 0.192192 -0.349816 -0.339958 0.0565628 -0.456891 -0.257371 0.439872 0.167002 -1.43552 2.67435 1.43317 0.944268 -0.0536244 -0.106934 2.35629 -0.707817 -1.04405 0.421096 -0.897773 -0.226994 0.0462851 -0.343258 0.734827 0.233709 1.14875 -0.186966 
0.922689 -3.4061 0.988925 -1.2095 -0.559454 0.701014 -0.772373 0.587748 -0.201197 1.95163 1.33597 0.357271 0.336428 -0.0908357 1.20778 -0.240022 -0.623178 -0.17888 -0.5544 0.394346 0.533011 -0.108737 1.23216 1.22793 0.838444 -1.4404 -0.469708 1.66698 0.432901 0.571404 1.52 0.598738 -0.179355 -0.859943 2.90715 -2.39092 -1.62777 -0.482084 -0.338457 
0.745739 -2.42716 1.14661 -1.22424 -0.254609 0.86257 -0.0842555 0.985454 0.393641 0.836787 1.19716 0.673912 -0.672085 -0.277516 1.31716 0.0929433 0.627967 1.06311 0.341367 0.260517 -0.692941 1.47163 0.283433 -0.194606 0.462184 -0.392082 -0.159098 -0.947896 0.279119 1.57485 1.13702 0.401632 -0.133448 -0.235785 0.783478 0.629125 -1.69688 -2.47291 2.09964 
0.645174 -2.08894 1.08187 -0.581536 0.503654 1.04238 -0.511857 -0.105193 1.27043 2.23506 1.14136 0.819455 -0.055654 -0.249934 0.259881 0.0390963 0.951671 0.958136 -0.152767 0.260898 0.297225 0.674741 1.86128 -0.468953 -1.63447 0.65924 0.123495 -0.717685 -0.149221 -0.0744664 -0.729665 -0.590433 0.354987 1.85286 -2.19287 -3.16632 -1.47609 -1.48743 -0.0779948 