-1.12954 -0.360326 0.692162 -0.508158 0.139168 0.381461 1.04477 0.78141 0.227491 0.363232 0.284101 -0.630937 -0.147467 -0.00571223 -0.063799 0.0949912 0.189163 0.972247 0.514723 -0.014287 -0.020934 -0.172492 -0.558582 -0.350502 -0.953164 -0.518427 0.139635 0.0371529 0.282067 0.085704 0.30958 0.0408308 -0.682468 0.515023 0.193596 -0.651979 -0.693933 0.334257 0.356948 
-1.15991 -0.615555 0.449283 -0.437297 0.26899 0.418414 0.925823 1.02642 0.458358 -0.133113 0.146785 -0.831981 -0.442688 0.0338714 0.0783643 0.361437 0.00319251 0.0241084 0.0903785 -0.203953 0.440304 -0.076792 -0.519842 0.0575065 0.055805 0.0987306 0.0160651 0.135231 0.162294 -0.527653 -1.11272 -0.321429 -0.170314 -0.129515 0.400224 0.418508 0.2463 1.12986 0.128707 
-1.09567 -0.281962 1.0536 -0.504965 0.163277 0.471839 0.840814 1.22171 0.150699 -0.15661 0.341608 -0.575132 -0.0487368 0.0103528 0.0714321 0.257286 -0.33849 -0.140471 0.193294 -0.184601 -0.150449 0.227732 -0.140074 -0.104202 0.176692 -0.389719 -0.0713082 -0.352526 -1.08657 -0.27279 0.369387 0.424289 0.557116 -0.81867 0.688351 1.01617 -0.323659 0.699286 0.289137 
-1.14956 -0.544123 0.706568 -0.775788 0.128519 0.611708 0.741222 0.875971 0.68609 -0.273187 0.0425827 -0.655288 -0.832407 -0.0374368 -0.274162 -0.725135 -0.269597 0.393495 0.514668 0.353162 -0.378366 0.611559 0.49633 -0.266153 0.755091 0.387868 0.0123216 -0.0237063 -0.885176 0.402395 0.724759 -0.161325 0.417013 0.2694 -0.21115 0.671168 0.0871712 0.05026 1.34358 
-1.13311 -0.556124 0.328464 -0.774562 0.556772 0.986507 1.19398 0.843348 0.762257 0.33972 0.075455 0.179959 0.339131 0.0226744 0.0477258 -0.62789 0.0639046 0.584288 0.0319689 0.232412 0.118951 0.0165825 0.531094 -0.0170311 0.226952 0.953861 -0.0150413 0.4348 1.18853 0.574216 -0.21542 -0.771981 0.022949 0.70697 -0.708951 0.353289 1.21636 -1.1029 -0.261353 
-1.12689 -0.496397 0.0786781 -0.711883 0.712807 0.643677 0.973635 0.994922 0.702673 0.257907 0.0255516 -0.428336 0.121453 -0.0524781 0.160639 0.463397 0.304619 0.178076 -0.257313 0.376111 0.328604 -0.097392 0.849619 0.950205 -0.347811 0.126514 -0.0252643 0.00280844 1.37032 0.197613 -0.631269 0.20582 0.149912 0.00956202 -0.195038 0.0488023 0.554388 -1.2205 -1.77326 
-1.18558 -0.395485 0.791861 -0.469943 0.734848 0.729194 1.57009 1.17195 0.664865 1.18934 1.02566 -0.167852 0.465645 -0.00258989 0.0505343 0.742428 0.261518 -0.0469805 0.237789 0.382325 0.128513 -0.178455 0.579896 0.537357 -0.993546 -0.819398 0.10494 -0.181436 -0.956356 -0.459406 -0.543542 0.0183909 -1.06363 -0.452499 0.314252 -1.73582 -1.49388 -0.587288 -1.24292 
-1.12948 -0.445863 0.821106 -0.450366 0.665827 0.881466 1.35596 1.12343 0.524217 0.837804 0.562908 -1.42188 -0.697945 0.0524623 -0.0207973 -0.492959 -0.154787 -0.365466 -0.238922 -0.687519 -0.123895 0.21686 -0.886205 -0.54367 -0.935099 -1.11641 0.0353153 -0.0415966 -1.10526 -0.283507 0.021662 -0.476919 -0.428042 -0.120458 0.323688 -0.859402 -0.266791 2.27467 1.84649 
-1.13312 -0.416282 0.298902 -0.62473 0.369382 0.490271 0.882569 1.04806 0.881725 0.303134 0.48199 -1.10295 -0.650764 0.0327254 0.00893764 -0.362837 -0.0219894 -0.0253184 -0.239129 -0.0457173 0.00805443 0.145233 -0.279505 0.270566 1.28113 1.02709 -0.0513377 -0.100938 0.518641 0.119628 0.418752 0.376501 0.808453 0.105667 -0.392919 0.739872 -0.299128 1.04565 1.47197 
-1.09675 -0.436925 0.458268 -0.472355 0.640508 0.642337 1.31024 1.13149 0.66945 0.558298 0.833474 -0.140754 0.329143 0.00112458 -0.121736 0.0256825 -0.0351585 0.0532858 0.137578 0.120935 -0.0182282 -0.176059 -0.146334 -0.842798 0.110549 0.355565 -0.0676874 -0.264475 0.0590713 -0.368878 -0.790821 0.298653 0.147265 -0.156578 -0.295848 0.556431 -1.43278 -2.1061 -2.2388 
-1.132 -0.538018 0.324584 -0.659888 0.422668 0.627849 1.0035 1.02983 0.705666 0.1568 -0.360808 -0.992402 -0.295199 -0.034962 -0.255537 -0.303766 -0.390867 -0.816139 0.0595242 0.101548 -0.148524 -0.150615 0.276925 -1.16221 -0.824975 -1.21171 -0.00464457 0.0368917 0.239975 0.0572623 -0.464364 -0.0106277 0.00730923 -0.0658648 0.0327477 -0.27914 1.34559 0.432937 -0.39031 
-1.13171 -0.692462 0.154502 -0.863222 -0.175631 0.701861 1.41179 0.982965 0.518835 0.835224 -0.32874 -0.965729 -0.882571 -0.00351999 -0.084844 0.265658 0.0221039 -0.411078 0.12695 0.128244 -0.084093 -0.143312 -0.425473 0.502789 0.543485 -0.0347448 0.0257772 0.207641 0.621339 0.65545 1.06412 0.00477585 -0.656614 0.0228554 -0.0145361 -1.63235 1.17039 0.983285 2.41118 
-1.13552 -0.622862 0.590242 -0.637785 0.0115895 0.7548 1.13175 0.945736 0.562354 -0.268673 0.14198 -0.448917 -0.329944 -0.00918479 -0.0478961 0.317573 0.264583 0.247984 0.0643 -0.555066 -0.125668 -0.165152 -1.35543 0.00817526 0.158309 1.19947 0.00908439 0.064408 -0.0540113 0.163327 0.573015 -0.629993 -0.670166 0.308684 0.0449251 0.753815 -0.379552 0.237102 1.5344 
-1.1409 -0.740358 0.472075 -0.59864 0.0723527 0.766161 0.856724 0.857297 0.353683 -0.520205 -0.320564 -0.80742 0.316899 0.00556439 -0.020436 0.211647 0.185431 0.161937 -0.503043 -0.541922 0.224591 -0.0983866 0.328341 0.123237 0.780587 1.49965 0.133614 0.273678 -0.128075 -0.421048 -0.325823 -0.0642842 0.369146 0.306785 0.639022 1.72385 0.981102 0.220332 -1.43092 
-1.12995 -0.643298 0.801889 -0.452353 0.173526 0.251757 0.589825 1.17033 0.463967 0.0596683 0.265217 0.331671 1.16971 0.124429 0.225782 0.189497 -0.156465 -0.077839 1.57954e-005 -0.18592 0.181117 0.473871 0.368426 0.989277 0.378641 -0.231446 0.111774 0.208445 -0.523981 -0.292386 -0.162869 1.04391 0.977006 -0.167122 0.516442 0.283187 0.210607 -1.46778 -2.59278 
-1.01647 -0.514576 0.661572 -0.755105 -0.00548629 0.766177 0.670804 1.03841 0.827554 -0.15178 0.668713 -0.428779 0.085453 0.117338 0.188009 -0.312334 -0.106955 -0.000932285 0.540868 0.435084 0.0574686 0.418055 0.611528 0.333844 -0.687197 -1.09312 -0.128712 -0.149615 -0.184446 0.343262 0.0537015 -0.177451 -0.105347 -0.56399 -0.547828 -0.00814114 -1.07928 -0.0197409 0.261086 
-1.01261 -0.455289 0.489555 -0.559308 0.172594 0.792625 1.02491 1.22779 0.882022 0.671197 0.599061 -0.355527 0.0765873 -0.00428328 0.076167 0.00505098 0.186797 -0.0241375 -0.177435 -0.291267 -0.382873 -0.0739578 0.360285 -0.0900002 0.3589 0.0296398 -0.13259 -0.564475 0.476219 -0.0470384 -0.634073 -0.498764 -1.15548 -0.634393 -0.461259 -0.940814 0.144944 1.74801 1.63895 
-1.02075 -0.438409 0.666623 -0.568308 -0.0296238 0.588742 0.379537 0.655541 0.753596 0.208505 0.578713 -0.0698783 0.115093 -0.0152512 -0.376466 0.163885 -0.153993 -0.635005 0.0421049 -0.720394 -0.576925 -0.0432037 -0.329286 0.478788 1.06081 0.545824 0.0762358 -0.505836 0.118534 -0.278284 -0.202766 0.932928 0.524184 0.843526 1.0584 0.378784 -0.0366035 -1.55101 -1.57879 
-1.02786 -0.831755 0.653439 -0.713301 -0.462412 0.83473 0.304515 0.65087 0.838819 0.341911 1.07785 0.705283 0.622411 0.0719525 -0.429669 0.123585 -0.091487 -0.226904 0.755493 0.232917 0.460653 0.984446 0.739068 -0.126604 -1.19211 -1.54915 0.151365 0.266252 0.149204 0.194089 0.169867 0.338499 1.02447 0.813874 0.606277 0.846509 -0.698003 -2.07523 -1.53115 
-0.9488 -0.868078 0.790208 -0.659795 -0.256527 1.34424 0.612454 1.11619 1.73804 0.947573 0.452109 -1.26199 -1.43406 0.136114 -0.110214 0.313089 0.0400965 -0.465139 0.380603 0.304074 0.236949 0.563073 0.517223 -0.219215 -1.01442 -0.985326 0.100241 0.204582 0.379742 0.288546 -0.250793 -0.403536 0.101817 -0.449697 -0.921547 -1.07605 0.821403 2.76429 2.02083 
-0.891751 -0.941969 0.966528 -0.673204 -0.92755 1.21533 0.608589 0.887819 1.40189 0.859134 0.858634 -0.309132 -0.362915 0.172194 -0.225087 0.503327 0.197059 -0.477697 0.351957 0.334734 0.0109554 0.0628988 -0.336981 0.694799 1.57218 0.471676 0.00327768 -0.145769 0.29272 0.257859 0.395683 0.00219064 -0.534374 0.0222642 -0.572948 -1.3167 0.850522 1.93249 0.642437 
-0.776607 -1.09317 1.29354 -0.462736 -0.734224 1.69619 0.947188 1.12715 1.80094 0.610592 1.14691 0.310193 -0.962382 0.139391 -0.255983 0.605808 0.297955 -0.0694558 0.382794 -0.2303 0.259213 -0.00987413 -0.799475 0.631307 0.918075 -0.342888 0.0664324 -0.2708 0.521698 -0.176466 -0.180084 -0.192451 -1.36259 -0.13692 -1.04511 -1.25927 -1.31075 -0.207479 -0.244282 
-0.75236 -1.19795 1.57234 -0.375249 -0.997006 1.59813 0.378289 1.14703 1.39202 0.0596588 1.48994 0.608942 -0.705803 0.238626 -0.495887 1.02503 0.0205929 -0.657781 0.159506 -1.02785 -0.125965 -0.98221 -1.59626 -0.615948 1.3647 0.227394 0.35483 -0.975727 0.387658 -0.496348 -0.952233 0.20599 -0.372456 -0.387319 -0.444378 0.601336 -1.56002 -1.07366 -1.41733 
-0.53798 -1.58905 2.31856 -0.442143 -1.39201 1.8557 -0.0806639 1.00118 0.81873 -0.985664 0.53096 1.6749 -0.734988 0.494221 -1.23171 0.993466 -0.198393 -1.02169 0.588784 -0.602756 -0.128106 -0.454252 -0.19814 -0.928709 -0.155586 -1.76022 -0.106671 -0.0489444 -1.21101 -0.300769 0.120451 -0.292977 0.649239 0.258169 0.945507 2.80939 0.163525 -1.70407 -0.41827 
-0.258139 -2.42966 2.5658 -0.573643 -2.0187 2.18691 -0.224468 1.01893 0.937766 -0.138481 0.561232 0.453356 -2.46602 0.131956 -0.544831 -0.185987 -0.280176 -0.53733 -0.13347 -0.378612 0.132204 -0.0367027 1.21314 -0.452423 -0.339371 -0.190876 -0.981934 2.163 -2.16885 0.132427 2.04184 -1.58818 0.653065 -0.183708 -0.0776226 -0.36782 -0.738261 -1.6229 2.66627 
-0.406025 -2.13388 2.13257 -0.722319 -1.92934 1.72223 -0.459276 1.13339 0.782028 0.227473 0.0785369 1.33553 -0.925864 -0.487713 0.931292 -1.17539 -0.0659664 1.02015 -0.999393 0.0503089 -0.311814 -0.531875 -0.56596 -1.66697 -1.77848 0.906047 -0.444087 1.37612 -0.583495 0.51382 1.81175 -0.303528 1.08833 -0.522801 -0.0828004 -0.91631 0.805721 -0.35454 0.523552 
-0.745852 -1.49837 1.39041 -0.639609 -0.998542 1.18752 -0.174159 0.707113 0.405891 -0.704441 -1.10574 -1.32513 -1.55997 -0.312131 0.831291 -0.769482 0.233644 1.27442 -0.436999 0.70972 -0.390597 -0.119503 0.296828 0.353297 -0.693911 0.332676 0.521369 -0.616385 -0.0526927 0.119078 -0.19346 1.27948 0.491668 0.125879 0.608981 1.65086 3.40627 3.06459 0.120704 
-0.718156 -1.30259 1.36309 -0.488675 -0.654919 1.28523 0.250444 0.742792 0.662525 0.524301 0.431834 0.641615 -0.593188 0.0336555 0.314907 -1.22808 0.0531119 0.826693 0.28009 0.541977 -0.185934 0.0771061 1.0849 1.7393 1.2861 1.02675 0.295649 -0.546423 -0.155308 -0.172414 -0.753504 -0.0386904 -0.626409 -0.0495913 0.066263 -0.93595 -1.41028 -0.0493626 -0.564927 
-0.712196 -1.18346 0.162333 -0.586497 -0.171848 1.46761 0.367818 0.521178 0.482998 0.380464 0.633566 -0.0390205 -0.533223 -0.0164821 0.284867 -0.92479 0.0612303 0.520912 -0.475689 0.0833117 -0.440188 -0.0532401 -0.639122 -1.05698 -0.743274 -0.232251 -0.147078 -0.314641 1.71814 -0.0685573 -1.27025 -1.14194 0.0214708 0.177632 0.206707 -1.75883 -3.49067 -0.216224 -1.69158 
-0.734638 -1.01773 0.438302 -0.427445 -0.134007 0.809541 0.333756 0.302604 0.609284 -0.114821 -0.62515 -0.101659 -0.825439 -0.113423 0.000266687 0.490062 -0.0154454 -0.443559 -0.861849 0.563447 -0.00830195 0.283813 -0.673926 -1.75137 1.06988 -0.664827 -0.0764322 -0.485562 1.228 -0.127619 -1.05891 0.455217 1.31141 0.964509 -0.141546 1.01699 0.691866 0.183014 0.835898 
-0.825619 -1.1832 0.652395 -0.601942 -0.615407 0.605761 0.931265 0.512876 0.766811 -0.293462 -1.1178 1.03086 -1.19805 -0.0929143 -0.200695 0.303211 -0.066389 -0.537996 -0.0204724 1.39472 0.524321 -0.194786 0.377865 -0.365118 -0.560259 0.603647 0.0658557 0.378952 -0.594043 0.305082 0.558449 0.446203 -0.0825757 0.356681 -0.776642 1.70313 3.67261 -2.66982 1.73403 
-0.827552 -1.21842 0.741512 -0.493834 -0.672003 0.789069 1.72848 0.826925 0.414498 0.263044 -0.990268 -0.661918 -0.221792 -0.0475671 0.379219 -0.103981 0.289637 0.114891 -0.415646 0.480872 0.348379 -0.492829 1.02921 1.92125 -1.59994 1.0692 0.0699314 0.756147 -1.02476 -0.101842 1.2002 -0.748256 -2.47873 -0.857309 -0.317884 0.0146633 1.5737 -0.39303 -1.17245 
-0.873186 -0.803978 0.548414 -0.312306 -0.500517 0.190114 1.41214 0.861255 0.273982 0.735744 0.803445 -0.569076 -0.128848 -0.0229829 0.555452 -0.721553 -0.168231 0.662207 -0.768729 -1.08401 -0.332988 -0.51267 0.392529 1.20858 -0.953289 -0.568803 1.05851 0.665922 -0.43092 0.0552573 1.8586 0.752271 -2.37894 -2.1094 0.115999 -1.10789 -3.94206 0.918165 0.28796 
-0.850535 -0.662968 0.0199587 -0.662065 -0.00979551 0.0203401 0.644469 0.493937 -0.0981718 0.655573 0.218311 -1.61521 -0.790596 1.01095 1.04514 -0.534901 0.344894 1.9735 0.336624 -1.89807 -1.76102 -0.37683 -0.0786842 -2.02081 -0.681772 1.35716 1.67921 0.641624 0.315167 0.666743 0.643373 0.216375 -0.280386 -0.962984 -0.234771 0.521486 -1.75392 1.89081 0.331589 
0.137759 0.241162 0.0135123 0.032588 1.47298 0.526739 -0.485934 -0.899764 -0.102848 0.65706 -1.21737 -1.25085 1.22831 1.65623 1.19708 -0.406387 0.498512 1.30558 -0.552354 -1.36439 -1.29597 -0.747441 0.914015 -0.545339 0.937518 -0.237214 -0.259501 -0.150797 0.0234093 -0.824617 -1.86132 -1.36747 1.68444 1.54589 -1.19412 1.0894 3.93656 1.29577 -2.89724 
0.805694 0.534109 -0.386428 -0.163553 1.29578 -0.532013 -0.719924 -0.802035 -0.845613 1.56959 -0.327027 -0.67769 -1.02781 0.751444 0.894344 -0.511492 -0.479723 0.11218 -1.03084 -0.21363 -0.215129 -1.57095 1.01072 1.91574 0.614003 -1.54008 -1.49269 -0.224462 -0.0944743 -0.840646 -1.6869 0.748566 1.38086 0.716947 -0.120841 -1.45995 1.64847 -1.30357 2.19649 
0.889203 1.13551 -0.49798 -0.447135 1.58516 -0.504106 -0.699564 -1.11489 -1.6738 1.66778 0.698371 -0.636845 -0.311768 0.163535 0.972614 -0.500861 -0.342135 -0.381322 0.196213 0.0164653 -0.579025 -0.868282 -0.545934 1.10314 -0.366057 1.95928 -0.639376 -0.517866 -0.00919527 0.0645729 -0.821768 1.09164 -0.754347 0.0487898 0.841537 -2.39231 -1.71 -1.41458 2.81555 
0.969229 1.50672 -0.887289 -0.505688 0.914463 -0.335801 -0.703459 -1.38106 -1.7139 1.02365 0.776108 -1.04375 0.931469 0.112069 0.376478 -0.520687 -0.41515 -0.709588 0.0607911 -0.967977 -0.166339 -0.72941 -1.38159 0.205745 -0.800576 1.27547 -0.190456 -0.877165 0.0101785 -0.450727 0.182447 -0.620882 -0.794017 0.283963 -0.196206 -0.94853 -2.28849 -0.257668 -2.48036 
1.00127 1.51198 -1.01867 -0.862284 0.875571 -0.443315 -1.66754 -1.28123 -2.40321 0.286194 0.904116 -1.43742 0.963701 -0.0269215 0.0954491 -0.490682 -0.792861 -0.198875 -0.42467 -0.777552 -0.295062 -1.06449 -1.49446 -1.18535 -0.623724 -0.521082 -0.108573 -0.137184 0.905953 0.313999 1.16063 0.28033 1.79562 0.0899452 1.24544 1.84224 -0.204565 2.08938 -0.44541 
0.942307 1.60217 -1.37797 -1.29855 0.715587 -0.76047 -1.48101 -1.67612 -2.77838 -0.470809 -0.409243 -1.66747 0.410387 0.00349588 0.239294 0.385266 -0.101151 0.45104 0.341121 0.82764 -0.0763943 0.516026 0.460658 0.00118018 1.2888 0.830059 0.175583 -0.12229 1.40034 1.03216 0.804533 0.968494 1.44429 0.708218 2.08469 2.68793 2.50812 2.54655 2.15823 
1.00477 1.75128 -0.633401 -0.963435 1.32661 -0.102194 -0.839901 -1.35763 -1.88718 0.746851 0.905297 -0.148618 1.79376 0.148661 -0.0268411 0.909655 0.239297 0.605657 0.543824 0.666742 0.413156 1.0202 1.19347 1.32277 1.92283 1.63715 0.108262 -0.436642 -0.308805 0.052716 -0.49416 -0.588964 -0.665406 0.182243 -0.55887 -0.297711 0.029016 -1.66814 -0.748213 
1.09097 1.57533 -0.468316 -1.05925 1.32124 -0.216646 -0.814268 -1.26297 -1.75818 0.722661 0.91353 0.255359 2.04753 0.111758 -0.197349 0.0764606 -0.0484348 -0.0431195 -0.247843 0.162235 0.105848 -0.0428443 0.162947 0.0301961 -0.37934 0.0818457 -0.131472 0.0403837 -1.15602 0.091704 -0.503057 -0.59932 -0.559928 -0.624176 -1.19125 -0.581509 -0.753991 -2.45215 -1.80242 
1.11653 1.55393 -0.556941 -1.01187 1.28349 -0.350036 -0.677667 -1.25178 -1.93002 0.909798 0.935493 -0.527957 1.87561 0.0171889 0.0135427 -0.246367 0.331001 0.1026 -0.0554953 0.106813 -0.21102 -0.171043 0.611962 0.568782 -0.529317 -0.165278 -0.0982803 0.303726 -0.317822 0.320747 0.265681 0.43835 -0.0489296 -0.210246 0.191539 0.312417 0.617013 0.442702 -0.188075 
1.10816 1.58887 -0.714683 -0.728251 1.42385 -0.272141 -0.707455 -1.47399 -1.92922 1.33462 1.48231 -0.273958 1.88226 0.013478 0.106377 -0.241361 0.272312 0.222562 0.190508 0.113305 -0.104398 0.148695 0.475364 0.647209 0.063362 -0.106229 -0.00947967 0.0177168 0.0227802 -0.224276 0.155694 -0.154583 -0.308006 0.346162 0.330117 -0.582197 -0.0813988 0.419475 -0.687271 
1.13 1.66031 -0.798302 -0.739558 1.50605 -0.159529 -0.564362 -1.35618 -1.78133 1.38516 1.5827 -0.464595 1.76938 0.0077092 0.0312594 -0.223587 0.106725 0.258295 -0.210078 -0.201193 0.135142 0.159074 0.0297646 0.487383 -0.109842 -0.852549 0.00304565 -0.145914 -0.0128574 0.0126812 -0.362263 -0.715282 -0.341558 0.312237 0.25725 -0.772944 -1.10078 -0.446144 -0.515576 
1.11587 1.62013 -0.938271 -0.621526 1.68214 -0.482219 -0.908648 -1.33884 -1.77015 1.36439 1.9697 -0.3838 1.02971 0.0165236 -0.0395373 -0.254219 0.284993 -0.139701 -0.524775 -0.228253 0.207839 0.405945 -0.29758 -0.453567 -0.382782 -0.621805 0.100902 -0.273115 0.250283 0.133046 -0.349207 -0.15205 0.0104386 0.0780964 0.26228 -0.121957 -0.892076 -0.209245 0.868213 
1.14653 1.62077 -1.05252 -0.454565 1.36635 -0.684303 -0.792614 -1.14834 -1.37538 1.08758 1.12913 -0.847378 1.14757 0.108611 -0.241856 0.0266959 0.239771 -0.090912 -0.362129 -0.190754 0.213239 0.421354 -0.0921922 -0.404693 -0.319087 0.0156637 0.0936824 -0.246654 0.178855 -0.168593 0.174475 0.224885 -0.232423 -0.182273 -0.055702 0.0839792 0.342104 0.444531 0.406935 
1.22448 1.37828 -0.911575 -0.381755 1.59123 -0.844348 -1.0994 -1.12561 -1.34879 1.2722 1.565 -0.702887 1.04537 0.110206 -0.286192 -0.0753639 0.1164 0.0347732 -0.299889 -0.460676 0.0255663 0.350243 -0.213601 -0.111463 0.0617482 -0.21487 -0.0705188 0.303916 -0.932108 0.174738 0.274524 0.1 -0.0786923 -0.174974 0.133567 -0.375015 -0.470405 -0.0438739 0.0791451 
1.25673 1.33458 -1.12788 -0.338165 1.40112 -0.984193 -1.25329 -1.12277 -1.02514 0.873982 1.01767 -0.785629 0.9327 0.0380926 0.0620608 -0.905412 0.414509 0.183612 -0.262129 -0.269446 0.0382645 0.554921 -0.467207 -0.875097 -0.362961 0.0948088 0.0380104 -0.218557 -0.136419 0.517422 -0.110832 0.0409663 0.251906 -0.21809 -0.055026 -0.100521 -0.52147 0.116945 0.38127 
1.26257 1.44034 -1.81699 0.0327538 1.77484 -1.10648 -1.36885 -1.08734 -0.793872 0.804988 0.689905 -1.06585 1.14018 0.148216 -0.504749 -0.211783 0.633822 -0.0760585 -0.258923 -0.20877 -0.192524 0.295217 -0.314122 -0.632933 0.178693 0.1664 0.0517275 -0.599108 0.755473 0.750369 -1.19658 0.332641 0.438575 -0.54459 -0.225712 0.140907 -0.0635033 2.48423 0.735074 
1.40495 0.829828 -1.33967 0.295657 1.32507 -1.24312 -1.46206 -1.31529 -0.729924 0.55986 0.384738 -0.606937 1.0991 0.0898201 -0.537047 -0.149939 1.16488 -1.01297 0.0705122 0.169129 -0.506325 0.329209 -0.326301 -0.9386 2.12126 0.829883 -0.148528 0.326955 -0.223896 0.508041 -0.967977 0.657411 0.190105 0.113408 0.431138 0.081805 -0.777674 2.47939 -0.0375622 
1.35239 0.903292 -1.96693 1.19763 0.761874 -1.03596 -1.19972 -1.59367 -0.464663 0.478688 -0.248695 1.05542 1.97006 -0.000311483 -0.177794 -0.435678 1.14186 -1.04404 0.398488 -0.018665 -0.0791154 0.726356 -0.232316 -1.41061 2.65808 0.128838 -0.0347833 -0.125046 0.589198 -0.877062 0.314959 -0.0795149 -1.02464 0.799022 0.617684 -0.802666 0.656247 -2.2078 -2.56402 
1.40464 0.652033 -1.77535 1.43752 0.281031 -0.844628 -1.48073 -1.39441 -0.00356774 0.327544 -1.02587 2.05114 1.22794 0.0550368 -0.662092 0.43926 0.287816 -0.698007 -0.00900272 -0.85551 0.292697 0.946893 -1.12897 -0.282353 -0.0865378 -1.73414 -0.022303 -0.378737 0.869573 -1.20161 0.31094 -0.624694 -0.310087 0.10023 -0.520404 -1.64506 2.144 -3.71348 -1.62883 
1.40743 0.241199 -1.52767 1.48545 0.0638666 -1.04497 -2.05523 -1.30097 0.48223 -0.650279 -0.531048 0.968878 0.235926 -0.0226145 -0.556532 0.433895 -0.0597478 -0.733096 -0.226207 -0.328752 0.0211142 0.205952 -1.87737 0.733396 -1.0554 -1.49999 -0.207484 0.680049 -0.113195 -0.14002 -0.0599675 -0.297437 1.42917 0.102345 -1.10986 0.662265 -0.188754 1.35423 1.60019 
1.38202 0.0955016 -1.34145 1.37777 -0.452065 -1.07083 -1.80948 -1.3733 0.202384 -1.54983 -0.292473 0.995747 -0.272052 -0.152447 0.0179569 0.326065 0.147796 -0.757974 -0.306439 0.573657 0.395042 -0.162963 -0.466702 -0.471107 1.26769 -0.133947 -0.196868 0.762936 -0.135162 0.349466 0.77712 -0.214281 0.777098 0.618983 -0.54431 2.42499 -1.9823 2.50428 1.61286 
1.25498 0.259156 -1.2016 1.63324 -0.694108 -1.35141 -1.48157 -0.905928 0.319267 -1.11698 -1.00215 2.23657 0.101978 -0.219483 0.206405 0.298733 0.289718 0.0440246 -0.440488 0.448346 0.640097 -0.338359 0.547618 -1.24891 1.44888 0.112868 -0.0462026 0.120175 -0.197411 0.0563201 0.763926 0.221317 -0.323377 -0.145834 0.382309 0.659184 -0.118644 -2.47119 -0.667693 
1.16254 0.301906 -1.04272 1.66749 -0.40804 -1.51132 -1.36113 -0.733199 -0.135975 -1.00221 -1.54138 2.44463 -0.159185 -0.19865 0.138132 0.128653 0.204117 0.00595121 -0.0851221 0.25028 0.249208 0.219347 0.192483 -0.58975 -1.2035 -0.80164 0.0379539 -0.167748 -0.56908 -0.131506 -1.04824 0.224819 -0.441618 -0.538328 0.575824 -1.62428 0.604105 -2.62394 -0.249105 
1.05633 0.397288 -1.07295 1.83736 -0.688157 -1.43653 -1.23129 -0.65672 0.538614 -0.924498 -1.5919 1.03307 -0.699662 -0.181529 0.0386569 -0.270347 0.158212 -1.00422 -0.215669 0.00672867 0.101769 0.237465 -1.07666 -0.644801 -1.17506 -0.136237 0.101594 -0.205199 -0.137193 -0.239993 -0.277767 -0.0588066 0.0287172 -0.161935 -0.818682 -0.879958 0.692373 2.45924 1.67675 
0.981012 0.340563 -1.31307 1.8257 -1.41226 -1.72699 -1.3544 -0.63143 0.10149 -2.07888 -2.18618 1.26957 -0.295421 -0.0970557 -0.0670673 -0.00853914 -0.0358761 -0.271816 -0.143929 0.278997 0.087273 -0.599335 -0.687475 0.102622 1.25574 0.875111 0.0447563 -0.0891131 0.656227 -0.0970118 1.43065 0.521725 0.293802 -0.274516 -0.689187 1.14321 0.998604 1.66291 0.351829 
0.959274 0.330221 -1.08149 1.80149 -0.959973 -1.58046 -0.952294 -0.569447 -0.060721 -1.61197 -1.48928 2.2888 0.17545 -0.136773 -0.0504562 0.385879 0.0612004 0.426432 0.306056 0.300531 -0.172747 -0.451722 0.0665521 0.353803 0.487851 0.215592 -0.0399121 0.00703845 0.422818 0.182669 0.0237756 0.290377 0.0710598 -0.0451215 1.01335 0.740434 -0.3593 -2.76975 -1.04834 
0.84424 0.290107 -0.927186 1.8869 -0.985826 -1.42094 -1.05387 -0.804178 -0.350231 -2.01232 -1.83238 1.75742 -0.079829 -0.136968 -0.0600288 0.414278 0.146793 -0.248041 0.146448 0.350057 0.0421515 0.414017 0.0529595 -0.256677 -1.51401 -0.173226 0.0574251 -0.104665 -0.10967 -0.199284 -0.355332 -0.286409 0.748436 0.502445 1.22997 0.507447 0.106023 -1.41401 0.462999 
0.822306 0.270192 -0.667208 1.94828 -1.20801 -1.43401 -0.602237 -0.527296 0.353296 -1.55901 -1.74596 0.774789 0.00222423 -0.0793475 -0.155122 0.276209 -0.138083 0.0711002 0.0196476 1.04897 0.329697 0.778244 0.573999 0.459826 -0.926158 0.678592 0.0550593 0.0438595 -0.0436865 -0.341909 0.216827 0.0136169 0.283389 -0.0372931 -0.580249 -0.014898 1.65959 2.29776 0.930097 
0.764892 0.134985 -0.650976 1.74882 -0.914725 -1.40129 -0.00490471 -0.47448 0.428012 -1.43832 -1.37255 0.831264 0.598763 -0.0819085 -0.0161693 0.370592 -0.195116 -0.0312139 0.160065 0.633447 0.00485845 -0.166232 0.0380615 1.40292 0.783742 0.756871 -0.0268085 0.5846 0.103384 0.272441 -0.987253 0.123613 -0.623375 0.0211905 -1.23433 -0.890841 0.474817 1.27068 -2.0017 
0.740398 0.254023 -0.296617 1.75316 -1.23923 -1.27394 0.0312096 -0.522437 0.187065 -1.52095 -0.343044 1.55853 0.759096 -0.106156 0.429478 0.379593 0.134358 -0.916153 0.143261 0.425592 0.350888 -0.456089 -0.316841 0.934643 0.344526 -1.32311 -0.0969134 0.348702 -0.264502 0.19349 -0.171684 0.132185 0.108385 0.362143 -0.014327 -0.62553 -2.66445 -2.86926 -2.71988 
0.658736 0.564463 -0.271383 1.88318 -1.83088 -1.25803 0.420688 -0.123592 -0.0280767 -1.75516 -0.437907 1.17579 -0.72435 -0.178822 0.332533 0.10609 -0.00162635 -0.202898 0.29225 0.741831 0.367001 -0.180559 -0.587469 -1.26154 -2.08552 -1.96301 -0.0976269 -0.45835 -0.10459 -0.296346 1.15152 0.103865 -0.209833 -0.563337 0.00764444 0.0638746 -2.26378 -1.76672 0.00576839 
0.561576 0.586556 -0.190527 1.75154 -1.44213 -0.981694 0.773041 -0.155436 0.00650595 -2.10842 -1.60458 -0.526986 -1.20392 -0.203783 -0.0288725 0.275003 -0.161988 0.235369 0.247126 0.215759 -0.212449 -0.448445 -0.252966 -1.32914 -1.4222 -1.31734 0.0616076 -0.389729 0.63387 -0.172988 0.439387 -0.164859 -0.444125 -0.196575 0.148777 0.969205 1.04258 3.35222 1.50265 
0.454953 0.535591 0.00361995 1.72119 -1.59551 -1.0109 0.636447 -0.336042 -0.476521 -2.00813 -1.76705 -0.246406 -2.04169 -0.117214 -0.0571962 0.739959 -0.174614 0.23649 0.127391 0.297706 0.170426 -0.0317812 0.381736 -0.218957 1.26671 -0.460361 0.0145096 0.0253833 0.592376 -0.166739 0.159698 -0.05495 0.0533339 0.550521 0.545791 0.420547 1.39375 2.39281 1.41339 