-1.03027 -0.962213 0.147836 -0.369131 0.985448 0.552808 0.716252 1.41206 0.73968 0.638015 0.00955151 0.343391 0.2188 0.00371674 0.071768 0.130732 0.229521 0.236613 0.808479 0.443622 0.036857 0.276382 0.647193 0.309225 0.228062 -1.16995 0.0363327 0.156651 0.863195 0.0278015 -0.12156 -0.852217 -0.39136 -0.575753 0.0522458 0.641416 -0.965951 -1.01512 0.527717 
-1.01773 -0.78819 0.544158 -0.415973 1.18571 1.04669 1.02522 1.29278 0.435865 0.622274 -0.392421 0.254779 0.11787 0.0461028 0.108199 0.37626 -0.0196227 -0.224978 -0.514496 -0.260115 -0.543473 -0.242826 -0.138698 -0.868225 -0.378275 0.314375 -0.0570962 0.0511082 0.0102105 -0.156538 -0.689036 -1.06888 -0.610775 -0.735243 -0.456326 -0.67072 -0.50739 -0.627735 1.77316 
-0.984164 -0.854014 0.524095 -0.388754 0.76047 0.0383125 0.456137 0.86859 0.496853 0.499317 -0.858673 -0.034884 0.533175 -0.0533794 0.122876 0.140943 0.0729826 -0.452423 -0.260406 -0.167153 -0.698386 -0.179944 -0.0235272 -0.198164 -0.399673 0.603214 -0.0642945 0.168091 -0.498829 -0.123684 0.180009 0.993384 0.76113 1.04228 0.138726 -0.0823454 1.19209 0.96669 0.0613961 
-1.07111 -0.665314 0.6851 -0.342991 0.733291 0.786288 0.858063 0.594397 0.255922 0.598747 -0.590586 -0.144894 0.721084 -0.0181916 0.276291 -0.12257 -0.143307 -0.0449694 0.478888 0.501015 0.498805 -0.1041 -0.221043 0.323869 0.588415 0.375771 0.106562 -0.182258 -0.437533 -0.116287 0.57429 0.219986 0.406555 1.20291 0.719203 -0.807517 0.44722 0.732799 -0.657086 
-1.00236 -0.577723 0.401526 -0.53206 0.715501 0.5172 0.957152 1.3674 0.392753 0.278274 -0.534804 0.553531 0.908946 0.0531821 -0.0593815 -0.296591 -0.0433048 0.121867 -0.0404196 0.239402 0.504524 0.539259 -0.831044 0.249056 0.333126 -0.0538714 -0.0458642 -0.543538 0.181938 0.245878 0.478902 -0.66063 -0.673158 -0.843521 0.140627 0.602114 -0.14812 -0.919943 -0.253982 
-1.01793 -0.724696 0.38851 -0.386296 0.855157 0.745868 1.09747 1.09892 0.795181 -0.232297 -0.34153 0.188231 0.667213 -0.0640558 -0.267248 0.0593687 0.102571 0.433933 -0.181742 -0.172142 -0.344716 0.0365271 0.381071 0.17575 -0.331528 0.121789 -0.0568106 0.00408256 0.379581 0.0878521 -0.099348 -0.154224 -0.535879 -1.13728 -0.62929 1.91777 -0.283811 -0.0705366 -0.647829 
-1.06641 -0.844971 0.460894 -0.429489 1.14943 0.335458 0.78501 1.02268 0.42928 0.659345 -0.359054 0.222003 1.03073 -0.00362851 -0.0552989 0.0829901 0.0445473 0.0225186 -0.194643 -0.296477 -0.632756 -0.090031 1.08672 -0.0347552 0.262589 -0.701701 0.0645977 0.221703 0.237931 0.104192 -0.399624 0.135142 0.218447 0.224664 -0.18662 0.374473 0.170467 0.405086 -0.241337 
-1.02156 -0.779995 0.4715 -0.341748 0.877676 0.551225 0.800988 0.466165 0.70515 0.854427 -0.376285 0.45082 -0.0344878 0.000541971 -0.0455448 0.2973 0.206763 0.034309 -0.0466007 0.0463051 -0.120052 -0.150093 0.755544 0.346217 0.0735574 -0.119548 -0.107985 -0.37735 -0.274886 0.0725628 0.00358985 -0.531802 -0.237437 0.675302 -1.53236 -2.86615 -0.732936 -1.40395 0.453061 
-1.06587 -0.890516 0.758194 -0.222727 1.18374 0.288857 0.831315 0.902627 0.279187 1.41489 -0.0128373 0.29556 0.911187 -0.111613 -0.432649 -0.191896 0.11711 0.0261084 -0.726445 -0.533914 0.042546 -1.62239 -1.77943 -0.767691 -1.14136 -0.248639 0.0138251 0.0142332 -0.437695 -0.00273012 -0.340863 0.0148004 -0.220238 0.111487 0.115684 -1.84275 -1.21084 -0.475183 0.256854 
-1.13317 -1.21264 0.279604 -0.224638 0.903784 -0.17522 0.267075 0.508711 -0.917245 -0.925 -1.14398 -0.690543 -0.283127 0.0143671 -0.0313116 -0.140395 0.204032 -0.306554 -0.0318003 -0.173933 -0.00856431 -0.0344087 -1.0872 -0.864625 -0.401625 0.137306 0.195989 0.872703 0.466274 0.256518 0.211774 1.46841 1.11678 0.909576 3.29778 2.82448 1.12818 1.99015 0.737358 
-1.0515 -0.921827 0.617799 -0.0186946 0.877188 0.257057 0.657382 0.894063 0.244779 0.327686 -0.877462 -0.106065 1.04849 0.0843757 0.440054 0.274378 0.373628 0.237882 0.741963 0.582866 0.952122 1.67539 1.04505 0.360486 0.848785 0.488718 0.002186 -0.00351017 -0.395269 -1.06773 -0.344716 -0.0525291 0.211544 0.0726794 -0.85126 1.11161 0.55238 -0.188175 -2.33901 
-1.0488 -0.77259 0.553982 0.148989 1.14167 0.566742 0.849941 1.46083 0.758142 0.12005 -0.78349 0.158242 0.205591 0.0165531 -0.0348218 -0.535664 -0.863695 -0.65127 -0.0843294 0.0376106 0.0641151 -0.885669 0.0244051 -0.312245 -0.5898 -2.2017 -0.0594978 -0.473621 -0.115229 -0.713893 -0.416177 -0.838669 -0.678643 -1.23862 -1.35633 -0.411959 0.585948 -0.693238 -1.3239 
-1.03495 -0.956649 0.0821351 -0.88239 0.225919 0.172727 0.694992 0.958178 -0.64089 0.352091 -1.18971 -0.695865 -1.15321 0.0248779 -0.033567 0.159149 -0.340265 -0.178294 -0.0967066 -0.095777 -0.286494 0.319059 0.633092 0.946434 0.155547 -0.835187 -0.0212095 0.085865 0.868022 1.32475 1.4712 1.01269 0.0578842 0.243944 2.70142 1.59219 1.45222 0.782379 4.07395 
-1.02392 -0.806157 0.713131 -0.191276 0.963372 0.470036 0.754164 1.17434 1.0772 0.753142 0.162944 0.313789 -0.629596 -0.00465645 0.0510432 0.332358 0.461055 0.819929 0.92836 0.0954948 0.308059 1.81575 1.6166 1.13998 0.192579 1.87225 -0.106042 0.0397302 -0.413036 -0.041744 -0.0509864 -0.0380013 0.0797429 0.314141 -0.968665 -0.556815 -1.07422 -0.548825 2.27699 
-1.03961 -0.905606 0.414493 -0.421334 1.04585 1.10109 0.790487 1.26624 1.17486 1.96869 -0.0497283 -0.503285 0.719038 -0.0811638 0.00616319 -0.253887 -0.382009 -0.229281 -0.134708 -0.016034 0.0276468 -0.649605 0.0762766 -0.127783 -0.393278 1.4418 -0.0449398 0.0961437 0.0661546 0.100595 -0.84369 -1.56018 -0.211432 -0.362721 -1.84572 -2.2916 -1.50728 0.707145 -2.31963 
-1.10508 -0.799994 0.459244 -0.573285 0.734092 0.335328 0.73813 1.20199 0.427596 0.829419 0.0351607 -0.0794888 0.812206 -0.0495963 0.147187 0.398513 0.56165 -0.0237616 -0.631819 -0.115937 -0.054662 -0.0299738 -0.674997 -0.3673 0.899724 -0.447388 0.189807 -0.0115382 0.111782 0.533404 0.272668 0.0296099 0.0452532 0.480126 1.45852 -0.225222 -0.356777 0.358077 -1.45926 
-1.0892 -0.758419 0.813007 0.140316 1.02209 0.469269 0.67455 1.21158 1.14489 1.29369 -0.417029 0.396439 0.27165 0.108643 -0.00537504 -0.142105 0.151395 0.0433877 -0.105098 0.0292192 0.507773 0.808917 -0.148945 -0.48456 -0.0352006 -0.0174578 0.113895 -0.161162 -0.652846 -1.30098 0.0076583 0.187721 0.0280384 -0.597624 -1.6877 0.434302 0.794939 -0.885262 0.792367 
-0.996441 -0.805369 0.317139 -0.42189 0.777479 0.23023 0.767349 1.70976 1.23651 0.680474 -0.449399 -0.114689 0.794748 0.0642988 -0.0139751 -0.254333 -0.739328 -0.0161033 -0.444098 -0.0878986 -0.652286 -1.71768 -0.240696 0.427639 0.0144626 0.344979 -0.178599 -0.0440452 0.223284 -0.390698 0.0631135 1.19738 0.217833 -1.23011 -0.72686 0.462676 0.689305 -0.251156 -0.318274 
-1.0249 -0.772394 0.558673 -0.599012 1.00598 0.0251713 0.586651 0.559289 -0.57279 1.053 0.0106103 0.410902 0.616629 -0.0699563 -0.0494203 0.081179 -0.239303 0.106501 1.09229 0.247053 -0.722334 0.0820573 0.31373 0.204745 -0.286357 -0.335731 -0.144518 -0.411845 -0.193149 0.255355 -0.637898 -0.195195 -0.0376004 1.3501 2.77444 -0.0274313 -1.16953 -0.113881 -0.244302 
-1.0664 -0.854789 0.398318 -0.661193 0.88398 1.32252 1.0144 0.987425 1.31857 0.994204 -0.244654 -0.401046 0.459016 -0.0802192 -0.42582 -0.447482 -0.483973 -0.654001 -0.639293 -0.125499 0.697818 1.05676 -0.268127 -0.741888 -0.0994184 0.100677 0.0878523 0.0682521 -0.225275 0.251422 -0.552458 -2.44259 -0.695864 0.562185 -1.0532 -0.755075 -0.977523 0.38109 -0.553847 
-1.10512 -1.19821 0.111191 -1.08298 0.351981 -0.614121 0.461152 1.25711 0.48397 0.784871 -0.731278 0.311483 0.717306 0.017896 0.0188318 -0.144096 0.0121194 -0.445956 -1.35031 -0.448812 -0.160149 -0.97114 -0.441345 -0.772779 0.0947335 -0.889579 0.202753 0.851318 0.926666 0.778159 1.00265 2.10269 0.413468 -0.969991 -1.24694 0.480372 -0.0852866 -0.478704 -0.461824 
-1.0485 -0.835957 0.254222 -0.649073 0.438024 -0.0277915 0.56559 0.827276 0.347429 0.552859 -1.01743 -0.306312 -0.430562 0.122534 0.425498 0.479184 0.294186 0.34865 1.4634 0.287969 -0.272174 -0.190184 0.212245 -0.827174 -0.578122 -0.361147 -0.0220176 0.02156 0.0678186 -0.506148 0.758798 2.61925 0.827189 0.0805514 0.748586 1.55015 1.73831 0.84002 0.994366 
-0.982588 -0.772716 0.590375 -0.788798 0.700631 0.849278 0.749122 0.984933 0.293785 0.997116 -1.55845 -0.266639 0.356159 -0.00412161 0.0403918 -0.0762777 -0.494028 0.312842 1.26894 0.378377 -0.0795977 -0.222555 1.10881 0.965533 0.934753 0.104787 -0.183324 -0.292702 -0.276429 0.288709 0.170341 -2.27003 -0.944801 0.394967 0.650931 -0.544497 1.4689 0.510607 1.08921 
-1.05262 -0.795565 0.177944 -1.1431 0.750866 1.24115 0.943967 0.747678 0.124875 1.66166 -0.0518996 0.628441 -0.325775 -0.0607897 0.132796 0.202754 0.582896 0.518991 -0.806629 -0.656832 0.122793 0.460746 -0.332252 0.641726 -0.0675151 0.728058 -0.00832687 0.219377 1.07094 1.54855 -0.159748 -1.73279 -0.832002 0.165023 0.196779 -3.47259 -1.58514 -1.8359 -0.87113 
-1.04338 -0.63992 0.79313 -0.205903 1.21962 0.0426489 0.0922901 1.10773 0.754531 0.664864 -0.916726 -0.334154 1.08422 -0.0124485 0.259768 0.994658 1.05452 0.153094 -0.463848 -0.453625 0.0854255 -0.0257758 -2.36378 -0.619606 -0.901145 -0.766343 0.0959246 -0.0435073 -0.0193982 -0.264701 -0.820592 1.19099 1.11387 -0.954032 -0.366752 0.209399 -0.786708 0.499423 -1.45951 
-1.06507 -0.535797 1.1726 -0.0885823 0.903959 0.777305 0.490342 0.833104 0.0990987 -0.70212 -0.671506 -0.272704 -1.09212 0.0351349 0.0892886 0.183356 0.318194 -0.301602 0.384358 0.457042 -0.831239 0.0939938 -0.122852 -0.144981 0.431908 -0.731455 0.103352 -0.277678 -0.898174 -0.552754 0.152882 0.156431 0.35154 -0.967288 -0.301675 3.13885 -0.382382 1.33038 2.23874 
-1.00824 -0.550631 0.976486 0.112292 0.91802 0.427007 0.549332 0.276487 0.848525 0.542012 -1.06171 0.0977535 0.352761 0.0909034 -0.0179097 0.0964846 0.501766 0.305976 -0.307418 -0.102085 -0.881863 -0.327451 0.77507 -1.00199 0.42924 1.4724 0.0495242 -0.106276 0.0362655 -0.239612 0.405169 0.0270181 -0.859796 0.799715 -1.90395 -1.15177 0.662457 -0.574292 1.93213 
-0.974168 -0.553707 1.26909 0.413184 1.20994 0.469888 0.388256 -0.0487592 -0.228352 0.0729509 -1.67349 0.156536 0.380282 0.0846591 -0.0169876 0.219622 0.0785826 0.103568 0.411376 -0.402754 -0.0315241 -1.80996 -1.27462 0.517476 -0.142384 1.20067 0.0463556 0.0600507 -0.320386 -0.751917 -0.686356 0.50296 -0.434047 0.921089 -0.976656 -1.14544 2.22537 -0.941023 -1.07437 
-0.923584 -0.567619 1.19611 0.190874 1.02159 0.838383 0.146579 0.244963 -0.96143 -0.732611 -0.544231 -0.0446304 1.55343 0.137259 0.042141 -0.223902 -0.250151 -0.38038 0.195543 -0.536132 0.0392265 -1.30411 -0.370372 1.22338 -0.511783 0.398031 0.0589849 0.107061 -0.105152 -0.0649628 0.0243049 -0.439566 -0.148383 -0.252325 1.6155 1.13026 -0.440434 -0.64851 -2.2227 
-0.836909 -0.511566 1.04519 0.163033 0.829556 0.66543 -0.147876 -0.00953273 -1.53246 -0.297421 -0.450111 -0.355246 0.778313 0.143644 0.0900732 0.114469 0.0136198 0.127873 -0.0281897 -0.551137 -0.283849 -0.194454 -0.144366 0.0770416 -0.790894 -1.02203 0.0280683 0.0458663 0.368791 0.254232 0.197814 -0.11053 0.191222 0.0168268 2.63321 0.07596 -2.00684 0.226999 -0.11732 
-0.77994 -0.477546 1.31058 0.204494 1.14946 0.810193 -0.404558 -0.0388861 -1.15588 -0.876977 -0.467189 -0.835524 0.531404 0.165327 0.0880073 0.144889 0.00408111 -0.182566 0.0850124 -0.34491 0.0560532 1.3291 -0.294412 -0.783453 -0.284783 0.280711 0.231527 -0.503522 0.289727 -0.121511 -0.867185 0.0209039 -0.0398075 0.593241 0.930265 0.640456 -0.971446 0.738399 1.39699 
-0.671582 -0.423558 1.19007 0.167114 0.646991 0.750443 -0.492785 0.0465205 -0.203361 -0.591834 -1.23356 -0.64003 1.05902 0.375171 -0.413449 0.404196 -0.107891 -0.739312 -0.00728579 -0.590944 0.309392 0.735811 0.49609 -0.894405 -0.0524952 0.374959 0.466877 -0.680063 1.01097 0.0310592 -1.01383 1.18781 -0.600559 0.0363327 -1.71548 0.553314 1.04426 0.367437 -0.493075 
-0.404769 -0.890995 1.71477 0.0966029 0.410149 0.802907 -0.995502 0.270506 -0.420074 -0.380887 -1.36159 -0.88802 0.906363 0.632204 -0.592056 1.15586 0.0351403 -1.1964 1.27282 -0.945468 0.0923859 -0.386379 0.258901 0.260803 0.0826532 -0.212364 0.531675 0.44895 -0.241342 0.725372 -1.08313 0.922418 -0.113832 -0.439372 -1.03113 -0.508746 1.31195 -0.339248 -0.306796 
-0.0393773 -1.01561 2.34594 0.202254 -0.549406 2.02326 -1.43825 0.138906 -0.58974 -0.332933 -0.972761 -0.557377 0.846659 0.906846 0.0355012 0.162854 0.61748 -1.82244 0.915133 -0.704776 -0.12998 -0.295317 -0.0126559 0.417546 -0.391744 0.0681622 0.0920417 0.751604 -2.06877 1.02606 1.03795 -1.92545 0.187213 0.540262 -0.820866 0.640454 0.208528 -1.67297 -0.920108 
0.502077 -0.855494 1.87763 0.714083 -1.4123 1.71804 -1.70028 0.140525 -0.715391 -0.393543 -0.944048 -1.27976 0.974525 0.724246 0.159549 -0.912905 1.0612 -0.158442 -0.652631 -0.758255 0.632648 -1.20724 0.899356 0.469331 -1.59032 -1.13247 -0.628896 -0.130107 -0.438011 -0.364876 3.06872 -1.46667 0.429861 0.687745 -1.16953 0.124271 0.181095 0.146803 -0.387254 
0.684869 -0.856066 1.43303 1.26346 -0.707848 1.37063 -2.19651 0.771555 -1.79698 0.566423 -0.50343 -2.14769 -0.285813 0.27795 -0.0946062 -0.275157 0.252605 1.24627 -0.551535 -0.274915 0.557765 -1.46485 0.111615 0.598641 -0.244941 -0.319092 -0.657457 -0.0598006 0.330732 -1.23487 0.408527 -0.0194587 0.944145 -1.36936 0.734498 -1.26297 -1.28638 2.44906 1.67239 
0.780027 -0.9501 1.60247 0.966688 -0.166024 1.16651 -1.97519 0.69829 -2.18024 -0.281928 -0.345406 -1.5247 0.655433 0.0667889 0.0997481 -0.582174 -0.17367 0.250085 -0.672089 0.18589 -0.736711 -0.472746 -0.363617 -0.817054 0.858743 0.539919 -0.10029 0.90526 -1.36231 1.19397 -1.43465 -0.986126 0.647912 -1.41396 3.3707 0.050806 -1.26262 0.866388 0.0180502 
0.751658 -0.756318 0.850858 1.08979 -0.457762 0.698543 -2.01062 0.0348435 -2.26973 0.202806 -1.32048 -1.28895 0.254107 0.17766 0.810654 -1.63747 1.44657 -0.188383 -1.53766 0.372998 -0.856194 1.90586 0.162421 -0.663975 0.621448 -0.301042 0.30068 0.778851 -1.14135 1.86713 -0.221263 -1.02369 0.575184 -0.213874 2.45258 -1.29748 1.61865 0.145124 0.608237 
0.957687 -0.139446 -0.035 2.41326 -0.354407 -0.371156 -1.6022 -0.157904 -0.27438 -0.119507 -1.00938 -0.903256 0.354391 0.367469 0.8786 -1.72352 1.69346 0.0288223 -1.69578 0.761074 -0.950585 1.97983 -1.6611 0.801597 1.00387 1.14816 0.0436234 -0.36923 0.625918 -1.29601 0.0647152 0.115707 0.161572 -0.0968524 -0.747327 -1.25481 1.73402 0.106153 0.952 
1.11913 0.122282 -0.872666 2.78325 -0.42894 -0.997232 -1.24954 -0.915741 -0.289897 -1.45829 -0.518887 -0.285083 1.40226 0.221284 0.441424 -1.01155 0.15056 -0.123667 -1.42195 0.53457 -0.953047 1.15853 -1.09239 1.07005 0.727601 0.650959 -0.26418 -0.727642 1.19884 -2.17232 -0.794299 0.668754 -0.927007 0.947029 -1.26869 1.76086 -0.541058 -1.42942 -2.0457 
1.17897 0.301979 -1.04655 2.56382 -0.478074 -1.79311 -1.06763 -1.11095 0.884151 -1.2119 0.0606644 -0.175655 1.00535 0.103289 0.150958 -0.524685 -0.478864 -0.765477 -1.02702 -0.165932 -0.00355612 0.711143 0.0997645 0.260539 -0.425554 -0.897545 -0.121334 -0.685844 0.323808 -0.445463 -0.900312 1.07397 -1.00437 0.682786 -2.12812 0.629686 -1.38871 -1.15328 -1.60283 
1.22242 0.27324 -1.39735 2.30438 -1.19442 -2.02425 -1.41548 -0.919297 0.421246 -1.35853 -0.258348 -0.710637 0.504718 0.0999496 -0.24442 -0.687744 -0.294903 -1.02398 -0.347988 -0.469802 -0.270261 -0.969593 -0.462703 -0.318667 -0.425676 -0.951873 0.0717872 -0.26688 -0.00523053 0.89576 0.566706 1.50845 -0.0791723 0.297709 -0.317584 1.73285 0.268001 0.68512 1.30759 
1.27892 0.0575587 -1.7343 2.26891 -1.50205 -2.1411 -1.53743 -1.38121 -0.0854427 -1.6746 -0.258003 -0.601331 0.053477 0.175076 -0.115922 -0.529915 0.416896 -0.19877 0.481432 -0.245105 0.294153 0.393559 1.83262 0.52854 0.259565 0.410042 0.166852 -0.00522719 1.25163 -0.523487 2.0064 0.0522953 0.760316 0.840125 2.69024 2.32358 1.02027 0.0704754 0.925284 
1.39749 0.157318 -1.92727 2.72128 -1.39319 -1.54282 -1.66058 -0.625145 0.814805 0.47409 0.270191 -0.451071 0.914759 0.266802 -0.249647 0.563885 -0.81839 0.982421 -0.295692 0.290514 0.569864 1.72065 1.86087 0.701602 -0.355201 -0.0265882 -0.100394 0.150799 0.913561 -1.61044 0.755659 -0.17394 0.624142 -0.461641 -0.168839 -1.85498 -0.687224 -1.19046 -1.72243 
1.54572 -0.192088 -1.17041 1.45052 -0.519632 -2.43679 -1.24691 -0.811348 1.6352 0.186274 0.443599 -0.956532 0.0268888 0.0746825 0.0348772 0.383645 -1.19354 0.556889 0.307492 0.379037 -0.167488 0.22472 -0.0223615 -0.158684 -0.930898 -1.31239 -0.390198 0.845476 -1.19746 0.740424 -1.79579 2.91836 -0.265753 -0.484963 -3.10024 -1.23819 -0.695865 0.331011 -1.21804 
1.47217 0.192195 -1.54362 1.52774 -0.836298 -1.23533 -1.28154 -0.792633 1.03952 0.451728 0.111507 -1.38197 -0.397629 -0.123396 0.595829 -0.633575 -0.0779656 -0.813372 2.62267 0.0247611 0.0849014 -1.37959 0.62268 0.00573696 -0.0241903 -1.24463 -0.215569 0.0361889 -0.815734 0.0325845 -1.52396 0.75028 -0.383313 -0.774485 -1.93339 -0.346775 0.657712 0.265699 -0.936475 
1.42233 0.40374 -1.80399 1.37256 -1.333 0.185877 -1.22215 -0.726446 0.255611 0.808953 0.449336 -0.980722 -1.21774 -0.140886 0.0710661 -0.432088 -1.16095 -0.967069 1.05777 -0.00427524 -0.941973 -1.70867 -0.369137 0.499028 -0.6652 -2.24886 0.0441509 -0.537561 0.929695 -0.716908 0.573559 -2.63944 0.453161 -0.462859 0.854433 -0.629134 1.26766 -0.528793 0.576592 
1.33129 0.263261 -1.97571 0.366786 -1.80337 -0.177557 -1.28582 -1.73461 -0.669147 0.0825917 0.610535 -2.04717 -2.64649 -0.0792449 0.0582681 0.29612 -0.794874 -0.239813 -0.0167697 0.477923 -0.377958 -0.525159 -0.00645448 1.27339 -0.552984 -0.668033 0.141014 0.103836 0.809706 1.03986 0.800284 -0.632254 0.810828 1.66331 1.28209 0.398717 0.981151 1.12106 3.15694 
1.34308 0.462008 -1.50787 0.577686 -1.57282 0.169108 -0.74423 -1.1044 -0.269548 0.802499 1.72273 -1.53371 -1.88577 0.000128125 0.174902 0.377618 -0.121091 -0.166785 0.425518 0.806552 0.721341 -0.426581 0.0295805 1.48018 0.455859 0.908075 0.0171212 0.0769735 -0.462295 0.520103 -0.365151 -0.0489576 -0.00518486 0.440343 -0.211295 -0.175734 -1.23078 1.27445 0.824181 
1.33142 0.438163 -1.59809 0.245695 -1.97015 0.247961 -0.479267 -1.01326 -1.09573 0.112172 2.09071 -1.59131 -1.73842 -0.0621236 0.135242 -0.166175 -0.274771 -0.604963 -0.0657273 0.472738 0.0623854 -0.736454 -0.182188 0.0426114 0.721463 0.156148 -0.0112754 0.0570471 -0.105976 -0.00447161 0.490129 -0.96058 0.0962475 -0.977314 0.879991 0.90964 -1.89137 0.904741 0.0901307 
1.28096 0.59725 -1.67404 0.302915 -2.17778 0.10338 -0.271492 -1.04202 -1.006 0.620311 1.76534 -0.812243 -1.72962 -0.0111473 0.231949 0.271641 -0.125563 0.323344 -0.535062 0.9028 -0.255973 0.45341 0.93922 -0.411193 1.3606 0.998205 0.10192 -0.334289 1.17108 -0.393657 1.59464 -0.420409 0.606916 -0.628841 0.470501 0.57086 0.272125 -0.649505 0.730126 
1.32027 0.670112 -1.32645 0.120132 -1.64681 -0.287101 0.423533 -1.26924 -0.642318 1.05139 1.67952 -0.230711 -0.740213 0.0397961 -0.199047 1.00491 -0.668428 0.989678 -0.486136 1.07965 -0.566455 -0.265953 0.388672 0.314736 0.071958 0.886274 -0.0594015 -0.319029 0.158244 -0.36771 0.938523 -0.454527 -0.475665 0.0712784 -0.824908 -1.89178 1.52972 -0.946398 -2.06441 
1.32075 0.398203 -0.669131 -0.365514 -1.1881 -0.382756 0.808161 -1.60847 -1.27196 1.00898 2.08008 -0.740285 -0.843346 -0.0705488 -0.0870799 0.429885 -0.493273 1.26187 -0.989589 0.427135 -0.184695 -0.371497 -0.952562 1.11853 0.414202 -1.0662 -0.190012 0.594871 -1.23709 0.306259 0.281085 -0.849597 -1.36038 0.594227 2.47223 -1.78721 0.515347 3.01549 -2.22693 
1.24972 0.583032 -0.896565 -0.373141 -0.38494 -1.27669 0.850668 -1.45393 -1.01382 0.0988306 2.79805 0.183491 -1.80642 -0.150215 0.395824 -0.232183 -0.362169 1.27076 -1.33573 -0.280726 0.0277714 2.20628 -1.39854 0.830083 3.08745 -1.34066 -0.0979358 0.622738 -0.279223 -0.241134 -0.896394 1.0168 -1.41367 0.0815698 2.81062 0.117976 -1.82686 1.62946 1.4093 
1.17054 0.794027 -0.901314 -0.727683 0.0826598 -1.71849 0.527435 -1.5807 0.93432 -0.389557 2.91016 2.34716 -2.184 -0.168485 0.535658 0.150662 -0.734407 0.365473 0.0272083 -0.986536 -0.103125 2.43912 -0.834586 -0.708334 2.04366 0.343094 -0.122163 0.386038 0.314948 -0.282894 -1.73189 2.98989 -1.08947 0.248234 -1.82059 0.719461 -2.57397 -3.75828 2.83846 
1.08124 1.11869 -0.745903 -1.10755 -0.0194675 -1.24948 -0.135868 -1.55706 1.4253 -0.735755 2.08971 2.22715 -1.46332 -0.272379 0.781862 0.0827647 -0.645063 -0.461131 1.65415 -1.37019 0.276005 0.385687 -0.679078 -1.74389 -0.670828 1.4978 -0.12616 0.105225 -0.345822 0.440774 -0.733255 1.5404 0.0346379 0.201799 -2.73133 -0.142334 -0.461837 -2.8601 0.293368 
0.89816 1.57589 -0.818549 -1.37275 -0.378471 -0.064335 -0.842758 -1.3047 1.32001 -1.06863 1.16627 1.67634 -0.686203 -0.294645 0.640884 -0.195159 -0.293633 -0.367782 1.56761 -0.951898 0.0986738 -0.292215 -0.97692 -1.17017 -0.81644 0.636462 0.182346 -0.641445 -0.054926 0.927342 0.677111 -0.861046 1.4832 -0.372699 -0.91517 0.712238 1.4745 0.426329 -0.697643 
0.78659 1.75957 -0.941062 -1.40118 -0.38725 0.318128 -1.08777 -1.45838 1.13309 -1.71268 0.91954 1.41071 -0.826859 -0.090033 0.140418 0.0278386 0.282279 0.21598 0.793107 0.113009 -0.0966935 -0.529483 0.0331603 -0.269389 -0.244499 0.800158 0.233546 -0.531815 0.458029 0.768241 0.838471 -0.884532 1.25322 -0.123306 0.190808 1.82069 1.18475 0.793011 0.271261 
0.808127 1.71631 -0.790711 -1.09047 -0.162491 0.728772 -0.729749 -1.40139 0.790523 -1.03547 0.896881 1.43184 0.113955 -0.0610994 0.109069 0.26287 0.474608 0.470688 0.683078 0.301319 -0.0246318 -0.101407 0.843766 0.0145763 -0.0234298 0.907723 -0.0412403 0.0150889 0.286458 -0.49539 0.0932005 -0.391892 -0.257821 -0.0251 0.706308 -0.528044 -0.00297522 0.517848 -1.4635 
0.725491 1.86864 -0.678192 -0.926573 0.0834384 1.00121 -0.786447 -1.48302 1.03168 -0.868909 0.934117 1.38728 0.0808635 -0.131273 0.155507 0.314296 -0.213111 0.309181 0.401215 -0.144812 -0.121794 0.176825 -0.494884 -0.272364 0.273349 -0.663343 0.000625252 -0.107858 -0.520193 -0.822133 -0.850007 -1.28521 -0.395802 0.444605 0.0449875 -2.77133 -0.901281 0.512543 -1.93714 
0.676854 1.87181 -0.476414 -1.30358 0.14669 1.12999 -0.874561 -1.52318 0.967348 -1.53036 0.624517 1.70519 -0.549388 -0.0604741 0.00121044 -0.257323 -0.347525 -0.379319 -0.602136 -0.0944828 0.419974 -0.0564193 -1.92756 -0.886705 0.489113 -1.02942 0.162077 -0.159719 -0.370074 0.320934 -0.19984 -1.91558 0.774969 1.13452 -0.361922 0.0213395 -0.0164614 0.34295 0.169109 
0.665017 1.86985 -0.935515 -1.2741 -0.295881 0.39907 -0.88093 -1.06304 0.975262 -2.79647 0.0474117 1.8764 -0.948557 0.0308039 -0.00421262 -0.055778 0.107823 0.109341 -1.51436 0.630156 1.01273 -0.185097 -0.473544 -0.288826 0.6163 -0.494234 0.00681261 0.100097 0.513517 0.529613 1.12344 -0.700774 0.882998 0.633262 -0.76254 2.74786 1.7776 -0.179341 0.658266 
0.707658 1.8676 -0.532192 -1.19576 0.256031 -0.384372 -0.244405 -0.510458 0.782252 -2.0039 0.335691 2.32149 -1.04362 -0.0536615 0.101307 0.256195 0.182088 0.74412 -1.30291 0.788515 1.05324 -0.818959 0.820304 0.89089 0.309772 -0.371155 -0.266766 -0.0623171 -0.215155 -0.0879801 -0.394132 0.228036 -0.121013 -0.819506 -2.28899 -0.115216 0.841217 -1.8082 -0.792082 
0.611355 1.97116 -0.67932 -1.09201 0.448239 -0.903839 -0.092415 -0.0098065 0.156303 -1.97617 0.938302 2.18617 -1.31971 -0.235962 -0.0665298 -0.270933 0.0198429 -0.284791 -1.28632 0.509144 0.193221 -2.47409 -0.588761 0.552391 -1.1919 -1.28632 0.0140305 -0.478291 -0.107004 0.458 -1.55163 0.994304 0.268864 -1.07987 -1.01967 -0.185526 -0.587695 -0.991889 0.231079 
0.471696 1.80107 -0.803126 -1.17591 -0.0287602 -1.6707 0.264739 -0.317237 -1.69184 -2.59266 0.888083 1.12959 -2.32994 -0.039631 -0.376983 0.149191 0.640088 -0.807514 -0.308606 1.05738 -0.0266299 -1.83863 0.634778 0.303196 -0.682118 -0.140076 0.366841 -0.240902 0.806354 1.15027 -0.965308 2.24598 0.775663 -0.326571 2.02462 3.44941 -0.968177 0.510706 3.67157 
0.571724 1.59418 -0.530129 -0.451922 -0.359275 -1.21245 0.964964 -0.0364364 -1.68233 -1.34139 1.2415 1.50405 -1.45979 0.130879 -0.307432 0.53542 1.17011 -1.2501 0.959655 1.28481 -0.13335 -0.449471 2.86065 -0.415785 -0.68119 2.38526 -0.0210085 0.305179 0.0180843 -0.456792 -0.389742 -0.549603 -0.60819 -0.796654 1.88005 1.2886 -1.70775 -1.12887 1.88631 
0.602575 1.49364 -0.267705 -0.00580093 -1.27886 -0.711041 1.54955 -0.450587 -2.14131 0.267991 0.472298 0.448401 0.05532 -0.0606396 -0.0718044 0.167275 0.183296 -1.19726 -0.858208 0.449189 -0.823284 0.041422 1.92338 -1.40455 -1.81099 1.74623 -0.32607 0.440706 -0.417561 -1.22095 0.783638 -2.1901 -1.39384 0.162478 0.759953 -2.79297 -0.458427 0.118909 -2.14535 
0.511085 1.52237 -0.362854 -0.268626 -1.55653 -2.07065 1.41415 -0.85972 -1.6409 0.581988 -0.163057 -0.30694 0.286444 -0.195191 0.133274 0.117859 -0.0508366 -0.466461 -1.23045 -0.10903 0.0291283 0.310482 0.067684 -0.874212 -0.562281 0.239903 -0.0532647 -0.161206 0.202118 -0.0455532 0.98354 1.69936 -0.386809 1.02709 0.493396 -2.05231 1.30582 2.16581 -0.850726 
0.407384 1.62691 -0.149846 -0.0566375 -1.74532 -1.94149 1.44052 -0.421459 -1.83083 0.335675 -0.401915 -0.11388 0.295223 -0.113904 -0.23301 0.369393 0.137742 -0.213717 0.841149 0.0623792 0.203806 0.534818 -0.128934 -0.0987296 0.354817 0.895507 0.0929071 -0.474916 0.268062 -0.116035 0.638016 2.61001 0.173061 -0.184928 1.79093 0.50592 1.61927 1.61288 1.03467 