-1.00576 -0.788007 0.761704 -0.695246 0.344304 0.318359 -0.524359 0.777578 -0.621998 -1.30234 -0.563282 -1.43926 -1.49944 0.0811044 -0.290381 0.0973409 0.524575 -0.29602 0.906096 0.154243 0.172778 0.093301 -0.90496 0.248346 1.01521 -0.0772234 0.043541 0.179547 0.643083 1.33254 0.0592999 0.132643 0.307773 0.739701 4.59269 6.73479 3.01067 5.28472 4.93457 
-0.904631 -0.885521 0.983066 0.00498203 0.348409 1.15078 -0.705997 0.973578 0.666356 0.337921 0.473272 0.71844 0.449071 0.0383752 0.0801436 0.345726 0.830706 0.187604 0.144517 0.155184 0.237494 2.01756 2.83616 1.85199 3.28995 2.72087 -0.152136 0.399459 -0.0870288 -1.04967 0.212865 -1.62628 0.445537 -0.0213861 -0.354334 2.03243 0.249158 -1.50542 -1.01467 
-0.967388 -0.707863 1.10743 0.135461 0.531908 0.462876 -0.369175 1.01507 1.39556 1.53381 1.28871 1.85069 1.22143 -0.0710319 0.109079 0.0103121 -0.525091 -0.083155 -0.720185 0.59978 0.151392 -0.261033 1.12747 0.497504 -0.490202 -1.09189 0.011678 0.087614 -0.478273 -1.33839 -0.12814 -0.140772 -0.0342895 -0.251578 -2.93901 -4.58191 -3.25093 -4.5911 -4.88642 
-0.975663 -0.776442 0.993378 -0.520109 0.265254 0.430594 -0.106217 1.12497 0.405322 1.46539 0.970776 0.228237 -0.642819 0.0500532 0.167758 -0.132547 -0.507683 0.0594633 0.00374527 0.120894 -0.0140839 -0.921448 -1.74575 -1.39894 -1.30115 -2.16556 0.106265 0.015052 -0.215538 0.592058 0.353062 1.06932 -1.44359 -1.14449 0.772962 -1.92503 -1.3321 0.937534 2.49642 
-0.917335 -0.540106 0.974883 -0.372223 0.591371 0.466621 -0.248281 1.00099 0.474115 -0.211942 -0.110229 0.549535 -0.94413 0.0352327 0.124131 -0.205225 0.0669669 0.269907 0.349133 -0.843809 -0.993099 0.511929 -0.797564 -0.834594 0.447331 1.40453 -0.051965 -0.309901 -0.19472 0.319868 -0.0938436 0.302585 -0.51034 -0.485437 0.437827 1.75774 2.17504 -0.440802 3.14053 
-0.94043 -0.652312 0.788153 -0.453142 0.535161 0.779726 -0.950026 0.131871 0.917251 0.667824 0.136182 0.675569 0.761711 -0.00191174 -0.142143 -0.327266 -0.187815 -0.0343803 0.30633 -0.389445 -0.499521 -0.483622 0.0119835 0.776104 -1.74195 0.974972 0.0814398 0.0346902 0.255632 0.56765 -0.248388 -0.523793 0.809097 1.42996 -1.38744 -0.3881 1.06343 -1.47454 -1.18056 
-0.919247 -0.682249 0.647617 -0.560038 0.556991 0.772951 -0.637726 0.501467 -0.00950726 -0.199958 0.665875 -1.19242 0.0308422 0.116672 0.158821 0.0504066 0.634617 0.0215189 -0.17466 -0.0347116 0.436857 -0.87551 -1.18566 0.228833 -1.02721 0.223972 0.171835 0.252355 0.218472 0.0604689 -0.25267 -1.21607 -0.00984432 0.174811 0.410456 1.38208 -0.0352387 3.92694 0.109695 
-0.823758 -0.493491 0.838559 0.181475 0.55668 0.605066 -0.984738 0.568728 0.0417416 -0.517841 0.365015 -0.351643 0.985683 0.169923 0.110212 -0.108794 -0.127346 -0.28705 -0.909741 -0.39929 -0.32471 -0.0731659 1.39406 0.740865 2.18499 1.08467 -0.0680566 -0.50043 -0.51065 -1.32794 0.602889 0.374358 0.556736 -0.506428 1.67616 3.55247 1.10097 2.71901 -1.48144 
-0.749323 -0.572037 0.538823 -0.687384 0.269941 -0.13679 -1.03702 0.176757 -0.0826731 1.1941 1.40674 0.992573 1.11551 0.0486159 -0.341609 -0.460244 -0.693327 0.624408 0.199698 0.522024 -0.0695706 0.800655 2.36681 1.3298 1.6918 -1.25747 -0.103754 -0.592675 0.205012 0.491736 1.07467 2.24968 1.33194 1.11731 1.28808 -2.08265 -1.77014 -3.70943 -3.26117 
-0.775142 -0.8351 0.378316 -0.511852 1.18109 0.804764 -0.462714 0.499158 0.842396 1.84897 1.69482 1.34016 -0.271786 0.0661693 -0.482463 0.0962172 0.364389 0.787624 1.33994 0.932648 0.792602 1.21491 -0.688588 -1.02927 -1.52444 -2.1765 0.0599022 -0.145017 0.572836 0.254264 -0.984661 -0.413426 -0.2445 0.440777 -0.340356 -2.97679 -2.24447 -3.41569 1.40098 
-0.683154 -1.0545 0.63504 -0.322995 1.05756 1.20315 -0.104368 0.969359 1.13224 0.505514 0.377466 -0.531869 -1.06099 0.108518 -0.486626 0.112593 -0.439063 -0.360253 -0.213728 0.277525 0.371207 0.460299 -0.609979 -0.914671 -1.72388 0.143511 0.0122841 0.203279 -0.560761 -1.12086 -0.723155 -1.96808 -0.951537 -1.40808 -2.01512 1.08945 2.00591 2.43715 3.85663 
-0.666623 -1.32173 0.490908 -0.950914 0.820835 0.591036 -0.185189 0.870365 1.3027 1.23899 0.780149 -0.383723 -0.128276 0.0784534 -0.279184 -0.464544 -0.756469 0.0644691 -0.628134 -0.0188889 -0.61548 -0.800201 0.400861 0.976638 0.912712 1.68014 0.267678 0.604232 -0.554868 0.239837 1.25105 0.203971 0.164036 -1.32577 -2.73393 -1.11577 0.346692 2.4079 1.30499 
-0.604701 -1.33368 0.170496 -1.07946 1.12203 0.575018 -0.123257 0.353879 0.33204 0.906375 1.3541 0.380842 0.619148 0.376196 0.117606 -0.442276 -0.199226 0.890797 -0.00975727 0.44156 -0.954558 -2.27363 -1.72575 -0.567979 0.684014 1.4485 0.220217 0.444807 0.661081 0.776941 0.339179 0.376908 -0.144224 0.557553 -0.207809 -2.04952 -2.49061 -2.02443 -0.0511996 
-0.290428 -1.20412 0.0486323 -1.15014 1.71163 0.581279 0.256372 -0.0841939 -0.970933 -0.486763 0.212169 0.300291 1.32023 0.298671 0.165623 0.196537 0.0204721 0.403648 -0.251225 -0.163113 -0.0579274 -1.00801 -1.64866 -1.51397 -1.11172 1.62894 -0.424886 -0.227868 0.630603 0.588014 -1.51745 -0.593097 -0.803561 1.46604 4.0253 1.8655 -0.912778 -1.16422 -1.38906 
-0.30603 -1.16806 0.367033 -1.05899 1.52568 0.323793 -0.286369 0.295952 -0.67597 -0.742287 -0.159865 -0.730875 2.24809 -0.0486898 -0.110263 0.188327 0.388788 -0.626652 -0.602854 -0.362 0.511478 1.75167 0.139751 -1.48076 -0.480206 0.0594396 -0.439393 -0.432616 -0.238519 0.359988 -0.95324 0.0355601 -0.0822744 0.165924 2.28772 1.9805 2.91089 3.15716 -3.26091 
-0.339118 -1.31438 0.236959 -0.761352 1.08498 -0.0215752 -0.105629 0.427284 0.780736 -0.347012 -1.26859 -0.179915 1.37967 -0.140722 -0.266993 -0.0419823 0.380461 -0.549591 -0.215665 -0.245387 0.107997 1.27971 0.331839 1.39692 2.04545 -1.63197 -0.0189711 -0.479118 0.179657 -0.429346 0.79418 0.644824 -0.195868 -1.05074 -1.58131 -1.69734 2.47405 0.369544 -1.27739 
-0.446752 -1.43505 0.32505 -0.678531 0.976091 0.108128 -0.531756 0.403949 0.603743 -0.410447 1.23706 1.31457 0.616116 -0.067661 -0.589381 0.367984 -0.0405576 0.167527 0.0419698 -0.557868 -0.539259 0.170355 -1.55759 0.993296 -0.110662 -1.21795 0.262275 -0.229497 0.468716 -0.976129 0.53222 1.24381 0.793229 -0.33467 -1.54362 -1.35758 -2.14827 -3.63163 1.07423 
-0.406779 -1.90376 0.604943 -0.80191 1.25251 0.0203945 -0.663497 -0.111975 0.951091 -1.9046 -0.275291 -0.290577 0.161717 0.121553 -0.49649 0.426733 -0.595669 -0.0173711 1.02814 0.547842 -0.226673 -0.263903 -1.02574 -0.751351 -1.58619 -0.557736 0.119732 0.883071 -0.498933 0.151576 -0.249709 0.707118 1.15874 0.841214 -0.658949 3.69553 0.876039 0.561605 1.95265 
-0.325199 -1.93154 0.751784 -1.2742 0.95872 1.13627 0.0160857 0.177276 0.33984 -1.43619 0.485708 -0.271614 0.0583798 0.0520708 0.29369 -0.130949 0.111018 -0.0821814 0.749088 0.600876 0.301955 -0.488594 2.13794 1.86934 0.450943 0.7347 -0.0487185 1.33493 -1.48922 1.29937 0.560281 -1.22767 -1.13959 0.735834 0.0301955 2.93201 1.71255 3.17913 -0.0679289 
-0.354708 -1.61007 0.473994 -0.690892 1.17033 0.769483 -0.0626207 0.18998 0.462497 0.233346 1.59404 0.160367 0.896417 0.0728344 0.838438 -1.06249 0.7037 0.54291 -0.199531 -0.591744 0.509161 -0.233707 1.90627 0.961199 1.59294 -0.625665 -0.0118224 0.100449 -0.598414 -0.0842007 -0.0801502 -0.952501 -0.902582 0.0183573 0.389743 -1.93226 -2.3404 1.11957 -1.47897 
-0.252365 -1.09311 -0.310705 -0.570499 1.50163 0.936739 -0.575659 0.686437 0.106133 0.470081 1.44691 1.32133 -0.567285 0.0402484 0.394139 -0.729363 0.0268175 -0.162332 -0.203413 -0.301706 0.320312 -0.0988513 0.205687 -0.471064 1.57051 -0.744275 0.428507 1.10439 2.24627 -0.529323 -2.1914 -1.15447 0.28759 -1.22509 0.0110956 -3.01544 -1.90599 -3.51926 1.52058 
-0.314459 -1.21594 -0.255369 -0.664074 1.00799 0.56607 -0.364326 0.510292 0.363646 0.439033 1.12298 1.73088 0.152142 0.501342 1.94283 1.18379 0.174378 -1.64849 -1.354 -0.304154 -0.715926 -0.222612 -1.10917 -0.944793 -1.92632 0.894912 1.2048 2.22099 0.0395102 0.18401 -3.05302 -1.41688 0.798269 -3.06802 -1.7265 -1.14005 -0.585256 -3.71462 -0.709644 
0.248977 0.849724 0.873081 -0.396122 -0.146865 -0.417264 -0.879813 -0.0294894 -0.116479 -0.639088 0.502115 -0.604989 0.327627 1.24504 2.61513 -0.689853 0.210828 -3.21535 -1.6203 0.496563 -2.74771 -1.82535 -0.934361 -1.05632 -2.14411 -1.45392 0.619223 -1.97096 -2.92721 -0.712691 -0.0403439 0.894959 2.78605 -0.962436 -0.631244 2.52959 0.257873 3.13358 -1.7317 
0.930585 1.39919 -0.945222 -0.453246 -2.20735 -1.05423 0.132237 -2.23741 -1.4617 -0.495328 0.0666603 -0.413235 -1.30178 1.12056 -0.028131 -1.74342 -0.538313 -1.68884 -0.459043 2.4819 -1.67836 -0.853856 1.42043 -0.686919 1.20727 -0.83679 -0.803245 -2.89899 0.753194 -0.149956 3.41965 2.12043 1.19743 3.6106 3.07016 2.05488 0.569502 3.17699 2.05152 
1.36954 0.821593 -0.870342 -0.934435 -1.8357 -0.876307 1.60208 -1.70785 -0.970335 0.781338 -0.184804 0.602277 -0.509163 0.441799 -0.28386 0.0633406 0.0608718 0.204302 0.500136 1.694 0.86289 1.24481 1.12052 -0.486818 1.03288 0.597606 -1.14887 0.137315 1.37559 1.0261 1.65696 0.495787 -2.56554 1.42589 0.680414 -2.76692 -0.253838 -1.57044 0.235194 
1.37238 1.11533 -0.881882 -0.392375 -2.00305 -0.554091 1.82623 -1.37452 -0.216897 0.625195 -0.420158 0.619642 -0.704171 -0.02831 0.109184 -0.367836 0.487787 -0.0318815 0.036744 -0.0836448 -0.252472 -0.173442 -1.3465 -0.940757 -0.363177 -0.601596 -0.379796 -0.171416 -0.209571 -0.137457 0.505598 -0.0699367 -1.7954 -1.33881 -2.33874 -1.34411 0.675433 -0.61237 -0.282453 
1.34123 0.930777 -1.23818 -0.446648 -1.86759 -0.839563 1.51844 -1.96032 -1.14378 -0.565159 -1.12556 0.2391 -1.11076 0.0620033 -0.455276 -0.146231 -0.0765849 0.7099 0.430199 -0.101403 -0.47592 -1.09394 -0.223591 0.188615 0.420508 0.315152 0.0671684 -0.219216 0.274181 -0.00064804 0.297219 1.16948 -0.167876 0.266538 -0.267125 2.10475 1.42639 1.29589 1.02512 
1.43439 0.660057 -1.02811 -0.468959 -1.29315 -0.123891 1.72483 -1.85044 -1.31083 0.401604 -0.231543 1.04015 -0.389019 0.0388584 -0.110031 -0.0936544 0.487139 0.265337 1.20623 -0.251521 0.0140664 -0.440567 0.75825 0.485637 0.932716 0.423522 -0.0663261 0.466207 0.110747 0.171536 -0.839772 -0.0195423 -0.165951 0.640312 1.23316 0.107414 -0.495728 -0.328292 -0.552447 
1.38009 0.820746 -1.33183 0.0404919 -1.60225 0.366665 1.26692 -1.94626 -1.58434 0.193091 -0.639924 1.17182 -0.687238 -0.00432277 0.0109309 -0.0354842 0.0949514 -0.129872 0.410657 -0.267353 0.164391 0.139223 -0.116177 -0.307113 0.0922157 -0.237294 -0.039368 0.0393392 0.232855 -0.989188 -0.252261 -1.15693 0.333894 0.126747 0.552791 -1.58573 -1.0245 -1.01195 -0.153704 
1.43006 0.670988 -1.0636 -0.374008 -1.42302 0.286766 1.45748 -1.68605 -1.17161 0.285426 -0.538656 1.13237 -0.626313 -0.000509562 -0.0706923 0.139201 -0.502049 0.0130759 0.049301 0.0823738 0.140813 0.112223 -0.827481 -0.538865 -0.079231 0.269818 -0.0887842 0.203353 -0.282849 -0.036383 -0.685704 -0.0404977 -0.333444 0.192979 -1.94473 -1.29441 -0.63233 -0.750036 -0.442531 
1.37958 0.750053 -1.19263 -0.461557 -1.58917 0.415966 1.34929 -1.80544 -1.47212 -0.63439 -1.17879 1.09259 -0.41742 -0.0931069 0.214284 -0.318334 0.0585684 -0.815576 0.370159 -0.600797 0.35737 -1.80551 -1.41058 -0.939443 -0.657821 -0.679826 0.0284522 -0.137517 -0.0924966 -0.466099 -0.360858 -0.453949 -0.530057 0.424539 -1.92061 -0.387128 0.0321846 -1.44864 -0.933146 
1.33696 0.885273 -1.38193 -0.31544 -2.2386 0.656925 0.856682 -1.32868 -2.97712 -1.12516 -1.4781 0.474545 -1.30614 0.0279427 -0.208209 0.0467045 -0.968147 -0.347782 -0.404648 -0.447683 0.565352 -1.80838 -1.21461 -0.506681 -1.52787 -0.663328 0.16151 -0.142166 0.628282 0.00898042 1.36078 -0.544032 1.30452 0.0143861 2.96257 1.97148 1.05192 0.392928 1.63539 
1.40752 0.541844 -1.14593 -1.4297 -1.93695 0.0113182 0.90161 -1.24009 -3.28051 -1.849 -1.68547 -0.435286 -1.08075 0.0684035 0.0721187 0.309948 0.0675488 0.5452 -0.173872 0.703723 0.371756 1.15706 0.560898 0.112473 -0.264893 0.955569 -0.0889645 1.02553 -0.364464 2.91299 0.258284 1.29486 1.16605 -0.392979 3.91503 2.92456 1.17029 1.68563 1.29464 
1.40536 0.957391 -1.07198 -0.247891 -1.6934 0.483053 1.5604 -0.956927 -1.82007 -0.564258 -1.36563 0.209652 -0.35057 -0.0610218 0.817323 -0.31776 1.94484 -0.0894979 0.89021 0.718364 0.172373 2.10665 1.70995 0.663607 0.157761 0.631317 -0.114899 0.207109 -0.688213 0.355426 -0.870324 0.638014 -0.700775 -0.393836 -0.525274 -0.816301 -0.112647 -1.38828 -1.19992 
1.3465 1.35917 -1.46369 0.515138 -2.02645 0.901528 1.61997 -1.06772 -1.17386 -0.139046 -1.02186 -0.277525 -0.449432 -0.0464953 0.279228 -0.378265 0.422975 -0.325124 0.464141 0.00294739 -0.0220796 0.631783 -0.255403 -0.000173302 -1.65318 -0.244356 0.0794231 -1.03945 0.618911 -2.60828 0.786661 -1.26467 -0.161018 0.0244635 -1.39161 -2.66155 -1.33109 -0.981146 -0.940093 
1.35887 1.23662 -1.45025 0.175084 -2.01852 0.947194 1.56335 -0.979007 -1.18828 -0.819661 -1.3658 -1.44352 -0.594927 0.0184013 -0.222129 0.301151 -0.663438 0.697163 -0.374456 0.557346 0.196837 0.715032 -0.951602 -0.667486 -0.823385 -0.308777 0.0571505 -0.46694 0.631337 -0.678506 1.03739 -0.905032 0.240703 -0.185944 0.17601 0.365975 0.176875 1.89967 -0.532822 
1.3649 1.13704 -1.16253 -0.1483 -1.32929 0.527072 2.17732 -0.870881 -0.458826 -1.09065 -1.68935 -1.10091 -0.758208 0.0106551 -0.187712 0.253072 -0.255531 0.712264 -0.44089 0.24365 -0.208023 0.807793 0.110572 0.176702 0.246498 -0.777178 -0.0628162 0.47819 -0.728694 1.95297 -0.920302 1.07511 -1.31758 -0.549943 -1.18608 1.86451 1.56203 1.18315 0.50138 
1.36952 1.04891 -1.19717 -0.0804463 -1.30626 0.506304 1.807 -1.18703 -0.380491 -0.709089 -1.1891 -1.19703 -1.3721 -0.0444149 0.256061 -0.427543 1.28954 -0.223139 0.700658 -0.760233 -0.353106 -0.471051 0.912912 0.894539 0.359763 0.192603 -0.0372951 0.235912 -0.544438 0.687843 -0.599756 0.470539 -0.523352 -0.22767 -1.39183 -0.150439 0.283543 0.695246 1.25181 
1.32049 1.3931 -1.59008 1.14124 -1.55243 1.22773 1.41709 -1.22399 -0.929877 -0.177736 -0.79481 -0.741147 -0.565605 -0.02664 0.0482005 -0.291366 0.432313 0.112508 0.0296482 -0.279702 -0.435693 -0.584037 -0.0398667 0.460244 0.941744 0.474628 0.100761 -0.704478 0.866641 -2.46595 0.686515 -1.49829 1.15062 0.135628 0.811624 -1.69982 -0.639647 0.101049 -0.822249 
1.34288 1.09711 -1.48854 0.351867 -1.19375 0.535952 1.5273 -1.62272 -0.964528 -0.748956 -0.728853 -0.255281 -0.897477 0.0563462 -0.448417 0.439099 -1.17641 0.463376 -0.797633 0.390385 -0.217478 0.340573 -0.786908 0.254892 0.460812 -0.629645 0.144693 -0.396898 0.764337 -1.34901 0.329285 -0.0731068 0.637696 0.886362 0.877607 0.370991 -0.406143 -1.54085 -0.292119 
1.37683 0.944682 -1.15098 -0.0351738 -1.08905 0.430097 1.80747 -1.44147 -0.589304 -0.964644 -0.539918 -0.280336 -1.19525 0.118053 -0.348697 0.472971 -0.916699 0.441793 -0.0434586 0.357994 0.450669 0.29357 0.331124 0.054101 -0.599105 0.182509 -0.0339858 0.186298 -0.813477 0.327731 -0.227009 0.339346 -0.873723 0.185448 -1.11054 0.619656 -1.3925 -2.29952 0.879507 
1.46093 0.748411 -1.01557 -0.564833 -0.751958 0.492494 1.88529 -1.17205 -0.670957 -0.417831 -0.674752 -0.854386 -0.714967 0.0223605 -0.262119 -0.374378 -0.848678 0.236368 -0.458288 -0.483338 -0.0320299 -0.769971 -0.167252 -1.13761 -1.83871 0.249861 -0.247751 0.753418 -1.28428 2.1179 -0.391487 0.834686 -1.18473 -0.259875 -0.842944 0.0949872 0.29404 0.984341 0.747481 
1.39919 0.682564 -1.52536 -0.883852 -0.852684 -0.0281907 1.32413 -1.4735 -1.35928 -1.1319 -1.67752 -2.11904 -0.945389 -0.129698 0.404721 -0.811311 1.2012 0.0503066 0.791227 -0.826731 0.190794 -0.549374 0.426111 0.348141 0.385236 0.92999 -0.104355 0.62466 0.111178 1.71875 0.137452 0.981748 0.155209 0.331781 1.42316 1.60104 2.50388 2.38716 0.10262 
1.33124 1.15313 -1.82688 0.636363 -0.701651 1.28372 1.05856 -0.98126 -1.22033 0.00828023 -0.326611 -0.469151 0.215023 -0.0819947 0.362541 -0.2632 0.870068 0.37382 0.523461 -0.328129 0.299751 0.653192 1.43379 1.36627 0.548454 0.352481 0.148116 -0.659533 1.06879 -1.57614 0.381298 -1.992 0.377852 -0.287522 2.04558 0.44555 -0.348437 -1.91323 -2.42827 
1.3172 1.0451 -1.78856 -0.013784 -0.478864 0.49527 0.996004 -1.17374 -0.706083 0.301892 -0.311253 -1.57059 -0.592908 0.0184172 -0.254812 0.257479 -0.374945 0.431605 -1.20077 -0.448879 -0.0967281 1.4962 0.871661 -0.00029634 -1.52799 -1.49828 0.0157686 -0.622034 0.576261 -0.825632 -0.226471 -1.93734 -0.485028 -0.383067 0.00272097 -1.33607 -2.36315 -2.05964 -2.39073 
1.34965 0.89832 -1.5694 0.261419 -0.270047 0.0829465 0.609685 -1.07799 0.275871 0.879942 -0.326907 -1.99715 -1.28325 -0.0662261 -0.259493 0.31306 0.0444359 0.147348 -1.41388 -0.813158 -0.0833164 0.655913 0.0977169 -0.996876 -1.51119 -2.03825 -0.243332 0.657238 -0.318476 1.44413 -0.774715 0.279446 0.158199 0.727659 -1.37786 -1.39273 -1.7135 1.64039 1.41299 
1.25097 0.785611 -1.4755 0.0306519 -0.331516 -0.918613 0.182846 -1.25706 -0.0501695 0.399608 -1.30813 -3.08177 -2.63116 -0.224915 0.402426 -0.0609967 1.06919 -0.343111 -0.921328 -0.290679 0.630931 0.118346 -0.521069 -1.71379 0.112398 -0.0852855 -0.0541547 0.217404 0.173133 1.01459 0.0595963 0.56722 0.59959 1.07693 0.942042 -0.663598 -0.0177629 2.96369 4.03932 
1.12474 1.30075 -1.6304 1.33061 -0.613157 -0.838381 0.319006 -0.447058 0.394218 0.358872 -2.0407 -1.88475 -1.36854 -0.120381 -0.0420894 0.486194 1.05903 0.206945 -0.846663 -0.213568 0.993615 1.59796 -0.565881 -1.01464 1.45251 2.00107 0.0339228 -0.442214 0.23321 0.494147 0.53417 -0.148716 -1.25225 -0.563713 0.545387 0.263011 1.38853 1.05669 0.152096 
1.13059 0.743522 -0.989302 1.08968 -0.124571 -1.76528 -0.0307216 -0.263446 1.54779 -0.166273 -2.32277 -1.62927 -0.63008 -0.190992 -0.0397877 0.172214 1.56334 0.19106 -1.07004 -1.54293 0.0672183 0.663733 -0.258058 -0.325259 1.16909 0.0668104 -0.134316 0.727668 -0.745304 0.968117 -0.368998 0.51294 -0.503792 -0.757452 -2.35818 0.404857 2.03485 0.49701 -0.969849 
0.933745 1.26096 -1.45818 2.89395 -0.422098 -1.90843 -1.22392 -0.379839 1.05795 0.100814 -2.36596 -0.715658 -1.30173 -0.254697 0.685579 -0.25911 2.02715 -0.162054 -0.333723 -0.71736 0.236163 -0.760223 -0.161024 1.02021 1.94952 1.03123 0.0782082 -0.237097 0.455969 -1.75186 0.25237 0.519083 1.88783 -0.230175 -1.03737 -0.706829 2.27624 0.0819987 1.08868 
0.875896 1.4291 -1.24841 3.11683 -0.286624 -2.099 -0.748082 -0.027283 0.787563 -0.327297 -1.30255 0.320252 0.401146 -0.112784 -0.276884 0.628183 -0.188522 0.443429 -0.550961 0.344904 -0.162956 -0.373632 -0.964887 1.95098 1.25109 1.1555 0.111312 -1.30867 0.877707 -3.05564 0.528329 0.0294256 0.217418 -0.913117 0.0248432 -1.13231 -0.386959 -1.96841 -1.34866 
0.820962 0.984074 -0.830001 2.70542 0.0213316 -2.45939 -0.879016 -0.542796 0.684319 -0.864074 -0.414976 0.535429 -0.146233 -0.143384 -0.623095 0.618597 -1.0285 0.366275 -0.304297 -0.499942 -0.676954 -0.73538 -1.29333 0.633255 -0.0188902 -0.317434 -0.104319 0.316774 -0.277532 -0.253348 -0.406695 0.613712 -1.07986 -0.106217 -0.20568 1.24484 -1.63613 -2.2035 -1.51114 
0.732512 0.806006 -0.629815 2.08833 0.0796508 -2.4033 -1.24802 -0.704237 0.0521831 -1.62063 -0.669298 0.301362 0.0837118 -0.217103 0.0398897 0.350651 -0.44187 0.0367338 0.0627512 -0.734956 -0.269173 -0.579313 0.279955 0.314854 -0.952417 -0.355644 -0.142727 1.2686 -0.385414 1.9192 0.0491948 -0.00317843 0.618323 1.04676 -0.376244 2.79371 0.657883 0.831266 1.24865 
0.603859 1.02396 -0.47935 2.26356 0.0580654 -2.39664 -1.61397 -0.811969 0.105006 -0.584119 -0.100121 -0.416988 -0.501877 -0.286112 0.645508 0.233183 0.890702 0.41547 -0.307476 0.118381 0.369808 -1.11162 1.50038 1.29114 0.812375 0.931212 -0.0463053 0.539089 -0.0417618 0.974389 0.38575 -0.635 0.795398 1.55206 -0.246513 0.280202 -0.510046 2.20048 2.5437 
0.446401 1.45151 -0.396632 2.97903 0.495121 -2.71077 -1.12964 -0.334429 -1.05944 -0.120249 0.621841 1.11374 1.01492 -0.263408 0.578979 0.308889 0.532519 0.422484 -0.572249 0.0604419 1.28288 -0.825826 0.560157 -0.195192 1.24806 2.18805 0.0788867 -0.593804 0.190005 -1.66877 -0.464582 0.198617 -0.733824 0.115034 1.27093 -2.71837 -2.2459 -1.77067 -0.952392 
0.340451 1.60294 -0.170461 2.79607 0.48055 -2.96888 -1.55353 0.470915 -0.72082 -0.0239618 -0.295313 0.831074 1.68618 -0.207225 0.0517039 0.423188 -0.778066 -0.0491118 -0.108859 -0.615443 0.484843 0.159306 -1.218 -0.95476 -0.958296 -0.0211802 0.0385181 -0.5821 0.246532 -2.22547 -0.353976 1.43883 -0.0866496 -1.12975 0.761238 -1.91973 -0.230882 -0.691901 -2.21401 
0.239176 1.50322 0.0265557 2.20097 0.446009 -2.81963 -1.74509 0.150414 -0.900135 -1.33825 -0.332919 0.155441 0.993743 -0.22489 -0.00312106 0.555421 -1.69295 0.0685081 0.866582 -0.0262077 0.153136 -0.0645884 -1.35957 -0.426074 0.55616 -0.0259568 -0.167597 -0.0533046 0.710491 -1.04672 -0.0956703 1.59827 0.381648 -0.304976 0.102297 1.43761 2.48018 1.64542 -1.47269 
0.115562 1.59982 0.38496 1.10313 0.549058 -2.1023 -1.57974 0.62405 -0.785408 -1.38353 -0.721387 1.38723 1.66022 -0.374822 -0.00160075 1.13368 -1.82478 -0.144782 1.48941 -0.233795 0.179867 0.261603 0.219617 1.52542 0.687124 -1.49387 -0.202355 -0.512647 0.78904 0.639273 -0.759535 1.03783 -0.503552 -0.356776 1.77759 0.542818 2.13435 -1.62967 -1.59149 
-0.135646 1.50162 1.16023 0.376182 0.301227 -1.33022 -1.97888 0.330281 -0.638531 -1.11863 1.1925 0.842566 -0.500131 -0.427245 -0.515768 1.34446 -1.05368 -0.691027 1.90442 -0.52976 -0.20364 1.713 -0.816752 1.70827 -1.07351 -1.61745 -0.153658 -1.65933 -0.931059 2.09042 0.163735 0.280563 1.5207 0.220749 -0.0873627 -0.200097 -2.32003 -1.01693 2.54812 
-0.311683 1.08405 1.72942 0.0494495 -0.141969 -0.197887 -2.1095 0.42041 0.927592 -2.20028 0.986884 0.313728 0.0427727 -0.528479 -1.66093 0.20262 0.26564 0.0189525 1.76997 1.2869 0.400616 0.17424 0.0195196 -0.79461 -0.329803 1.05424 -0.107366 -1.05607 -1.82942 1.34715 1.44067 -0.973727 2.37722 0.869593 -2.20194 4.34303 -2.00972 0.608588 1.90076 
-0.664125 -0.159315 1.36285 0.641822 0.320179 0.439752 -0.691977 0.730896 -0.464291 -1.09911 0.397893 0.512762 0.554113 -0.534611 -1.57184 -0.484961 0.293474 0.749639 0.930688 1.84746 0.665953 -0.488943 3.52628 -0.301445 -0.464918 0.283314 0.268237 1.43184 -0.166874 -0.894879 0.225891 -1.57677 -1.4062 0.0204422 1.44875 0.475368 0.955194 0.27777 -1.71977 
-0.846294 -0.487787 1.24446 0.342924 0.60767 0.732801 -0.262034 1.08636 0.438649 1.32599 0.68544 -0.15119 0.326087 -0.260242 -0.229088 0.0357454 -0.629239 0.244843 0.193205 -0.119295 0.421058 1.62299 0.494887 0.160584 -0.0520332 -0.665526 0.422411 1.45174 0.174723 -1.16288 -1.13341 -1.4966 -1.68226 -0.790648 0.812958 -4.09428 0.000103304 1.19842 0.74305 
-0.924368 -0.388403 1.3986 0.0125831 0.565022 0.632957 -0.811272 1.15195 1.1587 -0.604222 0.558476 0.460729 -0.111413 -0.1122 -0.120096 -0.310238 -0.86941 -0.383767 -0.565913 0.165198 -0.124695 0.324015 -0.568009 -0.301341 0.733507 1.02636 0.205059 0.0746655 -0.447656 0.214659 -0.681033 -0.806407 1.02954 -0.600905 -1.8578 2.07928 1.14995 1.79244 2.05833 
-0.958494 -0.607883 0.934223 -0.526486 0.223903 0.166888 -0.0968358 0.961668 0.762664 0.757983 0.384098 0.582316 1.35245 -0.055183 -0.154422 -0.41191 -0.41458 -0.43619 -0.613202 0.910246 -0.179848 -0.234807 2.57416 1.31054 1.7404 1.3928 0.104718 -0.0930919 0.176686 1.41786 0.465821 0.492686 0.267087 0.244189 -0.908452 1.28063 0.640043 -0.585 -1.09151 
-0.979551 -0.542825 0.98669 -0.401997 0.128832 0.0197547 0.0989745 0.972107 0.923894 1.96994 1.86901 2.20113 1.28139 -0.00748124 -0.213188 -0.133552 0.548453 0.0820539 -0.0732269 0.432285 0.119493 -0.584437 0.712621 0.338701 0.148506 -0.0651451 0.0597553 -0.129283 0.0576901 0.783416 0.881999 0.978087 -0.808592 0.604027 0.392997 -4.40174 -2.76729 -2.35978 -0.583247 
-0.965975 -0.821071 0.800671 0.0219674 0.305957 0.0936615 0.33545 1.08116 0.178227 1.4706 0.7228 0.730823 1.28731 0.00457227 -0.283706 -0.35422 0.368836 0.445808 0.364885 0.101655 0.42418 0.15819 -1.82757 -1.45676 -0.619375 0.809551 -0.0650422 0.325105 0.203258 -0.127874 0.467345 -0.0352843 -0.99074 0.0689043 2.0955 -1.85408 -0.69781 -0.648328 -0.121545 
-0.974978 -0.82653 0.632469 -0.0331607 0.574641 0.384639 0.200629 1.39629 1.08208 0.142367 0.412254 1.58176 2.09094 -0.0725234 0.111917 0.0697064 0.420579 0.549399 -0.108511 -0.558455 0.188397 1.51106 -1.14146 -0.359109 -0.499821 -0.18669 -0.0315176 0.636176 0.542888 -0.717996 -0.493089 -0.454802 -0.814702 -1.43318 -0.590691 1.79992 1.85247 -0.623545 -2.87934 
-1.0385 -0.709153 0.870378 0.442546 0.855356 -0.0148496 -0.223005 1.26956 1.68929 0.329147 0.363691 0.231002 1.10062 -0.0269453 0.352471 0.188668 -0.34916 -0.0472807 -0.0899175 -0.713048 -1.009 -0.432501 -0.0276584 0.395711 -1.24292 -2.06978 0.107331 -0.0929823 -0.242303 -1.31709 -0.869669 -0.021697 0.140136 -0.515455 -2.87912 1.11215 0.405261 0.430702 0.117379 
-1.00192 -0.47406 0.821138 -0.382321 0.52736 0.294722 -0.512419 0.387288 0.649583 0.114709 0.807965 0.338836 0.0211527 0.034808 0.0189352 -0.172596 -0.896507 -0.32027 -0.130208 -0.418319 -0.327057 -1.36806 -0.029302 0.0461525 -0.0691197 -0.0693104 0.0367759 -0.515122 -0.403387 -0.253111 0.209773 0.489271 1.09572 1.53303 0.861908 2.70923 -0.162845 0.900083 2.60213 
-1.00369 -0.690218 0.697781 -0.453961 0.535085 -0.145058 -0.641325 0.942501 0.321233 0.299845 0.409844 0.161882 1.03131 0.00983063 -0.162651 -0.214719 -0.602271 0.162493 0.399354 0.382673 0.52403 0.429407 2.68157 0.232866 -0.342837 0.532345 -0.0415649 0.137264 0.405786 1.30418 0.344694 0.47138 0.614962 0.0888955 1.63367 0.918696 -0.397843 0.111621 -0.138729 
-0.992093 -0.63671 0.606419 -0.984592 0.689853 0.694076 -0.129746 0.911318 1.07899 2.79628 1.04083 -0.00400051 0.553498 -0.00675691 0.156199 0.233189 0.407676 0.024424 0.341172 0.196642 -0.238162 0.265615 0.889394 -0.35169 0.0425009 -0.208039 -0.066268 -0.131558 0.325674 0.789103 -0.512194 -0.565968 -0.0432376 -0.274436 -0.660338 -5.73614 -1.31951 0.583173 -0.727402 
-1.01045 -0.534019 0.93097 -0.0462847 0.559509 0.196114 -0.444682 0.704339 0.586848 1.18924 0.0581535 0.204383 0.823266 -0.0564373 -0.294209 0.110955 0.186832 -0.349701 -0.166614 0.339435 0.249594 -0.230931 -3.05457 -1.08664 0.240336 -0.195057 -0.050647 -0.536359 -0.57562 -0.842366 0.180195 -0.173556 0.43682 0.341579 -0.820445 -2.91319 -0.498966 -1.45462 -1.70364 
-1.04853 -0.930919 0.717374 -0.797759 0.340152 0.527462 0.209689 1.16091 0.84806 -0.258293 -0.0458078 0.236336 0.358441 -0.0574039 -0.38016 -0.342431 -0.43469 0.204619 0.167616 0.633462 0.103417 -0.55483 -2.02379 -0.850656 -1.41211 -1.91167 0.174652 0.656457 -0.115606 0.680077 0.910531 0.214723 -0.918202 -0.495105 0.0950365 2.95618 0.531855 -0.0124978 -0.0994648 
-1.06785 -0.914179 0.588539 -0.480974 0.764128 0.363731 0.18878 0.807756 0.0320175 -0.834555 -0.792503 -1.20773 -1.08841 0.118215 0.362248 -0.00465075 0.86691 0.56083 0.0481086 -0.578767 -0.245511 -0.135895 -0.098392 -0.554784 0.227838 -0.294522 0.132308 0.69858 0.609564 0.841975 -0.0853555 0.262521 -1.3945 0.016826 1.16092 2.67343 2.30905 2.35979 3.68441 
-0.930316 -0.568671 0.712723 0.0691503 0.900982 0.57557 -0.369078 0.915402 0.712165 -0.356685 -0.600592 0.464174 0.0639189 0.074904 0.31842 0.267132 0.407286 0.119264 0.430138 -0.761033 0.120243 0.606091 0.649635 1.45839 0.947673 1.77274 -0.253393 -0.513364 0.0940832 -1.33107 -0.818836 -0.328371 0.618339 -0.042878 -0.212892 0.810467 2.29031 -1.36697 0.793184 
-0.992947 -0.595759 0.855672 -0.0736885 0.883392 0.793868 -0.572253 0.927999 0.638108 -0.18492 0.665887 -0.260059 0.684329 -0.135178 -0.151115 0.0894325 -0.464159 -0.258006 -0.280263 0.0395718 -0.288389 -0.348787 0.712075 1.73552 -1.13914 0.498662 -0.104936 -0.360113 -0.271376 -1.10261 -0.305462 -0.706194 1.63767 0.191644 -0.979535 1.30215 -0.40417 -0.515332 -2.24961 
-1.06549 -0.719786 0.802155 -0.395009 0.642976 0.295308 -0.329506 0.627013 0.363378 0.35539 1.13493 -0.674962 0.562581 -0.0300321 -0.0416928 -0.00424386 -0.695327 -0.186199 -0.276057 0.876641 0.311887 -0.373444 1.95178 1.05422 0.432341 -0.476868 0.226458 0.254236 -0.138004 0.0325936 0.108362 0.406181 -0.110002 0.244 0.877246 0.0317225 -1.84741 2.37776 -0.364187 
-1.02298 -0.637451 0.851428 -0.769015 0.697193 0.517812 0.304388 1.23989 0.264664 1.76686 1.72011 0.172282 0.207461 0.0912795 0.103121 -0.048572 -0.431566 -0.149644 0.125918 -0.0704306 -0.0443883 0.528459 0.743797 -0.11189 1.23862 0.134475 0.0214554 -0.215531 -0.218772 0.499926 -0.320736 -0.461256 -2.1953 -1.35637 -0.34078 -4.96234 -3.67492 -3.57815 -3.12746 
-0.974215 -0.616665 0.753583 -0.826575 0.493332 0.421226 -0.399937 0.582625 0.891836 1.09919 1.02304 0.563659 0.697056 -0.00857673 -0.257224 -0.223016 -0.195401 -0.506934 -0.737313 -1.31866 -1.04448 -0.714224 -3.01056 -2.6207 -3.1458 -3.60433 -0.131302 -0.102473 0.199698 1.10992 0.427645 0.167738 0.586122 0.695127 -0.819086 -0.984528 0.430431 -1.91103 -0.0436438 
-1.03156 -0.894675 0.628412 -0.964417 0.190259 -0.219501 -1.01427 0.195406 -0.44956 -1.2437 -0.900588 -2.97352 -3.39687 -0.0400221 0.000648669 0.151126 0.678351 0.278001 0.293656 0.515692 0.650739 -0.290627 -0.240731 0.318541 -0.672405 0.090831 0.0349684 0.599978 0.597538 0.934573 0.624796 1.55589 2.14094 1.72463 1.63497 3.78791 4.07418 6.17695 8.01428 
-1.01424 -0.616016 0.90471 -0.148224 0.771333 0.714882 0.115755 1.23336 0.601209 0.858456 1.34158 -0.108746 0.787887 0.0263917 0.342754 0.374522 0.739172 0.117861 0.818579 0.822275 0.680153 0.920747 0.777346 1.45348 3.03115 4.40995 0.016269 -0.102671 -0.0837002 -0.811878 -0.748318 -1.03191 -0.846534 -1.57472 -0.750061 -0.558543 -0.789235 0.121667 -0.568739 
-1.00516 -0.551921 1.00293 -0.225245 0.30812 0.599078 -0.191998 0.875559 0.471187 -0.466358 0.552897 0.0576241 1.01308 -0.0237532 -0.102022 0.067426 -0.133527 -0.470317 -0.738252 -0.330843 -0.923984 -1.04069 -0.799274 -0.470693 -0.550737 -0.477908 -0.0566147 -0.570231 -0.434821 -0.557105 0.0532357 -1.31384 -0.961377 -0.398901 0.475717 0.563656 -0.742246 -2.89404 -5.56793 