-1.01539 -1.0784 0.574678 -0.615113 0.446461 0.341096 0.622152 0.734202 0.0488216 -0.66052 -0.547121 0.348615 -1.15374 -0.000138081 0.0500543 0.166121 0.494928 0.0739608 -0.779019 -0.212042 0.174312 0.568812 -0.34003 -1.3181 -0.623744 -0.420086 -0.0211211 -0.0685878 0.0295853 0.590529 -0.542666 0.616151 -0.47633 0.617694 1.96904 2.31782 2.28643 0.330259 1.63044 
-0.978558 -0.923473 0.72597 -0.15026 0.811274 0.332288 0.407593 1.01192 1.14307 0.390808 -0.709782 -0.0820809 -0.503937 -0.0282802 -0.0119124 0.126013 0.41974 -0.200367 0.0953549 -0.0341561 0.473549 0.990593 1.33655 0.755219 0.0923396 1.10128 -0.032507 -0.106408 -0.191699 -0.645987 0.0298027 1.24426 0.0368838 -0.528587 -0.786958 0.768609 2.79564 1.50951 1.05832 
-1.04367 -1.09031 0.700691 -0.195373 0.246095 0.436451 0.587996 1.20775 1.03941 0.676033 0.208098 0.440955 -0.052461 -0.0326451 -0.0563537 -0.0255782 -0.151059 0.103764 0.465239 -0.175159 -0.354276 -0.218145 0.428579 1.47754 0.885768 0.63823 0.0485058 -0.17647 -0.482877 -0.857424 0.306642 0.208721 0.0458333 -0.353387 -0.702285 -1.76625 -0.481694 1.19291 -0.750529 
-1.0112 -0.979826 0.700392 -0.301319 0.915038 0.797526 0.232434 0.657641 0.924925 0.819387 0.767757 0.803687 0.134292 0.0202256 -0.188383 -0.356864 -0.437683 0.106275 0.304076 0.0116773 0.120162 0.288308 -0.429695 0.273525 1.28525 0.35075 0.0214113 -0.390042 -0.323056 -0.0820833 -1.10516 -0.731697 0.106488 0.815673 0.161373 -1.54368 -2.77214 -1.42028 -1.35638 
-1.02345 -1.27869 0.343827 -0.633056 0.35237 0.740527 0.599673 1.32791 1.32772 0.246338 0.481622 1.72621 0.298289 -0.0112337 -0.446396 -0.348635 -0.233142 -1.00139 -0.266458 -0.0686702 0.461397 -0.0567728 -1.1151 -1.2946 -0.534511 -0.718148 0.031651 0.316811 0.174067 0.202309 -0.345026 -0.359628 0.147812 -0.365435 -0.820362 -0.14393 -0.541014 -2.35062 -0.0445097 
-1.02244 -1.42622 0.351758 -0.534461 -0.0863562 0.531068 0.163764 1.11904 0.868153 -0.295716 -0.526847 0.269176 -0.583856 0.0518766 0.128428 -0.182798 -0.235374 -0.238751 -0.0555518 0.159489 -0.245272 -0.532054 -0.573625 -0.26749 -1.06537 0.30624 0.00466451 0.762374 0.430379 0.100676 1.42781 -0.06357 0.190673 -0.602969 -0.404511 1.38566 1.97376 0.323413 0.98671 
-0.971573 -1.15026 0.161029 -0.868431 0.113619 0.684976 0.759162 1.08264 0.795669 -0.327287 0.214133 0.660835 0.604529 -0.00656921 0.315978 0.0817448 -0.132466 0.426419 -0.330028 0.122003 -0.141572 -0.461283 0.270553 0.679152 -0.211098 0.268561 -0.127315 -0.0718567 0.494783 0.229693 -0.13151 -0.453778 -0.548079 -0.122042 0.0390457 -0.163838 -1.53306 0.394749 -1.53431 
-1.02901 -1.11024 0.433502 -0.666928 0.340063 0.20104 0.285767 0.977466 0.406869 -0.0251631 0.152305 0.0580785 -0.315295 -0.0754387 0.0565712 0.311985 -0.0056816 -0.37026 -0.509329 -0.388589 -0.367314 -0.493008 -0.737463 -1.80055 -0.670622 -1.22807 0.00633434 -0.373835 -0.0825827 0.417812 0.123734 1.36695 0.204905 0.125654 0.942482 -0.378348 -1.14323 0.407931 0.0591951 
-1.04701 -1.09369 0.473014 -0.874112 -0.256641 0.175646 0.370573 0.715327 0.302661 -1.06475 -1.58642 -0.00978649 -0.623539 -0.000234874 -0.057857 -0.000837955 0.285345 0.550153 1.03692 0.326909 -0.0159177 0.481199 -0.107795 -0.464077 0.196833 0.327756 0.0658526 -0.133276 -0.164289 0.590296 1.72511 1.49405 0.578958 0.758052 1.62685 1.8829 2.85176 1.19719 1.75407 
-1.02924 -1.1681 0.432664 -0.381583 0.890216 1.23796 0.612676 0.961549 0.888068 -0.132958 -0.311771 0.254912 0.0124616 -0.00958612 -0.0767052 0.147696 0.584614 1.35485 0.984725 0.190369 0.390738 1.13385 1.14544 1.05121 0.526573 0.526007 -0.057821 0.0658517 0.26426 -0.411358 -1.27193 -1.40922 -0.400443 -0.137754 -0.587931 -0.340654 1.0363 0.256215 -1.40213 
-1.0566 -1.1704 0.62071 -0.289498 1.09821 1.16037 0.560942 1.10607 1.43651 0.0806919 -0.535211 0.516786 -0.0975315 -0.0580559 0.00799473 0.263422 -0.126013 -0.721774 -0.372301 -0.0735348 -0.153672 -0.106733 -0.448448 0.572219 0.453049 -1.07437 0.0240222 0.277466 0.0235132 -0.855118 -2.5849 -1.14222 -0.165748 -0.649452 -2.04513 -1.16521 -0.322491 -0.79479 -1.18521 
-1.0873 -1.16011 0.696087 -0.507595 0.168442 0.865657 0.539141 0.807877 0.781335 -0.581406 0.260448 0.70796 -1.06191 0.0144361 0.200761 0.171209 -0.270504 -1.23004 -0.157492 0.0246215 -0.258714 -0.911288 -0.0197721 0.728718 -0.268217 -0.659204 0.105379 0.0763972 -0.24982 0.15542 1.12779 0.736255 0.43057 0.459296 0.553299 -0.204854 -1.43574 -0.114531 2.41845 
-1.04216 -0.969636 0.79192 -0.560002 -0.131829 1.00288 0.585563 0.847351 0.525218 0.0609198 0.193507 0.248569 -0.756735 0.0473234 0.084392 0.0136021 0.0294079 0.406012 0.363954 0.357036 0.305625 0.446566 -0.653303 -0.863525 0.338518 1.34407 -0.00366089 -0.24595 -0.195886 0.273865 1.84249 0.190371 0.957806 0.462427 1.0435 -0.176152 -0.715422 1.1455 1.8092 
-1.03997 -1.07571 0.709689 -0.478187 0.574454 1.22961 0.896177 1.1135 1.2279 -1.23471 -0.603077 1.04648 0.282164 0.0107752 -0.0451887 -0.0246764 0.00336072 0.612451 0.032879 0.982428 0.203713 0.132208 -0.195924 0.0132963 0.877285 1.14999 -0.0903309 -0.111536 0.00415814 0.0289265 -0.168946 -0.910213 -0.622549 -0.163672 -0.817778 1.42262 0.503089 -1.0001 -1.77732 
-1.03139 -1.01482 0.767243 -0.556642 0.480622 1.03576 1.56799 1.05106 0.657426 -0.135004 0.206803 1.12585 0.393258 -0.0430075 -0.0271438 0.0177602 0.0583345 0.237066 -0.546259 -0.265513 0.141953 -0.371212 0.769315 -0.360436 -0.661581 -0.433249 0.0166284 0.0607613 -0.111591 0.0718635 -0.254804 0.114805 -1.82154 -0.100569 0.387595 0.403449 -1.44832 -1.94022 -1.36992 
-1.08298 -1.10286 0.727449 -0.419853 0.81152 0.683353 0.630663 1.25545 0.85669 -0.465394 -0.963513 0.384897 -0.151085 0.0274036 0.0155726 -0.136268 0.0752242 0.357647 0.147684 -0.839112 0.103144 0.519803 0.207525 -1.43502 -1.06294 -0.219929 0.131259 0.215946 0.18036 0.0140673 -0.828473 0.86113 0.307424 -0.498241 0.284807 0.0953358 2.08375 1.28509 0.730851 
-1.00398 -0.999252 0.630975 -0.481417 0.838269 1.18344 0.728879 1.15421 1.17723 0.0725208 -1.22822 0.0629182 0.173328 0.0882512 0.188802 0.19812 0.0724018 -0.591407 0.314871 0.0419104 -0.356288 -0.0864043 0.864651 1.72331 0.623505 0.297603 -0.0185012 -0.0114117 0.356425 -0.0220868 -0.439785 -0.726561 0.412534 -0.534125 -0.921972 -0.298442 1.8626 1.44551 -0.0395662 
-0.99473 -0.914057 0.925569 -0.347451 0.220113 0.998224 0.672574 0.899166 0.770286 0.399257 0.759797 1.0084 0.146517 0.00890237 0.00416094 0.220157 0.0531374 -0.0821375 -0.578877 -0.426578 -0.430981 -0.402168 -0.0909176 0.427578 0.38257 -0.259496 -0.0829055 -0.261046 -0.32859 -0.313599 0.600763 -0.488147 -0.850054 0.324629 0.773482 -0.0160865 -2.686 -1.72589 0.141767 
-0.99508 -0.995091 0.851132 -0.42828 0.756132 0.604566 0.302301 0.723228 0.775061 -0.0183968 -0.800642 0.445488 -0.0861672 0.00534569 -0.0722443 -0.13047 -0.241197 0.00935581 -0.173276 -0.808144 -0.0316591 0.687078 0.848564 -0.962694 -1.10239 0.43937 -0.0163143 -0.212989 -0.257637 -0.103649 -0.827769 0.959243 0.440944 0.559042 0.450321 0.276461 0.136984 -0.826826 0.604064 
-0.989384 -0.986301 0.7951 -0.588648 0.229469 0.824948 -0.13557 0.867507 1.45736 1.24782 -0.202897 -0.0939844 0.585887 -0.00741191 -0.208828 -0.0374803 -0.0505115 -0.909906 0.380366 0.0143651 0.128061 0.0481522 0.185543 0.564562 -0.444256 0.344569 0.163179 0.269032 0.199658 0.578759 0.247597 0.210628 0.228593 -0.0800545 -1.9216 -2.5951 0.581267 0.742256 0.109497 
-1.00249 -1.20392 0.813652 -0.478791 -0.153774 0.984932 0.316666 0.851288 0.823213 0.167146 -0.23608 0.00123231 0.258401 0.168525 0.196788 0.0691884 0.337562 0.256953 0.0373525 -0.579551 -0.111714 -1.23452 -1.74653 -0.381427 -0.360131 0.548867 0.588043 1.36837 0.95715 0.960229 0.0722265 -0.753076 -1.7271 -0.534806 -0.955647 -2.624 -0.851045 -0.490969 -2.61423 
-0.820859 -0.789513 0.864288 -0.251085 0.486422 0.8623 -0.715121 0.755794 0.222845 -0.49871 -0.584324 -0.454115 1.13475 0.580631 1.15954 0.91967 0.909717 -0.83768 -0.37271 -1.71273 -0.406746 -0.907495 -2.43845 -0.286483 -0.935225 -2.26966 0.919301 0.810863 0.571957 0.989303 -2.95944 -0.0521273 -1.2615 -0.596663 0.659377 -0.0624295 2.02188 -1.78346 -1.21789 
-0.421861 -0.0443769 1.73332 0.430926 -0.991454 0.612222 -1.39606 0.444543 -0.084282 -2.27131 -0.522563 -0.933992 -2.01126 1.08783 1.00765 0.641145 1.32687 -2.70249 -0.0147748 -1.84105 -0.708376 -0.575142 -1.80896 1.64045 -2.1436 -0.669019 0.405696 -0.922387 -1.68835 -0.0290807 -0.513076 0.036399 -0.748458 0.275943 0.77829 3.21657 1.67729 -0.964978 4.48328 
0.266967 0.218138 1.50543 1.07578 -2.21606 0.847525 -2.55617 0.0474174 -0.352297 -2.30767 1.05613 -2.59771 0.465736 0.986327 0.237155 -0.768676 0.880637 -1.35076 -0.336311 -2.46119 -0.130802 -0.129205 0.778117 1.39081 -1.9002 2.21362 -0.634908 -1.04267 -1.83076 -0.931632 3.19663 -0.839589 0.380334 1.04112 0.596357 2.27533 -1.65984 2.45149 0.498483 
0.564466 0.192778 0.964646 1.31156 -2.34221 0.275911 -3.85725 0.313741 -0.213487 -1.49319 0.868248 -2.83419 0.202364 0.452918 -0.0350146 -1.18962 0.395233 0.494149 -0.854363 -1.46072 0.332744 0.0212152 0.466365 -0.019385 0.307897 -0.170536 -0.627635 -0.48381 -0.0814584 -0.71743 2.64591 -0.495627 3.4526 -0.617799 1.08213 -1.08691 -2.3774 2.82569 -2.2252 
0.719885 0.183123 0.315814 1.47101 -1.72191 -0.00683797 -4.01689 0.380162 -0.331082 -1.84131 1.03674 -2.28981 0.295199 0.358692 -0.246655 -0.850134 0.163207 1.29515 -0.831938 0.991413 -0.748602 0.952924 -0.308791 -0.986586 0.925484 -0.0115818 -0.176384 0.103248 0.522699 0.249857 0.2834 0.580777 2.78088 -1.06831 0.87121 0.591301 -1.25411 1.18564 1.28519 
0.923159 -0.0538766 0.114512 1.47477 -1.04706 -0.556027 -2.86584 -0.434861 0.739437 -1.80198 -0.118338 -1.90871 0.190783 0.276534 0.0682334 -0.666921 0.64509 0.777549 -0.273586 1.32016 -0.735562 0.892425 1.05767 -1.27349 1.49354 1.11465 -0.215341 0.65417 -0.119229 0.360072 -1.29205 0.762506 0.28886 0.367185 -1.31274 0.614907 0.0838429 0.712853 -0.0303284 
0.996419 0.251357 -0.351108 2.1161 -0.944365 -0.280424 -2.69672 -0.3554 0.561343 -0.78364 -0.236748 -0.796273 1.40985 0.143352 0.407515 -0.969363 0.523279 0.00310887 -0.069432 1.28027 -0.381417 -0.359819 0.306116 -0.902743 1.63834 -0.0419101 -0.140125 -0.0691001 0.0413135 -0.931808 -0.293816 -0.597213 0.219221 0.0298578 -1.43016 -1.68791 0.541921 -0.779978 -3.15275 
1.06651 0.353639 -0.854851 1.99805 -1.04395 -0.625459 -1.58557 -0.816278 0.379618 -1.49586 -1.02108 -0.270373 0.148872 0.136409 -0.000866787 -0.625608 -0.286718 0.483733 -0.8708 1.53939 -0.705704 -0.537738 -0.630244 -0.731572 0.713562 -2.03809 -0.0431255 -0.348643 0.266455 -0.510871 0.191375 -0.609906 -0.735653 -0.291771 -0.401375 -0.092062 0.631726 -1.90827 -1.08221 
1.13283 0.25049 -0.976715 1.82939 -0.460631 -1.15122 -1.15734 -1.0611 0.0236049 -1.41388 -0.96832 -0.0827108 -0.62824 0.100226 0.0588722 -0.702908 0.0124083 0.194484 -0.679338 0.54462 -0.673188 -0.761194 0.214054 -0.271017 -0.269929 -1.12412 0.0149239 0.0189967 0.137829 0.50016 -0.0282368 0.960106 -1.29622 0.164579 0.111663 1.1175 0.357303 -0.858386 2.60211 
1.16674 0.412511 -1.55776 2.01046 -0.849462 -1.3048 -1.04095 -1.48947 -0.381576 -1.28181 -1.2921 -0.540303 -0.975247 0.151333 0.0181299 -0.487778 0.213443 0.455497 0.0893065 0.243169 -0.541126 -0.426076 0.48726 -0.374269 -0.144824 0.564014 0.115138 -0.556047 1.04183 -0.39677 1.47301 0.79598 -0.646904 0.527094 0.498913 0.321767 -0.0932897 0.527222 2.60092 
1.28416 0.26862 -1.46449 2.04283 -0.00513498 -1.06192 -0.914167 -1.60223 -0.402471 -0.926624 -1.34259 -0.227535 -0.0642264 0.215364 -0.497175 0.338922 -0.384362 1.6675 0.116643 -0.102284 -0.146094 -0.262281 0.535821 -0.364307 0.257293 1.4768 -0.0775008 -0.0765224 0.617021 -0.713853 1.12297 -0.363979 0.0321121 0.643352 -0.0262537 0.508314 0.00227012 0.145069 0.299442 
1.3821 -0.0846641 -1.21884 1.62609 0.818036 -1.18815 -1.14323 -1.63556 -0.643857 -0.74599 -1.65641 -0.28301 0.501558 0.0738321 -0.0583926 0.129242 -0.50041 1.57846 -0.274672 0.275281 0.102226 -0.452329 0.995574 -0.371999 0.000244744 0.863456 -0.31006 1.07337 -0.842193 0.380904 -1.1884 -0.549544 0.458322 0.271026 -0.0339795 0.130807 -0.201412 -0.687433 -1.43537 
1.35799 0.210227 -1.33525 1.54242 1.57333 -1.33659 -0.638885 -1.5 -0.8548 0.0689504 -1.71459 -0.22729 0.79923 -0.0946958 0.57619 -0.50327 -0.003458 0.479099 -0.432901 0.356039 0.124932 -0.29626 0.666628 -0.565719 -0.43014 0.041434 -0.0822718 0.153907 -0.10907 0.270428 -1.04744 0.057709 -0.464826 0.21206 0.217255 -0.833758 0.574148 -0.240856 0.237111 
1.28741 0.491526 -1.72211 1.62264 1.29713 -1.62106 -0.787191 -1.51063 -0.940117 -0.0793622 -2.22212 -0.71315 0.542992 -0.00843973 0.0955148 0.0201719 -0.229983 0.531027 -0.216963 -0.189544 0.314286 -0.235074 0.161817 0.202149 -0.240611 1.10057 0.0780066 -0.497083 0.585898 -0.09998 0.117279 0.451571 -0.400217 0.124193 0.123734 -0.465763 1.47824 0.755055 1.28987 
1.34955 0.305742 -1.31508 1.31244 2.10435 -1.55355 -0.82843 -1.18572 -1.08987 0.230767 -1.51244 -0.467901 1.8998 -0.0166892 0.0791077 0.0826281 -0.103438 0.596378 0.0186695 -0.0441786 0.249125 -0.172526 0.200865 0.912525 0.324914 1.3313 -0.069206 0.262038 -0.438168 0.500878 -1.28797 0.362901 0.0275528 -0.2175 0.433081 -0.498285 0.00721718 0.184486 -2.02785 
1.27072 0.570634 -1.63948 1.5192 1.89351 -1.60239 -0.83137 -1.2615 -1.11264 0.121503 -1.3096 -0.388236 1.87429 -0.0776457 0.357553 -0.417996 0.270895 -0.756943 0.145938 -0.161991 0.0967853 0.198007 -0.336468 0.209366 -0.0561245 -0.927281 0.101641 -0.31115 0.175771 -0.23495 -0.577929 0.0511026 0.0498875 -0.0533177 0.237657 -0.331034 -0.763528 -0.392408 -1.56449 
1.27191 0.663295 -1.73307 1.58333 1.34741 -1.40762 -0.990421 -1.08893 -0.891868 -0.105701 -1.30307 -0.524025 0.972515 0.0849518 -0.232043 0.2584 -0.338388 0.0184497 0.0697721 0.00570896 0.195807 0.0651315 -0.13017 0.148997 -0.0674936 -0.233188 0.103521 -0.488387 0.456338 -0.415189 0.90403 -0.259384 0.434408 -0.467192 -0.603976 0.357875 -0.187629 0.220151 1.36312 
1.35567 0.338592 -1.38108 1.18081 1.91196 -1.53261 -0.825661 -1.0657 -1.04751 -0.00866698 -1.1606 -0.455729 1.64111 0.0258749 -0.130834 0.038342 -0.144294 0.147087 -0.113446 0.272417 -0.370407 -0.40597 0.0214065 0.021737 0.164027 0.435838 -0.0850873 0.264254 -0.448945 0.369896 -0.791159 -0.0599039 0.346472 -0.496205 -0.386285 0.272978 -0.232623 -0.359729 -0.849384 
1.29778 0.53246 -1.69473 1.43904 1.4945 -1.52106 -0.718004 -1.45934 -1.29784 -0.0842945 -1.28134 -0.359999 1.40835 -0.00013551 0.0322111 -0.190546 0.031508 -0.772709 0.00986822 0.352181 -0.300398 -0.321153 0.142808 -0.0836257 -0.427223 -1.08257 -0.0370109 0.276793 -0.289255 0.319939 -0.568441 0.0136516 0.0681741 0.441682 0.341188 0.443498 0.295405 -0.796809 -1.54175 
1.35553 0.370803 -1.57162 1.21232 1.13925 -1.52275 -0.47348 -1.36609 -1.36866 0.134141 -1.24423 -0.882952 0.558535 -0.011136 0.145959 -0.250913 0.175645 -0.421354 -0.0997949 0.340591 0.0712752 -0.0647811 0.464905 0.317142 -0.632782 -1.10591 0.0591764 0.048019 0.350449 0.156808 1.18319 -0.0188528 -0.0793086 0.799982 0.550178 0.679139 1.09065 0.444538 2.03965 
1.28665 0.678419 -1.94565 1.61468 1.07314 -1.62086 -0.377413 -1.38807 -1.36262 0.38061 -0.964195 -0.992781 0.302443 0.0590409 0.0802301 0.159904 0.188316 0.410482 -0.00898462 0.272872 0.499583 0.229025 0.821947 1.00702 0.0173152 0.957078 0.0586535 -0.105881 0.293719 -0.701991 -0.0401502 -0.262566 -0.377183 0.302682 0.251761 -0.212808 -0.401335 0.852598 2.12243 
1.41457 0.451033 -1.41172 1.40063 1.54974 -1.53173 -0.200608 -0.866511 -1.13964 0.956088 -0.237206 -0.865637 1.51561 0.0475174 0.0400779 0.0428057 -0.526347 -0.461505 -0.362361 -0.0365922 0.373957 0.18698 0.252096 -0.0841926 0.219816 1.01652 -0.0521584 0.113322 -0.207868 -0.843825 -1.46267 -0.187237 -0.406506 -0.601947 0.420875 -0.762086 -1.46716 0.00691047 -1.6374 
1.33416 0.718497 -1.90284 1.08834 0.61164 -1.98322 -0.414005 -1.01411 -1.17564 0.632706 -1.04839 -0.772965 1.31896 0.00688258 0.193552 -0.047964 -0.655509 -1.05219 -0.196222 -0.133634 -0.102363 0.6499 0.0598614 -0.460135 0.0242257 -0.680325 0.0769286 -0.17657 0.65284 0.10408 0.444549 0.710769 0.14188 -0.262537 0.920315 0.976506 0.469813 -0.289789 -0.525157 
1.42146 0.644585 -1.45969 0.745126 0.497547 -1.72795 -0.334242 -0.968874 -0.48974 1.01595 -0.697341 -0.841411 0.835288 0.124446 -0.136492 0.695645 -0.422266 -0.0169557 0.348409 0.105287 0.11142 1.10729 1.2286 0.38562 -0.0699731 0.491366 -0.158232 0.125226 -0.495651 0.77391 -0.360105 -0.14939 -0.492474 -0.276423 -0.676821 0.20319 -0.937876 -1.09666 0.191495 
1.45861 0.582006 -1.2072 0.666069 0.594684 -1.63481 -0.308718 -0.902687 -0.0683439 1.86131 -0.662767 -0.842938 1.81033 -0.15135 0.318778 -0.543615 0.118401 -1.41229 -0.345611 -0.626108 -0.378787 -0.0269213 0.263052 -1.39801 -1.07244 -0.48883 -0.273002 0.432531 -1.15044 0.708131 -1.13147 -0.562266 -0.146941 -0.360272 -0.954137 -1.04519 -0.643661 -0.603474 -1.26762 
1.27011 0.963363 -2.0033 0.863527 -0.914747 -2.07356 -0.96035 -1.34766 -0.516661 1.279 -2.09535 -1.91385 0.346458 -0.148556 0.296039 -0.454794 0.285865 -1.14843 -0.213857 -0.0416537 -0.248851 0.153158 0.183411 -0.258041 -0.673447 -0.776258 0.298134 -0.716488 1.42662 -0.448928 2.34818 0.781343 1.47488 0.775702 0.579934 1.22963 3.63546 1.44855 1.00541 
1.31005 0.878045 -1.66199 0.951934 -0.553741 -1.84867 -0.350371 -1.15154 0.0848141 2.04472 -0.920808 -1.51638 1.03407 0.146784 -0.39771 0.883008 -0.330526 0.935884 0.435731 0.84877 0.396915 0.553013 1.49268 2.23745 0.376116 0.51658 0.118588 -0.176734 0.477152 -0.313571 1.16492 0.79405 -0.114612 0.354308 -0.745036 0.0741816 1.6601 0.611861 0.21409 
1.41689 0.565653 -1.12029 0.533001 0.021137 -1.63783 -0.111581 -0.950745 0.0363513 2.77168 0.142096 -1.53773 0.863038 -0.0299689 0.119306 0.0223577 -0.0277063 0.0164959 0.580193 -0.156266 0.105456 -0.591878 0.257593 1.40206 -0.0615866 -0.562168 -0.380779 0.85081 -1.53958 0.571985 -1.17877 -0.317269 -1.36549 -0.964711 -1.27912 -2.55441 -2.45035 -0.650985 -1.83286 
1.28008 0.997351 -1.63963 0.924228 -0.537245 -1.26847 -0.506637 -1.04608 -0.507064 2.30231 0.481252 -1.57797 0.471905 -0.233995 0.4531 -0.656573 0.241459 -0.242886 0.118462 -0.516718 -0.567796 -0.726103 -1.06172 -0.212907 -0.274869 -1.31628 -0.237888 -0.160391 0.62804 -0.107054 1.25857 -0.134006 -0.192449 -0.213884 0.472638 -1.12293 -1.04359 0.435416 -0.249868 
1.1829 1.01875 -1.77687 0.774459 -0.221749 -1.51937 -0.628298 -1.51854 -0.689752 1.70996 -0.0708116 -1.8126 -0.453245 -0.267856 -0.0410855 0.650398 -0.134761 1.27507 0.446187 -0.348715 -0.108428 -0.11924 -0.865338 0.358465 0.373829 -0.812035 -0.118044 -0.334682 1.53441 -0.147362 1.9215 0.606638 0.754697 1.34986 0.944092 0.0742179 1.10124 0.728575 2.21973 
1.01223 0.956265 -0.989234 0.789467 0.737821 -0.822285 -0.855352 -1.15451 -0.626303 1.43698 0.839717 -1.20414 -0.34013 -0.352038 0.118418 0.877837 0.0940967 1.67861 0.7251 0.237979 0.782061 0.217989 -0.987505 0.888336 0.453707 0.903452 0.0464403 0.218201 -0.544519 0.269865 -1.08425 -0.67907 0.611908 0.263717 -0.274865 0.379573 -0.221097 -1.01513 1.54124 
0.830858 1.13717 -0.899028 0.868556 1.45686 -0.79427 -0.390319 -0.73648 -0.471763 0.722455 0.817525 -1.3589 0.450207 -0.221416 0.177115 0.105878 0.135105 0.190815 -0.232883 0.263193 0.15529 -0.394105 -0.485765 0.137369 -0.641297 0.729207 0.411709 -0.0948336 -0.913988 -0.182374 -2.70752 -1.11438 0.390239 -1.28472 -0.83323 2.8773 -0.352075 -0.615941 -0.579831 
0.790812 1.13338 -0.883356 0.924572 0.928636 -1.05517 -0.59216 -0.999221 -1.02041 0.95121 0.977086 -1.84544 0.389077 0.0596707 0.0235841 -0.0361511 -0.0882774 -1.02891 -0.389276 0.628219 -0.502661 -0.615241 1.8898 0.536262 -0.162234 0.323621 0.460296 -0.253118 -0.387032 -0.56923 -1.43405 0.241072 0.390472 -0.566536 0.709834 2.24182 0.190549 1.49455 -2.77613 
0.890528 1.16076 -0.935179 0.780279 0.427952 -1.18355 0.2379 -1.23914 -1.087 2.61225 1.35379 -1.52113 0.773828 0.23888 -0.0760025 -0.281153 -0.434125 -1.24324 0.00818921 0.653664 -0.411247 0.315729 1.75605 0.327918 0.853257 -2.04692 0.151835 -0.284712 -0.148758 -0.562124 -0.559428 0.851876 -0.708607 0.0774192 1.17797 -2.88431 -0.901494 0.95111 -4.22184 
1.02969 1.05738 -1.16451 0.490446 -0.314603 -1.04698 0.0615044 -1.41047 -0.70468 2.70726 1.305 -0.992182 -1.65785 0.211505 -0.261128 -0.184909 -0.650401 -1.58834 0.4626 -0.0803888 -0.425242 0.562733 -0.994512 -0.365232 0.788876 -3.89822 -0.228692 0.168389 0.430177 0.50348 -0.407565 0.996476 -0.223332 0.36193 0.308159 -2.88957 -0.477706 0.375965 0.496762 
1.10203 0.899627 -1.12009 0.129877 -1.16039 -0.720946 0.157511 -1.66438 -0.524271 1.61774 0.988555 -0.732253 -3.1244 0.0101874 0.0923863 0.149024 0.0693544 -1.6508 1.00467 0.430332 -0.0493173 0.623888 -1.13352 -0.149788 1.22922 -1.55016 -0.335577 0.559741 0.41338 0.932008 0.454739 0.107201 0.412838 0.742411 -0.209016 0.0223598 -0.229803 0.225104 4.72071 
1.03988 1.14976 -1.01549 0.559801 -1.96541 -0.0423137 0.491836 -1.45978 -0.0807919 1.57375 1.15522 0.23704 -3.20801 -0.124072 0.298613 0.228471 0.281607 -1.1336 0.569801 0.33245 0.317169 0.353718 -0.972152 -0.595035 1.01398 0.822491 -0.0650366 -0.315058 0.363644 -0.872015 2.01936 -1.55516 -0.423514 0.357794 -0.959773 -0.275595 -0.887524 -1.43543 2.94091 
0.977962 1.19824 -0.891616 0.411484 -2.29399 -0.151145 0.489961 -1.34721 -0.170553 0.645587 0.39352 0.281727 -2.3019 -0.0548492 -0.222672 0.512668 -0.80266 0.368555 -0.550494 0.0068178 0.308477 -0.335886 -1.40911 -1.03731 -0.20621 1.39075 0.014015 -0.384345 -0.013324 -0.965582 1.30115 -1.20166 -0.239459 0.00740242 -1.05543 -0.222485 0.387746 -1.61019 -0.562577 
0.98503 0.927092 -0.502818 -0.242859 -1.59685 -0.592807 0.498654 -1.15131 -0.416678 0.164637 0.117904 0.0308301 -1.81726 -0.110057 -0.0857321 0.215147 -0.683975 0.167551 -0.631854 0.092991 0.324572 -0.701717 -1.19464 -0.207289 -0.596215 0.259914 -0.139127 0.550955 -0.586257 0.607315 -0.349178 0.400125 0.154877 0.286372 -0.172357 0.82509 1.27496 -0.21345 -0.326545 
0.867905 1.11251 -0.676469 -0.272491 -2.12644 -0.782999 0.582952 -1.02264 -0.87227 -0.549051 0.186231 -0.314488 -2.04199 -0.193977 0.328283 -0.0735896 -0.195345 0.0193763 -0.150369 0.161695 0.594849 -0.508243 -0.58402 0.237649 -0.41966 1.06421 -0.0209693 0.20496 0.00638518 0.13861 0.473237 0.618431 0.541862 -0.00969059 -0.0107672 1.76722 0.57306 0.77793 1.87805 
0.791053 1.25538 -0.576407 -0.438204 -1.57748 -0.743176 0.660349 -0.556458 -0.92492 -0.419384 0.355553 -0.38883 -0.753048 -0.131026 0.119228 0.221532 -0.545365 0.640788 -0.013423 0.634853 0.314881 -0.712484 0.572585 0.365771 0.181716 2.13797 0.0748838 -0.169577 0.302005 -0.0872554 0.518746 0.54504 0.281354 -0.375216 -0.282425 0.886343 1.07217 1.11498 0.558378 
0.736879 1.23174 -0.454937 -0.817856 -1.48565 -0.796422 1.2178 -0.70776 -1.58475 0.0235347 0.552002 -0.132772 0.0959785 -0.119093 0.158706 0.228416 -0.2826 0.538123 0.394671 0.443048 0.219633 -0.790668 0.302323 1.30982 0.695321 1.62259 -0.0162503 0.0735941 -0.00148932 0.68173 -0.476512 0.546565 -0.944221 -0.00590069 0.870237 -0.886757 0.477328 0.269758 -1.25674 
0.67196 1.41408 -0.347992 -0.720804 -1.03935 -0.348505 1.1034 -0.336825 -1.71559 -0.117061 1.66537 0.306491 0.869538 -0.147276 0.192822 0.220043 0.136364 0.164276 0.533142 -0.309369 0.308981 0.157753 -0.314171 0.843099 0.451474 0.881233 -0.0167506 -0.0961074 -0.107977 0.197299 -0.972777 -0.549357 -0.398407 -0.344453 0.457064 -0.569573 -1.8939 -0.923208 -2.00939 
0.589603 1.42456 -0.234893 -0.681492 -1.32137 -0.26328 0.908435 -0.398779 -1.427 -0.290637 1.3951 0.318701 0.977211 -0.135843 0.0625982 0.120438 -0.0853008 -0.434655 -0.154685 0.0446408 -0.12482 -0.333604 -0.26725 -0.584078 -0.227886 -0.386804 0.0447785 -0.0680879 -0.094438 -0.261598 -0.22448 -0.577618 0.677493 -0.301022 -0.675798 0.407817 -0.322032 -0.673949 -1.37876 
0.536117 1.47668 -0.227553 -0.806105 -1.47401 -0.50319 1.14804 -0.461645 -2.04919 -0.384311 1.08129 0.078605 0.482734 -0.102498 0.124734 0.125605 -0.125234 -0.0602042 -0.0444764 0.368125 0.00795905 -0.518045 0.0936456 0.521066 -0.222476 -0.497528 0.0626918 -0.0703664 0.345396 -0.216336 0.686651 0.628418 -0.237565 0.421645 0.459561 0.542629 2.1743 0.019704 1.2082 
0.487105 1.54929 -0.109288 -0.806726 -1.38158 -0.307756 1.27656 -0.39082 -1.94505 -0.196991 1.91617 0.0962256 0.479683 -0.0731515 -0.00776823 0.465835 -0.301637 0.251996 0.473733 -0.192924 0.296826 0.125958 0.275379 1.59022 -0.208182 0.821393 0.0653476 -0.179004 0.130906 -0.133171 0.186007 0.0331783 -0.525555 -0.0205802 0.49473 0.117474 -0.388434 0.146141 1.06525 
0.462965 1.46891 0.238281 -1.10774 -1.22201 -0.0294572 0.955113 -0.16482 -1.92323 -0.108932 2.67152 -0.129577 1.30413 -0.0371503 -0.0542705 0.256511 -0.258405 0.125803 -0.011298 -0.15743 -0.0126211 -0.0233151 0.211119 0.132632 -0.0763343 0.567721 0.0278748 -0.0550299 -0.265198 0.109558 -0.371315 -0.732403 0.564067 -0.396932 -0.0499617 -0.308411 -2.00312 1.04261 -1.54334 
0.449954 1.49502 0.147223 -1.06513 -1.25578 -0.319054 1.11913 -0.403441 -1.96836 0.0141282 2.0488 0.0198913 1.0474 -0.0452767 -0.0627981 0.200637 -0.19208 -0.119319 -0.25867 0.371143 -0.100106 0.0759958 -0.033032 -0.412896 0.834432 -0.721947 -0.177182 0.143264 0.34533 -0.633543 0.494661 0.546572 -0.660388 0.0418484 0.80594 -0.502965 -0.620649 1.29862 -1.13924 
0.417689 1.40611 0.438918 -1.29982 -1.34133 -0.288128 1.32626 -0.264926 -1.84724 -0.141964 2.25862 0.704854 0.58218 -0.214332 0.0889933 0.601841 -0.891948 0.620464 0.535274 -0.817818 0.0292273 0.782625 -0.291846 -0.488017 1.22229 -0.571521 -0.294703 0.291443 0.252312 -0.543333 0.714567 1.11209 -1.92025 -0.171959 0.0221415 -1.16954 -1.0689 0.350181 0.139621 
0.235622 1.58401 0.749064 -1.95708 -0.635311 0.216219 0.301312 -0.374214 -1.18574 -0.277717 1.56078 1.24218 0.475882 -0.33998 0.228644 0.452948 -0.735413 0.595248 0.853415 -1.5491 -0.272066 0.0981372 -1.20257 -1.4818 1.18461 -0.582326 0.0523837 -0.10841 -0.591531 0.935078 -0.675121 -0.0529318 0.216642 -0.0883223 -0.949703 -0.894516 0.291231 -0.209517 0.262119 
0.0777092 1.63476 0.891867 -2.03523 -0.746083 0.565287 -0.222846 -0.536992 -1.7491 -1.34454 0.776825 1.88947 -0.000146011 -0.161948 -0.0194164 0.0103106 0.0431294 -0.0546571 0.482342 -0.601175 -0.0590951 -0.167078 -1.18636 -0.196786 1.01277 -0.309402 0.312059 -0.368737 -0.342181 0.934963 -0.227357 -0.576466 1.68471 0.409373 0.820995 1.52609 1.78565 -0.921188 1.32327 
0.0736739 1.5646 0.759374 -1.91395 -0.689968 0.698562 -0.299863 -0.433309 -1.35281 -1.46408 1.364 2.25495 0.16648 -0.0279208 -0.140093 0.110767 0.199551 0.367891 0.276949 0.13561 0.137307 0.919132 0.323515 0.303858 0.263424 0.740945 0.0893752 -0.128045 0.292355 0.162554 0.440915 -0.352754 0.120995 -0.130338 0.676012 1.85447 0.358989 -0.794584 -0.295599 
0.0497884 1.49466 1.00263 -1.83568 -0.378192 0.842236 -0.0872368 -0.399684 -0.829969 -1.02102 1.08068 2.15289 0.740799 -0.0725732 -0.147461 0.302666 0.205684 0.386258 0.129588 -0.48018 -0.189433 0.508935 0.668104 0.162202 0.218186 -0.605002 -0.065242 0.0691882 -0.0876468 -0.0541426 -1.09487 -0.252589 -0.610392 -0.0206542 -0.542854 0.319005 -0.554674 -1.20606 -2.53925 
0.0011007 1.41714 1.06204 -1.70827 -0.30371 0.82815 -0.780043 -0.622741 -0.843879 -0.795975 1.5262 2.47314 -0.438522 -0.0931628 -0.0709046 0.0231203 0.145408 -0.726974 0.0243605 -0.474782 0.116653 0.376278 0.64252 -0.250817 -0.942636 -1.7983 -0.0429355 -0.135897 -0.215832 0.277356 -0.711643 -0.139091 0.683051 0.799561 0.852756 -0.812332 -1.49913 -1.84016 -1.0495 
-0.0433744 1.42376 1.02575 -1.69028 -1.10517 0.866596 -0.562019 -0.283031 -0.453691 -0.3785 0.829866 1.21026 -1.0575 -0.115509 -0.283359 0.0868333 0.48304 -0.325385 -0.00950287 0.202871 0.610129 1.36169 -0.144228 -1.33693 -1.62198 -1.6545 -0.208403 -0.685709 0.389509 0.787497 0.768367 0.0456911 1.05519 0.225354 0.864233 -1.17163 -0.412712 0.564522 1.77723 
-0.114408 1.13378 1.14887 -1.22523 -0.629095 0.818647 -0.577172 -0.0126126 0.517812 -0.940203 0.189272 0.851158 -2.09302 -0.301566 -0.756614 0.412629 0.932905 0.0413923 0.0700515 0.580405 0.342007 1.24051 -0.529106 -0.663529 -0.378114 -0.0210725 -0.515731 -0.966447 0.243167 0.614293 0.733886 -0.142267 0.727311 0.0716653 -1.41654 1.25815 2.33864 1.36485 3.20569 
-0.34494 0.667146 1.43838 -0.75737 -1.06377 0.936648 0.0183861 0.0589757 0.78682 -0.907606 0.166337 0.832142 -1.07857 -0.631239 -1.24981 0.33 1.09733 0.408502 -0.15177 0.930182 0.681794 -0.0548528 1.11392 1.00172 -0.25713 1.55119 -0.297605 -0.587537 -0.854899 -0.557235 1.57276 0.252259 0.249816 0.835081 -1.50502 1.1271 0.0339311 -0.375583 0.396091 
-0.745647 -0.116028 1.47887 -0.127893 -0.220593 0.666877 0.35301 0.669182 0.462959 0.173715 1.19099 0.594028 -0.541833 -0.599171 -1.34415 -0.44227 0.375671 1.61416 0.322311 0.830222 1.17709 -0.264507 0.597996 -0.629598 -0.753697 0.375018 0.403507 0.49454 -1.04312 -1.51012 0.529939 0.596806 -0.898685 0.0861504 1.01866 -1.47631 -1.66764 0.217395 -0.928169 
-0.944112 -0.677005 0.996114 -0.381699 0.550382 1.25896 0.848608 1.23606 0.522313 -0.30961 -0.463261 0.078445 -0.703557 -0.227732 -0.755265 -0.713123 -0.41279 0.938441 0.445035 0.0314975 0.767944 0.963804 -0.362394 -0.665918 -0.0397358 0.623021 0.602086 1.22494 0.431265 0.198574 -0.975141 -0.428284 -1.26435 -1.72087 0.123438 -0.695644 0.976314 0.898452 -0.256822 
-0.973379 -0.871294 0.76575 -0.540682 0.717848 1.11191 0.384507 1.43713 1.42676 -0.188678 0.525072 0.554292 0.0811882 0.00291513 -0.119212 -0.0110044 0.574245 0.639015 -0.105974 -0.434132 -0.543781 -0.141069 -0.0976483 0.346717 0.144755 0.118196 0.170452 0.944716 0.878761 0.730293 -0.929112 -0.498451 0.211267 -1.47836 -1.11116 0.282545 0.226787 0.551351 -0.653597 
-0.941196 -0.796216 0.985109 0.192546 1.1894 1.15298 0.414476 0.692282 0.381244 -0.407259 -0.116544 0.2232 -0.58536 -0.0572802 0.189451 0.165638 0.317503 0.00932869 -0.0534156 0.242764 -0.710411 -0.147355 -0.0798492 -0.439131 0.511615 -0.0305759 -0.0832661 -0.064263 -0.317691 -1.20515 -1.0022 0.065083 0.739612 0.456726 -0.308921 -0.028134 -0.718659 0.496525 0.450764 
-1.03066 -0.681843 0.931388 -0.22318 0.727176 1.0585 0.627271 0.726715 1.27941 -0.268528 0.0859412 1.06591 0.0506123 -0.0803509 -0.183475 -0.328696 -0.630904 -0.363184 -0.0408909 0.305481 -0.0870557 -0.449991 -0.125782 -0.371942 0.64128 0.56896 0.107864 -0.306352 -0.229048 -0.113688 0.422589 -0.283511 -0.0750473 1.05209 -0.696126 0.36453 -0.521326 -1.0307 -0.919068 
-1.02155 -0.979691 0.656413 -0.438359 0.826213 1.11209 0.719957 0.605227 -0.0687468 -0.533041 -0.488486 0.86448 -0.0164004 0.0505838 -0.116901 -0.0634102 0.203815 0.431917 -0.336926 0.167717 0.341678 -0.843482 0.284681 -0.960457 -0.519081 -0.949644 0.068936 0.110731 0.309018 0.537204 -0.194284 -0.51385 -0.748959 0.707535 2.12734 1.23473 1.41973 0.153273 0.377132 
-0.980076 -0.798744 0.867978 -0.0193645 1.15909 0.72157 0.794988 1.06839 0.435926 0.0161531 -0.874516 0.546827 -0.899031 -0.0114149 -0.0727431 -0.0196782 -0.0937002 -0.557468 -0.55474 -0.443478 0.620479 1.67735 1.10895 1.04779 0.794553 0.946092 -0.141 -0.0831373 -0.197958 -1.10427 -1.36369 0.512299 -0.268446 -0.51135 1.71416 -0.0529407 2.38542 0.673371 1.63644 
-1.03296 -1.05243 0.636735 -0.532059 0.268746 0.557353 0.276479 1.22571 1.60861 0.57591 0.559301 1.65903 0.929691 -0.0904166 -0.200038 -0.261368 -0.90046 -0.931771 0.175373 -0.100729 -0.169672 0.870677 0.23174 1.42496 0.15429 0.686799 0.0340463 0.239337 0.134907 -0.271079 0.639771 0.915223 0.463504 -0.934265 -2.81397 -2.49064 -2.19241 -2.56534 -1.51381 
-1.07049 -0.998782 0.60661 -0.919824 0.227323 0.896942 0.694259 0.898722 1.3066 0.247893 0.550444 0.701117 -0.212233 0.0226314 0.166594 0.115229 -0.364779 0.0823035 0.360483 0.0200264 -0.313786 -1.13662 -1.38169 -1.14463 -1.77078 -0.56772 0.139941 0.295994 0.507419 1.27613 0.59856 -0.610845 -0.0996453 -0.0749477 -1.64721 -0.583006 -2.5291 -1.18233 -1.6206 
-1.01033 -0.88584 0.751964 -0.896838 0.351049 0.917836 0.296506 0.91192 0.471987 -0.805778 -0.585325 -0.11175 0.361971 0.0495245 0.0959554 0.246051 0.375669 -0.33321 -0.435473 -0.200374 -0.24462 -0.776529 -0.351266 -1.10414 -1.02804 -0.933801 -0.0811953 -0.414393 -0.218339 0.825238 -0.371428 -0.918497 0.00812388 0.0796649 1.9798 2.86116 1.77322 2.56963 -0.503642 
-1.02097 -0.902826 0.85266 -0.544155 -0.105887 0.46147 0.493885 0.654102 0.530073 -0.103373 -0.553696 -0.326919 -1.14603 -0.0585639 -0.247799 -0.10311 0.460459 -0.289125 -0.558014 0.0281503 -0.234121 0.843182 1.47947 0.628592 0.798851 -1.07136 -0.0536906 -0.282447 -0.541556 -0.624756 0.483203 0.433409 -0.00580967 0.772149 1.52035 0.405207 1.29656 1.65061 2.61392 
-1.06889 -1.13364 0.648854 -0.436379 0.0619243 0.359822 0.324656 0.677799 1.31517 0.673691 0.0432671 0.687101 -0.709392 -0.00416603 -0.186491 -0.295505 -0.249087 0.149993 -0.00206344 -0.206184 0.527529 0.743819 0.0539414 0.192423 0.622574 1.68012 0.117304 0.416746 0.0185633 -0.48099 0.883117 1.3141 0.807925 0.458538 -1.35548 -1.18783 -0.274056 -0.619507 2.68921 
-1.02513 -1.08932 0.557155 -0.793242 0.0441054 0.459406 0.287701 1.18163 1.27389 -0.0494313 -0.361272 0.295655 0.534088 0.0587398 0.168947 -0.0845471 -0.0205312 0.593992 0.756085 0.836075 0.224417 -0.512295 0.291634 0.354535 0.179344 1.61784 -0.00841599 0.156145 0.171257 0.636135 0.206445 0.590625 0.977667 -0.440765 -0.231582 0.767797 0.757064 -0.270078 -2.04886 
-1.01016 -0.964691 0.564307 -0.456911 0.655917 1.11591 1.16073 0.902215 0.802873 0.965326 0.397802 0.866445 0.908451 -0.012582 -0.030346 -0.124249 0.387048 0.356437 0.588562 0.771483 0.0867636 0.512237 0.821738 0.949487 0.352497 -0.368736 -0.122183 -0.321997 0.220012 0.132488 -0.956411 -1.25636 -1.53844 -0.0879655 0.663541 -2.43008 -1.50638 -1.45714 -2.95834 
-1.03772 -1.11966 0.432906 -0.406194 0.400543 1.04797 1.05918 1.26839 1.78613 0.772307 0.588215 0.648152 0.165353 -0.0634429 -0.153049 0.135465 0.111957 -0.362419 -0.500275 -0.702367 0.136451 0.151246 -2.13844 -1.15184 -1.2778 -1.3405 -0.00417162 0.0104192 0.302966 -0.672738 -0.712724 -0.663291 -1.18864 -0.309895 -1.4833 -1.51184 -1.13243 0.136572 -1.00279 
-1.0736 -1.11774 0.699771 -0.344954 0.293498 0.615633 0.458365 1.03867 0.954119 -1.17312 -0.754042 -0.411353 -0.43205 -0.0167536 -0.0199268 0.178718 -0.28569 -0.356286 -0.0747295 -0.41716 -0.223131 -0.971062 -0.690099 -0.18294 0.489069 -1.37153 0.105177 0.145578 -0.21549 -0.214702 0.8131 1.06821 1.10828 0.0952625 -0.567272 2.51295 1.81109 2.53459 2.31661 
-1.05447 -1.13959 0.611624 -0.691884 0.0442565 0.973238 0.642023 1.04526 0.815066 0.0822076 0.405276 1.13722 -1.20617 0.0417341 -0.00747167 -0.0800256 -0.102745 0.450681 0.56794 0.405916 0.231714 -0.416027 0.374505 0.659243 1.25679 0.976104 0.021465 0.215757 -0.00953556 0.414901 0.609423 -0.0844436 0.695091 0.180387 1.0189 -0.501878 -2.04997 -0.812682 2.99552 
-1.03186 -1.12521 0.619746 -0.447699 0.744179 1.18357 0.864281 1.27038 0.538092 -0.79861 -0.0947982 0.845436 0.544053 0.00471139 0.19583 0.169182 0.129211 0.253137 -0.159173 0.277931 -0.0427444 0.047838 -1.19198 -2.23291 -0.323613 1.62399 -0.0809155 0.0390053 0.206355 0.339967 -0.539633 -0.871268 -0.831087 -0.277286 0.935391 0.0251448 -1.52785 -1.55048 -0.491552 
-1.04976 -0.94376 0.780806 -0.562673 0.297393 0.814065 0.919954 1.00252 0.862904 -1.10977 -1.82763 0.813608 0.417814 -0.0391815 0.0315336 0.126329 0.237222 -0.0889513 -0.303327 -0.425171 -0.0455723 0.519364 0.39965 -0.868604 -0.293694 0.484552 -0.0597861 -0.392718 -0.289383 0.0148443 -0.328309 0.197978 -0.549292 0.0953538 0.629274 2.72091 3.70299 -0.138599 -1.91967 
-1.07105 -1.09368 0.746075 -0.210477 0.655228 0.880245 0.43911 1.22481 1.05746 -0.398961 -0.963402 0.551743 1.0286 -0.0550747 -0.196888 -0.120201 0.144055 -0.0751715 0.0388046 -0.271362 0.0526093 0.677112 1.52893 1.47008 -0.462212 -0.295681 0.12106 0.168531 -0.11235 -0.641366 -0.510226 0.237794 0.421281 -0.0246193 -0.581759 -0.530433 1.63261 -0.0260344 -2.60547 
-1.10483 -1.14065 0.660605 -0.418618 0.222222 0.85287 0.648593 1.05513 1.54002 0.419162 -0.357558 0.351396 0.122133 0.0818781 0.200064 0.013979 -0.404144 -0.599177 -0.0655331 -0.00389015 -0.0701916 -0.0623942 -0.130784 0.764011 -0.319728 -2.12091 0.144211 0.346762 0.156728 -0.145997 0.173817 -0.411074 0.415157 0.277496 -0.965753 -0.971023 -1.37427 0.7428 -1.5551 