-0.926033 -0.463143 0.607817 -0.949251 0.302774 0.650848 0.66899 1.4845 0.956015 0.943853 0.3002 -0.241996 1.5363 0.0268649 0.0517445 0.271475 0.262205 0.0937326 -0.00729278 -1.0676 -0.561981 -0.838357 -1.46092 -1.45726 -0.962732 -1.47776 0.0691382 -0.0871703 0.334719 0.889445 1.67878 0.556336 1.53874 -1.20281 -1.4575 -1.50392 -0.669657 -1.20722 -3.76601 
-0.903001 -0.539409 1.03623 -0.434099 0.873478 0.787413 0.0762075 0.800408 0.0547301 -0.108101 -0.146444 -0.662228 -0.363964 0.0961481 0.114819 0.19291 0.129263 0.380711 0.161697 0.700278 -0.729096 -0.829915 -0.729857 -0.789548 -0.596947 -1.96105 -0.118382 -0.355415 -0.728222 -0.874537 0.254536 0.155142 2.32981 0.747662 1.36285 2.46417 1.79897 1.10146 1.76123 
-0.829885 -0.348324 0.800726 -0.819988 0.683486 0.812545 1.36927 0.755406 0.1261 0.213996 -0.489347 -0.838943 -0.424748 -0.0915172 -0.303671 -0.456748 -0.612332 0.348268 0.147849 1.26221 0.185681 0.524488 1.00325 0.341705 0.138729 0.283474 -0.255161 -0.539376 -0.203641 0.00394176 -0.180767 -0.0435605 -0.590905 1.51061 1.16997 1.99445 2.24579 1.4356 3.59063 
-0.994518 -0.84308 0.57948 -1.04643 1.22175 0.935262 1.33842 0.98609 0.579218 0.895149 0.195261 -0.523499 -0.0804902 -0.159013 -0.424557 -0.0107314 0.133205 0.199944 0.118137 0.109373 0.78151 0.340059 1.2646 1.45624 0.838657 1.62959 0.11003 0.477221 0.663089 0.96707 -1.06616 -0.491186 -2.29392 -0.527471 -1.12234 -1.31984 -0.74758 -0.189435 0.997209 
-0.988898 -0.772882 0.789995 -0.686783 0.88343 0.930682 1.47864 1.53692 0.466159 1.47859 0.966895 -0.000286223 1.20484 0.0185124 0.17355 0.206342 0.354737 -0.717888 -0.343336 -1.03171 -0.341789 -0.597855 -0.316589 -0.405875 -0.0507058 1.28068 0.215138 0.590056 -0.160566 -0.00663909 -0.0909865 -0.481282 -1.2234 -1.29134 -0.812988 -2.03371 -1.98443 -1.12318 -2.00909 
-0.976006 -0.669531 0.785822 -0.691694 0.503858 0.591926 0.306712 0.6443 -0.0186365 0.578559 -0.210614 -0.574205 1.20019 0.0561257 0.165499 -0.171297 0.126566 0.108957 -0.363145 -1.11403 -0.509828 -0.472929 -0.769111 -0.528191 -0.284523 -0.379506 0.0622484 -0.332216 -0.175667 -0.429992 0.752584 0.286445 1.44958 0.32657 0.783061 -0.099774 0.754881 0.416105 -1.39309 
-0.932772 -0.607383 0.618698 -0.560217 0.992387 0.567537 0.364611 1.02709 -0.00676965 0.70948 0.438704 -0.284809 0.825333 0.0807608 -0.158666 0.0306751 -0.0752545 0.0346956 -0.0568917 0.417873 -0.0152194 0.185206 -0.416363 0.349006 0.365399 -0.112406 0.00623827 -0.364346 0.0589351 -0.587838 -0.18235 0.358858 1.70964 -0.190069 -0.307955 -0.119652 0.0874565 -0.310423 -0.0174349 
-0.895245 -0.828197 0.816497 -0.766948 0.538553 0.535034 0.724584 0.629081 0.16657 0.162196 0.138392 -0.208805 1.08779 0.0623639 -0.198847 -0.112362 -0.461273 -0.0733923 -0.00428694 0.595609 -0.699897 -0.780883 -0.888763 -0.440734 -0.594946 -0.396941 -0.115366 0.210735 -0.328867 -0.122415 0.333864 0.0997058 -0.42293 -0.0141627 -0.294678 1.09347 0.106441 -0.685353 -0.726704 
-0.870408 -0.806229 0.506336 -1.02149 0.918995 0.56325 0.96022 0.32719 -0.787653 -0.179283 -0.00202986 -0.879755 0.428392 -0.0346056 0.052069 -0.298192 -0.197669 0.36856 0.0428141 -0.00505724 -0.0293821 -0.109472 0.677105 0.455446 -0.319954 -0.83911 -0.152852 0.387115 0.0369305 0.41616 -0.128408 0.085908 -0.416674 1.03709 2.28397 2.32667 0.605581 1.53452 1.23208 
-0.92985 -0.776128 0.518305 -0.964617 0.907113 0.577848 0.719527 0.599699 0.0570981 0.839301 0.593838 -0.528759 0.248677 -0.0904882 0.188268 -0.0754314 -0.045113 -0.2018 0.081621 0.178935 0.337195 1.50308 1.43791 0.164847 0.939575 0.835138 0.0305921 0.321491 0.478548 0.430384 0.0449113 0.0975841 -0.00962996 0.410013 0.276795 -1.11625 -1.65993 -0.975687 0.862035 
-0.960896 -0.617961 0.430904 -1.0666 0.717195 0.644871 1.13915 0.664385 0.715431 1.25863 0.162817 0.0598202 1.26353 -0.00401351 0.37356 0.180356 0.232715 0.413471 0.140398 -0.0146872 0.380631 0.167323 -0.439146 -1.20449 -1.29564 0.0229249 0.246121 -0.799213 0.635849 0.29176 0.209562 0.654862 -0.222608 0.651211 -1.89512 -1.12321 0.468126 -1.45078 -2.27765 
-0.933864 -0.402568 0.698661 -0.731903 1.32058 0.718246 0.70484 0.980329 0.224422 0.400155 -0.610651 -1.8244 0.271601 0.155633 -0.610945 0.560418 0.246647 0.00776199 0.736483 -0.0436731 0.988406 -0.392036 0.314698 0.632973 -0.5112 -1.44251 0.156154 -1.18944 -0.02806 -0.565135 -0.996616 0.245527 -0.0773644 0.226597 -0.0195904 1.4139 2.39754 2.39182 -0.992482 
-0.805264 -1.22891 0.991322 -0.819956 0.724956 1.38135 1.09548 1.65279 0.323395 1.57333 0.795791 -0.45138 -0.178983 0.15214 -0.815878 0.152296 -0.33242 -0.583145 0.385925 -0.0920516 0.607228 0.147733 0.974753 1.19305 1.09618 -0.969557 -0.186245 1.43174 -0.723416 0.0734176 0.503177 -1.21172 -0.22837 -1.51957 0.168016 -1.0531 -1.37469 -0.273201 1.04843 
-0.781724 -1.21845 0.850958 -1.06432 0.737439 1.10417 0.612788 1.58756 0.372155 1.37491 0.582395 -0.728216 -0.697956 -0.030612 0.820798 -0.162998 0.320065 0.510939 -0.475238 -0.272043 -0.531169 -0.22402 -0.738399 -0.741713 -0.784401 -0.394087 -0.239446 1.54661 -0.230187 0.888311 0.819552 -0.768524 0.456125 -0.81988 -0.389535 -1.50646 -1.39176 -1.53273 2.1206 
-0.835876 -0.408108 0.828324 -0.499891 1.2359 0.906117 0.823439 1.12162 0.0993748 0.834926 0.0540778 -1.23578 -0.57307 -0.0873064 0.730735 -0.0778903 0.555891 0.236407 -0.382599 0.364073 -0.212652 -0.241802 -0.531709 -0.198713 -0.436544 1.15104 -0.0243414 -0.827374 0.22574 -0.217468 -0.971577 0.138948 0.547488 0.750557 0.131773 0.457068 1.60557 1.21527 0.87949 
-0.86903 -0.487711 0.773067 -0.508432 0.973845 0.721573 0.976861 1.37491 0.130353 0.843199 0.383682 -1.16476 0.453087 -0.0549534 -0.00657609 0.0627422 0.102596 -0.460637 -0.33629 0.275445 0.219388 -0.0922472 -0.281331 0.863858 0.43087 0.485403 0.046968 -0.972701 0.126824 -0.586998 -0.902051 0.231216 0.27327 0.157985 1.52452 1.71981 1.05034 0.291125 -2.4032 
-0.890829 -0.414684 0.891066 -0.397295 0.775258 0.569827 1.09888 1.34101 0.00712761 0.553595 0.917936 -0.804911 -0.0876668 -0.0403384 -0.241967 0.0489337 -0.0311069 -0.665644 -0.151383 0.637343 -0.0546666 1.28272 1.1881 0.851622 -0.145419 -1.25216 0.0441409 0.0260976 -0.181235 -0.326642 0.777086 0.571323 -0.369142 -0.316997 0.503337 0.0224203 -1.37225 -0.591845 -0.525068 
-0.909369 -0.729678 0.822001 -0.539539 0.308202 0.57019 1.6142 1.32024 1.41307 2.0313 1.2353 -1.31018 -0.799073 -0.0108125 0.0195215 -0.118493 -0.224046 0.316448 0.235033 -0.093697 -0.0976089 0.41109 -0.258911 -0.508391 -0.160974 -0.0396644 0.0298918 0.448966 -0.107738 -0.298593 1.76249 0.503462 -1.39937 -0.838958 -2.68593 -2.30595 -1.61905 0.8943 2.8627 
-0.901642 -0.395163 0.772573 -0.621341 1.09171 0.80486 1.00519 1.2434 0.418218 0.294683 0.409545 -0.965885 -0.127331 -0.0104465 0.206999 -0.0588046 -0.3297 1.09684 0.35208 -0.762024 -0.893624 -1.40321 -1.11785 -0.767433 0.748882 1.61054 -0.0463284 0.0927341 -0.039877 -0.00349509 -0.196673 -0.12757 0.549178 -0.020952 -0.458405 0.68232 0.045663 0.0802534 1.00289 
-0.919815 -0.522678 0.763197 -0.869239 1.40505 0.92227 0.85218 0.426615 0.0098646 0.913456 0.46787 -0.561297 0.81147 -0.0571409 0.112256 -0.15837 -0.227541 0.119775 0.107463 0.455481 -0.118561 -0.0473144 0.423409 -0.462729 -0.0807209 0.963221 1.03526 0.374237 -1.20644 0.796708 -0.215355 -1.26591 -1.22349 -0.124863 1.00189 -0.26034 -1.11093 -1.61205 -1.05863 
-0.958782 -0.282907 0.614204 -0.848883 1.21148 0.912322 1.46067 1.12484 0.370904 0.718093 -0.0531837 -1.04661 0.83589 1.02482 0.581237 -1.26525 0.467008 0.881489 -0.913828 -1.98551 -1.01849 -0.401322 -1.37819 -1.87836 -0.863164 0.551913 1.79887 1.5915 -1.55716 1.53097 -1.4798 -1.59049 -2.96406 -2.32057 0.342746 -0.244623 -0.419225 1.4829 -2.33429 
0.105002 0.0585584 -0.502052 -0.402231 2.28654 0.00844192 -1.13333 -0.591872 -0.391457 -0.464731 -1.41049 -1.42446 1.36338 1.74173 1.70375 -1.71553 1.30343 -1.36002 -1.48303 -2.50858 -2.43914 0.295432 0.178786 -0.881954 1.40218 -1.37107 -0.00588669 0.40978 -0.0944826 0.167846 -3.68658 0.0218376 2.61969 0.319855 1.87839 2.45388 2.69364 2.78384 -2.4128 
0.782943 1.42085 -1.10133 0.454544 -0.14854 -0.570709 -1.04791 -1.31429 0.666335 0.896878 -0.935137 0.355573 -0.535181 1.01893 0.991016 -1.35973 0.634853 -2.80509 -0.89199 0.634182 -0.698632 1.47707 1.07569 0.815283 1.92068 -1.86089 -1.18017 -2.07052 0.866314 -1.61255 0.920104 1.07705 3.40015 2.41444 -0.0116452 -0.492582 0.278224 -1.39108 1.51093 
1.12393 1.04957 -1.86178 0.232622 -0.518557 -0.883548 -0.499151 -1.2905 1.08561 0.610963 -0.595205 0.496216 -0.497505 0.561552 -0.366767 -0.84922 -0.309124 -0.439918 -0.405978 0.891566 -0.0246914 0.283786 -0.313797 -0.60373 0.0111036 0.139857 -0.697943 -1.29482 1.67986 -1.11755 2.74959 0.589015 -0.299286 0.736323 -2.11012 -1.50566 -2.04375 -2.40431 2.27574 
1.3445 1.05408 -1.95055 0.14542 -0.588458 -0.976688 -0.156348 -1.33899 0.950122 0.583081 -1.53887 0.366677 -0.395324 0.320987 -0.303801 0.320132 -0.482701 -0.0555008 -0.302975 0.334896 0.0376909 -0.633046 -0.429964 -1.22846 -0.483628 0.414855 -0.460145 0.201497 1.26375 0.258629 0.439849 -0.0708582 -1.10552 0.589602 -1.32671 -0.0574243 0.404238 -0.674905 0.199059 
1.44492 0.745774 -1.54165 -0.250079 -0.574058 -1.18652 -0.164255 -1.25281 0.452567 0.180999 -1.82367 0.0125885 -0.0826507 0.101408 -0.165269 0.414528 -0.0504954 -6.9251e-005 -0.476836 -0.213957 0.564911 -1.04292 -0.371221 -0.199492 -0.663801 0.338916 -0.293339 0.487474 -0.345503 0.55251 0.264649 0.364406 -0.526468 0.14962 0.0541344 0.569167 1.85174 0.239268 0.100063 
1.4459 0.888811 -1.53602 0.0949242 -0.588527 -1.45352 -0.370305 -0.774076 -0.0928008 0.21186 -1.73836 -0.297124 -0.0564078 0.0276489 0.183673 -0.0253705 0.0698087 0.209148 0.0614317 -0.191572 0.187311 -0.578912 0.139204 0.623281 -0.24436 0.514918 -0.0864577 0.0196158 -0.759221 -0.878677 -0.270533 0.77831 -0.160864 -1.40483 0.900634 0.186393 -0.129509 0.540942 -0.00333616 
1.47257 0.929446 -1.56702 -0.18027 -0.36491 -1.12509 -0.355827 -1.0655 -0.126344 0.320203 -1.20039 -0.231771 0.432267 0.0149498 -0.145654 -0.344693 -0.929172 -0.270603 0.301474 -0.374822 -0.839917 -0.142288 -0.184828 -0.329001 -0.122859 0.33558 -0.00770006 -0.324618 -0.352553 -0.655749 -0.804906 0.132926 -0.414985 -0.0488035 0.17051 -0.0471164 -1.32318 -0.265095 0.724242 
1.46085 0.743157 -1.88072 -0.834248 -0.85913 -1.15205 -0.745127 -1.61399 -0.235089 0.0270321 -2.06736 -0.419983 0.279172 0.0199488 -0.140945 -0.377924 -0.58594 -0.595758 0.194358 -0.606557 0.138508 -0.408402 0.0920872 -0.6999 -0.509455 1.23916 0.0607486 0.0540601 0.377946 0.866838 0.72902 -0.10526 0.347683 1.57696 0.0928413 0.394523 1.03858 -0.039095 0.88813 
1.49252 0.788502 -1.94495 -0.766211 -0.960667 -0.930733 -0.962384 -0.926995 -0.534746 0.41229 -1.90029 -0.741226 1.67143 0.0756985 -0.0915935 0.0332536 -0.0623339 0.458417 0.196214 -0.0271383 0.737041 -0.0494467 0.209695 0.709581 -0.161954 1.22371 0.0200577 0.28787 0.44962 0.809231 1.46672 -0.169471 1.11751 -0.0459399 1.03634 0.0656764 1.41089 1.81307 -2.11312 
1.53655 0.651564 -1.84746 -0.896582 -0.400713 -0.955836 -0.772265 -0.876952 -0.284535 0.236727 -1.35778 -0.581936 1.50288 0.0400066 0.146925 0.0716957 0.223291 0.870964 0.0248872 0.510951 0.0925678 0.627937 0.157764 0.710991 1.30361 -0.873963 -0.0844697 0.29958 0.0390412 0.473682 0.039106 -0.273594 0.240798 -0.803467 0.250762 0.123019 -0.284523 1.60704 -2.22159 
1.53252 0.935427 -1.87325 -0.54292 -0.0897037 -0.905846 -0.451432 -0.834427 0.093191 0.570054 -1.18929 0.562387 0.797464 -0.00877127 0.207987 0.0722949 0.411348 0.497523 -0.0773797 0.21366 -0.0664265 0.201315 0.332714 0.425057 1.44508 -0.997881 -0.0439375 -0.181304 0.170899 0.147697 -0.685118 -0.0887366 -0.644049 -0.113694 -1.02224 0.020997 -0.173456 -0.924268 0.722666 
1.52778 0.859551 -1.77517 -0.485234 0.0968098 -1.03322 -0.558605 -0.943378 -0.0832206 0.569441 -0.932722 0.863146 0.505002 -0.00393092 -0.0343793 0.242595 0.370988 0.185845 -0.0638495 -0.133098 -0.021126 -0.394305 0.178761 0.537535 0.379345 -0.151298 -0.0130289 -0.24478 0.250962 0.062454 -0.740241 0.0679785 -0.162012 -0.249965 -0.648653 -0.322801 -0.0945789 -1.10909 0.636764 
1.52859 0.901047 -1.63066 -0.171932 0.0961416 -0.969696 -0.584531 -0.855553 -0.301114 0.748814 -0.65176 0.941732 0.646166 -0.0218002 -0.0367935 0.323256 0.473802 -0.242718 -0.00940119 0.0516476 -0.316391 -0.447338 0.00991276 0.330478 0.335995 -0.361117 -0.0502993 -0.172615 0.148326 0.22168 -0.260882 -0.109537 0.0922456 -0.390165 -0.0991822 -0.545998 -0.436431 0.85361 -1.13452 
1.50598 0.822757 -1.45191 -0.0114321 -0.145908 -1.04262 -0.506957 -1.25977 -0.530558 0.579354 -0.602244 1.19914 0.143885 -0.0542302 -0.206995 0.390921 0.592668 -0.0750367 -0.173386 -0.0408526 -0.411291 -0.493487 -0.367237 0.101103 1.23295 -1.28582 -0.0727691 -0.16546 -0.112715 0.388854 0.236282 -0.354278 -0.54597 0.578956 -0.347306 -0.510364 -0.595911 0.431638 -0.143648 
1.47436 0.694053 -1.23973 0.420736 0.0211049 -1.14308 -0.625383 -1.26684 -0.794601 0.381577 -0.550657 2.17469 -0.639656 -0.0945693 -0.202254 0.210542 0.862656 -0.00643573 -0.363679 -0.494323 0.262565 -0.794644 -0.500451 -0.265433 0.767634 -0.504765 -0.0459147 -0.301069 -0.706486 -0.776888 -0.834086 -0.538347 -0.963549 0.0454719 -1.12451 -1.23778 -1.38842 -2.33557 0.0853622 
1.41141 0.620503 -1.24137 0.851224 -0.152344 -1.4063 -1.00128 -0.997205 -1.3252 0.0789033 -0.867676 1.96677 -0.36088 -0.100145 -0.508064 -0.315565 -0.18422 -0.909123 -0.711733 -1.0044 -0.365819 -1.618 -1.60501 -1.28731 -1.10262 -1.20046 0.0578038 0.167745 -0.285081 -0.613248 -0.00195286 0.408585 0.880287 -0.509638 0.5836 -0.573619 -0.10015 -0.168022 -0.402974 
1.37422 0.185989 -1.5553 0.236516 -0.888018 -1.85482 -1.62978 -1.63266 -2.4126 -1.22344 -1.83797 1.07207 -1.84012 -0.0367655 -0.0345091 -0.074539 0.249408 -0.00838859 0.0449055 0.385965 -0.247073 -0.211044 -1.07407 -0.365583 0.599611 -0.907739 0.0675235 0.872268 0.659389 1.21865 1.77768 1.18824 1.9629 0.656524 1.88816 1.45124 1.72203 1.69795 1.56095 
1.37464 0.585994 -1.31591 1.10063 -0.160732 -1.36139 -0.615315 -1.24428 -1.53625 -0.995167 -1.23326 2.56639 -1.26862 -0.0326214 0.364204 0.343824 1.03443 0.868559 0.476504 0.958499 0.290705 0.270164 -0.153769 0.434714 0.595331 0.360488 -0.0351086 0.0282747 0.350834 0.242125 0.2593 0.151612 -0.267213 -0.0357772 -0.149668 1.39197 0.851586 -1.66073 0.511172 
1.3416 0.550193 -1.21147 1.27095 -0.0194592 -1.37831 -0.671286 -1.34196 -2.14243 -1.37721 -1.40325 1.6674 -1.47963 -0.0718741 -0.0062344 0.276295 0.491533 0.250912 0.196517 0.118752 -0.282851 -0.360712 0.317901 0.486003 -1.06112 -0.396567 -0.0381608 -0.289791 -0.223395 -0.637985 -0.901938 -0.274913 -0.373897 -0.540376 0.0539985 0.476723 0.0695888 -0.519237 -1.30459 
1.30277 0.57976 -1.03961 1.59216 0.0901793 -1.16487 -0.496564 -1.52713 -1.89696 -0.677266 -0.747257 1.50526 -1.66519 -0.0707822 0.0744134 0.120428 0.396445 -0.033379 0.201592 0.584603 -0.249671 0.324163 0.322954 0.504303 0.0760942 -0.944107 0.0150619 0.284065 0.0161061 -0.581844 -0.683067 -0.35955 0.250501 0.627122 0.733295 -0.530795 -0.0161829 0.808077 -0.0297546 
1.27081 0.624607 -1.09105 1.66739 -0.0528382 -1.17672 -0.0866831 -1.59163 -1.81827 -1.05425 -0.898951 1.7435 -2.42373 -0.0568122 0.27783 0.292401 -0.0903116 -0.432155 -0.163032 0.369252 0.344272 0.372583 -0.212894 0.46982 -0.253047 -0.426322 -0.011153 0.178917 0.271618 -0.366788 -0.951434 -0.720973 -0.993941 0.726648 0.416881 -0.243897 -0.0395911 -0.751182 0.776001 
1.24596 0.85759 -0.747212 1.50185 -0.341976 -1.32791 -0.127311 -1.18286 -1.52437 -0.890161 -0.277436 1.25222 -2.09151 -0.0819352 0.25333 0.392046 0.0296573 -0.984813 -0.519381 -0.409338 0.476977 0.741044 0.0790567 0.464712 -0.675088 -0.168105 -0.0994947 0.0246327 -0.176327 0.221942 -0.493889 -0.168569 -0.920953 -0.0539365 0.24837 0.457644 -1.14565 0.0853974 0.172579 
1.18888 0.877937 -0.699 1.69705 -1.03765 -1.6961 -0.496021 -1.11465 -1.07723 -0.975194 -0.434239 1.06841 -2.59184 -0.156307 0.302463 0.116074 0.13163 -0.926044 -0.331601 -0.551701 0.290335 0.620953 0.244749 -0.675827 -0.167649 -0.253743 -0.0692893 0.0110193 0.021222 -0.189722 1.04553 0.784289 0.949066 -0.468379 -0.396819 0.538294 -0.42881 0.695125 0.686489 
1.08965 1.16005 -0.631138 1.63348 -1.26802 -1.65951 -0.679012 -0.892522 -0.903422 -0.645412 -0.953263 1.08457 -2.34525 -0.151224 0.26435 0.413268 -0.160065 0.0607185 0.264908 0.539728 0.00859839 0.344225 0.617351 0.0359016 0.0200372 0.518383 -0.0172802 -0.23311 0.399753 -0.201855 1.89462 0.863212 1.07968 -0.632193 -1.1988 -0.370356 1.75152 -0.0700442 0.701977 
1.03765 1.14229 -0.285732 1.53698 -0.976933 -1.43119 0.0437069 -1.10605 -0.733002 -0.357843 -0.398337 1.08845 -2.07346 -0.173587 0.0693534 0.515827 -0.0702245 0.968576 0.531611 0.527976 -0.341858 -0.577846 -0.125607 1.07569 -0.237693 0.448234 -0.11384 0.0233996 -0.393278 0.79986 0.18596 0.20701 -0.670568 -0.448946 -1.07165 -1.6113 1.26848 -0.604702 0.918809 
0.916064 1.22941 -0.11531 1.56326 -0.299444 -1.1279 -0.151036 -1.23438 -1.48127 -0.771018 0.122426 0.846873 -1.89702 -0.265064 0.287749 0.0199906 0.639795 0.246679 0.471918 -0.13084 -0.440347 -0.727427 -0.993951 1.30438 -0.584665 1.43719 -0.111891 0.283697 -0.238547 0.837974 -1.79632 -0.195805 -0.648622 0.36732 1.12818 -0.137334 -0.732164 -0.470022 0.242537 
0.77259 1.43004 -0.265741 2.17678 -0.730254 -0.959274 -0.0871329 -1.5464 -1.46043 -1.35179 0.906045 0.503782 -0.636265 -0.285478 0.35305 0.277281 0.76775 -0.827748 0.335806 -0.120646 0.0254612 0.550337 -0.26294 0.343525 -0.707716 0.690771 0.0125189 0.167435 0.634013 -0.168648 -0.69263 -0.379567 -0.027596 1.21775 1.74683 1.37887 -2.13641 0.0914969 -1.29352 
0.630586 1.58246 0.16197 2.33101 -1.12719 -0.792091 -0.271682 -1.20892 -0.930931 -1.03396 0.465951 0.139157 -1.20624 -0.252545 0.455184 0.654004 0.471147 -0.445951 0.0923516 -0.158436 0.777403 1.0194 0.384916 -0.832027 -0.493168 0.14367 0.0280685 -0.220288 0.065858 -0.427588 0.852294 -0.898202 -0.854579 0.34836 0.262334 -0.0698623 -1.53917 -0.583692 0.310155 
0.520045 1.88522 0.388263 2.64792 -1.1762 -0.866923 -0.245569 -0.768999 -0.44103 -0.966878 0.0740177 0.0106142 -0.492595 -0.25741 0.132762 0.343139 0.340162 0.024546 -0.562396 -0.975225 0.373821 0.81267 -0.332803 -1.19565 -1.29141 1.00093 -0.0244591 -0.525552 -0.308939 -1.03108 1.01793 -0.190562 0.353056 -0.188411 -1.26019 -0.521753 1.07723 -0.142464 0.604348 
0.373176 1.71522 0.505109 2.67117 -1.10265 -1.35449 -1.24691 -0.835099 -0.11826 -1.36676 -0.729698 -1.15225 -0.205319 -0.277004 -0.0703671 0.345065 -0.559931 0.571981 -0.0982102 0.194621 0.588991 -0.240789 -0.136838 0.245203 -0.635631 0.748018 -0.125112 -0.403686 -0.0393188 -2.28345 -0.198107 1.1269 2.11584 0.392844 -1.56683 1.08826 3.15613 2.38918 -0.175582 
0.243041 1.81485 0.733328 2.08799 -0.604224 -0.965133 -0.0509481 -0.180007 -0.681819 -1.10372 0.31922 -0.625017 0.255423 -0.382522 -0.270924 0.30382 -1.94329 -0.173561 0.564506 1.14062 0.766665 -0.754164 0.755459 1.96048 1.09777 0.825344 -0.286822 0.11455 0.130331 -2.07681 -0.74996 0.889829 -0.172738 -0.619969 0.280103 2.73254 0.875738 0.839888 -0.424946 
-0.00934546 1.4443 0.808929 0.727884 -1.27621 -0.789981 -0.106288 -0.0684334 -0.872424 -0.611302 1.23078 -0.0544756 0.620025 -0.563826 0.0441825 0.475396 -2.63674 -0.177979 0.791618 0.0218827 -0.0309774 0.0393142 2.5957 1.12094 0.204256 0.323072 -0.23211 -0.389015 0.342148 1.26 1.60304 0.324294 -0.566654 -0.241456 1.24075 -0.506751 -2.62512 -2.17311 -0.818384 
-0.320785 1.85904 1.20872 -0.54875 -0.782202 -0.173514 -0.0290654 -0.210984 -0.642505 1.49199 1.44016 -0.420761 0.578495 -0.614632 -0.659939 0.645968 -0.68329 1.42948 0.8888 0.573964 0.525209 0.486582 0.248708 -0.66464 -1.07534 0.00695968 0.0155076 -2.08568 -0.634807 2.80077 1.42238 -0.0480176 1.15659 1.17368 0.811116 -3.04143 -1.81331 -0.685957 -0.199132 
-0.623977 0.784356 1.4549 0.0445944 0.153272 0.0988186 0.467677 0.456776 -0.385842 -0.362594 0.566141 -1.12982 0.626984 -0.548319 -2.0415 -0.15941 0.164029 1.2444 0.743601 1.17847 1.14271 0.85043 -0.445733 -0.692369 -0.4817 0.12394 0.278826 -0.347521 -1.03899 0.159982 -0.447913 -0.268023 0.0740461 -0.55196 0.266309 1.1371 1.147 1.66467 0.744954 
-0.869103 -0.182465 1.04931 -0.384721 0.462196 0.570086 1.14941 0.931721 0.207925 1.04625 0.747792 -0.902462 0.702435 -0.335806 -1.00746 -0.39302 -0.523308 0.981566 0.620777 0.648011 -0.0267507 0.752892 1.38581 0.482357 0.589333 0.751914 0.506878 1.60311 -0.210082 -0.457971 -0.0955744 -0.237851 -0.736248 -0.933769 -1.03572 -0.500376 0.4016 0.429282 -0.0231587 
-0.959783 -0.223103 1.06188 -0.478714 1.13484 0.719596 1.11569 0.430025 0.36705 1.02322 1.0485 -0.540482 1.3789 -0.0414409 -0.438388 -0.369492 -0.293942 1.14882 0.50575 0.442227 0.208937 -0.185289 -0.946109 -0.290769 -0.0524188 0.100781 0.433138 1.1148 0.246762 0.323035 -1.23007 -0.731739 -0.942941 0.490809 -1.81137 -1.96966 -1.46186 -0.785981 -1.68723 
-0.910544 -0.620853 0.679822 -0.678662 1.61102 1.07584 1.59164 1.14066 0.0226357 0.100143 0.457023 -0.95488 0.803216 0.0973325 0.107338 -0.146258 -0.200273 -0.248501 -0.110962 -0.29493 0.464058 -1.05848 -0.583854 -0.979507 -0.196648 -0.935311 0.0597774 0.650786 0.220631 0.0640903 -2.21293 -1.03316 -1.68877 -0.743462 1.18814 2.23939 1.02916 1.37048 -0.486798 
-0.862451 -0.115766 0.915618 -0.678987 0.886337 0.608634 0.820757 0.894083 -0.69143 0.439362 0.0689906 -0.73713 0.443587 0.0183365 0.212398 -0.148862 -0.229851 -1.0641 -0.527406 -1.24654 -0.534525 1.00285 1.29328 0.738386 1.31806 -0.386017 -0.210331 -0.759765 -0.079778 -0.00841805 0.23932 -0.0314778 0.17127 -0.627946 1.0789 -0.594988 0.134381 -0.0318574 1.32763 
-0.892208 -0.408455 0.53096 -0.908514 0.546915 0.548431 0.345094 0.606133 1.02549 1.39342 1.19541 0.363183 0.417199 -0.112998 -0.652427 -0.226036 -0.208691 -0.00918118 -0.14244 -0.12366 -0.163887 0.0204164 -1.17884 -0.845126 -0.228505 0.392317 0.0250765 -0.311898 0.414457 0.582958 0.763114 0.709041 1.44976 0.462853 -2.10811 -3.1889 -1.70247 -2.73935 0.773813 
-0.975449 -0.768193 0.689581 -0.887678 0.877156 0.466194 0.697097 0.730196 -0.671013 -0.73948 -0.776136 -0.965635 0.835903 0.043413 -0.0995 0.265595 0.353107 -0.300991 0.181635 0.203223 -0.0716725 -1.10525 -1.89562 -0.964087 -1.42129 0.387797 0.74453 0.855289 -0.630751 0.555402 -2.38523 0.44133 -1.79983 -0.671721 0.479114 0.917679 4.3761 1.08353 0.426376 
-0.848795 -0.507955 0.796555 -0.555407 0.245924 0.730066 0.548318 0.534461 -0.079763 -0.502198 0.231323 -1.05811 0.804996 0.631532 0.202861 -0.856787 0.34671 -2.39441 0.29889 -1.92349 -0.835608 0.49953 -0.261163 3.53097 0.855024 0.818692 0.651998 -0.140685 -1.07888 0.0974828 -1.7829 0.136929 -3.095 -0.57092 2.95434 1.27183 2.63858 3.64336 -0.969175 
-0.343918 -0.565331 -0.167206 -0.540968 -1.51725 0.765084 -1.2264 -0.105413 -0.171483 -1.00064 2.75484 -0.110611 1.6546 0.695411 -0.240185 -0.813282 0.450589 -2.08389 0.318565 -2.89177 -0.642592 1.84909 -0.623791 1.6745 2.22207 -0.581378 -0.29144 -0.768731 1.67428 0.149658 0.994457 0.20168 0.316022 1.14892 2.11563 -0.200778 -4.04962 0.0801392 -2.70389 
-0.153384 -0.748141 -0.0167261 -0.104818 -1.83797 1.04863 -2.34346 -0.108131 1.76932 -1.12599 1.90582 1.16397 0.223618 0.340092 -0.565869 0.817493 0.496369 -1.39995 0.50057 -1.60747 0.313311 2.61516 -0.461941 -0.518645 0.935163 -1.8852 -0.702968 -1.6484 0.725154 0.203321 2.0718 0.505657 3.17757 1.72921 -1.98439 -2.05989 -3.64601 -2.16772 0.233765 
-0.00382553 -1.1312 0.650287 -0.0445996 -2.91721 1.26565 -2.83386 0.207899 2.44368 -1.46258 2.23619 0.824552 -0.230599 -0.00755686 -1.88859 -0.0881274 0.653911 -0.0120871 0.824222 0.285801 1.08662 -0.135306 -2.68369 -1.97152 0.0543571 -0.347613 -0.555871 -0.939926 -1.26462 0.392882 2.36704 0.0346117 2.86706 0.360129 -2.84108 0.159439 -0.468442 -0.0773907 1.74052 
-0.160941 -2.63673 -0.104854 0.549093 -1.85005 1.87285 -2.05765 0.978489 1.63402 -3.80967 -0.0656975 1.21832 -0.123995 -0.215779 -1.50579 -0.447128 0.88925 0.967087 0.535182 1.25959 0.673441 -0.225912 -0.302502 -0.987086 0.857773 -0.14467 -0.0822873 2.38549 0.308966 -0.244005 0.162729 -1.22028 0.0369536 -1.67942 0.440476 4.63279 2.92262 -0.144278 1.53671 
-0.219605 -2.637 0.20316 0.844651 -1.95012 1.80084 -1.57428 0.881339 2.21777 -1.76509 1.24911 1.68232 -0.37527 -0.0898441 0.496899 0.220839 0.409906 0.150642 -0.396056 0.322754 -0.592804 0.305169 1.94911 0.951102 -0.0899211 1.1891 0.055892 2.57991 0.847486 -1.01584 -0.784781 -0.941074 -1.42222 -1.22037 0.487169 0.905179 1.09013 -1.93198 1.69575 
-0.250785 -2.13983 0.115985 0.958999 -1.69941 1.4768 -1.7349 0.385685 1.93919 -1.86057 0.885405 1.1284 1.0651 -0.159887 1.07411 0.400359 -0.126589 0.182306 -0.405892 -0.162635 -0.546925 0.261257 0.602677 0.103048 -1.07421 1.55108 -0.157956 0.915339 0.414228 -1.22146 0.629905 -0.360481 0.089995 0.427026 -0.124896 -1.24087 -0.461484 0.318301 -1.93231 
-0.379492 -1.56288 0.603518 0.718062 -1.76782 1.39494 -1.73691 0.334415 2.47903 -1.16241 1.35215 0.608113 1.17581 -0.247801 1.41224 0.635067 -0.811555 0.780547 -0.756537 0.412749 -0.165778 0.180273 0.708237 0.489619 0.22838 -0.743211 -0.327264 -0.277308 -0.54303 -1.62506 1.23105 -0.560295 1.6669 0.548904 -2.21856 0.304955 -0.842585 0.972413 -3.11816 
-0.498585 -0.72759 0.751052 0.147445 -0.918866 0.720259 -1.32215 0.219907 2.11946 -1.15233 1.37502 1.35678 0.32189 -0.487151 0.796803 -0.142671 -1.75165 1.41335 -0.966188 1.50427 0.00197947 -1.9573 0.907632 -0.739538 -0.101799 -1.56709 -0.139517 -1.4788 -0.94262 0.0948577 0.64935 0.407445 1.18422 0.21975 -1.78732 0.177819 -1.83568 -1.84976 0.0390558 
-0.866643 -0.766081 0.460847 -1.03359 -0.354463 0.428756 -0.232645 0.336394 0.52172 -0.254776 0.612616 0.506315 -0.391282 -0.387318 -0.0665626 -0.307554 -0.716697 1.4299 -0.349092 1.59697 0.0539714 -1.60705 0.886056 -1.34606 -1.62138 -0.704156 0.411833 -0.64413 0.427423 2.06772 -1.00129 0.89098 -0.944923 -0.0380363 1.55185 -1.00436 0.0672913 -1.56562 1.80162 
-0.885903 -0.794153 0.443498 -0.569252 0.511031 0.371167 0.274814 0.273878 0.512407 -0.266274 0.0289591 -0.264601 -0.382266 -0.0753184 0.152673 0.284752 0.316063 0.412059 -0.0752079 0.559346 -0.0360568 -0.405456 -0.0967267 -0.672246 -1.66742 0.234534 0.288512 0.250587 0.714884 0.764978 -1.1856 0.372951 -1.63235 -0.167815 0.76844 0.299382 2.02247 1.5621 1.00962 
-0.941961 -0.613408 0.745599 -0.717526 0.0575955 0.353549 0.326701 0.300337 0.116264 -0.351503 -0.05963 -1.1611 -0.156748 -0.0988052 0.184025 0.40733 0.0482814 0.244295 0.0238588 -0.0353835 -0.113844 -0.838611 1.18544 0.676404 -0.0592807 0.305466 0.0532967 0.136097 -0.167778 -0.370551 -0.0696353 0.0859685 0.495197 0.508282 0.212469 1.04656 0.128643 0.615262 -0.489021 
-0.984708 -0.610128 0.850828 -0.520971 0.755326 0.395026 0.23943 0.160034 -0.326204 0.919163 0.705363 -0.323882 -0.0767996 -0.0220216 0.28877 0.116974 -0.054488 0.342423 0.0107606 1.05454 0.472225 -0.192987 0.949832 -0.543603 -1.05216 -0.254487 0.0342776 -0.34354 -0.749132 -0.672055 0.108638 0.264384 0.740227 0.480944 1.41769 -1.69507 -1.44212 -0.316779 -0.224862 